2
3 1 1 1 2
韩国在野党和一些媒体连日来猛烈攻击外长康京和向中国表达的“三不”立场，也就是不追加“萨德”部署，不加入美国的反导体系，不搞韩美日军事同盟。
3 2 1 2 2
韩国官方则反复表示“三不”不是“承诺”，而只是“立场表述”，而且韩方的立场中不包括“一限”，也就是为不损害中国战略安全利益而限制对“萨德”系统的使用。
1
3 21 9 1 1
如果韩方因为国内政治原因就是接受不了“承诺”“一限”等字眼，那么请他们找几个其他意思明确的字眼，把他们“决不损害中国战略安全利益”的决心和重要保证措施表达清楚。
1
4 6 4 1 1
在中韩两国10月31日共同发布的新闻稿中明确写道：韩方认识到中方在“萨德”问题上的立场和关切，明确表示在韩国部署的“萨德”系统按照其本来的部署目的，不针对第三国，即不损害中方战略安全利益。
2
18 3 2 1 10
王毅表示，部署“萨德”损害中国战略安全利益，不是邻国相处之道，也不是战略伙伴应有之义。
18 4 2 2 10
希望韩国为消除中韩关系发展的“拦路虎”和“绊脚石”作出努力。
3
18 6 2 4 10
第二次是9月20日，中国外交部长王毅在纽约出席联合国大会期间，会见了韩国外长康京和。
18 7 2 5 10
王毅：坚决反对在韩部署“萨德”王毅表示，中方理解韩方维护国家安全的需要，但我们坚决反对在韩部署“萨德”系统，因为此举超出韩国自身防卫，直接损害中方的战略安全利益。
18 8 2 6 10
中方敦促韩方正视中方的正当关切，尽快妥善处理这一问题，切实搬开阻碍两国关系发展的绊脚石。
2
18 13 3 1 5
韩方认识到中方在“萨德”问题上的立场和关切，明确表示在韩国部署的“萨德”系统按照其本来的部署目的，不针对第三国，即不损害中方战略安全利益。
18 14 3 2 5
中方从维护国家安全的立场出发，重申反对在韩国部署“萨德”系统。
2
25 14 6 1 2
与此同时，中韩双方商定通过两军渠道就“萨德”有关问题进行沟通，确保目前在韩部署的“萨德”系统不损害中方战略安全利益。
25 15 6 2 2
在此共识的基础上，双方共同努力，推动双边关系早日回到正常发展轨道。
3
25 16 7 1 3
可以说，在韩中、韩俄“防御性现实主义国家”之间，韩国在“萨德”问题上主要考虑自身的防御问题，主观上不想损害中国和俄罗斯的战略安全利益，但客观上对地区战略平衡造成威胁。
25 17 7 2 3
要解决地区的安全困境问题，需要美韩确保“萨德”仅用于应对朝鲜核导问题，从技术上予以严格限制其雷达的检测范围，确保其不编入全球导弹防御系统。
25 18 7 3 3
这需要中韩两国军方通过技术手段确保实现双方的共识，妥善处理技术问题，防止“萨德”给中韩关系发展留下后患。
3
37 14 5 1 4
相互尊重可有效避免误判。
37 15 5 2 4
韩国前任政府错误评估中方反应，不顾中方反对执意推动“萨德”部署，损害了中方的战略安全利益，引发一系列负面后果。
37 16 5 3 4
针对“萨德”，中方立场一贯明确，多次重申反对在韩部署“萨德”系统，避免传递错误信息。
2
37 21 6 4 5
韩国意识到，“萨德”部署不但没有解决半岛问题，反而搅动地区安全局势，破坏韩发展环境，因此必须在政策上做出调整。
37 22 6 5 5
韩方公开表示，不加入美国反导体系，不将韩美日安全合作发展成三方军事同盟，不追加部署“萨德”系统，目前在韩部署的“萨德”系统不损害中方战略安全利益。
2
40 5 3 1 4
双方还称，韩方认识到中方在“萨德”问题上的立场和关切，明确表示在韩国部署的“萨德”系统按照其本来的部署目的，不针对第三国，即不损害中方战略安全利益。
40 6 3 2 4
中方从维护国家安全的立场出发，重申反对在韩国部署“萨德”系统。
3
43 2 1 2 5
日前，两国就朝鲜半岛问题进行了外交部门间沟通。
43 3 1 3 5
韩方认识到中方在“萨德”问题上的立场和关切，明确表示在韩国部署的“萨德”系统按照其本来的部署目的，不损害中方战略安全利益。
43 4 1 4 5
中方重申了反对在韩国部署“萨德”系统的立场。
2
43 20 5 5 6
韩方再次表明：韩国不加入美国反导体系的现有立场没有变化；韩美日安全合作不会发展成为三方军事同盟；韩国政府未考虑追加部署“萨德”系统。
43 21 5 6 6
韩方在避免使“萨德”问题损害中方战略安全利益方面也表明了明确立场，对中方关切给予了积极回应。
3
43 31 7 1 4
历史和现实的多重因素相互交缠，又事关地缘政治和地区安全格局，导致根本解决“萨德”问题需要一个复杂过程。
43 32 7 2 4
中韩双方决定将继续通过两军渠道就此进行沟通，中国将继续坚定维护国家战略安全利益。
43 33 7 3 4
中国决不会以牺牲别国利益为代价来发展自己，也决不放弃自己的正当权益。
2
45 6 4 1 4
韩方认识到中方在“萨德”问题上的立场和关切，明确表示在韩国部署的“萨德”系统按照其本来的部署目的，不针对第三国，即不损害中方战略安全利益。
45 7 4 2 4
中方从维护国家安全的立场出发，重申反对在韩国部署“萨德”系统。
2
47 3 3 1 4
韩方认识到中方在“萨德”问题上的立场和关切，明确表示在韩国部署的“萨德”系统按照其本来的部署目的，不针对第三国，即不损害中方战略安全利益。
47 4 3 2 4
中方从维护国家安全的立场出发，重申反对在韩国部署“萨德”系统。
3
48 1 1 1 3
中国网新闻10月31日讯外交部发言人华春莹在31日的例行记者会上表示，中方在“萨德”问题上的立场是明确、一贯的，没有改变。
48 2 1 2 3
中方注意到，韩方公开表示，韩方不加入美国反导体系，不将韩美日安全合作发展成三方军事同盟，不追加部署“萨德”系统，目前在韩部署的“萨德”系统不损害中方战略安全利益。
48 3 1 3 3
希望韩方言行一致，将上述表态落到实处，妥处有关问题。
3
48 4 2 1 3
答：中方在“萨德”问题上的立场是明确、一贯的，没有改变。
48 5 2 2 3
我们注意到，韩方公开表示，韩方不加入美国反导体系，不将韩美日安全合作发展成三方军事同盟，不追加部署“萨德”系统，目前在韩部署的“萨德”系统不损害中方战略安全利益。
48 6 2 3 3
希望韩方言行一致，将上述表态落到实处，妥处有关问题。
3
49 1 1 1 3
答：中方在“萨德”问题上的立场是明确、一贯的，没有改变。
49 2 1 2 3
我们注意到，韩方公开表示，韩方不加入美国反导体系，不将韩美日安全合作发展成三方军事同盟，不追加部署“萨德”系统，目前在韩部署的“萨德”系统不损害中方战略安全利益。
49 3 1 3 3
希望韩方言行一致，将上述表态落到实处，妥处有关问题。
3
50 3 2 2 4
解铃还需系铃人。
50 4 2 3 4
韩方认识到中方在“萨德”问题上的立场和关切，明确表示在韩国部署的“萨德”系统按照其本来的部署目的，不针对第三国，即不损害中方战略安全利益。
50 5 2 4 4
这才让两国关系重回正轨具备了必要条件。
2
50 15 6 1 2
反导问题的背后有全球大国战略博弈的深层次背景，关系到地缘政治和地区安全格局。
50 16 6 2 2
“萨德”问题的根本解决无疑是一个长期复杂的过程，中国也必将继续坚定维护国家战略安全利益，这一决心不容置疑，也不会改变。
3
51 2 2 1 3
华春莹表示，中方在“萨德”问题上的立场是明确、一贯的，没有改变。
51 3 2 2 3
中方注意到，韩方公开表示，韩方不加入美国反导体系，不将韩美日安全合作发展成三方军事同盟，也不追加部署“萨德”系统，目前在韩部署的“萨德”系统不损害中方战略安全利益。
51 4 2 3 3
希望韩方言行一致，将上述表态落到实处，妥处有关问题。
2
53 3 2 1 2
华春莹说，我们注意到，韩方公开表示，韩方不加入美国反导体系，不将韩美日安全合作发展成三方军事同盟，也不追加部署“萨德”系统，目前在韩部署的“萨德”系统不损害中方战略安全利益。
53 4 2 2 2
希望韩方言行一致，将上述表态落到实处，妥处有关问题。
1
56 11 6 1 1
新闻稿提到，韩方认识到中方在“萨德”问题上的立场和关切，明确表示在韩国部署的“萨德”系统按照其本来的部署目的，不针对第三国，即不损害中方战略安全利益。
2
57 4 3 1 4
韩方认识到中方在“萨德”问题上的立场和关切，明确表示在韩国部署的“萨德”系统按照其本来的部署目的，不针对第三国，即不损害中方战略安全利益。
57 5 3 2 4
中方从维护国家安全的立场出发，重申反对在韩国部署“萨德”系统。
2
58 4 3 1 4
韩方认识到中方在“萨德”问题上的立场和关切，明确表示在韩国部署的“萨德”系统按照其本来的部署目的，不针对第三国，即不损害中方战略安全利益。
58 5 3 2 4
中方从维护国家安全的立场出发，重申反对在韩国部署“萨德”系统。
2
59 5 4 1 4
韩方认识到中方在“萨德”问题上的立场和关切，明确表示在韩国部署的“萨德”系统按照其本来的部署目的，不针对第三国，即不损害中方战略安全利益。
59 6 4 2 4
中方从维护国家安全的立场出发，重申反对在韩国部署“萨德”系统。
2
60 4 3 1 4
韩方认识到中方在“萨德”问题上的立场和关切，明确表示在韩国部署的“萨德”系统按照其本来的部署目的，不针对第三国，即不损害中方战略安全利益。
60 5 3 2 4
中方从维护国家安全的立场出发，重申反对在韩国部署“萨德”系统。
2
62 4 3 1 4
韩方认识到中方在“萨德”问题上的立场和关切，明确表示在韩国部署的“萨德”系统按照其本来的部署目的，不针对第三国，即不损害中方战略安全利益。
62 5 3 2 4
中方从维护国家安全的立场出发，重申反对在韩国部署“萨德”系统。
2
63 4 3 1 2
此前，美国在韩国部署“萨德”，引发中国强烈抗议。
63 5 3 2 2
中国怀疑这是美国主导的导弹防御系统的一部分，声称这不利于其战略安全利益。
2
64 4 3 1 4
韩方认识到中方在“萨德”问题上的立场和关切，明确表示在韩国部署的“萨德”系统按照其本来的部署目的，不针对第三国，即不损害中方战略安全利益。
64 5 3 2 4
中方从维护国家安全的立场出发，重申反对在韩国部署“萨德”系统。
3
67 7 5 1 3
针对韩国部署“萨德”系统的做法，中国外交部和国防部曾表示，这非但解决不了有关国家的安全关切，还只会严重破坏地区战略平衡，损害包括中国在内的本地区国家的战略安全利益，同时加剧半岛的紧张和对立，使半岛问题变得更加复杂。
67 8 5 2 3
中方强烈敦促美韩重视中国等地区国家的安全利益和关切，立即停止有关部署进程，撤除相关设备。
67 9 5 3 3
（李婷婷）
3
76 7 4 1 3
对于美国在韩部署“萨德”系统，中国外交部和国防部曾表示，这非但解决不了有关国家的安全关切，还只会严重破坏地区战略平衡，损害包括中国在内的本地区国家的战略安全利益，同时加剧半岛的紧张和对立，使半岛问题变得更加复杂。
76 8 4 2 3
中方强烈敦促美韩重视中国等地区国家的安全利益和关切，立即停止有关部署进程，撤除相关设备。
76 9 4 3 3
（刘昆）
3
90 19 7 1 3
据海外网早前报道，对于美韩部署“萨德”，中国外交部发言人多次强调，这非但解决不了有关国家的安全关切，只会严重破坏地区战略平衡，损害包括中国在内的本地区国家的战略安全利益，同时加剧半岛的紧张和对立，使半岛问题变得更加复杂。
90 20 7 2 3
中方强烈敦促美韩重视中国等地区国家的安全利益和关切，立即停止有关部署进程，撤除相关设备。
90 21 7 3 3
（综编/海外网张霓）
3
93 4 3 1 3
近年来，中韩经贸关系发展总体是平稳的，但是，中韩合作与交流也是需要民意基础的。
93 5 3 2 3
韩方部署“萨德”反导系统的举措，严重损害中国的战略安全利益，伤害了中国人民的友好感情，必然会对两国经贸领域合作的健康发展造成不利影响。
93 6 3 3 3
希望韩方尊重中方重大利益和正当关切，妥善处理有关问题，为两国经贸合作健康稳定发展创造良好的气氛和环境。
3
96 12 6 1 4
针对美国在韩部署“萨德”反导系统，中方坚决反对的立场是明确、一贯和坚定的。
96 13 6 2 4
中国外交部发言人耿爽9月6日曾明确表示，在韩部署“萨德”系统非但解决不了有关国家的安全关切，只会严重破坏地区战略平衡，损害包括中国在内的本地区国家的战略安全利益，同时加剧半岛的紧张和对立，使半岛问题变得更加复杂。
96 14 6 3 4
中方强烈敦促美韩重视中国等地区国家的安全利益和关切，立即停止有关部署进程，撤除相关设备。
