4 1 1 1 2
11月27日，韩国外长康京和在国会外委会全会答议员问时称，韩国政府并没有限制运用“萨德”反导系统的想法，“萨德”系统的运用问题由韩美同盟内部决定。
4 2 1 2 2
康京和的这一新表态立即令外界舆论开始担心中韩“萨德”问题能否得以“封印”。
4 8 6 1 1
不过，11月27日，康京和在国会外委会全会就涉及“萨德”的“三不一限”问题回答议员提问时却明确重申了“三不”立场，但她澄清说：“‘三不’并非韩国应中方要求所作的承诺，而是韩国政府此前公开阐述的立场，中方额外要求‘一限’的说法也不属实。”她更明确表示，韩美两国未来将共同决定具体如何运用已部署的“萨德”反导系统，韩国方面不会单方面限制“萨德”的运用。
4 13 10 1 1
不过，鉴于康京和27日对“阶段性”内涵所作的表述，韩国媒体开始关注“萨德”问题是否将得以“封印”？对此，康京和回应称，韩国政府认为，尽管很难说“‘萨德’问题已经完全得以解决，但“10月31日发布沟通结果、亚太经合组织及东盟峰会期间的领导人会议使‘萨德’问题告一段落，得以封印”。
4 17 14 1 1
对于中韩两国能否迈过“萨德”这道坎儿，《韩国日报》也评论说，中方希望韩方履行“三不一限”承诺，而韩国政府要想实现自己的封印“萨德”目标，必须采取更加缜密的外交战略。
5 20 7 1 5
据海外网早前报道，10月30日上午，韩国外长康京和在接受国会质询时表示，韩国政府不加入美国反导体系的现有立场没有变化；韩美日安全合作不会发展成为三方军事同盟；韩国政府未考虑追加部署“萨德”系统。
5 21 7 2 5
当天，中国外交部发言人华春莹回应称，我们重视韩方这三方面的表态。
6 20 8 1 5
据海外网早前报道，30日上午，韩国外长康京和在接受国会质询时表示，韩国政府不加入美国反导体系的现有立场没有变化；韩美日安全合作不会发展成为三方军事同盟；韩国政府未考虑追加部署“萨德”系统。
6 21 8 2 5
当天，中国外交部发言人华春莹回应称，我们重视韩方这三方面的表态。
7 1 1 1 3
韩国《中央日报》24日刊发多篇报道，引述匿名韩国政府高官的话称，中国提议就“萨德”问题早日进行中韩军事磋商，还对“萨德”提出三个要求，包括对“萨德”雷达设立隔离墙，以防止探测中国腹地。
7 2 1 2 3
韩国政府24日否认上述说法。
7 3 1 3 3
中国军事专家杨承军24日评价，韩媒所谓中国的三大要求“幼稚可笑”，根本没有可操作性。
7 1 1 1 3
韩国《中央日报》24日刊发多篇报道，引述匿名韩国政府高官的话称，中国提议就“萨德”问题早日进行中韩军事磋商，还对“萨德”提出三个要求，包括对“萨德”雷达设立隔离墙，以防止探测中国腹地。
7 2 1 2 3
韩国政府24日否认上述说法。
7 3 1 3 3
中国军事专家杨承军24日评价，韩媒所谓中国的三大要求“幼稚可笑”，根本没有可操作性。
7 8 3 3 6
报道还采访韩国专家认为，中方的“要求”无论从技术还是军事层面，可能性都“很低”。
7 9 3 4 6
首先，“萨德”系统属于驻韩美军资产，韩国政府无权使用和管理。
7 10 3 5 6
“萨德”管辖权首先在驻韩美军司令，其次属于美国战略司令部。
7 12 4 1 3
据韩联社报道，青瓦台和韩国外交部发言人24日全盘否认上述报道。
7 13 4 2 3
韩国国防部发言人文尚均24日称，目前尚无就“萨德”问题与中方军方对话的计划。
7 14 4 3 3
韩国《世界日报》24日称，针对“萨德”问题，韩国政府立场是“先首脑会谈，后军事沟通”。
8 1 1 1 3
【环球时报记者郭媛丹张静】韩国《中央日报》24日刊发多篇报道，引述匿名韩国政府高官的话称，中国提议就“萨德”问题早日进行中韩军事磋商，还对“萨德”提出三个要求，包括对“萨德”雷达设立隔离墙，以防止探测中国腹地。
8 2 1 2 3
韩国政府24日否认上述说法。
8 3 1 3 3
中国军事专家杨承军24日评价，韩媒所谓中国的三大要求“幼稚可笑”，根本没有可操作性。
8 1 1 1 3
【环球时报记者郭媛丹张静】韩国《中央日报》24日刊发多篇报道，引述匿名韩国政府高官的话称，中国提议就“萨德”问题早日进行中韩军事磋商，还对“萨德”提出三个要求，包括对“萨德”雷达设立隔离墙，以防止探测中国腹地。
8 2 1 2 3
韩国政府24日否认上述说法。
8 3 1 3 3
中国军事专家杨承军24日评价，韩媒所谓中国的三大要求“幼稚可笑”，根本没有可操作性。
8 8 2 5 8
报道还采访韩国专家认为，中方的“要求”无论从技术还是军事层面，可能性都“很低”。
8 9 2 6 8
首先，“萨德”系统属于驻韩美军资产，韩国政府无权使用和管理。
8 10 2 7 8
“萨德”管辖权首先在驻韩美军司令，其次属于美国战略司令部。
8 12 3 1 3
据韩联社报道，青瓦台和韩国外交部发言人24日全盘否认上述报道。
8 13 3 2 3
韩国国防部发言人文尚均24日称，目前尚无就“萨德”问题与中方军方对话的计划。
8 14 3 3 3
韩国《世界日报》24日称，针对“萨德”问题，韩国政府立场是“先首脑会谈，后军事沟通”。
12 42 23 1 1
其实，根据韩国政府相关任命规定，外交部长提名人需接受国会听证，但无论国会通过与否，都可以最终获得任命。
12 56 32 1 1
在关于“萨德”的问题上，康京和10月30日在出席国会外交统一委员会外交部国政监查时，提出“三不”承诺：韩国不加入美国反导体系的现有立场没有变化；韩美日安全合作不会发展为三方军事同盟；韩国政府未考虑追加部署“萨德”系统。
30 3 2 1 3
乐天从2008年起在中国大规模扩张。
30 4 2 2 3
不过，今年2月乐天集团与韩国政府签署换地协议，同意让出集团属下的高尔夫球场土地，以便美国部署“萨德”反导弹系统。
30 5 2 3 3
此举引发中国强烈不满，乐天在中国的业务也因此受到重创。
32 13 10 1 2
而就在中韩两国国民为此欢欣鼓舞的时候，韩国政府部署“萨德”系统的决定中断了两国全面战略合作伙伴关系的迅猛发展势头。
32 14 10 2 2
致力于中韩友好关系深入发展的两国政治界、经济界以及民间友好人士无不为之扼腕叹息。
33 12 6 1 4
据海外网早前报道，10月30日上午，韩国外长康京和在接受国会质询时表示，韩国政府不加入美国反导体系的现有立场没有变化；韩美日安全合作不会发展成为三方军事同盟；韩国政府未考虑追加部署“萨德”系统。
33 13 6 2 4
当天，中国外交部发言人华春莹回应称，我们重视韩方这三方面的表态。
35 5 3 1 3
该报道称，韩国电子业界人士1日透露，韩国政府可能将在11月内批准已拖延3个多月的LGDisplay在华OLED显示屏工厂的建设项目。
35 6 3 2 3
此外，三星西安半导体公司二期生产线投资和SK海力士半导体工厂扩建工程也有望加速进行。
35 7 3 3 3
今年8月，三星电子与陕西省政府签订了谅解备忘录(MOU)，并决定向生产线增加投资70亿美元。
36 8 4 1 2
近期，韩方多次表态，显示了对中方关切的重视。
36 9 4 2 2
韩国外长康京和10月30日作出“三不”承诺，即韩国政府不加入美国导弹防御体系的现有立场没有改变；韩美日安全合作不会发展成为三方军事同盟；韩国政府未考虑追加部署“萨德”反导系统。
39 10 8 1 4
她还表示，韩国政府不加入美国反导体系，不考虑追加部署“萨德”，韩美日安全合作不会发展成三方军事同盟。
39 11 8 2 4
以上三条立场，都是韩国政府考虑到与中国政府的关系，长期以来一直坚持的，但从未在公开场合提出。
39 10 8 1 4
她还表示，韩国政府不加入美国反导体系，不考虑追加部署“萨德”，韩美日安全合作不会发展成三方军事同盟。
39 11 8 2 4
以上三条立场，都是韩国政府考虑到与中国政府的关系，长期以来一直坚持的，但从未在公开场合提出。
39 12 8 3 4
特别是外长亲口表示韩美日安全合作不会发展成三方军事同盟，这一点非常罕见。
41 8 7 1 4
她还表示，韩国政府不加入美国反导体系，不考虑追加部署“萨德”，韩美日安全合作不会发展成三方军事同盟。
41 9 7 2 4
以上三条立场，都是韩国政府考虑到与中国政府的关系，长期以来一直坚持的，但从未在公开场合提出。
41 8 7 1 4
她还表示，韩国政府不加入美国反导体系，不考虑追加部署“萨德”，韩美日安全合作不会发展成三方军事同盟。
41 9 7 2 4
以上三条立场，都是韩国政府考虑到与中国政府的关系，长期以来一直坚持的，但从未在公开场合提出。
41 10 7 3 4
特别是外长亲口表示韩美日安全合作不会发展成三方军事同盟，这一点非常罕见。
42 17 5 5 8
郭锐也指出，紧靠美国、维持韩美关系为文在寅政府所重视。
42 18 5 6 8
“萨德”的部署可被视为韩国政府捆绑美国并强化同盟关系的一种策略。
42 19 5 7 8
同时，美国也难以放弃这种紧密双边同盟为基础的地区框架。
42 31 8 1 4
韩国态度正朝着积极的方向发展，这一姿态值得肯定。
42 32 8 2 4
韩国政府应该意识到良好的中韩关系有利于东北亚局势的改善，“不清不楚”的中韩关系必定有损韩国的国家利益。
42 33 8 3 4
中韩各个领域交流合作能否早日回到正常发展轨道还需看文在寅政府的努力。
43 19 5 4 6
在两国外交部门的沟通中，双方均高度重视双边关系，愿根据双边共同文件的精神，推动中韩战略合作伙伴关系发展。
43 20 5 5 6
韩方再次表明：韩国不加入美国反导体系的现有立场没有变化；韩美日安全合作不会发展成为三方军事同盟；韩国政府未考虑追加部署“萨德”系统。
43 21 5 6 6
韩方在避免使“萨德”问题损害中方战略安全利益方面也表明了明确立场，对中方关切给予了积极回应。
45 10 5 1 2
中方就构建反导体系、追加部署“萨德”、韩美日军事合作等阐明了中国政府的立场和关切。
45 11 5 2 2
韩方再次表明韩国政府此前公开阐述的立场。
45 16 9 1 1
韩国外长康京和10月30日在出席韩国国会外交统一委员会外交部国政监查时表示，不考虑追加部署“萨德”反导系统，韩国政府不参与美国构筑的导弹防御系统的立场不变，韩美日安全合作不会发展成军事同盟。
46 8 5 1 2
报道称，文在寅7月29日下令与美方商讨剩余“萨德”发射车部署事宜，9月7日驻韩美军把四辆“萨德”发射车运入星洲基地。
46 9 5 2 2
中方对韩国政府推翻此前的涉萨承诺表示强烈反对。
47 14 10 1 1
她承诺：韩国政府不加入美国反导体系的现有立场没有变化；韩美日安全合作不会发展成为三方军事同盟；韩国政府未考虑追加部署“萨德”系统。
55 22 9 1 5
30日上午，韩国外长康京和在接受国会质询时表示，韩国政府不加入美国反导体系的现有立场没有变化；韩美日安全合作不会发展成为三方军事同盟；韩国政府未考虑追加部署“萨德”系统。
55 23 9 2 5
当天，中国外交部发言人华春莹回应称，我们重视韩方这三方面的表态。
56 9 5 1 2
新闻稿声明，中方就构建反导体系、追加部署“萨德”、韩美日军事合作等阐明了中国政府的立场和关切。
56 10 5 2 2
韩方再次表明韩国政府此前公开阐述的立场。
57 8 4 1 2
中方就构建反导体系、追加部署“萨德”、韩美日军事合作等阐明了中国政府的立场和关切。
57 9 4 2 2
韩方再次表明韩国政府此前公开阐述的立场。
58 8 4 1 2
中方就构建反导体系、追加部署“萨德”、韩美日军事合作等阐明了中国政府的立场和关切。
58 9 4 2 2
韩方再次表明韩国政府此前公开阐述的立场。
58 12 6 1 1
韩国外交部长官康京和30日在接受国会质询时说，目前韩国没有考虑追加部署“萨德”反导系统，韩国政府对于不加入美国导弹防御体系的现有立场没有改变，并正在努力构建“韩国型导弹防御体系”，韩美日三国间的安保合作范围是针对朝鲜核导威胁增强遏制力和有效应对能力，不会发展成三方军事同盟。
59 9 5 1 2
中方就构建反导体系、追加部署“萨德”、韩美日军事合作等阐明了中国政府的立场和关切。
59 10 5 2 2
韩方再次表明韩国政府此前公开阐述的立场。
59 14 8 1 2
2016年7月，美韩就部署萨德系统达成一致；2017年4月26日凌晨，韩美将“萨德”发射车、火控雷达整机、作战指控站等部分组件运入“萨德”部署地星州高尔夫球场；9月7日，第二批4辆“萨德”发射车进入星州基地，意味着“萨德”系统正式在韩国完成部署。
59 15 8 2 2
不过，韩国外长康京和10月30日在出席韩国国会外交统一委员会外交部国政监查时表示，不考虑追加部署“萨德”反导系统，韩国政府不参与美国构筑的导弹防御系统的立场不变，韩美日安全合作不会发展成军事同盟。
60 8 4 1 2
中方就构建反导体系、追加部署“萨德”、韩美日军事合作等阐明了中国政府的立场和关切。
60 9 4 2 2
韩方再次表明韩国政府此前公开阐述的立场。
61 2 2 1 2
康京和表示，韩国政府对于不加入美国导弹防御体系的现有立场没有改变，并正在努力构建“韩国型导弹防御体系”。
61 3 2 2 2
韩美日三国间的安保合作范围是针对朝鲜核导威胁增强遏制力和有效应对能力，不会发展成三方军事同盟。
62 8 4 1 2
中方就构建反导体系、追加部署“萨德”、韩美日军事合作等阐明了中国政府的立场和关切。
62 9 4 2 2
韩方再次表明韩国政府此前公开阐述的立场。
63 6 4 1 2
康京和指出，韩国政府不参与美国构筑的导弹防御系统的立场不变，将尽早构筑韩国型导弹防御系统。
63 7 4 2 2
这位部长表示：“让我明确一点。正如以前解释过很多次的，‘萨德’系统是自卫措施，与（美国构筑的）导弹防御系统无关。”
63 51 26 5 6
同一天，中国某旅行社发出了募集赴韩团体游客的广告。
63 52 26 6 6
韩国政府也计划批准此前搁置的LG显示屏等在华大规模投资计划。
63 61 31 1 1
韩国政府一直没对外公开过中国对“萨德”入韩采取的报复措施造成的损失规模，加德纳所说的从韩方获取的120亿美元的数据是如何计算得出的无从知晓。
63 64 33 1 2
即便如此，韩国政府却因担心中国会采取更大规模的报复，始终忌讳正面提出这一问题。
63 65 33 2 2
上月中旬，青瓦台公开放弃了就中国的“萨德”报复向世界贸易组织提起诉讼的方案。
64 8 4 1 2
中方就构建反导体系、追加部署“萨德”、韩美日军事合作等阐明了中国政府的立场和关切。
64 9 4 2 2
韩方再次表明韩国政府此前公开阐述的立场。
65 1 1 1 2
【环球时报综合报道】韩国政府不加入美国反导系统的现有立场没有变化、韩美日安全合作不会发展成为三方军事同盟、韩国政府不考虑追加部署“萨德”系统——韩国外长康京和30日在国会就重大问题做出严肃表态。
65 2 1 2 2
这些都是中国非常关注的问题，数小时之后，中国外交部发言人华春莹在例行记者会上说：“我们重视韩方这三方面的表态。”
66 2 2 1 1
据韩联社报道，康京和当天在国会表示，韩国政府对于不加入美国导弹防御体系的现有立场没有改变，并正在努力构建“韩国型导弹防御体系”。
67 4 3 1 2
康京和说，韩国政府不参与美国构筑的导弹防御系统(MD)的立场不变，将尽早构筑韩国型导弹防御系统(KAMD)。
67 5 3 2 2
康京和强调，韩美日安全合作不会发展成军事同盟，只会在提升遏制力和确保实效性的范围内进行安全合作。
68 1 1 1 2
中国网新闻10月30日讯在30日的外交部例行记者会上，有记者问，10月30日上午，韩国外长康京和在接受国会质询时表示，韩国政府不加入美国反导体系的现有立场没有变化；韩美日安全合作不会发展成为三方军事同盟；韩国政府未考虑追加部署“萨德”系统。
68 2 1 2 2
中方对此有何评论？
69 1 1 1 1
韩国外长康京和30日接受韩国国会质询时表示，韩国政府不加入美国反导体系的现有立场没有变化：韩美日安全合作不会发展成为三方军事同盟；韩国政府未考虑追加部署“萨德”系统。
70 3 2 1 2
有记者提问，10月30日上午，韩国外长康京和在接受国会质询时表示，韩国政府不加入美国反导体系的现有立场没有变化；韩美日安全合作不会发展成为三方军事同盟；韩国政府未考虑追加部署“萨德”系统。
70 4 2 2 2
中方对此有何回应？
71 1 1 1 2
韩媒称，韩国政府宣布在半岛部署“萨德”反导系统后，中韩关系陷入僵局。
71 2 1 2 2
但近日，两国关系现回暖迹象，流通业和旅游业界对中国游客的期待进一步加深。
72 5 2 1 2
《东亚日报》27日引述韩国政府消息人士的话称，陷入僵局的韩中关系近期迎来“转暖迹象”，先是中方外交官向韩方传递出“拟促成韩中首脑会谈”的意向，而韩国政府也在通过多方渠道积极向中国表达早日举行两国首脑会谈的意愿。
72 6 2 2 2
但前提是，韩国政府首先就“萨德”部署问题向中国表达“歉意”。
72 5 2 1 2
《东亚日报》27日引述韩国政府消息人士的话称，陷入僵局的韩中关系近期迎来“转暖迹象”，先是中方外交官向韩方传递出“拟促成韩中首脑会谈”的意向，而韩国政府也在通过多方渠道积极向中国表达早日举行两国首脑会谈的意愿。
72 6 2 2 2
但前提是，韩国政府首先就“萨德”部署问题向中国表达“歉意”。
72 7 3 1 5
报道称，中国驻韩国外交官近期会见韩方人士时透露，韩国政府应首先表达诚意，比如对外明确表态理解中方对“萨德”入韩问题的忧虑等，这样两国首脑会谈方能促成。
72 8 3 2 5
《东亚日报》称，对于中方的要求，韩国政府多次召集外交、安保等部门负责人开会商讨。
72 7 3 1 5
报道称，中国驻韩国外交官近期会见韩方人士时透露，韩国政府应首先表达诚意，比如对外明确表态理解中方对“萨德”入韩问题的忧虑等，这样两国首脑会谈方能促成。
72 8 3 2 5
《东亚日报》称，对于中方的要求，韩国政府多次召集外交、安保等部门负责人开会商讨。
72 9 3 3 5
据多名外交界人士透露，在相关会议上，多数意见认为韩方的表态内容应包括“在没有得到邻邦中国谅解的情况下，决定全面部署萨德，对此表达歉意”，且多数与会者认为不应再额外提及中方的“萨德”反制措施。
72 10 3 4 5
不过，青瓦台却认为使用“歉意”一词欠妥，等于承认不顾民众反对执意部署“萨德”的决定是错误的。
72 11 3 5 5
报道称，韩国政府向中国作出上述表态的时期，很可能是下月文在寅总统出访东南亚之前，青瓦台希望借此让韩中首脑在APEC峰会期间举行会晤，进而促成文在寅总统年内访华。
77 26 10 1 2
不过，虽然部署“萨德”令韩国业界忧心忡忡，韩国政府却对民意置若罔闻。
77 27 10 2 2
7月29日凌晨，韩国总统文在寅下令，立即与美国协商关于韩美间战略遏制力的强化方案，其中包括追加部署剩余的4辆“萨德”发射车。
79 12 11 1 2
韩联社10月13日还报道称，韩中两国就续签560亿美元货币互换协议达成协议后，韩国政府表示希望在其他领域也能尽早搞活韩中交流合作关系。
79 13 11 2 2
韩国外交部发言人13日在例行记者会上被问及韩元人民币互换协议延长三年如何影响“萨德”、朝核等问题时作出上述回答。
82 4 2 1 3
韩中两国10日开会讨论续签事宜，但未发表是否续签。
82 5 2 2 3
韩国政府有关人士当天谨慎回应，双方仍在协商之中，望有关各方继续等待最终结果。
82 6 2 3 3
韩国经济副总理兼企划财政部长官金东渊会接受记者采访时表示，双方目前正在进行协商，考虑到对方立场，韩方暂不宜表态。
87 3 2 1 3
萨德等因素导致了半岛地缘政治风险加剧，在此形势下，就业与消费陷入停滞也导致了韩国经济丧失活力。
87 4 2 2 3
韩国政府发布“8.2房地产对策”后，建设景气犹如进入寒冬，第3季度以来各种指标持续下滑。
87 5 2 3 3
为化解当前危机，韩国将出台“迷你扶持政策”，但有韩媒却认为，这一政策也很难使韩国经济“起死回生”。
87 9 4 1 4
产业界有人表示，作为经济扶持政策的一环，应该降低汽车个别消费税，韩国政府正在针对此问题进行商讨。
87 10 4 2 4
降低汽车个别消费税通常被各国政府视为是突破经济停滞格局的一剂良方。
92 1 1 1 1
[环球网综合报道]数据显示，受韩国政府执意部署“萨德”反导系统影响，韩国企业对中国市场的投资大幅缩水，今年上半年减少了近一半。
97 11 7 1 1
王志民说：“就这个问题本身而言，我认为，短期内可能会对中国的一部分就业人群带来影响，但是从长期来看，无论是对中国的消费者还是就业，都不会有太大损失。因为中国境内还有很多超市都可以替代它，而且，乐天超市在中国共有99家，目前营业的只有20多家。此外，我注意到，这一消息的来源是该集团的一名匿名代表，而前一段时间乐天也曾表示不会退出中国，所以上述消息的发布，有可能只是一种试探——意在试探韩国政府和中国国内的舆论状况。现在中韩关系好转的迹象不明显，根本原因还是萨德部署问题，这对中国的战略安全造成了极大影响，同时也激起了中国人民的民族主义和爱国主义，人们不普遍不愿购买韩国产品。其中，由于乐天将星州高尔夫球场地皮转让给韩国国防部用于部署萨德，该集团所受到的抵制冲击也最大。不过，如果中韩关系持续，乐天确实有可能卖掉在华的超市。”（综编/海外网李方及）
98 3 2 1 1
据韩国《中央日报》网站9月9日报道，韩国世宗研究所统一战略研究室室长郑成长表示，“奥巴马政府已经在2014年向朴槿惠政府提议购入‘萨德’，但是当时韩国政府因1.5万亿韩元的价格过高，加之担心中国反对，拒绝了奥巴马政府的提议”。
98 4 3 1 2
韩国政府于2015年3月10日公布了有关“萨德”“没有提议、没有协商、没有决定”的“3No”原则，随后的2016年，在朝鲜发射导弹的2月7日下午，韩美双方公布正式对部署“萨德”一事进行协商。
98 5 3 2 2
7月8日，韩美双方闪电般地表示将部署“萨德”，并在五天后将部署“萨德”的地点选在了位于庆尚北道星州的星山炮台处。
99 3 2 1 2
分析人士认为，韩国政府在“萨德”部署问题上无视民意并且立场反复，遭到民众和在野党“围攻”。
99 4 2 2 2
如何弥合因“萨德”产生的社会分裂，摆脱外交困局，是文在寅政府面临的严峻考验。
99 27 15 1 1
文在寅声称，朝鲜的核导威胁不断升级，加剧了韩国的安保严峻形势，因此部署“萨德”是现阶段韩国政府所能采取的最佳措施。
100 1 1 1 1
韩国总统文在寅8日向媒体记者发送“立场文件”，就“萨德”部署表态称，这是目前韩国政府能采取的最佳措施。
