3
10 5 3 1 3
答：关于昨天王毅部长同韩国外长康京和会谈的情况，我们已经在外交部网站发布了比较详细的消息。
10 6 3 2 3
中韩外长就如何确保中韩关系稳固改善和向前发展进行了比较充分的讨论。
10 7 3 3 3
当然，双方也就共同关心的问题、如朝鲜半岛局势充分交换了意见。
3
11 6 3 1 3
答：关于昨天（22日）王毅部长同韩国外长康京和会谈的情况，我们已经在外交部网站发布了比较详细的消息。
11 7 3 2 3
中韩外长就如何确保中韩关系稳固改善和向前发展进行了比较充分的讨论。
11 8 3 3 3
当然，双方也就共同关心的问题、如朝鲜半岛局势充分交换了意见。
2
13 1 1 1 2
央视网消息：对于中韩外长22日在北京举行的会谈，中国外交部发言人陆慷在23日下午举行的外交部例行记者会上表示，两国外长就如何确保中韩关系稳固改善和向前发展进行了充分讨论。
13 2 1 2 2
中方希望韩方继续妥善处理“萨德”问题，为两国关系的全面改善和发展创造条件。
2
14 1 1 1 2
【环球时报-环球网报道记者白云怡】据韩联社22日报道，中韩外长22日在北京钓鱼台国宾馆举行会谈，双方就韩中关系以及“萨德”等共同关心的问题交换意见。
14 2 1 2 2
23日，中国外交部发言人陆慷在外交部例行记者会上介绍称，中韩外长就如何确保中韩关系稳步改善、向前发展进行了充分讨论，双方也就朝鲜半岛局势等共同关心的问题充分交换了意见。
2
14 1 1 1 2
【环球时报-环球网报道记者白云怡】据韩联社22日报道，中韩外长22日在北京钓鱼台国宾馆举行会谈，双方就韩中关系以及“萨德”等共同关心的问题交换意见。
14 2 1 2 2
23日，中国外交部发言人陆慷在外交部例行记者会上介绍称，中韩外长就如何确保中韩关系稳步改善、向前发展进行了充分讨论，双方也就朝鲜半岛局势等共同关心的问题充分交换了意见。
3
18 8 2 6 10
中方敦促韩方正视中方的正当关切，尽快妥善处理这一问题，切实搬开阻碍两国关系发展的绊脚石。
18 9 2 7 10
韩外长：力寻解决“萨德”问题办法康京和表示，韩中建交25年来两国关系取得巨大进展，也经历一些曲折。
18 10 2 8 10
韩方愿与中方加强沟通，争取找到妥善解决“萨德”问题的办法，推动双边关系重新恢复活力和动力。
