68 5 4 1 1 0.612
据此前凯基证券知名分析师郭明池的预测，苹果明年将推出三款新iPhone，包括5.8英寸OLED屏幕版（类似于iPhoneX）、6.5英寸OLED屏幕版，同时提供一款6.1英寸的LCD屏幕版本，主打入门市场。
92 33 15 3 3 0.673
一张图展示iPhoneX和iPhone8系列交互的不同点。
92 32 15 2 3 0.312
因为没有了Home键，一系列的操作只能通过手势实现。
1 4 3 1 1 0.472
现在无线信号测试机构CellularInsights送出了iPhoneX详细基带体验，其结果就是高通X16的LTE速度始终比搭载IntelXMM7480基带的要快，即使苹果对前者进行了性能上的压制。
1 5 4 1 1 0.404
其中最明显的就是，iPhoneX搭载高通基带版本，信号更加稳定，同时下载速度也要远远强于Intel版本，具体来说这个下载速度能比后者快至少67%。
3 3 2 1 2 0.516
而最近，无线信号测试机构CellularInsights对于搭载两种版本基带的iPhoneX进行了测试。
3 4 2 2 2 0.458
测试结果显示，搭载高通骁龙X16的iPhoneXLTE下载速度依然要比搭载英特尔XXMM7480的iPhoneX快一些。
3 5 3 1 3 0.44
CellularInsights使用测试设备，以不同的信号基站距离测试两种不同版本iPhoneX在LTE网络下的现在速度。
3 6 3 2 3 0.416
从测试结果上看，高通版本的下载速度要比英特尔版本快67%。
3 7 3 3 3 0.336
不过虽然这个差距显著，但是比起iPhone7/Plus的两种版本，这两种版本直接的差距其实已经小了许多。
3 8 4 1 2 0.428
此前有人认为，苹果故意阉割降低了高通芯片的性能以缩小这种差距——高通X16基频芯片原版支持4x4MIMO，然而这一特性却在iPhoneX被禁用了。
3 9 4 2 2 0.335
这也导致两种版本在绝大多数情况想的理论下载峰值都是600Mbps，即使X16本是一枚千兆级别的基频芯片。
3 11 5 2 3 0.448
目前国行销售的iPhoneX版本均为使用高通基频芯片的A1865全网通版本，暂时无忧。
3 10 5 1 3 0.293
因此，如果有购买iPhoneX意向的用户就要格外注意了。
3 12 5 3 3 0.369
但是此前工信部已有不支持CDMA制式的A1903和A1907获得了入网许可，初步推断这两部可能是使用了英特尔基频芯片的版本。
4 1 1 1 3 0.493
来自无线信号测试机构CellularInsights的评测结果显示，搭载高通骁龙X16基频芯片的iPhoneX的LTE速度始终还是比搭载英特尔XMM7480基频芯片的要快。
4 2 1 2 3 0.422
该机构使用了专业的测试设备（四个Vivaldi天线）以不同的信号基站距离测试两款iPhoneX的LTE速度表现。
4 3 1 3 3 0.152
首先从-85dBm开始，然后逐渐降低功率水平以模拟手机从一座信号基站的覆盖范围离开（信号减弱）是的状态，直到彻底失去信号连接。
4 4 2 1 2 0.506
测试结果发现，英特尔版本iPhoneX的LTE下载速度要低于高通版本。
4 5 2 2 2 0.145
CellularInsights表示差别还是很明显的，高通版的LTE下载速度普遍比英特尔版的快67%。
4 6 3 1 2 0.41
去年iPhone7/7Plus推出时，高通版的LTE下载速度就比英特尔版的块，不过CellularInsights表示这种差别在iPhoneX上已经变小了。
4 7 3 2 2 0.235
PCMagazine猜测苹果故意降低高通基频芯片的表现以缩短这种差距，因为去年iPhone7时外界一直对这一状况表示质疑。
4 8 4 1 2 0.448
比如，高通的骁龙X16基频芯片属于千兆级别（gigabit-class）基频芯片，支持4x4MIMO，不过在iPhoneX上被禁掉了。
4 9 4 2 2 0.347
结果就是两个版本的iPhoneX在绝大多数国家的理论下载峰值速度是600Mbps。
4 10 5 1 2 0.445
其中A1865为高通基频芯片，A1901为英特尔基频芯片。
4 11 5 2 2 0.009
可以在包装盒盒底说明中查看。
5 3 1 3 3 0.465
很明显这是一款来自深圳华强北的产品，为了更好地模仿iPhoneX也使用了如今主流的全面屏设计。
5 2 1 2 3 0.205
在平台上有人出售高仿的iPhoneX，从图片里看我竟然觉得还不错。
5 4 2 1 3 0.452
虽然是全面屏，不过这款山寨iPhoneX的下巴和额头都要比行货iPhoneX宽，而且有趣的是为了进一步模仿iPhoneX的刘海，该机系统中设置了一块黑边。
5 5 2 2 3 0.175
你还别说，不仔细看真以为这就是一台iPhoneX。
5 8 3 2 2 0.465
系统方面这款山寨产品也对iPhoneX的iOS11进行了模仿，在屏幕底部出现了一条触控的黑线，实际操作手感不知道怎么样。
5 7 3 1 2 0.344
当然，该机是不支持FaeID的，而全面屏设计也让它不支持指纹识别。
6 2 1 2 2 0.481
具体来说就是，今年发布的iPhoneX这款手机，苹果直接拿掉了TouchID，而换上了人脸识别。
6 1 1 1 2 0.218
为了推广新技术，苹果总是表现的这么激进，让用户一下子没办法接受。
7 1 1 1 3 0.459
自从苹果公司宣布用一系列传感器就能巨细靡遗地记录用户面部数据，就有不少安全公司质疑这项技术的安全性。
7 2 1 2 3 0.35
警察有可能强迫用户用面部识别解锁iPhoneX，面部数据可能遭窃，营销商还可能通过面部数据评测某一手机应用的用户满意度、或广告的效果。
7 11 5 2 2 0.402
这款应用的初衷，是让用户可以制造自己的面部模型，对自己的面部进行3D打印，而它只是上千款可以获得面部数据的应用之一。
7 10 5 1 2 0.358
RinatKhanov开发的iPhoneX手机应用MeasureKit可以让用户查看开发人员可以获得哪些数据。
8 1 1 1 1 0.457
最近有产业链频繁给出消息，苹果将在明年开启更大屏幕iPhoneXPlus的生产工作，而至今这款机器还没面世的原因在于OLED屏幕产能依然有限。
8 3 2 2 2 0.471
现在爆料达人BenjaminGeskin根据自己收集到的消息，制作出了iPhoneXPlus，和iPhoneX、iPhone8相比，这款XPlus大了一圈。
8 2 2 1 2 0.395
其实iPhoneX采用了全面屏设计，去掉了Home键，在保证屏幕足够大的同时也能很好地保证单手握持。
10 2 2 1 1 0.448
这不，这个黑客在11月初举办的第十二届POC安全大会上针对苹果最新机型iPhoneX上搭载的iOS11.1.1系统，成功实现越狱。
11 3 1 3 3 0.421
上周，iPhoneX的预计发货时间还是1-2周，可见iPhoneX的供应改善非常快。
11 2 1 2 3 0.259
目前，在美国地区，所有型号的iPhoneX预计发货时间都显示为5个工作日。
11 8 3 2 2 0.426
这次产能的提升也意味着苹果今年第三季度iPhone的出货量可能比预期提升10-20%
11 7 3 1 2 0.209
目前，富士康每天的iPhoneX出货量在45-55万之间，之前只有5-15万左右。
12 3 1 3 3 0.559
而今年iPhoneX和三星Note8这两款旗舰机型更是让大家激动不已。
12 2 1 2 3 0.136
在他们的竞赛中，各种黑科技被研发出来，同时造福了消费者们。
12 4 2 1 4 0.43
今年是全面屏爆发的一年，各家厂商纷纷推出涵盖各个价位段的全面屏手机。
12 5 2 2 4 0.421
三星采用的是去掉Home键，收窄额头和下巴的做法。
12 6 2 3 4 0.39
而苹果则是取消了Home键后，将边框做到最窄，只保留了部分额头，形成了一个刘海。
12 7 2 4 4 0.407
而据悉三星的新机S9将会更加惊艳，采用了无下巴的设计，屏占比将达到惊人的89.53%，比iPhoneX的81.67%要大很多。
14 1 1 1 2 0.5
【手机中国新闻】iPhoneX已经发售多时，其受欢迎程度也远远超过预期，以致于苹果开始减少iPhone8系列的生产，并开始大规模生产iPhoneX。
13 1 1 1 1 0.249
【瑞信：投资者对iPhoneX的销售情况持谨慎态度】瑞信分析师表示，iPhoneX在香港灰色市场加价幅度缩水，加之缺乏来自中国的正面数据，表明人们对iPhoneX抱有谨慎态度。
14 2 1 2 2 0.455
商人出身的库克当然也注意到了iPhoneX的大卖，所以苹果明年将推三款不同尺寸的全面屏iPhone，来争夺市场份额。
14 3 2 1 1 0.475
此前在推特上多次爆料iPhoneX的小哥@VenyaGeskin1近日又爆出猛料，他直接拿了一台6.5英寸的iPhoneX模型与目前在售款iPhoneX和iPhone8Plus进行对比，非常直观地让大家感受到这台6.5英寸旗舰的威慑力。
14 4 3 1 1 0.401
据悉，明年苹果非常有可能推出三款iPhone，满足不同用户的不同需求，当然这款6.5英寸旗舰的售价也绝对不会便宜，售价过万应该不是问题，有望成为史上最贵iPhone，小编的肾已经开始隐隐作痛了。
15 1 1 1 1 0.419
新浪科技讯北京时间12月1日早间消息，谷歌地图iOS版刚刚进行更新，可以支持iPhoneX的屏幕。
18 1 1 1 4 0.489
谷歌今天更新了iOS版地图应用，并加入了对iPhoneX设备的支持。
18 2 1 2 4 0.332
升级之后，谷歌地图可以在iPhoneX上全屏显示，应用的顶部为搜索条，底部提供了导航和信息展示功能。
18 3 1 3 4 0.413
下面是谷歌地图4.41的完整更新说明。
18 4 1 4 4 0.179
点击这里免费下载
19 1 1 1 1 0.412
高通（Qualcomm）试图限制iPhoneX在美国的销售，这是最新一轮指控苹果（Apple）专利侵权的诉讼。
19 4 4 1 1 0.41
在事件最新进展中，高通指控苹果侵犯16项专利，包括很多智能手机功能，从用户界面和电池管理到摄像头自动对焦。
20 3 3 1 2 0.53
在高通向加州南部地方法院递送的这份起诉书中，他们提到了苹果的多款产品，其中就包括iPhone7、iPhone8和iPhoneX。
20 4 3 2 2 0.249
在这个专利侵权中，高通认为A10处理器使用了美国专利号8063674的专利，即核心和控制网络中降低能耗的方法。
22 1 1 1 4 0.451
TechWeb报道在iPhoneX发布之前，曾经在网上流传了一种说法，就是iPhoneX将有一款腮红金的新配色。
22 2 1 2 4 0.533
而随着iPhoneX的发布，苹果官方也没有发布这款新颜色设备。
22 3 1 3 4 0.323
用户们以为就是网络上的谣传，再加上iPhoneX的新功能赚曝眼球，所以大家对这个颜色也就不了了之了。
22 5 2 1 1 0.444
从曝光的谍照来看，该款iPhoneX的后壳和边框均采用了新的配色—腮红金，相比三星刚刚推出的枫叶红版S8要低调内敛不少，同时这种配色细细端详之后感觉还是非常好看的。
22 6 3 1 3 0.451
目前iPhoneX仅有深空灰和银色两种配色，此次腮红金版的上市，相信也能让iPhoneX再次获得消费者的关注，引发新一轮的抢购热潮。
22 7 3 2 3 0.28
苹果在之前的iPhone中先后尝试了土豪金、玫瑰金、亮黑以及中国红等配色，对于中国的用户来说也非常吃这一套、。
22 10 4 2 2 0.42
准备购买iPhoneX的小伙伴，不打算等到明年1月份直接入手腮红金版本么？
22 9 4 1 2 0.32
目前从已知的消息来看，iPhoneX腮红金版只是在配色方面做出改变，配置和深空灰及银色是完全一样的，价格方面也同样是64GB8399元，256GB9688元。
24 4 3 1 1 0.433
二、据Rosenblatt调查显示，苹果“黑色星期五”周末促销活动中，共卖出去600万台iPhoneX手机，而且都是256GB版本的，保守估计，单单这一个促销活动中，苹果差不多就卖出千万台左右iPhoneX。
24 13 10 1 2 0.594
按照目前手机产品发展的趋势，今年推出首款采用OLED屏幕的iPhoneX之后，苹果会在此基础上推出多款iPhoneX系列的后续产品，不仅会继承iPhoneX的设计，也会继承iPhoneX的命名。
24 14 10 2 2 0.295
所以明年的iPhone可能命名为iPhoneXs和iPhoneXsPlus，2019年的可能会叫iPhoneXI和iPhoneXIPlus，2020年的则叫iPhoneXIs和iPhoneXIsPlus。
24 17 11 3 3 0.488
尺寸方面则会提供5.8英寸和6.5英寸两个搭载OLED屏幕的版本和一个6.1英寸的LCD屏幕的版本，外观的其他方面预计不会变，或者只有极小的细节调整。
24 16 11 2 3 0.345
根据目前的消息，明年iPhone的全面屏刘海设计将会成为全系标配。
24 21 13 2 2 0.432
但是据传闻显示，在下一代iPhone的基带设计上，将有不一样的地方，苹果有望在新款iPhone上引入IntelXMM7560和高通X20基带，两款基带都支持4x4MIMO，现在的iPhone仅支持2x2MIMO；这意味着下载速度将能达到1Gbps，而下载一部两小时的电影只需15秒钟，最重要的是支持双卡双待。
24 20 13 1 2 0.32
双卡双待一直是安卓手机的标配，即使是售价300块钱的安卓手机也会标配双卡双待，而iPhone价格都快涨到10000了，仍然没有支持双卡双待。
24 24 15 1 1 0.456
下一代处理器一定还会按照此前的传统走，搭载A12处理器；无线充电和充电技术应该也会延续iPhoneX的配置规格；电池大小应该视手机尺寸而定。
25 1 1 1 1 0.518
现在，我们不得不承认苹果在几周时间间隔内推出iPhone8、8Plus和iPhoneX的战略是成功的。
25 5 3 2 3 0.428
他们可能并不想要升级幅度较小的iPhone8，尽管它也有无线充电功能，而且配置了强大的A11Bionic芯片。
25 4 3 1 3 0.357
人们担心，推出比iPhoneX价格更便宜、创新更少的手机，可能会将看重“创新性东西”的iPhone用户置于两难的境地。
25 6 3 3 3 0.383
但是，他们又不大愿意支付大约1000美元的超高价格来购买一部iPhoneX。
25 7 4 1 1 0.48
甚至在苹果正式发布其“未来的智能手机”前，分析师们就警告称，iPhoneX上采用的各种新科技——OLED屏幕、TrueDepth摄像头模块、面部识别技术以及各种优质材料——可能会大大延缓生产，导致严重供不应求的局面出现。
25 17 11 2 5 0.444
iPhoneX代表了苹果对未来iPhone的设计，因此它无疑就是这种带有光环的产品。
25 16 11 1 5 0.275
带有光环的产品往往有助于加深人们对于一家公司及其产品的印象。
25 18 11 3 5 0.332
它的功能、定价和材料都彰显了苹果的野心。
25 20 11 5 5 0.471
但是，由于苹果价格相对较低的iPhone8中也有iPhoneX的某些特色（如无线充电功能和A11Bionic芯片），因此那些想要iPhoneX但却买不起的消费者可能会退而求其次，选择购买iPhone8。
25 19 11 4 5 0.22
它就是消费者想要的产品，就算他们买不起。
25 28 15 2 3 0.42
苹果零售店里摆放着数百部iPhoneX，消费者蜂拥进来，然后拿着新买的iPhoneX满意而归。
25 27 15 1 3 0.084
但是，这样的情景从来没有出现过。
25 29 15 3 3 0.181
在社交媒体Twitter和Facebook上，有无数购买到iPhoneX的人兴奋地分享了自己的喜悦之情。
25 31 16 2 5 0.432
他们售出了4670万部iPhone。
25 30 16 1 5 0.386
根据苹果的最新财报显示，在iPhone8推出后的头两个月，iPhone的销售情况非常不错。
25 32 16 3 5 0.391
苹果从来不会分开说明各款机型的销量，但是库克确实打消了人们的这种想法：消费者宁愿放弃购买iPhone8和8Plus，转而等待即将到来的iPhoneX。
25 35 17 1 3 0.498
次日，库克披露称，苹果错开推出iPhone8（以及8Plus）和iPhoneX并不是营销上的噱头，或精心炮制的旨在促进销量的计划。
25 36 17 2 3 0.338
相反，苹果之所以这样做，是因为iPhoneX还没有准备到位。
25 41 21 1 1 0.573
显然，苹果研发iPhoneX以及同时推出iPhone8、8Plus和iPhoneX，它是冒了很大风险的。
25 49 27 1 1 0.41
在苹果零售店的网站上，预定太空灰256GB版iPhoneX的消费者有望在今年12月中旬拿到货，而不必等到2018年。
25 50 28 1 3 0.428
本月初，郭明錤发布了一份投资者简报，声称iPhoneX的日产量约为50万部。
25 51 28 2 3 0.169
他还认为，到今年底，苹果的出货量可能“比先前预期的高10-20%”。
26 1 1 1 3 0.417
【TechWeb报道】苹果iPhone的设计语言一直以经典著称，每代产品都会谨慎选择配色方案。
26 2 1 2 3 0.268
经典的深空灰与银色也同样收到了消费者一直以来的青睐。
26 5 2 2 4 0.529
据悉明年的iPhoneX依然将会使用OLED屏幕，屏幕尺寸将为5.8英寸和6.2英寸，同样支持面容ID，机身也将采用传统配色。
26 4 2 1 4 0.36
日前，供应链人士！手机晶片达人透露了明年新一代iPhoneX的细节。
26 6 2 3 4 0.408
不过还有一种说法，是苹果将推出低价版的iPhoneX，定位和iPhone5C差不多，同属中低端市场。
26 7 2 4 4 0.491
该款廉价版iPhoneX将采用7种机身配色，至于使用面容ID还是TouchID目前还没有定案，不过在配置方面相比iPhoneX应该会有缩水，目前倾向于也做全面屏加3D结构光。
27 4 2 1 4 0.426
iPhoneX以其独特的全面屏设计和新加入的手势操控及面部ID收到了全球消费者的青睐，毕竟从iPhone6/6Plus时代开始，苹果对于iPhone的外观基本上改动不大，消费者在多年的使用后逐渐产生了审美疲劳。
27 5 2 2 4 0.256
而iPhoneX的惊艳设计也让用户们跃跃欲试，不少人都很想尝试全新的操作和感官体验。
27 8 3 1 2 0.402
除了iPhoneX，苹果的iPad和Airpods在黑五期间也成为了非常抢手的产品。
27 9 3 2 2 0.327
由于AirPodas的产能提升，现在购买不再需要等待几周甚至一个月的时间，在目前国内的苹果官网，购买Airpods也只需要1-3天时间就可以发货。
28 8 4 1 3 0.476
从外观上看，iPhoneX有着较大的改变，采用了OLED屏。
28 9 4 2 3 0.433
这块OLED屏也是导致iPhoneX价格高企的重要原因之一，但是全面屏的加入带来了不错的屏幕体验。
28 10 4 3 3 0.506
5.8英寸全面屏iPhoneX和5.5英寸屏幕的Phone8Plus相比，仅仅是在体积大一点点的情况下就拥有了更大的屏幕。
28 11 5 1 2 0.469
配合全屏幕，iPhoneX去掉了Home键，采用了面部识别FaceID。
28 12 5 2 2 0.347
虽然相比于已经成熟的第二代指纹识别，FaceID在速度上并没有优势，但使用起来更显得自然。
28 13 6 1 3 0.536
背面来看，苹果的三款新手机都采用了双面玻璃+金属边框的设计，但是iPhoneX的摄像头降噪麦克和闪光灯集成在于一起。
28 14 6 2 3 0.374
三款手机拍照对比之下，iPhoneX的画面相当纯净，而iPhone8和iPhone8Plus都有不同程度的噪点，经过实测发现，iPhone8Plus在这种暗光环境下有很大几率不开启长焦镜头，因为长焦镜头没有光学防抖会更加模糊，但相比iPhone7Plus有小小的提升，能够接受的弱光程度比之前强了。
28 16 7 1 3 0.472
从市场流行的跑分测试上看，三款手机差别不大，但在3D性能上，明显iPhoneX偏弱，这是因为iPhoneX采用了2436*1125像素的分辨率，苹果称之为超视网膜屏幕。
28 17 7 2 3 0.259
因此，相比8和8P的视网膜屏幕，显然更需要性能来带动。
28 18 7 3 3 0.504
在处理多任务上，iPhone8Plus和iPhoneX显得更加游刃有余，这是因为iPhone8Plus和iPhoneX采用了3GB的内存，而iPhone8只有2GB。
28 20 9 1 1 0.451
一直遭果粉的吐槽的苹果手机电池续航能力，这次在电池容量上也有提升，iPhoneX由于采用了双电池设计，因此在小机身内也实现了2716mAh的电池，配合Qi无线充电和PD快充的黑科技，30分钟最高充进50%的电量。
28 21 10 1 1 0.426
按照苹果官方的价格，64GBiPhoneX比同样大内存的iPhone8和iPhone8Plus分别高2500元和1700元，主要体现在拥有更好的手感和屏幕、更强大的夜景拍摄能力和新技术的加持上。
28 25 12 2 3 0.49
另外，还有2190万人在使用iPhone5s，或者更老机型的iPhone系列智能手机。
28 24 12 1 3 0.26
而根据市场研究调查comScoreMobiLens的资料显示，截至2017年底为止，美国大约有4840万人在使用iPhone6系列手机。
28 26 12 3 3 0.323
如果过去的升级趋势能在这次的新iPhone手机上获得延续，那么单就美国市场来说，就有7000万人将会升级到苹果最新手机。
28 46 26 1 5 0.534
至于iPhoneX推出“FaceID”后，3D感测或是下一代手机的时尚配置之一。
28 47 26 2 5 0.248
苹果官网介绍，面容ID功能通过原深感摄像头来实现，设置起来也非常简单。
29 6 2 1 2 0.438
目前有网友晒出了iPhoneX的最新报价，国行256GB的iPhoneX售价仅为9500元，已经跌破了官方9688元的发行价。
29 7 2 2 2 0.327
64GB版本售价8400元基本与发行价8388元持平。
30 2 2 1 2 0.404
600万部是怎么样的概念？国外网站StreetInsider报道，上个季度，苹果公司销售3930万部iPhone。
30 3 2 2 2 0.356
换算下来，苹果通常在4天内销售大约175万部的iPhone，所以这个周末对于苹果来说是一个“巨大”的周末，更何况并没有计算其他iPhone机型的销售。
30 5 3 2 2 0.448
整体而言，苹果公司自销售以来，可能售出了1500万部的iPhoneX。
30 4 3 1 2 0.355
Rosenblatt还指出，苹果目前每周生产300万部iPhoneX，但是在短短的几周内，这个数字可能会成长到每周400万部。
31 5 3 1 1 0.431
据彭博社报道，苹果已经测试京东方的OLED屏有几个月时间，目前双方正在商讨某种合作，比如后者加入iPhone屏幕的供应商队伍中，为2018年某款iPhone供应屏幕。
32 2 1 2 3 0.578
而由于今年苹果推出了采用OLED全面屏设计的iPhoneX，因此新一代iPhoneX机型格外受到用户关注。
32 1 1 1 3 0.153
【手机中国新闻】每到这个时候，下一代iPhone的消息就会多起来。
32 3 1 3 3 0.343
日前，供应链人士@手机晶片达人透露了明年新iPhoneX的细节。
32 4 2 1 3 0.538
据称，明年的三款新iPhone将有两款使用OLED屏，其屏幕尺寸分别为5.8英寸和6.2英寸，将支持人脸识别，机身配色也是传统的颜色。
32 5 2 2 3 0.45
除此外，苹果还将推出低价版的iPhone，根据以往的传闻该机应该为低价版iPhoneX，而该版本将提供多达7种的机身配色，但会采用指纹识别还是改用人脸识别目前还没有定案。
32 6 2 3 3 0.348
当然，苹果目前的倾向是做成全面屏加3D结构光的FaceID。
32 8 3 2 4 0.498
据称它将采用6.1英寸LCD屏，代号为“杭州”，而配备6.2英寸OLED显示屏的iPhoneXPlus的代号为“里斯本”。
32 7 3 1 4 0.361
其实，低价版iPhoneX早前就曝光过。
32 9 3 3 4 0.486
高端iPhoneX和廉价iPhoneX的相同之处是都将采用全面屏，而不同则在于屏幕材质的选择以及售价上的区别。
32 10 3 4 4 0.283
但对于用户来说，能以更低的价格体验到最前端的科技算是件好事，廉价版iPhoneX也会因此受到不少青睐。
33 2 1 2 3 0.458
三星首款全视曲面屏手机S8让我们再一次看到了三星的设计实力。
33 1 1 1 3 0.294
【手机中国新闻】三星对于屏幕的研究可谓是登峰造极，无论是之前的曲面屏，还是如今的全面屏大潮中，三星都是领军人物。
33 3 1 3 3 0.204
目前大家都在纷纷猜测明年的S9将会是什么样子，外国大神就曝光了一组谍照，我们一起看看吧。
34 3 3 1 1 0.475
罗森布拉特证券公司的数据还表明，黑五周末卖出的600万部中，256GB版的销量是64GB版的两倍，这也就意味着256GB版iPhoneX在黑五周末卖出了400万部，64GB版为200万部。
34 4 4 1 2 0.407
256GB版iPhoneX销量更高，也就意味着苹果的利润会更高。
34 5 4 2 2 0.399
256GB虽然存储容量更大，但其他硬件配置相同，售价却高出了150美元，而此前外媒的iPhoneX成本分析表明，256GB的存储成本仅为45美元，苹果能多赚105美元。
34 6 5 1 1 0.447
罗森布拉特证券公司预计，在有圣诞购物季的今年四季度，iPhoneX的销量将超过3000万部，而苹果公司此前预计这一季度iPhone的整体销量将超过8000万部，销量和销售收入都将创下新高。
35 2 2 1 2 0.486
上周，越南安全公司Bkav使用3D打印人脸面具，轻松破解了iPhoneX的FaceID，成功解锁iPhoneX。
35 3 2 2 2 0.312
不过，当时他们使用的人脸面具制作流程很复杂，需要先3D打印框架，然后使用硅胶制作鼻子，最后再使用图片合成，并对特殊区域进行处理。
36 7 5 1 3 0.429
随着节假日黄金购物季的到来，Rosenblatt的报告指出，在这次的购物季里苹果总共会售出大约3000万部iPhoneX。
36 8 5 2 3 0.276
当然，苹果自己也对本季度的表现非常乐观，提前预测季度营收将会创造历史。
37 1 1 1 1 0.404
当前的中小尺寸OLED屏上，三星近乎处于垄断的地位，连苹果都不得不屈身把iPhoneX所有的屏幕订单都交给他们来做，当然LG、夏普、京东方等屏幕厂也都在发力。
37 2 2 1 1 0.426
为了能追赶上三星的步伐，京东方一直都在发力OLED屏，这个发力除了研发还有就是产能的提升，比如上个月他们成都的6代柔性OLED面板产线已经全力投入使用，后续还有武汉的屏幕工厂。
37 3 3 1 1 0.441
据彭博社报道称，苹果已经测试京东方的OLED屏有几个月时间，目前双方正在商讨某种合作，比如后者加入iPhone屏幕的供应商队伍中，为2018年某款iPhone供应屏幕（有可能是iPhone9、iPhoneX）。
38 3 2 1 2 0.402
美国本土iPhoneX64GB版售价为999美元，256GB版售价为1149美元，区别只在于增加了192GB闪存，售价却提高了150美元，因此256GB版能够给苹果带来更高的利润。
38 4 2 2 2 0.336
国行iPhoneX64GB版售价为8388元，256GB版售价为9688元。
38 7 4 1 1 0.453
除了热卖的iPhoneX，黑五期间iPad和AirPods也成了苹果旗下非常抢手的产品。
39 7 4 1 3 0.419
作为一项“重要”更新，iPhoneX支持无线充电，手机背部玻璃面板下方就是无线充电线圈，这显然没有给指纹识别留下空间（除非继续增加手机厚度）。
39 8 4 2 3 0.256
通过此前拆解，可以看到在玻璃面板下方其实还有一个金属框架，而为了保证无线充电，金属框架也被挖出了一个区域。
40 5 3 1 3 0.447
剩下三部广告片集中展示了iPhoneX面容ID的作用。
40 6 3 2 3 0.326
面容ID除了日常解锁设备外，还可以用于支付，这应该是目前唯一一款使用人脸识别做为支付手段的手机。
40 7 3 3 3 0.432
另外两部广告则展示了iPhoneX面容ID的两个特性——夜间解锁和变装解锁。
40 11 5 2 4 0.426
而除此以外，iPhoneX还具备全面屏，人像光效以及新的交互手势等等特性。
40 10 5 1 4 0.399
自9月iPhoneX发布以来，苹果公司将原深感镜头作为主要营销卖点。
40 12 5 3 4 0.419
目前，苹果公司已经提升产能，iPhoneX备货周期缩短至1-2周。
40 13 5 4 4 -0.048
（苏航）
41 2 2 1 1 0.451
这个周末促销活动中，256GB版本iPhoneX的销量大体是64GB版本的两倍，也就是说保守估计，单单这一个促销活动中，苹果差不多就卖出了千万台左右iPhoneX。
42 2 2 1 2 0.573
自身原因在于相比iPhone7，iPhone8系列的升级幅度非常小。
42 3 2 2 2 0.568
外部原因是iPhoneX，全新的外观设计使得众多果粉纷纷抛弃iPhone8，选择了iPhoneX。
42 5 3 2 2 0.419
如今随着iPhoneX的产能大幅增加，价格也出现了下调。
42 4 3 1 2 0.312
不过即便是iPhoneX，加价幅度没有之前那么夸张。
42 6 4 1 1 0.458
今天数码博主@肥威晒出了iPhoneX的华强北报价，可以看到原本高于首发价的国行256GB版本iPhoneX如今破发了，黑色版和白色版均是9500元，比原价便宜了188元，而64GB版本出现小幅涨价，高于首发价。
44 4 3 1 2 0.41
从目前曝光的消息来看，明年的新款iPhone依然会延续iPhoneX的设计，可能增加到3款；而三星新旗舰S9则会进一步压缩额头，同时接近零下巴，屏占比有望提升到90%左右。
44 5 3 2 2 0.178
而小米MIX3目前尚未有更多信息。
44 8 6 1 2 0.522
据悉，三星S9系列将提前到明年1月的CES大展上发布。
44 9 6 2 2 0.369
不出意外的话，新机将搭载骁龙845/Exynos9810处理器，采用竖排双摄，继续保留虹膜、指纹以及人脸识别，S9提供4+64GB起步，S9+提供6+64GB起步，保留3.5mm耳机孔。
45 1 1 1 2 0.424
【TechWeb报道】苹果iPhone每一次加入全新功能，都能引发开发者市场的一次功能升级，这不iPhoneX发布后，FaceID就成了用户和开发者围绕的重点功能。
45 2 1 2 2 0.315
微信在发布不久就支持FaceID支付后，支付宝在今天也升级了此项功能。
45 3 2 1 2 0.427
今天iOS版支付宝带来了10.1.8版本更新，最大的亮点就是完美适配iPhoneX，支付设置新增“面容ID支付”，开启后即可实现刷脸支付。
45 4 2 2 2 0.398
作为国内数一数二的支付软件，支付宝的此项升级，无疑提升了iPhoneX用户体验。
47 2 1 2 3 0.412
而今年，苹果iPhoneX带来了全新的人脸识别，取消了TouchID指纹Home键，支付是否还能像以往一样方便快捷呢？事实上，iPhoneX上市不久后，微信就第一时间支持了FaceID支付。
47 1 1 1 3 0.281
移动支付普及大潮下，是否成为微信、支付宝指纹支付，甚至成为一款手机的卖点之一，可见消费者对其便捷程度的认可。
47 3 1 3 3 0.351
上周曝光的支付宝iOS全新内测版显示，新版也支持FaceID支付了。
48 1 1 1 3 0.408
和讯科技iPhoneX自推出以来，人们对“欺骗面部识别（FaceID）”乐此不疲。
48 2 1 2 3 0.446
苹果的iPhoneX内置了新的生物面部识别技术，作为其主要解锁以及支付工具。
48 3 1 3 3 0.001
然而截至到目前，FaceID已被双胞胎、儿童、甚至面具欺骗多次。
49 1 1 1 1 0.478
还是那个泄密大神BenjaminGeskin，这次他带来了2018年iPhone产品线中新增的那款6.5英寸iPhoneXPlus(暂时称呼)的3D打印机模。
49 2 2 1 2 0.493
从对比图可以看到，iPhoneXPlus比左侧的5.5英寸iPhone8Plus还要大一圈，但由于是全面屏设计，也就是说iPhoneXPlus的屏幕相当于iPhone8Plus机身尺寸大小。
49 3 2 2 2 0.268
设想一下iPhone8Plus那么大一块屏幕握在手里的感觉，绝对够震撼!
50 2 1 2 3 0.414
三星与LG作为韩系手机的代表作，总是在每年的二三月份推出新款旗舰。
50 1 1 1 3 0.397
【PChome手机频道资讯报道】智能手机的发布时间是有迹可循的，比如苹果总是在9月份推出新机，安卓手机的数量众多，年初的CES/MWC两场重磅展会是不少重磅机型的发布选择。
50 3 1 3 3 0.377
然而据韩国方面的消息称，三星与LG可能会在2018年提前新机发布计划，GalaxyS9/LGG7两款重磅旗舰会在1月份就提前发布。
50 5 2 2 3 0.487
三星希望迅速推出一款能够与iPhoneX抗衡的新机，来抢占这部分市场。
50 4 2 1 3 0.31
虽说三星与LG都选择提前发布，然而它们的目的却不太相同。
50 6 2 3 3 0.148
LG则是不愿落后，以免新机不能及时进入市场而被抢先。
51 1 1 1 1 0.442
今年最热门的iPhoneX比起之前几代苹果手机有了重大的变化，取消物理Home键和指纹识别，启用全新的OLED全面屏，搭载人脸识别和无线充电，虽然很多预订iPhoneX的果粉还没拿到手机，但这不妨碍大家期待明年的iPhone还会有什么惊喜，而最近也有许多关于苹果手机未来的传闻。
51 3 3 1 1 0.413
所以，2018年的上半年苹果可能会发售第二代iPhoneSE手机，以满足中端市场的需求，当然，新的iPhoneSE可能不会包含iPhoneX上众多最新技术。
51 4 4 1 1 0.56
今年的iPhone8系列和iPhoneX系列采用了截然不同的设计语言，不过这样的情况应该不会延续到下一代iPhone身上，凯基证券的分析师郭明池在一份预测报告中提到，2018年的iPhone将统一使用iPhoneX的设计语言，全面屏刘海设计将会成为全系标配。
51 5 5 1 1 0.496
尺寸方面则会提供5.8英寸和6.5英寸两个搭载OLED屏幕的版本和一个6.1英寸的LCD屏幕的版本。
51 6 6 1 1 0.481
目前的iPhoneX和iPhone8系列之支持2x2MIMO天线，明年的iPhone还可能会进一步提升LTE天线技术，可以支持4?4MIMO标准，这意味着下载速度将能达到1Gbps，而下载一部两小时的电影只需15秒钟。
54 1 1 1 3 0.408
据tom’sguide网站报道称，苹果发布iPhoneX的时间还不长，但很显然的是，起步价999美元（约合人民币6581元）的这款手机掀开了苹果智能手机历史的新篇章。
54 2 1 2 3 0.51
iPhoneX淘汰了实体Home按键和TouchID指纹传感器，采用OLED显示屏覆盖几乎整个机身正面的新设计。
54 3 1 3 3 0.396
此外，iPhoneX还配置面容ID传感器，支持无线充电功能，它受到用户青睐并不让人感到意外。
54 4 2 1 2 0.452
现在iPhoneX上市销售已经有一段时间，传言转向了明年的iPhone。
54 5 2 2 2 0.393
如果相关媒体报道属实，苹果明年很有可能把今年iPhoneX中的特性，用于更多型号产品中。
55 1 1 1 3 0.527
今天谷歌多款iOS应用获得更新，增加了对iPhoneX的适配以及对iOS11系统的优化。
55 2 1 2 3 0.165
其中包括Google文档、Google幻灯片和Google表格。
55 3 1 3 3 0.488
适配iPhoneX方面，谷歌办公套件现在可以充分利用苹果这款新手机的全面屏，界面也扩展至屏幕的四个角，不会再有黑边影响文档的阅读。
59 1 1 1 1 0.489
【中关村在线新闻资讯】11月27日消息，日前有外媒爆料，苹果相关人士称明年的这三款新iPhone将不会沿用iPhone8的系列称号，而是沿用自iPhoneX。
59 4 2 3 3 0.421
在iPhoneX出现之前，苹果就用罗马数字X来命名MacOS，将其命名为OSX。
59 3 2 2 3 0.378
苹果用罗马数字来命名产品序列其实早有先例。
59 5 3 1 2 0.526
早前，凯基证券分析师郭明池预测，苹果明年还会推出Plus版iPhoneX，屏幕依旧是采用OLED材质。
59 6 3 2 2 0.357
同样配置也会提升，不过不会采用后置TrueDepth摄像头。
59 7 4 1 2 0.409
不过，明年苹果所有的新iPhone都会抛弃TouchID。
59 8 4 2 2 0.283
郭明池还指出，明年FaceID可能还会装进新iPadPro。
60 1 1 1 2 0.482
【TechWeb报道】苹果发布了iPhone8系列手机和iPhoneX手机，不过市场表现似乎与苹果预期的不太一样，iPhone8的表现并不好，没能勾起消费者的购买欲望。
60 2 1 2 2 0.482
iPhoneX却迎来了热销，所以苹果不得不放弃了一部分iPhone8手机的生产线，而转投到了iPhoneX上面。
60 5 4 1 3 0.487
今年iPhoneX配备了全面屏幕，尽管有“刘海”屏幕但的确是很有特点的一款手机，而且是苹果首次使用OLED屏幕并加入了面部识别功能。
60 6 4 2 3 0.481
可以说iPhoneX才是一款真正具有创新味道的产品，而iPhone8相形见绌了不少，这也导致iPhone8的市场需求量降低。
60 7 4 3 3 0.462
有传闻苹果会放弃传统的设计风格，全面转向iPhoneX的设计方式。
61 4 1 4 4 0.407
归结于iPhoneX的刘海全面屏和原深感摄像头，本来产能不足的iPhoneX在发售初期并不被看好，甚至最早时候订单的发货时间都已经延长到了5—6周。
61 3 1 3 4 0.152
知道11月3日iPhoneX首批发货，可以说让黄牛党们很心塞。
65 2 1 2 2 0.41
iPhoneX刚发布时，天猫更新iOS客户端，还特意将自家的两个猫耳朵放在iPhoneX“刘海”两侧，真是两猫同体了。
65 1 1 1 2 0.387
众所周知，苹果引以为傲的iPhoneX所采用的异形全面屏有着别致的“刘海”和两个撅起的“耳朵”。
66 1 1 1 3 0.526
iPhoneX一经发售就受到了追捧，全新的全面屏设计，出色的FaceID等，都为这款手机加分不少。
66 2 1 2 3 0.305
即使这款手机售价接近万元，也丝毫没有打击用户对它的向往，一边咬着牙购买，一边安慰自己多用几年就够本了。
66 5 2 2 2 0.418
其中指明了搭载OSX操作系统的MacBook以及搭载tvOS操作系统的AppleTV使用周期约为4年，而搭载iOS操作系统的iPhone、iPad等设备使用周期约为3年。
66 4 2 1 2 0.261
近日，有媒体曝出一个疑似苹果内部的文件，该文件旨在研究Apple如何执行产品的温室气体排放生命周期。
66 10 4 2 2 0.401
实际上大部分的产品使用时间会长得多，3年只是iOS设备的典型使用期。
66 9 4 1 2 0.376
虽然文件中指出，搭载iOS操作系统的iPhone、iPad等设备使用周期约为3年，但这些数据都是苹果在极端恶劣情况下的保守估计。
67 1 1 1 2 0.528
由于采用了带刘海全面屏以及原深感摄像头，这使得iPhoneX成为特别难生产的一款设备，该机上市也比iPhone8和8Plus要晚一个多月。
67 2 1 2 2 0.315
在首发上市的时候，iPhoneX供货非常有限，订单的发货时间甚至还延长至5-6周。
68 1 1 1 2 0.438
今年，为了纪念iPhone诞生十周年，苹果带来了全新的iPhoneX（即iPhone10），这样以来，原有的命名体系将被打乱。
68 2 1 2 2 0.345
明年很可能不再有iPhone8s，全部以iPhoneX为基础命名。
68 3 2 1 1 0.587
据外媒报道，苹果明年推出的新款iPhoneX可能都会采用iPhoneX系列命名，不再延续之前的阿拉伯数字命名，统一采用罗马数字，比如iPhoneXs、iPhoneXsPlus。
68 6 5 1 1 0.566
三款新iPhone都将采用iPhoneX类似的全面屏设计，同时支持FaceID面部识别。
71 6 6 1 1 0.404
为了看看iPhoneX长焦镜头的表现，DanProvost使用了上代旗舰iPhone7Plus和IPX来进行对比测试。
72 5 3 3 3 0.446
对于大多数用户选择购买这款iPhoneX的原因来看，大家对其首次搭载OLED全面屏设计，以及面容ID和无线充电功能都充满了期待，因此，最然距离发布时间许久才正式开售，但依旧不减大家对它的热情。
72 4 3 2 3 0.307
但随着销售范围的不断扩大，iPhoneX在产能上的提高也尤为明显，绝大部分国家和地区的发货时间已经缩短到了一至两周，相比于国行版刚刚发售时的时间，着实令人心里宽慰不少。
78 1 1 1 1 0.484
今年苹果史无前例的推出了三款新iPhone，不过iPhoneX才是他们重头戏，毕竟这款手机无论外形，还是售价都是现阶段iPhone最大的一次突破。
77 2 1 2 2 0.015
（转载自phonearena）
78 5 5 1 2 0.438
目前iPhoneX国行预订后发货时间是1-2周，而除了银色256GB版外，其余配色都非常好购买。
78 6 5 2 2 0.4
作为一款万元手机，iPhoneX订单追加，苹果一定能乐开花了。
79 6 6 1 1 0.411
同时，国行版的发货速度也大大加快，全部版本都只需1-2周。
80 2 2 1 1 0.415
从文件中可以看出，搭载OSX操作系统的MacBook以及搭载tvOS操作系统的AppleTV使用周期约为4年，而搭载iOS操作系统的iPhone、iPad等设备使用周期约为3年。
83 1 1 1 1 0.466
【TechWeb报道】之前有消息称第二代iPhoneX有至少三款，而且会有降低屏幕规格的版本，也就是使用LCD屏幕而不是OLED屏幕。
85 6 2 4 4 0.47
受这些消息影响，iPhoneX的黄牛价已经掉到和苹果官网基本平齐的9700元，原本持观望态度的消费者将目光重新投向前期遇冷的iPhone8，导致iPhone8售价反弹。
85 5 2 3 4 0.232
手握iPhoneX货源的黄牛们都觉得被“坑大了”。
85 7 3 1 3 0.411
iPhone8和iPhoneX让不少黄牛揪心，他们背后是拥有手机市场定价权的北京中关村手机渠道商。
85 8 3 2 3 0.208
虽然中关村卖场正被普通消费者遗忘，但中关村卖场仍是华北最大的电子市场，也是华北最大的电子产品货源中心。
85 23 10 1 3 0.431
“消费者的态度转换得非常快，”这也造成了iPhone8售价的持续回升，iPhoneX负面消息传出后仅几天时间，iPhone8的价格就回升了300多元。
85 24 10 2 3 0.25
林海安拿到的最新渠道报价单显示，iPhone8Plus（256G）的价格相对坚挺，相比最低跌去一千余元，目前回升到低于发行价六七百元。
85 54 22 1 1 0.514
iPhoneX屏幕烧屏现象、冬天屏幕失灵、面部解锁失败等问题陆续走进公众的视野，原本对iPhone8持观望态度，等待iPhoneX发售的消费者，重新将目光投向了iPhone8。
85 56 23 2 2 0.439
作为苹果最贵高端旗舰手机，在质量上出现硬伤，让苹果在口碑上出现了问题。
85 55 23 1 2 0.372
一位消费者说，“iPhoneX更像是一份纪念品，而非一部成熟的产品。”掉漆这种产品质量上的硬伤出现在iPhoneX上是很没有诚意的表现。
86 4 1 4 4 0.483
原本持观望态度的消费者将目光重新投向前期遇冷的iPhone8，导致iPhone8售价反弹。
86 3 1 3 4 0.038
黄牛们都觉得被“坑大了”。
87 1 1 1 1 0.398
中关村在线消息：iPhoneX作为今年最受关注的手机，自上市一始便一机难求，而苹果方面也在努力改善其供货能力，继北美地区发货时间缩短后，国行也于今日同步加快发货时间，目前官网显示的发货时间已调整为1-2周。
88 1 1 1 1 0.461
苹果iPhoneX的发货速度正在提升，目前苹果北美地区官网显示，iPhoneX发货时间已经从之前的2-3周变成了现在的1-2周。
88 3 3 1 1 0.418
产业链给出的消息称，为了赶上圣诞季、农历新年这两大促销季，苹果不止一次的敦促富士康加大iPhoneX的产能，而他们甚至不惜让一大部分iPhone8的生产线变成iPhoneX的产线。
89 4 3 1 1 0.451
上周，郭明池曾表示，苹果有望在新款iPhone上引入IntelXMM7560和高通X20基带，两款基带都支持4x4MIMO和更快的LTE传输速率，相比直线现款iPhone仅支持2x2MIMO。
89 6 5 1 1 0.456
凯基证券分析师郭明池日前发布最新的投资者报告指出，明年苹果会推出两款安装OLED屏幕的iPhone，均采用不锈钢外壳。
90 4 2 2 2 0.418
其中指明了搭载OSX操作系统的MacBook以及搭载tvOS操作系统的AppleTV使用周期约为4年，而搭载iOS操作系统的iPhone、iPad等设备使用周期约为3年。
90 3 2 1 2 0.261
近日，有媒体曝出一个疑似苹果内部的文件，该文件旨在研究Apple如何执行产品的温室气体排放生命周期。
92 1 1 1 3 0.567
苹果今年史无前例地推出了三款手机，分别是看似升级很大的iPhoneX和看似没啥升级的iPhone8/8Plus。
92 2 1 2 3 0.315
三者的价格也差异较大，对于不了解这三款手机的玩家来说，今年想换一台iPhone还真的有点纠结。
92 4 2 1 3 0.427
咱们先来看看价格，iPhone8和iPhone8Plus自从9月底开售后价格就一路走低，iPhone8的最低价格在天猫的苏宁店一度低至4688元，再加上天猫的各种优惠券，不少人4588元就拿下了，而iPhone8Plus最低价格也曾低至5388元。
92 5 2 2 3 0.278
这是第一次iPhone开售后一个月就降价一千多的情况，反观iPhoneX，虽然首发没有加价太多，但官网依然要2-3周才能发货，可见其火爆程度。
92 10 4 1 1 0.471
我们先来看看这三款手机在外观上有什么区别，从正面看上去，就能明显感受到iPhoneX的区别，相比于四代同堂一直没变的iPhone8系列外观，iPhoneX在仅比iPhone8体积大一点点的情况下拥有了更大的屏幕。
92 11 5 1 1 0.426
这块屏幕为OLED材质，屏幕长宽比超过了18：9，因此看起来比iPhone8Plus还要长，但在宽度上还是iPhone8Plus更胜一筹，因此如果算上屏幕可视面积，拥有5.8英寸全面屏的iPhoneX和5.5英寸屏幕的iPhone8Plus差不多大。
92 12 6 1 4 0.473
再来看看背面，三款手机都采用了双面玻璃+金属边框的设计，比较亮眼的地方是iPhoneX的摄像头，采用了纵向排列，闪光灯也被放在了两颗摄像头的中间位置。
92 13 6 2 4 0.066
辨识度还是很高的。
92 14 6 3 4 0.445
笔者手上的这三款iPhone均为国行版，iPhone字样下没有型号等铭文。
92 15 6 4 4 0.421
值得注意的是，虽然iPhone8和iPhoneX均为深空灰色，但iPhoneX的颜色更深，更接近黑色。
92 16 7 1 2 0.502
再来看看摄像头的细节，iPhone8和iPhone8Plus的摄像头降噪麦克和闪光灯都是独立存在的，而iPhoneX则集成在了一起。
92 17 7 2 2 0.319
iPhone8和8Plus的摄像头凸起都有一个斜角，像火山一样，而iPhoneX的摄像头是竖直凸起的，且倒角做得很小，显得有些突兀。
92 20 9 1 3 0.592
额头的宽度上，iPhoneX极窄，iPhone8和iPhone8Plus差不多。
92 21 9 2 3 0.473
在听筒的长度上，iPhone8Plus>iPhone8>iPhoneX，不过三者都有扬声器和降噪麦克。
92 22 9 3 3 0.575
另外，iPhoneX的前置摄像头在右侧，iPhone8和iPhone8Plus位于听筒左侧。
92 23 10 1 2 0.455
下巴的设计上，iPhoneX是表现较好的，取消了从iPhone第一代就有的Home键。
92 24 10 2 2 0.525
全部延伸为屏幕，iPhoneX屏幕的圆角采用了独特的去锯齿优化，看起来很圆润，iPhone8系列依旧沿用上一代的设计，没有什么改变。
92 26 11 2 3 0.436
可以看到iPhone8系列的边框为铝合金，而iPhoneX为不锈钢边框，可以说各有优势，不锈钢更闪亮但也更容易手机指纹。
92 25 11 1 3 0.398
在手机底部的设计上，三款手机也略有不同。
92 27 11 3 3 0.459
三款手机都采用了Lightning接口，左侧均为麦克风，右侧均为扬声器，另外iPhone8Plus左右两侧分别比iPhone8和iPhoneX多两个开孔。
92 28 12 1 1 0.502
三款手机右侧对比，iPhoneX的电源键明显要比iPhone8和iPhone8Plus更长，也集成了更多的功能，所以iPhoneX上的这颗按键被重新命名为侧边键。
92 29 13 1 1 0.431
三款手机的左侧并没有太多不同，可以看到iPhoneX的天线带比iPhone8和iPhone8Plus更细，其他按键排布上基本一致。
92 30 14 1 1 0.426
今年iPhoneX确实在外观上有着较大的改进，全面屏的加入带来了不错的屏幕体验，这块OLED全面屏是导致iPhoneX价格高企的重要原因之一，但有些不协调的刘海设计也有些超出我们的审美观，当然，去掉了Home键，加入了全面屏也意味着交互方式的改变，我们一起来看看同样是iOS11，在交互上到底差多远。
92 31 15 1 3 0.433
笔者手上的这三款iPhone都已经升级到了最新的系统版本iOS11.1.2，同样是iOS11，但iPhoneX在交互上像完全不同的系统一样。
92 38 18 1 1 0.539
这一次，苹果显然是知道了iPhone8系列创新上的不足，因此并没有差异化iPhone8系列和iPhoneX的处理器，同样是A11仿生，2个高性能核心和4个高能效的核心，依然是64位设计，类似于ARMbig.LITTLE架构，但是架构一贯是苹果自主研发，其6个核心可以同时运行，兼顾性能和功耗。
92 39 19 1 2 0.472
从跑分上看，三款手机差别不大，但在3D性能上，明显iPhoneX偏弱，这是因为iPhoneX采用了2436*1125像素的分辨率，苹果称之为超视网膜屏幕。
92 40 19 2 2 0.259
因此，相比8和8P的视网膜屏幕，显然更需要性能来带动。
92 41 20 1 2 0.579
笔者实测清空后台，开同一款软件，速度上iPhone8>iPhone8Plus>iPhoneX，而在开启多个应用后，开启速度则会变成iPhone8Plus>iPhoneX>iPhone8。
92 42 20 2 2 0.503
这是因为iPhone8Plus和iPhoneX采用了3GB的内存，而iPhone8只有2GB，所以在处理多任务上，iPhone8Plus和iPhoneX显得更加游刃有余。
92 45 22 2 2 0.537
iPhone8的电池容量为1821mAh，iPhone8Plus的电池容量为2675mAh，iPhoneX由于采用了双电池设计，因此在小机身内也实现了2716mAh的电池。
92 44 22 1 2 0.173
续航也是不少用户十分关注的地方。
92 46 23 1 2 0.568
苹果官方声明iPhone8和iPhone8Plus的续航时间和上一代大致相同，而iPhoneX的续航时间则比iPhone7最长增加2小时。
92 47 23 2 2 0.367
我们采用中关村在线5小时续航测试模型对这三款手机进行测试。
92 48 24 1 2 0.464
从测试结果中，我们发现iPhone8的续航较差，而iPhone8Plus和iPhoneX续航能力相近。
92 49 24 2 2 0.299
看来大电池才是硬道理，靠软件优化来增加续航时间太难实现。
92 50 25 1 1 0.52
在充电方面，这三款手机都支持Qi无线充电，而苹果iPhone8/8Plus/X支持的Qi标准无线充电最高可以达到7.5W的充电功率。
92 65 32 2 2 0.486
由于苹果iPhone8Plus上的《NBA2K17》游戏闪退，我们采用了相似大小的《虚荣Vainglory》游戏进行测试。
92 64 32 1 2 0.228
游戏测试（60分钟）：选择《NBA2K17》游戏，项目测试时间为60分钟，测试完成后，清除后台，测试完成后记录剩余电量。
92 71 37 1 2 0.421
可以看到，iPhone8Plus和iPhoneX相对于iPhone8的画面调教更加鲜艳，饱和度更高，也更讨好眼睛。
92 72 37 2 2 0.354
放大照片，由于都采用了1200万像素的摄像头，三款手机在细节的表现上几乎看不出差别，但在夜景上就不一样了。
92 73 38 1 1 0.572
由于主摄像头并没有太大差别，因此我们将iPhone8Plus和iPhoneX开启2倍变焦模式，而iPhone8采用2倍数码变焦。
92 76 40 1 2 0.502
另外，iPhoneX在拍照上还有一点不同，由于采用了原深感摄像头系统，因此iPhoneX的前置摄像头也可以开启人像模式。
92 77 40 2 2 0.483
这是iPhone8和8Plus没有的功能。
92 79 42 1 1 0.454
经过以上的对比分析，我们可以得出：iPhone8相比iPhone8Plus价格上相差的这800元主要体现在iPhone8Plus拥有更大的屏幕、更强的续航和较好的变焦拍照能力上，但体积较大的iPhone8Plus也损失了一点手感；而iPhone8Plus和iPhoneX价格相差的1700元主要体现在iPhoneX拥有更好的手感和屏幕、更强大的夜景拍摄能力和新技术的加持上，例如面部识别和animoji。
93 12 11 1 1 0.467
《王者荣耀》对于iPhoneX的适配速度并不算快，但它确实针对“小刘海”做出了很多设计上的改动，例如将好友栏以及道具购买按键向屏幕中心平移以避开异形屏的黑边。
94 5 2 3 3 0.476
榜单上共有两款手机上榜，分别是苹果iPhoneX和三星GalaxyS8。
94 4 2 2 3 0.241
前三甲产品可谓世界范围内数码爱好者的梦想产品。
96 8 4 1 4 0.406
苹果发布的iPhoneX有两个卖点：面部识别和全面屏。
96 9 4 2 4 0.166
它在每一个上市的市场上都能立即卖出。
97 3 2 1 1 0.405
调查机构Statista近日发布了自iPhone4s以来各代iPhone的制造成本，可以看到他们给出iPhoneX的制造成本为370.25美元（约合人民币2451元），这个数字和此前其他机构给出的结果基本一致，而6年前那部经典的iPhone4s成本为196美元（约合人民币1300元），六年间，iPhone的成本上涨了足足89%。
97 6 4 2 2 0.42
这一点在iPhoneSE上能够很好地体现，这款手机成本竟然比iPhone4s还要低36美元，显然是因为它采用了和iPhone5s完全一样的外观、主板和屏幕，还有和iPhone6s完全一样的硬件配置，这节省了不少开发、制造成本。
97 5 4 1 2 0.313
总的来说，当iPhone的外观设计出现较大的改变时，成本往往就会上涨不少。
98 2 1 2 2 0.509
但与以往不同的是，在今年的发布会上，苹果并不止给我们带来常规的iPhone8/8Plus两款手机的更新，在籍着纪念iPhone发布十周年之际，隆重推出了代表‘未来’的手机——iPhoneX。
98 1 1 1 2 0.353
在今年9月的秋季发布会上，苹果再次为我们带来了新iPhone。
98 3 2 1 3 0.435
从第一代iPhone面世，到今年的iPhone8、iPhoneX，苹果已经在手机这条道路上走了十个年头。
98 4 2 2 3 0.321
在这十年里，苹果经历了从iPhone1的‘摸索造机’到iPhone4的‘热购狂潮’；从iPhone6的‘双机策略’到iPhoneX的‘代表未来’，‘iPhone’已经在业内成为了一款举足轻重的产品。
98 5 2 3 3 0.415
尽管在这两个五年阶段中，每款iPhone都有着不菲的售价，但也并没有让这款产品落榜全球每年的‘销售前五’的榜单中。
98 18 9 1 3 0.432
换言之，在iPhoneX的技术验证后，苹果将会更自信地带来几款新手机。
98 19 9 2 3 0.085
当然，郭明池所曝光的这些消息我们仅用作参考，真实性仍需确认。
98 28 13 1 5 0.449
在FaceID推出之前，屏下指纹识别方案是大家猜测苹果今年会在iPhoneX上用于替换TouchID+Home键的最佳方案，但出于开发与专利上的原因，所以屏下指纹识别无缘与我们见面。
98 29 13 2 5 0.15
不过，从外媒IDB的猜测看，今年5月、9月苹果在美国专利和商标局申请并通过了编号为NO。
98 37 15 1 1 0.472
苹果自2017年开始就开始在AR（现实增强）领域上发力，除了在今年初的iPadPro上给我们展示了iOS设备在AR功能方面的流畅体验以外，9月的iPhoneX也首度搭载了3D传感系统‘TrueDepth’给用户带来了FaceID和Animoji两项明星功能。
98 42 18 1 5 0.573
今年苹果在iPhone8系列、iPhoneX上配备了一块A11处理器，这枚处理器除了在性能带来提升外，还针对AR和安全两方面的性能进行升级。
98 43 18 2 5 0.407
根据Macrumors报道，苹果计划在明年第一或第二季度发布的新iPadPro上采用A11X处理器。
98 44 18 3 5 0.459
这没处理器采用八核心设计，采用3枚Monsoon大核+5枚Mistral小核架构，并同时配备M11协处理器。
98 45 18 4 5 0.193
分析指出，由于台积电在7nm制程处理器上取得显著成果，并于2018年实现量产。
98 47 19 1 1 0.493
同时，Macrumors分析，在A11X芯片的加持下，2018款iPadPro将搭载基于‘TrueDepth’传感器方案的FaceID面部识别功能，以及依然采用LCD屏幕，并不会因为苹果iPhoneX上使用OLED而在iPad设备上应用。
98 50 21 1 4 0.486
今年，苹果给我们带来别样设计的iPhoneX，顶部的‘刘海’成了iPhoneX的名片。
98 51 21 2 4 0.364
而能够让iPhoneX拥有如此独特的造型，这少不得是OLED‘异型屏’的功劳。
98 52 21 3 4 0.514
不过根据KGI分析师郭明池在11月13日曝光的消息看，明年苹果将会带来一款比iPhoneX屏幕更大、达到6.5英寸的‘iPhoneXPlus’。
98 53 21 4 4 0.565
同时，iPhone数字系列的一贯的造型也会被类似iPhoneX的‘刘海’造型所取代，统一取消Home键和TouchID采用FaceID取代，并带来6.1英寸LCD屏幕的新屏幕配置。
98 54 22 1 2 0.568
‘iPhoneXPlus’作为iPhoneX的加大版，外观设计和硬件配置与目前的iPhoneX一样，但屏幕尺寸扩展到了6.5英寸，屏幕依然选用OLED；6.1英寸的新iPhone将为弥补5.8英寸到6.5英寸之间的空缺，外观设计一脱以往iPhone6开始延续到iPhone8的圆润设计，会跟iPhoneX所用的近似。
98 55 22 2 2 0.476
同时，屏幕边框部分会作出窄边框处理，并且在这款手机上所采用的是LCD显示屏。
98 56 23 1 3 0.59
今年的秋季发布会中，除了前面FaceID、‘异型屏’几项功能外，无线快充的加入也让iPhone8系列、iPhoneX不同于以往的iPhone。
98 57 23 2 3 0.286
近日，苹果向开发者推送了iOS11.2Beta3固件更新，经过Macrumors的报告显示，测试版固件现已支持无线快充。
98 62 25 1 2 0.565
今年苹果给我们带来了一款既纪念iPhone发布十周年的产品，又是极具意义的高科技产品，iPhoneX无论是设计、配置乃至价格都是目前系列产品线上最‘顶级’。
98 63 25 2 2 0.331
无可否认，这一次苹果确实带来的是一款能够代表苹果更高造机造诣产品，但从消费者的评价能看，这款产品在目前仍不够完美，因为这是一款之前从来没有过的产品，软硬件在细节上不完善反而让人望而却步。
98 65 26 2 3 0.417
由此看来，‘后iPhoneX’时代是意味着另一个章节的开始，而在这个章节内，有FaceID方面的改良、对AR技术方面的深造、更大更高屏占比的iPhone研发等等。
98 64 26 1 3 0.077
正如JonyIve在接受Wallpaper采访时所说的，“iPhoneX里的‘X’是代表的是一个时代的结束，就像一个章节一般。”。
98 66 26 3 3 0.171
这样看来，等待苹果去处理的事情似乎还多着呢。
99 5 3 1 2 0.572
这次苹果iPhoneX的辨识度可能比iPhone6系列的升级更加耀眼，而iPhone6那次外观上的大升级也直接导致了iPhone6系列的热卖，至今这款手机仍然是保有量最大的iPhone。
99 6 3 2 2 0.366
iPhoneX这次可能要撼动iPhone6的地位了。
99 19 11 1 1 0.486
可以看到，这次的苹果iPhoneX的手机体积只比iPhone8大一点点，屏幕却比iPhone8Plus还要大，也就是说苹果iPhoneX在良好的手感前提下实现了更大更全面的屏幕。
99 20 12 1 2 0.43
值得注意的一点是，这次苹果iPhoneX的屏幕采用了三星的OLED屏，OLED屏幕的优点我们都已经知道，自发光的性质不仅更省电，在苹果的调教下达到了1000000：1的对比度。
99 21 12 2 2 0.396
而OLED屏幕的缺点是亮度不足，但在苹果的优化下，竟然达到了625nits，难怪库克这么自信的说这是首款能达到苹果设计标准的OLED屏幕。
99 22 13 1 4 0.499
这次iPhoneX的屏幕是直接导致价格偏高的因素之一。
99 23 13 2 4 0.386
舒适的手感，超大的屏幕，没错，iPhoneX实现了。
99 26 14 1 1 0.405
除了屏幕，最能让我们感受到这次iPhoneX带来爽快的莫过于A11处理器，这次的A11处理器到底有多强大呢？官方宣称中央处理器的四个能效核心速度比A10Fusion最高提升70%，两个性能核心也有了最高达25%的速度提升。
99 27 15 1 1 0.41
而A11处理器也从A10的2+2变成了2+4芯片工作，更恐怖的是，这次的A11处理器支持6颗核心同时工作，我们实测A11处理器的安兔兔跑分已经超过了22万分，Geekbench4跑分的多核跑分竟然超过了1万分。
99 28 16 1 2 0.459
A11仿生处理器在大幅提高性能的同时，还拥有第二代性能控制器和量身定制的电池设计，使充满电后的电池续航时间比iPhone7最多可延长两个小时。
99 29 16 2 2 0.304
可以说这次的屏幕和处理器是最能让我们切身感受到iPhoneX强大的地方。
99 32 18 1 3 0.463
更重要的是，苹果iPhoneX是苹果公司的十周年款手机，也是从乔布斯时代起，开启第二个十年的一款重要产品。
99 33 18 2 3 0.312
苹果的产品如果加持了特殊意义，那其价值就无法估量了。
99 35 19 1 2 0.424
如果说初代iPhone重新定义了手机，那么适逢十周年的这款iPhoneX将定义手机的下一个发展趋势，全面屏、面部识别和AR即将开启智能手机的新时代。
99 36 19 2 2 0.344
为了更好的适配AR的功能，iPhoneX将双摄竖置，这样是为了在手机横过来的时候能契合人眼的效果。
