2
5 4 2 1 3 0.602
虽然是全面屏，不过这款山寨iPhoneX的下巴和额头都要比行货iPhoneX宽，而且有趣的是为了进一步模仿iPhoneX的刘海，该机系统中设置了一块黑边。
5 5 2 2 3 0.288
你还别说，不仔细看真以为这就是一台iPhoneX。
2
24 16 11 2 3 0.483
根据目前的消息，明年iPhone的全面屏刘海设计将会成为全系标配。
24 17 11 3 3 0.668
尺寸方面则会提供5.8英寸和6.5英寸两个搭载OLED屏幕的版本和一个6.1英寸的LCD屏幕的版本，外观的其他方面预计不会变，或者只有极小的细节调整。
3
26 4 2 1 4 0.222
日前，供应链人士！手机晶片达人透露了明年新一代iPhoneX的细节。
26 5 2 2 4 0.715
据悉明年的iPhoneX依然将会使用OLED屏幕，屏幕尺寸将为5.8英寸和6.2英寸，同样支持面容ID，机身也将采用传统配色。
26 6 2 3 4 0.33
不过还有一种说法，是苹果将推出低价版的iPhoneX，定位和iPhone5C差不多，同属中低端市场。
3
28 8 4 1 3 0.573
从外观上看，iPhoneX有着较大的改变，采用了OLED屏。
28 9 4 2 3 0.607
这块OLED屏也是导致iPhoneX价格高企的重要原因之一，但是全面屏的加入带来了不错的屏幕体验。
28 10 4 3 3 0.686
5.8英寸全面屏iPhoneX和5.5英寸屏幕的Phone8Plus相比，仅仅是在体积大一点点的情况下就拥有了更大的屏幕。
0
2
28 11 5 1 2 0.688
配合全屏幕，iPhoneX去掉了Home键，采用了面部识别FaceID。
28 12 5 2 2 0.439
虽然相比于已经成熟的第二代指纹识别，FaceID在速度上并没有优势，但使用起来更显得自然。
2
28 13 6 1 3 0.637
背面来看，苹果的三款新手机都采用了双面玻璃+金属边框的设计，但是iPhoneX的摄像头降噪麦克和闪光灯集成在于一起。
28 14 6 2 3 0.452
三款手机拍照对比之下，iPhoneX的画面相当纯净，而iPhone8和iPhone8Plus都有不同程度的噪点，经过实测发现，iPhone8Plus在这种暗光环境下有很大几率不开启长焦镜头，因为长焦镜头没有光学防抖会更加模糊，但相比iPhone7Plus有小小的提升，能够接受的弱光程度比之前强了。
2
28 16 7 1 3 0.649
从市场流行的跑分测试上看，三款手机差别不大，但在3D性能上，明显iPhoneX偏弱，这是因为iPhoneX采用了2436*1125像素的分辨率，苹果称之为超视网膜屏幕。
28 17 7 2 3 0.42
因此，相比8和8P的视网膜屏幕，显然更需要性能来带动。
1
28 20 9 1 1 0.609
一直遭果粉的吐槽的苹果手机电池续航能力，这次在电池容量上也有提升，iPhoneX由于采用了双电池设计，因此在小机身内也实现了2716mAh的电池，配合Qi无线充电和PD快充的黑科技，30分钟最高充进50%的电量。
2
31 1 1 1 2 0.253
【TechWeb报道】iPhoneX在今年无疑是苹果做出最大改变的手机新品。
31 2 1 2 2 0.623
虽然全面屏是此次iPhoneX的卖点，但屏幕还是通过三星提供，近几年三星在中小尺寸的OLED屏幕上，一直处于垄断地位，苹果其实打从心底不想完全依赖于三星。
3
32 1 1 1 3 0.224
【手机中国新闻】每到这个时候，下一代iPhone的消息就会多起来。
32 2 1 2 3 0.619
而由于今年苹果推出了采用OLED全面屏设计的iPhoneX，因此新一代iPhoneX机型格外受到用户关注。
32 3 1 3 3 0.153
日前，供应链人士@手机晶片达人透露了明年新iPhoneX的细节。
2
32 4 2 1 3 0.659
据称，明年的三款新iPhone将有两款使用OLED屏，其屏幕尺寸分别为5.8英寸和6.2英寸，将支持人脸识别，机身配色也是传统的颜色。
32 5 2 2 3 0.512
除此外，苹果还将推出低价版的iPhone，根据以往的传闻该机应该为低价版iPhoneX，而该版本将提供多达7种的机身配色，但会采用指纹识别还是改用人脸识别目前还没有定案。
3
32 7 3 1 4 0.316
其实，低价版iPhoneX早前就曝光过。
32 8 3 2 4 0.602
据称它将采用6.1英寸LCD屏，代号为“杭州”，而配备6.2英寸OLED显示屏的iPhoneXPlus的代号为“里斯本”。
32 9 3 3 4 0.557
高端iPhoneX和廉价iPhoneX的相同之处是都将采用全面屏，而不同则在于屏幕材质的选择以及售价上的区别。
1
37 1 1 1 1 0.629
当前的中小尺寸OLED屏上，三星近乎处于垄断的地位，连苹果都不得不屈身把iPhoneX所有的屏幕订单都交给他们来做，当然LG、夏普、京东方等屏幕厂也都在发力。
2
49 2 2 1 2 0.648
从对比图可以看到，iPhoneXPlus比左侧的5.5英寸iPhone8Plus还要大一圈，但由于是全面屏设计，也就是说iPhoneXPlus的屏幕相当于iPhone8Plus机身尺寸大小。
49 3 2 2 2 0.399
设想一下iPhone8Plus那么大一块屏幕握在手里的感觉，绝对够震撼!
1
51 5 5 1 1 0.769
尺寸方面则会提供5.8英寸和6.5英寸两个搭载OLED屏幕的版本和一个6.1英寸的LCD屏幕的版本。
3
54 1 1 1 3 0.366
据tom’sguide网站报道称，苹果发布iPhoneX的时间还不长，但很显然的是，起步价999美元（约合人民币6581元）的这款手机掀开了苹果智能手机历史的新篇章。
54 2 1 2 3 0.685
iPhoneX淘汰了实体Home按键和TouchID指纹传感器，采用OLED显示屏覆盖几乎整个机身正面的新设计。
54 3 1 3 3 0.444
此外，iPhoneX还配置面容ID传感器，支持无线充电功能，它受到用户青睐并不让人感到意外。
2
60 5 4 1 3 0.713
今年iPhoneX配备了全面屏幕，尽管有“刘海”屏幕但的确是很有特点的一款手机，而且是苹果首次使用OLED屏幕并加入了面部识别功能。
60 6 4 2 3 0.394
可以说iPhoneX才是一款真正具有创新味道的产品，而iPhone8相形见绌了不少，这也导致iPhone8的市场需求量降低。
1
68 5 4 1 1 0.698
据此前凯基证券知名分析师郭明池的预测，苹果明年将推出三款新iPhone，包括5.8英寸OLED屏幕版（类似于iPhoneX）、6.5英寸OLED屏幕版，同时提供一款6.1英寸的LCD屏幕版本，主打入门市场。
1
68 6 5 1 1 0.608
三款新iPhone都将采用iPhoneX类似的全面屏设计，同时支持FaceID面部识别。
1
83 1 1 1 1 0.611
【TechWeb报道】之前有消息称第二代iPhoneX有至少三款，而且会有降低屏幕规格的版本，也就是使用LCD屏幕而不是OLED屏幕。
1
92 11 5 1 1 0.694
这块屏幕为OLED材质，屏幕长宽比超过了18：9，因此看起来比iPhone8Plus还要长，但在宽度上还是iPhone8Plus更胜一筹，因此如果算上屏幕可视面积，拥有5.8英寸全面屏的iPhoneX和5.5英寸屏幕的iPhone8Plus差不多大。
2
92 12 6 1 4 0.603
再来看看背面，三款手机都采用了双面玻璃+金属边框的设计，比较亮眼的地方是iPhoneX的摄像头，采用了纵向排列，闪光灯也被放在了两颗摄像头的中间位置。
92 13 6 2 4 0.193
辨识度还是很高的。
2
92 39 19 1 2 0.654
从跑分上看，三款手机差别不大，但在3D性能上，明显iPhoneX偏弱，这是因为iPhoneX采用了2436*1125像素的分辨率，苹果称之为超视网膜屏幕。
92 40 19 2 2 0.42
因此，相比8和8P的视网膜屏幕，显然更需要性能来带动。
2
92 44 22 1 2 0.244
续航也是不少用户十分关注的地方。
92 45 22 2 2 0.605
iPhone8的电池容量为1821mAh，iPhone8Plus的电池容量为2675mAh，iPhoneX由于采用了双电池设计，因此在小机身内也实现了2716mAh的电池。
1
98 47 19 1 1 0.64
同时，Macrumors分析，在A11X芯片的加持下，2018款iPadPro将搭载基于‘TrueDepth’传感器方案的FaceID面部识别功能，以及依然采用LCD屏幕，并不会因为苹果iPhoneX上使用OLED而在iPad设备上应用。
2
98 52 21 3 4 0.5
不过根据KGI分析师郭明池在11月13日曝光的消息看，明年苹果将会带来一款比iPhoneX屏幕更大、达到6.5英寸的‘iPhoneXPlus’。
98 53 21 4 4 0.656
同时，iPhone数字系列的一贯的造型也会被类似iPhoneX的‘刘海’造型所取代，统一取消Home键和TouchID采用FaceID取代，并带来6.1英寸LCD屏幕的新屏幕配置。
2
98 54 22 1 2 0.664
‘iPhoneXPlus’作为iPhoneX的加大版，外观设计和硬件配置与目前的iPhoneX一样，但屏幕尺寸扩展到了6.5英寸，屏幕依然选用OLED；6.1英寸的新iPhone将为弥补5.8英寸到6.5英寸之间的空缺，外观设计一脱以往iPhone6开始延续到iPhone8的圆润设计，会跟iPhoneX所用的近似。
98 55 22 2 2 0.537
同时，屏幕边框部分会作出窄边框处理，并且在这款手机上所采用的是LCD显示屏。
2
99 20 12 1 2 0.616
值得注意的一点是，这次苹果iPhoneX的屏幕采用了三星的OLED屏，OLED屏幕的优点我们都已经知道，自发光的性质不仅更省电，在苹果的调教下达到了1000000：1的对比度。
99 21 12 2 2 0.655
而OLED屏幕的缺点是亮度不足，但在苹果的优化下，竟然达到了625nits，难怪库克这么自信的说这是首款能达到苹果设计标准的OLED屏幕。
0
3
99 22 13 1 4 0.53
这次iPhoneX的屏幕是直接导致价格偏高的因素之一。
99 23 13 2 4 0.609
舒适的手感，超大的屏幕，没错，iPhoneX实现了。
99 24 13 3 4 0.478
iPhone一直以来表现平平的屏占比也在iPhoneX上迅速提升到了80%以上。
