28 20 9 1 1 0.607
一直遭果粉的吐槽的苹果手机电池续航能力，这次在电池容量上也有提升，iPhoneX由于采用了双电池设计，因此在小机身内也实现了2716mAh的电池，配合Qi无线充电和PD快充的黑科技，30分钟最高充进50%的电量。
39 7 4 1 3 0.64
作为一项“重要”更新，iPhoneX支持无线充电，手机背部玻璃面板下方就是无线充电线圈，这显然没有给指纹识别留下空间（除非继续增加手机厚度）。
39 8 4 2 3 0.503
通过此前拆解，可以看到在玻璃面板下方其实还有一个金属框架，而为了保证无线充电，金属框架也被挖出了一个区域。
92 50 25 1 1 0.814
在充电方面，这三款手机都支持Qi无线充电，而苹果iPhone8/8Plus/X支持的Qi标准无线充电最高可以达到7.5W的充电功率。
98 58 23 3 3 0.644
而从苹果官网看，苹果认证的Belkin和Mophie无线充电板已支持最高7.5W的充电输出，符合目前Qi充电器的快充效率了。
98 57 23 2 3 0.441
近日，苹果向开发者推送了iOS11.2Beta3固件更新，经过Macrumors的报告显示，测试版固件现已支持无线快充。
1 4 3 1 1 0.484
现在无线信号测试机构CellularInsights送出了iPhoneX详细基带体验，其结果就是高通X16的LTE速度始终比搭载IntelXMM7480基带的要快，即使苹果对前者进行了性能上的压制。
1 5 4 1 1 0.434
其中最明显的就是，iPhoneX搭载高通基带版本，信号更加稳定，同时下载速度也要远远强于Intel版本，具体来说这个下载速度能比后者快至少67%。
2 4 2 3 3 0.409
整个系统藏身于显示屏顶部一个极小的空间内，它体积虽小，却遍布着苹果精心研发的各种尖端技术。
2 3 2 2 3 0.353
它能让你随手拍摄精彩纷呈的照片，并能使用面容ID功能。
3 3 2 1 2 0.457
而最近，无线信号测试机构CellularInsights对于搭载两种版本基带的iPhoneX进行了测试。
3 4 2 2 2 0.474
测试结果显示，搭载高通骁龙X16的iPhoneXLTE下载速度依然要比搭载英特尔XXMM7480的iPhoneX快一些。
3 5 3 1 3 0.459
CellularInsights使用测试设备，以不同的信号基站距离测试两种不同版本iPhoneX在LTE网络下的现在速度。
3 6 3 2 3 0.402
从测试结果上看，高通版本的下载速度要比英特尔版本快67%。
3 7 3 3 3 0.26
不过虽然这个差距显著，但是比起iPhone7/Plus的两种版本，这两种版本直接的差距其实已经小了许多。
3 8 4 1 2 0.414
此前有人认为，苹果故意阉割降低了高通芯片的性能以缩小这种差距——高通X16基频芯片原版支持4x4MIMO，然而这一特性却在iPhoneX被禁用了。
3 9 4 2 2 0.319
这也导致两种版本在绝大多数情况想的理论下载峰值都是600Mbps，即使X16本是一枚千兆级别的基频芯片。
3 11 5 2 3 0.478
目前国行销售的iPhoneX版本均为使用高通基频芯片的A1865全网通版本，暂时无忧。
3 10 5 1 3 0.202
因此，如果有购买iPhoneX意向的用户就要格外注意了。
3 12 5 3 3 0.351
但是此前工信部已有不支持CDMA制式的A1903和A1907获得了入网许可，初步推断这两部可能是使用了英特尔基频芯片的版本。
4 1 1 1 3 0.573
来自无线信号测试机构CellularInsights的评测结果显示，搭载高通骁龙X16基频芯片的iPhoneX的LTE速度始终还是比搭载英特尔XMM7480基频芯片的要快。
4 2 1 2 3 0.464
该机构使用了专业的测试设备（四个Vivaldi天线）以不同的信号基站距离测试两款iPhoneX的LTE速度表现。
4 3 1 3 3 0.296
首先从-85dBm开始，然后逐渐降低功率水平以模拟手机从一座信号基站的覆盖范围离开（信号减弱）是的状态，直到彻底失去信号连接。
4 4 2 1 2 0.458
测试结果发现，英特尔版本iPhoneX的LTE下载速度要低于高通版本。
4 5 2 2 2 0.277
CellularInsights表示差别还是很明显的，高通版的LTE下载速度普遍比英特尔版的快67%。
4 8 4 1 2 0.455
比如，高通的骁龙X16基频芯片属于千兆级别（gigabit-class）基频芯片，支持4x4MIMO，不过在iPhoneX上被禁掉了。
4 9 4 2 2 0.356
结果就是两个版本的iPhoneX在绝大多数国家的理论下载峰值速度是600Mbps。
4 10 5 1 2 0.415
其中A1865为高通基频芯片，A1901为英特尔基频芯片。
4 11 5 2 2 0.083
可以在包装盒盒底说明中查看。
5 7 3 1 2 0.415
当然，该机是不支持FaeID的，而全面屏设计也让它不支持指纹识别。
5 8 3 2 2 0.309
系统方面这款山寨产品也对iPhoneX的iOS11进行了模仿，在屏幕底部出现了一条触控的黑线，实际操作手感不知道怎么样。
7 10 5 1 2 0.401
RinatKhanov开发的iPhoneX手机应用MeasureKit可以让用户查看开发人员可以获得哪些数据。
7 11 5 2 2 0.356
这款应用的初衷，是让用户可以制造自己的面部模型，对自己的面部进行3D打印，而它只是上千款可以获得面部数据的应用之一。
8 2 2 1 2 0.43
其实iPhoneX采用了全面屏设计，去掉了Home键，在保证屏幕足够大的同时也能很好地保证单手握持。
8 3 2 2 2 0.33
现在爆料达人BenjaminGeskin根据自己收集到的消息，制作出了iPhoneXPlus，和iPhoneX、iPhone8相比，这款XPlus大了一圈。
10 13 10 1 2 0.434
苹果的Root权限不对用户开放，越狱就是获取iOS的Root权限，获取后用户使用iOS权限大大增加，可以查看iOS文件系统，免费安装AppStore以外的海量软件，更换外观主题等。
10 14 10 2 2 0.105
对安全研究人员来说，iOS系统源代码的闭源性以致所做研究有限。
12 5 2 2 4 0.434
三星采用的是去掉Home键，收窄额头和下巴的做法。
12 4 2 1 4 0.229
今年是全面屏爆发的一年，各家厂商纷纷推出涵盖各个价位段的全面屏手机。
12 6 2 3 4 0.324
而苹果则是取消了Home键后，将边框做到最窄，只保留了部分额头，形成了一个刘海。
15 5 3 2 2 0.403
更新后的谷歌地图应用可以支持全面屏，而且可以在“齐刘海”的两边显示一些内容。
15 4 3 1 2 0.377
在此之前已经有很多应用可以支持iPhoneX的OLED屏。
18 1 1 1 4 0.44
谷歌今天更新了iOS版地图应用，并加入了对iPhoneX设备的支持。
18 2 1 2 4 0.43
升级之后，谷歌地图可以在iPhoneX上全屏显示，应用的顶部为搜索条，底部提供了导航和信息展示功能。
18 3 1 3 4 0.369
下面是谷歌地图4.41的完整更新说明。
19 4 4 1 1 0.459
在事件最新进展中，高通指控苹果侵犯16项专利，包括很多智能手机功能，从用户界面和电池管理到摄像头自动对焦。
20 2 2 1 1 0.44
为了还击，现在高通对外宣布，苹果侵犯了他们5项专利权，其中涉及射频收发器、移动CPU电源效率、设备电源管理，以及基于景深数据的图像增强等。
24 7 6 1 1 0.471
4、A11仿生芯片更快更智能。
24 17 11 3 3 0.481
尺寸方面则会提供5.8英寸和6.5英寸两个搭载OLED屏幕的版本和一个6.1英寸的LCD屏幕的版本，外观的其他方面预计不会变，或者只有极小的细节调整。
24 16 11 2 3 0.265
根据目前的消息，明年iPhone的全面屏刘海设计将会成为全系标配。
24 18 12 1 2 0.482
iPhoneX用FaceID取代了传统指纹识别，不过依然有不少人怀念指纹识别。
24 19 12 2 2 0.505
凯基证券的分析师郭明池认为苹果正在致力于研究屏下指纹识别技术，如果能够实现，新的iPhone将能同时拥有指纹识别和面部识别。
24 24 15 1 1 0.591
下一代处理器一定还会按照此前的传统走，搭载A12处理器；无线充电和充电技术应该也会延续iPhoneX的配置规格；电池大小应该视手机尺寸而定。
25 5 3 2 3 0.468
他们可能并不想要升级幅度较小的iPhone8，尽管它也有无线充电功能，而且配置了强大的A11Bionic芯片。
25 4 3 1 3 0.246
人们担心，推出比iPhoneX价格更便宜、创新更少的手机，可能会将看重“创新性东西”的iPhone用户置于两难的境地。
25 6 3 3 3 0.31
但是，他们又不大愿意支付大约1000美元的超高价格来购买一部iPhoneX。
25 7 4 1 1 0.416
甚至在苹果正式发布其“未来的智能手机”前，分析师们就警告称，iPhoneX上采用的各种新科技——OLED屏幕、TrueDepth摄像头模块、面部识别技术以及各种优质材料——可能会大大延缓生产，导致严重供不应求的局面出现。
25 41 21 1 1 0.402
显然，苹果研发iPhoneX以及同时推出iPhone8、8Plus和iPhoneX，它是冒了很大风险的。
26 5 2 2 4 0.517
据悉明年的iPhoneX依然将会使用OLED屏幕，屏幕尺寸将为5.8英寸和6.2英寸，同样支持面容ID，机身也将采用传统配色。
26 4 2 1 4 0.241
日前，供应链人士！手机晶片达人透露了明年新一代iPhoneX的细节。
26 6 2 3 4 0.301
不过还有一种说法，是苹果将推出低价版的iPhoneX，定位和iPhone5C差不多，同属中低端市场。
26 7 2 4 4 0.455
该款廉价版iPhoneX将采用7种机身配色，至于使用面容ID还是TouchID目前还没有定案，不过在配置方面相比iPhoneX应该会有缩水，目前倾向于也做全面屏加3D结构光。
28 6 3 3 4 0.401
此外，恰逢iPhone用户的换机潮和全球智慧手机复苏，苹果产业链景气上升。
28 5 3 2 4 0.298
台湾产业链给出的最新消息称，iPhoneX目前的销量已远远超出苹果当初预想最高数量。
28 7 3 4 4 0.108
在港股触及三万点之后的调整下，在市场避险情绪逐步提升与多数热门板块题材热度退散的现在，苹果概念股或许值得关注。
28 10 4 3 3 0.44
5.8英寸全面屏iPhoneX和5.5英寸屏幕的Phone8Plus相比，仅仅是在体积大一点点的情况下就拥有了更大的屏幕。
28 9 4 2 3 0.282
这块OLED屏也是导致iPhoneX价格高企的重要原因之一，但是全面屏的加入带来了不错的屏幕体验。
28 11 5 1 2 0.557
配合全屏幕，iPhoneX去掉了Home键，采用了面部识别FaceID。
28 12 5 2 2 0.424
虽然相比于已经成熟的第二代指纹识别，FaceID在速度上并没有优势，但使用起来更显得自然。
28 13 6 1 3 0.54
背面来看，苹果的三款新手机都采用了双面玻璃+金属边框的设计，但是iPhoneX的摄像头降噪麦克和闪光灯集成在于一起。
28 14 6 2 3 0.34
三款手机拍照对比之下，iPhoneX的画面相当纯净，而iPhone8和iPhone8Plus都有不同程度的噪点，经过实测发现，iPhone8Plus在这种暗光环境下有很大几率不开启长焦镜头，因为长焦镜头没有光学防抖会更加模糊，但相比iPhone7Plus有小小的提升，能够接受的弱光程度比之前强了。
28 21 10 1 1 0.445
按照苹果官方的价格，64GBiPhoneX比同样大内存的iPhone8和iPhone8Plus分别高2500元和1700元，主要体现在拥有更好的手感和屏幕、更强大的夜景拍摄能力和新技术的加持上。
28 25 12 2 3 0.467
另外，还有2190万人在使用iPhone5s，或者更老机型的iPhone系列智能手机。
28 24 12 1 3 0.171
而根据市场研究调查comScoreMobiLens的资料显示，截至2017年底为止，美国大约有4840万人在使用iPhone6系列手机。
28 26 12 3 3 0.256
如果过去的升级趋势能在这次的新iPhone手机上获得延续，那么单就美国市场来说，就有7000万人将会升级到苹果最新手机。
28 36 20 1 2 0.482
瑞声科技从2010年开始就开始成为苹果官方供应商，从声学元件开始，逐渐涉及触控马达、无线天线(连机壳)、手机镜头等微小元件，喇叭和触控马达已成为苹果手机的标配。
28 37 20 2 2 0.349
此外，瑞声还是唯一一家能够同时给三星华为供货的零件厂商。
28 47 26 2 5 0.407
苹果官网介绍，面容ID功能通过原深感摄像头来实现，设置起来也非常简单。
28 46 26 1 5 0.355
至于iPhoneX推出“FaceID”后，3D感测或是下一代手机的时尚配置之一。
28 48 26 3 5 0.232
它会投射超过30000个肉眼不可见的光点，并对它们进行分析，为你的脸部绘制精确细致的深度图。
32 4 2 1 3 0.506
据称，明年的三款新iPhone将有两款使用OLED屏，其屏幕尺寸分别为5.8英寸和6.2英寸，将支持人脸识别，机身配色也是传统的颜色。
32 5 2 2 3 0.454
除此外，苹果还将推出低价版的iPhone，根据以往的传闻该机应该为低价版iPhoneX，而该版本将提供多达7种的机身配色，但会采用指纹识别还是改用人脸识别目前还没有定案。
32 6 2 3 3 0.329
当然，苹果目前的倾向是做成全面屏加3D结构光的FaceID。
32 8 3 2 4 0.449
据称它将采用6.1英寸LCD屏，代号为“杭州”，而配备6.2英寸OLED显示屏的iPhoneXPlus的代号为“里斯本”。
32 7 3 1 4 0.174
其实，低价版iPhoneX早前就曝光过。
32 9 3 3 4 0.365
高端iPhoneX和廉价iPhoneX的相同之处是都将采用全面屏，而不同则在于屏幕材质的选择以及售价上的区别。
37 1 1 1 1 0.417
当前的中小尺寸OLED屏上，三星近乎处于垄断的地位，连苹果都不得不屈身把iPhoneX所有的屏幕订单都交给他们来做，当然LG、夏普、京东方等屏幕厂也都在发力。
37 2 2 1 1 0.461
为了能追赶上三星的步伐，京东方一直都在发力OLED屏，这个发力除了研发还有就是产能的提升，比如上个月他们成都的6代柔性OLED面板产线已经全力投入使用，后续还有武汉的屏幕工厂。
39 1 1 1 2 0.422
从手机工业设计及颜值出发，将logo与指纹识别二合一显然能够让手机外观更加简洁…避免满目疮痍的感觉。
39 2 1 2 2 0.279
锤子推出坚果Pro2的一大亮点就是采用了这种设计，保留指纹识别功能的同时又没多多开孔！那为什么同样重视设计的苹果没有采用这项技术呢？我认为有以下这几点原因：
39 9 4 3 3 0.306
从这个角度来看，加入后置指纹识别，会让iPhoneX的重量、厚度再上一个台阶！
40 6 3 2 3 0.44
面容ID除了日常解锁设备外，还可以用于支付，这应该是目前唯一一款使用人脸识别做为支付手段的手机。
40 5 3 1 3 0.365
剩下三部广告片集中展示了iPhoneX面容ID的作用。
40 7 3 3 3 0.421
另外两部广告则展示了iPhoneX面容ID的两个特性——夜间解锁和变装解锁。
40 9 4 2 2 0.401
与此同时A11放生处理器让iPhoneX具备了学习功能，即便用户面部变化（化妆、长胡须等等）也能很好识别，让“女朋友化妆就不能解锁”成为传说。
40 8 4 1 2 0.348
iPhoneX借助原深感镜头组能进行红外扫描，所以即使在黑暗的情况下依然能保证解锁效率。
40 11 5 2 4 0.413
而除此以外，iPhoneX还具备全面屏，人像光效以及新的交互手势等等特性。
40 10 5 1 4 0.196
自9月iPhoneX发布以来，苹果公司将原深感镜头作为主要营销卖点。
40 12 5 3 4 0.383
目前，苹果公司已经提升产能，iPhoneX备货周期缩短至1-2周。
44 7 5 1 1 0.402
从图中看，S9的额头部分进一步压缩，至保留前置镜头、传感器的宽度，而下边框基本接近视觉无边框，屏占比十分夸张。
44 9 6 2 2 0.545
不出意外的话，新机将搭载骁龙845/Exynos9810处理器，采用竖排双摄，继续保留虹膜、指纹以及人脸识别，S9提供4+64GB起步，S9+提供6+64GB起步，保留3.5mm耳机孔。
44 8 6 1 2 0.232
据悉，三星S9系列将提前到明年1月的CES大展上发布。
48 2 1 2 3 0.448
苹果的iPhoneX内置了新的生物面部识别技术，作为其主要解锁以及支付工具。
48 1 1 1 3 0.324
和讯科技iPhoneX自推出以来，人们对“欺骗面部识别（FaceID）”乐此不疲。
48 3 1 3 3 0.122
然而截至到目前，FaceID已被双胞胎、儿童、甚至面具欺骗多次。
49 2 2 1 2 0.49
从对比图可以看到，iPhoneXPlus比左侧的5.5英寸iPhone8Plus还要大一圈，但由于是全面屏设计，也就是说iPhoneXPlus的屏幕相当于iPhone8Plus机身尺寸大小。
49 3 2 2 2 0.245
设想一下iPhone8Plus那么大一块屏幕握在手里的感觉，绝对够震撼!
51 1 1 1 1 0.437
今年最热门的iPhoneX比起之前几代苹果手机有了重大的变化，取消物理Home键和指纹识别，启用全新的OLED全面屏，搭载人脸识别和无线充电，虽然很多预订iPhoneX的果粉还没拿到手机，但这不妨碍大家期待明年的iPhone还会有什么惊喜，而最近也有许多关于苹果手机未来的传闻。
51 5 5 1 1 0.531
尺寸方面则会提供5.8英寸和6.5英寸两个搭载OLED屏幕的版本和一个6.1英寸的LCD屏幕的版本。
51 6 6 1 1 0.441
目前的iPhoneX和iPhone8系列之支持2x2MIMO天线，明年的iPhone还可能会进一步提升LTE天线技术，可以支持4?4MIMO标准，这意味着下载速度将能达到1Gbps，而下载一部两小时的电影只需15秒钟。
51 7 7 1 2 0.515
iPhoneX用人脸识别取代了传统的指纹识别，不过依然有不少人怀念指纹识别。
51 8 7 2 2 0.507
凯基证券的分析师郭明池也提到苹果正在致力于研究屏下指纹识别技术，如果能够实现，新的iPhone将能同时拥有指纹识别和面部识别。
54 2 1 2 3 0.535
iPhoneX淘汰了实体Home按键和TouchID指纹传感器，采用OLED显示屏覆盖几乎整个机身正面的新设计。
54 1 1 1 3 0.294
据tom’sguide网站报道称，苹果发布iPhoneX的时间还不长，但很显然的是，起步价999美元（约合人民币6581元）的这款手机掀开了苹果智能手机历史的新篇章。
54 3 1 3 3 0.533
此外，iPhoneX还配置面容ID传感器，支持无线充电功能，它受到用户青睐并不让人感到意外。
55 3 1 3 3 0.406
适配iPhoneX方面，谷歌办公套件现在可以充分利用苹果这款新手机的全面屏，界面也扩展至屏幕的四个角，不会再有黑边影响文档的阅读。
55 2 1 2 3 0.203
其中包括Google文档、Google幻灯片和Google表格。
56 9 4 3 5 0.462
虽然破解了FaceID，但他们认为面部识别依旧比指纹识别更安全。
56 8 4 2 5 0.333
他们的办法是在一个房间安装多个不同角度摄像头，人进去几秒钟就能采集完毕，这些照片将被算法处理，用于制作一个3D面具。
56 10 4 4 5 0.224
从远处捕捉照片比获得指纹容易，但这仍然是一个非常复杂的复制过程，普通用户不需要担心。
60 5 4 1 3 0.413
今年iPhoneX配备了全面屏幕，尽管有“刘海”屏幕但的确是很有特点的一款手机，而且是苹果首次使用OLED屏幕并加入了面部识别功能。
60 6 4 2 3 0.296
可以说iPhoneX才是一款真正具有创新味道的产品，而iPhone8相形见绌了不少，这也导致iPhone8的市场需求量降低。
64 2 1 2 4 0.437
众所周知，由于全面屏设计的需要，iPhoneX放弃了从2007年维持至今的Home键，改为完全使用手势控制。
64 1 1 1 4 0.17
【环球网科技综合报道】全面屏无疑是当下最火的设计元素。
64 3 1 3 4 0.056
初用这部手机时，你可能会感到有点无所适从。
66 5 2 2 2 0.427
其中指明了搭载OSX操作系统的MacBook以及搭载tvOS操作系统的AppleTV使用周期约为4年，而搭载iOS操作系统的iPhone、iPad等设备使用周期约为3年。
66 4 2 1 2 0.1
近日，有媒体曝出一个疑似苹果内部的文件，该文件旨在研究Apple如何执行产品的温室气体排放生命周期。
68 5 4 1 1 0.515
据此前凯基证券知名分析师郭明池的预测，苹果明年将推出三款新iPhone，包括5.8英寸OLED屏幕版（类似于iPhoneX）、6.5英寸OLED屏幕版，同时提供一款6.1英寸的LCD屏幕版本，主打入门市场。
68 6 5 1 1 0.521
三款新iPhone都将采用iPhoneX类似的全面屏设计，同时支持FaceID面部识别。
72 5 3 3 3 0.404
对于大多数用户选择购买这款iPhoneX的原因来看，大家对其首次搭载OLED全面屏设计，以及面容ID和无线充电功能都充满了期待，因此，最然距离发布时间许久才正式开售，但依旧不减大家对它的热情。
72 4 3 2 3 0.257
但随着销售范围的不断扩大，iPhoneX在产能上的提高也尤为明显，绝大部分国家和地区的发货时间已经缩短到了一至两周，相比于国行版刚刚发售时的时间，着实令人心里宽慰不少。
75 6 4 2 2 0.466
其中，LTE天线的产能每月增长了100%，LG和夏普的点投模块良品率也达到了80%到90%。
75 5 4 1 2 0.137
与此同时，供应量的产能也在增加。
78 5 5 1 2 0.42
目前iPhoneX国行预订后发货时间是1-2周，而除了银色256GB版外，其余配色都非常好购买。
78 6 5 2 2 0.36
作为一款万元手机，iPhoneX订单追加，苹果一定能乐开花了。
79 6 6 1 1 0.422
同时，国行版的发货速度也大大加快，全部版本都只需1-2周。
80 2 2 1 1 0.437
从文件中可以看出，搭载OSX操作系统的MacBook以及搭载tvOS操作系统的AppleTV使用周期约为4年，而搭载iOS操作系统的iPhone、iPad等设备使用周期约为3年。
85 31 13 1 2 0.425
2013年，iPhone5s开始引领正面按压式指纹识别手机风潮。
85 32 13 2 2 0.114
2014年iPhone6真正让“抢购iPhone”成了一种现象级的狂欢。
88 1 1 1 1 0.42
苹果iPhoneX的发货速度正在提升，目前苹果北美地区官网显示，iPhoneX发货时间已经从之前的2-3周变成了现在的1-2周。
89 2 2 1 2 0.404
作为LTE天线FPCB（柔性印刷电路板）材料的一种，LCP制作的FPCB可以提供更高的频率、热性能以及抗潮性。
89 3 2 2 2 0.415
按照郭明池的说法，新款iPhone将至少内置两个LCPLTE天线模块（iPhoneX两个），同时支持4x4MIMO（多输入多输出）技术，进一步改善信号质量。
89 4 3 1 1 0.438
上周，郭明池曾表示，苹果有望在新款iPhone上引入IntelXMM7560和高通X20基带，两款基带都支持4x4MIMO和更快的LTE传输速率，相比直线现款iPhone仅支持2x2MIMO。
90 4 2 2 2 0.427
其中指明了搭载OSX操作系统的MacBook以及搭载tvOS操作系统的AppleTV使用周期约为4年，而搭载iOS操作系统的iPhone、iPad等设备使用周期约为3年。
90 3 2 1 2 0.1
近日，有媒体曝出一个疑似苹果内部的文件，该文件旨在研究Apple如何执行产品的温室气体排放生命周期。
92 11 5 1 1 0.445
这块屏幕为OLED材质，屏幕长宽比超过了18：9，因此看起来比iPhone8Plus还要长，但在宽度上还是iPhone8Plus更胜一筹，因此如果算上屏幕可视面积，拥有5.8英寸全面屏的iPhoneX和5.5英寸屏幕的iPhone8Plus差不多大。
92 12 6 1 4 0.453
再来看看背面，三款手机都采用了双面玻璃+金属边框的设计，比较亮眼的地方是iPhoneX的摄像头，采用了纵向排列，闪光灯也被放在了两颗摄像头的中间位置。
92 13 6 2 4 0.159
辨识度还是很高的。
92 14 6 3 4 0.401
笔者手上的这三款iPhone均为国行版，iPhone字样下没有型号等铭文。
92 15 6 4 4 0.299
值得注意的是，虽然iPhone8和iPhoneX均为深空灰色，但iPhoneX的颜色更深，更接近黑色。
92 20 9 1 3 0.466
额头的宽度上，iPhoneX极窄，iPhone8和iPhone8Plus差不多。
92 21 9 2 3 0.395
在听筒的长度上，iPhone8Plus>iPhone8>iPhoneX，不过三者都有扬声器和降噪麦克。
92 22 9 3 3 0.488
另外，iPhoneX的前置摄像头在右侧，iPhone8和iPhone8Plus位于听筒左侧。
92 23 10 1 2 0.406
下巴的设计上，iPhoneX是表现较好的，取消了从iPhone第一代就有的Home键。
92 24 10 2 2 0.414
全部延伸为屏幕，iPhoneX屏幕的圆角采用了独特的去锯齿优化，看起来很圆润，iPhone8系列依旧沿用上一代的设计，没有什么改变。
92 27 11 3 3 0.425
三款手机都采用了Lightning接口，左侧均为麦克风，右侧均为扬声器，另外iPhone8Plus左右两侧分别比iPhone8和iPhoneX多两个开孔。
92 26 11 2 3 0.4
可以看到iPhone8系列的边框为铝合金，而iPhoneX为不锈钢边框，可以说各有优势，不锈钢更闪亮但也更容易手机指纹。
92 28 12 1 1 0.428
三款手机右侧对比，iPhoneX的电源键明显要比iPhone8和iPhone8Plus更长，也集成了更多的功能，所以iPhoneX上的这颗按键被重新命名为侧边键。
92 29 13 1 1 0.44
三款手机的左侧并没有太多不同，可以看到iPhoneX的天线带比iPhone8和iPhone8Plus更细，其他按键排布上基本一致。
92 31 15 1 3 0.421
笔者手上的这三款iPhone都已经升级到了最新的系统版本iOS11.1.2，同样是iOS11，但iPhoneX在交互上像完全不同的系统一样。
92 32 15 2 3 0.386
因为没有了Home键，一系列的操作只能通过手势实现。
92 33 15 3 3 0.425
一张图展示iPhoneX和iPhone8系列交互的不同点。
92 35 17 1 3 0.419
iPhoneX取消了Home键，采用了面部识别FaceID，那这个面部识别到底好不好用呢？从笔者目前的使用情况来看，iPhoneX面部识别的表现尚可。
92 36 17 2 3 0.424
虽然相比于已经成熟的第二代指纹识别，FaceID在速度上并没有优势，但使用起来更显得自然。
92 37 17 3 3 0.346
而且iOS系统之后的更新一定会基于iPhoneX进行，所以在这方面来看，FaceID面部识别的速度和安全性都是无需考虑的问题。
92 41 20 1 2 0.479
笔者实测清空后台，开同一款软件，速度上iPhone8>iPhone8Plus>iPhoneX，而在开启多个应用后，开启速度则会变成iPhone8Plus>iPhoneX>iPhone8。
92 42 20 2 2 0.355
这是因为iPhone8Plus和iPhoneX采用了3GB的内存，而iPhone8只有2GB，所以在处理多任务上，iPhone8Plus和iPhoneX显得更加游刃有余。
92 45 22 2 2 0.519
iPhone8的电池容量为1821mAh，iPhone8Plus的电池容量为2675mAh，iPhoneX由于采用了双电池设计，因此在小机身内也实现了2716mAh的电池。
92 44 22 1 2 0.195
续航也是不少用户十分关注的地方。
92 46 23 1 2 0.41
苹果官方声明iPhone8和iPhone8Plus的续航时间和上一代大致相同，而iPhoneX的续航时间则比iPhone7最长增加2小时。
92 47 23 2 2 0.379
我们采用中关村在线5小时续航测试模型对这三款手机进行测试。
92 51 26 1 2 0.404
另外，这三款手机还支持PD快充，在官网的声明中，这三款手机均能在30分钟的快充中最高充进50%的电量。
92 52 26 2 2 0.314
但令人感到遗憾的是，无论是苹果的无线充电底座还是PD快充头和线都需要另外购买，这一套下来，七八百是没跑了，如果对快充没有特别的需求，笔者是不建议大家购买快充套装的。
92 73 38 1 1 0.404
由于主摄像头并没有太大差别，因此我们将iPhone8Plus和iPhoneX开启2倍变焦模式，而iPhone8采用2倍数码变焦。
92 76 40 1 2 0.459
另外，iPhoneX在拍照上还有一点不同，由于采用了原深感摄像头系统，因此iPhoneX的前置摄像头也可以开启人像模式。
92 77 40 2 2 0.375
这是iPhone8和8Plus没有的功能。
92 79 42 1 1 0.44
经过以上的对比分析，我们可以得出：iPhone8相比iPhone8Plus价格上相差的这800元主要体现在iPhone8Plus拥有更大的屏幕、更强的续航和较好的变焦拍照能力上，但体积较大的iPhone8Plus也损失了一点手感；而iPhone8Plus和iPhoneX价格相差的1700元主要体现在iPhoneX拥有更好的手感和屏幕、更强大的夜景拍摄能力和新技术的加持上，例如面部识别和animoji。
94 5 2 3 3 0.414
榜单上共有两款手机上榜，分别是苹果iPhoneX和三星GalaxyS8。
94 4 2 2 3 0.267
前三甲产品可谓世界范围内数码爱好者的梦想产品。
96 8 4 1 4 0.412
苹果发布的iPhoneX有两个卖点：面部识别和全面屏。
96 9 4 2 4 0.168
它在每一个上市的市场上都能立即卖出。
97 6 4 2 2 0.423
这一点在iPhoneSE上能够很好地体现，这款手机成本竟然比iPhone4s还要低36美元，显然是因为它采用了和iPhone5s完全一样的外观、主板和屏幕，还有和iPhone6s完全一样的硬件配置，这节省了不少开发、制造成本。
97 5 4 1 2 0.172
总的来说，当iPhone的外观设计出现较大的改变时，成本往往就会上涨不少。
98 24 11 2 3 0.415
譬如面部识别的可录入数量、对相似人脸特征的细节敏感度、未来将要应用在哪些设备以及将TouchID替换后对人脸识别的效率等等，这些都是目前用户反馈FaceID需要改进的‘头等大事’。
98 23 11 1 3 0.172
不过从体验角度看，目前的FaceID仍有许多待改进的地方。
98 25 11 3 3 0.287
倘若苹果要在未来1~3年内要将这项技术重点发展，那么首要解决的应该就是用户所反馈的这些不可忽视的细节了。
98 28 13 1 5 0.433
在FaceID推出之前，屏下指纹识别方案是大家猜测苹果今年会在iPhoneX上用于替换TouchID+Home键的最佳方案，但出于开发与专利上的原因，所以屏下指纹识别无缘与我们见面。
98 29 13 2 5 0.081
不过，从外媒IDB的猜测看，今年5月、9月苹果在美国专利和商标局申请并通过了编号为NO。
98 37 15 1 1 0.417
苹果自2017年开始就开始在AR（现实增强）领域上发力，除了在今年初的iPadPro上给我们展示了iOS设备在AR功能方面的流畅体验以外，9月的iPhoneX也首度搭载了3D传感系统‘TrueDepth’给用户带来了FaceID和Animoji两项明星功能。
98 42 18 1 5 0.434
今年苹果在iPhone8系列、iPhoneX上配备了一块A11处理器，这枚处理器除了在性能带来提升外，还针对AR和安全两方面的性能进行升级。
98 43 18 2 5 0.233
根据Macrumors报道，苹果计划在明年第一或第二季度发布的新iPadPro上采用A11X处理器。
98 44 18 3 5 0.413
这没处理器采用八核心设计，采用3枚Monsoon大核+5枚Mistral小核架构，并同时配备M11协处理器。
98 45 18 4 5 0.129
分析指出，由于台积电在7nm制程处理器上取得显著成果，并于2018年实现量产。
98 47 19 1 1 0.488
同时，Macrumors分析，在A11X芯片的加持下，2018款iPadPro将搭载基于‘TrueDepth’传感器方案的FaceID面部识别功能，以及依然采用LCD屏幕，并不会因为苹果iPhoneX上使用OLED而在iPad设备上应用。
98 53 21 4 4 0.45
同时，iPhone数字系列的一贯的造型也会被类似iPhoneX的‘刘海’造型所取代，统一取消Home键和TouchID采用FaceID取代，并带来6.1英寸LCD屏幕的新屏幕配置。
98 52 21 3 4 0.369
不过根据KGI分析师郭明池在11月13日曝光的消息看，明年苹果将会带来一款比iPhoneX屏幕更大、达到6.5英寸的‘iPhoneXPlus’。
98 54 22 1 2 0.489
‘iPhoneXPlus’作为iPhoneX的加大版，外观设计和硬件配置与目前的iPhoneX一样，但屏幕尺寸扩展到了6.5英寸，屏幕依然选用OLED；6.1英寸的新iPhone将为弥补5.8英寸到6.5英寸之间的空缺，外观设计一脱以往iPhone6开始延续到iPhone8的圆润设计，会跟iPhoneX所用的近似。
98 55 22 2 2 0.352
同时，屏幕边框部分会作出窄边框处理，并且在这款手机上所采用的是LCD显示屏。
98 56 23 1 3 0.446
今年的秋季发布会中，除了前面FaceID、‘异型屏’几项功能外，无线快充的加入也让iPhone8系列、iPhoneX不同于以往的iPhone。
98 59 24 1 3 0.408
但需要注意的是，根据国内充电头网对iPhone8的无线快充测试看，升级iOS11.2Beta3后使用iPhone8的确能达到7.5W的快充，但快充阶段也仅能维持10分钟而已，同时也会伴随着高达61℃的发热情况。
98 60 24 2 3 0.162
总体而言，虽然这次测试成绩并不算完美，但苹果总算是兑现了在发布会上的承诺，迈出了从有到无的第一步。
99 8 5 1 2 0.462
然后，iPhoneX面部识别功能还可以用来支付了。
99 9 5 2 2 0.252
在商场购物的时候掏出iPhoneX，直接面部一扫，然后放到POS机上便完成了支付，最后收起iPhoneX，整个过程行云流水，深藏功与名。
99 13 8 1 1 0.464
等到你这一系列装X活动结束后，发现手机快没电了，这时，你只需要将手机随意放在支持Qi协议的无线充电底座了，手机便可以开始充电，到这里，装X才真正结束。
99 19 11 1 1 0.418
可以看到，这次的苹果iPhoneX的手机体积只比iPhone8大一点点，屏幕却比iPhone8Plus还要大，也就是说苹果iPhoneX在良好的手感前提下实现了更大更全面的屏幕。
99 21 12 2 2 0.43
而OLED屏幕的缺点是亮度不足，但在苹果的优化下，竟然达到了625nits，难怪库克这么自信的说这是首款能达到苹果设计标准的OLED屏幕。
99 20 12 1 2 0.399
值得注意的一点是，这次苹果iPhoneX的屏幕采用了三星的OLED屏，OLED屏幕的优点我们都已经知道，自发光的性质不仅更省电，在苹果的调教下达到了1000000：1的对比度。
99 23 13 2 4 0.404
舒适的手感，超大的屏幕，没错，iPhoneX实现了。
99 22 13 1 4 0.207
这次iPhoneX的屏幕是直接导致价格偏高的因素之一。
99 24 13 3 4 0.295
iPhone一直以来表现平平的屏占比也在iPhoneX上迅速提升到了80%以上。
99 27 15 1 1 0.426
而A11处理器也从A10的2+2变成了2+4芯片工作，更恐怖的是，这次的A11处理器支持6颗核心同时工作，我们实测A11处理器的安兔兔跑分已经超过了22万分，Geekbench4跑分的多核跑分竟然超过了1万分。
99 28 16 1 2 0.494
A11仿生处理器在大幅提高性能的同时，还拥有第二代性能控制器和量身定制的电池设计，使充满电后的电池续航时间比iPhone7最多可延长两个小时。
99 29 16 2 2 0.265
可以说这次的屏幕和处理器是最能让我们切身感受到iPhoneX强大的地方。
99 35 19 1 2 0.428
如果说初代iPhone重新定义了手机，那么适逢十周年的这款iPhoneX将定义手机的下一个发展趋势，全面屏、面部识别和AR即将开启智能手机的新时代。
99 36 19 2 2 0.324
为了更好的适配AR的功能，iPhoneX将双摄竖置，这样是为了在手机横过来的时候能契合人眼的效果。
99 40 21 2 2 0.408
如果你现在入手，便可以早早的得到苹果未来的手机使用体验。
99 39 21 1 2 0.285
只有将历史的时间线拉长，我们才能发现初代iPhone和iPhone4的经典所在，我们不妨将时间线拉到未来，也许iPhoneX也将成为苹果历史上最经典的产品之一，经典便是价值。
100 1 1 1 2 0.41
中关村在线消息：众所周知，近两年智能手机的元器件成本与制造成本呈飞速上涨的趋势，致使一些原本走性价比路线的手机品牌也被迫提高产品售价，否则就该成赔本赚吆喝了。
100 2 1 2 2 0.194
就如此前一加手机CEO刘作虎在微博上感慨的那样，“手机元器件成本比深圳房价涨得还快”。
