99 35 19 1 2 0.639
如果说初代iPhone重新定义了手机，那么适逢十周年的这款iPhoneX将定义手机的下一个发展趋势，全面屏、面部识别和AR即将开启智能手机的新时代。
99 36 19 2 2 0.348
为了更好的适配AR的功能，iPhoneX将双摄竖置，这样是为了在手机横过来的时候能契合人眼的效果。
2 4 2 3 3 0.407
整个系统藏身于显示屏顶部一个极小的空间内，它体积虽小，却遍布着苹果精心研发的各种尖端技术。
2 3 2 2 3 0.368
它能让你随手拍摄精彩纷呈的照片，并能使用面容ID功能。
3 11 5 2 3 0.413
目前国行销售的iPhoneX版本均为使用高通基频芯片的A1865全网通版本，暂时无忧。
3 10 5 1 3 0.18
因此，如果有购买iPhoneX意向的用户就要格外注意了。
3 12 5 3 3 0.231
但是此前工信部已有不支持CDMA制式的A1903和A1907获得了入网许可，初步推断这两部可能是使用了英特尔基频芯片的版本。
6 2 1 2 2 0.45
具体来说就是，今年发布的iPhoneX这款手机，苹果直接拿掉了TouchID，而换上了人脸识别。
6 1 1 1 2 0.248
为了推广新技术，苹果总是表现的这么激进，让用户一下子没办法接受。
7 1 1 1 3 0.415
自从苹果公司宣布用一系列传感器就能巨细靡遗地记录用户面部数据，就有不少安全公司质疑这项技术的安全性。
7 2 1 2 3 0.459
警察有可能强迫用户用面部识别解锁iPhoneX，面部数据可能遭窃，营销商还可能通过面部数据评测某一手机应用的用户满意度、或广告的效果。
7 3 1 3 3 0.108
人们担心这些情况的出现，而可能出现的还不止于此。
7 10 5 1 2 0.534
RinatKhanov开发的iPhoneX手机应用MeasureKit可以让用户查看开发人员可以获得哪些数据。
7 11 5 2 2 0.383
这款应用的初衷，是让用户可以制造自己的面部模型，对自己的面部进行3D打印，而它只是上千款可以获得面部数据的应用之一。
10 13 10 1 2 0.428
苹果的Root权限不对用户开放，越狱就是获取iOS的Root权限，获取后用户使用iOS权限大大增加，可以查看iOS文件系统，免费安装AppStore以外的海量软件，更换外观主题等。
10 14 10 2 2 0.105
对安全研究人员来说，iOS系统源代码的闭源性以致所做研究有限。
10 16 12 1 2 0.405
自2007年7月第一款iPhone上市，开发人员发布了第一款无名越狱工具，打开了另一扇天窗。
10 17 12 2 2 0.271
此后，苹果每次发布新机、新版本总有人跃跃欲试。
14 2 1 2 2 0.42
商人出身的库克当然也注意到了iPhoneX的大卖，所以苹果明年将推三款不同尺寸的全面屏iPhone，来争夺市场份额。
14 1 1 1 2 0.333
【手机中国新闻】iPhoneX已经发售多时，其受欢迎程度也远远超过预期，以致于苹果开始减少iPhone8系列的生产，并开始大规模生产iPhoneX。
15 1 1 1 1 0.442
新浪科技讯北京时间12月1日早间消息，谷歌地图iOS版刚刚进行更新，可以支持iPhoneX的屏幕。
15 5 3 2 2 0.43
更新后的谷歌地图应用可以支持全面屏，而且可以在“齐刘海”的两边显示一些内容。
15 4 3 1 2 0.384
在此之前已经有很多应用可以支持iPhoneX的OLED屏。
18 1 1 1 4 0.51
谷歌今天更新了iOS版地图应用，并加入了对iPhoneX设备的支持。
18 2 1 2 4 0.536
升级之后，谷歌地图可以在iPhoneX上全屏显示，应用的顶部为搜索条，底部提供了导航和信息展示功能。
18 3 1 3 4 0.341
下面是谷歌地图4.41的完整更新说明。
19 4 4 1 1 0.458
在事件最新进展中，高通指控苹果侵犯16项专利，包括很多智能手机功能，从用户界面和电池管理到摄像头自动对焦。
21 4 4 1 1 0.453
艾维接受采访时候强调，iPhoneX绝对是一款科技感十足的手机，这代表了未来了，全面屏设计+人脸识别的组合，让人体验后绝对难以忘怀。
22 2 1 2 4 0.403
而随着iPhoneX的发布，苹果官方也没有发布这款新颜色设备。
22 1 1 1 4 0.271
TechWeb报道在iPhoneX发布之前，曾经在网上流传了一种说法，就是iPhoneX将有一款腮红金的新配色。
22 3 1 3 4 0.265
用户们以为就是网络上的谣传，再加上iPhoneX的新功能赚曝眼球，所以大家对这个颜色也就不了了之了。
24 7 6 1 1 0.477
4、A11仿生芯片更快更智能。
24 13 10 1 2 0.483
按照目前手机产品发展的趋势，今年推出首款采用OLED屏幕的iPhoneX之后，苹果会在此基础上推出多款iPhoneX系列的后续产品，不仅会继承iPhoneX的设计，也会继承iPhoneX的命名。
24 14 10 2 2 0.219
所以明年的iPhone可能命名为iPhoneXs和iPhoneXsPlus，2019年的可能会叫iPhoneXI和iPhoneXIPlus，2020年的则叫iPhoneXIs和iPhoneXIsPlus。
24 17 11 3 3 0.401
尺寸方面则会提供5.8英寸和6.5英寸两个搭载OLED屏幕的版本和一个6.1英寸的LCD屏幕的版本，外观的其他方面预计不会变，或者只有极小的细节调整。
24 16 11 2 3 0.359
根据目前的消息，明年iPhone的全面屏刘海设计将会成为全系标配。
24 18 12 1 2 0.428
iPhoneX用FaceID取代了传统指纹识别，不过依然有不少人怀念指纹识别。
24 19 12 2 2 0.474
凯基证券的分析师郭明池认为苹果正在致力于研究屏下指纹识别技术，如果能够实现，新的iPhone将能同时拥有指纹识别和面部识别。
24 20 13 1 2 0.423
双卡双待一直是安卓手机的标配，即使是售价300块钱的安卓手机也会标配双卡双待，而iPhone价格都快涨到10000了，仍然没有支持双卡双待。
24 21 13 2 2 0.338
但是据传闻显示，在下一代iPhone的基带设计上，将有不一样的地方，苹果有望在新款iPhone上引入IntelXMM7560和高通X20基带，两款基带都支持4x4MIMO，现在的iPhone仅支持2x2MIMO；这意味着下载速度将能达到1Gbps，而下载一部两小时的电影只需15秒钟，最重要的是支持双卡双待。
24 24 15 1 1 0.47
下一代处理器一定还会按照此前的传统走，搭载A12处理器；无线充电和充电技术应该也会延续iPhoneX的配置规格；电池大小应该视手机尺寸而定。
25 7 4 1 1 0.549
甚至在苹果正式发布其“未来的智能手机”前，分析师们就警告称，iPhoneX上采用的各种新科技——OLED屏幕、TrueDepth摄像头模块、面部识别技术以及各种优质材料——可能会大大延缓生产，导致严重供不应求的局面出现。
26 4 2 1 4 0.405
日前，供应链人士！手机晶片达人透露了明年新一代iPhoneX的细节。
26 5 2 2 4 0.435
据悉明年的iPhoneX依然将会使用OLED屏幕，屏幕尺寸将为5.8英寸和6.2英寸，同样支持面容ID，机身也将采用传统配色。
26 6 2 3 4 0.334
不过还有一种说法，是苹果将推出低价版的iPhoneX，定位和iPhone5C差不多，同属中低端市场。
27 4 2 1 4 0.405
iPhoneX以其独特的全面屏设计和新加入的手势操控及面部ID收到了全球消费者的青睐，毕竟从iPhone6/6Plus时代开始，苹果对于iPhone的外观基本上改动不大，消费者在多年的使用后逐渐产生了审美疲劳。
27 5 2 2 4 0.353
而iPhoneX的惊艳设计也让用户们跃跃欲试，不少人都很想尝试全新的操作和感官体验。
28 6 3 3 4 0.495
此外，恰逢iPhone用户的换机潮和全球智慧手机复苏，苹果产业链景气上升。
28 5 3 2 4 0.168
台湾产业链给出的最新消息称，iPhoneX目前的销量已远远超出苹果当初预想最高数量。
28 7 3 4 4 0.132
在港股触及三万点之后的调整下，在市场避险情绪逐步提升与多数热门板块题材热度退散的现在，苹果概念股或许值得关注。
28 11 5 1 2 0.423
配合全屏幕，iPhoneX去掉了Home键，采用了面部识别FaceID。
28 12 5 2 2 0.322
虽然相比于已经成熟的第二代指纹识别，FaceID在速度上并没有优势，但使用起来更显得自然。
28 13 6 1 3 0.44
背面来看，苹果的三款新手机都采用了双面玻璃+金属边框的设计，但是iPhoneX的摄像头降噪麦克和闪光灯集成在于一起。
28 14 6 2 3 0.225
三款手机拍照对比之下，iPhoneX的画面相当纯净，而iPhone8和iPhone8Plus都有不同程度的噪点，经过实测发现，iPhone8Plus在这种暗光环境下有很大几率不开启长焦镜头，因为长焦镜头没有光学防抖会更加模糊，但相比iPhone7Plus有小小的提升，能够接受的弱光程度比之前强了。
28 20 9 1 1 0.418
一直遭果粉的吐槽的苹果手机电池续航能力，这次在电池容量上也有提升，iPhoneX由于采用了双电池设计，因此在小机身内也实现了2716mAh的电池，配合Qi无线充电和PD快充的黑科技，30分钟最高充进50%的电量。
28 25 12 2 3 0.578
另外，还有2190万人在使用iPhone5s，或者更老机型的iPhone系列智能手机。
28 24 12 1 3 0.187
而根据市场研究调查comScoreMobiLens的资料显示，截至2017年底为止，美国大约有4840万人在使用iPhone6系列手机。
28 26 12 3 3 0.423
如果过去的升级趋势能在这次的新iPhone手机上获得延续，那么单就美国市场来说，就有7000万人将会升级到苹果最新手机。
28 36 20 1 2 0.449
瑞声科技从2010年开始就开始成为苹果官方供应商，从声学元件开始，逐渐涉及触控马达、无线天线(连机壳)、手机镜头等微小元件，喇叭和触控马达已成为苹果手机的标配。
28 37 20 2 2 0.362
此外，瑞声还是唯一一家能够同时给三星华为供货的零件厂商。
28 44 25 1 2 0.539
随着全面屏手机成为潮流，用户对触控感觉要求提高，加上TapticEngine已在苹果手机使用近三年(由iPHone6开始)，价格理应下跌，或会出现一个吸引Android智能手机厂商使用的机会。
28 45 25 2 2 0.45
只要三星或华为一经采用这块震动器，相信其他手机也会逐步跟随。
28 46 26 1 5 0.488
至于iPhoneX推出“FaceID”后，3D感测或是下一代手机的时尚配置之一。
28 47 26 2 5 0.379
苹果官网介绍，面容ID功能通过原深感摄像头来实现，设置起来也非常简单。
32 2 1 2 3 0.428
而由于今年苹果推出了采用OLED全面屏设计的iPhoneX，因此新一代iPhoneX机型格外受到用户关注。
32 1 1 1 3 0.313
【手机中国新闻】每到这个时候，下一代iPhone的消息就会多起来。
32 3 1 3 3 0.271
日前，供应链人士@手机晶片达人透露了明年新iPhoneX的细节。
32 4 2 1 3 0.459
据称，明年的三款新iPhone将有两款使用OLED屏，其屏幕尺寸分别为5.8英寸和6.2英寸，将支持人脸识别，机身配色也是传统的颜色。
32 5 2 2 3 0.405
除此外，苹果还将推出低价版的iPhone，根据以往的传闻该机应该为低价版iPhoneX，而该版本将提供多达7种的机身配色，但会采用指纹识别还是改用人脸识别目前还没有定案。
32 6 2 3 3 0.251
当然，苹果目前的倾向是做成全面屏加3D结构光的FaceID。
33 2 1 2 3 0.476
三星首款全视曲面屏手机S8让我们再一次看到了三星的设计实力。
33 1 1 1 3 0.338
【手机中国新闻】三星对于屏幕的研究可谓是登峰造极，无论是之前的曲面屏，还是如今的全面屏大潮中，三星都是领军人物。
33 3 1 3 3 0.188
目前大家都在纷纷猜测明年的S9将会是什么样子，外国大神就曝光了一组谍照，我们一起看看吧。
39 1 1 1 2 0.513
从手机工业设计及颜值出发，将logo与指纹识别二合一显然能够让手机外观更加简洁…避免满目疮痍的感觉。
39 2 1 2 2 0.269
锤子推出坚果Pro2的一大亮点就是采用了这种设计，保留指纹识别功能的同时又没多多开孔！那为什么同样重视设计的苹果没有采用这项技术呢？我认为有以下这几点原因：
39 7 4 1 3 0.494
作为一项“重要”更新，iPhoneX支持无线充电，手机背部玻璃面板下方就是无线充电线圈，这显然没有给指纹识别留下空间（除非继续增加手机厚度）。
39 8 4 2 3 0.234
通过此前拆解，可以看到在玻璃面板下方其实还有一个金属框架，而为了保证无线充电，金属框架也被挖出了一个区域。
40 6 3 2 3 0.459
面容ID除了日常解锁设备外，还可以用于支付，这应该是目前唯一一款使用人脸识别做为支付手段的手机。
40 5 3 1 3 0.332
剩下三部广告片集中展示了iPhoneX面容ID的作用。
40 7 3 3 3 0.337
另外两部广告则展示了iPhoneX面容ID的两个特性——夜间解锁和变装解锁。
40 11 5 2 4 0.405
而除此以外，iPhoneX还具备全面屏，人像光效以及新的交互手势等等特性。
40 10 5 1 4 0.242
自9月iPhoneX发布以来，苹果公司将原深感镜头作为主要营销卖点。
40 12 5 3 4 0.237
目前，苹果公司已经提升产能，iPhoneX备货周期缩短至1-2周。
45 1 1 1 2 0.487
【TechWeb报道】苹果iPhone每一次加入全新功能，都能引发开发者市场的一次功能升级，这不iPhoneX发布后，FaceID就成了用户和开发者围绕的重点功能。
45 2 1 2 2 0.357
微信在发布不久就支持FaceID支付后，支付宝在今天也升级了此项功能。
45 3 2 1 2 0.468
今天iOS版支付宝带来了10.1.8版本更新，最大的亮点就是完美适配iPhoneX，支付设置新增“面容ID支付”，开启后即可实现刷脸支付。
45 4 2 2 2 0.48
作为国内数一数二的支付软件，支付宝的此项升级，无疑提升了iPhoneX用户体验。
45 7 4 1 3 0.502
iOS支付宝新版还对人气眼、应用中心、朋友等板块进行了改版，同时上线了口碑签到功能。
45 8 4 2 3 -0.074
对双12一些活动提前做出一些准备。
47 1 1 1 3 0.481
移动支付普及大潮下，是否成为微信、支付宝指纹支付，甚至成为一款手机的卖点之一，可见消费者对其便捷程度的认可。
47 2 1 2 3 0.408
而今年，苹果iPhoneX带来了全新的人脸识别，取消了TouchID指纹Home键，支付是否还能像以往一样方便快捷呢？事实上，iPhoneX上市不久后，微信就第一时间支持了FaceID支付。
47 3 1 3 3 0.427
上周曝光的支付宝iOS全新内测版显示，新版也支持FaceID支付了。
47 4 2 1 1 0.447
果不其然，11月28日（今天）iOS版支付宝带来了10.1.8版本更新（双12特别版），对人气眼、应用中心、朋友等板块进行了改版，同时上线了口碑签到功能。
48 2 1 2 3 0.504
苹果的iPhoneX内置了新的生物面部识别技术，作为其主要解锁以及支付工具。
48 1 1 1 3 0.36
和讯科技iPhoneX自推出以来，人们对“欺骗面部识别（FaceID）”乐此不疲。
48 3 1 3 3 0.013
然而截至到目前，FaceID已被双胞胎、儿童、甚至面具欺骗多次。
50 1 1 1 3 0.502
【PChome手机频道资讯报道】智能手机的发布时间是有迹可循的，比如苹果总是在9月份推出新机，安卓手机的数量众多，年初的CES/MWC两场重磅展会是不少重磅机型的发布选择。
50 2 1 2 3 0.42
三星与LG作为韩系手机的代表作，总是在每年的二三月份推出新款旗舰。
50 3 1 3 3 0.21
然而据韩国方面的消息称，三星与LG可能会在2018年提前新机发布计划，GalaxyS9/LGG7两款重磅旗舰会在1月份就提前发布。
50 5 2 2 3 0.414
三星希望迅速推出一款能够与iPhoneX抗衡的新机，来抢占这部分市场。
50 4 2 1 3 0.157
虽说三星与LG都选择提前发布，然而它们的目的却不太相同。
50 6 2 3 3 0.207
LG则是不愿落后，以免新机不能及时进入市场而被抢先。
51 1 1 1 1 0.431
今年最热门的iPhoneX比起之前几代苹果手机有了重大的变化，取消物理Home键和指纹识别，启用全新的OLED全面屏，搭载人脸识别和无线充电，虽然很多预订iPhoneX的果粉还没拿到手机，但这不妨碍大家期待明年的iPhone还会有什么惊喜，而最近也有许多关于苹果手机未来的传闻。
51 5 5 1 1 0.42
尺寸方面则会提供5.8英寸和6.5英寸两个搭载OLED屏幕的版本和一个6.1英寸的LCD屏幕的版本。
51 7 7 1 2 0.45
iPhoneX用人脸识别取代了传统的指纹识别，不过依然有不少人怀念指纹识别。
51 8 7 2 2 0.474
凯基证券的分析师郭明池也提到苹果正在致力于研究屏下指纹识别技术，如果能够实现，新的iPhone将能同时拥有指纹识别和面部识别。
54 1 1 1 3 0.453
据tom’sguide网站报道称，苹果发布iPhoneX的时间还不长，但很显然的是，起步价999美元（约合人民币6581元）的这款手机掀开了苹果智能手机历史的新篇章。
54 2 1 2 3 0.41
iPhoneX淘汰了实体Home按键和TouchID指纹传感器，采用OLED显示屏覆盖几乎整个机身正面的新设计。
54 3 1 3 3 0.429
此外，iPhoneX还配置面容ID传感器，支持无线充电功能，它受到用户青睐并不让人感到意外。
55 1 1 1 3 0.46
今天谷歌多款iOS应用获得更新，增加了对iPhoneX的适配以及对iOS11系统的优化。
55 2 1 2 3 0.136
其中包括Google文档、Google幻灯片和Google表格。
55 3 1 3 3 0.466
适配iPhoneX方面，谷歌办公套件现在可以充分利用苹果这款新手机的全面屏，界面也扩展至屏幕的四个角，不会再有黑边影响文档的阅读。
59 5 3 1 2 0.407
早前，凯基证券分析师郭明池预测，苹果明年还会推出Plus版iPhoneX，屏幕依旧是采用OLED材质。
59 6 3 2 2 0.258
同样配置也会提升，不过不会采用后置TrueDepth摄像头。
60 5 4 1 3 0.469
今年iPhoneX配备了全面屏幕，尽管有“刘海”屏幕但的确是很有特点的一款手机，而且是苹果首次使用OLED屏幕并加入了面部识别功能。
60 6 4 2 3 0.312
可以说iPhoneX才是一款真正具有创新味道的产品，而iPhone8相形见绌了不少，这也导致iPhone8的市场需求量降低。
66 1 1 1 3 0.45
iPhoneX一经发售就受到了追捧，全新的全面屏设计，出色的FaceID等，都为这款手机加分不少。
66 2 1 2 3 0.303
即使这款手机售价接近万元，也丝毫没有打击用户对它的向往，一边咬着牙购买，一边安慰自己多用几年就够本了。
68 5 4 1 1 0.509
据此前凯基证券知名分析师郭明池的预测，苹果明年将推出三款新iPhone，包括5.8英寸OLED屏幕版（类似于iPhoneX）、6.5英寸OLED屏幕版，同时提供一款6.1英寸的LCD屏幕版本，主打入门市场。
68 6 5 1 1 0.459
三款新iPhone都将采用iPhoneX类似的全面屏设计，同时支持FaceID面部识别。
78 6 5 2 2 0.47
作为一款万元手机，iPhoneX订单追加，苹果一定能乐开花了。
78 5 5 1 2 0.21
目前iPhoneX国行预订后发货时间是1-2周，而除了银色256GB版外，其余配色都非常好购买。
85 7 3 1 3 0.463
iPhone8和iPhoneX让不少黄牛揪心，他们背后是拥有手机市场定价权的北京中关村手机渠道商。
85 8 3 2 3 0.29
虽然中关村卖场正被普通消费者遗忘，但中关村卖场仍是华北最大的电子市场，也是华北最大的电子产品货源中心。
85 26 11 1 3 0.495
2007年，乔布斯发布了第一款苹果手机。
85 27 11 2 3 0.165
“震惊”，这是第一代iPhone带给林海安的感受，2007年的他还在上高中，这个亲戚从国外带回来的礼物刷新了他对手机的认识。
85 31 13 1 2 0.497
2013年，iPhone5s开始引领正面按压式指纹识别手机风潮。
85 32 13 2 2 0.244
2014年iPhone6真正让“抢购iPhone”成了一种现象级的狂欢。
90 1 1 1 2 0.451
iPhoneX的发布再一次点燃了果粉们的激情，作为一款售价高达8388元的高价智能手机，很多朋友咬牙购买后可是要用一辈子的。
90 2 1 2 2 0.122
不过，这个算盘可能要落空了，根据苹果官方透露的消息来看，或许3年后这位朋友就要重新充值信仰了。
92 1 1 1 3 0.423
苹果今年史无前例地推出了三款手机，分别是看似升级很大的iPhoneX和看似没啥升级的iPhone8/8Plus。
92 2 1 2 3 0.312
三者的价格也差异较大，对于不了解这三款手机的玩家来说，今年想换一台iPhone还真的有点纠结。
92 25 11 1 3 0.482
在手机底部的设计上，三款手机也略有不同。
92 26 11 2 3 0.369
可以看到iPhone8系列的边框为铝合金，而iPhoneX为不锈钢边框，可以说各有优势，不锈钢更闪亮但也更容易手机指纹。
92 47 23 2 2 0.433
我们采用中关村在线5小时续航测试模型对这三款手机进行测试。
92 46 23 1 2 0.201
苹果官方声明iPhone8和iPhone8Plus的续航时间和上一代大致相同，而iPhoneX的续航时间则比iPhone7最长增加2小时。
92 50 25 1 1 0.43
在充电方面，这三款手机都支持Qi无线充电，而苹果iPhone8/8Plus/X支持的Qi标准无线充电最高可以达到7.5W的充电功率。
94 5 2 3 3 0.443
榜单上共有两款手机上榜，分别是苹果iPhoneX和三星GalaxyS8。
94 4 2 2 3 0.312
前三甲产品可谓世界范围内数码爱好者的梦想产品。
98 2 1 2 2 0.407
但与以往不同的是，在今年的发布会上，苹果并不止给我们带来常规的iPhone8/8Plus两款手机的更新，在籍着纪念iPhone发布十周年之际，隆重推出了代表‘未来’的手机——iPhoneX。
98 1 1 1 2 0.265
在今年9月的秋季发布会上，苹果再次为我们带来了新iPhone。
98 3 2 1 3 0.403
从第一代iPhone面世，到今年的iPhone8、iPhoneX，苹果已经在手机这条道路上走了十个年头。
98 4 2 2 3 0.314
在这十年里，苹果经历了从iPhone1的‘摸索造机’到iPhone4的‘热购狂潮’；从iPhone6的‘双机策略’到iPhoneX的‘代表未来’，‘iPhone’已经在业内成为了一款举足轻重的产品。
98 7 3 2 3 0.401
相反，‘异型屏’、新的系统操作逻辑、FaceID等新硬件的出现让苹果的‘待办清单’又增添了几个项目。
98 6 3 1 3 0.356
iPhoneX的出现并不代表苹果在设计、软硬件的制造走到终点。
98 8 3 3 3 0.478
换而言之，iPhoneX是代表着苹果在手机制造上的更高造诣，同时肩负着未来苹果手机的‘试验田’使命。
98 18 9 1 3 0.447
换言之，在iPhoneX的技术验证后，苹果将会更自信地带来几款新手机。
98 19 9 2 3 0.05
当然，郭明池所曝光的这些消息我们仅用作参考，真实性仍需确认。
98 24 11 2 3 0.406
譬如面部识别的可录入数量、对相似人脸特征的细节敏感度、未来将要应用在哪些设备以及将TouchID替换后对人脸识别的效率等等，这些都是目前用户反馈FaceID需要改进的‘头等大事’。
98 23 11 1 3 0.053
不过从体验角度看，目前的FaceID仍有许多待改进的地方。
98 25 11 3 3 0.261
倘若苹果要在未来1~3年内要将这项技术重点发展，那么首要解决的应该就是用户所反馈的这些不可忽视的细节了。
98 28 13 1 5 0.405
在FaceID推出之前，屏下指纹识别方案是大家猜测苹果今年会在iPhoneX上用于替换TouchID+Home键的最佳方案，但出于开发与专利上的原因，所以屏下指纹识别无缘与我们见面。
98 29 13 2 5 0.092
不过，从外媒IDB的猜测看，今年5月、9月苹果在美国专利和商标局申请并通过了编号为NO。
98 37 15 1 1 0.483
苹果自2017年开始就开始在AR（现实增强）领域上发力，除了在今年初的iPadPro上给我们展示了iOS设备在AR功能方面的流畅体验以外，9月的iPhoneX也首度搭载了3D传感系统‘TrueDepth’给用户带来了FaceID和Animoji两项明星功能。
98 38 16 1 2 0.438
根据彭博社在11月14日所公布的报告称，苹果正在为2019年款的iPhone研发新的3D传感器，目的是要加强苹果ARKit应用在新手机上得到更好的体验和改良AR技术（增强现实）方面的应用技术。
98 39 16 2 2 0.323
目前，iPhoneX所搭载的前置3D传感器对苹果在AR领域上的发展版图十分有限，所以目前苹果将会在未来的iPhone上加入后置3D传感器，并且所用的技术方案将会是‘Timeofflight’（飞行时间）而并非是前置所用的‘TrueDepth’。
98 47 19 1 1 0.468
同时，Macrumors分析，在A11X芯片的加持下，2018款iPadPro将搭载基于‘TrueDepth’传感器方案的FaceID面部识别功能，以及依然采用LCD屏幕，并不会因为苹果iPhoneX上使用OLED而在iPad设备上应用。
98 52 21 3 4 0.402
不过根据KGI分析师郭明池在11月13日曝光的消息看，明年苹果将会带来一款比iPhoneX屏幕更大、达到6.5英寸的‘iPhoneXPlus’。
98 51 21 2 4 0.289
而能够让iPhoneX拥有如此独特的造型，这少不得是OLED‘异型屏’的功劳。
98 53 21 4 4 0.413
同时，iPhone数字系列的一贯的造型也会被类似iPhoneX的‘刘海’造型所取代，统一取消Home键和TouchID采用FaceID取代，并带来6.1英寸LCD屏幕的新屏幕配置。
98 54 22 1 2 0.44
‘iPhoneXPlus’作为iPhoneX的加大版，外观设计和硬件配置与目前的iPhoneX一样，但屏幕尺寸扩展到了6.5英寸，屏幕依然选用OLED；6.1英寸的新iPhone将为弥补5.8英寸到6.5英寸之间的空缺，外观设计一脱以往iPhone6开始延续到iPhone8的圆润设计，会跟iPhoneX所用的近似。
98 55 22 2 2 0.316
同时，屏幕边框部分会作出窄边框处理，并且在这款手机上所采用的是LCD显示屏。
98 62 25 1 2 0.443
今年苹果给我们带来了一款既纪念iPhone发布十周年的产品，又是极具意义的高科技产品，iPhoneX无论是设计、配置乃至价格都是目前系列产品线上最‘顶级’。
98 63 25 2 2 0.278
无可否认，这一次苹果确实带来的是一款能够代表苹果更高造机造诣产品，但从消费者的评价能看，这款产品在目前仍不够完美，因为这是一款之前从来没有过的产品，软硬件在细节上不完善反而让人望而却步。
99 8 5 1 2 0.429
然后，iPhoneX面部识别功能还可以用来支付了。
99 9 5 2 2 0.245
在商场购物的时候掏出iPhoneX，直接面部一扫，然后放到POS机上便完成了支付，最后收起iPhoneX，整个过程行云流水，深藏功与名。
99 13 8 1 1 0.424
等到你这一系列装X活动结束后，发现手机快没电了，这时，你只需要将手机随意放在支持Qi协议的无线充电底座了，手机便可以开始充电，到这里，装X才真正结束。
99 17 10 3 4 0.405
屏幕是我们和手机互动最重要的模块。
99 16 10 2 4 0.348
什么animoji、双光学防抖镜头，这些在iPhoneX的OLED全面屏面前都可以忽略。
99 18 10 4 4 0.209
为什么说这次的iPhoneX屏幕很爽呢，我们先来看一组对比。
99 38 20 2 2 0.488
从这个方面来看，iPhoneX也是一款重新定义智能手机的产品，它的价值现在仍然无法估量。
99 37 20 1 2 0.392
加上苹果强大的生态圈，iOS将成为全球最大的增强现实平台，而增强现实则是手机未来的一个重要发展方向，凭借着苹果强大的号召力和生态圈，手机AR将能更好的服务人类。
99 40 21 2 2 0.466
如果你现在入手，便可以早早的得到苹果未来的手机使用体验。
99 39 21 1 2 0.347
只有将历史的时间线拉长，我们才能发现初代iPhone和iPhone4的经典所在，我们不妨将时间线拉到未来，也许iPhoneX也将成为苹果历史上最经典的产品之一，经典便是价值。
100 1 1 1 2 0.512
中关村在线消息：众所周知，近两年智能手机的元器件成本与制造成本呈飞速上涨的趋势，致使一些原本走性价比路线的手机品牌也被迫提高产品售价，否则就该成赔本赚吆喝了。
100 2 1 2 2 0.374
就如此前一加手机CEO刘作虎在微博上感慨的那样，“手机元器件成本比深圳房价涨得还快”。
100 3 2 1 2 0.507
智能手机的制造成本究竟涨得有多邪乎，我们通过数据来说话。
100 4 2 2 2 0.257
根据国外媒体的报道，拿苹果的iPhone为例，六年前的iPhone4s，每台制造成本为196美元（折合人民币约1300元），而今年刚刚推出的iPhoneX，其制造成本已经飞涨到每台370.25美元（折合人民币约2451元）。
