3
53 8 4 1 3 0.426
如今，iPhoneX的产能不断改善，iPhoneX的预计发货时间已经降至1-2周，由于产量的提高，郭明錤认为第四季度的iPhoneX出货量可能比他之前估计的数字高出10%至20%，其中一些订单预计将在本季度末之前送达。
53 9 4 2 3 0.629
郭明錤预测，这一加速意味着2018年第一季度的iPhoneX发货量将与第四季度持平或略有下降。
53 10 4 3 3 0.029
而iPhoneX产能的不断改善，也需要所有的，每一个部件的供应商的配合。
2
75 11 7 1 2 0.709
因此，郭明錤预计2018年第一季度iPhoneX的出货量相比2017年第四季度将有“小幅下滑”。
75 12 7 2 2 0.156
这也是一个必然的结果，因为对于很多人来说，第四季度是购物的旺季，尤其是黑色星期五来临。
2
11 7 3 1 2 0.119
目前，富士康每天的iPhoneX出货量在45-55万之间，之前只有5-15万左右。
11 8 3 2 2 0.432
这次产能的提升也意味着苹果今年第三季度iPhone的出货量可能比预期提升10-20%
2
27 2 1 2 3 0.144
其中256GB的销量最好，达到了64GB的两倍。
27 3 1 3 3 0.456
分析师认为，iPhoneX在本季度全球出货量至少在3000万部左右。
2
28 28 14 1 2 0.426
分析师普遍预计iPhoneX销量将在圣诞节出现飙。
28 29 14 2 2 0.372
苹果也充满信心，其中苹果预测四季度圣诞旺季的销售收入将高达870亿美元，这是苹果季度收入的历史新纪录，这一预测超过了许多华尔街分析师预测值的上限。
1
28 30 15 1 1 0.418
鉴于iPhoneX供应从11月3日开始，凯基证券分析师郭明𫓹,预期iPhoneX大量出货和销售将由今年底递延至明年2季度持续增温，由于供应链限制，可能要到2018年上半年才能供需平衡。
1
28 38 21 1 1 0.445
2017年第三季度，瑞声再次实现创纪录收入，同比增长27%;其中声学业务同比增长17%，收入占比超过47%;无线射频结构件和触控马达同比增长29%，收入占比超过45%。
1
30 7 5 1 1 0.466
这将大幅挹注苹果季度财报的平均销售价，报道指出，苹果可能在本季度结束时销售3000万部iPhoneX，到下个季度将销售4000万部。
2
38 1 1 1 2 0.297
据Rosenblatt报告显示，“黑色星期五”周末促销活动期间，苹果共售出了约600万部iPhoneX，其中256GB版本最受欢迎，销量达64GB版本的两倍。
38 2 1 2 2 0.434
分析认为，本季度iPhoneX的全球出货量将在3000万部左右。
2
43 2 1 2 3 0.257
销量依然稳固，预计目前售出1500万部iPhoneX，“黑五”期间约售出600万部；对256GB型号的需求相信达到了64GB型号的两倍。
43 3 1 3 3 0.551
第四季度iPhoneX出货量预估从2700万-2800万部上调至3000万部；将明年第一季度预估从4500万部下调至4000万部。
3
46 6 5 1 3 0.296
经过这一次的调查，瑞银也调低了2018年iPhone的销量增长预期。
46 7 5 2 3 0.411
先前瑞银预计iPhone在2018年的销量将同比增长12%，现在他们已将增长率下调到了10%。
46 8 5 3 3 0.103
（辣椒客）
0
0
1
58 5 3 1 1 0.425
鉴于产能的提高，郭老师同时做出预测：iPhoneX第四季度的出货量可能会比之前预估的高出10%至20%，一些之前预计将在明年发货的订单将会提前至季度末期发货。
1
69 4 4 1 1 0.468
郭明錤还预测，明年一季度iPhoneX出货量将比今年第四季度有所下降，因为今年年底的购物假期将消化相当一部分iPhoneX的市场需求。
2
75 9 6 2 3 0.395
但是现在他表示，2017年第四季度的出货量将比以前预估的高处10%到20%。
75 10 6 3 3 0.454
由于供应和生产得到改善，本应在在2018年第一季度完成的订单，现在将在2017年第四季度完成。
0
2
94 3 2 1 3 0.462
在这份2017年十大电子产品榜单中，任天堂Switch游戏机排名第一，苹果iPhoneX排在第二名，微软SurfaceLaptop位居第三。
94 4 2 2 3 0.126
前三甲产品可谓世界范围内数码爱好者的梦想产品。
3
98 42 18 1 5 0.102
今年苹果在iPhone8系列、iPhoneX上配备了一块A11处理器，这枚处理器除了在性能带来提升外，还针对AR和安全两方面的性能进行升级。
98 43 18 2 5 0.512
根据Macrumors报道，苹果计划在明年第一或第二季度发布的新iPadPro上采用A11X处理器。
98 44 18 3 5 0.036
这没处理器采用八核心设计，采用3枚Monsoon大核+5枚Mistral小核架构，并同时配备M11协处理器。
