2
6 1 1 1 2 0.383
为了推广新技术，苹果总是表现的这么激进，让用户一下子没办法接受。
6 2 1 2 2 0.686
具体来说就是，今年发布的iPhoneX这款手机，苹果直接拿掉了TouchID，而换上了人脸识别。
2
7 4 2 1 2 0.358
单就苹果公司而言，他们能保证数据的绝对安全，严格执行行业惯例。
7 5 2 2 2 0.624
这些数据绝不会从手机传输出去，苹果公司没有这个权限，只有iPhoneX——你的iPhoneX——上，才有用原深感摄像头拍摄的面部数据。
2
14 1 1 1 2 0.564
【手机中国新闻】iPhoneX已经发售多时，其受欢迎程度也远远超过预期，以致于苹果开始减少iPhone8系列的生产，并开始大规模生产iPhoneX。
14 2 1 2 2 0.636
商人出身的库克当然也注意到了iPhoneX的大卖，所以苹果明年将推三款不同尺寸的全面屏iPhone，来争夺市场份额。
1
14 3 2 1 1 0.603
此前在推特上多次爆料iPhoneX的小哥@VenyaGeskin1近日又爆出猛料，他直接拿了一台6.5英寸的iPhoneX模型与目前在售款iPhoneX和iPhone8Plus进行对比，非常直观地让大家感受到这台6.5英寸旗舰的威慑力。
3
22 1 1 1 4 0.54
TechWeb报道在iPhoneX发布之前，曾经在网上流传了一种说法，就是iPhoneX将有一款腮红金的新配色。
22 2 1 2 4 0.622
而随着iPhoneX的发布，苹果官方也没有发布这款新颜色设备。
22 3 1 3 4 0.439
用户们以为就是网络上的谣传，再加上iPhoneX的新功能赚曝眼球，所以大家对这个颜色也就不了了之了。
2
24 13 10 1 2 0.649
按照目前手机产品发展的趋势，今年推出首款采用OLED屏幕的iPhoneX之后，苹果会在此基础上推出多款iPhoneX系列的后续产品，不仅会继承iPhoneX的设计，也会继承iPhoneX的命名。
24 14 10 2 2 0.255
所以明年的iPhone可能命名为iPhoneXs和iPhoneXsPlus，2019年的可能会叫iPhoneXI和iPhoneXIPlus，2020年的则叫iPhoneXIs和iPhoneXIsPlus。
2
25 21 12 1 2 0.642
毫无疑问，iPhoneX就是苹果生产的最好的手机。
25 22 12 2 2 0.34
它也提醒人们，当苹果想要创新，想要带给人们惊喜的时候，它是能够做到的。
3
25 27 15 1 3 0.12
但是，这样的情景从来没有出现过。
25 28 15 2 3 0.623
苹果零售店里摆放着数百部iPhoneX，消费者蜂拥进来，然后拿着新买的iPhoneX满意而归。
25 29 15 3 3 0.414
在社交媒体Twitter和Facebook上，有无数购买到iPhoneX的人兴奋地分享了自己的喜悦之情。
2
26 4 2 1 4 0.609
日前，供应链人士！手机晶片达人透露了明年新一代iPhoneX的细节。
26 5 2 2 4 0.475
据悉明年的iPhoneX依然将会使用OLED屏幕，屏幕尺寸将为5.8英寸和6.2英寸，同样支持面容ID，机身也将采用传统配色。
3
28 5 3 2 4 0.46
台湾产业链给出的最新消息称，iPhoneX目前的销量已远远超出苹果当初预想最高数量。
28 6 3 3 4 0.637
此外，恰逢iPhone用户的换机潮和全球智慧手机复苏，苹果产业链景气上升。
28 7 3 4 4 0.245
在港股触及三万点之后的调整下，在市场避险情绪逐步提升与多数热门板块题材热度退散的现在，苹果概念股或许值得关注。
2
28 46 26 1 5 0.652
至于iPhoneX推出“FaceID”后，3D感测或是下一代手机的时尚配置之一。
28 47 26 2 5 0.46
苹果官网介绍，面容ID功能通过原深感摄像头来实现，设置起来也非常简单。
3
32 1 1 1 3 0.487
【手机中国新闻】每到这个时候，下一代iPhone的消息就会多起来。
32 2 1 2 3 0.601
而由于今年苹果推出了采用OLED全面屏设计的iPhoneX，因此新一代iPhoneX机型格外受到用户关注。
32 3 1 3 3 0.451
日前，供应链人士@手机晶片达人透露了明年新iPhoneX的细节。
3
33 1 1 1 3 0.421
【手机中国新闻】三星对于屏幕的研究可谓是登峰造极，无论是之前的曲面屏，还是如今的全面屏大潮中，三星都是领军人物。
33 2 1 2 3 0.615
三星首款全视曲面屏手机S8让我们再一次看到了三星的设计实力。
33 3 1 3 3 0.39
目前大家都在纷纷猜测明年的S9将会是什么样子，外国大神就曝光了一组谍照，我们一起看看吧。
2
50 1 1 1 3 0.628
【PChome手机频道资讯报道】智能手机的发布时间是有迹可循的，比如苹果总是在9月份推出新机，安卓手机的数量众多，年初的CES/MWC两场重磅展会是不少重磅机型的发布选择。
50 2 1 2 3 0.531
三星与LG作为韩系手机的代表作，总是在每年的二三月份推出新款旗舰。
1
51 1 1 1 1 0.632
今年最热门的iPhoneX比起之前几代苹果手机有了重大的变化，取消物理Home键和指纹识别，启用全新的OLED全面屏，搭载人脸识别和无线充电，虽然很多预订iPhoneX的果粉还没拿到手机，但这不妨碍大家期待明年的iPhone还会有什么惊喜，而最近也有许多关于苹果手机未来的传闻。
2
54 1 1 1 3 0.656
据tom’sguide网站报道称，苹果发布iPhoneX的时间还不长，但很显然的是，起步价999美元（约合人民币6581元）的这款手机掀开了苹果智能手机历史的新篇章。
54 2 1 2 3 0.436
iPhoneX淘汰了实体Home按键和TouchID指纹传感器，采用OLED显示屏覆盖几乎整个机身正面的新设计。
2
55 2 1 2 3 -0.038
其中包括Google文档、Google幻灯片和Google表格。
55 3 1 3 3 0.617
适配iPhoneX方面，谷歌办公套件现在可以充分利用苹果这款新手机的全面屏，界面也扩展至屏幕的四个角，不会再有黑边影响文档的阅读。
2
59 5 3 1 2 0.654
早前，凯基证券分析师郭明池预测，苹果明年还会推出Plus版iPhoneX，屏幕依旧是采用OLED材质。
59 6 3 2 2 0.365
同样配置也会提升，不过不会采用后置TrueDepth摄像头。
2
60 1 1 1 2 0.653
【TechWeb报道】苹果发布了iPhone8系列手机和iPhoneX手机，不过市场表现似乎与苹果预期的不太一样，iPhone8的表现并不好，没能勾起消费者的购买欲望。
60 2 1 2 2 0.646
iPhoneX却迎来了热销，所以苹果不得不放弃了一部分iPhone8手机的生产线，而转投到了iPhoneX上面。
0
2
60 5 4 1 3 0.606
今年iPhoneX配备了全面屏幕，尽管有“刘海”屏幕但的确是很有特点的一款手机，而且是苹果首次使用OLED屏幕并加入了面部识别功能。
60 6 4 2 3 0.441
可以说iPhoneX才是一款真正具有创新味道的产品，而iPhone8相形见绌了不少，这也导致iPhone8的市场需求量降低。
1
68 5 4 1 1 0.636
据此前凯基证券知名分析师郭明池的预测，苹果明年将推出三款新iPhone，包括5.8英寸OLED屏幕版（类似于iPhoneX）、6.5英寸OLED屏幕版，同时提供一款6.1英寸的LCD屏幕版本，主打入门市场。
1
76 3 3 1 1 0.624
我们联系上了这位朋友qdruid，他的iPhoneX是在苹果官网买的，11月21收到的手机。
1
78 1 1 1 1 0.604
今年苹果史无前例的推出了三款新iPhone，不过iPhoneX才是他们重头戏，毕竟这款手机无论外形，还是售价都是现阶段iPhone最大的一次突破。
2
78 5 5 1 2 0.491
目前iPhoneX国行预订后发货时间是1-2周，而除了银色256GB版外，其余配色都非常好购买。
78 6 5 2 2 0.686
作为一款万元手机，iPhoneX订单追加，苹果一定能乐开花了。
2
85 7 3 1 3 0.655
iPhone8和iPhoneX让不少黄牛揪心，他们背后是拥有手机市场定价权的北京中关村手机渠道商。
85 8 3 2 3 0.293
虽然中关村卖场正被普通消费者遗忘，但中关村卖场仍是华北最大的电子市场，也是华北最大的电子产品货源中心。
2
85 26 11 1 3 0.743
2007年，乔布斯发布了第一款苹果手机。
85 27 11 2 3 0.364
“震惊”，这是第一代iPhone带给林海安的感受，2007年的他还在上高中，这个亲戚从国外带回来的礼物刷新了他对手机的认识。
1
89 6 5 1 1 0.623
凯基证券分析师郭明池日前发布最新的投资者报告指出，明年苹果会推出两款安装OLED屏幕的iPhone，均采用不锈钢外壳。
2
92 1 1 1 3 0.628
苹果今年史无前例地推出了三款手机，分别是看似升级很大的iPhoneX和看似没啥升级的iPhone8/8Plus。
92 2 1 2 3 0.494
三者的价格也差异较大，对于不了解这三款手机的玩家来说，今年想换一台iPhone还真的有点纠结。
2
94 4 2 2 3 0.367
前三甲产品可谓世界范围内数码爱好者的梦想产品。
94 5 2 3 3 0.679
榜单上共有两款手机上榜，分别是苹果iPhoneX和三星GalaxyS8。
2
96 8 4 1 4 0.649
苹果发布的iPhoneX有两个卖点：面部识别和全面屏。
96 9 4 2 4 0.346
它在每一个上市的市场上都能立即卖出。
2
98 1 1 1 2 0.474
在今年9月的秋季发布会上，苹果再次为我们带来了新iPhone。
98 2 1 2 2 0.627
但与以往不同的是，在今年的发布会上，苹果并不止给我们带来常规的iPhone8/8Plus两款手机的更新，在籍着纪念iPhone发布十周年之际，隆重推出了代表‘未来’的手机——iPhoneX。
2
98 3 2 1 3 0.618
从第一代iPhone面世，到今年的iPhone8、iPhoneX，苹果已经在手机这条道路上走了十个年头。
98 4 2 2 3 0.492
在这十年里，苹果经历了从iPhone1的‘摸索造机’到iPhone4的‘热购狂潮’；从iPhone6的‘双机策略’到iPhoneX的‘代表未来’，‘iPhone’已经在业内成为了一款举足轻重的产品。
2
98 7 3 2 3 0.399
相反，‘异型屏’、新的系统操作逻辑、FaceID等新硬件的出现让苹果的‘待办清单’又增添了几个项目。
98 8 3 3 3 0.693
换而言之，iPhoneX是代表着苹果在手机制造上的更高造诣，同时肩负着未来苹果手机的‘试验田’使命。
2
98 18 9 1 3 0.636
换言之，在iPhoneX的技术验证后，苹果将会更自信地带来几款新手机。
98 19 9 2 3 0.213
当然，郭明池所曝光的这些消息我们仅用作参考，真实性仍需确认。
2
98 50 21 1 4 0.612
今年，苹果给我们带来别样设计的iPhoneX，顶部的‘刘海’成了iPhoneX的名片。
98 51 21 2 4 0.377
而能够让iPhoneX拥有如此独特的造型，这少不得是OLED‘异型屏’的功劳。
2
98 52 21 3 4 0.628
不过根据KGI分析师郭明池在11月13日曝光的消息看，明年苹果将会带来一款比iPhoneX屏幕更大、达到6.5英寸的‘iPhoneXPlus’。
98 53 21 4 4 0.512
同时，iPhone数字系列的一贯的造型也会被类似iPhoneX的‘刘海’造型所取代，统一取消Home键和TouchID采用FaceID取代，并带来6.1英寸LCD屏幕的新屏幕配置。
2
99 35 19 1 2 0.634
如果说初代iPhone重新定义了手机，那么适逢十周年的这款iPhoneX将定义手机的下一个发展趋势，全面屏、面部识别和AR即将开启智能手机的新时代。
99 36 19 2 2 0.46
为了更好的适配AR的功能，iPhoneX将双摄竖置，这样是为了在手机横过来的时候能契合人眼的效果。
2
99 39 21 1 2 0.487
只有将历史的时间线拉长，我们才能发现初代iPhone和iPhone4的经典所在，我们不妨将时间线拉到未来，也许iPhoneX也将成为苹果历史上最经典的产品之一，经典便是价值。
99 40 21 2 2 0.626
如果你现在入手，便可以早早的得到苹果未来的手机使用体验。
