7 2 1 2 3 0.62
警察有可能强迫用户用面部识别解锁iPhoneX，面部数据可能遭窃，营销商还可能通过面部数据评测某一手机应用的用户满意度、或广告的效果。
7 1 1 1 3 0.491
自从苹果公司宣布用一系列传感器就能巨细靡遗地记录用户面部数据，就有不少安全公司质疑这项技术的安全性。
7 3 1 3 3 0.048
人们担心这些情况的出现，而可能出现的还不止于此。
24 18 12 1 2 0.681
iPhoneX用FaceID取代了传统指纹识别，不过依然有不少人怀念指纹识别。
24 19 12 2 2 0.691
凯基证券的分析师郭明池认为苹果正在致力于研究屏下指纹识别技术，如果能够实现，新的iPhone将能同时拥有指纹识别和面部识别。
28 11 5 1 2 0.662
配合全屏幕，iPhoneX去掉了Home键，采用了面部识别FaceID。
28 12 5 2 2 0.395
虽然相比于已经成熟的第二代指纹识别，FaceID在速度上并没有优势，但使用起来更显得自然。
48 1 1 1 3 0.602
和讯科技iPhoneX自推出以来，人们对“欺骗面部识别（FaceID）”乐此不疲。
48 2 1 2 3 0.653
苹果的iPhoneX内置了新的生物面部识别技术，作为其主要解锁以及支付工具。
48 3 1 3 3 0.252
然而截至到目前，FaceID已被双胞胎、儿童、甚至面具欺骗多次。
51 7 7 1 2 0.741
iPhoneX用人脸识别取代了传统的指纹识别，不过依然有不少人怀念指纹识别。
51 8 7 2 2 0.683
凯基证券的分析师郭明池也提到苹果正在致力于研究屏下指纹识别技术，如果能够实现，新的iPhone将能同时拥有指纹识别和面部识别。
56 9 4 3 5 0.685
虽然破解了FaceID，但他们认为面部识别依旧比指纹识别更安全。
56 8 4 2 5 0.454
他们的办法是在一个房间安装多个不同角度摄像头，人进去几秒钟就能采集完毕，这些照片将被算法处理，用于制作一个3D面具。
56 10 4 4 5 0.321
从远处捕捉照片比获得指纹容易，但这仍然是一个非常复杂的复制过程，普通用户不需要担心。
68 6 5 1 1 0.602
三款新iPhone都将采用iPhoneX类似的全面屏设计，同时支持FaceID面部识别。
85 31 13 1 2 0.605
2013年，iPhone5s开始引领正面按压式指纹识别手机风潮。
85 32 13 2 2 0.122
2014年iPhone6真正让“抢购iPhone”成了一种现象级的狂欢。
92 35 17 1 3 0.674
iPhoneX取消了Home键，采用了面部识别FaceID，那这个面部识别到底好不好用呢？从笔者目前的使用情况来看，iPhoneX面部识别的表现尚可。
92 36 17 2 3 0.395
虽然相比于已经成熟的第二代指纹识别，FaceID在速度上并没有优势，但使用起来更显得自然。
98 24 11 2 3 0.61
譬如面部识别的可录入数量、对相似人脸特征的细节敏感度、未来将要应用在哪些设备以及将TouchID替换后对人脸识别的效率等等，这些都是目前用户反馈FaceID需要改进的‘头等大事’。
98 23 11 1 3 0.24
不过从体验角度看，目前的FaceID仍有许多待改进的地方。
98 25 11 3 3 0.237
倘若苹果要在未来1~3年内要将这项技术重点发展，那么首要解决的应该就是用户所反馈的这些不可忽视的细节了。
99 8 5 1 2 0.655
然后，iPhoneX面部识别功能还可以用来支付了。
99 9 5 2 2 0.375
在商场购物的时候掏出iPhoneX，直接面部一扫，然后放到POS机上便完成了支付，最后收起iPhoneX，整个过程行云流水，深藏功与名。
