每年 0.0 0.0899996764654 0.105263157895 0.546614911956 0.907404590018 0.47560720218 0.0 0.0 0.00557656878158 0.0 0.232323232323 0.0 0.0
HPV+疫苗 0.0 0.0296411195706 0.315789473684 0.192061180421 0.983268973917 0.636727770657 0.166666666667 0.5 0.426820130445 0.0 0.959595959596 1.0 0.333333333333
马丁+院士 0.0 0.127644991556 0.473684210526 1.0 0.0 0.289705989649 0.00925925925926 0.5 0.0 1.0 0.0 1.0 0.666666666667
HPV+感染 0.0 0.243845718416 0.315789473684 0.531316636089 0.938977935751 0.526202223518 0.00925925925926 0.5 0.0703090926715 0.25 0.40404040404 1.0 0.0
宫颈癌+筛查 0.0 0.19503588004 0.631578947368 0.676643710596 0.868011898414 0.425935153115 0.00925925925926 0.5 0.297361734369 0.25 0.313131313131 1.0 0.333333333333
首+次 0.0 0.014114471852 0.157894736842 0.602967430709 0.77818424203 0.333306078204 0.0 0.5 0.0 1.0 0.0606060606061 1.0 0.0
宫颈癌+发病 1.0 0.0188646005006 0.631578947368 0.809118798187 0.7544495589 0.345759281961 0.0 0.5 0.277821345056 1.0 0.171717171717 1.0 0.333333333333
中国+女性 0.0 0.0220696753618 0.473684210526 0.678683172283 0.85177623639 0.219698985246 0.0 0.5 0.133625173639 0.25 0.121212121212 1.0 0.666666666667
高危型+HPV 0.0 0.107144880268 0.473684210526 0.394671247546 0.935494872754 0.375948180573 0.0 0.5 0.00845585411717 0.25 0.191919191919 1.0 0.0
HPV+病毒 2.0 0.250808296702 0.315789473684 0.428185039254 0.954764967392 0.494906614017 0.0 0.5 0.0591258365347 0.25 0.444444444444 1.0 0.333333333333
进行+宫颈癌 0.0 0.0180743860136 0.631578947368 0.612151966623 0.877810961701 0.328475901196 0.0 0.5 0.298353401544 0.25 0.111111111111 0.0 0.333333333333
接种+HPV 0.0 0.282031036478 0.315789473684 0.60364546454 0.897304897355 0.405733083084 0.0277777777778 0.5 0.302211259564 0.0 0.363636363636 0.0 0.0
妇科+恶性肿瘤 0.0 0.0137375516103 0.789473684211 0.307959247362 0.821655504775 0.146683407854 0.0 0.5 0.0190788963569 0.25 0.0808080808081 1.0 0.333333333333
数据+显示 0.0 0.0301826879557 0.473684210526 0.244636420715 0.931929807751 0.262137830445 0.0 0.5 0.0206928623188 0.25 0.121212121212 0.0 0.333333333333
首+位 0.0 0.0233057382068 0.157894736842 0.525551974601 0.737296680353 0.28512687666 0.0 0.5 0.0 0.25 0.0808080808081 1.0 0.0
世界+卫生 0.0 0.0954527670257 0.473684210526 0.289622950362 0.937008284718 0.246489529083 0.0 0.5 0.0570034211082 0.0 0.212121212121 0.0 0.333333333333
卫生+组织 0.0 0.0958549079949 0.473684210526 0.31209383442 0.936125937706 0.302112782395 0.0 0.5 0.0589366171797 0.0 0.222222222222 0.0 0.333333333333
宫颈癌+新发 0.0 0.0492429955417 0.631578947368 0.377806123455 0.884523828013 0.210183926857 0.0 0.5 0.279657648895 0.25 0.131313131313 0.0 0.666666666667
新发+病例 0.0 0.0912126187916 0.473684210526 0.451490859557 0.923515216624 0.314459594123 0.0 0.5 0.024851779424 0.0 0.262626262626 1.0 0.666666666667
感染+HPV 1.0 0.113437251217 0.315789473684 0.710340573013 0.818524333255 0.398297586638 0.0 0.5 0.0703090926715 1.0 0.212121212121 0.0 0.0
导致+宫颈癌 0.0 0.0443286153014 0.631578947368 0.726249911861 0.835654098313 0.381036552902 0.0 0.5 0.283698306098 1.0 0.141414141414 0.0 0.333333333333
型别+HPV 0.0 0.00416936501388 0.315789473684 0.607072293934 0.843401045835 0.242988091098 0.0 0.5 0.00457570692721 0.25 0.0808080808081 0.0 0.333333333333
病毒+感染 0.0 0.0594220726629 0.473684210526 0.688531017694 0.841728550178 0.285503736175 0.0 0.5 0.129434929206 1.0 0.141414141414 1.0 0.333333333333
免疫+系统 0.0 0.0188646005006 0.473684210526 0.716045625414 0.78160846143 0.289051419058 0.0 0.5 0.0274558866513 1.0 0.0707070707071 1.0 0.333333333333
二价+HPV 0.0 0.110986107003 0.315789473684 0.477386778325 0.933508925196 0.356524876742 0.0 0.5 0.0401929263666 0.0 0.333333333333 1.0 0.333333333333
预防+HPV16 0.0 0.0274537502852 0.421052631579 0.796227260013 0.734890995564 0.237109881265 0.0 0.5 0.0924614047557 1.0 0.0909090909091 0.0 0.0
四价+HPV 1.0 0.188928945928 0.315789473684 0.0676956420426 0.943114101786 0.389404546609 0.0462962962963 0.5 0.0335346166044 0.0 0.30303030303 0.0 0.333333333333
九价+HPV 1.0 0.0225506060226 0.315789473684 0.381648642714 0.879013812088 0.254987903982 0.0 0.5 0.0144630630827 0.25 0.10101010101 0.0 0.333333333333
国内+上市 0.0 0.00883031855032 0.473684210526 0.279407497884 0.907837628372 0.229894815797 0.0 0.5 0.142587230621 0.0 0.0707070707071 1.0 0.333333333333
宫颈癌+疫苗 0.0 0.306463457548 0.631578947368 0.307668183089 0.973303362837 0.66324581483 0.62037037037 0.5 0.697788740436 0.0 0.878787878788 1.0 0.666666666667
女性+接种 0.0 0.0558784593079 0.473684210526 0.526052669829 0.942607104299 0.312255518739 0.0 0.5 0.408770207107 0.25 0.191919191919 1.0 0.333333333333
宫颈癌+预防 1.0 0.0180743860136 0.631578947368 0.428490914157 0.814122108152 0.340830577156 0.0 0.5 0.363430014747 0.25 0.111111111111 1.0 0.333333333333
需要+接种 0.0 0.0586427597184 0.473684210526 0.703692999341 0.807724592666 0.371189454027 0.0 0.5 0.333583267545 1.0 0.171717171717 1.0 0.0
第一+批 0.0 0.043363667621 0.315789473684 0.450193521953 0.86605690696 0.327143626599 0.0 0.5 0.0275521018733 0.25 0.111111111111 1.0 0.0
疫苗+接种 0.0 0.171316660022 0.473684210526 0.393035775772 0.955561311032 0.607780668568 0.0277777777778 0.5 0.729031390009 0.0 0.525252525253 1.0 0.333333333333
9价+疫苗 2.0 0.0537327031905 0.368421052632 0.743313451889 0.763174264827 0.354896636612 0.00925925925926 0.5 0.430860773996 1.0 0.0505050505051 1.0 0.666666666667
接种+疫苗 0.0 0.14220265539 0.473684210526 0.470336897077 0.949589515616 0.499491850727 0.00925925925926 0.5 0.729031390009 0.25 0.494949494949 1.0 0.333333333333
医疗+机构 0.0 0.0188646005006 0.473684210526 0.211988042746 0.808017203229 0.37492578696 0.0 0.5 0.088693258769 0.25 0.0707070707071 1.0 0.666666666667
我国+宫颈癌 0.0 0.0220696753618 0.631578947368 0.344123637635 0.898070377847 0.210864038348 0.0 0.5 0.284628712716 0.0 0.121212121212 1.0 0.666666666667
25+岁 0.0 0.176379267326 0.105263157895 0.631057512011 0.874508188973 0.341301756007 0.0185185185185 0.5 0.0312249797509 0.0 0.616161616162 1.0 0.0
临床+研究 0.0 0.0648824951518 0.473684210526 0.415790523916 0.884758698885 0.374937375841 0.0 0.5 0.0305811034197 0.0 0.131313131313 1.0 0.0
宫颈癌+发病率 2.0 0.0225506060226 0.789473684211 0.753467689715 0.722125642843 0.240946895375 0.0 0.5 0.279837850532 1.0 0.10101010101 1.0 0.666666666667
首+批 0.0 0.205381265779 0.157894736842 0.345812082125 0.968187662249 0.440970866957 0.101851851852 0.5 0.0 0.0 0.393939393939 1.0 0.0
四价+疫苗 3.0 0.268819202837 0.473684210526 0.506916126704 0.938483151539 0.489730004411 0.0462962962963 0.5 0.459538124445 0.0 0.40404040404 1.0 0.666666666667
二价宫颈癌+疫苗 2.0 0.0443286153014 0.947368421053 0.727589001518 0.831420207993 0.279367761773 0.00925925925926 0.5 0.430939887853 0.25 0.141414141414 1.0 0.666666666667
价+宫颈癌 0.0 0.570680442013 0.473684210526 0.490636958058 0.935971364676 0.431712345143 0.175925925926 0.5 0.270968609991 0.0 0.505050505051 0.0 0.666666666667
佳达+修 2.0 0.0615784845927 0.315789473684 0.484358897721 0.888190495222 0.308437036563 0.0 0.5 0.00431888725667 0.0 0.10101010101 1.0 0.333333333333
接种+年龄 3.0 0.103981244178 0.473684210526 0.761187778225 0.767367961405 0.334704601874 0.0 0.5 0.324765366772 1.0 0.141414141414 1.0 0.333333333333
年龄+范围 3.0 0.00883031855032 0.473684210526 0.542843836955 0.802776349815 0.265667682353 0.0 0.5 0.0295172472644 0.25 0.0707070707071 1.0 0.666666666667
疾病+预防 0.0 0.12775764274 0.473684210526 0.351000248278 0.930262759873 0.396063186893 0.0 0.5 0.110544894724 0.0 0.262626262626 1.0 0.333333333333
预防+控制 0.0 0.124586395352 0.473684210526 0.406267996354 0.915083809502 0.388952194655 0.0 0.5 0.100529093965 0.0 0.232323232323 1.0 0.0
控制+中心 0.0 0.113437251217 0.473684210526 0.586846847347 0.817258266017 0.372456155908 0.0 0.5 0.0691174581785 0.0 0.181818181818 1.0 0.333333333333
社区+卫生 0.0 0.316196710177 0.473684210526 0.509054367306 0.892397166294 0.448459452213 0.0 0.5 0.081238511812 0.0 0.454545454545 0.0 0.333333333333
卫生+服务 0.0 0.31930899423 0.473684210526 0.509054367306 0.892397166294 0.424788263113 0.0 0.5 0.203792176114 0.0 0.464646464646 1.0 0.0
服务+中心 0.0 0.31930899423 0.473684210526 0.501461532509 0.893449283356 0.390979052397 0.0 0.5 0.217879889425 0.0 0.454545454545 0.0 0.333333333333
第一+针 0.0 0.113420602583 0.315789473684 0.590766071447 0.829808179608 0.367947627686 0.00925925925926 0.5 0.0275521018733 0.25 0.272727272727 1.0 0.333333333333
20-45+岁 0.0 0.107565371054 0.263157894737 0.417251102845 0.898437148923 0.351483594436 0.0277777777778 0.5 0.0 0.25 0.222222222222 1.0 0.0
中心+免疫 0.0 0.0397315195989 0.473684210526 0.664435504536 0.806311149721 0.28331798624 0.0 0.5 0.0838223262408 0.25 0.151515151515 0.0 0.333333333333
乳头瘤+病毒 1.0 0.0922127377869 0.631578947368 0.250420215778 0.972687931664 0.336750436652 0.00925925925926 0.5 0.0705542696969 0.0 0.525252525253 1.0 0.666666666667
二类+疫苗 1.0 0.0341018632806 0.473684210526 0.305914477962 0.922914590381 0.315795356235 0.0 0.5 0.430318710488 0.0 0.181818181818 1.0 0.333333333333
区+县 0.0 0.0488728614779 0.157894736842 0.718465036442 0.806525366581 0.29924416577 0.0 0.5 0.0 0.25 0.10101010101 1.0 0.666666666667
疾控+中心 0.0 0.220537251108 0.473684210526 0.573958099536 0.884779986797 0.547791175524 0.00925925925926 0.5 0.0878487989775 0.0 0.474747474747 1.0 0.333333333333
获+批 0.0 0.196986326424 0.157894736842 0.247730881352 0.989392859664 0.443546134218 0.00925925925926 0.5 0.0 0.0 0.484848484848 1.0 0.0
预防+宫颈癌 0.0 0.139144875172 0.631578947368 0.664829859758 0.866948525827 0.413994702783 0.0 0.5 0.363430014747 0.25 0.343434343434 1.0 0.333333333333
街道+社区 0.0 0.0590017283011 0.473684210526 0.761031142417 0.723168601407 0.300192751662 0.0 0.5 0.0386596400916 1.0 0.0707070707071 1.0 0.666666666667
接种+程序 2.0 0.0852961635259 0.473684210526 0.558039865374 0.909658945656 0.298440157798 0.0 0.5 0.314971230678 0.25 0.242424242424 1.0 0.333333333333
针+次 0.0 0.090770860924 0.157894736842 0.532629189148 0.886328449538 0.281186475453 0.0185185185185 0.5 0.0 0.25 0.181818181818 1.0 0.333333333333
适用+人群 3.0 0.00964462547766 0.473684210526 0.613207233477 0.830132915104 0.270469409403 0.0 0.5 0.0430336349163 0.25 0.111111111111 1.0 0.333333333333
广大+女性 0.0 0.00883031855032 0.473684210526 0.566729704566 0.767126706496 0.180824237183 0.0 0.5 0.109086102453 0.25 0.0707070707071 1.0 0.333333333333
接种+门诊 0.0 0.174736616152 0.473684210526 0.483084285338 0.920593494398 0.527475162738 0.00925925925926 0.5 0.328307678429 0.0 0.363636363636 1.0 0.333333333333
工作+人员 0.0 0.128555790768 0.473684210526 0.436703419833 0.808313668415 0.362213028342 0.0 0.5 0.05610161944 0.25 0.0808080808081 1.0 0.333333333333
严重+威胁 0.0 0.028361783471 0.473684210526 0.637028516767 0.789098293929 0.1412644067 0.0 0.5 0.0157649945431 0.25 0.161616161616 1.0 0.0
威胁+妇女 0.0 0.0179639963211 0.473684210526 0.614425900529 0.784600583059 0.0760974155594 0.0 0.5 0.0230881245435 0.25 0.131313131313 0.0 0.333333333333
妇女+健康 0.0 0.0179639963211 0.473684210526 0.614425900529 0.784600583059 0.0689439037018 0.0 0.5 0.165411647667 0.25 0.131313131313 1.0 0.333333333333
常见+恶性肿瘤 0.0 0.0341018632806 0.789473684211 0.578321318375 0.842170962638 0.129337710089 0.0 0.5 0.0282509780506 0.25 0.181818181818 1.0 0.0
女性+恶性肿瘤 0.0 0.0183025001902 0.789473684211 0.696514304877 0.791524818299 0.243402297074 0.0 0.5 0.120565647388 0.25 0.0909090909091 1.0 0.333333333333
中国+癌症 0.0 0.00500243571888 0.473684210526 0.344263559621 0.831839522006 0.129543271908 0.0 0.5 0.0851640277945 0.25 0.10101010101 1.0 0.666666666667
癌症+统计 0.0 0.00500243571888 0.473684210526 0.344263559621 0.831839522006 0.155908374876 0.0 0.5 0.023736406417 0.25 0.10101010101 0.0 0.333333333333
统计+报告 0.0 0.00500243571888 0.473684210526 0.344263559621 0.831839522006 0.139958851796 0.0 0.5 0.0151325631259 0.25 0.10101010101 0.0 0.333333333333
中国+宫颈癌 0.0 0.0 0.631578947368 0.527235488604 0.851254513896 0.227159257541 0.0 0.5 0.298034836087 0.0 0.0909090909091 1.0 0.666666666667
高+达 0.0 0.0328739248033 0.157894736842 0.540158624496 0.775843125212 0.264622987121 0.0 0.5 0.0 0.25 0.0808080808081 1.0 0.0
9.89+万例 0.0 0.0 0.368421052632 0.341335277733 0.781002836165 0.0850934725101 0.0 0.5 0.00380219996503 0.25 0.0909090909091 1.0 0.0
死亡+病例 1.0 0.028361783471 0.473684210526 0.679921776914 0.820974093864 0.139826336217 0.0 0.5 0.0218308638648 0.25 0.161616161616 1.0 0.333333333333
引发+宫颈癌 0.0 0.00964462547766 0.631578947368 0.736111547144 0.773938979643 0.27103016979 0.0 0.5 0.276556838424 1.0 0.111111111111 0.0 0.333333333333
二价+疫苗 3.0 0.235070830745 0.473684210526 0.620145562518 0.891680132025 0.468959710193 0.0 0.5 0.467013056811 0.25 0.353535353535 1.0 0.666666666667
尖锐+湿疣 0.0 0.068652949228 0.473684210526 0.738040726779 0.820226823831 0.328260481992 0.0 0.5 0.0109641653232 1.0 0.111111111111 1.0 0.333333333333
9-25+岁 0.0 0.139400299151 0.210526315789 0.532923377193 0.858904807574 0.280472260959 0.0277777777778 0.5 0.0 0.0 0.252525252525 1.0 0.0
疫苗+获 0.0 0.0381670423545 0.315789473684 0.145915820371 0.905766837633 0.323962981385 0.0555555555556 0.5 0.426820130445 0.0 0.232323232323 1.0 0.333333333333
支+疫苗 0.0 0.0274294747514 0.315789473684 0.710663692368 0.713065669102 0.25626386344 0.0 0.5 0.426820130445 1.0 0.040404040404 1.0 0.333333333333
注射+疫苗 0.0 0.0594220726629 0.473684210526 0.614586085688 0.87963200126 0.329914448057 0.0 0.5 0.447066505114 0.25 0.141414141414 1.0 0.333333333333
省+疾控 0.0 0.0760781192122 0.315789473684 0.839077981268 0.694659193716 0.266210633631 0.0 0.5 0.0267990300079 1.0 0.10101010101 0.0 0.333333333333
告诉+记者 0.0 0.0839692020853 0.473684210526 0.512150055328 0.814296644879 0.306527677586 0.0 0.5 0.0781256085873 0.25 0.10101010101 0.0 0.333333333333
接种+人群 3.0 0.0961614943724 0.473684210526 0.640988906202 0.846268690725 0.349892485036 0.0 0.5 0.329793852501 0.25 0.131313131313 1.0 0.333333333333
20+岁 0.0 0.10183914311 0.105263157895 0.638956504226 0.892451004739 0.308271822807 0.0 0.5 0.0214983181676 0.0 0.232323232323 1.0 0.0
45+岁 0.0 0.165062359186 0.105263157895 0.474268380127 0.942722743016 0.334380563698 0.0462962962963 0.5 0.0255104746178 0.0 0.575757575758 1.0 0.0
股份+有限公司 0.0 0.0400987763259 0.789473684211 0.196120315339 0.838199632263 0.302642546696 0.0 0.5 0.0303000752697 0.0 0.10101010101 1.0 0.666666666667
元+左右 0.0 0.0727022449569 0.315789473684 0.791328583749 0.758398305295 0.273931858517 0.0185185185185 0.5 0.00727177618234 0.25 0.141414141414 0.0 0.0
仅次于+乳腺癌 0.0 0.0 0.789473684211 0.775282253686 0.733894237173 0.0830778235206 0.0 0.5 0.00716924048916 1.0 0.0909090909091 1.0 0.333333333333
岁+女性 0.0 0.121221846666 0.315789473684 0.415905197307 0.958525907838 0.41604870578 0.0462962962963 0.5 0.106558947543 0.0 0.585858585859 1.0 0.333333333333
高发+癌症 1.0 0.0452225236453 0.473684210526 0.352879831353 0.931357053261 0.166264689248 0.0 0.5 0.0221975135606 0.0 0.20202020202 1.0 0.333333333333
女性+HPV 0.0 0.0489674463512 0.315789473684 0.849892459548 0.681890922665 0.164183727669 0.0 0.5 0.106558947543 1.0 0.0707070707071 0.0 0.333333333333
HPV+感染率 1.0 0.0458025636926 0.473684210526 0.857710702532 0.629893858581 0.189953106584 0.0 0.5 0.00357667860241 1.0 0.0606060606061 1.0 0.333333333333
24+岁 0.0 0.00964462547766 0.105263157895 0.664012662236 0.848396607033 0.210570924704 0.0 0.5 0.00434243327907 0.25 0.151515151515 1.0 0.0
44+岁 0.0 0.0521445389366 0.105263157895 0.407493829673 0.932333226445 0.199765413758 0.0 0.5 0.00652770265926 0.0 0.292929292929 1.0 0.0
九价+疫苗 2.0 0.156392871199 0.473684210526 0.715339516533 0.842825546058 0.31391029704 0.0 0.5 0.441283193528 0.25 0.151515151515 1.0 0.666666666667
女性+群体 0.0 0.0549075005707 0.473684210526 0.520064142434 0.868790311701 0.190863672105 0.0 0.5 0.110541851102 0.0 0.0909090909091 1.0 0.666666666667
病毒+引起 0.0 0.00915125009492 0.473684210526 0.48415556174 0.864742855388 0.217755665019 0.0 0.5 0.0795848641661 0.25 0.0909090909091 0.0 0.333333333333
进入+中国 1.0 0.0188646005006 0.473684210526 0.283073360604 0.790064826474 0.263275879033 0.00925925925926 0.5 0.110351666726 0.0 0.0707070707071 0.0 0.333333333333
中国+市场 0.0 0.0745914815778 0.473684210526 0.554078829724 0.754728034109 0.359933376888 0.00925925925926 0.5 0.157394231661 0.0 0.030303030303 1.0 0.666666666667
生殖器+疣 0.0 0.0457562504754 0.473684210526 0.775236669272 0.783245883836 0.290881351388 0.0 0.5 0.0036248135228 1.0 0.0909090909091 1.0 0.666666666667
期+临床 0.0 0.043363667621 0.315789473684 0.286820134134 0.919302384212 0.277988421985 0.0 0.5 0.0159568334721 0.0 0.121212121212 0.0 0.333333333333
临床+试验 0.0 0.090770860924 0.473684210526 0.334485055171 0.923673516384 0.391528562949 0.00925925925926 0.5 0.0223732760498 0.25 0.151515151515 1.0 0.0
10+年 0.0 0.0188646005006 0.105263157895 0.758962637012 0.783453033464 0.337249223192 0.00925925925926 0.5 0.00852454862819 1.0 0.111111111111 1.0 0.0
HPV+亚型 2.0 0.0770827097639 0.315789473684 0.774130329958 0.803163031541 0.366053236212 0.0 0.5 0.0179060097845 1.0 0.111111111111 1.0 0.333333333333
预防+作用 0.0 0.0137765208705 0.473684210526 0.77170957728 0.629488850873 0.147465743615 0.0 0.5 0.100224492424 1.0 0.10101010101 1.0 0.333333333333
患+宫颈癌 0.0 0.0257837461262 0.473684210526 0.714662339736 0.788339593434 0.312181716221 0.0 0.5 0.270968609991 1.0 0.151515151515 0.0 0.333333333333
智飞+生物 3.0 0.795630336503 0.473684210526 0.486138526851 0.744293423567 0.451450694632 0.148148148148 0.5 0.286977476422 0.0 0.252525252525 1.0 0.333333333333
疫苗+上市 3.0 0.0887291223804 0.473684210526 0.176761783782 0.963157140442 0.444681989273 0.037037037037 0.5 0.471311748147 0.0 0.20202020202 1.0 0.333333333333
默沙+东四 0.0 0.174358992424 0.473684210526 0.301149775168 0.893671024382 0.174560102741 0.00925925925926 0.5 0.0637672412738 0.0 0.131313131313 1.0 0.666666666667
东四+价 0.0 0.174358992424 0.315789473684 0.301149775168 0.893671024382 0.165400603653 0.00925925925926 0.5 0.0244000352175 0.0 0.131313131313 1.0 0.666666666667
价+HPV 0.0 0.331453439653 0.157894736842 0.0838033781851 0.961089465179 0.401953996975 0.0462962962963 0.5 0.0 0.0 0.747474747475 0.0 0.333333333333
疫苗+市场 1.0 0.0807148577856 0.473684210526 0.661778194194 0.73180792251 0.391297361937 0.037037037037 0.5 0.465414347083 0.25 0.0808080808081 1.0 0.666666666667
生物+表示 0.0 0.0246771691319 0.473684210526 0.710663034057 0.531346974447 0.0711225606688 0.0 0.5 0.181810844232 1.0 0.0606060606061 0.0 0.333333333333
疫苗+行业 0.0 0.0915125009508 0.473684210526 0.626111090034 0.628972232412 0.385378071419 0.0 0.5 0.426843670271 1.0 0.0909090909091 1.0 0.666666666667
全球+第一 0.0 0.013956662768 0.473684210526 0.310567445803 0.794203404583 0.217949232224 0.0 0.5 0.0459206831353 0.0 0.121212121212 0.0 0.333333333333
批+上市 0.0 0.105927496921 0.315789473684 0.2899310829 0.945300373686 0.312253305733 0.0 0.5 0.0954230754181 0.0 0.161616161616 1.0 0.0
保护+效力 0.0 0.0626347383308 0.473684210526 0.442829336735 0.880688135102 0.305896425595 0.0 0.5 0.0211492259214 0.25 0.121212121212 1.0 0.333333333333
国内+获 0.0 0.0869737761124 0.315789473684 0.0356583025415 0.925866757829 0.221979864503 0.0 0.5 0.0471641552029 0.0 0.121212121212 1.0 0.333333333333
完成+整个 0.0 0.0576469466295 0.473684210526 0.586185853034 0.795642321557 0.13209481725 0.0 0.5 0.021628500476 0.25 0.10101010101 0.0 0.0
整个+免疫 0.0 0.0288988824505 0.473684210526 0.500375270003 0.751402041115 0.0825784316239 0.0 0.5 0.0268920904868 0.25 0.0707070707071 0.0 0.0
免疫+程序 0.0 0.0464087131434 0.473684210526 0.613479253532 0.815763285785 0.202060399237 0.0 0.5 0.0355325283854 0.25 0.121212121212 1.0 0.333333333333
需+接种 0.0 0.0602231886925 0.315789473684 0.450135867231 0.805167138744 0.210976092385 0.0 0.5 0.302211259564 0.25 0.131313131313 1.0 0.0
生物+代理 0.0 0.014114471852 0.473684210526 0.693909422142 0.619758080751 0.173907762752 0.0185185185185 0.5 0.19948299639 0.25 0.0707070707071 1.0 0.333333333333
疫苗+流通 0.0 0.0425599951797 0.473684210526 0.12759431036 0.800618645484 0.351615986224 0.0 0.5 0.42748695349 0.0 0.0707070707071 1.0 0.333333333333
预防+接种 0.0 0.187730885218 0.473684210526 0.319362733645 0.932216309308 0.514696234316 0.00925925925926 0.5 0.39467266432 0.0 0.252525252525 1.0 0.0
病毒+疫苗 0.0 0.0737695572488 0.473684210526 0.202064164953 0.887881726057 0.209788145314 0.0 0.5 0.48594596698 0.25 0.181818181818 0.0 0.666666666667
国内+市场 0.0 0.00915125009492 0.473684210526 0.506180323856 0.789725923143 0.26758660096 0.00925925925926 0.5 0.136689829557 0.0 0.0909090909091 1.0 0.666666666667
用于+预防 0.0 0.00915125009492 0.473684210526 0.219681467758 0.902768248946 0.261575561554 0.0 0.5 0.0972966203652 0.25 0.0909090909091 0.0 0.0
中国+内地 0.0 0.0782892134064 0.473684210526 0.262876628483 0.929958830084 0.361240031343 0.0 0.5 0.0731477097017 0.0 0.222222222222 1.0 0.666666666667
新浪+财经 0.0 0.0506379642889 0.473684210526 0.290419087872 0.763578910678 0.0592693014735 0.0 0.5 0.0454635498557 0.0 0.272727272727 1.0 0.666666666667
财经+股吧 0.0 0.0506379642889 0.473684210526 0.290419087872 0.763578910678 0.0431624180648 0.0 0.5 0.0457861197066 0.0 0.272727272727 0.0 0.666666666667
接种+宫颈癌 0.0 0.254164911039 0.631578947368 0.702630991818 0.845808884254 0.41858108637 0.0925925925926 0.5 0.573179869555 0.25 0.313131313131 1.0 0.333333333333
内地+首 0.0 0.042464640462 0.315789473684 0.398084650032 0.888295875978 0.232567748947 0.0 0.5 0.0124130688373 0.0 0.161616161616 0.0 0.333333333333
葛兰素史克+公司 2.0 0.0246771691319 0.947368421053 0.319076680396 0.889696816813 0.311664288041 0.0 0.5 0.13009552636 0.25 0.0606060606061 1.0 0.666666666667
公司+生产 0.0 0.013956662768 0.473684210526 0.255673417173 0.778051148711 0.182574095139 0.0 0.5 0.141630510786 0.25 0.121212121212 1.0 0.333333333333
类+疫苗 0.0 0.0549075005707 0.315789473684 0.209572934085 0.875749526162 0.319181966486 0.00925925925926 0.5 0.426820130445 0.0 0.30303030303 0.0 0.333333333333
疫苗+适用 1.0 0.0543141885489 0.473684210526 0.703157500001 0.774781362113 0.252779859634 0.0 0.5 0.442271172424 1.0 0.151515151515 0.0 0.333333333333
社区+接种 0.0 0.00883031855032 0.473684210526 0.533108001944 0.685269505107 0.161477838442 0.0 0.5 0.337205388701 0.25 0.0707070707071 0.0 0.333333333333
需+门诊 0.0 0.0202145791576 0.315789473684 0.537919039828 0.686657974624 0.166852140046 0.0 0.5 0.0260964188651 0.25 0.0505050505051 0.0 0.333333333333
女性+朋友 0.0 0.0301826879557 0.473684210526 0.703358866351 0.766728931606 0.314927923256 0.0 0.5 0.111590392865 1.0 0.121212121212 1.0 0.666666666667
接种+对象 3.0 0.0950867887059 0.473684210526 0.573295677866 0.798377639581 0.311969721029 0.0 0.5 0.307837861161 0.25 0.121212121212 1.0 0.333333333333
记者+了解 0.0 0.00915125009492 0.473684210526 0.433281512831 0.89314558285 0.136960038638 0.0 0.5 0.0768953152705 0.0 0.0909090909091 1.0 0.333333333333
不良+反应 2.0 0.149101536724 0.473684210526 0.538483214125 0.852266462573 0.382167344984 0.0 0.5 0.0207989101069 0.25 0.151515151515 1.0 0.0
中心+预防 0.0 0.0188646005006 0.473684210526 0.67290528577 0.672363765559 0.261427759499 0.0 0.5 0.153511173725 1.0 0.0707070707071 0.0 0.333333333333
成人+预防 0.0 0.0246771691319 0.473684210526 0.410352426763 0.727218432834 0.165434077062 0.00925925925926 0.5 0.109169571462 0.25 0.0606060606061 1.0 0.333333333333
体检+中心 0.0 0.0362597933018 0.473684210526 0.863192490632 0.454516162303 0.312081102015 0.0 0.5 0.106926658443 1.0 0.030303030303 1.0 0.333333333333
正式+上市 0.0 0.0687203512312 0.473684210526 0.119405514017 0.941382401845 0.360240484263 0.00925925925926 0.5 0.129232065534 0.0 0.242424242424 1.0 0.0
上市+销售 2.0 0.158707273715 0.473684210526 0.208986398582 0.872301572823 0.380068966317 0.0 0.5 0.17965113211 0.0 0.232323232323 1.0 0.0
两+家 0.0 0.049037022727 0.157894736842 0.732751016099 0.598935724172 0.347664803079 0.0 0.5 0.0 0.25 0.030303030303 1.0 0.333333333333
第一+财经 0.0 0.145053642311 0.473684210526 0.465659934465 0.487029746405 0.274474009393 0.0 0.5 0.0468268571607 0.25 0.020202020202 1.0 0.333333333333
财经+记者 0.0 0.145053642311 0.473684210526 0.465659934465 0.487029746405 0.246986253767 0.0 0.5 0.0844968990538 0.25 0.020202020202 0.0 0.666666666667
适龄+女性 2.0 0.0233057382068 0.473684210526 0.489499773522 0.879229672114 0.324596704728 0.0 0.5 0.110691829575 0.0 0.10101010101 1.0 0.333333333333
女性+健康 0.0 0.0265041465491 0.473684210526 0.442214995738 0.893373881293 0.305152479415 0.0 0.5 0.188323407637 0.25 0.111111111111 1.0 0.333333333333
阿里+健康 1.0 0.100663751046 0.473684210526 0.164274664835 0.848372602165 0.342703163256 0.0 0.5 0.188764571886 0.0 0.0909090909091 1.0 0.333333333333
预防+医学会 0.0 0.0183025001902 0.631578947368 0.584324073465 0.846292515794 0.302790007803 0.0 0.5 0.094884524138 0.25 0.0909090909091 1.0 0.333333333333
年轻+女性 0.0 0.0188646005006 0.473684210526 0.582743479031 0.786124411024 0.26345238188 0.0 0.5 0.112511723925 0.25 0.0707070707071 1.0 0.333333333333
沃森+生物 1.0 0.214805720177 0.473684210526 0.452439059846 0.715369204862 0.442166527749 0.00925925925926 0.5 0.183622662188 0.25 0.0606060606061 1.0 0.666666666667
进行+HPV 0.0 0.0180743860136 0.315789473684 0.654768668894 0.815450368945 0.241979279385 0.0 0.5 0.0326472687671 0.25 0.111111111111 0.0 0.0
预约+接种 2.0 0.137670730762 0.473684210526 0.629054006209 0.873232639523 0.445665524926 0.0277777777778 0.5 0.319591598028 0.25 0.212121212121 1.0 0.0
15+岁 0.0 0.0220696753618 0.105263157895 0.53450697287 0.886865500248 0.28175380274 0.0 0.5 0.00811984867015 0.25 0.131313131313 1.0 0.0
前来+接种 0.0 0.0425599951797 0.473684210526 0.770447281614 0.692339995851 0.336775663187 0.0 0.5 0.305649079501 1.0 0.0505050505051 1.0 0.0
疫苗+预防 0.0 0.0183025001902 0.473684210526 0.769133987635 0.737515761836 0.266741541601 0.0 0.5 0.519281535201 1.0 0.10101010101 1.0 0.333333333333
市+疾控 0.0 0.0950867887059 0.315789473684 0.698978791873 0.757522483768 0.270388231582 0.0 0.5 0.0267990300079 0.0 0.222222222222 0.0 0.333333333333
进行+接种 0.0 0.056567497453 0.473684210526 0.638808668728 0.798773733382 0.307514841644 0.0 0.5 0.329596051117 0.25 0.161616161616 1.0 0.0
批+疫苗 0.0 0.076188191974 0.315789473684 0.229943024574 0.913660724022 0.36473037619 0.0185185185185 0.5 0.426820130445 0.25 0.151515151515 0.0 0.333333333333
预防+HPV 0.0 0.100214686561 0.315789473684 0.367697377395 0.949103270242 0.313243075264 0.0 0.5 0.0924614047557 0.25 0.323232323232 0.0 0.0
公告+称 0.0 0.0188646005006 0.315789473684 0.537336998838 0.668364552194 0.206269376569 0.0 0.5 0.0249261093646 0.25 0.0707070707071 1.0 0.333333333333
疫苗+产品 0.0 0.0654679988395 0.473684210526 0.404290838368 0.794709305774 0.376683676937 0.0 0.5 0.454614377525 0.0 0.171717171717 1.0 0.666666666667
接种+资质 0.0 0.0233057382068 0.473684210526 0.530357728992 0.739466400541 0.265511079282 0.0 0.5 0.303315765554 0.25 0.0808080808081 1.0 0.333333333333
疫苗+正式 0.0 0.028361783471 0.473684210526 0.142464422675 0.897832174162 0.308014446433 0.0 0.5 0.431591840473 0.0 0.161616161616 0.0 0.333333333333
接种+单位 0.0 0.0397315195989 0.473684210526 0.433202961335 0.915451166643 0.383941800419 0.0 0.5 0.306227675473 0.0 0.151515151515 1.0 0.333333333333
社区+医院 0.0 0.0774906555337 0.473684210526 0.636623162086 0.779869871416 0.441792115658 0.0185185185185 0.5 0.0515622674067 0.25 0.0606060606061 1.0 0.666666666667
家+社区 0.0 0.0424421113997 0.315789473684 0.372978433639 0.815767434879 0.205679347617 0.0 0.5 0.0349941291373 0.25 0.0808080808081 0.0 0.666666666667
国家+食品 0.0 0.0349339070851 0.473684210526 0.210117322623 0.895771969861 0.237255116986 0.0 0.5 0.0397052770669 0.0 0.111111111111 0.0 0.666666666667
食品+药品 0.0 0.107144880268 0.473684210526 0.238949835615 0.897612773259 0.298652489886 0.0 0.5 0.0644717397965 0.0 0.191919191919 1.0 0.666666666667
药品+监督 0.0 0.0847732114346 0.473684210526 0.180535614042 0.926905832134 0.223488523997 0.0 0.5 0.0582381402808 0.0 0.161616161616 1.0 0.333333333333
监督+管理 0.0 0.0313246911742 0.473684210526 0.170064430163 0.917548706392 0.143403875941 0.0 0.5 0.0262371141549 0.0 0.161616161616 0.0 0.0
管理+总局 0.0 0.0274537502852 0.473684210526 0.188980913163 0.890304981585 0.133597581784 0.0 0.5 0.0262382318267 0.0 0.0909090909091 0.0 0.333333333333
批+签发 0.0 0.209888591261 0.315789473684 0.171404042778 0.860494966484 0.440884270495 0.00925925925926 0.5 0.0524691916049 0.0 0.232323232323 1.0 0.0
签发+合格证 3.0 0.0425599951797 0.631578947368 0.21879403436 0.839452925073 0.166054986725 0.00925925925926 0.5 0.062106004432 0.0 0.0505050505051 1.0 0.333333333333
宫颈癌+四价 0.0 0.056365260973 0.631578947368 0.612753457323 0.75854020958 0.24527860612 0.00925925925926 0.5 0.303686603991 0.25 0.0606060606061 1.0 0.666666666667
国内+首 0.0 0.0274537502852 0.315789473684 0.331908800146 0.932715107835 0.255986467917 0.00925925925926 0.5 0.0471641552029 0.0 0.0909090909091 0.0 0.333333333333
接种+服务 2.0 0.143764864269 0.473684210526 0.343302091871 0.794643930258 0.26640107069 0.0 0.5 0.348938690064 0.0 0.131313131313 1.0 0.0
疫苗+预计 0.0 0.0202145791576 0.473684210526 0.734400201114 0.671993737593 0.266701859147 0.0185185185185 0.5 0.439314747349 1.0 0.0505050505051 0.0 0.333333333333
咨询+预约 1.0 0.014114471852 0.473684210526 0.640308607339 0.619352398002 0.234457792968 0.0 0.5 0.154938799879 0.25 0.0606060606061 0.0 0.0
建议+接种 0.0 0.0414232457363 0.473684210526 0.721551718055 0.748090981324 0.222704721205 0.0 0.5 0.31901632757 1.0 0.131313131313 0.0 0.0
生+完 0.0 0.00915125009492 0.157894736842 0.735543272174 0.694252639188 0.212303009525 0.0 0.5 0.0 1.0 0.0909090909091 0.0 0.0
年轻化+趋势 0.0 0.013956662768 0.631578947368 0.622858247774 0.763415442051 0.183326587092 0.0 0.5 0.0113920096207 0.25 0.121212121212 1.0 0.333333333333
宫颈癌+病例 1.0 0.061605523024 0.631578947368 0.706106897087 0.863606793005 0.271689634432 0.0 0.5 0.287131350511 0.25 0.151515151515 1.0 0.666666666667
HPV+型 2.0 0.0869737761124 0.157894736842 0.795033426307 0.75928744012 0.318858967623 0.0 0.5 0.0 0.25 0.141414141414 1.0 0.0
低+危型 0.0 0.0313246911742 0.315789473684 0.794507694973 0.737132953012 0.302874969371 0.0 0.5 0.00457601044968 1.0 0.131313131313 1.0 0.333333333333
疫苗+价格 3.0 0.0274537502852 0.473684210526 0.784795598666 0.7443682467 0.351053557019 0.00925925925926 0.5 0.441860818813 1.0 0.0909090909091 1.0 0.666666666667
药品+注册 0.0 0.0137765208705 0.473684210526 0.38649972189 0.767810603484 0.219457562568 0.0 0.5 0.0563374776536 0.25 0.10101010101 1.0 0.333333333333
注册+批件 0.0 0.0137765208705 0.473684210526 0.38649972189 0.767810603484 0.197814824738 0.0 0.5 0.0224922976497 0.25 0.10101010101 0.0 0.333333333333
进口+药品 1.0 0.111800993983 0.473684210526 0.311243755563 0.788912647961 0.229954023847 0.0185185185185 0.5 0.0768133943205 0.0 0.131313131313 1.0 0.333333333333
药品+通关单 2.0 0.0220696753618 0.631578947368 0.287257481206 0.79441231596 0.119356389472 0.0 0.5 0.0600630404073 0.0 0.121212121212 0.0 0.666666666667
推荐+接种 0.0 0.0382957005496 0.473684210526 0.814466115569 0.770959229264 0.223790596698 0.0 0.5 0.311785363361 1.0 0.121212121212 1.0 0.0
剂+次 0.0 0.00915125009492 0.157894736842 0.761153460824 0.769980184452 0.169448265105 0.0 0.5 0.0 1.0 0.10101010101 0.0 0.0
价+疫苗 0.0 0.101654054206 0.315789473684 0.422934003456 0.953770851923 0.412347040382 0.0185185185185 0.5 0.426820130445 0.0 0.535353535354 0.0 0.666666666667
妇幼+保健院 0.0 0.0545217257369 0.631578947368 0.695311778666 0.784227550344 0.380817940775 0.0 0.5 0.00806806827823 0.25 0.121212121212 1.0 0.666666666667
批+宫颈癌 0.0 0.0202145791576 0.473684210526 0.823906545579 0.687328939656 0.1948421918 0.0185185185185 0.5 0.270968609991 1.0 0.0505050505051 0.0 0.333333333333
香港+接种 3.0 0.0424421113997 0.473684210526 0.510511006066 0.765108194422 0.343439949137 0.00925925925926 0.5 0.312191703197 0.25 0.0808080808081 0.0 0.333333333333
接种+四价 0.0 0.0137765208705 0.473684210526 0.625696921002 0.818779659279 0.358005218605 0.0 0.5 0.334929253564 0.25 0.10101010101 1.0 0.333333333333
有性+生活 0.0 0.0137375516103 0.473684210526 0.824063727223 0.710313188141 0.225505496708 0.0 0.5 0.0104635876399 1.0 0.0808080808081 1.0 0.0
保护+效果 1.0 0.00416936501388 0.473684210526 0.586876853893 0.854187294763 0.219928318206 0.0 0.5 0.0265310285543 0.25 0.0808080808081 1.0 0.333333333333
持续+感染 0.0 0.0570627453468 0.473684210526 0.39674343087 0.903570444787 0.328037280625 0.0 0.5 0.0760853396155 0.25 0.131313131313 1.0 0.0
我国+女性 0.0 0.0367818866209 0.473684210526 0.530701730598 0.83205106659 0.254100393984 0.0 0.5 0.120219050268 0.0 0.141414141414 1.0 0.666666666667
第三+针 0.0 0.00883031855032 0.315789473684 0.77775465662 0.714743851663 0.261647323502 0.0 0.5 0.0110627246435 1.0 0.0707070707071 1.0 0.333333333333
605+元 0.0 0.0313872871685 0.157894736842 0.713003302708 0.545539674655 0.232181652074 0.0185185185185 0.5 0.00357716391902 1.0 0.0505050505051 1.0 0.0
中心+接种 0.0 0.0274537502852 0.473684210526 0.628850565073 0.671496997078 0.224693660178 0.0 0.5 0.363261028534 0.25 0.10101010101 0.0 0.333333333333
宫颈+癌癌 0.0 0.00883031855032 0.473684210526 0.780264364501 0.720084485842 0.155067381998 0.0 0.5 0.0146160149588 1.0 0.0707070707071 1.0 0.666666666667
有效+预防 0.0 0.00416936501388 0.473684210526 0.624496282483 0.824303953515 0.267924364704 0.0 0.5 0.102153834478 0.25 0.0808080808081 1.0 0.0
接受+宫颈癌 0.0 0.00500243571888 0.631578947368 0.745959693331 0.790218814416 0.192390035534 0.0 0.5 0.27832921184 1.0 0.10101010101 0.0 0.333333333333
酿酒+酵母 0.0 0.00915125009492 0.473684210526 0.353286848127 0.792227079521 0.153527853149 0.0 0.5 0.0163095723052 0.25 0.0909090909091 1.0 0.333333333333
中国+大陆 0.0 0.202809917596 0.473684210526 0.319810364245 0.759133208993 0.321847982721 0.00925925925926 0.5 0.101703870311 0.25 0.141414141414 1.0 0.666666666667
效力+达到 0.0 0.0246771691319 0.473684210526 0.593701398578 0.770780640465 0.123623294215 0.0 0.5 0.0106022839233 0.25 0.0606060606061 1.0 0.333333333333
需要+进行 0.0 0.00883031855032 0.473684210526 0.774691905324 0.667171401477 0.145928847503 0.0 0.5 0.058756799533 1.0 0.0707070707071 0.0 0.0
HPV+检测 0.0 0.043363667621 0.315789473684 0.748384477068 0.778689288009 0.27397960152 0.0 0.5 0.00979483290957 1.0 0.111111111111 1.0 0.0
组织+推荐 0.0 0.00500243571888 0.473684210526 0.605522148138 0.740849829668 0.134714425317 0.0 0.5 0.0179766673417 0.25 0.10101010101 0.0 0.333333333333
超过+25 0.0 0.0457562504754 0.263157894737 0.719438175534 0.751302857644 0.215011589806 0.0 0.5 0.0408154414585 1.0 0.0909090909091 0.0 0.0
接种+时间 1.0 0.00915125009492 0.473684210526 0.703899615914 0.818144290535 0.28092739479 0.0 0.5 0.323569397297 1.0 0.0909090909091 1.0 0.333333333333
大陆+区域 0.0 0.0549075005707 0.473684210526 0.548491140451 0.571039241564 0.188997108078 0.0 0.5 0.0468550001049 1.0 0.0909090909091 1.0 0.666666666667
相关+负责人 0.0 0.0328739248033 0.631578947368 0.24096123286 0.883392651736 0.336031285229 0.0 0.5 0.0532131886579 0.0 0.0808080808081 1.0 0.333333333333
云南+玛莉亚 0.0 0.10938186718 0.631578947368 1.0 0.0 0.279050574464 0.00925925925926 0.5 0.0150798287436 1.0 0.0 1.0 0.666666666667
玛莉亚+医院 0.0 0.10938186718 0.631578947368 1.0 0.0 0.300657852647 0.00925925925926 0.5 0.0183419868997 1.0 0.0 0.0 0.666666666667
免疫+规划科 0.0 0.00883031855032 0.631578947368 0.704138470899 0.671373078128 0.216308435955 0.0 0.5 0.0250719605863 1.0 0.0707070707071 1.0 0.333333333333
接种+点 0.0 0.061605523024 0.315789473684 0.406321253118 0.932296614537 0.386333997401 0.0 0.5 0.302211259564 0.0 0.151515151515 1.0 0.0
疫苗+覆盖 0.0 0.0 0.473684210526 0.605293667678 0.829852614887 0.190281093987 0.0 0.5 0.438538597661 0.25 0.0909090909091 1.0 0.333333333333
乳头状+瘤 0.0 0.0590017283011 0.473684210526 0.650256411141 0.809648854239 0.251995481291 0.0 0.5 0.00358293727218 1.0 0.0707070707071 0.0 0.666666666667
瘤+病毒 0.0 0.0590017283011 0.315789473684 0.650256411141 0.809648854239 0.242383481799 0.0 0.5 0.0591258365347 0.0 0.545454545455 0.0 0.666666666667
病毒+亚型 2.0 0.0805219947623 0.473684210526 0.404603731455 0.904750382927 0.321247382142 0.0 0.5 0.0770318463192 0.0 0.131313131313 1.0 0.666666666667
免疫+接种 0.0 0.00500243571888 0.473684210526 0.583672842095 0.880765397572 0.24861036697 0.0 0.5 0.324983816835 0.25 0.10101010101 0.0 0.0
郑州市+金水区 0.0 0.049037022727 0.789473684211 0.868765769424 0.382734651745 0.162071926984 0.00925925925926 0.5 0.00734146332222 1.0 0.030303030303 1.0 0.666666666667
正式+销售 0.0 0.00500243571888 0.473684210526 0.565491824869 0.587797946054 0.208770081206 0.0 0.5 0.118037046809 1.0 0.10101010101 1.0 0.0
上海+泽润 0.0 0.131137986826 0.473684210526 0.573145074917 0.692260312293 0.380877649645 0.0 0.5 0.0235680882196 0.25 0.020202020202 1.0 0.666666666667
疫苗+在线 0.0 0.0362597933018 0.473684210526 0.858085857352 0.334492682658 0.140618284586 0.0 0.5 0.428031724665 1.0 0.030303030303 0.0 0.333333333333
在线+预约 1.0 0.0869004626025 0.473684210526 0.838098261303 0.36939914061 0.254801575457 0.00925925925926 0.5 0.14732244168 1.0 0.040404040404 1.0 0.0
疫苗+获得 0.0 0.0626347383308 0.473684210526 0.411486710371 0.754503022086 0.317091961186 0.0277777777778 0.5 0.43060077621 0.25 0.121212121212 1.0 0.333333333333
通关+备案 0.0 0.00915125009492 0.473684210526 0.663978816904 0.530799277005 0.144599009679 0.0 0.5 0.0257966489547 1.0 0.0909090909091 1.0 0.0
上市+许可 0.0 0.0 0.473684210526 0.419549808493 0.732818389247 0.164705387153 0.0 0.5 0.107589189019 0.25 0.0909090909091 0.0 0.0
保护+作用 0.0 0.00883031855032 0.473684210526 0.743158381254 0.69320997065 0.297842174394 0.0 0.5 0.0251649310803 1.0 0.0707070707071 1.0 0.333333333333
一线+城市 2.0 0.0362597933018 0.473684210526 0.377653768914 0.502676848065 0.273649530441 0.00925925925926 0.5 0.0926788848011 0.25 0.030303030303 1.0 0.666666666667
北青报+记者 0.0 0.0792094449537 0.631578947368 0.833763802043 0.39082501554 0.308192428077 0.0 0.5 0.0652221437664 1.0 0.010101010101 1.0 0.666666666667
广州+日报 0.0 0.0202145791576 0.473684210526 0.831632567731 0.672569205562 0.292630506849 0.0 0.5 0.0113749102731 1.0 0.0505050505051 1.0 0.666666666667
签发+申请 0.0 0.00915125009492 0.473684210526 0.677404660285 0.532202095797 0.0838631353124 0.0 0.5 0.0675095289701 1.0 0.0909090909091 0.0 0.0
办理+批 0.0 0.00416936501388 0.315789473684 0.7352545988 0.495160897633 0.0728207787879 0.0 0.5 0.0090989808347 1.0 0.0808080808081 0.0 0.0
药品+检验 2.0 0.00416936501388 0.473684210526 0.7352545988 0.495160897633 0.0431624180648 0.0 0.5 0.0586761016902 1.0 0.0808080808081 0.0 0.333333333333
上门+医疗 1.0 0.127644991556 0.473684210526 1.0 0.0 0.361874680706 0.00925925925926 0.5 0.0645699327198 1.0 0.0 1.0 0.333333333333
护士+上门 0.0 0.0947296218542 0.473684210526 0.526599592502 0.315986182777 0.314968966262 0.0 0.5 0.0615140045997 0.25 0.010101010101 1.0 0.333333333333
提升+公司 0.0 0.0274294747514 0.473684210526 0.859340857524 0.353473264354 0.121853412107 0.0 0.5 0.134821488907 1.0 0.040404040404 0.0 0.333333333333
高危型+HPV+病毒 0.0 0.0328739248033 0.842105263158 0.359383317101 0.836560991154 0.227018010631 0.0 1.0 0.0675816906519 0.25 0.0808080808081 1.0 0.333333333333
接种+了+HPV 0.0 0.00883031855032 0.526315789474 0.810803462897 0.716946430101 0.140378895978 0.0 1.0 0.302211259564 1.0 0.0707070707071 0.0 0.0
进行+宫颈癌+筛查 0.0 0.0 1.0 0.659137718667 0.836523910709 0.228209970582 0.0 1.0 0.324746525922 1.0 0.0909090909091 0.0 0.333333333333
接种+HPV+疫苗 0.0 0.282031036478 0.684210526316 0.60364546454 0.897304897355 0.405733083084 0.0277777777778 1.0 0.729031390009 0.0 0.363636363636 1.0 0.333333333333
世界+卫生+组织 0.0 0.0954527670257 0.842105263158 0.289622950362 0.937008284718 0.246489529083 0.0 1.0 0.0672300860745 0.0 0.212121212121 1.0 0.666666666667
宫颈癌+新发+病例 0.0 0.0492429955417 1.0 0.377806123455 0.884523828013 0.210183926857 0.0 1.0 0.295820389415 0.25 0.131313131313 0.0 1.0
感染+HPV+病毒 1.0 0.0188646005006 0.684210526316 0.602754238319 0.796932141356 0.275779486098 0.0 1.0 0.129434929206 1.0 0.0707070707071 1.0 0.333333333333
感染+了+HPV 0.0 0.0961614943724 0.526315789474 0.798426975198 0.754487889219 0.269563484401 0.0 1.0 0.0703090926715 1.0 0.131313131313 0.0 0.0
HPV+病毒+感染 0.0 0.00915125009492 0.684210526316 0.737562648748 0.82920961852 0.210455903948 0.0 1.0 0.129434929206 1.0 0.0909090909091 0.0 0.333333333333
二价+HPV+疫苗 3.0 0.103258614588 0.684210526316 0.487204877327 0.92552984228 0.340339083498 0.0 1.0 0.467013056811 0.0 0.323232323232 1.0 0.666666666667
HPV16+和+HPV18 1.0 0.0265041465491 0.578947368421 0.674683958796 0.815693031996 0.212307228175 0.0 1.0 0.0 0.25 0.111111111111 0.0 0.0
四价+HPV+疫苗 3.0 0.182303027765 0.684210526316 0.0625814468225 0.93755976847 0.371077578571 0.0462962962963 1.0 0.459538124445 0.25 0.292929292929 1.0 0.666666666667
九价+HPV+疫苗 3.0 0.0225506060226 0.684210526316 0.381648642714 0.879013812088 0.254987903982 0.0 1.0 0.441283193528 0.25 0.10101010101 1.0 0.666666666667
死+于+宫颈癌 0.0 0.00500243571888 0.684210526316 0.81097151192 0.732966942265 0.17496928473 0.0 1.0 0.270968609991 1.0 0.10101010101 0.0 0.333333333333
接种+了+宫颈癌 0.0 0.00416936501388 0.842105263158 0.802332386053 0.724902215713 0.141371171385 0.0 1.0 0.573179869555 1.0 0.0808080808081 0.0 0.333333333333
疫苗+在+国内 0.0 0.0366050003805 0.684210526316 0.107035218841 0.899649131845 0.267982702491 0.0 1.0 0.442860541512 0.0 0.0909090909091 0.0 0.666666666667
价+宫颈癌+疫苗 0.0 0.565115795433 0.842105263158 0.490636958058 0.935971364676 0.429120492671 0.175925925926 1.0 0.697788740436 0.0 0.505050505051 0.0 1.0
疫苗+的+接种 0.0 0.0592659409657 0.684210526316 0.573140919286 0.889547528323 0.33150214346 0.0 1.0 0.729031390009 0.25 0.212121212121 0.0 0.333333333333
疾病+预防+控制 1.0 0.119805264334 0.842105263158 0.426935260981 0.891018830925 0.31836989495 0.0 1.0 0.118612583933 0.0 0.20202020202 0.0 0.333333333333
预防+控制+中心 0.0 0.100214686561 0.842105263158 0.586846847347 0.817258266017 0.330345063504 0.0 1.0 0.161578862934 0.0 0.181818181818 1.0 0.333333333333
社区+卫生+服务 2.0 0.313084426124 0.842105263158 0.509054367306 0.892397166294 0.446363860351 0.0 1.0 0.236320735713 0.0 0.454545454545 1.0 0.333333333333
卫生+服务+中心 0.0 0.327590531688 0.842105263158 0.505468772196 0.893473183338 0.42304078899 0.0 1.0 0.266589841638 0.0 0.444444444444 0.0 0.333333333333
岁+的+女性 0.0 0.13107336223 0.526315789474 0.581889046656 0.899082480576 0.294396062957 0.0 1.0 0.106558947543 0.0 0.494949494949 0.0 0.333333333333
街道+社区+卫生 0.0 0.0590017283011 0.842105263158 0.761031142417 0.723168601407 0.300192751662 0.0 1.0 0.0814159311702 1.0 0.0707070707071 0.0 0.666666666667
接种+四+价 1.0 0.0274537502852 0.526315789474 0.798239355705 0.758068868361 0.26760413025 0.037037037037 1.0 0.302211259564 1.0 0.0909090909091 1.0 0.333333333333
接种+3+针 1.0 0.0382957005496 0.421052631579 0.572728320651 0.745223191412 0.181267537695 0.00925925925926 1.0 0.302211259564 0.25 0.121212121212 0.0 0.333333333333
严重+威胁+妇女 0.0 0.0179639963211 0.842105263158 0.614425900529 0.784600583059 0.104563416086 0.0 1.0 0.0287975263636 0.25 0.131313131313 0.0 0.333333333333
威胁+妇女+健康 0.0 0.0179639963211 0.842105263158 0.614425900529 0.784600583059 0.0760974155594 0.0 1.0 0.17546724039 0.25 0.131313131313 0.0 0.333333333333
健康+的+常见 0.0 0.0324401851239 0.684210526316 0.618141094132 0.798189439572 0.0859539142624 0.0 1.0 0.163354576688 0.25 0.151515151515 0.0 0.0
中国+癌症+统计 0.0 0.00500243571888 0.842105263158 0.344263559621 0.831839522006 0.129543271908 0.0 1.0 0.0916049637239 0.25 0.10101010101 0.0 0.666666666667
癌症+统计+报告 0.0 0.00500243571888 0.842105263158 0.344263559621 0.831839522006 0.155908374876 0.0 1.0 0.0324280336135 0.25 0.10101010101 0.0 0.666666666667
疫苗+可+预防 0.0 0.013956662768 0.684210526316 0.759236647404 0.758725687716 0.233966207301 0.0 1.0 0.519281535201 1.0 0.121212121212 1.0 0.333333333333
宫颈癌+疫苗+获 0.0 0.00964462547766 0.842105263158 0.296550876537 0.877405326449 0.188691876566 0.0277777777778 1.0 0.697788740436 0.0 0.121212121212 0.0 0.666666666667
疫苗+获+批 0.0 0.0137765208705 0.526315789474 0.288789617985 0.890217159908 0.199369737136 0.0 1.0 0.426820130445 0.0 0.131313131313 0.0 0.333333333333
省+疾控+中心 0.0 0.0649054112014 0.684210526316 0.839077981268 0.694659193716 0.254857013662 0.0 1.0 0.0878487989775 1.0 0.10101010101 1.0 0.666666666667
疾控+中心+免疫 0.0 0.0336034959312 0.842105263158 0.677861520733 0.800947680996 0.206690944391 0.0 1.0 0.110621356249 0.25 0.131313131313 0.0 0.333333333333
女性+HPV+感染率 1.0 0.0458025636926 0.842105263158 0.857710702532 0.629893858581 0.150014536044 0.0 1.0 0.109541438408 1.0 0.0606060606061 1.0 0.666666666667
价+和+九价 0.0 0.0265041465491 0.526315789474 0.743439308071 0.834058089702 0.0728461377958 0.0 1.0 0.0144630630827 1.0 0.131313131313 0.0 0.666666666667
引起+的+宫颈癌 0.0 0.101483904702 0.842105263158 0.516429155465 0.910055734992 0.313085266961 0.0 1.0 0.291427637622 0.25 0.212121212121 0.0 0.333333333333
70%+的+宫颈癌 0.0 0.00964462547766 0.684210526316 0.601767324768 0.881336807908 0.204509610512 0.0 1.0 0.270968609991 0.25 0.111111111111 0.0 0.333333333333
两+种+病毒 0.0 0.00915125009492 0.526315789474 0.495084393665 0.841886261063 0.192976841632 0.0 1.0 0.0591258365347 0.25 0.0909090909091 0.0 0.333333333333
适用+于+20 0.0 0.0292351579399 0.473684210526 0.650348037384 0.800684247628 0.178550471932 0.0 1.0 0.0369493601468 0.25 0.141414141414 0.0 0.0
HPV6+和+HPV11 0.0 0.0274537502852 0.526315789474 0.81558784772 0.662196737395 0.204653701197 0.0 1.0 0.0 1.0 0.0909090909091 0.0 0.0
宫颈癌+的+风险 2.0 0.0443286153014 0.842105263158 0.744991447747 0.739713942862 0.227154746748 0.0 1.0 0.280563185156 1.0 0.161616161616 0.0 0.666666666667
默沙+东四+价 0.0 0.174358992424 0.684210526316 0.301149775168 0.893671024382 0.174560102741 0.00925925925926 1.0 0.0637672412738 0.0 0.131313131313 1.0 1.0
价+HPV+疫苗 0.0 0.323572086722 0.526315789474 0.0838033781851 0.961089465179 0.395590432363 0.0462962962963 1.0 0.426820130445 0.0 0.747474747475 0.0 0.666666666667
智飞+生物+表示 0.0 0.0202145791576 0.842105263158 0.774716432727 0.447046836009 0.0692409185663 0.0 1.0 0.308628326865 1.0 0.0505050505051 0.0 0.333333333333
东四+价+HPV 0.0 0.137268751427 0.526315789474 0.385735357403 0.82410116252 0.13834543516 0.0 1.0 0.0244000352175 0.25 0.0909090909091 0.0 0.666666666667
获+批+上市 3.0 0.0918246399301 0.526315789474 0.2899310829 0.945300373686 0.326306438935 0.0 1.0 0.0954230754181 0.0 0.161616161616 0.0 0.0
国内+获+批 0.0 0.0869737761124 0.526315789474 0.0356583025415 0.925866757829 0.221979864503 0.0 1.0 0.0471641552029 0.0 0.121212121212 1.0 0.333333333333
45+岁+女性 0.0 0.0367818866209 0.473684210526 0.527064430945 0.903166158873 0.223774293874 0.00925925925926 1.0 0.132069422161 0.25 0.262626262626 0.0 0.333333333333
完成+整个+免疫 0.0 0.0288988824505 0.842105263158 0.500375270003 0.751402041115 0.0666152752867 0.0 1.0 0.0441144337606 0.25 0.0707070707071 0.0 0.0
整个+免疫+程序 0.0 0.0288988824505 0.842105263158 0.500375270003 0.751402041115 0.0825784316239 0.0 1.0 0.0396520616009 0.25 0.0707070707071 1.0 0.333333333333
接种+三+针 0.0 0.0517934281565 0.526315789474 0.507605733038 0.84830639958 0.204262471939 0.0 1.0 0.302211259564 0.25 0.111111111111 1.0 0.333333333333
智飞+生物+代理 1.0 0.014114471852 0.842105263158 0.693909422142 0.619758080751 0.137742130676 0.0185185185185 1.0 0.326300479023 0.25 0.0707070707071 1.0 0.333333333333
新浪+财经+股吧 0.0 0.0506379642889 0.842105263158 0.290419087872 0.763578910678 0.0592693014735 0.0 1.0 0.0646879737829 0.0 0.272727272727 0.0 1.0
接种+宫颈癌+疫苗 1.0 0.249616524039 1.0 0.702630991818 0.845808884254 0.414017905014 0.0925925925926 1.0 1.0 0.25 0.313131313131 1.0 0.666666666667
中国+内地+首 0.0 0.0179639963211 0.684210526316 0.33235909507 0.879946432322 0.177673844693 0.0 1.0 0.0731477097017 0.0 0.131313131313 0.0 0.666666666667
20-45+岁+女性 1.0 0.00964462547766 0.631578947368 0.3712982659 0.82617850641 0.210353151099 0.00925925925926 1.0 0.106558947543 0.25 0.111111111111 0.0 0.333333333333
预防+接种+门诊 0.0 0.0791184770823 0.842105263158 0.416376102447 0.896994650395 0.345654145891 0.00925925925926 1.0 0.420769083185 0.25 0.171717171717 1.0 0.333333333333
成人+预防+接种 0.0 0.0246771691319 0.842105263158 0.410352426763 0.727218432834 0.165434077062 0.00925925925926 1.0 0.396293623086 0.25 0.0606060606061 0.0 0.333333333333
第一+财经+记者 0.0 0.145053642311 0.842105263158 0.465659934465 0.487029746405 0.274474009393 0.0 1.0 0.112049000927 0.25 0.020202020202 0.0 0.666666666667
宫颈癌+疫苗+接种 2.0 0.0543141885489 1.0 0.481339616995 0.889819647917 0.368931693143 0.0185185185185 1.0 1.0 0.25 0.161616161616 0.0 0.666666666667
44+岁+女性 0.0 0.0366535514479 0.473684210526 0.338812071629 0.918849556461 0.145854622249 0.0 1.0 0.113086650202 0.0 0.242424242424 0.0 0.333333333333
市+疾控+中心 0.0 0.0927432872369 0.684210526316 0.694675380402 0.742693513471 0.251709049694 0.0 1.0 0.0878487989775 0.0 0.20202020202 1.0 0.666666666667
预防+HPV+感染 0.0 0.0414232457363 0.684210526316 0.338003395347 0.912046998545 0.207128443806 0.0 1.0 0.162770497427 0.25 0.131313131313 1.0 0.0
HPV+疫苗+接种 2.0 0.0220696753618 0.684210526316 0.338368594316 0.904743749127 0.326578235129 0.00925925925926 1.0 0.729031390009 0.0 0.121212121212 0.0 0.333333333333
家+社区+卫生 0.0 0.0328739248033 0.684210526316 0.372978433639 0.815767434879 0.170113293225 0.0 1.0 0.081238511812 0.25 0.0808080808081 0.0 0.666666666667
国家+食品+药品 0.0 0.0265041465491 0.842105263158 0.210117322623 0.895771969861 0.202327068287 0.0 1.0 0.0854973476012 0.0 0.111111111111 1.0 1.0
食品+药品+监督 0.0 0.083479526449 0.842105263158 0.210889130216 0.906437756323 0.243066445419 0.0 1.0 0.0769178095431 0.0 0.151515151515 0.0 0.666666666667
药品+监督+管理 0.0 0.0313246911742 0.842105263158 0.170064430163 0.917548706392 0.134329636508 0.0 1.0 0.0655906805988 0.0 0.161616161616 0.0 0.333333333333
监督+管理+总局 0.0 0.0274537502852 0.842105263158 0.188980913163 0.890304981585 0.116931943907 0.0 1.0 0.028487964535 0.0 0.0909090909091 0.0 0.333333333333
批+签发+合格证 0.0 0.0425599951797 0.842105263158 0.21879403436 0.839452925073 0.186051564258 0.00925925925926 1.0 0.062106004432 0.0 0.0505050505051 1.0 0.333333333333
接种+该+疫苗 0.0 0.0927432872369 0.684210526316 0.657143387331 0.824616894486 0.317818291987 0.0 1.0 0.729031390009 0.25 0.10101010101 0.0 0.333333333333
宫颈癌+四价+疫苗 3.0 0.056365260973 1.0 0.612753457323 0.75854020958 0.24527860612 0.00925925925926 1.0 0.730506734436 0.25 0.0606060606061 0.0 1.0
发病率+和+死亡率 2.0 0.0257837461262 1.0 0.613172359575 0.757405306647 0.167994399837 0.0 1.0 0.016459483113 0.25 0.131313131313 0.0 0.666666666667
岁+至+45 0.0 0.0489674463512 0.315789473684 0.500777997613 0.810852864542 0.159520522868 0.0 1.0 0.0255104746178 0.0 0.0707070707071 0.0 0.0
上市+的+HPV 0.0 0.0225506060226 0.526315789474 0.409718073408 0.752459417657 0.196417020734 0.0 1.0 0.0954230754181 0.0 0.10101010101 0.0 0.0
产品+的+上市 0.0 0.00883031855032 0.684210526316 0.645704852688 0.545082363434 0.114331493651 0.0 1.0 0.174148780215 0.25 0.0707070707071 0.0 0.333333333333
宫颈癌+疫苗+上市 3.0 0.0137375516103 1.0 0.582063680311 0.833541442581 0.254599091429 0.0185185185185 1.0 0.739416825709 0.25 0.0808080808081 0.0 0.666666666667
接种+了+疫苗 0.0 0.00964462547766 0.684210526316 0.801918273399 0.744837455453 0.170795543241 0.0 1.0 0.729031390009 1.0 0.111111111111 0.0 0.333333333333
药品+注册+批件 0.0 0.0137765208705 0.842105263158 0.38649972189 0.767810603484 0.219457562568 0.0 1.0 0.0682843681839 0.25 0.10101010101 1.0 0.666666666667
进口+药品+通关单 2.0 0.0220696753618 1.0 0.287257481206 0.79441231596 0.154807142224 0.0 1.0 0.0910843641935 0.0 0.121212121212 0.0 0.666666666667
国家+和+地区 0.0 0.0137375516103 0.684210526316 0.407288447524 0.852895172869 0.202086898598 0.0 1.0 0.0318149936085 0.25 0.0808080808081 0.0 0.666666666667
25+岁+女性 1.0 0.0292351579399 0.473684210526 0.697639567809 0.7964306957 0.218145245992 0.0 1.0 0.137783927294 0.0 0.272727272727 0.0 0.333333333333
岁+至+44 0.0 0.0 0.315789473684 0.522172942888 0.870504909709 0.140731738157 0.0 1.0 0.00652770265926 0.25 0.0909090909091 0.0 0.0
100%+的+保护 0.0 0.00915125009492 0.578947368421 0.773261915263 0.746510774479 0.195317345081 0.0 1.0 0.0174018434117 1.0 0.0909090909091 0.0 0.0
9-25+岁+女性 2.0 0.0464087131434 0.578947368421 0.516544904917 0.812108852852 0.257274433204 0.0277777777778 1.0 0.106558947543 0.0 0.121212121212 0.0 0.333333333333
疫苗+在+中国 0.0 0.0400987763259 0.684210526316 0.159665945253 0.881441031608 0.242620231501 0.0 1.0 0.453886356541 0.25 0.10101010101 0.0 0.666666666667
接受+宫颈癌+筛查 2.0 0.0 1.0 0.789929939821 0.760533605328 0.176253980912 0.0 1.0 0.304722336218 1.0 0.0909090909091 1.0 0.333333333333
价+人+乳头瘤 0.0 0.0414232457363 0.684210526316 0.281318758161 0.78147404455 0.150510008916 0.0 1.0 0.0118064600491 0.25 0.141414141414 0.0 1.0
乳头瘤+病毒+疫苗 0.0 0.061605523024 1.0 0.217079313389 0.866030074376 0.136886099171 0.0 1.0 0.497374400142 0.25 0.151515151515 0.0 1.0
两+种+亚型 1.0 0.00883031855032 0.526315789474 0.74090218034 0.687988831597 0.220359559689 0.0 1.0 0.0179060097845 1.0 0.0707070707071 0.0 0.333333333333
保护+效力+达到 0.0 0.0246771691319 0.842105263158 0.593701398578 0.770780640465 0.152107499361 0.0 1.0 0.0277283948429 0.25 0.0606060606061 0.0 0.333333333333
进行+HPV+检测 0.0 0.00416936501388 0.684210526316 0.812146774449 0.681750955219 0.132450085781 0.0 1.0 0.0371796244621 1.0 0.0808080808081 1.0 0.0
疫苗+可以+预防 0.0 0.0183025001902 0.842105263158 0.771339878546 0.749707572146 0.201324918936 0.0 1.0 0.575940780527 1.0 0.0909090909091 0.0 0.333333333333
疫苗+在+内地 0.0 0.0362597933018 0.684210526316 0.441413873784 0.695888574384 0.207745160292 0.0 1.0 0.439233199282 0.25 0.030303030303 0.0 0.666666666667
卫生+组织+推荐 0.0 0.0 0.842105263158 0.598502189501 0.719528624159 0.104191324185 0.0 1.0 0.0666866195552 0.25 0.0909090909091 0.0 0.333333333333
岁+女性+接种 0.0 0.00883031855032 0.684210526316 0.763365707928 0.774844777947 0.256554410581 0.0 1.0 0.408770207107 1.0 0.0707070707071 0.0 0.333333333333
超过+25+岁 0.0 0.0424421113997 0.473684210526 0.704926683812 0.741949818323 0.183331930673 0.0 1.0 0.0408154414585 1.0 0.0808080808081 1.0 0.0
云南+玛莉亚+医院 0.0 0.0911187428046 1.0 1.0 0.0 0.270860934293 0.00925925925926 1.0 0.0231669223242 1.0 0.0 1.0 1.0
预防+HPV+病毒 1.0 0.00883031855032 0.684210526316 0.665299142888 0.824365213133 0.199807191637 0.0 1.0 0.15158724129 1.0 0.0707070707071 0.0 0.333333333333
接种+二+价 0.0 0.0664210317816 0.526315789474 0.719816371518 0.723491376424 0.287725404079 0.00925925925926 1.0 0.302211259564 1.0 0.10101010101 0.0 0.333333333333
乳头状+瘤+病毒 0.0 0.0590017283011 0.842105263158 0.650256411141 0.809648854239 0.251995481291 0.0 1.0 0.0625635446982 1.0 0.0707070707071 0.0 1.0
疫苗+在线+预约 2.0 0.0362597933018 0.842105263158 0.858085857352 0.334492682658 0.140618284586 0.0 1.0 0.445412063129 1.0 0.030303030303 1.0 0.333333333333
在线+预约+接种 2.0 0.0618142521526 0.842105263158 0.858085857352 0.334492682658 0.183109034375 0.0 1.0 0.341178907843 1.0 0.030303030303 0.0 0.0
预约+接种+服务 2.0 0.049037022727 0.842105263158 0.858085857352 0.334492682658 0.119790051136 0.0 1.0 0.457768962897 1.0 0.030303030303 1.0 0.0
HPV+疫苗+获得 0.0 0.0328739248033 0.684210526316 0.568189977972 0.638970592871 0.183483052444 0.00925925925926 1.0 0.43060077621 1.0 0.0808080808081 0.0 0.333333333333
中国+大陆+区域 0.0 0.0328739248033 0.842105263158 0.586350740443 0.560448663977 0.125336726639 0.0 1.0 0.114723557412 1.0 0.0808080808081 1.0 1.0
HPV+病毒+亚型 3.0 0.0328739248033 0.684210526316 0.492426702631 0.880187274679 0.213398478465 0.0 1.0 0.0770318463192 0.25 0.0808080808081 0.0 0.666666666667
覆盖+的+病毒 2.0 0.014114471852 0.684210526316 0.719152038675 0.723251994785 0.169025019623 0.0 1.0 0.0708443037513 1.0 0.0606060606061 0.0 0.333333333333
批+签发+申请 0.0 0.00915125009492 0.684210526316 0.677404660285 0.532202095797 0.0922935916555 0.0 1.0 0.0675095289701 1.0 0.0909090909091 1.0 0.0
采购+的+首 0.0 0.00883031855032 0.526315789474 0.740953779165 0.46069166689 0.123082764785 0.0 1.0 0.0253631927406 1.0 0.0707070707071 0.0 0.0
办理+批+签发 0.0 0.00416936501388 0.684210526316 0.7352545988 0.495160897633 0.0728207787879 0.0 1.0 0.0615681724396 1.0 0.0808080808081 0.0 0.0
申请+及+进口 0.0 0.00416936501388 0.684210526316 0.7352545988 0.495160897633 0.0431624180648 0.0 1.0 0.0460616611514 1.0 0.0808080808081 0.0 0.0
进口+药品+检验 1.0 0.00416936501388 0.842105263158 0.7352545988 0.495160897633 0.0431624180648 0.0 1.0 0.0896974254765 1.0 0.0808080808081 0.0 0.333333333333
医护+到+家 2.0 0.187850683257 0.526315789474 0.526599592502 0.315986182777 0.147387436567 0.0 1.0 0.0 0.25 0.010101010101 0.0 0.333333333333
