iPhone+X 0.0 0.0 0.210526315789 0.0380618637986 0.912243858875 0.572579741144 0.855670103093 0.5 0.0 0.04 0.836734693878 1.0 0.0
新+iPhone 0.0 0.112382230358 0.315789473684 0.442576423008 0.911455205049 0.317446723579 0.0103092783505 0.5 0.0 0.2 0.0918367346939 1.0 0.0
十+周年 0.0 0.0708695471537 0.315789473684 0.50747589128 0.951300214523 0.290507096798 0.0 0.5 0.0272479533682 0.1 0.0714285714286 1.0 0.0
全面+屏 1.0 0.29233363362 0.315789473684 0.114821627764 0.91948604879 0.416414857174 0.0 0.5 0.141370663695 0.04 0.316326530612 1.0 0.333333333333
面容+ID 1.0 0.0863594842962 0.263157894737 0.305809674149 0.877145574104 0.300518385709 0.0 0.5 0.0337623093709 0.1 0.0714285714286 1.0 0.333333333333
款+手机 0.0 0.306073026988 0.315789473684 0.284188524365 0.959508262449 0.382563456567 0.0 0.5 0.731460306595 0.0 0.19387755102 0.0 0.333333333333
基频+芯片 2.0 0.259858068249 0.473684210526 0.906896888995 0.145678276576 0.358601261709 0.0103092783505 0.5 0.126536908748 1.0 0.0102040816327 1.0 0.666666666667
两+款 0.0 0.0696496917824 0.157894736842 0.244818359449 0.926208466569 0.310377661876 0.0 0.5 0.0 0.1 0.112244897959 1.0 0.0
屏+设计 0.0 0.0630150704667 0.315789473684 0.264585269296 0.760130062409 0.20878933155 0.0 0.5 0.212926634045 0.1 0.102040816327 0.0 0.333333333333
指纹+识别 1.0 0.338411021586 0.473684210526 0.409105949943 0.911337276514 0.451921979159 0.0 0.5 0.290727529851 0.2 0.0918367346939 1.0 0.333333333333
人脸+识别 3.0 0.0729535113721 0.473684210526 0.324440144607 0.515949835328 0.290293330795 0.0103092783505 0.5 0.202686517971 0.4 0.0612244897959 1.0 0.333333333333
苹果+公司 0.0 0.225396625972 0.473684210526 0.265926791056 0.930533855846 0.312818776786 0.0103092783505 0.5 1.0 0.04 0.0918367346939 1.0 0.666666666667
面部+识别 3.0 0.204382646168 0.473684210526 0.317058601354 0.98319567459 0.401143588441 0.0 0.5 0.259538216837 0.04 0.15306122449 1.0 0.333333333333
OLED+屏幕 2.0 0.12907156966 0.368421052632 0.351567375287 0.894604140323 0.385264791219 0.0 0.5 0.252953618168 0.04 0.163265306122 1.0 0.333333333333
Home+键 0.0 0.12650902981 0.210526315789 0.305323383664 0.920981737095 0.247332644154 0.0 0.5 0.0 0.4 0.0918367346939 1.0 0.333333333333
TechWeb+报道 0.0 0.0632931558027 0.526315789474 0.289731957117 0.75932236402 0.0812702678424 0.0 0.5 0.0833909951965 0.2 0.122448979592 1.0 0.333333333333
发货+时间 3.0 0.184955818249 0.473684210526 0.383942289473 0.803545265261 0.374178593133 0.020618556701 0.5 0.85812781242 0.1 0.173469387755 1.0 0.666666666667
凯基+证券 1.0 0.12559313309 0.473684210526 0.358582726647 0.897026467509 0.158146328141 0.0 0.5 0.27193151803 0.1 0.15306122449 1.0 0.666666666667
款+iPhone 0.0 0.0635367659388 0.315789473684 0.264107040115 0.888889477796 0.262751601073 0.0 0.5 0.0 0.04 0.204081632653 0.0 0.0
越狱+工具 0.0 0.21060119693 0.473684210526 1.0 0.0 0.266869732748 0.0 0.5 0.0811938186975 1.0 0.0 1.0 0.333333333333
苹果+手机 0.0 0.132829295725 0.473684210526 0.380930170193 0.915562516874 0.392573510785 0.0 0.5 0.987392343103 0.1 0.0714285714286 1.0 0.666666666667
iPhoneX+发售 1.0 0.0553796100106 0.526315789474 0.198082788643 0.907770008117 0.178898189039 0.0 0.5 0.0619874658464 0.04 0.0714285714286 1.0 0.0
1-2+周 0.0 0.0815506433551 0.157894736842 0.410020698615 0.731361608513 0.270469441408 0.0103092783505 0.5 0.0 0.1 0.132653061224 1.0 0.0
分析师+郭明池 1.0 0.077725338555 0.789473684211 0.425025319438 0.881677582831 0.214282110574 0.0 0.5 0.161717507008 1.0 0.0816326530612 1.0 0.666666666667
三星+S9 2.0 0.0977225341852 0.263157894737 0.698821856388 0.36519607621 0.191121857654 0.0309278350515 0.5 0.139569026246 1.0 0.030612244898 1.0 0.333333333333
高+达 0.0 0.0635367659388 0.157894736842 0.512062647744 0.933378007354 0.365820762433 0.020618556701 0.5 0.0 0.1 0.0612244897959 1.0 0.0
6.5+英寸 1.0 0.141942820489 0.315789473684 0.44610939642 0.826550664392 0.311049884626 0.020618556701 0.5 0.100817527368 0.4 0.0510204081633 1.0 0.0
iPhone8+系列 1.0 0.145065029617 0.526315789474 0.476063404747 0.858239568343 0.361440070146 0.0 0.5 0.076731958274 0.2 0.0612244897959 1.0 0.333333333333
5.8+英寸 0.0 0.0481844885595 0.315789473684 0.504831347425 0.852124547007 0.22243332545 0.0 0.5 0.100817527368 0.4 0.0816326530612 1.0 0.0
OLED+屏 2.0 0.107448165931 0.210526315789 0.520685349541 0.850265235953 0.278325471911 0.0103092783505 0.5 0.0 0.04 0.19387755102 1.0 0.333333333333
智能+手机 0.0 0.121701831229 0.473684210526 0.303999452018 0.896967977141 0.41741195117 0.0103092783505 0.5 0.739490040345 0.0 0.112244897959 1.0 0.666666666667
苹果+官方 0.0 0.0729535113721 0.473684210526 0.438698033966 0.863437485004 0.203458696847 0.0103092783505 0.5 0.930860260786 0.1 0.0510204081633 1.0 0.666666666667
款+新 0.0 0.0629549135572 0.157894736842 0.391490857814 0.909496062382 0.248097914755 0.0 0.5 0.0 0.1 0.0918367346939 0.0 0.0
下一代+iPhone 2.0 0.0977225341852 0.631578947368 0.720424431785 0.703637001523 0.297226085293 0.0103092783505 0.5 0.0502302428159 0.4 0.0408163265306 1.0 0.333333333333
无线+充电 1.0 0.122036613548 0.473684210526 0.459450214602 0.922963029809 0.335161072266 0.0 0.5 0.0745452701775 0.2 0.0918367346939 1.0 0.0
部+iPhoneX 0.0 0.0729535113721 0.368421052632 0.419341910132 0.688286772182 0.269040581031 0.0 0.5 0.0 0.4 0.0510204081633 0.0 0.0
版+iPhoneX 0.0 0.0961480714098 0.368421052632 0.399176512162 0.84785435661 0.324494310071 0.0 0.5 0.0 0.1 0.0714285714286 0.0 0.333333333333
两+倍 0.0 0.0558750325508 0.157894736842 0.390517600528 0.577140088858 0.208813258063 0.0103092783505 0.5 0.0 0.4 0.0918367346939 1.0 0.0
长+焦 0.0 0.136778055243 0.157894736842 0.45375180989 0.73399465556 0.189457200803 0.0 0.5 0.0 0.4 0.0204081632653 1.0 0.0
焦+镜头 0.0 0.136778055243 0.315789473684 0.45375180989 0.73399465556 0.192981852506 0.0 0.5 0.0952522844139 0.4 0.0204081632653 1.0 0.333333333333
30+分钟 0.0 0.187982502316 0.263157894737 0.701157489892 0.437034829728 0.206365770899 0.0 0.5 0.225375304671 1.0 0.0102040816327 1.0 0.0
第四+季度 0.0 0.090200838651 0.473684210526 0.330721065225 0.7349026993 0.287770364857 0.0 0.5 0.327679995181 0.2 0.0510204081633 1.0 0.333333333333
苹果+iPhoneX 0.0 0.141942820489 0.526315789474 0.565432330909 0.855472382606 0.314091759034 0.0 0.5 0.915559388907 0.2 0.0510204081633 1.0 0.333333333333
使用+周期 3.0 0.115296435547 0.473684210526 0.821630817689 0.161017713608 0.179206468092 0.0 0.5 0.456530113734 1.0 0.0204081632653 1.0 0.333333333333
测试+完成 0.0 0.26698682572 0.473684210526 1.0 0.0 0.0 0.0 0.5 0.220105701465 1.0 0.0 0.0 0.0
制造+成本 3.0 0.255516370668 0.473684210526 0.813323658774 0.402948298142 0.310178429534 0.020618556701 0.5 0.973972183953 1.0 0.030612244898 1.0 0.333333333333
全面+屏+设计 2.0 0.0630150704667 0.684210526316 0.264585269296 0.760130062409 0.215807000595 0.0 1.0 0.35429729774 0.1 0.102040816327 0.0 0.333333333333
iPhone8+和+iPhone8Plus 2.0 0.136778055243 1.0 0.643943094385 0.643350394579 0.186842052426 0.0 1.0 0.0 0.4 0.0204081632653 0.0 0.0
长+焦+镜头 2.0 0.136778055243 0.526315789474 0.45375180989 0.73399465556 0.189457200803 0.0 1.0 0.0952522844139 0.4 0.0204081632653 1.0 0.333333333333
