本次 0.0 0.249442499504 0.0714285714286 0.47514626138 0.824287333511 0.454646067143 0.0 0.0 0.0476794627904 0.25 0.161616161616 0.0 0.0
九寨沟+地震 0.0 0.274655103535 0.428571428571 0.0882116429375 0.940269838324 0.571824556725 0.506172839506 0.5 0.925560325034 0.015625 0.646464646465 1.0 0.666666666667
恢复+重建 2.0 0.387658222774 0.321428571429 0.495495145129 0.742914544226 0.403658526267 0.037037037037 0.5 0.150037995881 0.25 0.151515151515 0.0 0.0
四川省+阿坝 0.0 0.266018165375 0.428571428571 0.321174106722 0.857246209936 0.143180641593 0.0 0.5 0.15838581649 0.0625 0.191919191919 1.0 0.666666666667
阿坝+藏族 0.0 0.273647093156 0.321428571429 0.275560854033 0.935521982714 0.162647106134 0.0 0.5 0.122476853518 0.0625 0.151515151515 0.0 0.666666666667
藏族+羌族 0.0 0.273647093156 0.321428571429 0.275560854033 0.935521982714 0.112662213766 0.0 0.5 0.122970262348 0.0625 0.151515151515 0.0 0.666666666667
羌族+自治州 0.0 0.273647093156 0.428571428571 0.275560854033 0.935521982714 0.130407742938 0.0 0.5 0.122785893943 0.0625 0.151515151515 0.0 0.666666666667
自治州+九寨沟县 0.0 0.278275799328 0.642857142857 0.311363581986 0.905761618399 0.126935983488 0.0 0.5 0.172600659303 0.1 0.131313131313 0.0 0.666666666667
九寨沟县+发生 0.0 0.138293749162 0.535714285714 0.120023913305 0.901334497587 0.174874455681 0.0 0.5 0.248231338454 0.0357142857143 0.272727272727 0.0 0.333333333333
发生+7.0 0.0 0.146856654069 0.214285714286 0.129808312585 0.884397146296 0.224645999761 0.0 0.5 0.220647989114 0.0357142857143 0.424242424242 0.0 0.0
人员+伤亡 3.0 0.258708684681 0.321428571429 0.280169948078 0.897296675081 0.290763179055 0.0 0.5 0.149465784184 0.0625 0.191919191919 1.0 0.333333333333
经济+损失 3.0 0.326157571119 0.321428571429 0.253147824771 0.794429011954 0.339994318464 0.0246913580247 0.5 0.0933529376526 0.4375 0.0606060606061 1.0 0.666666666667
地震+灾区 0.0 0.293667630136 0.321428571429 0.230015363853 0.891978045519 0.517336001526 0.135802469136 0.5 0.813620818278 0.0357142857143 0.282828282828 1.0 0.666666666667
重建+工作 2.0 0.0894197613338 0.321428571429 0.422905201298 0.837364846019 0.221679443886 0.0123456790123 0.5 0.173128071309 0.4375 0.0707070707071 1.0 0.0
地质+灾害 3.0 0.285429639466 0.321428571429 0.432665993134 0.848098199613 0.482180608985 0.0123456790123 0.5 0.103601028458 0.25 0.191919191919 1.0 0.666666666667
灾害+防治 1.0 0.144386721862 0.321428571429 0.614535885523 0.565705674656 0.317290645143 0.0 0.5 0.0778197290462 0.4375 0.020202020202 1.0 0.333333333333
排+查 0.0 0.139698929316 0.107142857143 0.317095162657 0.870344261971 0.330842158831 0.0 0.5 0.0 0.15625 0.131313131313 1.0 0.0
应急+响应 0.0 0.184610358132 0.321428571429 0.305814450006 0.745398785695 0.342922125289 0.0123456790123 0.5 0.147079921756 0.4375 0.030303030303 1.0 0.0
次生+地质 0.0 0.0902686233445 0.321428571429 0.582957590813 0.65015950828 0.126139272938 0.0 0.5 0.0690762719864 0.4375 0.111111111111 0.0 0.333333333333
基础+设施 0.0 0.17814339436 0.321428571429 0.516748795817 0.768320594879 0.358222740877 0.0 0.5 0.0544458685705 0.25 0.111111111111 1.0 0.666666666667
发生+地震 0.0 0.116631054649 0.321428571429 0.23021297396 0.914630101188 0.396182970151 0.0246913580247 0.5 1.0 0.15625 0.111111111111 1.0 0.333333333333
过程+中 0.0 0.127912643767 0.214285714286 0.139533121027 0.911940385099 0.348455577478 0.0 0.5 0.0156144385643 0.25 0.0909090909091 1.0 0.333333333333
抢险+救灾 2.0 0.0992938946392 0.321428571429 0.178499486948 0.788410120022 0.37942279101 0.0 0.5 0.190516485588 0.15625 0.0909090909091 1.0 0.0
受灾+群众 0.0 0.222625639233 0.321428571429 0.243750663876 0.895725986575 0.40763985333 0.0 0.5 0.171754022927 0.15625 0.10101010101 1.0 0.333333333333
九寨沟县+漳扎镇 0.0 0.155575727302 0.642857142857 0.394073689392 0.780000012177 0.232067843066 0.0 0.5 0.391446675188 0.15625 0.171717171717 1.0 0.666666666667
绵阳市+平武县 0.0 0.17432893047 0.535714285714 0.372732625827 0.662043772219 0.129585998029 0.0 0.5 0.0574230408098 0.4375 0.0808080808081 1.0 0.666666666667
新浪+财经 0.0 0.125203953402 0.321428571429 0.169630589716 0.888798807241 0.0735411508313 0.0 0.5 0.0510261156329 0.1 0.222222222222 1.0 0.666666666667
财经+股吧 0.0 0.125203953402 0.321428571429 0.169630589716 0.888798807241 0.0507806088101 0.0 0.5 0.0518050964316 0.1 0.222222222222 0.0 0.666666666667
严重+破坏 0.0 0.108833477682 0.321428571429 0.616419848643 0.705138488798 0.22595593994 0.0123456790123 0.5 0.175577326424 0.25 0.0909090909091 1.0 0.0
九寨沟+发生 0.0 0.0947636417722 0.428571428571 0.193384403193 0.737504278564 0.246875448258 0.0123456790123 0.5 0.43368276181 0.1 0.121212121212 1.0 0.333333333333
九寨沟+景区 2.0 0.439837996181 0.428571428571 0.340093649089 0.959941372462 0.512765161345 0.0123456790123 0.5 0.518412213819 0.1 0.242424242424 1.0 0.666666666667
诺日朗+瀑布 0.0 0.28665053107 0.428571428571 0.509359426644 0.804559156774 0.417042030833 0.0 0.5 0.0695054545421 0.4375 0.10101010101 1.0 0.333333333333
地震+发生 0.0 0.318363871419 0.321428571429 0.143583447883 0.968062876087 0.367344197044 0.0123456790123 0.5 1.0 0.0357142857143 0.494949494949 1.0 0.333333333333
告诉+记者 0.0 0.176893573636 0.321428571429 0.316585416861 0.895870764336 0.294546720292 0.0 0.5 0.10757761246 0.1 0.10101010101 0.0 0.333333333333
副+主任 0.0 0.111678217718 0.214285714286 0.324424741559 0.83121852424 0.346318935114 0.0 0.5 0.0175066766398 0.25 0.121212121212 1.0 0.333333333333
原+标题 0.0 0.115763703098 0.214285714286 0.0465637028571 0.847599719929 0.161090394415 0.0 0.5 0.0212596037787 0.0357142857143 0.181818181818 1.0 0.333333333333
责任+编辑 0.0 0.118423672055 0.321428571429 0.0983816959484 0.849405351748 0.294227050566 0.0 0.5 0.0457869816872 0.1 0.191919191919 1.0 0.666666666667
地震+影响 0.0 0.129547366779 0.321428571429 0.362409785524 0.864105388821 0.337361668016 0.0123456790123 0.5 0.803197835471 0.0625 0.181818181818 1.0 0.333333333333
九寨沟+旅游 2.0 0.121207099406 0.428571428571 0.605381563136 0.758575310873 0.351718648754 0.0 0.5 0.445332243522 0.4375 0.0505050505051 1.0 0.333333333333
名+游客 0.0 0.156531392895 0.214285714286 0.55891295562 0.850704858013 0.435718429677 0.0 0.5 0.328202029467 0.1 0.0909090909091 1.0 0.333333333333
四川+九寨沟 0.0 0.245595767676 0.428571428571 0.148253007331 0.959109738274 0.362892437029 0.123456790123 0.5 0.427001418679 0.0357142857143 0.333333333333 1.0 0.666666666667
阿坝州+九寨沟县 1.0 0.142644399355 0.642857142857 0.192697518099 0.821138301519 0.211055282712 0.0 0.5 0.143711126747 0.0357142857143 0.262626262626 1.0 0.666666666667
第一+时间 0.0 0.230014580281 0.321428571429 0.211088454473 0.844168018854 0.538120956346 0.0 0.5 0.116345760424 0.0625 0.212121212121 1.0 0.333333333333
九寨沟+震区 0.0 0.131260106617 0.428571428571 0.300080508855 0.861352126569 0.295034406883 0.0493827160494 0.5 0.40841054277 0.25 0.0707070707071 1.0 0.666666666667
野生+大熊猫 2.0 0.14660664826 0.428571428571 0.717294813196 0.428174317173 0.406294607922 0.0123456790123 0.5 0.0137555334851 1.0 0.010101010101 1.0 0.333333333333
生态+环境 0.0 0.094535232641 0.321428571429 0.650652988194 0.59483438077 0.213948133245 0.0 0.5 0.0464662360711 0.4375 0.0808080808081 1.0 0.666666666667
高山+峡谷 0.0 0.0854294424409 0.321428571429 0.688165485935 0.560568018069 0.127549738322 0.0 0.5 0.0405470882312 0.4375 0.10101010101 1.0 0.666666666667
研究所+研究员 0.0 0.24414841607 0.535714285714 0.405162760631 0.814945430945 0.315379039151 0.0 0.5 0.0604694766896 0.15625 0.0808080808081 0.0 0.666666666667
黄龙+机场 0.0 0.16099369709 0.321428571429 0.394615414194 0.766190898932 0.330314679009 0.0246913580247 0.5 0.2645574258 0.1 0.0606060606061 1.0 0.666666666667
两+次 0.0 0.230080249337 0.107142857143 0.347902312362 0.749244725588 0.359375065818 0.0123456790123 0.5 0.0 0.25 0.121212121212 1.0 0.0
垮+塌 0.0 0.196251097446 0.107142857143 0.33395896872 0.947359027039 0.400086087784 0.0123456790123 0.5 0.0 0.1 0.121212121212 1.0 0.0
次生+灾害 3.0 0.186039986755 0.321428571429 0.313349588132 0.882280985879 0.397879076641 0.0123456790123 0.5 0.0846225267675 0.15625 0.10101010101 1.0 0.333333333333
震源+深度 0.0 0.159635963539 0.321428571429 0.311108593924 0.896099395582 0.269588176912 0.0 0.5 0.0719751344981 0.1 0.151515151515 1.0 0.666666666667
20+千米 0.0 0.0854294424409 0.178571428571 0.545555964105 0.719848578044 0.172106669554 0.0 0.5 0.10824685519 0.25 0.10101010101 1.0 0.0
青海+玉树 1.0 0.0854294424409 0.321428571429 0.64660800368 0.60348087385 0.112080070749 0.0 0.5 0.0478608689995 0.4375 0.10101010101 1.0 0.666666666667
地震+救援 3.0 0.127960922284 0.321428571429 0.579363866945 0.474934666904 0.280149222629 0.037037037037 0.5 0.785302280703 0.25 0.0707070707071 1.0 0.333333333333
九寨沟+法院 1.0 0.36558128532 0.428571428571 1.0 0.0 0.352819787837 0.0123456790123 0.5 0.372401261365 1.0 0.0 1.0 0.666666666667
抗震救灾+工作 0.0 0.224199991613 0.535714285714 0.352482505048 0.887664759605 0.371536840151 0.0 0.5 0.316437291646 0.1 0.0808080808081 1.0 0.0
工作+中 0.0 0.105939072414 0.214285714286 0.426667325981 0.708475612723 0.29109430547 0.0 0.5 0.172788422493 0.25 0.0606060606061 0.0 0.0
24+小时 0.0 0.141720192938 0.178571428571 0.359077124894 0.740827639446 0.354554132936 0.0123456790123 0.5 0.0804659565639 0.15625 0.0707070707071 1.0 0.333333333333
转移+安置 3.0 0.123395768138 0.321428571429 0.492599362247 0.802697037963 0.238870835346 0.0 0.5 0.119498142983 0.1 0.131313131313 1.0 0.0
救援+工作 2.0 0.157892322244 0.321428571429 0.24365007278 0.848038546502 0.379526691394 0.0 0.5 0.282169921303 0.1 0.141414141414 1.0 0.0
余+名 0.0 0.0845610204124 0.107142857143 0.450927294501 0.77411780025 0.37111696838 0.0 0.5 0.0 0.1 0.0808080808081 0.0 0.0
滞留+游客 3.0 0.112933934052 0.321428571429 0.449027903468 0.74573686803 0.313048787451 0.0123456790123 0.5 0.338771275256 0.15625 0.0505050505051 1.0 0.333333333333
新闻+发布会 0.0 0.146991809853 0.428571428571 0.464186864064 0.834443246615 0.369998229786 0.0 0.5 0.0542307782421 0.25 0.0909090909091 1.0 0.666666666667
地震+时 0.0 0.10450944487 0.214285714286 0.412822710598 0.865088794379 0.333911146424 0.0 0.5 0.779352010886 0.25 0.0808080808081 1.0 0.666666666667
次+地震 0.0 0.286598199241 0.214285714286 0.300220441768 0.932410743586 0.332049634178 0.0 0.5 0.779352010886 0.0625 0.393939393939 0.0 0.333333333333
地震+中 0.0 0.198231677315 0.214285714286 0.27452390108 0.972385817252 0.407859770996 0.0123456790123 0.5 0.779352010886 0.1 0.242424242424 1.0 0.333333333333
抗震救灾+指挥部 0.0 0.146991809853 0.642857142857 0.366249032735 0.85440230146 0.379205645865 0.0 0.5 0.143987813533 0.1 0.0909090909091 1.0 0.333333333333
四川+阿坝州 1.0 0.133835239629 0.428571428571 0.200203644726 0.811234455683 0.176222253001 0.0 0.5 0.19640903847 0.1 0.20202020202 1.0 0.666666666667
汶川+地震 1.0 0.248875786601 0.321428571429 0.398389149618 0.906080289534 0.415292859698 0.0123456790123 0.5 0.805284307552 0.15625 0.212121212121 1.0 0.666666666667
抢险+救援 2.0 0.105939072414 0.321428571429 0.546513317375 0.672695163794 0.316038971018 0.0 0.5 0.228745643794 0.25 0.0808080808081 1.0 0.0
生命+通道 0.0 0.0949281474786 0.321428571429 0.469117423609 0.761372718367 0.339013832629 0.0123456790123 0.5 0.141118798042 0.15625 0.0606060606061 1.0 0.666666666667
救援+人员 2.0 0.164354718241 0.321428571429 0.403976281277 0.749672473173 0.379613703236 0.0 0.5 0.235073265759 0.25 0.0808080808081 1.0 0.333333333333
名+遇难者 0.0 0.10450944487 0.321428571429 0.249618469569 0.465066605489 0.333192071837 0.0246913580247 0.5 0.0664201434941 0.25 0.0808080808081 0.0 0.333333333333
工作+人员 0.0 0.17814339436 0.321428571429 0.351592028257 0.875881087636 0.434016961156 0.0 0.5 0.298480189442 0.15625 0.111111111111 1.0 0.333333333333
灾区+道路 2.0 0.197929788799 0.321428571429 0.730604117879 0.549744822867 0.294322306008 0.0 0.5 0.419859452509 0.25 0.030303030303 1.0 0.666666666667
九寨沟+县城 0.0 0.172004622025 0.428571428571 0.284677259281 0.691719344432 0.32195364473 0.0123456790123 0.5 0.398805970567 0.25 0.0606060606061 1.0 0.666666666667
造成+25 0.0 0.108808172017 0.178571428571 0.50390477977 0.231349006726 0.103470837208 0.037037037037 0.5 0.15650104254 0.4375 0.040404040404 0.0 0.0
发生+6.6 0.0 0.0894197613338 0.214285714286 0.430178037544 0.688044099257 0.16967360304 0.0 0.5 0.220647989114 0.4375 0.0707070707071 0.0 0.0
6.6+级 0.0 0.131161508038 0.107142857143 0.429992761983 0.760933636815 0.210908397588 0.0 0.5 0.0 0.25 0.10101010101 1.0 0.0
新疆+精河 0.0 0.0998798476548 0.321428571429 0.58454047574 0.686087052186 0.238538227173 0.0123456790123 0.5 0.063979291404 0.4375 0.0808080808081 1.0 0.666666666667
中国+地震局 2.0 0.363248177567 0.428571428571 0.389951365968 0.896000960433 0.360662051699 0.0 0.5 0.146670388613 0.15625 0.222222222222 1.0 0.666666666667
我国+地震 0.0 0.204480710863 0.321428571429 0.713859065344 0.427692238113 0.302717502922 0.0123456790123 0.5 0.833350512226 1.0 0.0707070707071 1.0 0.666666666667
中国+地震 0.0 0.181493243714 0.321428571429 0.391499716249 0.806035604303 0.243073273902 0.0 0.5 0.884045353216 0.1 0.323232323232 1.0 0.666666666667
地震+台网 0.0 0.240954141889 0.321428571429 0.325343886926 0.836066199561 0.31271064827 0.0246913580247 0.5 0.819377698801 0.25 0.171717171717 1.0 0.666666666667
台网+中心 0.0 0.160568440157 0.321428571429 0.549763586491 0.710994148534 0.241334216212 0.0 0.5 0.0799399103978 1.0 0.111111111111 1.0 0.666666666667
地震局+地质 0.0 0.18301554696 0.428571428571 0.50813382887 0.820758133025 0.137973082932 0.0 0.5 0.120076948056 0.25 0.0606060606061 0.0 0.666666666667
地质+研究所 0.0 0.18301554696 0.428571428571 0.50813382887 0.820758133025 0.157700435703 0.0 0.5 0.0807426072364 0.25 0.0606060606061 1.0 0.666666666667
本次+地震 0.0 0.220441899335 0.321428571429 0.500678827399 0.804767323668 0.284303090678 0.0 0.5 0.788334279447 0.25 0.151515151515 0.0 0.333333333333
连续+发生 0.0 0.127960922284 0.321428571429 0.703418988801 0.494761382022 0.193442118436 0.0 0.5 0.239011202705 1.0 0.0606060606061 1.0 0.0
地震+专家 0.0 0.0854294424409 0.321428571429 0.413985801281 0.72112687638 0.229709052431 0.0 0.5 0.810546030985 0.25 0.10101010101 1.0 0.666666666667
地震+活动 1.0 0.414244970602 0.321428571429 0.724426072082 0.409082034947 0.368128557246 0.0123456790123 0.5 0.837017976971 1.0 0.0606060606061 1.0 0.333333333333
6.5+级 0.0 0.107843577548 0.107142857143 0.628804581809 0.648281054359 0.139376461534 0.0 0.5 0.0 0.4375 0.111111111111 1.0 0.0
地震+灾害 0.0 0.139698929316 0.321428571429 0.386905655564 0.915664783127 0.39597291696 0.0 0.5 0.812704809558 0.15625 0.131313131313 1.0 0.666666666667
灾区+捐款 3.0 0.116949997349 0.321428571429 0.576799693034 0.435065516122 0.238178881493 0.0493827160494 0.5 0.300347372184 0.25 0.0606060606061 0.0 0.333333333333
中国+经济 0.0 0.175200091723 0.321428571429 1.0 0.0 0.173123956216 0.0 0.5 0.151352696559 0.4375 0.010101010101 0.0 0.666666666667
经济+周刊 0.0 0.175200091723 0.321428571429 1.0 0.0 0.109121608115 0.0 0.5 0.0466593542292 1.0 0.0 0.0 0.333333333333
四川+省政府 0.0 0.112868681799 0.428571428571 0.0907307666463 0.692734371192 0.200987821217 0.0 0.5 0.211590551809 0.25 0.10101010101 1.0 0.666666666667
省政府+新闻办 0.0 0.10372226868 0.535714285714 0.0907307666463 0.692734371192 0.166821478797 0.0 0.5 0.0899578612087 0.25 0.10101010101 0.0 0.333333333333
人口+密度 1.0 0.0854294424409 0.321428571429 0.692845951487 0.649445667223 0.100227681453 0.0 0.5 0.0586324420716 0.4375 0.10101010101 0.0 0.666666666667
澎湃+新闻 0.0 0.108808172017 0.321428571429 0.179286594919 0.452278424548 0.226523407449 0.0 0.5 0.0600543572809 0.15625 0.0707070707071 1.0 0.333333333333
薇+美姿 0.0 0.194238211083 0.214285714286 1.0 0.0 0.236558674284 0.0123456790123 0.5 0.0 1.0 0.0 1.0 0.333333333333
四川省+地震 0.0 0.112868681799 0.428571428571 0.606953875063 0.629238479175 0.155670418271 0.0 0.5 0.824407644954 0.4375 0.121212121212 1.0 0.666666666667
台+站 0.0 0.211249219467 0.107142857143 0.608468042972 0.523913485008 0.370632855332 0.0 0.5 0.0 1.0 0.030303030303 1.0 0.0
地震+监测 2.0 0.197929788799 0.321428571429 0.608468042972 0.523913485008 0.30384367016 0.0 0.5 0.815035293437 1.0 0.030303030303 1.0 0.333333333333
四川省+地震局 1.0 0.133606026795 0.535714285714 0.560011444455 0.602353960648 0.281692388442 0.0 0.5 0.17805516292 0.4375 0.0505050505051 1.0 0.666666666667
短+时间 0.0 0.108808172017 0.214285714286 0.649459901398 0.370848673937 0.185996600664 0.0123456790123 0.5 0.0520582036429 0.4375 0.040404040404 1.0 0.333333333333
18295+平方 0.0 0.0998798476548 0.285714285714 0.793794369507 0.454689500142 0.0507806088101 0.0 0.5 0.0752686019792 1.0 0.0707070707071 1.0 0.0
造成+四川省 0.0 0.0894197613338 0.428571428571 0.793794369507 0.454689500142 0.0507806088101 0.0 0.5 0.176769230598 1.0 0.0707070707071 0.0 0.333333333333
县+受灾 0.0 0.120800020296 0.214285714286 0.793794369507 0.454689500142 0.121434482357 0.0 0.5 0.0864428231525 1.0 0.0707070707071 0.0 0.333333333333
建筑+抗震 2.0 0.116631054649 0.321428571429 0.749054287201 0.546852036651 0.0750053692425 0.0 0.5 0.208269230297 1.0 0.111111111111 0.0 0.333333333333
抗震+设防 2.0 0.318743027985 0.321428571429 0.749054287201 0.546852036651 0.242028466463 0.0 0.5 0.228536755072 1.0 0.111111111111 0.0 0.0
设防+水平 0.0 0.169355917258 0.321428571429 0.749054287201 0.546852036651 0.148983336941 0.0 0.5 0.139186540543 1.0 0.111111111111 1.0 0.333333333333
农村+民居 0.0 0.0845610204124 0.321428571429 0.786130985374 0.47549831074 0.116811544415 0.0 0.5 0.0529147149372 1.0 0.0808080808081 1.0 0.666666666667
民居+抗震 0.0 0.0845610204124 0.321428571429 0.786130985374 0.47549831074 0.105770531073 0.0 0.5 0.149985397878 1.0 0.0808080808081 0.0 0.333333333333
震区+属于 0.0 0.0802147285537 0.321428571429 0.766047691297 0.49740687328 0.0930398663233 0.0 0.5 0.0784200359054 1.0 0.0909090909091 1.0 0.333333333333
属于+高山 0.0 0.0802147285537 0.321428571429 0.766047691297 0.49740687328 0.104947807209 0.0 0.5 0.0396227357646 1.0 0.0909090909091 0.0 0.333333333333
地震+引发 0.0 0.0897543115962 0.321428571429 0.766047691297 0.49740687328 0.0810836262731 0.0123456790123 0.5 0.802949621123 1.0 0.0909090909091 1.0 0.333333333333
人员+转移 3.0 0.0945758555602 0.321428571429 0.676981096437 0.64770085047 0.124119435202 0.0 0.5 0.244850714292 0.4375 0.10101010101 0.0 0.333333333333
安置+难度 0.0 0.0802147285537 0.321428571429 0.766047691297 0.49740687328 0.0507806088101 0.0 0.5 0.0460860769248 1.0 0.0909090909091 1.0 0.333333333333
地震局+现场 0.0 0.0845610204124 0.428571428571 0.760876297872 0.482130615712 0.136412645845 0.0 0.5 0.112947335986 1.0 0.0808080808081 0.0 0.666666666667
现场+工作队 0.0 0.0897543115962 0.428571428571 0.664034081223 0.594926114464 0.161777995498 0.0 0.5 0.0598888884231 0.4375 0.0909090909091 1.0 0.666666666667
区+涉及 0.0 0.0949281474786 0.214285714286 0.804342455492 0.40050338464 0.148739011423 0.0 0.5 0.0489647335982 1.0 0.0606060606061 0.0 0.333333333333
涉及+四川省 0.0 0.227059246701 0.428571428571 0.804342455492 0.40050338464 0.133729452676 0.0 0.5 0.155510039257 1.0 0.0606060606061 0.0 0.333333333333
建筑物+损毁 0.0 0.0992938946392 0.428571428571 0.745574666108 0.518022073396 0.13207265584 0.0 0.5 0.126076503276 1.0 0.0909090909091 1.0 0.333333333333
损毁+程度 0.0 0.0992938946392 0.321428571429 0.745574666108 0.518022073396 0.13207265584 0.0 0.5 0.0984705488286 1.0 0.0909090909091 1.0 0.333333333333
远+低于 0.0 0.0897543115962 0.214285714286 0.745574666108 0.518022073396 0.116880175552 0.0 0.5 0.0239093428906 1.0 0.0909090909091 1.0 0.0
低于+青海 0.0 0.0802147285537 0.321428571429 0.745574666108 0.518022073396 0.0691105828979 0.0 0.5 0.0423593030928 1.0 0.0909090909091 0.0 0.333333333333
玉树+7.1级 0.0 0.0802147285537 0.321428571429 0.745574666108 0.518022073396 0.0507806088101 0.0 0.5 0.0294109087973 1.0 0.0909090909091 0.0 0.333333333333
四川+芦山 0.0 0.0802147285537 0.321428571429 0.745574666108 0.518022073396 0.0745964905818 0.0 0.5 0.174728302878 1.0 0.0909090909091 1.0 0.666666666667
芦山+7.0级 0.0 0.0802147285537 0.321428571429 0.745574666108 0.518022073396 0.0850168835772 0.0 0.5 0.0293924450547 1.0 0.0909090909091 0.0 0.333333333333
云南+鲁甸 0.0 0.0989410263714 0.321428571429 0.505923879089 0.766334890222 0.165934841183 0.0 0.5 0.0383918075171 0.25 0.131313131313 1.0 0.666666666667
鲁甸+6.5 0.0 0.0992938946392 0.214285714286 0.766047691297 0.49740687328 0.0744909478141 0.0 0.5 0.021898413131 1.0 0.0909090909091 0.0 0.333333333333
区域+设防 0.0 0.094535232641 0.321428571429 0.799993052949 0.474887235851 0.0507806088101 0.0 0.5 0.141707186875 1.0 0.0808080808081 0.0 0.333333333333
设防+烈度 0.0 0.094535232641 0.321428571429 0.799993052949 0.474887235851 0.0619395710932 0.0 0.5 0.189834628017 1.0 0.0808080808081 1.0 0.333333333333
震区+房屋 0.0 0.10372226868 0.321428571429 0.762721797934 0.524652344915 0.0507806088101 0.0 0.5 0.202116139333 1.0 0.10101010101 1.0 0.666666666667
房屋+建筑 2.0 0.107843577548 0.321428571429 0.749054287201 0.546852036651 0.0928676999238 0.0 0.5 0.223435080107 1.0 0.111111111111 1.0 0.666666666667
抗震+性能 1.0 0.250064878592 0.321428571429 0.762721797934 0.524652344915 0.161996930881 0.0 0.5 0.181039085364 1.0 0.10101010101 1.0 0.333333333333
性能+总体 0.0 0.0845610204124 0.321428571429 0.799993052949 0.474887235851 0.0507806088101 0.0 0.5 0.113490836787 1.0 0.0808080808081 0.0 0.666666666667
地震+恢复 2.0 0.0990561004462 0.321428571429 0.690991534071 0.582829394107 0.0874110567509 0.0123456790123 0.5 0.809309653096 0.4375 0.111111111111 0.0 0.333333333333
新建+建筑 0.0 0.0854294424409 0.321428571429 0.762721797934 0.524652344915 0.0507806088101 0.0 0.5 0.104302082217 1.0 0.10101010101 1.0 0.333333333333
建筑+达到 0.0 0.0854294424409 0.321428571429 0.762721797934 0.524652344915 0.0507806088101 0.0 0.5 0.12607624612 1.0 0.10101010101 0.0 0.333333333333
设防+要求 0.0 0.0854294424409 0.321428571429 0.762721797934 0.524652344915 0.0507806088101 0.0 0.5 0.123077387594 1.0 0.10101010101 0.0 0.0
经受+住 0.0 0.134432081555 0.214285714286 0.799993052949 0.474887235851 0.162849102832 0.0246913580247 0.5 0.027585518804 1.0 0.0808080808081 0.0 0.0
城镇+建筑物 0.0 0.0854294424409 0.428571428571 0.762721797934 0.524652344915 0.058765701707 0.0 0.5 0.100737335994 1.0 0.10101010101 0.0 0.666666666667
框架+结构 0.0 0.112868681799 0.321428571429 0.762721797934 0.524652344915 0.127670740395 0.0 0.5 0.0583817391851 1.0 0.10101010101 1.0 0.666666666667
乡村+传统 0.0 0.0854294424409 0.321428571429 0.762721797934 0.524652344915 0.0507806088101 0.0 0.5 0.046031235131 1.0 0.10101010101 1.0 0.666666666667
采用+穿斗 0.0 0.0854294424409 0.321428571429 0.762721797934 0.524652344915 0.0507806088101 0.0 0.5 0.0624444195859 1.0 0.10101010101 0.0 0.0
穿斗+木结构 0.0 0.0854294424409 0.428571428571 0.762721797934 0.524652344915 0.0507806088101 0.0 0.5 0.0405553664957 1.0 0.10101010101 1.0 0.333333333333
房屋+倒塌 1.0 0.142993485954 0.321428571429 0.706019179756 0.645072876836 0.144794795877 0.0 0.5 0.173919996983 0.4375 0.111111111111 1.0 0.333333333333
严重+损毁 0.0 0.122015094919 0.321428571429 0.762721797934 0.524652344915 0.088686147389 0.0 0.5 0.129573492243 1.0 0.10101010101 1.0 0.0
建筑+设计 2.0 0.110339933975 0.321428571429 0.808594417031 0.425986549372 0.166135255468 0.0 0.5 0.105763063057 1.0 0.0707070707071 1.0 0.333333333333
宣传+教育 0.0 0.0894197613338 0.321428571429 0.808594417031 0.425986549372 0.0676354363987 0.0 0.5 0.0371830741453 1.0 0.0707070707071 0.0 0.0
景区+人口 0.0 0.0897543115962 0.321428571429 0.766047691297 0.49740687328 0.0788615421112 0.0 0.5 0.146143057158 1.0 0.0909090909091 1.0 0.666666666667
人口+集中 0.0 0.0897543115962 0.321428571429 0.766047691297 0.49740687328 0.0507806088101 0.0 0.5 0.0603161951445 1.0 0.0909090909091 0.0 0.333333333333
区域+村寨 0.0 0.0897543115962 0.321428571429 0.766047691297 0.49740687328 0.0507806088101 0.0 0.5 0.0685906775016 1.0 0.0909090909091 1.0 0.666666666667
村寨+稀疏 0.0 0.0897543115962 0.321428571429 0.766047691297 0.49740687328 0.0507806088101 0.0 0.5 0.0478188551496 1.0 0.0909090909091 0.0 0.333333333333
总体+人口 0.0 0.0802147285537 0.321428571429 0.766047691297 0.49740687328 0.0507806088101 0.0 0.5 0.100513324452 1.0 0.0909090909091 1.0 0.666666666667
地震+震级 2.0 0.094535232641 0.321428571429 0.759353025002 0.485812652646 0.132944010558 0.0 0.5 0.784444513879 1.0 0.0808080808081 1.0 0.666666666667
道路+交通 3.0 0.136833737616 0.321428571429 0.396452286777 0.826156256562 0.233575829194 0.0 0.5 0.257193687583 0.15625 0.151515151515 0.0 0.666666666667
九寨沟+诺日朗 0.0 0.0845610204124 0.535714285714 0.622857252281 0.639620949264 0.168705675234 0.0 0.5 0.398177239946 0.4375 0.0808080808081 1.0 0.333333333333
活动+水平 0.0 0.194461684187 0.321428571429 0.780731733253 0.374952057998 0.213558318368 0.0 0.5 0.0787286828761 1.0 0.0505050505051 0.0 0.333333333333
级+地震烈度 0.0 0.159521219844 0.428571428571 0.709371875038 0.535434577483 0.165953791356 0.037037037037 0.5 0.0677727644103 0.4375 0.0505050505051 0.0 0.333333333333
地震烈度+图 3.0 0.232797445907 0.428571428571 0.833185442475 0.357550537269 0.215520869722 0.0617283950617 0.5 0.0677727644103 1.0 0.040404040404 1.0 0.666666666667
大部分+房屋 0.0 0.14660664826 0.428571428571 0.995896434315 0.0127180490249 0.249504131464 0.0246913580247 0.5 0.16880205144 1.0 0.010101010101 1.0 0.333333333333
名+队员 0.0 0.1245807555 0.214285714286 0.603950300539 0.652317006931 0.294069368408 0.0 0.5 0.0245002093907 0.4375 0.0505050505051 0.0 0.333333333333
进入+灾区 0.0 0.0992938946392 0.321428571429 0.47391313805 0.850690204867 0.301336470269 0.0 0.5 0.317383977477 0.25 0.0909090909091 0.0 0.333333333333
甘肃省+陇南市 0.0 0.116949997349 0.535714285714 0.599384391869 0.581496804525 0.127736508228 0.0 0.5 0.0551732774232 0.4375 0.0606060606061 1.0 0.666666666667
陇南市+文县 0.0 0.108808172017 0.428571428571 0.850900229656 0.257170080466 0.0507806088101 0.0 0.5 0.0369033462224 1.0 0.040404040404 0.0 0.666666666667
甘南+藏族 0.0 0.116949997349 0.321428571429 0.599384391869 0.581496804525 0.10010136835 0.0 0.5 0.0890881671853 0.4375 0.0606060606061 0.0 0.666666666667
藏族+自治州 0.0 0.116949997349 0.428571428571 0.599384391869 0.581496804525 0.105666804711 0.0 0.5 0.141088316969 0.4375 0.0606060606061 0.0 0.666666666667
自治州+舟曲县 0.0 0.108808172017 0.535714285714 0.850900229656 0.257170080466 0.0507806088101 0.0 0.5 0.0889045392126 1.0 0.040404040404 0.0 0.666666666667
余震+总数 3.0 0.108808172017 0.321428571429 0.593089600311 0.222561268248 0.136139620226 0.037037037037 0.5 0.153167337085 1.0 0.040404040404 1.0 0.666666666667
三峡+工程 3.0 0.232797445907 0.321428571429 0.870875082249 0.213233558325 0.274547001026 0.037037037037 0.5 0.0549104835937 1.0 0.040404040404 1.0 0.666666666667
我国+大陆 0.0 0.158403881573 0.321428571429 0.870875082249 0.213233558325 0.256715890628 0.0 0.5 0.0720646333111 1.0 0.040404040404 1.0 0.666666666667
发生+强震 0.0 0.131332635464 0.321428571429 0.880517417465 0.178926045292 0.170021446606 0.0 0.5 0.238715803714 1.0 0.030303030303 0.0 0.333333333333
地震+平静 0.0 0.108808172017 0.321428571429 0.870875082249 0.213233558325 0.112681947189 0.0 0.5 0.789467069435 1.0 0.040404040404 0.0 0.333333333333
水库+地震 0.0 0.118013204797 0.321428571429 0.872420214097 0.202283908166 0.221633320948 0.0 0.5 0.829358907405 1.0 0.030303030303 1.0 0.666666666667
转移+疏散 3.0 0.0949281474786 0.321428571429 0.555600790202 0.745288625315 0.275603658706 0.0 0.5 0.245092597716 0.15625 0.0606060606061 0.0 0.0
301+省道 0.0 0.118013204797 0.214285714286 0.554721723062 0.54463211425 0.301658886511 0.0 0.5 0.319130757063 0.4375 0.030303030303 1.0 0.333333333333
中国+扶贫 0.0 0.277846372802 0.321428571429 0.960891263825 0.148377238624 0.232583032917 0.0246913580247 0.5 0.104793850929 1.0 0.030303030303 0.0 0.333333333333
扶贫+基金会 1.0 0.277846372802 0.428571428571 0.960891263825 0.148377238624 0.239698871093 0.0246913580247 0.5 0.0613807564836 1.0 0.030303030303 1.0 0.333333333333
捐款+700万 1.0 0.224568650134 0.321428571429 0.960891263825 0.148377238624 0.22857639186 0.0246913580247 0.5 0.081896699714 1.0 0.030303030303 0.0 0.0
苹果+公司 1.0 0.224568650134 0.321428571429 0.960891263825 0.148377238624 0.280952111258 0.0246913580247 0.5 0.0817661405185 1.0 0.030303030303 1.0 0.666666666667
700万+元 0.0 0.197929788799 0.214285714286 0.960891263825 0.148377238624 0.181683854002 0.0246913580247 0.5 0.0257845826153 1.0 0.030303030303 1.0 0.0
支持+中国 0.0 0.118013204797 0.321428571429 0.960891263825 0.148377238624 0.132189206873 0.0 0.5 0.117603082827 1.0 0.030303030303 0.0 0.333333333333
公安+交管 0.0 0.211321748313 0.321428571429 1.0 0.0 0.276333103933 0.0 0.5 0.142687811443 1.0 0.010101010101 0.0 0.333333333333
交管+部门 1.0 0.231423716626 0.321428571429 0.724175802212 0.371371306395 0.333963634758 0.0 0.5 0.181009687412 1.0 0.020202020202 1.0 0.333333333333
司+女士 0.0 0.213276330442 0.214285714286 1.0 0.0 0.259814726853 0.0 0.5 0.0475729770443 1.0 0.0 1.0 0.666666666667
四川省+阿坝+藏族 0.0 0.266018165375 0.678571428571 0.321174106722 0.857246209936 0.143180641593 0.0 1.0 0.229022159177 0.1 0.111111111111 0.0 1.0
阿坝+藏族+羌族 0.0 0.273647093156 0.571428571429 0.275560854033 0.935521982714 0.162647106134 0.0 1.0 0.174810773179 0.0625 0.151515151515 0.0 1.0
藏族+羌族+自治州 0.0 0.273647093156 0.678571428571 0.275560854033 0.935521982714 0.112662213766 0.0 1.0 0.19342223663 0.0625 0.151515151515 1.0 1.0
羌族+自治州+九寨沟县 1.0 0.278275799328 0.892857142857 0.311363581986 0.905761618399 0.110913921264 0.0 1.0 0.224934578963 0.1 0.131313131313 0.0 1.0
九寨沟县+发生+7.0 0.0 0.133022217007 0.678571428571 0.117398264993 0.880457565849 0.150704164956 0.0 1.0 0.248231338454 0.0357142857143 0.232323232323 0.0 0.333333333333
发生+7.0+级 0.0 0.146856654069 0.357142857143 0.129808312585 0.884397146296 0.224645999761 0.0 1.0 0.220647989114 0.0357142857143 0.424242424242 0.0 0.0
次生+地质+灾害 3.0 0.0902686233445 0.571428571429 0.582957590813 0.65015950828 0.126139272938 0.0 1.0 0.118029787181 0.4375 0.111111111111 1.0 0.666666666667
自治州+九寨沟县+漳扎镇 0.0 0.120800020296 1.0 0.634295909783 0.518646159161 0.0638524423981 0.0 1.0 0.395090941023 0.4375 0.0707070707071 0.0 1.0
新浪+财经+股吧 0.0 0.125203953402 0.571428571429 0.169630589716 0.888798807241 0.0735411508313 0.0 1.0 0.075895219883 0.1 0.222222222222 0.0 1.0
级+地震+发生 0.0 0.124481354409 0.464285714286 0.136208387668 0.884487085637 0.190208494208 0.0 1.0 1.0 0.1 0.161616161616 0.0 0.333333333333
九寨沟+地震+灾区 0.0 0.157892322244 0.678571428571 0.234561800123 0.819085306447 0.34870605611 0.111111111111 1.0 0.959829132425 0.1 0.141414141414 1.0 1.0
阿坝州+九寨沟县+发生 0.0 0.12000138789 0.892857142857 0.168313549389 0.758600695209 0.143466726973 0.0 1.0 0.270909024374 0.0625 0.171717171717 0.0 0.666666666667
四川+九寨沟+7.0 0.0 0.212249348867 0.571428571429 0.19133039048 0.927551246522 0.234525000839 0.0740740740741 1.0 0.427001418679 0.1 0.181818181818 0.0 0.666666666667
地震+对+九寨沟 0.0 0.146991809853 0.571428571429 0.613700573366 0.641470305182 0.253268529723 0.0 1.0 0.925560325034 0.4375 0.0909090909091 0.0 0.666666666667
次+地震+中 0.0 0.10450944487 0.357142857143 0.651375084559 0.570820369459 0.0891078816479 0.0 1.0 0.779352010886 0.25 0.0909090909091 0.0 0.333333333333
四川+阿坝州+九寨沟县 1.0 0.129547366779 0.892857142857 0.225783822445 0.794797219215 0.162386125954 0.0 1.0 0.256464280674 0.15625 0.181818181818 0.0 1.0
发生+6.6+级 0.0 0.0894197613338 0.357142857143 0.430178037544 0.688044099257 0.16967360304 0.0 1.0 0.220647989114 0.4375 0.0707070707071 0.0 0.0
6.6+级+地震 0.0 0.131161508038 0.357142857143 0.429992761983 0.760933636815 0.210908397588 0.0 1.0 0.779352010886 0.25 0.10101010101 0.0 0.333333333333
中国+地震+台网 0.0 0.165759296067 0.571428571429 0.391499716249 0.806035604303 0.202321654255 0.0 1.0 0.924071041131 0.4375 0.141414141414 0.0 1.0
地震+台网+中心 0.0 0.149454334278 0.571428571429 0.535528017192 0.727107638994 0.17463350034 0.0 1.0 0.859291921284 1.0 0.10101010101 0.0 1.0
中国+地震局+地质 0.0 0.18301554696 0.678571428571 0.50813382887 0.820758133025 0.130892643894 0.0 1.0 0.195237479408 0.25 0.0606060606061 0.0 1.0
地震局+地质+研究所 0.0 0.18301554696 0.785714285714 0.50813382887 0.820758133025 0.137973082932 0.0 1.0 0.152252464498 0.25 0.0606060606061 0.0 1.0
两+次+地震 0.0 0.162640365579 0.357142857143 0.656613901979 0.56175131167 0.18943033592 0.0 1.0 0.779352010886 1.0 0.0707070707071 0.0 0.333333333333
地质+研究所+研究员 0.0 0.133606026795 0.785714285714 0.612620788719 0.623712048707 0.112659134534 0.0 1.0 0.109036567484 0.25 0.040404040404 0.0 1.0
25+人+死亡 2.0 0.101287112604 0.321428571429 0.240273896862 0.329603798342 0.101070143079 0.037037037037 1.0 0.145795566552 0.25 0.0505050505051 0.0 0.333333333333
中国+经济+周刊 0.0 0.175200091723 0.571428571429 1.0 0.0 0.173123956216 0.0 1.0 0.151352696559 1.0 0.0 0.0 0.666666666667
四川+省政府+新闻办 0.0 0.10372226868 0.785714285714 0.0907307666463 0.692734371192 0.185767410898 0.0 1.0 0.264058972613 0.25 0.10101010101 0.0 0.666666666667
总面积+为+18295 0.0 0.0998798476548 0.535714285714 0.793794369507 0.454689500142 0.0786031839002 0.0 1.0 0.0405578702869 1.0 0.0707070707071 0.0 0.333333333333
平方+千+米 0.0 0.298621487749 0.357142857143 0.793794369507 0.454689500142 0.144232618474 0.0 1.0 0.054989633445 1.0 0.0707070707071 0.0 0.0
建筑+抗震+设防 1.0 0.116631054649 0.571428571429 0.749054287201 0.546852036651 0.0750053692425 0.0 1.0 0.308926811308 1.0 0.111111111111 0.0 0.333333333333
抗震+设防+水平 1.0 0.134206008852 0.571428571429 0.749054287201 0.546852036651 0.103276064889 0.0 1.0 0.267065714604 1.0 0.111111111111 1.0 0.333333333333
农村+民居+抗震 0.0 0.0845610204124 0.571428571429 0.786130985374 0.47549831074 0.116811544415 0.0 1.0 0.180793888998 1.0 0.0808080808081 0.0 0.666666666667
民居+抗震+设防 1.0 0.0845610204124 0.571428571429 0.786130985374 0.47549831074 0.105770531073 0.0 1.0 0.250642978889 1.0 0.0808080808081 0.0 0.333333333333
震区+属于+高山 0.0 0.0802147285537 0.571428571429 0.766047691297 0.49740687328 0.0930398663233 0.0 1.0 0.0986938512269 1.0 0.0909090909091 0.0 0.666666666667
属于+高山+峡谷 0.0 0.0802147285537 0.571428571429 0.766047691297 0.49740687328 0.104947807209 0.0 1.0 0.0598960086743 1.0 0.0909090909091 0.0 0.666666666667
引发+的+次生 0.0 0.0802147285537 0.464285714286 0.766047691297 0.49740687328 0.0507806088101 0.0 1.0 0.0784638548902 1.0 0.0909090909091 0.0 0.0
增加+了+救援 0.0 0.0802147285537 0.464285714286 0.766047691297 0.49740687328 0.0507806088101 0.0 1.0 0.109717908805 1.0 0.0909090909091 0.0 0.0
救援+和+人员 0.0 0.0802147285537 0.464285714286 0.766047691297 0.49740687328 0.0507806088101 0.0 1.0 0.235073265759 1.0 0.0909090909091 0.0 0.333333333333
人员+转移+安置 3.0 0.0802147285537 0.571428571429 0.766047691297 0.49740687328 0.0507806088101 0.0 1.0 0.245189909932 1.0 0.0909090909091 0.0 0.333333333333
转移+安置+难度 0.0 0.0802147285537 0.571428571429 0.766047691297 0.49740687328 0.0507806088101 0.0 1.0 0.119834842414 1.0 0.0909090909091 1.0 0.333333333333
中国+地震局+现场 0.0 0.0845610204124 0.678571428571 0.760876297872 0.482130615712 0.104483259579 0.0 1.0 0.188107867338 1.0 0.0808080808081 0.0 1.0
涉及+四川省+阿坝 0.0 0.227059246701 0.678571428571 0.804342455492 0.40050338464 0.133729452676 0.0 1.0 0.207350550088 1.0 0.0606060606061 0.0 0.666666666667
建筑物+损毁+程度 1.0 0.0992938946392 0.678571428571 0.745574666108 0.518022073396 0.13207265584 0.0 1.0 0.171638232271 1.0 0.0909090909091 0.0 0.666666666667
远+低于+青海 0.0 0.0802147285537 0.464285714286 0.745574666108 0.518022073396 0.0691105828979 0.0 1.0 0.0423593030928 1.0 0.0909090909091 0.0 0.333333333333
低于+青海+玉树 0.0 0.0802147285537 0.571428571429 0.745574666108 0.518022073396 0.0691105828979 0.0 1.0 0.0717702118901 1.0 0.0909090909091 0.0 0.666666666667
青海+玉树+7.1级 0.0 0.0802147285537 0.571428571429 0.745574666108 0.518022073396 0.0691105828979 0.0 1.0 0.0478608689995 1.0 0.0909090909091 0.0 0.666666666667
鲁甸+6.5+级 0.0 0.0992938946392 0.357142857143 0.766047691297 0.49740687328 0.0744909478141 0.0 1.0 0.021898413131 1.0 0.0909090909091 0.0 0.333333333333
6.5+级+地震 0.0 0.0992938946392 0.357142857143 0.766047691297 0.49740687328 0.079282653682 0.0 1.0 0.779352010886 1.0 0.0909090909091 0.0 0.333333333333
区域+设防+烈度 0.0 0.094535232641 0.571428571429 0.799993052949 0.474887235851 0.0507806088101 0.0 1.0 0.23088423388 1.0 0.0808080808081 0.0 0.666666666667
震区+房屋+建筑 2.0 0.10372226868 0.571428571429 0.762721797934 0.524652344915 0.0507806088101 0.0 1.0 0.28250619557 1.0 0.10101010101 0.0 1.0
房屋+建筑+抗震 1.0 0.10372226868 0.571428571429 0.762721797934 0.524652344915 0.0507806088101 0.0 1.0 0.351314254168 1.0 0.10101010101 0.0 0.666666666667
抗震+性能+总体 0.0 0.0845610204124 0.571428571429 0.799993052949 0.474887235851 0.0507806088101 0.0 1.0 0.241370010848 1.0 0.0808080808081 0.0 0.666666666667
汶川+地震+恢复 0.0 0.0990561004462 0.571428571429 0.690991534071 0.582829394107 0.0768625972939 0.0123456790123 1.0 0.835241949763 0.4375 0.111111111111 0.0 0.666666666667
地震+恢复+重建 3.0 0.0990561004462 0.571428571429 0.690991534071 0.582829394107 0.0874110567509 0.0123456790123 1.0 0.835227559068 0.4375 0.111111111111 0.0 0.333333333333
新建+建筑+达到 0.0 0.0854294424409 0.571428571429 0.762721797934 0.524652344915 0.0507806088101 0.0 1.0 0.1499882721 1.0 0.10101010101 0.0 0.333333333333
达到+了+抗震 0.0 0.0854294424409 0.464285714286 0.762721797934 0.524652344915 0.0507806088101 0.0 1.0 0.173565363944 1.0 0.10101010101 0.0 0.0
抗震+设防+要求 0.0 0.0854294424409 0.571428571429 0.762721797934 0.524652344915 0.0507806088101 0.0 1.0 0.250956561655 1.0 0.10101010101 1.0 0.0
景区+及+城镇 0.0 0.0854294424409 0.464285714286 0.762721797934 0.524652344915 0.058765701707 0.0 1.0 0.146141907777 1.0 0.10101010101 0.0 0.666666666667
建筑物+多+采用 0.0 0.0854294424409 0.571428571429 0.762721797934 0.524652344915 0.0507806088101 0.0 1.0 0.115334654428 1.0 0.10101010101 0.0 0.333333333333
采用+了+框架 0.0 0.0854294424409 0.464285714286 0.762721797934 0.524652344915 0.0507806088101 0.0 1.0 0.0679255336282 1.0 0.10101010101 0.0 0.333333333333
采用+穿斗+木结构 0.0 0.0854294424409 0.678571428571 0.762721797934 0.524652344915 0.0507806088101 0.0 1.0 0.0827223374808 1.0 0.10101010101 0.0 0.333333333333
倒塌+和+严重 0.0 0.0854294424409 0.464285714286 0.762721797934 0.524652344915 0.0507806088101 0.0 1.0 0.107539645521 1.0 0.10101010101 0.0 0.0
损毁+的+比例 0.0 0.0854294424409 0.464285714286 0.762721797934 0.524652344915 0.0507806088101 0.0 1.0 0.0750130117085 1.0 0.10101010101 0.0 0.333333333333
做+了+大量 0.0 0.0897543115962 0.357142857143 0.602644942163 0.625822241072 0.15571205169 0.0 1.0 0.025175641614 0.4375 0.0909090909091 0.0 0.0
重灾区+除+景区 0.0 0.0897543115962 0.571428571429 0.766047691297 0.49740687328 0.0868466350081 0.0 1.0 0.150064813206 1.0 0.0909090909091 0.0 0.666666666667
景区+人口+集中 0.0 0.0897543115962 0.571428571429 0.766047691297 0.49740687328 0.0788615421112 0.0 1.0 0.151586795764 1.0 0.0909090909091 0.0 0.666666666667
区域+村寨+稀疏 0.0 0.0897543115962 0.571428571429 0.766047691297 0.49740687328 0.0507806088101 0.0 1.0 0.0888684610131 1.0 0.0909090909091 0.0 0.666666666667
总体+人口+密度 0.0 0.0802147285537 0.571428571429 0.766047691297 0.49740687328 0.0507806088101 0.0 1.0 0.118963367555 1.0 0.0909090909091 0.0 1.0
次+5+级 0.0 0.101287112604 0.178571428571 0.780731733253 0.374952057998 0.148717723769 0.0 1.0 0.0 1.0 0.0505050505051 0.0 0.0
7.0+级+地震烈度 0.0 0.158403881573 0.571428571429 0.833185442475 0.357550537269 0.129277405077 0.037037037037 1.0 0.0677727644103 1.0 0.040404040404 0.0 0.333333333333
级+地震烈度+图 0.0 0.146004954184 0.571428571429 0.833185442475 0.357550537269 0.110702933921 0.037037037037 1.0 0.0677727644103 1.0 0.040404040404 0.0 0.666666666667
甘肃省+陇南市+文县 0.0 0.108808172017 0.785714285714 0.850900229656 0.257170080466 0.0507806088101 0.0 1.0 0.0736245747152 1.0 0.040404040404 0.0 1.0
甘南+藏族+自治州 0.0 0.116949997349 0.678571428571 0.599384391869 0.581496804525 0.10010136835 0.0 1.0 0.159540141467 0.4375 0.0606060606061 1.0 1.0
藏族+自治州+舟曲县 0.0 0.108808172017 0.785714285714 0.850900229656 0.257170080466 0.0507806088101 0.0 1.0 0.1595408819 1.0 0.040404040404 0.0 1.0
伤亡+和+建筑物 0.0 0.0894197613338 0.571428571429 0.753757662092 0.472118524713 0.0976428974407 0.0 1.0 0.131506177143 1.0 0.0707070707071 0.0 0.333333333333
记录+到+余震 1.0 0.133606026795 0.464285714286 0.593089600311 0.222561268248 0.126424489367 0.0617283950617 1.0 0.153169009992 1.0 0.040404040404 0.0 0.333333333333
地震+与+三峡 1.0 0.121207099406 0.464285714286 0.870875082249 0.213233558325 0.176251942573 0.0493827160494 1.0 0.808397177617 1.0 0.040404040404 0.0 0.666666666667
连续+发生+强震 0.0 0.118013204797 0.571428571429 0.880517417465 0.178926045292 0.136226494968 0.0 1.0 0.257079017305 1.0 0.030303030303 0.0 0.333333333333
地震+活动+水平 2.0 0.146004954184 0.571428571429 0.870875082249 0.213233558325 0.156522129599 0.0 1.0 0.858080693762 1.0 0.040404040404 0.0 0.666666666667
级+地震+平静 0.0 0.108808172017 0.464285714286 0.870875082249 0.213233558325 0.113469158506 0.0 1.0 0.789467069435 1.0 0.040404040404 0.0 0.333333333333
引发+大+地震 0.0 0.129880556067 0.464285714286 0.935328404046 0.174809972583 0.12710267887 0.0 1.0 0.802949621123 1.0 0.020202020202 0.0 0.333333333333
中国+扶贫+基金会 2.0 0.277846372802 0.678571428571 0.960891263825 0.148377238624 0.232583032917 0.0246913580247 1.0 0.129731582492 1.0 0.030303030303 1.0 0.666666666667
捐款+700万+元 0.0 0.197929788799 0.464285714286 0.960891263825 0.148377238624 0.222943098661 0.0246913580247 1.0 0.081896699714 1.0 0.030303030303 0.0 0.0
公安+交管+部门 1.0 0.211321748313 0.571428571429 1.0 0.0 0.276333103933 0.0 1.0 0.266576636458 1.0 0.010101010101 1.0 0.666666666667
