这种 0.0 0.144535643121 0.08 0.135711021366 0.947805659551 0.744294928559 0.0 0.0 0.050278557573 0.0 0.191919191919 0.0 0.0
每年 0.0 0.10380956237 0.08 0.193756631935 0.957472183008 0.604552325446 0.0 0.0 0.0378972030919 0.111111111111 0.181818181818 0.0 0.0
电商+平台 1.0 0.202453451408 0.36 0.20074511639 0.983939757306 0.563255522802 0.0 0.5 0.387021276775 0.0 0.393939393939 1.0 0.666666666667
促销+活动 3.0 0.133512728825 0.36 0.211699853944 0.895987835021 0.423595919646 0.0 0.5 0.696976147866 0.111111111111 0.232323232323 1.0 0.0
中国+消费者 2.0 0.0990996915896 0.48 0.39187251595 0.819220729592 0.391427138748 0.0 0.5 0.907539620244 0.111111111111 0.10101010101 1.0 0.666666666667
双+11 0.0 0.3342231088 0.08 0.0286314184611 0.975449895792 0.541924981356 0.0547945205479 0.5 0.187418438869 0.111111111111 0.292929292929 1.0 0.0
网络+购物 0.0 0.040635556601 0.36 0.210936667988 0.750063573723 0.281021066115 0.0 0.5 0.293377029147 0.111111111111 0.141414141414 1.0 0.666666666667
预售+商品 2.0 0.0706697346222 0.36 0.786793596628 0.433309899097 0.358127002767 0.0 0.5 0.394998329408 1.0 0.020202020202 1.0 0.333333333333
购物+狂欢节 0.0 0.16040807941 0.48 0.118410401476 0.944527245608 0.385275283682 0.013698630137 0.5 0.293996180929 0.111111111111 0.131313131313 1.0 0.666666666667
买+买 0.0 0.110483507579 0.12 0.201681289404 0.94478490686 0.286170065132 0.027397260274 0.5 0.0 0.111111111111 0.111111111111 1.0 0.0
中国+电子 0.0 0.0553271840505 0.36 0.403712465035 0.799880503481 0.139021063836 0.0 0.5 0.878379671191 0.111111111111 0.0808080808081 0.0 0.666666666667
电子+商务 1.0 0.125191349072 0.36 0.206002233229 0.912307310699 0.399371133754 0.0 0.5 0.118131283433 0.111111111111 0.181818181818 1.0 0.666666666667
支付+定金 0.0 0.0674648116062 0.36 0.560259984309 0.571179714633 0.369144919481 0.013698630137 0.5 0.282353869861 0.333333333333 0.0505050505051 1.0 0.333333333333
工作+人员 0.0 0.121399125754 0.36 0.147583234044 0.857672927423 0.363188510867 0.0 0.5 0.0704506321704 0.111111111111 0.0909090909091 1.0 0.333333333333
钓鱼+网站 0.0 0.155639754114 0.36 1.0 0.0 0.393371701483 0.0 0.5 0.0739229239139 1.0 0.0 1.0 0.333333333333
数据+显示 0.0 0.0564890576246 0.36 0.159074281275 0.917380050919 0.153555091528 0.0 0.5 0.144163663 0.111111111111 0.151515151515 1.0 0.333333333333
垃圾+短信 0.0 0.144126923367 0.36 1.0 0.0 0.355435669112 0.0 0.5 0.0352451286658 1.0 0.0 1.0 0.666666666667
快递+公司 3.0 0.103766225722 0.36 0.471698876126 0.680256653763 0.413028523615 0.0 0.5 0.155096896303 0.111111111111 0.030303030303 1.0 0.333333333333
购物+狂欢 0.0 0.0714443585731 0.36 0.329840565238 0.876974403789 0.382361180717 0.0 0.5 0.293420019434 0.111111111111 0.212121212121 1.0 0.333333333333
霍+女士 0.0 0.155639754114 0.24 1.0 0.0 0.343696562602 0.0 0.5 0.0646622173368 1.0 0.0 1.0 0.666666666667
1682亿+元 0.0 0.0494336512164 0.28 0.338521744096 0.785506982211 0.312050974179 0.0 0.5 0.0345842378562 0.111111111111 0.121212121212 1.0 0.0
购物+体验 1.0 0.0971238706427 0.36 0.379128797405 0.915430340907 0.300542941949 0.0 0.5 0.26353214387 0.333333333333 0.141414141414 1.0 0.333333333333
电商+购物节 0.0 0.0492955264563 0.48 0.232113321455 0.865417929629 0.319809641778 0.013698630137 0.5 0.390001368132 0.333333333333 0.0808080808081 1.0 0.666666666667
消费+升级 0.0 0.0548511587632 0.36 0.267320915511 0.902560450787 0.299034270141 0.013698630137 0.5 0.159864692523 0.333333333333 0.10101010101 1.0 0.0
智慧+门店 1.0 0.0579420357051 0.36 0.41498281564 0.900224326951 0.33671631391 0.0 0.5 0.191883206951 0.333333333333 0.0909090909091 1.0 0.666666666667
苏宁+金融 1.0 0.219797885516 0.36 0.618362253025 0.590996820845 0.325365904303 0.013698630137 0.5 0.373231970273 1.0 0.020202020202 1.0 0.666666666667
消费者+提供 0.0 0.0651785057122 0.48 0.492689241924 0.821386570541 0.30022077403 0.0 0.5 0.361085131469 0.333333333333 0.0707070707071 0.0 0.333333333333
智慧+物流 3.0 0.0637108620733 0.36 0.490436139679 0.818963210339 0.386967360521 0.0 0.5 0.23712630577 0.333333333333 0.0909090909091 1.0 0.333333333333
菜鸟+网络 0.0 0.0961432192954 0.36 0.478384566184 0.831171476296 0.384479398171 0.0 0.5 0.132599804622 0.111111111111 0.0606060606061 1.0 0.666666666667
新+零售 1.0 0.278851469849 0.24 0.328016333111 0.943151392823 0.508910720167 0.027397260274 0.5 0.24958941533 0.111111111111 0.181818181818 1.0 0.333333333333
新浪+财经 0.0 0.0678416750889 0.36 0.190604757646 0.956887930247 0.00843497567386 0.0 0.5 0.0449583433761 0.111111111111 0.222222222222 1.0 0.666666666667
财经+股吧 0.0 0.0678416750889 0.36 0.190604757646 0.956887930247 0.0 0.0 0.5 0.0444194443824 0.111111111111 0.222222222222 0.0 0.666666666667
全+渠道 0.0 0.111113416496 0.24 0.374232318097 0.859851722629 0.411928155392 0.041095890411 0.5 0.0676734812695 0.333333333333 0.131313131313 1.0 0.333333333333
基础+设施 0.0 0.0579267327315 0.36 0.552463623127 0.759665569596 0.320660218892 0.0 0.5 0.0358283891331 1.0 0.040404040404 1.0 0.666666666667
智慧+零售 3.0 0.222077695405 0.36 0.761008251932 0.786007805623 0.420583525256 0.027397260274 0.5 0.350524277564 1.0 0.111111111111 1.0 0.666666666667
O2O+购物节 3.0 0.254132550267 0.36 0.617650406785 0.845262815167 0.419182390831 0.013698630137 0.5 0.155094327093 1.0 0.151515151515 1.0 0.333333333333
双+线 0.0 0.0628502997731 0.12 0.727700061093 0.725483881401 0.269347606098 0.0 0.5 0.0 1.0 0.0606060606061 1.0 0.333333333333
同比+增长 2.0 0.135760747953 0.36 0.148197429494 0.912201390291 0.345481339041 0.027397260274 0.5 0.109535350551 0.111111111111 0.131313131313 1.0 0.0
24+小时 0.0 0.0561917158686 0.2 0.197131013958 0.886542269223 0.369051203282 0.013698630137 0.5 0.0794798888298 0.0 0.0606060606061 1.0 0.333333333333
苏宁易购+总裁 0.0 0.0492955264563 0.6 0.801436854028 0.717145712608 0.0937663894476 0.0 0.5 0.129983505641 1.0 0.0808080808081 1.0 0.666666666667
总裁+侯恩龙 0.0 0.0492955264563 0.48 0.801436854028 0.717145712608 0.172215211265 0.0 0.5 0.0581045916365 1.0 0.0808080808081 0.0 0.666666666667
黑+科技 0.0 0.121034344767 0.24 0.636074838288 0.799893649216 0.373640979876 0.013698630137 0.5 0.08295449334 1.0 0.121212121212 1.0 0.333333333333
合作+伙伴 0.0 0.0769754251763 0.36 0.387520895627 0.850197744493 0.39438746823 0.0 0.5 0.0816975719217 0.333333333333 0.10101010101 1.0 0.333333333333
新+玩法 0.0 0.0613588416447 0.24 0.557942962849 0.819877656696 0.267141089402 0.0 0.5 0.0309647723805 0.333333333333 0.0808080808081 1.0 0.333333333333
零售+行业 2.0 0.0854854720214 0.36 0.599309214993 0.782003717247 0.379787165392 0.0 0.5 0.32895889591 1.0 0.0808080808081 1.0 0.666666666667
供+参考 0.0 0.040635556601 0.24 0.0713771640148 0.756755273466 0.0534597458986 0.0 0.5 0.0530294297174 1.0 0.0909090909091 0.0 0.0
李+小姐 0.0 0.0706697346222 0.24 0.445530640204 0.511399349098 0.173757512707 0.0 0.5 0.0269134271575 0.333333333333 0.020202020202 1.0 0.666666666667
100+元 0.0 0.076167467582 0.12 0.303669377958 0.788086145482 0.345858427585 0.0 0.5 0.0482212867311 0.111111111111 0.0606060606061 1.0 0.0
高+达 0.0 0.0521732093371 0.12 0.16122538075 0.883340340608 0.33350682447 0.0 0.5 0.0 0.333333333333 0.0909090909091 1.0 0.0
买+东西 0.0 0.0492955264563 0.24 0.377315223854 0.728205043866 0.253788684024 0.0 0.5 0.0489827087779 0.333333333333 0.0808080808081 1.0 0.333333333333
责任+编辑 0.0 0.040635556601 0.36 0.311364958444 0.715650554794 0.187797233868 0.0 0.5 0.0562207998554 0.111111111111 0.0909090909091 1.0 0.666666666667
肌活+燕窝 0.0 0.109588431129 0.36 1.0 0.0 0.298020605204 0.013698630137 0.5 0.0 1.0 0.0 1.0 0.666666666667
电商+企业 3.0 0.0752485148095 0.36 0.3235165455 0.850311534747 0.369051763276 0.0 0.5 0.394114275717 0.111111111111 0.0909090909091 1.0 0.666666666667
中国+电商 2.0 0.109456851062 0.36 0.567697182777 0.782048282328 0.38628811035 0.013698630137 0.5 1.0 0.111111111111 0.0707070707071 1.0 0.666666666667
合+人民币 0.0 0.0634932481214 0.36 0.651425423532 0.34658524725 0.115124548785 0.0 0.5 0.078265140754 1.0 0.030303030303 0.0 0.333333333333
总+销售额 3.0 0.0579267327315 0.36 0.425221849702 0.430195870022 0.308667933057 0.0 0.5 0.210969365041 0.333333333333 0.040404040404 1.0 0.333333333333
电商+巨头 3.0 0.0525275498981 0.36 0.256096848634 0.844927947307 0.306556756711 0.0 0.5 0.330240927216 0.333333333333 0.0707070707071 1.0 0.666666666667
首+次 0.0 0.0694796884413 0.12 0.165013859618 0.942267692338 0.433423655007 0.0 0.5 0.0 0.111111111111 0.0909090909091 1.0 0.0
苏宁+超市 1.0 0.121101261875 0.36 1.0 0.0 0.211929560863 0.013698630137 0.5 0.327516707595 1.0 0.0 1.0 0.666666666667
消费者+带来 0.0 0.040635556601 0.48 0.490456102393 0.859252441718 0.314268045765 0.0 0.5 0.342056680754 0.111111111111 0.0909090909091 0.0 0.333333333333
全+天 0.0 0.0533785584917 0.12 0.359210865346 0.613166512034 0.317813065305 0.0 0.5 0.0 0.333333333333 0.0505050505051 1.0 0.0
全+产业 0.0 0.0854854720214 0.24 0.558991888862 0.823160647548 0.297824305231 0.0 0.5 0.0579995830216 0.333333333333 0.0808080808081 1.0 0.333333333333
韩国+企业 3.0 0.114530955473 0.36 0.929411990231 0.225866586182 0.284960791897 0.013698630137 0.5 0.425075178952 1.0 0.020202020202 1.0 0.666666666667
韩国+产品 3.0 0.0706697346222 0.36 0.929411990231 0.225866586182 0.157916623634 0.0 0.5 0.337770642523 1.0 0.020202020202 1.0 0.666666666667
元+人民币 0.0 0.0626574270818 0.36 0.16627258294 0.863902654032 0.329401174104 0.0 0.5 0.078265140754 0.111111111111 0.111111111111 1.0 0.333333333333
报道+称 0.0 0.109456851062 0.24 0.405243628464 0.798663777242 0.0713885482117 0.0 0.5 0.157276830999 0.333333333333 0.0707070707071 1.0 0.0
两+国 0.0 0.0715478436415 0.12 0.657939758236 0.463414221408 0.307093131055 0.0 0.5 0.0 0.333333333333 0.030303030303 1.0 0.333333333333
天猫+双 0.0 0.0935686249864 0.24 0.321496149919 0.921766713621 0.307425033482 0.0 0.5 0.194580981892 0.111111111111 0.111111111111 0.0 0.333333333333
中国+互联网 0.0 0.0495331319644 0.48 0.527395435323 0.845221130977 0.288605158792 0.0 0.5 0.826470107667 0.111111111111 0.0606060606061 1.0 0.666666666667
中国+市场 0.0 0.144039203323 0.36 0.647220980434 0.659306066322 0.372589268569 0.0 0.5 0.982157373001 0.333333333333 0.030303030303 1.0 0.666666666667
跨境+电商 2.0 0.0634932481214 0.36 0.38981724234 0.742797221082 0.332158451131 0.013698630137 0.5 0.468781974081 0.111111111111 0.030303030303 1.0 0.666666666667
林氏+木业 0.0 0.121101261875 0.36 1.0 0.0 0.316162529266 0.0 0.5 0.0 1.0 0.0 1.0 0.666666666667
解决+方案 0.0 0.0804205646748 0.36 0.574196569715 0.697572492031 0.247730078998 0.0 0.5 0.0493731395684 1.0 0.040404040404 1.0 0.333333333333
第一+次 0.0 0.0525275498981 0.24 0.248754107825 0.942176182982 0.348082927608 0.013698630137 0.5 0.0521410798837 0.333333333333 0.0707070707071 1.0 0.0
第一+财经 0.0 0.110135563652 0.36 0.872153708297 0.322337392113 0.268115618306 0.0 0.5 0.0754565485913 1.0 0.010101010101 1.0 0.333333333333
共享+快递盒 1.0 0.0579267327315 0.48 0.72616953694 0.691676470166 0.259491446744 0.013698630137 0.5 0.0460864714088 1.0 0.040404040404 1.0 0.333333333333
荣耀+手环 0.0 0.109588431129 0.36 1.0 0.0 0.169915581329 0.0 0.5 0.0 1.0 0.0 1.0 0.333333333333
苏宁+智慧 0.0 0.0561917158686 0.36 0.772730649143 0.685916924522 0.228014190592 0.013698630137 0.5 0.392549879169 1.0 0.0606060606061 1.0 0.666666666667
苏宁+物流 2.0 0.102680444392 0.36 0.867397993513 0.650088473011 0.242375646931 0.0 0.5 0.427806460471 1.0 0.0505050505051 1.0 0.333333333333
苏宁易购+O2O 1.0 0.0674648116062 0.48 0.865828839749 0.634762615325 0.164981528703 0.013698630137 0.5 0.104924863086 1.0 0.0505050505051 1.0 0.333333333333
经济+观察报 0.0 0.16715258486 0.48 1.0 0.0 0.175567205734 0.0 0.5 0.0998273030121 1.0 0.0 1.0 0.666666666667
观察报+表示 0.0 0.155639754114 0.48 1.0 0.0 0.0928726523498 0.0 0.5 0.162392855919 1.0 0.0 0.0 0.333333333333
无界+零售 0.0 0.0804205646748 0.36 0.72169846633 0.710410166148 0.299908965663 0.0 0.5 0.263667260525 1.0 0.040404040404 1.0 0.333333333333
新+物种 0.0 0.0715039836194 0.24 0.683567535259 0.738338469199 0.354288296111 0.0 0.5 0.020067509947 1.0 0.0707070707071 1.0 0.333333333333
零售+革命 1.0 0.0794419787924 0.36 0.787793449616 0.482571608561 0.198355780029 0.0 0.5 0.263557137262 1.0 0.020202020202 1.0 0.333333333333
人脸+识别 1.0 0.0804205646748 0.36 0.678073748039 0.64727430673 0.323515654619 0.0 0.5 0.0511157663391 1.0 0.040404040404 1.0 0.333333333333
智能+音箱 0.0 0.443460522771 0.36 1.0 0.0 0.411522312565 0.013698630137 0.5 0.0938266554365 1.0 0.0 1.0 0.666666666667
11+天 0.0 0.0651785057122 0.08 0.669254129069 0.726378328777 0.163735327965 0.013698630137 0.5 0.187418438869 1.0 0.0707070707071 1.0 0.0
嗨购+11 0.0 0.0579267327315 0.2 0.913598421404 0.54139126877 0.0760853600205 0.013698630137 0.5 0.187650551422 1.0 0.040404040404 0.0 0.0
零售+机器人 1.0 0.0604216850488 0.48 0.770050686459 0.639144600604 0.11177472241 0.0 0.5 0.306562737373 1.0 0.0505050505051 0.0 0.666666666667
惠氏+营养品 0.0 0.109588431129 0.48 1.0 0.0 0.250672553289 0.0 0.5 0.0 1.0 0.0 1.0 0.666666666667
买+买+买 1.0 0.0467154002494 0.28 0.201681289404 0.94478490686 0.244425483527 0.013698630137 1.0 0.0 0.111111111111 0.111111111111 0.0 0.0
中国+电子+商务 2.0 0.0525275498981 0.64 0.355735928978 0.737610458042 0.106660359572 0.0 1.0 0.927463407933 0.111111111111 0.0707070707071 1.0 1.0
新浪+财经+股吧 0.0 0.0678416750889 0.64 0.190604757646 0.956887930247 0.00843497567386 0.0 1.0 0.0614109559898 0.111111111111 0.222222222222 0.0 1.0
苏宁易购+总裁+侯恩龙 0.0 0.0432638688621 1.0 0.801436854028 0.717145712608 0.102368964495 0.0 1.0 0.163029454723 1.0 0.0808080808081 0.0 1.0
线+下+门店 2.0 0.0553271840505 0.4 0.217440658488 0.859885034037 0.27504063254 0.0 1.0 0.0909483447166 1.0 0.0909090909091 1.0 0.666666666667
线+下+融合 2.0 0.0975487872098 0.4 0.44480780343 0.81770844969 0.215274653885 0.013698630137 1.0 0.0649930209635 1.0 0.0808080808081 1.0 0.333333333333
天猫+双+11 2.0 0.0495331319644 0.36 0.410887820995 0.81895749468 0.195686991209 0.0 1.0 0.381999420761 0.111111111111 0.0606060606061 1.0 0.333333333333
双十一+购物+狂欢节 0.0 0.0706697346222 0.88 0.42564063534 0.51960963401 0.212543126848 0.013698630137 1.0 0.713682910702 0.111111111111 0.020202020202 1.0 0.666666666667
天猫+双+十一 2.0 0.0495331319644 0.52 0.359728987475 0.893610989783 0.250557784695 0.0 1.0 0.39273187376 0.111111111111 0.0707070707071 1.0 0.333333333333
苏宁易购+O2O+购物节 2.0 0.0533785584917 0.88 0.865828839749 0.634762615325 0.14561659217 0.013698630137 1.0 0.260019190179 1.0 0.0505050505051 1.0 0.666666666667
经济+观察报+表示 0.0 0.155639754114 0.76 1.0 0.0 0.155849379068 0.0 1.0 0.262220158931 1.0 0.0 0.0 0.666666666667
嗨购+11+天 3.0 0.0579267327315 0.36 0.913598421404 0.54139126877 0.0760853600205 0.013698630137 1.0 0.187650551422 1.0 0.040404040404 1.0 0.0
智慧+零售+机器人 2.0 0.0604216850488 0.76 0.770050686459 0.639144600604 0.0909668948621 0.0 1.0 0.407497599607 1.0 0.0505050505051 1.0 1.0
