这种 0.0 0.258402928195 0.0909090909091 0.245157943369 0.97904090088 0.690874155244 0.0 0.0 0.0205843981495 0.375 0.262626262626 0.0 0.0
各方 0.0 0.185306847722 0.0909090909091 0.382033432457 0.874623336431 0.597950643669 0.0 0.0 0.0407291314005 0.166666666667 0.181818181818 0.0 0.0
各党 0.0 0.16726543295 0.0909090909091 0.350312597782 0.928492519943 0.566644962841 0.0 0.0 0.0163700189397 0.375 0.171717171717 0.0 0.0
本次 0.0 0.173922926592 0.0909090909091 0.284328003627 0.915951943138 0.501868720287 0.0 0.0 0.0140098326499 0.375 0.141414141414 0.0 0.0
该党 0.0 0.428955846893 0.0909090909091 0.256609779177 0.963796320711 0.749345451096 0.0 0.0 0.0457525756667 0.375 0.353535353535 0.0 0.0
德国+组阁 2.0 0.134580846424 0.409090909091 0.252888056417 0.891911839935 0.244226034607 0.0789473684211 0.5 0.642574162831 0.166666666667 0.141414141414 1.0 0.333333333333
主席+舒尔茨 0.0 0.0678400167122 0.545454545455 0.561464054373 0.854325848096 0.244728992563 0.0 0.5 0.126651396087 0.375 0.0808080808081 1.0 0.666666666667
德国+总理 0.0 0.171929094423 0.409090909091 0.186715577316 0.980621447081 0.355425867965 0.0131578947368 0.5 0.6875570103 0.166666666667 0.505050505051 1.0 0.666666666667
总理+默克尔 2.0 0.13778737093 0.545454545455 0.163975446563 0.962404721081 0.346414824122 0.0263157894737 0.5 0.371042583144 0.166666666667 0.545454545455 1.0 0.666666666667
默克尔+领导 0.0 0.202414142211 0.545454545455 0.26774275472 0.970568220461 0.207499049671 0.0 0.5 0.348341828568 0.375 0.373737373737 1.0 0.666666666667
分析+人士 0.0 0.0833935581357 0.409090909091 0.272790816008 0.856417446551 0.100041691581 0.0 0.5 0.0230814679809 0.375 0.0606060606061 1.0 0.333333333333
德国+总统 2.0 0.134580846424 0.409090909091 0.459925872025 0.892034695171 0.272168445962 0.0131578947368 0.5 0.658388840022 0.375 0.141414141414 1.0 0.666666666667
总统+施泰因迈尔 2.0 0.101161203147 0.818181818182 0.428156019003 0.855430251958 0.217087628002 0.0 0.5 0.0717520337848 0.375 0.10101010101 1.0 0.666666666667
组阁+谈判 2.0 0.51102198964 0.409090909091 0.327592044933 0.952708732919 0.485080663265 0.0921052631579 0.5 0.464305129793 0.166666666667 0.424242424242 1.0 0.0
联邦+议院 0.0 0.30186827968 0.409090909091 0.216198854987 0.961616162853 0.436906153157 0.0131578947368 0.5 0.111101968925 0.166666666667 0.474747474747 1.0 0.666666666667
议院+选举 0.0 0.163033036591 0.409090909091 0.150239376466 0.911674453222 0.233800363686 0.0131578947368 0.5 0.137978922961 0.375 0.252525252525 0.0 0.333333333333
联合+组阁 1.0 0.0952387662566 0.409090909091 0.259295754606 0.919150710018 0.308049040016 0.0263157894737 0.5 0.261866679097 0.375 0.141414141414 1.0 0.0
谈判+破裂 3.0 0.201706367207 0.409090909091 0.434141204054 0.891595859785 0.340538009737 0.0394736842105 0.5 0.440242596584 0.166666666667 0.212121212121 1.0 0.0
绿党+组成 0.0 0.0702421130549 0.409090909091 0.36551574796 0.90570053147 0.26850506921 0.0 0.5 0.254859165116 0.375 0.151515151515 1.0 0.333333333333
组成+少数派 1.0 0.0732460486045 0.545454545455 0.426012372511 0.826232784972 0.207635827318 0.0 0.5 0.120195316796 0.166666666667 0.0909090909091 0.0 0.333333333333
少数派+政府 3.0 0.21326500676 0.545454545455 0.403624949994 0.897112443726 0.312874689778 0.0 0.5 0.156611248174 0.166666666667 0.141414141414 1.0 0.666666666667
组建+少数 0.0 0.122026279862 0.409090909091 0.521079735442 0.854141701308 0.265848107555 0.0263157894737 0.5 0.115216029442 0.375 0.131313131313 0.0 0.0
少数+派 0.0 0.126940246986 0.272727272727 0.522954383325 0.871695640674 0.245014017884 0.0131578947368 0.5 0.0297798529067 0.375 0.111111111111 1.0 0.0
派+政府 0.0 0.126940246986 0.272727272727 0.522954383325 0.871695640674 0.212318427541 0.0131578947368 0.5 0.133898660084 0.166666666667 0.222222222222 0.0 0.333333333333
德国+政治 0.0 0.207248857489 0.409090909091 0.352887754386 0.953759911804 0.449500490804 0.0657894736842 0.5 0.718332345514 0.375 0.232323232323 1.0 0.666666666667
民调+显示 1.0 0.0851727134588 0.409090909091 0.190296411294 0.883758202613 0.122662552852 0.0131578947368 0.5 0.051024439356 0.375 0.0909090909091 1.0 0.333333333333
举行+选举 0.0 0.0897260907944 0.409090909091 0.435998777635 0.821026832196 0.180032303263 0.0 0.5 0.170516685881 0.375 0.10101010101 0.0 0.0
主流+政党 0.0 0.0620519592947 0.409090909091 0.286575073742 0.853110305806 0.313640613301 0.0 0.5 0.150069075796 0.375 0.0707070707071 1.0 0.666666666667
民粹主义+政党 2.0 0.107759525787 0.681818181818 0.248627428957 0.942036722635 0.221184033533 0.0 0.5 0.162837319729 0.375 0.181818181818 1.0 0.666666666667
政党+德国 0.0 0.107759525787 0.409090909091 0.239899381901 0.937690108629 0.168155430464 0.0 0.5 0.765303265917 0.375 0.181818181818 0.0 0.666666666667
德国+选择 0.0 0.703410209043 0.409090909091 0.243281923436 0.972245577051 0.373447018416 0.0394736842105 0.5 0.83482638496 0.166666666667 0.383838383838 1.0 0.333333333333
选择+党 2.0 0.78679997981 0.272727272727 0.207515856731 0.983036341169 0.525173568531 0.0789473684211 0.5 0.205868968104 0.0625 0.606060606061 1.0 0.333333333333
进入+议会 0.0 0.129569496065 0.409090909091 0.273936735047 0.939892444568 0.340445487281 0.0 0.5 0.154357228975 0.375 0.161616161616 1.0 0.333333333333
德国+政坛 0.0 0.185505969396 0.409090909091 0.365553232683 0.965169283548 0.444513378475 0.0394736842105 0.5 0.647181889615 0.166666666667 0.20202020202 1.0 0.666666666667
本次+大选 0.0 0.093981166752 0.409090909091 0.284921075875 0.892271686614 0.263849326041 0.0 0.5 0.183253324944 0.375 0.111111111111 0.0 0.0
难民+政策 2.0 0.21174150928 0.409090909091 0.476398390469 0.911456908395 0.40398394579 0.0131578947368 0.5 0.15701202168 0.375 0.171717171717 1.0 0.666666666667
德国+媒体 0.0 0.146263466831 0.409090909091 0.269183697869 0.937983942351 0.298859199996 0.0131578947368 0.5 0.644325432124 0.166666666667 0.151515151515 1.0 0.666666666667
新浪+财经 0.0 0.115053450622 0.409090909091 0.154835930446 0.960875993938 0.0685899647712 0.0 0.5 0.0508739630449 0.375 0.353535353535 1.0 0.666666666667
财经+股吧 0.0 0.109497785979 0.409090909091 0.169385725645 0.957600595167 0.0 0.0 0.5 0.0481653150823 0.375 0.343434343434 0.0 0.666666666667
组建+新 0.0 0.101284473965 0.272727272727 0.136996731314 0.833731200001 0.323645274562 0.0 0.5 0.0854361765352 0.375 0.0707070707071 0.0 0.0
新+政府 0.0 0.211155955034 0.272727272727 0.215995801143 0.951456987849 0.398200183859 0.0 0.5 0.133898660084 0.166666666667 0.181818181818 1.0 0.333333333333
次+大选 0.0 0.203685201567 0.272727272727 0.32409209708 0.918496061382 0.26199442491 0.0 0.5 0.180424541964 0.375 0.282828282828 0.0 0.0
执政+伙伴 0.0 0.0553699657781 0.409090909091 0.417923411853 0.883483191811 0.2762297654 0.0 0.5 0.163740580813 0.375 0.0808080808081 1.0 0.333333333333
采访+时 0.0 0.140579787152 0.272727272727 0.232695606172 0.909763674004 0.316773557766 0.0 0.5 0.0176676445095 0.375 0.171717171717 0.0 0.333333333333
时+表示 0.0 0.0613193837507 0.272727272727 0.147660770756 0.917641286379 0.196503605453 0.0 0.5 0.11665006671 0.375 0.0909090909091 1.0 0.333333333333
德国+政府 0.0 0.16726543295 0.409090909091 0.310517996451 0.965852285565 0.381285717307 0.0 0.5 0.674295356895 0.375 0.171717171717 1.0 0.666666666667
联盟+政府 0.0 0.0696273787495 0.409090909091 0.60040964915 0.805374749183 0.227266640439 0.0 0.5 0.2858831036 0.375 0.0606060606061 1.0 0.666666666667
12+年 0.0 0.203557029605 0.0909090909091 0.523505741033 0.89576309918 0.303910048352 0.0 0.5 0.0293462987277 0.375 0.131313131313 1.0 0.0
报道+称 0.0 0.133608633099 0.272727272727 0.156018832531 0.908087396097 0.0792397562033 0.0 0.5 0.0809934757988 0.375 0.181818181818 0.0 0.0
少数+政府 0.0 0.114361978855 0.409090909091 0.382651003251 0.832494184291 0.301013349244 0.0 0.5 0.163678512991 0.375 0.0707070707071 1.0 0.333333333333
联邦+政府 0.0 0.101284473965 0.409090909091 0.217038598719 0.887251764468 0.289414461297 0.0 0.5 0.199641377212 0.375 0.0707070707071 1.0 0.666666666667
难民+问题 2.0 0.126940246986 0.409090909091 0.443229610636 0.894947875961 0.303835427426 0.0 0.5 0.15662201444 0.375 0.111111111111 1.0 0.666666666667
联邦+总统 0.0 0.0638113629646 0.409090909091 0.398184008435 0.691161424852 0.218288175288 0.0 0.5 0.11179903264 1.0 0.0505050505051 1.0 0.666666666667
负+责任 0.0 0.0732460486045 0.272727272727 0.273897056438 0.861825338284 0.192445457446 0.0 0.5 0.0608118359951 0.166666666667 0.0909090909091 0.0 0.333333333333
政党+选择 0.0 0.0489744544043 0.409090909091 0.397498103194 0.871978432204 0.204307827939 0.0 0.5 0.342214817165 0.375 0.0707070707071 1.0 0.333333333333
政治+危机 0.0 0.0927801185804 0.409090909091 0.506124556829 0.83600840305 0.251139767663 0.0131578947368 0.5 0.164676941217 0.375 0.0808080808081 1.0 0.666666666667
德国+民众 1.0 0.101161203147 0.409090909091 0.241972371462 0.911348084166 0.322343955986 0.0263157894737 0.5 0.642292153781 0.166666666667 0.10101010101 1.0 0.666666666667
极右翼+政党 2.0 0.201362644457 0.545454545455 0.220410512938 0.965557773826 0.383193091402 0.0131578947368 0.5 0.180172069042 0.375 0.282828282828 1.0 0.333333333333
组阁+失败 2.0 0.135466540206 0.409090909091 0.511681948908 0.861455013983 0.264523349011 0.0 0.5 0.273938477599 0.375 0.10101010101 1.0 0.0
英国+脱欧 1.0 0.105074286298 0.409090909091 0.429815580868 0.92402766697 0.315911024743 0.0 0.5 0.0637306876244 0.375 0.141414141414 1.0 0.333333333333
欧洲+一体化 3.0 0.307381490121 0.545454545455 0.443506119232 0.946213566241 0.395611970859 0.0131578947368 0.5 0.314402568355 0.166666666667 0.222222222222 1.0 0.333333333333
法+德 0.0 0.166223413857 0.136363636364 0.581397812266 0.770152604934 0.304814844166 0.0 0.5 0.0 1.0 0.040404040404 1.0 0.333333333333
两+国 0.0 0.110925916908 0.136363636364 0.415085583145 0.865589336809 0.266678228753 0.0 0.5 0.0 0.375 0.0606060606061 1.0 0.333333333333
法国+总统 1.0 0.143698793521 0.409090909091 0.424711200237 0.94345617704 0.306084972164 0.0 0.5 0.0878722560157 0.375 0.191919191919 1.0 0.666666666667
总统+马克龙 0.0 0.089247451499 0.545454545455 0.46386303645 0.93111532123 0.26684132057 0.0 0.5 0.0577727654882 0.375 0.151515151515 0.0 0.666666666667
欧+债 0.0 0.105250169514 0.136363636364 0.494500036497 0.874730695628 0.236768363125 0.0 0.5 0.0 0.375 0.0808080808081 1.0 0.333333333333
债+危机 0.0 0.105250169514 0.272727272727 0.494500036497 0.874730695628 0.262792204069 0.0 0.5 0.0753020125593 0.375 0.10101010101 0.0 0.666666666667
参与+组阁 0.0 0.0696273787495 0.409090909091 0.499229581651 0.799974821065 0.240910200548 0.0131578947368 0.5 0.244206040757 0.375 0.0606060606061 1.0 0.0
举行+大选 0.0 0.12967036555 0.409090909091 0.380536307742 0.909124050871 0.25474833159 0.0131578947368 0.5 0.242826943374 0.166666666667 0.121212121212 1.0 0.0
政治+僵局 0.0 0.0833935581357 0.409090909091 0.520113088077 0.830215391037 0.311977668093 0.0263157894737 0.5 0.102731584439 0.375 0.0606060606061 1.0 0.666666666667
默克尔+执政 2.0 0.111834936144 0.545454545455 0.398476021599 0.931799651584 0.239251800498 0.0 0.5 0.371555324165 0.375 0.131313131313 1.0 0.333333333333
德国+社会 0.0 0.154251886508 0.409090909091 0.415586017089 0.921724102057 0.416476028173 0.0131578947368 0.5 0.673876461004 0.375 0.191919191919 1.0 0.666666666667
社民党+主席 0.0 0.0851727134588 0.545454545455 0.56025786436 0.85751656199 0.186879352522 0.0131578947368 0.5 0.236473190597 0.375 0.10101010101 1.0 0.333333333333
联合+执政 0.0 0.174771474497 0.409090909091 0.397372943057 0.926040265062 0.38051964473 0.0 0.5 0.113305359689 0.375 0.161616161616 1.0 0.0
退出+组阁 2.0 0.0489744544043 0.409090909091 0.672534989998 0.76160135857 0.153155877224 0.0131578947368 0.5 0.256963390094 1.0 0.0707070707071 1.0 0.0
两+党 0.0 0.088206969075 0.136363636364 0.386387492258 0.906962107889 0.263495882004 0.0 0.5 0.0 0.375 0.0707070707071 1.0 0.333333333333
组建+联合政府 2.0 0.0493927188964 0.681818181818 0.331722999313 0.883705514577 0.311174742484 0.0131578947368 0.5 0.152826788303 0.375 0.0909090909091 1.0 0.0
德国+联邦 0.0 0.223764664808 0.409090909091 0.183012653785 0.985625070627 0.35017654001 0.0 0.5 0.699702502438 0.166666666667 0.363636363636 1.0 0.666666666667
进入+联邦 0.0 0.127258128387 0.409090909091 0.328970137051 0.897956600285 0.291527401868 0.0 0.5 0.129224037332 0.375 0.151515151515 0.0 0.333333333333
默克尔+组阁 2.0 0.0620519592947 0.545454545455 0.316446497732 0.880803495989 0.241915070386 0.0526315789474 0.5 0.502591788281 0.166666666667 0.0707070707071 1.0 0.333333333333
执政+12 0.0 0.101284473965 0.227272727273 0.502641218122 0.863684512416 0.158754265996 0.0 0.5 0.0902773395023 0.375 0.0707070707071 0.0 0.0
欧洲+政治 0.0 0.0493927188964 0.409090909091 0.428392086877 0.900170113476 0.296600214987 0.0 0.5 0.283670218717 0.375 0.0909090909091 1.0 0.666666666667
宣布+退出 0.0 0.0851727134588 0.409090909091 0.349107324655 0.917689326301 0.336758804659 0.0131578947368 0.5 0.0576434298068 0.375 0.0909090909091 1.0 0.0
基督教+民主联盟 1.0 0.0836194763773 0.818181818182 0.291919416871 0.936797812938 0.261082401612 0.0 0.5 0.140543870168 0.375 0.171717171717 1.0 0.666666666667
难民+危机 2.0 0.185448812781 0.409090909091 0.450959673079 0.936707573971 0.391540623205 0.0 0.5 0.165290690528 0.375 0.212121212121 1.0 0.666666666667
总理+任期 0.0 0.101643592426 0.409090909091 0.43214986213 0.913830457405 0.22470324228 0.0 0.5 0.0897762464024 0.375 0.131313131313 1.0 0.666666666667
谈判+失败 2.0 0.152600311016 0.409090909091 0.438141102706 0.891265241735 0.277923596702 0.0 0.5 0.291007827825 0.375 0.131313131313 1.0 0.0
牙买加+联盟 3.0 0.460807536729 0.545454545455 0.352603850721 0.924029493792 0.308036168167 0.0526315789474 0.5 0.220143226369 0.0625 0.171717171717 1.0 0.666666666667
第一+次 0.0 0.0374660540427 0.272727272727 0.296864329075 0.927403068184 0.315329506473 0.0 0.5 0.0293461455978 0.375 0.0909090909091 1.0 0.0
议会+选举 1.0 0.264705091913 0.409090909091 0.309891671333 0.928341198788 0.395298152562 0.0 0.5 0.185495581651 0.375 0.131313131313 1.0 0.333333333333
组成+联合政府 2.0 0.142408967298 0.681818181818 0.294984201223 0.943940453733 0.356439800927 0.0 0.5 0.217440289268 0.166666666667 0.131313131313 0.0 0.0
执政+联盟 0.0 0.202709251644 0.409090909091 0.210559699259 0.959878186345 0.412365040712 0.0131578947368 0.5 0.227041013892 0.375 0.272727272727 1.0 0.333333333333
总理+科尔 0.0 0.0696273787495 0.409090909091 0.586066065755 0.832462214965 0.333580112607 0.0 0.5 0.0858582331469 1.0 0.0606060606061 1.0 0.666666666667
金融+危机 2.0 0.122026279862 0.409090909091 0.499929071145 0.897950274975 0.286838954412 0.0 0.5 0.0973168620324 0.375 0.131313131313 1.0 0.666666666667
绿+党 1.0 0.0610220865176 0.136363636364 0.2405281222 0.903893818294 0.30814371095 0.0 0.5 0.0 0.0625 0.111111111111 1.0 0.333333333333
欧+美 0.0 0.0732144107242 0.136363636364 0.524186053426 0.771525944204 0.258407807889 0.0 0.5 0.0 0.375 0.040404040404 1.0 0.0
中国+新闻 0.0 0.160925520221 0.409090909091 0.766790285744 0.400444576248 0.0837616908064 0.0 0.5 0.709893994951 1.0 0.010101010101 0.0 0.666666666667
新闻+周刊 0.0 0.160925520221 0.409090909091 0.766790285744 0.400444576248 0.0528643326855 0.0 0.5 0.0428147198192 1.0 0.010101010101 0.0 0.666666666667
德国+政局 0.0 0.101161203147 0.409090909091 0.369726235915 0.877783458079 0.309779702365 0.0394736842105 0.5 0.632969298396 0.166666666667 0.10101010101 1.0 0.666666666667
首+次 0.0 0.160502944149 0.136363636364 0.183024035341 0.960681558705 0.416761847814 0.0131578947368 0.5 0.0 0.375 0.323232323232 1.0 0.0
党+主席 0.0 0.0696273787495 0.272727272727 0.392281924246 0.874113082898 0.320308492937 0.0 0.5 0.048292350256 0.375 0.212121212121 1.0 0.666666666667
成为+议会 0.0 0.0873761735408 0.409090909091 0.383160704388 0.900661383901 0.194082563054 0.0 0.5 0.163321377173 0.375 0.121212121212 0.0 0.333333333333
议会+第三 0.0 0.0678400167122 0.409090909091 0.409858615428 0.872611494901 0.123687947742 0.0 0.5 0.125292654066 0.375 0.0808080808081 0.0 0.333333333333
德国+新 0.0 0.182538105562 0.272727272727 0.0747253928279 0.931695060839 0.292184474906 0.0394736842105 0.5 0.628957416856 0.375 0.131313131313 0.0 0.333333333333
默克尔+总理 3.0 0.0489744544043 0.545454545455 0.520934523858 0.877352888306 0.279684555028 0.0 0.5 0.371042583144 0.375 0.0707070707071 1.0 0.666666666667
基督教+社会 0.0 0.0374660540427 0.545454545455 0.23010838556 0.883075628909 0.203633975931 0.0 0.5 0.140554868461 0.166666666667 0.111111111111 0.0 0.666666666667
社会+联盟 0.0 0.0439856413835 0.409090909091 0.217374258211 0.912098212071 0.251468399622 0.0 0.5 0.168567551552 0.375 0.10101010101 0.0 0.666666666667
欧元区+改革 2.0 0.0833935581357 0.545454545455 0.521334289052 0.837524132464 0.313558434431 0.0 0.5 0.078866718406 0.375 0.0606060606061 1.0 0.333333333333
党+地位 0.0 0.0610220865176 0.272727272727 0.175725632277 0.88316375039 0.11338635503 0.0 0.5 0.0157540937908 0.375 0.111111111111 1.0 0.666666666667
财政+政策 1.0 0.0638113629646 0.409090909091 0.234295847618 0.800056172513 0.295398658649 0.0 0.5 0.100521452725 0.375 0.0505050505051 1.0 0.666666666667
进入+德国 0.0 0.138287152673 0.409090909091 0.228447123758 0.961607518569 0.324724422071 0.0 0.5 0.687436368607 0.375 0.212121212121 0.0 0.333333333333
长+达 0.0 0.0620519592947 0.136363636364 0.276000617787 0.918597259655 0.280308992209 0.0 0.5 0.0 0.375 0.0707070707071 1.0 0.0
整个+欧洲 0.0 0.0833935581357 0.409090909091 0.550787025908 0.862086011757 0.272704140891 0.0 0.5 0.345172430593 0.166666666667 0.0606060606061 1.0 0.333333333333
社会+民主党 2.0 0.0608782175541 0.545454545455 0.212510966308 0.91358947238 0.27608267746 0.0 0.5 0.0719538790748 0.375 0.131313131313 1.0 0.666666666667
欧元+兑 0.0 0.181872047377 0.272727272727 0.326907673901 0.904743021529 0.204199494551 0.0131578947368 0.5 0.099743067079 0.375 0.111111111111 1.0 0.333333333333
兑+美元 0.0 0.181872047377 0.272727272727 0.322087503443 0.89589998775 0.258980315959 0.0131578947368 0.5 0.0442562841017 0.375 0.111111111111 1.0 0.333333333333
成为+德国 0.0 0.101643592426 0.409090909091 0.199343674672 0.961756547054 0.356727390955 0.0 0.5 0.696400516805 0.166666666667 0.131313131313 0.0 0.333333333333
德国+经济 2.0 0.152600311016 0.409090909091 0.417523964865 0.915065108992 0.339211819393 0.0 0.5 0.709607368359 0.375 0.141414141414 1.0 0.666666666667
经济+增长 0.0 0.105250169514 0.409090909091 0.300617880928 0.869158604262 0.336560606243 0.0 0.5 0.0909626004493 0.375 0.0808080808081 1.0 0.333333333333
欧洲+央行 0.0 0.110925916908 0.409090909091 0.423738040752 0.713129036337 0.267369783501 0.0131578947368 0.5 0.283563108324 0.375 0.0606060606061 1.0 0.333333333333
第四+次 0.0 0.0374660540427 0.272727272727 0.496717080199 0.885279438006 0.244197581681 0.0 0.5 0.0339297931742 0.166666666667 0.0909090909091 1.0 0.0
另类+选择 0.0 0.254890780724 0.409090909091 0.252626864978 0.849108015394 0.227282872064 0.0 0.5 0.217480459478 0.166666666667 0.0808080808081 1.0 0.0
德国+自民党 1.0 0.0696273787495 0.545454545455 0.379932235388 0.878987282888 0.178804112231 0.0131578947368 0.5 0.641669435117 0.375 0.0606060606061 1.0 0.666666666667
右翼+民粹主义 2.0 0.0851727134588 0.681818181818 0.457281863861 0.870239668743 0.207628170984 0.0131578947368 0.5 0.0577280591296 0.375 0.161616161616 1.0 0.666666666667
达成+协议 0.0 0.0678400167122 0.409090909091 0.254115268876 0.889989637717 0.295225329931 0.0 0.5 0.081535354086 0.166666666667 0.0808080808081 0.0 0.333333333333
极右+政党 2.0 0.0783725587108 0.409090909091 0.516659367859 0.821916395039 0.28981733043 0.0263157894737 0.5 0.150585156854 1.0 0.0505050505051 1.0 0.333333333333
组阁+成功 0.0 0.0558611993638 0.409090909091 0.546954988936 0.779617975845 0.236880113732 0.0 0.5 0.252625729588 0.375 0.0606060606061 1.0 0.0
北京+时间 0.0 0.0613193837507 0.409090909091 0.223874861179 0.811823897053 0.261008993337 0.0 0.5 0.0551587808803 0.375 0.0909090909091 1.0 0.666666666667
责任+编辑 0.0 0.0783132802899 0.409090909091 0.0851166982721 0.838544085043 0.181172977412 0.0 0.5 0.0950424238835 0.0625 0.171717171717 1.0 0.666666666667
大选+结束 1.0 0.0493927188964 0.409090909091 0.372511836426 0.90942981261 0.192811256044 0.0 0.5 0.194884742581 0.375 0.0909090909091 1.0 0.0
移民+政策 1.0 0.0489744544043 0.409090909091 0.284778827576 0.871458681625 0.350037385369 0.0 0.5 0.178246788098 0.375 0.0707070707071 1.0 0.666666666667
德国+选民 0.0 0.0971597375219 0.409090909091 0.364739459132 0.906612397617 0.268206956943 0.0 0.5 0.682101710063 0.166666666667 0.0606060606061 1.0 0.666666666667
德国+议会 0.0 0.089247451499 0.409090909091 0.21638049207 0.943403927467 0.326699138902 0.0 0.5 0.724835694081 0.375 0.151515151515 1.0 0.666666666667
环球+时报 0.0 0.117695751061 0.409090909091 0.477634704022 0.596297690658 0.220036883988 0.0 0.5 0.013781364645 0.375 0.020202020202 1.0 0.333333333333
次+进入 0.0 0.0989857692495 0.272727272727 0.198993713617 0.93192265424 0.220144553289 0.0 0.5 0.0584789517506 0.375 0.212121212121 0.0 0.0
德国+另类 0.0 0.194862124681 0.409090909091 0.354017709841 0.757106103287 0.171564719137 0.0 0.5 0.64056890823 0.166666666667 0.0505050505051 1.0 0.333333333333
新+选择 0.0 0.151332173319 0.272727272727 0.446759840719 0.679769040486 0.206817047048 0.0 0.5 0.205868968104 0.375 0.0505050505051 1.0 0.0
反+欧元 0.0 0.0668558660892 0.272727272727 0.53044280395 0.838149832555 0.319036864762 0.0 0.5 0.099743067079 0.375 0.10101010101 1.0 0.333333333333
副+议长 0.0 0.156219524449 0.272727272727 1.0 0.0 0.255279026048 0.0131578947368 0.5 0.00777197480696 1.0 0.0 1.0 0.333333333333
联邦+议会 0.0 0.37063332743 0.409090909091 0.40535946693 0.921103090327 0.416514463193 0.0131578947368 0.5 0.166623362806 0.375 0.141414141414 1.0 0.666666666667
反+移民 0.0 0.193809768636 0.272727272727 0.401607807304 0.929650030095 0.38265779343 0.0 0.5 0.0797021364727 1.0 0.191919191919 1.0 0.333333333333
州+议会 0.0 0.0732144107242 0.272727272727 0.374701173718 0.73309715237 0.309831773783 0.0 0.5 0.0958782772245 0.375 0.040404040404 1.0 0.666666666667
议会+党团 0.0 0.0489744544043 0.409090909091 0.196413401766 0.850280337713 0.236859045573 0.0 0.5 0.104125458536 0.375 0.0707070707071 1.0 0.666666666667
反+欧洲 0.0 0.0553699657781 0.272727272727 0.539758463836 0.835078394951 0.157126892868 0.0 0.5 0.280458789351 1.0 0.0808080808081 0.0 0.333333333333
欧盟+委员会 0.0 0.0638113629646 0.545454545455 0.479312140623 0.820020952011 0.215668277419 0.0 0.5 0.123072545395 1.0 0.0505050505051 1.0 0.333333333333
欧洲+政策 1.0 0.117695751061 0.409090909091 0.745312754396 0.597498066271 0.27430860857 0.0 0.5 0.376041138548 1.0 0.020202020202 1.0 0.666666666667
文章+称 0.0 0.120471167767 0.272727272727 0.374108994856 0.551106892063 0.0867969021603 0.0 0.5 0.0339132352191 1.0 0.010101010101 1.0 0.333333333333
政治+势力 0.0 0.140698343994 0.409090909091 0.638785096063 0.352867002832 0.174590731913 0.0 0.5 0.116798589902 1.0 0.010101010101 1.0 0.666666666667
美国+总统 0.0 0.105250169514 0.409090909091 0.48864174508 0.833088686824 0.309469473627 0.0 0.5 0.0746896139017 1.0 0.0808080808081 1.0 0.666666666667
进入+国会 0.0 0.0638113629646 0.409090909091 0.455105995321 0.794911583842 0.236687087603 0.0 0.5 0.0802426554935 0.375 0.0505050505051 1.0 0.333333333333
一体化+进程 2.0 0.0783725587108 0.545454545455 0.584674707067 0.756111747032 0.23417818131 0.0263157894737 0.5 0.0635172004451 0.375 0.0505050505051 1.0 0.333333333333
传统+政治 0.0 0.156219524449 0.409090909091 1.0 0.0 0.11668469931 0.0 0.5 0.108582628084 1.0 0.0 0.0 0.666666666667
斯蒂凡+⋅柯 0.0 0.275229583922 0.545454545455 1.0 0.0 0.134279595852 0.0 0.5 0.0 1.0 0.0 1.0 0.666666666667
⋅柯+内琉斯 0.0 0.275229583922 0.545454545455 1.0 0.0 0.17039618107 0.0 0.5 0.0 1.0 0.0 1.0 0.666666666667
组建+大+联合政府 3.0 0.101375151644 0.863636363636 0.615743164038 0.621191383374 0.233752728223 0.0 1.0 0.152826788303 1.0 0.030303030303 1.0 0.0
德国+总理+默克尔 2.0 0.139039943998 0.863636363636 0.189607932139 0.95672358755 0.248399309713 0.0131578947368 1.0 1.0 0.166666666667 0.383838383838 0.0 1.0
总理+默克尔+领导 0.0 0.0961037108219 0.863636363636 0.230080058185 0.933706839028 0.095722652873 0.0 1.0 0.406941422012 0.375 0.171717171717 0.0 1.0
领导+的+联盟党 0.0 0.11831056457 0.727272727273 0.273597592422 0.952852623761 0.176757961992 0.0 1.0 0.172095125958 0.375 0.232323232323 0.0 0.666666666667
联邦+议院+选举 3.0 0.163033036591 0.727272727273 0.150239376466 0.911674453222 0.244254050972 0.0131578947368 1.0 0.203721640089 0.375 0.242424242424 0.0 0.666666666667
自由民主党+和+绿党 2.0 0.105250169514 1.0 0.403698326646 0.860842058421 0.249888296995 0.0 1.0 0.216014398209 0.375 0.0808080808081 0.0 0.666666666667
组成+少数派+政府 3.0 0.0732460486045 0.863636363636 0.426012372511 0.826232784972 0.207635827318 0.0 1.0 0.218097149052 0.166666666667 0.0909090909091 1.0 0.666666666667
组建+少数+派 1.0 0.0897260907944 0.590909090909 0.543767389542 0.839617968192 0.226076267249 0.0131578947368 1.0 0.115216029442 0.375 0.10101010101 1.0 0.0
少数+派+政府 3.0 0.126940246986 0.590909090909 0.522954383325 0.871695640674 0.245014017884 0.0131578947368 1.0 0.163678512991 0.375 0.111111111111 1.0 0.333333333333
民粹主义+政党+德国 0.0 0.0439856413835 1.0 0.149928867798 0.869758542524 0.0676797776543 0.0 1.0 0.791794736585 0.375 0.10101010101 0.0 1.0
政党+德国+选择 0.0 0.104998926088 0.727272727273 0.224621815528 0.930652726986 0.142013455848 0.0 1.0 0.971172234021 0.375 0.171717171717 0.0 0.666666666667
德国+选择+党 3.0 0.726134667396 0.590909090909 0.239121961104 0.971235555461 0.363541494382 0.0263157894737 1.0 0.83482638496 0.166666666667 0.363636363636 1.0 0.666666666667
新浪+财经+股吧 0.0 0.109497785979 0.727272727273 0.169385725645 0.957600595167 0.0413194478938 0.0 1.0 0.0689471066584 0.375 0.343434343434 0.0 1.0
采访+时+表示 0.0 0.0489744544043 0.590909090909 0.129432966415 0.820538215519 0.187112814531 0.0 1.0 0.127121884276 0.375 0.0707070707071 0.0 0.333333333333
组阁+谈判+破裂 3.0 0.124031427853 0.727272727273 0.487249819312 0.8857650395 0.283849279557 0.0263157894737 1.0 0.629532208847 0.166666666667 0.111111111111 0.0 0.0
第四+个+任期 1.0 0.0620519592947 0.590909090909 0.451518958327 0.842136525506 0.229558496493 0.0131578947368 1.0 0.0444103798299 0.375 0.0707070707071 0.0 0.333333333333
法国+总统+马克龙 2.0 0.079744782277 0.863636363636 0.46386303645 0.93111532123 0.205682245173 0.0 1.0 0.116213598338 0.375 0.151515151515 0.0 1.0
欧+债+危机 2.0 0.105250169514 0.454545454545 0.494500036497 0.874730695628 0.236768363125 0.0 1.0 0.0753020125593 0.375 0.0808080808081 1.0 0.666666666667
基民盟+和+基社盟 2.0 0.0610220865176 0.863636363636 0.415800164204 0.914618818035 0.230891021625 0.0 1.0 0.115053018481 0.375 0.111111111111 0.0 0.333333333333
德国+联邦+议院 0.0 0.161867982727 0.727272727273 0.217255632478 0.955319916277 0.235839433265 0.0 1.0 0.740059385781 0.166666666667 0.212121212121 0.0 1.0
进入+联邦+议院 0.0 0.0873761735408 0.727272727273 0.335158318669 0.87256235122 0.252824900214 0.0 1.0 0.169580920675 0.375 0.121212121212 0.0 0.666666666667
执政+12+年 0.0 0.101284473965 0.409090909091 0.502641218122 0.863684512416 0.158754265996 0.0 1.0 0.0902773395023 0.375 0.0707070707071 0.0 0.0
两+个+月 0.0 0.042899914844 0.318181818182 0.474806807469 0.878158031797 0.234983194126 0.0 1.0 0.0 0.375 0.0808080808081 0.0 0.333333333333
领导+的+基督教 0.0 0.0374660540427 0.727272727273 0.280498381116 0.890628238601 0.135014901863 0.0 1.0 0.140576264868 0.375 0.0909090909091 0.0 0.666666666667
第四+个+总理 0.0 0.0620519592947 0.590909090909 0.549163427408 0.827491139578 0.151569098547 0.0 1.0 0.0897367138296 0.375 0.0707070707071 0.0 0.333333333333
组阁+谈判+失败 3.0 0.0927801185804 0.727272727273 0.552070233418 0.848006400319 0.19219802614 0.0 1.0 0.514625717608 0.375 0.0808080808081 0.0 0.0
领导+的+基民盟 0.0 0.0803100676463 0.727272727273 0.314104565053 0.934162868118 0.182755008404 0.0 1.0 0.0963286933373 0.375 0.0808080808081 0.0 0.333333333333
新+一+届 0.0 0.131684571886 0.318181818182 0.280299266494 0.953157666302 0.278406214865 0.0263157894737 1.0 0.0 0.375 0.171717171717 1.0 0.0
自民党+和+绿党 3.0 0.16408740655 0.727272727273 0.369443325534 0.912656519442 0.271810553519 0.0 1.0 0.260222825729 0.375 0.141414141414 0.0 0.666666666667
第三+大+党 1.0 0.149537800934 0.454545454545 0.313970861761 0.948966995016 0.196637904705 0.0 1.0 0.0294143768415 0.375 0.272727272727 0.0 0.333333333333
中国+新闻+周刊 0.0 0.160925520221 0.727272727273 0.766790285744 0.400444576248 0.0837616908064 0.0 1.0 0.712867658469 1.0 0.010101010101 0.0 1.0
基督教+社会+联盟 0.0 0.0374660540427 0.863636363636 0.23010838556 0.883075628909 0.203633975931 0.0 1.0 0.276744423375 0.375 0.0909090909091 1.0 1.0
第一+大+党 1.0 0.0952387662566 0.454545454545 0.30624630281 0.924761045263 0.210035262592 0.0 1.0 0.0293461455978 0.375 0.141414141414 1.0 0.333333333333
欧元+兑+美元 3.0 0.158336764911 0.590909090909 0.309809865009 0.90204053277 0.160103615517 0.0131578947368 1.0 0.143999351181 0.375 0.10101010101 0.0 0.666666666667
德国+组阁+谈判 2.0 0.0638113629646 0.727272727273 0.503361311144 0.710784900349 0.134176081822 0.0263157894737 1.0 0.879209819674 0.166666666667 0.0505050505051 1.0 0.333333333333
另类+选择+党 2.0 0.254890780724 0.590909090909 0.252626864978 0.849108015394 0.227282872064 0.0 1.0 0.217480459478 0.166666666667 0.0808080808081 0.0 0.333333333333
首+次+进入 0.0 0.0872084955561 0.454545454545 0.187768319836 0.917287151295 0.224637207454 0.0 1.0 0.0584789517506 0.375 0.171717171717 0.0 0.0
次+进入+德国 0.0 0.0374660540427 0.590909090909 0.250598324801 0.892816299895 0.158383494205 0.0 1.0 0.687436368607 0.375 0.0909090909091 0.0 0.333333333333
德国+另类+选择 0.0 0.180300928935 0.727272727273 0.354017709841 0.757106103287 0.161286398935 0.0 1.0 0.846437876334 0.166666666667 0.0505050505051 0.0 0.333333333333
德国+新+选择 0.0 0.15396781389 0.590909090909 0.441479326903 0.656443375698 0.135324345858 0.0 1.0 0.83482638496 0.375 0.020202020202 1.0 0.333333333333
新+选择+党 2.0 0.151332173319 0.454545454545 0.446759840719 0.679769040486 0.206817047048 0.0 1.0 0.205868968104 0.375 0.030303030303 0.0 0.333333333333
德国+联邦+议会 1.0 0.109026043167 0.727272727273 0.396868671885 0.896863200271 0.293086221738 0.0 1.0 0.795580779662 0.375 0.0909090909091 1.0 1.0
联邦+议会+选举 3.0 0.127439483746 0.727272727273 0.487234021706 0.840917281826 0.263211106 0.0 1.0 0.251238298779 0.375 0.0707070707071 0.0 0.666666666667
12.6%+的+选票 0.0 0.0439856413835 0.545454545455 0.21186931986 0.887448128236 0.161964921894 0.0 1.0 0.0436713875378 0.375 0.10101010101 0.0 0.333333333333
斯蒂凡+⋅柯+内琉斯 0.0 0.275229583922 1.0 1.0 0.0 0.134279595852 0.0 1.0 0.0 1.0 0.0 1.0 1.0
