金莲 0.0 0.141779910022 0.105263157895 0.386833827062 0.810074463254 0.245430466051 0.0128205128205 0.0 0.0965627792801 0.166666666667 0.123711340206 0.0 0.0
公布+恋情 3.0 0.0719707037834 0.473684210526 0.367598377611 0.902714664542 0.328515242516 0.0 0.5 0.0934554626458 0.166666666667 0.144329896907 1.0 0.333333333333
秀+恩爱 3.0 0.126784710818 0.315789473684 0.451942827797 0.890593278573 0.437584256527 0.0384615384615 0.5 0.0582051641359 0.166666666667 0.144329896907 1.0 0.0
36+岁 0.0 0.0621379710352 0.105263157895 0.34487941089 0.785052355073 0.252755337223 0.0128205128205 0.5 0.0454184472331 0.166666666667 0.164948453608 1.0 0.0
岁+生日 0.0 0.0593659606457 0.315789473684 0.192719626207 0.869118720794 0.258138863809 0.0 0.5 0.0840552573553 0.0625 0.185567010309 0.0 0.333333333333
求婚+成功 3.0 0.0717271477646 0.473684210526 0.214981082232 0.789496535098 0.336982665704 0.0641025641026 0.5 0.265851330183 0.0625 0.247422680412 1.0 0.0
邓+超 1.0 0.266227410912 0.157894736842 0.366329520132 0.728284063382 0.376959016215 0.0512820512821 0.5 0.0 0.166666666667 0.0721649484536 1.0 0.333333333333
空+天 0.0 0.0398623616534 0.157894736842 0.328776589989 0.703248067729 0.129321495609 0.0 0.5 0.0 0.375 0.0721649484536 0.0 0.333333333333
天+猎 0.0 0.0398623616534 0.157894736842 0.328776589989 0.703248067729 0.147331824397 0.0 0.5 0.0 0.375 0.0721649484536 0.0 0.333333333333
李晨范+冰冰 2.0 0.017126679484 0.631578947368 0.238552750921 0.93378058793 0.325323242202 0.0641025641026 0.5 0.660422601726 0.166666666667 0.0824742268041 1.0 0.666666666667
新浪+娱乐 0.0 0.106356341184 0.473684210526 0.243017612561 0.812964005601 0.267327472421 0.0 0.5 0.171973379114 0.0625 0.587628865979 1.0 0.666666666667
娱乐+讯 0.0 0.0415209511 0.315789473684 0.24209899595 0.815405645068 0.222056213909 0.0 0.5 0.0856714373628 0.0625 0.556701030928 0.0 0.666666666667
女+演员 0.0 0.0489169636239 0.315789473684 0.401538327832 0.729226628431 0.2798689159 0.0 0.5 0.0696476163297 0.166666666667 0.0721649484536 1.0 0.333333333333
首+次 0.0 0.0377615039507 0.157894736842 0.197447593613 0.809962300042 0.342933610044 0.0 0.5 0.0 0.375 0.0927835051546 1.0 0.0
第一+次 0.0 0.0246453105642 0.315789473684 0.12702778875 0.935476076055 0.400105033353 0.0 0.5 0.0453140958569 0.166666666667 0.123711340206 1.0 0.0
男友+李晨 3.0 0.058350870352 0.473684210526 0.23701394736 0.828295833402 0.370015752561 0.0 0.5 0.408464875455 0.166666666667 0.144329896907 1.0 0.666666666667
金鸡奖+最佳 2.0 0.103823771328 0.631578947368 0.553859953644 0.622945183785 0.306274048499 0.0128205128205 0.5 0.455559285028 0.375 0.0927835051546 0.0 0.333333333333
最佳+女 2.0 0.183234965929 0.315789473684 0.50651073759 0.650968210102 0.390220633278 0.0128205128205 0.5 0.295362323463 0.375 0.134020618557 0.0 0.0
女+主角 2.0 0.145854090598 0.315789473684 0.362048737997 0.825561868095 0.304455960998 0.0128205128205 0.5 0.145616709564 0.166666666667 0.164948453608 1.0 0.333333333333
最佳+男 0.0 0.0760807695346 0.315789473684 0.481866371142 0.609096114374 0.350835543102 0.0 0.5 0.295362323463 0.375 0.0721649484536 0.0 0.0
男+主角 0.0 0.0489169636239 0.315789473684 0.280086737678 0.86403234198 0.333613785387 0.0 0.5 0.145616709564 0.166666666667 0.0721649484536 1.0 0.333333333333
黑+牛 0.0 0.0246453105642 0.157894736842 0.217285440884 0.88332775864 0.27325310901 0.0128205128205 0.5 0.0 0.0625 0.123711340206 1.0 0.333333333333
金鸡+百花 0.0 0.0229713335094 0.473684210526 0.419201575446 0.599202705891 0.113666142337 0.0128205128205 0.5 0.0967962867857 0.375 0.0515463917526 0.0 0.666666666667
百花+电影节 1.0 0.0229713335094 0.631578947368 0.419201575446 0.599202705891 0.134906321191 0.0128205128205 0.5 0.140039550333 0.375 0.0515463917526 0.0 0.666666666667
第一+时间 0.0 0.00473037026166 0.473684210526 0.412373649158 0.791945237789 0.315954041735 0.0 0.5 0.0717091698745 0.375 0.0927835051546 1.0 0.333333333333
两+天 0.0 0.0126985557424 0.157894736842 0.204800715573 0.843932267856 0.302941290501 0.0 0.5 0.0 0.166666666667 0.0721649484536 1.0 0.333333333333
武媚娘+传奇 0.0 0.0805013827193 0.631578947368 0.335646067534 0.902601462112 0.274990242559 0.0 0.5 0.0383752358427 0.375 0.103092783505 1.0 0.333333333333
冰冰+求婚 0.0 0.0257606925244 0.473684210526 0.0140723317319 0.762399863612 0.119324764031 0.025641025641 0.5 0.841127625087 0.166666666667 0.0824742268041 0.0 0.333333333333
中国+电影 0.0 0.085135371505 0.473684210526 0.616819486494 0.56966114225 0.307931827125 0.0 0.5 0.472867770774 0.375 0.0721649484536 1.0 0.666666666667
第31+届 0.0 0.0308077596829 0.263157894737 0.600353553765 0.560206649899 0.15706223767 0.0128205128205 0.5 0.040301604963 1.0 0.0721649484536 1.0 0.0
届+中国 0.0 0.0330532132564 0.315789473684 0.684919210116 0.506115564148 0.125033110599 0.0 0.5 0.0935601090319 1.0 0.0515463917526 0.0 0.333333333333
电影+金鸡奖 2.0 0.0330532132564 0.631578947368 0.684919210116 0.506115564148 0.182881133497 0.0 0.5 0.539504623307 1.0 0.0515463917526 0.0 0.666666666667
烈日+灼心 0.0 0.0294818150948 0.473684210526 0.578365398589 0.534740156541 0.230444011481 0.0 0.5 0.071308190188 1.0 0.0412371134021 1.0 0.333333333333
潘+金莲 0.0 0.141779910022 0.315789473684 0.386833827062 0.810074463254 0.130052096929 0.0128205128205 0.5 0.0965627792801 0.166666666667 0.123711340206 1.0 0.0
采访+时 0.0 0.0286468297311 0.315789473684 0.1260940311 0.886363272313 0.200281116283 0.0 0.5 0.041587291353 0.166666666667 0.113402061856 1.0 0.333333333333
颁奖+典礼 0.0 0.0229713335094 0.473684210526 0.278133292837 0.713304808938 0.200304795203 0.0 0.5 0.0839361299413 0.166666666667 0.0515463917526 1.0 0.333333333333
公开+恋情 2.0 0.0365296525058 0.473684210526 0.318514705247 0.800159424989 0.267862865734 0.0 0.5 0.104163477981 0.375 0.0618556701031 1.0 0.333333333333
两+年 0.0 0.0438603002589 0.157894736842 0.333968010411 0.853426920329 0.321177051502 0.0 0.5 0.0 0.375 0.113402061856 1.0 0.0
跑+男 0.0 0.0174667997616 0.157894736842 0.277042655108 0.827228801065 0.305206633669 0.0 0.5 0.0 0.0625 0.0721649484536 1.0 0.0
发+微博 0.0 0.0329967287151 0.315789473684 0.457638581537 0.87184564743 0.380421687955 0.0 0.5 0.304861314434 0.375 0.175257731959 0.0 0.333333333333
张+馨予 2.0 0.292228789886 0.315789473684 0.71311372664 0.885603367767 0.597103040158 0.0641025641026 0.5 0.0810879541656 1.0 0.216494845361 1.0 0.666666666667
微博+晒 0.0 0.0398623616534 0.315789473684 0.275240561376 0.824562546937 0.321756254773 0.0 0.5 0.304861314434 0.375 0.0721649484536 1.0 0.333333333333
艺术+电影 0.0 0.0869528902418 0.473684210526 1.0 0.0 0.305108407815 0.0 0.5 0.429330757126 1.0 0.0 1.0 0.666666666667
钻戒+准备 2.0 0.0126985557424 0.473684210526 0.914579099174 0.738967745445 0.115400203597 0.0 0.5 0.0588254086553 1.0 0.0721649484536 0.0 0.333333333333
冰冰+插足 0.0 0.056749055717 0.473684210526 0.819783629991 0.79708027555 0.179362600883 0.0128205128205 0.5 0.653223358234 1.0 0.103092783505 0.0 0.333333333333
张馨+予 2.0 0.0126985557424 0.315789473684 0.894651426065 0.755947294453 0.259592871281 0.0128205128205 0.5 0.0137432068567 1.0 0.113402061856 1.0 0.333333333333
长+微博 0.0 0.157961329215 0.315789473684 0.72280177884 0.839484635445 0.415069190792 0.0 0.5 0.304861314434 1.0 0.113402061856 1.0 0.333333333333
张+小姐 0.0 0.0460192873728 0.315789473684 0.82747374528 0.77994838115 0.288046504594 0.0 0.5 0.0137431582816 1.0 0.0927835051546 1.0 0.666666666667
蔡+依林 0.0 0.0762063363457 0.315789473684 0.753534763017 0.40671551488 0.312913928947 0.0 0.5 0.0 1.0 0.0103092783505 1.0 0.666666666667
霍+先生 0.0 0.112781063484 0.315789473684 0.882600675891 0.711160342428 0.352812112685 0.0128205128205 0.5 0.0366709082297 1.0 0.0618556701031 1.0 0.666666666667
冰冰+和+李晨 2.0 0.123517556515 0.684210526316 0.117616581785 0.974348772515 0.263688628536 0.0 1.0 1.0 0.166666666667 0.226804123711 0.0 0.666666666667
36+岁+生日 0.0 0.0350530462618 0.473684210526 0.301570685093 0.777259060637 0.202827456344 0.0 1.0 0.129473704588 0.166666666667 0.134020618557 0.0 0.333333333333
空+天+猎 3.0 0.0398623616534 0.368421052632 0.328776589989 0.703248067729 0.129321495609 0.0 1.0 0.0 0.375 0.0721649484536 0.0 0.333333333333
李晨+和+范 0.0 0.0685009453533 0.526315789474 0.290478247109 0.948700458953 0.185010657476 0.0 1.0 0.372301946808 0.166666666667 0.164948453608 0.0 0.666666666667
新浪+娱乐+讯 0.0 0.0415209511 0.684210526316 0.24209899595 0.815405645068 0.137564715849 0.0 1.0 0.171973379114 0.0625 0.556701030928 0.0 1.0
李晨+与+范 0.0 0.00849266644361 0.526315789474 0.10332136348 0.823433851332 0.181452254483 0.0 1.0 0.372301946808 0.166666666667 0.0824742268041 0.0 0.666666666667
金鸡奖+最佳+女 0.0 0.0542770707952 0.842105263158 0.553859953644 0.622945183785 0.224763032898 0.0128205128205 1.0 0.455559285028 0.375 0.0927835051546 0.0 0.333333333333
最佳+女+主角 3.0 0.149100822488 0.684210526316 0.504797813139 0.645712149479 0.331776229415 0.0128205128205 1.0 0.440979033027 0.375 0.123711340206 1.0 0.333333333333
金鸡+百花+电影节 3.0 0.0229713335094 1.0 0.419201575446 0.599202705891 0.113666142337 0.0128205128205 1.0 0.189995902405 0.375 0.0515463917526 1.0 1.0
范+冰冰+求婚 0.0 0.0257606925244 0.684210526316 0.0140723317319 0.762399863612 0.16103384469 0.025641025641 1.0 0.841127625087 0.166666666667 0.0824742268041 0.0 0.666666666667
届+中国+电影 0.0 0.0330532132564 0.684210526316 0.684919210116 0.506115564148 0.125033110599 0.0 1.0 0.472867770774 1.0 0.0515463917526 0.0 0.666666666667
中国+电影+金鸡奖 3.0 0.0330532132564 1.0 0.684919210116 0.506115564148 0.144928691697 0.0 1.0 0.633064732339 1.0 0.0515463917526 0.0 1.0
米妮+小+甜心 0.0 0.0555925052504 0.684210526316 0.965585035213 0.725500134854 0.136635255121 0.0 1.0 0.0256679363521 1.0 0.0618556701031 1.0 0.666666666667
买+了+钻戒 0.0 0.017126679484 0.526315789474 0.916277295738 0.754085969866 0.104879924846 0.0 1.0 0.0576492651775 1.0 0.0824742268041 0.0 0.333333333333
范+冰冰+插足 3.0 0.056749055717 0.684210526316 0.819783629991 0.79708027555 0.204481314277 0.0128205128205 1.0 0.653223358234 1.0 0.103092783505 0.0 0.666666666667
