这种 0.0 0.131993928142 0.0714285714286 0.145314957849 0.92873206712 0.657062278221 0.0 0.0 0.0244801891692 0.0625 0.237113402062 0.0 0.0
本案 0.0 0.171798997119 0.0714285714286 0.394870170031 0.937620988906 0.607582366018 0.0 0.0 0.0121705580079 0.375 0.19587628866 0.0 0.0
该案 0.0 0.156666470758 0.0714285714286 0.349143562486 0.872099969988 0.524255072463 0.0 0.0 0.0235108902089 0.375 0.216494845361 0.0 0.0
有人 0.0 0.0773172195672 0.0714285714286 0.20769439549 0.930338092865 0.522461218205 0.0 0.0 0.0147110135091 0.0625 0.247422680412 1.0 0.0
此案 0.0 0.109730515898 0.0714285714286 0.38615526469 0.875281121564 0.61824032661 0.0 0.0 0.0159700150117 0.166666666667 0.134020618557 0.0 0.0
本法 0.0 0.190721699503 0.0714285714286 0.722755081538 0.650575790996 0.355055760806 0.0 0.0 0.0248690669256 1.0 0.103092783505 0.0 0.0
判+陈世峰 0.0 0.0706711154759 0.321428571429 0.598511854308 0.816279356078 0.231699807471 0.0338983050847 0.5 0.388382979279 0.375 0.175257731959 0.0 0.333333333333
江歌案+庭审 3.0 0.102989597444 0.428571428571 0.614936360103 0.810309172055 0.331541776078 0.203389830508 0.5 0.111846156966 1.0 0.144329896907 1.0 0.333333333333
北京+时间 0.0 0.0134293071329 0.321428571429 0.504373180897 0.752018115807 0.30597663835 0.0 0.5 0.0278618300745 1.0 0.0721649484536 1.0 0.666666666667
陈方+律师 0.0 0.0500686385012 0.321428571429 0.756925905935 0.592698831359 0.252642875523 0.0 0.5 0.08275262593 1.0 0.0309278350515 1.0 0.666666666667
检方+指控 0.0 0.0423906695609 0.321428571429 0.719978435703 0.784894963681 0.257441505213 0.0 0.5 0.0619627828816 1.0 0.103092783505 1.0 0.333333333333
门+锁 0.0 0.0828710621286 0.107142857143 0.667858073046 0.810892035708 0.136719825257 0.0169491525424 0.5 0.0 1.0 0.154639175258 1.0 0.333333333333
律师+称 0.0 0.0979660599809 0.214285714286 0.706549643634 0.849410378284 0.19214958255 0.0 0.5 0.0792501929696 1.0 0.20618556701 1.0 0.333333333333
造成+江歌 0.0 0.0241234604857 0.321428571429 0.801202935792 0.670881090296 0.0947025599139 0.0 0.5 0.452784736936 1.0 0.0515463917526 0.0 0.333333333333
江歌+死亡 0.0 0.0357836539328 0.321428571429 0.795364336191 0.706525959473 0.172610106789 0.0 0.5 0.456213163477 1.0 0.0824742268041 1.0 0.333333333333
日本+妈妈 0.0 0.0184413148171 0.321428571429 0.687593340034 0.637305621569 0.114359426734 0.0 0.5 0.243436157865 0.375 0.0618556701031 1.0 0.666666666667
出庭+作证 0.0 0.133766631779 0.321428571429 0.287546661266 0.956045872163 0.363738635866 0.0508474576271 0.5 0.0393090164567 0.0 0.329896907216 1.0 0.0
找+刘鑫 0.0 0.0462625579636 0.214285714286 0.484750166084 0.884196076562 0.272089219166 0.0 0.5 0.549308770515 0.0625 0.185567010309 1.0 0.333333333333
刘鑫+复合 0.0 0.0673509433185 0.321428571429 0.601719689069 0.838669883585 0.235463890737 0.0 0.5 0.549494801565 0.375 0.144329896907 0.0 0.333333333333
江歌+妈妈 2.0 0.32903399476 0.321428571429 0.270611970399 0.968260545935 0.520627460943 0.0169491525424 0.5 0.566854481135 0.0 0.257731958763 1.0 0.666666666667
陈世峰+杀人 2.0 0.0929532223813 0.428571428571 0.627065648858 0.809196448906 0.302305197819 0.0169491525424 0.5 0.454639805109 1.0 0.144329896907 1.0 0.333333333333
前往+江歌 0.0 0.00489019059486 0.321428571429 0.572657776286 0.811359011794 0.236618499384 0.0 0.5 0.450690418744 0.375 0.0927835051546 0.0 0.333333333333
江歌+家 0.0 0.0268377404494 0.214285714286 0.707443907683 0.774607939225 0.265547791834 0.0 0.5 0.450505605461 0.166666666667 0.19587628866 1.0 0.333333333333
戴+眼镜 0.0 0.0357836539328 0.214285714286 0.693146332512 0.656277565478 0.239107034596 0.0 0.5 0.00564109620223 1.0 0.0824742268041 1.0 0.333333333333
大学+研究室 0.0 0.0969143691073 0.428571428571 0.773644737305 0.722878435103 0.210435406379 0.0 0.5 0.02103114865 1.0 0.0618556701031 1.0 0.666666666667
案+发 0.0 0.16412451472 0.107142857143 0.412292937616 0.957180342031 0.365813089324 0.0338983050847 0.5 0.0 0.0625 0.412371134021 1.0 0.333333333333
刘鑫+递给 0.0 0.0906873967642 0.321428571429 0.728535014415 0.838430302086 0.163193189395 0.0 0.5 0.549494394539 1.0 0.164948453608 1.0 0.333333333333
递给+江歌 0.0 0.157270706469 0.321428571429 0.688464328328 0.849467260866 0.23627419458 0.0 0.5 0.450691229485 1.0 0.247422680412 1.0 0.333333333333
刘鑫+证言 0.0 0.0137977700026 0.321428571429 0.490235297845 0.739031834965 0.235666555935 0.0169491525424 0.5 0.549494034613 0.375 0.0515463917526 1.0 0.666666666667
江歌+母亲 2.0 0.185582497146 0.321428571429 0.226676360497 0.991385218013 0.464940762141 0.0677966101695 0.5 0.569946141228 0.0625 0.60824742268 1.0 0.666666666667
陈世峰+称 0.0 0.0215744739065 0.321428571429 0.777385630987 0.821334801916 0.236301073488 0.0338983050847 0.5 0.388382979279 1.0 0.123711340206 1.0 0.333333333333
江歌+身上 0.0 0.0374364180122 0.321428571429 0.74332270249 0.809398832133 0.27581430501 0.0 0.5 0.455474268243 1.0 0.113402061856 1.0 0.666666666667
刀+刺 0.0 0.0649306704119 0.107142857143 0.786642399833 0.760703774579 0.26106799358 0.0338983050847 0.5 0.0 1.0 0.0927835051546 1.0 0.333333333333
代理+律师 0.0 0.0671536782168 0.321428571429 0.541694008743 0.840661149507 0.405960058347 0.0 0.5 0.0861447251896 0.375 0.185567010309 1.0 0.333333333333
判处+死刑 1.0 0.0673509433185 0.321428571429 0.383321339824 0.875844218684 0.324498278075 0.0 0.5 0.103067576599 0.0625 0.144329896907 1.0 0.333333333333
件+事 0.0 0.063426655612 0.107142857143 0.18259388521 0.917278512175 0.297787161603 0.0 0.5 0.0 0.0625 0.175257731959 0.0 0.333333333333
处+伤口 0.0 0.00407581240883 0.214285714286 0.721512040342 0.69843865119 0.181486380948 0.0 0.5 0.01793785931 1.0 0.0721649484536 0.0 0.333333333333
杀人+动机 2.0 0.0928139804823 0.321428571429 0.577972824844 0.862404996573 0.330796489266 0.0 0.5 0.0793914798832 0.375 0.19587628866 1.0 0.333333333333
刘鑫+开门 0.0 0.0136435018537 0.321428571429 0.616446913538 0.79329096567 0.196933415703 0.0 0.5 0.557254331162 1.0 0.113402061856 1.0 0.333333333333
东京+地方 0.0 0.105636625397 0.321428571429 0.375952727385 0.944061021059 0.3472261992 0.0 0.5 0.0595121742493 0.0625 0.381443298969 1.0 0.666666666667
地方+裁判 0.0 0.0295054459594 0.321428571429 0.273415489578 0.898241567504 0.200616856896 0.0 0.5 0.0265442164664 0.166666666667 0.123711340206 0.0 0.666666666667
检方+认为 0.0 0.0715673078652 0.321428571429 0.70220928268 0.738696667697 0.171134624033 0.0 0.5 0.0706106424964 1.0 0.0824742268041 1.0 0.333333333333
判处+陈世峰 0.0 0.0277253991011 0.428571428571 0.433442853419 0.8540920143 0.241558185843 0.0 0.5 0.393814692063 0.375 0.154639175258 0.0 0.333333333333
陈世峰+回答 0.0 0.372690576827 0.428571428571 0.896561913538 0.36324565648 0.276389889368 0.0 0.5 0.408124147705 1.0 0.020618556701 1.0 0.333333333333
案发+时 0.0 0.171823820394 0.214285714286 0.413381077538 0.926649607192 0.299265557959 0.0 0.5 0.0250068784941 0.166666666667 0.247422680412 1.0 0.333333333333
江歌+案 3.0 0.0341500567862 0.214285714286 0.372302532493 0.763297445761 0.191173584682 0.0169491525424 0.5 0.450505605461 0.166666666667 0.19587628866 1.0 0.666666666667
东京+开庭 3.0 0.0941848686096 0.321428571429 0.377603008835 0.92669452209 0.249361783972 0.0338983050847 0.5 0.0747667454437 0.166666666667 0.237113402062 1.0 0.333333333333
案+庭审 0.0 0.00863218303065 0.214285714286 0.548143084078 0.678788235959 0.190256394758 0.0169491525424 0.5 0.0726449929796 0.375 0.19587628866 0.0 0.333333333333
日本+警方 0.0 0.144222069867 0.321428571429 0.272833593114 0.973324481365 0.334124116606 0.0338983050847 0.5 0.247386449272 0.0625 0.340206185567 1.0 0.666666666667
陈世峰+否认 0.0 0.0357836539328 0.428571428571 0.70063410973 0.794575106167 0.27458853379 0.0677966101695 0.5 0.411046257733 1.0 0.0824742268041 1.0 0.333333333333
陈世峰+律师 0.0 0.063426655612 0.428571428571 0.737414223055 0.781765610375 0.30012352513 0.0338983050847 0.5 0.467633172249 1.0 0.123711340206 1.0 0.666666666667
被告人+陈世峰 3.0 0.176434418643 0.535714285714 0.56054448247 0.856925320574 0.378487268772 0.0 0.5 0.411713740194 0.375 0.0927835051546 1.0 0.666666666667
辩方+律师 0.0 0.101648103223 0.321428571429 0.623671412003 0.777415872243 0.260500281533 0.0 0.5 0.0937131900716 0.375 0.123711340206 1.0 0.666666666667
东京+时间 0.0 0.0380595783895 0.321428571429 0.626642392981 0.713354856328 0.314863133021 0.0 0.5 0.0677008549212 1.0 0.0618556701031 1.0 0.666666666667
句+话 0.0 0.0591884334677 0.107142857143 0.350037044086 0.842296548896 0.231572647811 0.0 0.5 0.0 0.166666666667 0.175257731959 0.0 0.333333333333
歌+妈妈 0.0 0.063426655612 0.214285714286 0.247782707392 0.87762247819 0.395279218086 0.0 0.5 0.150448600055 0.0 0.329896907216 1.0 0.666666666667
换洗+衣服 0.0 0.00942821846242 0.321428571429 0.709289295326 0.767300723849 0.165150497771 0.0 0.5 0.0216671565389 1.0 0.103092783505 1.0 0.333333333333
陈世峰+死刑 1.0 0.12396469863 0.428571428571 0.423792531194 0.91282951855 0.296411390557 0.0 0.5 0.406828863043 0.375 0.309278350515 1.0 0.666666666667
澎湃+新闻 0.0 0.288315050492 0.321428571429 0.540883954121 0.867871891001 0.437383220889 0.0 0.5 0.0544679381979 0.375 0.309278350515 1.0 0.333333333333
澎湃+新闻记者 0.0 0.100884194434 0.535714285714 0.345775304897 0.786949976483 0.255220786841 0.0 0.5 0.0362198810855 1.0 0.113402061856 1.0 0.333333333333
新闻记者+邓雅菲 0.0 0.0197610025258 0.642857142857 0.471851615728 0.513015189981 0.118229895254 0.0 0.5 0.0129865244394 1.0 0.0412371134021 0.0 0.666666666667
庭审+现场 3.0 0.117245059094 0.321428571429 0.730343798246 0.793046691366 0.352226607361 0.0338983050847 0.5 0.0984839242168 1.0 0.144329896907 1.0 0.333333333333
租+住 0.0 0.0176688312371 0.107142857143 0.274101985069 0.934723551843 0.22478249042 0.0 0.5 0.0 0.166666666667 0.103092783505 0.0 0.0
看到+刘鑫 0.0 0.00863218303065 0.321428571429 0.553595540817 0.77756014232 0.19371625381 0.0 0.5 0.566781960791 0.375 0.0618556701031 1.0 0.333333333333
持+刀 0.0 0.0536754808992 0.107142857143 0.635984087007 0.82497842604 0.39492479979 0.0 0.5 0.0 0.166666666667 0.0927835051546 1.0 0.333333333333
责任+编辑 0.0 0.0306385528988 0.321428571429 0.196204272238 0.914830577953 0.29681933628 0.0 0.5 0.074151125473 0.0625 0.164948453608 1.0 0.666666666667
江歌+推 0.0 0.0601784268353 0.214285714286 1.0 0.0210128381919 0.0908108280574 0.0338983050847 0.5 0.450505605461 0.375 0.020618556701 0.0 0.333333333333
庭+审 0.0 0.0227828018569 0.107142857143 0.57445576629 0.630654535564 0.189766452966 0.0 0.5 0.0 0.0625 0.329896907216 1.0 0.333333333333
坚持+住 0.0 0.0737818415324 0.214285714286 1.0 0.0210128381919 0.110931197663 0.0 0.5 0.00530199939439 1.0 0.0103092783505 0.0 0.0
洗+衣服 0.0 0.0227828018569 0.214285714286 0.794020048264 0.725488800664 0.240423313282 0.0 0.5 0.0170952904102 1.0 0.154639175258 0.0 0.333333333333
进+门 0.0 0.117107910369 0.107142857143 0.598528261328 0.834286943617 0.329390279271 0.0 0.5 0.0 0.166666666667 0.134020618557 0.0 0.333333333333
知道+刘鑫 0.0 0.0176688312371 0.321428571429 0.548022609543 0.643542298737 0.157553420944 0.0169491525424 0.5 0.58875491425 1.0 0.103092783505 0.0 0.333333333333
见到+江歌 0.0 0.0268377404494 0.321428571429 0.719260785328 0.662240536627 0.146198620146 0.0 0.5 0.453428540178 1.0 0.103092783505 0.0 0.333333333333
杀+刘鑫 0.0 0.0137977700026 0.214285714286 0.775750627296 0.623381724377 0.177571481173 0.0 0.5 0.549308770515 0.375 0.0618556701031 0.0 0.333333333333
犯罪+嫌疑人 3.0 0.386298160592 0.428571428571 0.280824267541 0.941231691819 0.425060363962 0.0 0.5 0.223614650292 0.166666666667 0.309278350515 1.0 0.333333333333
嫌疑人+陈世峰 3.0 0.136272422103 0.535714285714 0.322106660251 0.922202639665 0.379981856695 0.0 0.5 0.392973947204 0.166666666667 0.247422680412 1.0 0.666666666667
陈世峰+杀 0.0 0.032136296581 0.321428571429 0.802640814951 0.570865840328 0.0930193007579 0.0 0.5 0.388382979279 0.166666666667 0.278350515464 1.0 0.333333333333
律师+认为 0.0 0.0184413148171 0.321428571429 0.460087153261 0.834760088066 0.221238519094 0.0 0.5 0.102784149313 0.375 0.0618556701031 1.0 0.333333333333
陈世峰+方面 0.0 0.0654262224197 0.428571428571 0.782441863054 0.710695280809 0.209148836581 0.0169491525424 0.5 0.394890509658 1.0 0.0515463917526 1.0 0.666666666667
中国+留学生 0.0 0.110672490447 0.428571428571 0.309481310458 0.939725417901 0.267963142347 0.0 0.5 0.156217822861 0.166666666667 0.226804123711 1.0 0.666666666667
留学生+江歌 3.0 0.108300136719 0.428571428571 0.25162194217 0.97021942199 0.304030168782 0.0338983050847 0.5 0.464180923878 0.0625 0.453608247423 1.0 0.666666666667
江歌+开门 0.0 0.0557823660899 0.321428571429 0.579390485375 0.853794953854 0.074716015846 0.0 0.5 0.458451166108 0.375 0.123711340206 0.0 0.333333333333
报警+电话 0.0 0.119832525168 0.321428571429 0.818483206105 0.562486325904 0.261153491294 0.0169491525424 0.5 0.0399097799665 1.0 0.0309278350515 1.0 0.333333333333
问+刘鑫 0.0 0.0612293341703 0.214285714286 0.663895729201 0.714607109501 0.204430908152 0.0169491525424 0.5 0.549308770515 0.166666666667 0.123711340206 0.0 0.333333333333
接受+媒体 0.0 0.140539054698 0.321428571429 0.608018328958 0.757943942379 0.250269686746 0.0 0.5 0.0524200886941 0.375 0.113402061856 0.0 0.333333333333
媒体+采访 0.0 0.164331970856 0.321428571429 0.608018328958 0.757943942379 0.259732523223 0.0 0.5 0.0477362107363 0.375 0.113402061856 1.0 0.333333333333
采访+时 0.0 0.380379304316 0.214285714286 0.486413958485 0.872718899524 0.2759773519 0.0 0.5 0.0260638927733 0.0625 0.185567010309 1.0 0.333333333333
被告+陈世峰 3.0 0.032136296581 0.428571428571 0.734588933041 0.772721201663 0.230917567623 0.0 0.5 0.397939066926 1.0 0.0721649484536 1.0 0.666666666667
迅速+关上 0.0 0.0295054459594 0.321428571429 0.694932478329 0.772567949026 0.0717336599167 0.0 0.5 0.00831758546072 1.0 0.113402061856 1.0 0.0
陈世峰+来到 0.0 0.00489019059486 0.428571428571 0.767659584672 0.699901929034 0.111888820484 0.0 0.5 0.394020013438 1.0 0.0927835051546 1.0 0.333333333333
来到+江歌 0.0 0.0136435018537 0.321428571429 0.715302212502 0.765515415518 0.195122468259 0.0 0.5 0.450690693216 1.0 0.113402061856 0.0 0.333333333333
刘鑫+拒绝 0.0 0.0137977700026 0.321428571429 0.655067713003 0.679879286364 0.154282086133 0.0 0.5 0.557456779408 0.375 0.0515463917526 1.0 0.333333333333
江歌+回来 0.0 0.0136435018537 0.321428571429 0.611361795036 0.782281743299 0.158576954731 0.0 0.5 0.46418508243 0.375 0.113402061856 1.0 0.333333333333
刘鑫+听到 0.0 0.00407581240883 0.321428571429 0.718601076885 0.696861568611 0.148228210377 0.0 0.5 0.559518186974 1.0 0.0721649484536 1.0 0.333333333333
听到+江歌 0.0 0.10403158429 0.321428571429 0.630517666031 0.806992203475 0.24728391564 0.0 0.5 0.46071502192 0.375 0.164948453608 0.0 0.333333333333
陈世峰+知道 0.0 0.0306218248021 0.428571428571 0.625908215139 0.7958928918 0.173194071843 0.0 0.5 0.423204911526 0.166666666667 0.0927835051546 1.0 0.333333333333
刘鑫+发 0.0 0.057677841962 0.214285714286 0.818679824087 0.637743081176 0.21396854178 0.0 0.5 0.549308770515 0.375 0.0927835051546 1.0 0.333333333333
发+微信 0.0 0.125671243821 0.214285714286 0.602267109807 0.756453421469 0.222286613124 0.0 0.5 0.0576282515775 0.166666666667 0.0721649484536 0.0 0.333333333333
检方+称 0.0 0.0 0.214285714286 0.707521531133 0.746221566905 0.10929160074 0.0 0.5 0.0470766861526 1.0 0.0824742268041 1.0 0.333333333333
看到+江歌 0.0 0.0357836539328 0.321428571429 0.710808037044 0.741796784201 0.209993665797 0.0 0.5 0.467978795737 1.0 0.0824742268041 1.0 0.333333333333
警方+指控 0.0 0.0695502754772 0.321428571429 0.78989230304 0.685009120489 0.158447221424 0.0169491525424 0.5 0.0768526620145 1.0 0.0721649484536 1.0 0.333333333333
指控+陈世峰 2.0 0.0787152346566 0.428571428571 0.677504155918 0.800760847253 0.256111904021 0.0169491525424 0.5 0.403269076008 0.375 0.123711340206 1.0 0.333333333333
江歌+倒下 0.0 0.0220446133998 0.321428571429 0.718931110403 0.762486812429 0.192695102298 0.0 0.5 0.450690286491 1.0 0.0927835051546 1.0 0.333333333333
杀人+罪 0.0 0.0215744739065 0.214285714286 0.669002097804 0.772800070433 0.174905958218 0.0 0.5 0.0662568258293 1.0 0.113402061856 1.0 0.333333333333
失去+意识 0.0 0.0137977700026 0.321428571429 0.770520231755 0.629021454219 0.170311790558 0.0 0.5 0.0130593569952 1.0 0.0515463917526 0.0 0.333333333333
江+歌手 0.0 0.0137977700026 0.214285714286 0.837900015949 0.636852077459 0.196786569894 0.0 0.5 0.00335788949443 1.0 0.0618556701031 1.0 0.666666666667
庭审+结束 0.0 0.0447295674158 0.321428571429 0.670379440766 0.748922417818 0.212321628971 0.0 0.5 0.0854969381738 0.375 0.0824742268041 1.0 0.0
母亲+江 0.0 0.0134674019971 0.214285714286 0.340310351344 0.823960746943 0.188171393233 0.0 0.5 0.119440535767 0.0625 0.309278350515 1.0 0.666666666667
江+秋莲 3.0 0.240019812519 0.214285714286 0.478224708026 0.881815611668 0.37389017852 0.0 0.5 0.0152707012224 0.0625 0.268041237113 1.0 0.666666666667
微信+通话 0.0 0.00894591348301 0.321428571429 0.704251373499 0.681260533425 0.171187214546 0.0 0.5 0.0896532633963 0.375 0.0824742268041 1.0 0.333333333333
聊天+记录 0.0 0.00894591348301 0.321428571429 0.767105605795 0.641480884318 0.214839668878 0.0 0.5 0.0171479408599 1.0 0.0824742268041 1.0 0.0
江歌+公寓 0.0 0.0134674019971 0.321428571429 0.805242471435 0.648053880533 0.203104815456 0.0 0.5 0.457208927202 1.0 0.0927835051546 1.0 0.666666666667
江歌+遇害 3.0 0.185218772446 0.321428571429 0.295376873015 0.957254432711 0.422490454608 0.0338983050847 0.5 0.477607153775 0.0 0.453608247423 1.0 0.333333333333
拉+黑 0.0 0.00863218303065 0.107142857143 0.405021531562 0.632315645289 0.29378298498 0.0169491525424 0.5 0.0 0.166666666667 0.0824742268041 0.0 0.0
联系+方式 0.0 0.00407581240883 0.321428571429 0.619593653459 0.701570877221 0.170262220102 0.0 0.5 0.0563929425473 0.375 0.0721649484536 1.0 0.333333333333
换+裤子 0.0 0.0136435018537 0.214285714286 0.613091214517 0.735073414664 0.176700479586 0.0 0.5 0.00613158176666 0.375 0.113402061856 1.0 0.333333333333
大东+文化 0.0 0.0506548341871 0.321428571429 0.587827119932 0.859992436692 0.25875899466 0.0 0.5 0.0113006547202 0.375 0.164948453608 1.0 0.666666666667
文化+大学 0.0 0.0176688312371 0.321428571429 0.582519375478 0.871035609538 0.247229482102 0.0 0.5 0.0218315436114 0.375 0.164948453608 1.0 0.666666666667
日本+东京 0.0 0.142243573646 0.321428571429 0.403733892363 0.936839659231 0.31215835005 0.0 0.5 0.253154403796 0.166666666667 0.278350515464 1.0 0.666666666667
媒体+报道 0.0 0.0552982306151 0.321428571429 0.246096801268 0.947776054872 0.222475749598 0.0 0.5 0.0567843864518 0.0625 0.154639175258 1.0 0.666666666667
看看+新闻 0.0 0.0134293071329 0.321428571429 0.638622684146 0.714389116763 0.255056993114 0.0 0.5 0.0317689217561 0.375 0.0721649484536 0.0 0.333333333333
接受+采访 0.0 0.0969143691073 0.321428571429 0.467703857274 0.88406521177 0.282114583699 0.0 0.5 0.0532212559019 0.166666666667 0.0618556701031 1.0 0.0
陈世峰+是否 0.0 0.0439827404245 0.428571428571 0.454722366887 0.907196727738 0.363665131138 0.0169491525424 0.5 0.415304192624 0.375 0.164948453608 0.0 0.333333333333
中国+女 0.0 0.0875983324831 0.214285714286 0.391318271678 0.8924387998 0.22236711293 0.0169491525424 0.5 0.129432329162 0.166666666667 0.134020618557 0.0 0.333333333333
女+留学生 0.0 0.0915031222286 0.321428571429 0.319369960396 0.911808101743 0.253062519928 0.0169491525424 0.5 0.0267854936989 0.166666666667 0.175257731959 1.0 0.333333333333
开庭+审理 3.0 0.111041292014 0.321428571429 0.419444426418 0.920805377047 0.214675847331 0.0 0.5 0.0500661919443 0.166666666667 0.19587628866 1.0 0.0
女友+刘鑫 0.0 0.0268377404494 0.321428571429 0.351754896692 0.822065849493 0.282788831679 0.0 0.5 0.549493826236 0.166666666667 0.0824742268041 1.0 0.666666666667
找+江歌 0.0 0.0551005319362 0.214285714286 0.764869382269 0.691657227041 0.238368849641 0.0 0.5 0.450505605461 1.0 0.0618556701031 1.0 0.333333333333
地方+法院 0.0 0.0884356431939 0.321428571429 0.463390035958 0.871133613498 0.331654018306 0.0 0.5 0.0553502817479 0.166666666667 0.226804123711 0.0 0.666666666667
杀害+江 0.0 0.00894591348301 0.214285714286 0.406917392051 0.868186206003 0.218252408384 0.0 0.5 0.0226124618085 0.166666666667 0.154639175258 0.0 0.333333333333
杀死+江歌 2.0 0.0134674019971 0.321428571429 0.587163666135 0.738471751726 0.224799257705 0.0 0.5 0.454190982239 0.375 0.0927835051546 1.0 0.333333333333
希望+江歌 0.0 0.00489019059486 0.321428571429 0.586222363609 0.778279581795 0.161564821482 0.0 0.5 0.46365246422 0.375 0.0927835051546 0.0 0.333333333333
刘鑫+先进屋 0.0 0.0220446133998 0.428571428571 0.514748605413 0.699323117719 0.135041534497 0.0 0.5 0.549493693333 0.375 0.0927835051546 1.0 0.666666666667
新闻+报道 0.0 0.0671125078844 0.321428571429 0.593229179835 0.713301759651 0.202967755773 0.0 0.5 0.0469273383155 0.375 0.103092783505 1.0 0.666666666667
被害人+江歌 3.0 0.0215744739065 0.428571428571 0.405004253064 0.885759171917 0.289256630092 0.0 0.5 0.450692753378 0.375 0.113402061856 1.0 0.666666666667
处+伤痕 0.0 0.0241234604857 0.214285714286 0.672695491937 0.71337130321 0.149445431142 0.0 0.5 0.00350242969354 1.0 0.0515463917526 0.0 0.333333333333
公寓+门前 0.0 0.017560918479 0.321428571429 0.601750121301 0.794288234168 0.207690373177 0.0 0.5 0.0286120645004 0.375 0.123711340206 1.0 0.666666666667
法院+门口 0.0 0.00863218303065 0.321428571429 0.638329980338 0.692564199954 0.216148776285 0.0 0.5 0.0527242099205 1.0 0.0618556701031 1.0 0.666666666667
日本+法律 0.0 0.114683855212 0.321428571429 0.36098790178 0.934865081947 0.311593935978 0.0 0.5 0.362640615704 0.166666666667 0.257731958763 1.0 0.666666666667
江秋莲+发布 0.0 0.0 0.428571428571 0.775937356845 0.611593531898 0.122738079263 0.0 0.5 0.0784749569996 1.0 0.0824742268041 1.0 0.333333333333
律师+事务所 0.0 0.0557823660899 0.428571428571 0.398349368295 0.909880844787 0.331416875901 0.0 0.5 0.0811618589581 0.166666666667 0.123711340206 1.0 0.666666666667
唐徕+回 0.0 0.0622602022555 0.214285714286 0.968639625601 0.0 0.206581832598 0.0 0.5 0.0 1.0 0.0 1.0 0.333333333333
告诉+澎湃 0.0 0.0259094440115 0.321428571429 0.581433441514 0.775216369648 0.245631703827 0.0 0.5 0.038476312756 1.0 0.103092783505 0.0 0.0
网络+暴力 0.0 0.057677841962 0.321428571429 0.255922968728 0.729402060183 0.398878822196 0.0169491525424 0.5 0.0552583350487 0.166666666667 0.0618556701031 1.0 0.666666666667
江歌+遇害案 3.0 0.0423906695609 0.428571428571 0.252358455185 0.84759767781 0.372222827731 0.0338983050847 0.5 0.457448970583 0.0625 0.103092783505 1.0 0.333333333333
日+留学生 0.0 0.0341500567862 0.321428571429 0.508472919136 0.751492359334 0.198031778101 0.0 0.5 0.0267854936989 0.0625 0.103092783505 1.0 0.333333333333
结伴+回家 0.0 0.0 0.321428571429 0.658964858206 0.674680536861 0.121564409488 0.0 0.5 0.0160238253399 0.375 0.0824742268041 0.0 0.0
刘鑫+是否 0.0 0.218239955948 0.321428571429 0.287054631368 0.917681248536 0.409971886902 0.0677966101695 0.5 0.550254321729 0.0625 0.268041237113 0.0 0.333333333333
蓄谋+杀人 2.0 0.0 0.321428571429 0.564329513568 0.640028195049 0.164991263569 0.0169491525424 0.5 0.0684053816524 0.375 0.0824742268041 0.0 0.0
本次+庭审 0.0 0.017560918479 0.321428571429 0.681286496065 0.713262748581 0.158493782021 0.0 0.5 0.0769493783868 1.0 0.123711340206 0.0 0.0
主张+陈世峰 0.0 0.0134293071329 0.428571428571 0.639411546371 0.741318613976 0.218699667175 0.0 0.5 0.397189951398 0.375 0.0721649484536 0.0 0.333333333333
律师+主张 0.0 0.0384413240568 0.321428571429 0.74888345398 0.514022481325 0.19309156046 0.0 0.5 0.0880571650879 1.0 0.0309278350515 1.0 0.333333333333
警方+提供 0.0 0.0220446133998 0.321428571429 0.613617702433 0.73144746176 0.109355831081 0.0 0.5 0.0768467722803 1.0 0.0927835051546 0.0 0.333333333333
母亲+江秋莲 3.0 0.122323363001 0.428571428571 0.471290925856 0.88263327927 0.234085577202 0.0 0.5 0.119660108235 0.166666666667 0.216494845361 1.0 0.666666666667
日本+刑法 2.0 0.0757519129032 0.321428571429 0.527209207374 0.667388849533 0.233476926836 0.0 0.5 0.283086488069 0.375 0.0515463917526 1.0 0.666666666667
证明+陈世峰 0.0 0.0295054459594 0.428571428571 0.579275412355 0.724312886814 0.213254011688 0.0 0.5 0.39855200996 0.375 0.113402061856 0.0 0.333333333333
公开+报道 0.0 0.0 0.321428571429 0.527627384189 0.780286532923 0.19143389782 0.0 0.5 0.0471670312952 0.375 0.0824742268041 1.0 0.333333333333
朝日+新闻 0.0 0.0 0.321428571429 0.787566278475 0.575837792626 0.116085878401 0.0 0.5 0.0312344132569 1.0 0.0824742268041 1.0 0.333333333333
陈世峰+尾随 0.0 0.0 0.428571428571 0.565390533428 0.717866204143 0.0854127547509 0.0 0.5 0.393210443189 0.375 0.0824742268041 1.0 0.333333333333
江歌案+开庭 3.0 0.0580887545974 0.428571428571 0.592939352838 0.772650398651 0.201360156033 0.101694915254 0.5 0.0711572415292 0.375 0.134020618557 1.0 0.333333333333
正当+防卫 0.0 0.0423906695609 0.321428571429 0.616084967415 0.736891541537 0.24573536799 0.0169491525424 0.5 0.0108573850073 1.0 0.103092783505 1.0 0.0
杀害+江歌 2.0 0.00407581240883 0.321428571429 0.333872426576 0.843651524237 0.210027486131 0.0 0.5 0.466944276211 0.166666666667 0.0721649484536 1.0 0.333333333333
见到+陈世峰 0.0 0.0328494975232 0.428571428571 0.60627457212 0.806928197895 0.23909139148 0.0 0.5 0.397937775082 1.0 0.123711340206 1.0 0.333333333333
陈世峰+发生 0.0 0.0259094440115 0.428571428571 0.640220737884 0.738643643858 0.198151210644 0.0169491525424 0.5 0.407945774591 1.0 0.103092783505 0.0 0.333333333333
陈世峰+承认 0.0 0.00489019059486 0.428571428571 0.632621848927 0.730055044261 0.13606947658 0.0 0.5 0.405142265398 0.375 0.0927835051546 1.0 0.333333333333
时+是否 0.0 0.00942821846242 0.214285714286 0.644366010041 0.699520747979 0.188604660442 0.0 0.5 0.061556646573 0.375 0.103092783505 0.0 0.333333333333
是否+存在 0.0 0.045367390065 0.321428571429 0.516582584763 0.761251507708 0.279140383573 0.0 0.5 0.0725064141745 0.166666666667 0.113402061856 1.0 0.0
存在+刘鑫人 0.0 0.0 0.428571428571 0.737902401563 0.592765439416 0.0475418954416 0.0 0.5 0.0110234727804 1.0 0.0824742268041 0.0 0.333333333333
听到+有人 0.0 0.0 0.321428571429 0.784160929702 0.554499014131 0.132536756684 0.0 0.5 0.0307662440414 1.0 0.0824742268041 0.0 0.0
律师+大江洋平 0.0 0.0906623046191 0.535714285714 0.703972166736 0.641430174718 0.273159143719 0.0 0.5 0.0910087545697 0.375 0.0927835051546 1.0 0.666666666667
凶手+陈世峰 3.0 0.0134293071329 0.428571428571 0.255071034203 0.888251701213 0.287034247038 0.0 0.5 0.394820559602 0.0625 0.0721649484536 1.0 0.666666666667
江歌+被害案 3.0 0.0415118148581 0.428571428571 0.23934265399 0.901473948533 0.314075418963 0.0169491525424 0.5 0.450699888628 0.166666666667 0.154639175258 1.0 0.666666666667
陈世峰+准备 0.0 0.0295054459594 0.428571428571 0.589691995621 0.763484004666 0.136443263034 0.0 0.5 0.407281468637 1.0 0.113402061856 1.0 0.333333333333
陈世峰+杀害 0.0 0.063426655612 0.428571428571 0.402242668532 0.839035525987 0.205894245065 0.0 0.5 0.402062062574 0.166666666667 0.123711340206 1.0 0.333333333333
因果+关系 0.0 0.205435236034 0.321428571429 0.663432275622 0.658033556339 0.272091332144 0.0 0.5 0.0209146490602 0.375 0.0412371134021 1.0 0.333333333333
歌+母亲 0.0 0.0507113601257 0.214285714286 0.24173833028 0.900386983391 0.325253987084 0.0169491525424 0.5 0.119440535767 0.0625 0.628865979381 0.0 0.666666666667
室友+刘鑫 2.0 0.0484050227366 0.321428571429 0.36990589844 0.858003245861 0.33843697662 0.0 0.5 0.55045191475 0.0625 0.20618556701 1.0 0.666666666667
赴+日 0.0 0.0220446133998 0.107142857143 0.550650651654 0.678282878836 0.189232810386 0.0 0.5 0.0 0.166666666667 0.0927835051546 1.0 0.0
男友+陈世峰 2.0 0.0650848500732 0.428571428571 0.316391905237 0.90697643717 0.176234046005 0.0 0.5 0.394985555167 0.0625 0.216494845361 1.0 0.666666666667
中国+法律 0.0 0.0507113601257 0.321428571429 0.4201654826 0.873608590444 0.250675338157 0.0 0.5 0.258108335812 0.166666666667 0.134020618557 1.0 0.666666666667
封面+新闻记者 0.0 0.0604272581383 0.535714285714 0.641559090664 0.711916725472 0.193638396214 0.0 0.5 0.012108483498 0.375 0.020618556701 1.0 0.666666666667
时+刘鑫 0.0 0.0220446133998 0.214285714286 0.68445705728 0.636798217822 0.163310556492 0.0 0.5 0.549308770515 0.166666666667 0.154639175258 0.0 0.666666666667
知道+门外 0.0 0.0906623046191 0.321428571429 0.717564749733 0.62267772892 0.200822508792 0.0 0.5 0.0512112102428 1.0 0.0927835051546 0.0 0.333333333333
是否+听见 0.0 0.0 0.321428571429 0.79942331054 0.549443513744 0.0475418954416 0.0 0.5 0.0616305209228 1.0 0.0824742268041 0.0 0.0
听见+门外 0.0 0.0 0.321428571429 0.79942331054 0.549443513744 0.0475418954416 0.0 0.5 0.0236334827638 1.0 0.0824742268041 0.0 0.333333333333
召开+记者 0.0 0.0 0.321428571429 0.854223476728 0.533477548933 0.0832170595488 0.0 0.5 0.019883597365 1.0 0.0824742268041 0.0 0.333333333333
记者+见面会 0.0 0.0 0.428571428571 0.854223476728 0.533477548933 0.0713253381797 0.0 0.5 0.0212242097535 1.0 0.0824742268041 1.0 0.666666666667
江秋莲+表示 0.0 0.167857207241 0.428571428571 0.851805775091 0.565577598811 0.144866017889 0.0 0.5 0.117934901197 1.0 0.0927835051546 1.0 0.333333333333
判+死刑 2.0 0.190881855084 0.214285714286 0.442455112242 0.868507442339 0.345632823926 0.0 0.5 0.0784072644754 0.166666666667 0.134020618557 0.0 0.333333333333
刑事+案件 0.0 0.136743686494 0.321428571429 0.324973773238 0.855583022738 0.320791716007 0.0 0.5 0.175832423462 0.166666666667 0.175257731959 1.0 0.333333333333
案件+结束 0.0 0.0134293071329 0.321428571429 0.846064521113 0.541174299763 0.0704922008109 0.0 0.5 0.0794488279256 1.0 0.0721649484536 0.0 0.333333333333
陈世峰+提起 0.0 0.0507113601257 0.428571428571 0.653492588562 0.742305386512 0.162757860813 0.0169491525424 0.5 0.394860386539 0.375 0.134020618557 0.0 0.333333333333
提起+民事 0.0 0.0816064049686 0.321428571429 0.597280262468 0.781667806441 0.160612464458 0.0 0.5 0.020147155789 0.375 0.144329896907 0.0 0.0
民事+诉讼 0.0 0.0828710621286 0.321428571429 0.559524786532 0.802488333543 0.171750622244 0.0 0.5 0.0206855680021 0.375 0.154639175258 1.0 0.0
江+妈妈 2.0 0.352378814055 0.214285714286 0.444164761414 0.697768346396 0.431867684422 0.0 0.5 0.150448600055 0.166666666667 0.0309278350515 1.0 0.666666666667
语言+学校 0.0 0.00407581240883 0.321428571429 0.797774549768 0.62027498982 0.122456551367 0.0 0.5 0.01187462581 0.375 0.0721649484536 1.0 0.666666666667
陈世峰+分手 0.0 0.0 0.428571428571 0.626807016785 0.696475905495 0.131191295863 0.0 0.5 0.391606072485 0.166666666667 0.0824742268041 0.0 0.333333333333
讨+回 0.0 0.00407581240883 0.107142857143 0.637678184289 0.639543247553 0.140324457486 0.0 0.5 0.0 0.375 0.0721649484536 0.0 0.0
回+公道 0.0 0.00407581240883 0.214285714286 0.637678184289 0.639543247553 0.122768307705 0.0 0.5 0.0109752382785 0.375 0.0721649484536 0.0 0.0
恐吓罪+逮捕 0.0 0.0282504466031 0.428571428571 0.903736142398 0.475694321515 0.0475418954416 0.0 0.5 0.0206310531448 1.0 0.0618556701031 1.0 0.333333333333
讲述+案发 0.0 0.0282504466031 0.321428571429 0.903736142398 0.475694321515 0.122077731545 0.0 0.5 0.0301084713773 1.0 0.0618556701031 0.0 0.0
案发+情况 0.0 0.0282504466031 0.321428571429 0.903736142398 0.475694321515 0.097232452844 0.0 0.5 0.0404005477636 1.0 0.0618556701031 1.0 0.333333333333
陈世峰+发布 0.0 0.00489019059486 0.428571428571 0.602798146693 0.717935169406 0.127449808254 0.0 0.5 0.3953297944 0.375 0.0927835051546 0.0 0.333333333333
发布+逮捕令 0.0 0.00489019059486 0.428571428571 0.602798146693 0.717935169406 0.111446126111 0.0 0.5 0.00999660967377 0.375 0.0927835051546 1.0 0.333333333333
国内+发起 0.0 0.041489791305 0.321428571429 0.893296930521 0.481296473173 0.0855754767746 0.0 0.5 0.0247099004801 1.0 0.0721649484536 0.0 0.333333333333
发起+签名 0.0 0.0447295674158 0.321428571429 0.747230144346 0.571712063321 0.0980862769543 0.0 0.5 0.0246557242971 0.375 0.0824742268041 0.0 0.0
签名+活动 2.0 0.12458097179 0.321428571429 0.601213762294 0.715929668435 0.201608824397 0.0 0.5 0.0365181651211 0.375 0.123711340206 1.0 0.0
征集+签名 2.0 0.00942821846242 0.321428571429 0.581213255357 0.764038123368 0.165670091668 0.0 0.5 0.0287753168376 0.375 0.103092783505 0.0 0.0
公开+审判 2.0 0.00942821846242 0.321428571429 0.500001930386 0.767559603655 0.151222429445 0.0 0.5 0.0807841427346 0.166666666667 0.103092783505 1.0 0.0
接受+新京报 0.0 0.128981139884 0.428571428571 0.71713648501 0.520475467682 0.166191371708 0.0 0.5 0.0361523638848 0.375 0.0412371134021 0.0 0.333333333333
新京报+采访 0.0 0.131459839612 0.428571428571 0.871272500213 0.362213405289 0.136745614387 0.0 0.5 0.0321949005163 1.0 0.0309278350515 0.0 0.333333333333
声+尖叫 0.0 0.0551005319362 0.214285714286 0.896337428515 0.331924599556 0.098253337219 0.0 0.5 0.0072443080992 1.0 0.0515463917526 0.0 0.333333333333
江秋莲+认为 0.0 0.0344491509692 0.428571428571 0.896337428515 0.331924599556 0.0944268170529 0.0 0.5 0.0950620982228 1.0 0.0515463917526 1.0 0.333333333333
时+表示 0.0 0.116317749097 0.214285714286 0.75832659899 0.532168855533 0.147734312667 0.0 0.5 0.0464067593176 0.375 0.0824742268041 0.0 0.333333333333
微博+文章 0.0 0.209985889188 0.321428571429 0.896337428515 0.331924599556 0.182455710084 0.0 0.5 0.0259339940825 1.0 0.0515463917526 1.0 0.666666666667
面对+江 0.0 0.047776247607 0.214285714286 0.486741442605 0.696161494836 0.167939515715 0.0 0.5 0.0228315644861 0.0625 0.123711340206 0.0 0.333333333333
秋莲+时 0.0 0.0344491509692 0.214285714286 0.896337428515 0.331924599556 0.0723871741428 0.0 0.5 0.0152707012224 1.0 0.0515463917526 0.0 0.666666666667
接受+澎湃 0.0 0.0380595783895 0.321428571429 0.580391446839 0.712903814311 0.223890337457 0.0 0.5 0.0548863609892 0.375 0.0618556701031 0.0 0.0
新闻+采访 0.0 0.0268140096124 0.321428571429 0.871272500213 0.362213405289 0.0852071924651 0.0 0.5 0.0528028331106 1.0 0.0309278350515 0.0 0.333333333333
日本+老太太 0.0 0.0384413240568 0.428571428571 0.942609530431 0.22367229657 0.218513986868 0.0 0.5 0.234038303845 1.0 0.0309278350515 1.0 0.666666666667
赵+律师 0.0 0.100988670926 0.214285714286 0.812961610795 0.401661167712 0.189097033375 0.0 0.5 0.0792501929696 1.0 0.0103092783505 1.0 0.666666666667
日本+开庭 2.0 0.0 0.321428571429 0.340033681331 0.793285131621 0.248849027558 0.0 0.5 0.250547752361 0.0625 0.0824742268041 0.0 0.333333333333
东京+台东区 0.0 0.00942821846242 0.428571428571 0.801473648454 0.602553817513 0.0909980941863 0.0 0.5 0.0460457122214 1.0 0.103092783505 1.0 0.666666666667
台东区+立浅 0.0 0.0 0.428571428571 0.859609600482 0.518841225319 0.0713253381797 0.0 0.5 0.0067215851923 1.0 0.0824742268041 0.0 0.666666666667
立浅+草公会堂 0.0 0.0 0.535714285714 0.859609600482 0.518841225319 0.0713253381797 0.0 0.5 0.00672384591787 1.0 0.0824742268041 0.0 0.666666666667
次+庭审 0.0 0.0134293071329 0.214285714286 0.729069868521 0.559170931838 0.157958424469 0.0 0.5 0.0726449929796 1.0 0.154639175258 0.0 0.0
女儿+讨 0.0 0.00894591348301 0.214285714286 0.585660766106 0.666211101858 0.168695123455 0.0 0.5 0.0667468292011 0.375 0.0824742268041 0.0 0.333333333333
日本+法院 0.0 0.0612293341703 0.321428571429 0.510448476465 0.736098414216 0.280890471215 0.0 0.5 0.282897291896 0.375 0.113402061856 1.0 0.666666666667
法院+判处 0.0 0.0 0.321428571429 0.619904593664 0.629817249266 0.109196197489 0.0 0.5 0.0735929949655 0.375 0.0824742268041 1.0 0.333333333333
段+时间 0.0 0.0220446133998 0.214285714286 0.382076807594 0.709499233619 0.21262022703 0.0 0.5 0.0248901870201 0.166666666667 0.0927835051546 0.0 0.333333333333
江歌+携带 0.0 0.0447748414527 0.321428571429 0.788797311243 0.395103596925 0.11376199282 0.0 0.5 0.450691429228 0.375 0.0515463917526 1.0 0.333333333333
相关+规定 0.0 0.0136435018537 0.321428571429 0.426080968768 0.742602524122 0.14210869951 0.0 0.5 0.101896200448 0.375 0.113402061856 1.0 0.0
留+日 0.0 0.0391990362043 0.107142857143 0.285329391545 0.770685210831 0.300588456733 0.0 0.5 0.0 0.0625 0.0927835051546 1.0 0.0
学生+江歌 0.0 0.0134293071329 0.321428571429 0.439285572604 0.71853031176 0.226904080225 0.0 0.5 0.450703661192 0.0625 0.505154639175 1.0 0.666666666667
承担+刑事 0.0 0.0479367253905 0.321428571429 0.48968556226 0.550779503033 0.20367391295 0.0169491525424 0.5 0.112058223302 0.166666666667 0.020618556701 0.0 0.0
刑事+责任 0.0 0.245544213945 0.321428571429 0.467635903234 0.766552742405 0.323126818495 0.0169491525424 0.5 0.161187016341 0.0625 0.144329896907 1.0 0.333333333333
刑法+规定 0.0 0.0227828018569 0.321428571429 0.550657029314 0.686448931498 0.164670529026 0.0 0.5 0.131830002368 0.375 0.0721649484536 0.0 0.333333333333
法律+规定 0.0 0.0416050299976 0.321428571429 0.297385452865 0.699236671713 0.20522827866 0.0 0.5 0.211384130003 0.166666666667 0.0412371134021 1.0 0.333333333333
刑事+处罚 0.0 0.00942821846242 0.321428571429 0.486864362211 0.762847131813 0.138835194872 0.0 0.5 0.122781102665 0.375 0.103092783505 1.0 0.0
日本+审理 2.0 0.0268140096124 0.321428571429 0.826265093189 0.496122135906 0.16095937894 0.0 0.5 0.267447657691 0.375 0.0309278350515 0.0 0.333333333333
犯罪+发生 0.0 0.0715673078652 0.321428571429 0.587341907064 0.685560611576 0.138480949875 0.0 0.5 0.199459155021 0.375 0.0824742268041 0.0 0.0
所在国+具有 0.0 0.0184413148171 0.428571428571 0.557972596772 0.671791121151 0.082230470744 0.0 0.5 0.023623453538 0.375 0.0618556701031 0.0 0.333333333333
具有+优先 0.0 0.0184413148171 0.321428571429 0.557972596772 0.671791121151 0.085822722171 0.0 0.5 0.0345618320613 0.375 0.0618556701031 0.0 0.0
优先+管辖权 0.0 0.0184413148171 0.428571428571 0.557972596772 0.671791121151 0.106759261249 0.0 0.5 0.0519148862299 0.375 0.0618556701031 1.0 0.333333333333
引渡+条约 0.0 0.0384413240568 0.321428571429 0.768618513058 0.542216291953 0.274629411292 0.0 0.5 0.057756224997 0.375 0.0309278350515 1.0 0.333333333333
我国+司法 0.0 0.0508432860291 0.321428571429 0.699666450039 0.63014359874 0.208695539899 0.0169491525424 0.5 0.0829056120428 0.375 0.0721649484536 0.0 0.666666666667
司法+机关 0.0 0.170446708923 0.321428571429 0.548670653527 0.741741800507 0.303791079159 0.0169491525424 0.5 0.0700553553074 0.166666666667 0.123711340206 1.0 0.666666666667
享有+追诉权 0.0 0.0134674019971 0.428571428571 0.573387928158 0.716178960744 0.0791735672971 0.0 0.5 0.0256632053659 0.375 0.0927835051546 0.0 0.333333333333
属地+管辖 0.0 0.0532983621175 0.321428571429 0.600501962181 0.713896461997 0.252884160656 0.0 0.5 0.0759681267589 0.375 0.113402061856 1.0 0.333333333333
管辖+原则 0.0 0.0341500567862 0.321428571429 0.599175292405 0.708251908959 0.218467599065 0.0 0.5 0.0956100328361 0.375 0.103092783505 0.0 0.333333333333
他国+发生 0.0 0.0134293071329 0.321428571429 0.611767595113 0.663843143886 0.0868406018147 0.0 0.5 0.0633553933612 0.375 0.0721649484536 0.0 0.0
发生+刑事犯罪 0.0 0.0134293071329 0.535714285714 0.611767595113 0.663843143886 0.08419870181 0.0 0.5 0.0670014443147 0.375 0.0721649484536 0.0 0.0
属地+原则 0.0 0.098405048315 0.321428571429 0.604926665683 0.691122499082 0.167499676956 0.0 0.5 0.0795791511062 0.375 0.0824742268041 1.0 0.666666666667
刑事+法律 0.0 0.0134293071329 0.321428571429 0.595517725792 0.687248777323 0.143831730249 0.0 0.5 0.225133879623 0.375 0.0721649484536 1.0 0.333333333333
进行+审判 0.0 0.0134293071329 0.321428571429 0.595090149227 0.685179379826 0.1456242357 0.0 0.5 0.0830804291469 0.375 0.0721649484536 0.0 0.0
江歌+案件 2.0 0.0227828018569 0.321428571429 0.600197538259 0.689263491549 0.152472637327 0.0 0.5 0.456879797519 0.375 0.0721649484536 1.0 0.666666666667
条+规定 0.0 0.117245059094 0.214285714286 0.544204151862 0.749929579531 0.275723059205 0.0 0.5 0.0827081233529 0.166666666667 0.154639175258 0.0 0.0
中国+司法 0.0 0.0447748414527 0.321428571429 0.652946539693 0.615864280005 0.159091234973 0.0 0.5 0.172434254012 0.375 0.0515463917526 0.0 0.666666666667
刘鑫+见面 2.0 0.0268377404494 0.321428571429 0.438362704253 0.706121517691 0.181320017337 0.0 0.5 0.561860669403 0.166666666667 0.0824742268041 0.0 0.333333333333
法院+判决 0.0 0.0525270437334 0.321428571429 0.673978897543 0.565742291464 0.302180984356 0.0 0.5 0.089398770185 0.375 0.0412371134021 1.0 0.333333333333
犯罪+行为 0.0 0.0344491509692 0.321428571429 0.77026283237 0.599027421909 0.287993419124 0.0 0.5 0.189006571298 1.0 0.0515463917526 1.0 0.333333333333
北京+师范大学 0.0 0.0416050299976 0.535714285714 0.774135212764 0.522201093154 0.237474680672 0.0 0.5 0.0182863084675 1.0 0.0412371134021 1.0 0.666666666667
我国+刑法 0.0 0.0601967807531 0.321428571429 0.755387767626 0.631021383669 0.239238177706 0.0 0.5 0.0890255662074 1.0 0.0721649484536 1.0 0.666666666667
中华人民共和国+领域 0.0 0.0423906695609 0.857142857143 0.722755081538 0.650575790996 0.175179247588 0.0 0.5 0.0401810134985 1.0 0.103092783505 1.0 0.666666666667
本法+应当 0.0 0.0 0.321428571429 0.758614433852 0.626275580631 0.0643878717588 0.0 0.5 0.038626573907 1.0 0.0824742268041 0.0 0.0
应当+负 0.0 0.00894591348301 0.214285714286 0.758614433852 0.626275580631 0.0746340915653 0.0 0.5 0.0137575069814 1.0 0.0824742268041 1.0 0.0
负+刑事 0.0 0.00894591348301 0.214285714286 0.758614433852 0.626275580631 0.0698294213052 0.0 0.5 0.0964578729732 1.0 0.0824742268041 0.0 0.0
外国+审判 0.0 0.00894591348301 0.321428571429 0.758614433852 0.626275580631 0.101920826879 0.0 0.5 0.0581525724115 1.0 0.0824742268041 1.0 0.333333333333
本法+追究 0.0 0.0 0.321428571429 0.758614433852 0.626275580631 0.0643878717588 0.0 0.5 0.0497313708833 1.0 0.0824742268041 0.0 0.0
刑罚+处罚 3.0 0.00894591348301 0.321428571429 0.730217749892 0.633598931597 0.118887277112 0.0 0.5 0.0437118705814 1.0 0.0824742268041 1.0 0.333333333333
回到+中国 0.0 0.057677841962 0.321428571429 0.766656289102 0.597371775414 0.203366780301 0.0 0.5 0.145554452757 1.0 0.0618556701031 0.0 0.333333333333
人民法院+管辖 0.0 0.161747181091 0.535714285714 0.797482342795 0.525501875881 0.0817869600324 0.0 0.5 0.0643025391217 1.0 0.0412371134021 1.0 0.0
中国+公民 0.0 0.0357836539328 0.321428571429 0.720169924106 0.627858095852 0.268741554184 0.0 0.5 0.161589902629 1.0 0.0824742268041 1.0 0.666666666667
公序+良俗 0.0 0.110389389128 0.321428571429 0.706969884158 0.53580362924 0.33674009606 0.0 0.5 0.0487713587034 0.375 0.020618556701 1.0 0.666666666667
造成+江歌+死亡 0.0 0.0241234604857 0.571428571429 0.801202935792 0.670881090296 0.0947025599139 0.0 1.0 0.458492294952 1.0 0.0515463917526 1.0 0.333333333333
找+刘鑫+复合 0.0 0.00489019059486 0.464285714286 0.679124458618 0.742906486469 0.142410202209 0.0 1.0 0.549494801565 0.375 0.0927835051546 0.0 0.333333333333
刀+是+刘鑫 0.0 0.0178918269664 0.357142857143 0.718731045837 0.783107973612 0.213313663228 0.0508474576271 1.0 0.549308770515 1.0 0.144329896907 0.0 0.666666666667
刘鑫+递给+江歌 0.0 0.0906873967642 0.571428571429 0.728535014415 0.838430302086 0.163193189395 0.0 1.0 1.0 1.0 0.164948453608 0.0 0.666666666667
东京+地方+裁判 0.0 0.0295054459594 0.571428571429 0.273415489578 0.898241567504 0.162323179187 0.0 1.0 0.0658756690762 0.166666666667 0.123711340206 0.0 1.0
判+陈世峰+死刑 3.0 0.0673509433185 0.571428571429 0.622094768925 0.773720554359 0.192231477191 0.0 1.0 0.406828863043 0.375 0.144329896907 1.0 0.666666666667
澎湃+新闻记者+邓雅菲 0.0 0.0197610025258 0.892857142857 0.471851615728 0.513015189981 0.088171314497 0.0 1.0 0.0389203184988 1.0 0.0412371134021 0.0 0.666666666667
住+的+公寓 0.0 0.00407581240883 0.357142857143 0.531026207009 0.859426276429 0.227429465102 0.0 1.0 0.0250055415667 0.166666666667 0.0927835051546 0.0 0.333333333333
刘鑫+和+江歌 3.0 0.0178918269664 0.464285714286 0.538216071284 0.694017680737 0.199602406247 0.0 1.0 0.999814375976 0.375 0.0824742268041 0.0 0.666666666667
江歌+的+嘴 0.0 0.0268140096124 0.357142857143 0.826611896978 0.522396821508 0.0928440415485 0.0 1.0 0.450505605461 1.0 0.0309278350515 0.0 0.666666666667
刘鑫+把+江歌 0.0 0.0616959529456 0.464285714286 0.549002113682 0.457412218918 0.138794366224 0.0338983050847 1.0 0.999814375976 0.375 0.0309278350515 0.0 0.666666666667
犯罪+嫌疑人+陈世峰 3.0 0.110875660416 0.785714285714 0.33251981379 0.920298641078 0.269897338001 0.0 1.0 0.400545939603 0.166666666667 0.216494845361 0.0 0.666666666667
江+歌+妈妈 3.0 0.0423906695609 0.357142857143 0.250411643138 0.843663486537 0.322089065306 0.0 1.0 0.150448600055 0.0625 0.123711340206 1.0 1.0
陈世峰+的+律师 2.0 0.233687752776 0.571428571429 0.70504013061 0.81668844533 0.206494392291 0.0 1.0 0.467633172249 1.0 0.175257731959 0.0 0.666666666667
水果刀+是+刘鑫 0.0 0.0184413148171 0.571428571429 0.721707832002 0.7455158163 0.124248925954 0.0 1.0 0.54949819312 1.0 0.0618556701031 0.0 0.666666666667
中国+留学生+江歌 3.0 0.0756235575213 0.678571428571 0.288339460292 0.941257117383 0.212850378764 0.0 1.0 0.472091770248 0.166666666667 0.20618556701 0.0 1.0
江歌+用+肘部 0.0 0.0391990362043 0.464285714286 0.727225467355 0.75495274521 0.0475418954416 0.0 1.0 0.450690402737 1.0 0.0927835051546 0.0 0.666666666667
接受+媒体+采访 0.0 0.140539054698 0.571428571429 0.608018328958 0.757943942379 0.250269686746 0.0 1.0 0.0766887776662 0.375 0.113402061856 1.0 0.333333333333
媒体+采访+时 0.0 0.077091278276 0.464285714286 0.608018328958 0.757943942379 0.240543005682 0.0 1.0 0.0477362107363 0.375 0.113402061856 0.0 0.666666666667
陈世峰+在+法庭 3.0 0.0357836539328 0.571428571429 0.752745520096 0.739641554542 0.127148813391 0.0 1.0 0.416470987117 1.0 0.0824742268041 0.0 0.666666666667
凶器+的+水果刀 0.0 0.0306218248021 0.571428571429 0.754441827081 0.77172077228 0.147929723784 0.0 1.0 0.0487069093067 1.0 0.0927835051546 0.0 0.666666666667
刘鑫+从+房间 0.0 0.00863218303065 0.464285714286 0.765986669755 0.751484090638 0.0893399434002 0.0 1.0 0.549496387742 1.0 0.0618556701031 0.0 0.666666666667
关上+了+房门 0.0 0.0295054459594 0.464285714286 0.694932478329 0.772567949026 0.084941930248 0.0 1.0 0.0096660736877 1.0 0.113402061856 0.0 0.333333333333
陈世峰+来到+江歌 0.0 0.00489019059486 0.678571428571 0.767659584672 0.699901929034 0.111888820484 0.0 1.0 0.747887916609 1.0 0.0927835051546 0.0 0.666666666667
刘鑫+和+陈世峰 3.0 0.0374364180122 0.571428571429 0.668349039766 0.758174104153 0.170507043905 0.0 1.0 0.663659824007 0.375 0.113402061856 0.0 0.666666666667
江歌+和+刘鑫 2.0 0.105113278634 0.464285714286 0.51701014454 0.895063692374 0.257982066138 0.0 1.0 0.999814375976 0.166666666667 0.226804123711 0.0 0.666666666667
刘鑫+发+微信 0.0 0.0197610025258 0.464285714286 0.841821722427 0.585707171835 0.138622582661 0.0 1.0 0.606937022093 1.0 0.0412371134021 0.0 0.666666666667
日本+警方+指控 0.0 0.0282504466031 0.571428571429 0.783320215991 0.662345885223 0.0887655962425 0.0169491525424 1.0 0.250683075265 1.0 0.0618556701031 0.0 0.666666666667
警方+指控+陈世峰 2.0 0.0282504466031 0.678571428571 0.783320215991 0.662345885223 0.0989714323704 0.0169491525424 1.0 0.433663469963 1.0 0.0618556701031 0.0 0.666666666667
递给+了+江歌 0.0 0.00407581240883 0.464285714286 0.801646364856 0.652441186925 0.123240773798 0.0 1.0 0.450691229485 1.0 0.0721649484536 0.0 0.333333333333
江歌+被+刺 3.0 0.0306830162615 0.357142857143 0.739506449744 0.67977725569 0.171080640348 0.0 1.0 0.450505605461 0.375 0.0412371134021 0.0 0.333333333333
大东+文化+大学 0.0 0.0176688312371 0.571428571429 0.582519375478 0.871035609538 0.225771806026 0.0 1.0 0.024284780962 0.375 0.164948453608 1.0 1.0
接受+采访+时 0.0 0.07332326739 0.464285714286 0.603662113739 0.716117057091 0.244626247053 0.0 1.0 0.0532212559019 0.375 0.0309278350515 0.0 0.333333333333
中国+女+留学生 2.0 0.0863595241787 0.571428571429 0.415322677574 0.874101176448 0.208854899307 0.0169491525424 1.0 0.156217822861 0.166666666667 0.123711340206 1.0 0.666666666667
女+留学生+江歌 3.0 0.0773432092385 0.571428571429 0.331533668213 0.9065105906 0.211457748597 0.0169491525424 1.0 0.464180923878 0.166666666667 0.164948453608 0.0 0.666666666667
江歌+在+日本 0.0 0.0346186069796 0.464285714286 0.239562519641 0.881108422526 0.175010818907 0.0 1.0 0.480381024096 0.0625 0.154639175258 0.0 0.666666666667
日本+东京+开庭 3.0 0.0459677508435 0.571428571429 0.471415211331 0.880766023607 0.156312290898 0.0 1.0 0.269737547103 0.375 0.144329896907 0.0 0.666666666667
东京+开庭+审理 3.0 0.0357836539328 0.571428571429 0.557184128275 0.830115715926 0.0958951391366 0.0 1.0 0.0879430504559 0.375 0.0824742268041 0.0 0.333333333333
东京+地方+法院 0.0 0.0884356431939 0.571428571429 0.463390035958 0.871133613498 0.307300373341 0.0 1.0 0.0750209500492 0.166666666667 0.226804123711 0.0 1.0
杀害+江+歌 3.0 0.00894591348301 0.357142857143 0.406917392051 0.868186206003 0.218252408384 0.0 1.0 0.0226124618085 0.166666666667 0.0824742268041 1.0 0.666666666667
告诉+澎湃+新闻 0.0 0.00863218303065 0.571428571429 0.597767683404 0.719799377721 0.193434725913 0.0 1.0 0.0670104568945 1.0 0.103092783505 0.0 0.333333333333
江歌+的+母亲 3.0 0.157408334393 0.464285714286 0.209326638756 0.938182911901 0.223176664832 0.0 1.0 0.569946141228 0.0625 0.164948453608 0.0 0.666666666667
江歌+被+杀 3.0 0.077091278276 0.357142857143 0.276252574089 0.851046730179 0.200607924183 0.0338983050847 1.0 0.450505605461 0.0625 0.123711340206 0.0 0.333333333333
日本+警方+提供 0.0 0.0134293071329 0.571428571429 0.649802549841 0.622306892472 0.128833511081 0.0 1.0 0.254511769399 1.0 0.0721649484536 0.0 0.666666666667
日本+东京+地方 0.0 0.0178918269664 0.571428571429 0.565372798642 0.815713616081 0.168582104096 0.0 1.0 0.259572002702 0.375 0.0824742268041 1.0 1.0
发现+了+刀具 0.0 0.0268140096124 0.464285714286 0.75632463694 0.634073832301 0.0841519099929 0.0 1.0 0.0302965610143 1.0 0.0309278350515 0.0 0.333333333333
江歌+母亲+江秋莲 3.0 0.0621914384936 0.678571428571 0.557974932351 0.795977827484 0.184289638864 0.0 1.0 0.570165713696 0.166666666667 0.154639175258 0.0 1.0
案发+时+是否 0.0 0.0 0.464285714286 0.737902401563 0.592765439416 0.144897625055 0.0 1.0 0.0666234201353 1.0 0.0824742268041 0.0 0.333333333333
时+是否+存在 0.0 0.0 0.464285714286 0.737902401563 0.592765439416 0.123262032457 0.0 1.0 0.0725064141745 1.0 0.0824742268041 0.0 0.333333333333
是否+存在+刘鑫人 0.0 0.0 0.678571428571 0.737902401563 0.592765439416 0.0879375360379 0.0 1.0 0.0725801193533 1.0 0.0824742268041 0.0 0.333333333333
刘鑫人+为+锁门 0.0 0.0 0.571428571429 0.737902401563 0.592765439416 0.051010628652 0.0 1.0 0.0139327888467 1.0 0.0824742268041 0.0 0.333333333333
推+了+回来 0.0 0.0380595783895 0.357142857143 0.826062521757 0.453985673473 0.0980366701542 0.0 1.0 0.0172587901012 1.0 0.0618556701031 0.0 0.0
弹+了+回来 0.0 0.0 0.357142857143 0.583453168949 0.665374579552 0.0743867801054 0.0 1.0 0.0172587901012 0.166666666667 0.0824742268041 0.0 0.0
刀+是+陈世峰 0.0 0.0404937870453 0.464285714286 0.634211625117 0.777525754038 0.242846584715 0.0 1.0 0.388382979279 1.0 0.123711340206 0.0 0.666666666667
陈世峰+的+杀人 0.0 0.0612293341703 0.571428571429 0.677940515711 0.689206598168 0.181035057444 0.0 1.0 0.454639805109 0.375 0.113402061856 0.0 0.333333333333
刘鑫+的+证言 3.0 0.0854083236332 0.464285714286 0.724234502018 0.599951617322 0.125619991047 0.0 1.0 0.549494034613 0.375 0.020618556701 0.0 0.666666666667
案发+时+刘鑫 0.0 0.0178918269664 0.464285714286 0.79942331054 0.549443513744 0.120101199778 0.0 1.0 0.555643639571 1.0 0.0824742268041 0.0 0.666666666667
时+刘鑫+是否 0.0 0.0178918269664 0.464285714286 0.79942331054 0.549443513744 0.122151197263 0.0 1.0 0.550254321729 1.0 0.0824742268041 0.0 0.666666666667
刘鑫+是否+听见 0.0 0.0 0.571428571429 0.79942331054 0.549443513744 0.0809523201794 0.0 1.0 0.552274067832 1.0 0.0824742268041 1.0 0.333333333333
是否+听见+门外 0.0 0.0 0.571428571429 0.79942331054 0.549443513744 0.0475418954416 0.0 1.0 0.064981284211 1.0 0.0824742268041 0.0 0.333333333333
门外+有+声音 0.0 0.0 0.464285714286 0.79942331054 0.549443513744 0.0475418954416 0.0 1.0 0.0388351187887 1.0 0.0824742268041 0.0 0.666666666667
召开+记者+见面会 2.0 0.0 0.678571428571 0.854223476728 0.533477548933 0.0832170595488 0.0 1.0 0.0260565331171 1.0 0.0824742268041 0.0 0.666666666667
判处+陈世峰+死刑 3.0 0.00942821846242 0.678571428571 0.60360304902 0.716904319356 0.161761877049 0.0 1.0 0.412260575827 0.375 0.103092783505 1.0 0.666666666667
死+的+感觉 0.0 0.00863218303065 0.357142857143 0.896686332048 0.435128252301 0.0593167275811 0.0 1.0 0.00515764434664 1.0 0.0618556701031 0.0 0.333333333333
日本+的+刑事 0.0 0.0621914384936 0.464285714286 0.386157292052 0.819022732327 0.157768221604 0.0 1.0 0.330422482027 0.166666666667 0.154639175258 0.0 0.333333333333
刑事+案件+结束 0.0 0.0134293071329 0.571428571429 0.846064521113 0.541174299763 0.0729583752007 0.0 1.0 0.175906700899 1.0 0.0721649484536 0.0 0.333333333333
陈世峰+提起+民事 0.0 0.0295054459594 0.678571428571 0.755134606354 0.679719057701 0.0771326390929 0.0 1.0 0.400389121445 1.0 0.113402061856 0.0 0.333333333333
提起+民事+诉讼 0.0 0.0816064049686 0.571428571429 0.597280262468 0.781667806441 0.160612464458 0.0 1.0 0.027945360406 0.375 0.144329896907 0.0 0.0
讨+回+公道 0.0 0.00407581240883 0.357142857143 0.637678184289 0.639543247553 0.140324457486 0.0 1.0 0.0109752382785 0.375 0.0721649484536 0.0 0.0
陈世峰+被+警方 0.0 0.0282504466031 0.571428571429 0.903736142398 0.475694321515 0.0475418954416 0.0 1.0 0.418777373234 1.0 0.0618556701031 0.0 0.666666666667
警方+以+恐吓罪 0.0 0.0282504466031 0.571428571429 0.903736142398 0.475694321515 0.0475418954416 0.0 1.0 0.0768463471571 1.0 0.0618556701031 0.0 0.666666666667
讲述+案发+情况 0.0 0.0282504466031 0.571428571429 0.903736142398 0.475694321515 0.122077731545 0.0 1.0 0.0455021406467 1.0 0.0618556701031 0.0 0.333333333333
陈世峰+发布+逮捕令 0.0 0.00489019059486 0.785714285714 0.602798146693 0.717935169406 0.127449808254 0.0 1.0 0.397462142931 0.375 0.0927835051546 0.0 0.666666666667
陈世峰+以+杀人罪 0.0 0.00489019059486 0.678571428571 0.539139540188 0.748289167119 0.116623214525 0.0 1.0 0.403849548515 0.166666666667 0.0927835051546 0.0 0.666666666667
国内+发起+签名 0.0 0.041489791305 0.571428571429 0.893296930521 0.481296473173 0.0855754767746 0.0 1.0 0.041932274593 1.0 0.0721649484536 0.0 0.333333333333
发起+签名+活动 3.0 0.041489791305 0.571428571429 0.893296930521 0.481296473173 0.0728976163303 0.0 1.0 0.0379579828461 1.0 0.0721649484536 0.0 0.0
接受+新京报+采访 0.0 0.131459839612 0.678571428571 0.871272500213 0.362213405289 0.14706485035 0.0 1.0 0.0604210528569 1.0 0.0309278350515 1.0 0.333333333333
新京报+采访+时 0.0 0.131459839612 0.571428571429 0.871272500213 0.362213405289 0.136745614387 0.0 1.0 0.0321949005163 1.0 0.0309278350515 0.0 0.666666666667
反锁+了+门 0.0 0.00489019059486 0.357142857143 0.41884513275 0.715598747523 0.133869155907 0.0 1.0 0.0156925170589 0.166666666667 0.0927835051546 0.0 0.333333333333
采访+时+表示 0.0 0.0508432860291 0.464285714286 0.75832659899 0.532168855533 0.118321657598 0.0 1.0 0.0706754482896 0.375 0.0721649484536 0.0 0.333333333333
刘鑫+在+面对 0.0 0.0344491509692 0.464285714286 0.896337428515 0.331924599556 0.0875733302755 0.0 1.0 0.572140335001 1.0 0.0515463917526 0.0 0.333333333333
面对+江+秋莲 0.0 0.0344491509692 0.464285714286 0.896337428515 0.331924599556 0.0608857070529 0.0 1.0 0.0311177066882 1.0 0.0515463917526 1.0 0.666666666667
江+秋莲+时 0.0 0.0344491509692 0.357142857143 0.896337428515 0.331924599556 0.0723871741428 0.0 1.0 0.0152707012224 1.0 0.0515463917526 0.0 1.0
接受+澎湃+新闻 0.0 0.0306830162615 0.571428571429 0.668571363471 0.558975100035 0.194692706144 0.0 1.0 0.0834205051278 0.375 0.0412371134021 0.0 0.333333333333
澎湃+新闻+采访 0.0 0.0268140096124 0.571428571429 0.871272500213 0.362213405289 0.135182065624 0.0 1.0 0.07873662717 1.0 0.0309278350515 0.0 0.333333333333
新闻+采访+时 0.0 0.0268140096124 0.464285714286 0.871272500213 0.362213405289 0.0852071924651 0.0 1.0 0.0528028331106 1.0 0.0309278350515 0.0 0.666666666667
江秋莲+在+接受 0.0 0.00863218303065 0.571428571429 0.867734348 0.410321180802 0.171762365928 0.0 1.0 0.100480708809 1.0 0.0618556701031 0.0 0.333333333333
江秋莲+在+东京 0.0 0.05887189511 0.571428571429 0.801473648454 0.602553817513 0.093175518495 0.0 1.0 0.11433880978 1.0 0.103092783505 0.0 0.666666666667
东京+台东区+立浅 0.0 0.0 0.678571428571 0.859609600482 0.518841225319 0.0594336168107 0.0 1.0 0.0487460202475 1.0 0.0824742268041 0.0 1.0
台东区+立浅+草公会堂 0.0 0.0 0.892857142857 0.859609600482 0.518841225319 0.0713253381797 0.0 1.0 0.0100840103341 1.0 0.0824742268041 0.0 1.0
知道+刘鑫+是否 0.0 0.00407581240883 0.571428571429 0.711238875208 0.491659525394 0.0942941983484 0.0169491525424 1.0 0.589700465463 1.0 0.0721649484536 0.0 0.333333333333
是否+会+出庭 0.0 0.0176688312371 0.464285714286 0.683161530384 0.608826304459 0.078337830487 0.0169491525424 1.0 0.0751063337283 1.0 0.103092783505 1.0 0.0
承担+刑事+责任 0.0 0.0479367253905 0.571428571429 0.48968556226 0.550779503033 0.20367391295 0.0169491525424 1.0 0.17678736667 0.166666666667 0.020618556701 0.0 0.333333333333
陈世峰+在+日本 0.0 0.0241234604857 0.571428571429 0.647788439121 0.621814713238 0.212660054934 0.0 1.0 0.468104252442 0.375 0.0515463917526 0.0 0.666666666667
江+歌+母亲 3.0 0.0341500567862 0.357142857143 0.273294872378 0.858499600071 0.258352880137 0.0169491525424 1.0 0.119440535767 0.0625 0.134020618557 1.0 1.0
所在国+具有+优先 0.0 0.0184413148171 0.678571428571 0.557972596772 0.671791121151 0.082230470744 0.0 1.0 0.0441089625616 0.375 0.0618556701031 0.0 0.333333333333
具有+优先+管辖权 0.0 0.0184413148171 0.678571428571 0.557972596772 0.671791121151 0.085822722171 0.0 1.0 0.0659912092676 0.375 0.0618556701031 0.0 0.333333333333
我国+司法+机关 0.0 0.0508432860291 0.571428571429 0.699666450039 0.63014359874 0.208695539899 0.0169491525424 1.0 0.1099590425 0.375 0.0721649484536 1.0 1.0
属地+管辖+原则 0.0 0.0259094440115 0.571428571429 0.599175292405 0.708251908959 0.201123007889 0.0 1.0 0.125578655351 0.375 0.103092783505 1.0 0.666666666667
他国+发生+刑事犯罪 0.0 0.0134293071329 0.785714285714 0.611767595113 0.663843143886 0.0868406018147 0.0 1.0 0.0750936881476 0.375 0.0721649484536 0.0 0.0
发生+在+日本 0.0 0.0341500567862 0.464285714286 0.471900662643 0.748934680361 0.151948934855 0.0 1.0 0.289227758583 0.166666666667 0.103092783505 0.0 0.333333333333
嫌疑人+和+被害人 3.0 0.00863218303065 0.678571428571 0.58922649916 0.658295975955 0.0713253381797 0.0 1.0 0.112955576155 0.375 0.0618556701031 0.0 0.666666666667
日本+受到+刑事 0.0 0.00894591348301 0.571428571429 0.613599368449 0.689494878158 0.110818500554 0.0 1.0 0.351374139149 0.375 0.0824742268041 0.0 0.333333333333
中国+司法+机关 0.0 0.0447748414527 0.571428571429 0.652946539693 0.615864280005 0.159091234973 0.0 1.0 0.199487684469 0.375 0.0515463917526 1.0 1.0
本法+应当+负 0.0 0.0 0.464285714286 0.758614433852 0.626275580631 0.0643878717588 0.0 1.0 0.038626573907 1.0 0.0824742268041 0.0 0.0
应当+负+刑事 0.0 0.00894591348301 0.464285714286 0.758614433852 0.626275580631 0.0746340915653 0.0 1.0 0.110215379955 1.0 0.0824742268041 0.0 0.0
负+刑事+责任 0.0 0.00894591348301 0.464285714286 0.758614433852 0.626275580631 0.0698294213052 0.0 1.0 0.161187016341 1.0 0.0824742268041 0.0 0.333333333333
追究+其+刑事 0.0 0.0601967807531 0.464285714286 0.745497170881 0.636755722079 0.135867499262 0.0 1.0 0.121320176931 1.0 0.0721649484536 0.0 0.0
居住地+的+人民法院 0.0 0.161747181091 0.785714285714 0.797482342795 0.525501875881 0.10244595421 0.0 1.0 0.0366081838712 1.0 0.0412371134021 0.0 0.333333333333
