这种 0.0 0.16317445108 0.0909090909091 0.445034677883 0.94315000573 0.69118485929 0.0 0.0 0.0287842549932 0.142857142857 0.151515151515 0.0 0.0
天竺 0.0 0.461068443626 0.0909090909091 0.274211584121 0.885431678839 0.309872284244 0.0 0.0 0.0893131546236 0.142857142857 0.0707070707071 0.0 0.0
转移+王 0.0 0.0228831901611 0.272727272727 0.666450521648 0.661274737332 0.278978348513 0.0166666666667 0.5 0.108010751802 0.428571428571 0.0707070707071 0.0 0.333333333333
宝强+起诉 0.0 0.101262567327 0.409090909091 0.4860696506 0.832015200831 0.189715651809 0.0166666666667 0.5 0.677770312353 0.238095238095 0.171717171717 0.0 0.333333333333
起诉+马蓉 1.0 0.0683723456155 0.409090909091 0.606733148377 0.771494203295 0.292251447777 0.0333333333333 0.5 0.436235401473 0.428571428571 0.0606060606061 1.0 0.333333333333
起诉+马 0.0 0.0545766623977 0.272727272727 0.46907708026 0.823638585102 0.146612968194 0.0 0.5 0.0745506419036 0.238095238095 0.191919191919 0.0 0.333333333333
财产+转移 2.0 0.155941102827 0.409090909091 0.724677051958 0.838080526085 0.401006119506 0.0 0.5 0.394996436442 0.428571428571 0.0808080808081 1.0 0.333333333333
宋喆+存在 0.0 0.0398768196862 0.409090909091 0.642755622174 0.708689403215 0.182119273687 0.0 0.5 0.255698295799 1.0 0.0808080808081 1.0 0.333333333333
双方+感情 0.0 0.0464535571798 0.409090909091 0.596613391059 0.841593936129 0.251376044811 0.0 0.5 0.17424918419 0.428571428571 0.121212121212 1.0 0.666666666667
要求+离婚 0.0 0.00606806848734 0.409090909091 0.563911710584 0.784540121997 0.183436025791 0.0 0.5 0.452143023237 1.0 0.10101010101 1.0 0.0
分割+夫妻 0.0 0.129089197255 0.409090909091 0.643721227821 0.884606693017 0.129618563126 0.0 0.5 0.179346583795 0.142857142857 0.171717171717 1.0 0.333333333333
涉嫌+职务 0.0 0.134405049234 0.409090909091 0.64798015917 0.701457590996 0.296925617134 0.0166666666667 0.5 0.0753691493919 1.0 0.111111111111 1.0 0.333333333333
职务+侵占 2.0 0.298012914322 0.409090909091 0.626119875246 0.739693153584 0.387575400885 0.05 0.5 0.0974913334756 1.0 0.121212121212 1.0 0.333333333333
警方+控制 0.0 0.132436307763 0.409090909091 0.753815007574 0.599199897763 0.200303843881 0.05 0.5 0.0544108221443 1.0 0.0606060606061 0.0 0.333333333333
侵占+罪 0.0 0.0577933227694 0.272727272727 0.842308134163 0.450759170986 0.232394848161 0.0166666666667 0.5 0.0494826967982 1.0 0.020202020202 1.0 0.333333333333
转移+夫妻 0.0 0.110107122149 0.409090909091 0.628511113089 0.872458204914 0.233432093388 0.0 0.5 0.218283402288 0.428571428571 0.151515151515 0.0 0.333333333333
诉讼+请求 0.0 0.203601732113 0.409090909091 0.503616083587 0.879507760975 0.379093967992 0.0 0.5 0.119339582445 0.238095238095 0.171717171717 1.0 0.333333333333
代理+律师 0.0 0.225524991863 0.409090909091 0.420228186995 0.925689516641 0.418345960225 0.0333333333333 0.5 0.234528539018 0.428571428571 0.212121212121 1.0 0.333333333333
婚姻+关系 0.0 0.214693817813 0.409090909091 0.492373082523 0.900618540291 0.386869441594 0.0166666666667 0.5 0.143956107577 0.428571428571 0.252525252525 1.0 0.666666666667
媒体+报道 0.0 0.0407618060847 0.409090909091 0.269392064802 0.901339087486 0.254832114499 0.0 0.5 0.189215233076 0.142857142857 0.131313131313 1.0 0.666666666667
刑事+案件 0.0 0.0107113775648 0.409090909091 0.595324276161 0.800944505248 0.336579022551 0.0333333333333 0.5 0.100298813051 0.428571428571 0.0707070707071 1.0 0.333333333333
宝强+离婚 0.0 0.171070207268 0.409090909091 0.203615166524 0.966601482522 0.381302364569 0.4 0.5 1.0 0.0204081632653 0.515151515152 1.0 0.333333333333
律师+张起淮 2.0 0.100091233156 0.545454545455 0.416113539595 0.890161753212 0.302194123007 0.0 0.5 0.235842813985 0.238095238095 0.20202020202 1.0 0.666666666667
张起淮+律师 2.0 0.0562948262784 0.545454545455 0.55401659307 0.777424935898 0.316609287414 0.0 0.5 0.235842813985 0.428571428571 0.121212121212 1.0 0.666666666667
律师+表示 0.0 0.126131617981 0.409090909091 0.568954027674 0.914514336183 0.248442525673 0.0 0.5 0.255788045068 0.428571428571 0.131313131313 1.0 0.333333333333
法院+起诉 0.0 0.0282703913722 0.409090909091 0.578775354973 0.790802275013 0.26311296492 0.0 0.5 0.419480753642 1.0 0.0808080808081 0.0 0.333333333333
朝阳+法院 0.0 0.217096965533 0.409090909091 0.332522879852 0.920003011026 0.490457557215 0.0 0.5 0.519467622954 0.142857142857 0.525252525253 1.0 0.666666666667
法院+开庭 0.0 0.0900616308687 0.409090909091 0.38515815515 0.840147712029 0.15768057305 0.0 0.5 0.504939605056 0.238095238095 0.252525252525 1.0 0.333333333333
开庭+审理 0.0 0.148640081575 0.409090909091 0.366841011061 0.932460176048 0.284661316468 0.0 0.5 0.215118481507 0.238095238095 0.262626262626 1.0 0.0
知情+人士 0.0 0.0935030829625 0.409090909091 0.501237295658 0.724619119941 0.32570955126 0.0 0.5 0.0721288160635 0.428571428571 0.111111111111 1.0 0.666666666667
离婚+官司 0.0 0.14551601476 0.409090909091 0.543216131534 0.901523957632 0.408754146585 0.0333333333333 0.5 0.443275363594 0.142857142857 0.191919191919 1.0 0.333333333333
项+诉讼 0.0 0.0166639630581 0.272727272727 0.635847252805 0.733377828375 0.15639822446 0.0 0.5 0.115336714876 0.428571428571 0.0808080808081 0.0 0.0
王宝强+离婚 3.0 0.0666040490383 0.545454545455 0.387435138773 0.905201690993 0.309674634711 0.0166666666667 0.5 0.565214066053 0.428571428571 0.0909090909091 0.0 0.333333333333
财产+分割 0.0 0.174313640084 0.409090909091 0.478842355227 0.956619702561 0.517893615678 0.0 0.5 0.356059617948 0.142857142857 0.212121212121 1.0 0.333333333333
离婚+诉讼 0.0 0.225086334833 0.409090909091 0.566474234001 0.907048830961 0.407885847261 0.0 0.5 0.463505521456 0.238095238095 0.212121212121 1.0 0.0
律师+事务所 0.0 0.0787039447052 0.545454545455 0.525102773662 0.890419337418 0.465468942958 0.0 0.5 0.21226514524 0.428571428571 0.131313131313 1.0 0.666666666667
夫妻+双方 0.0 0.0332725777435 0.409090909091 0.765124202287 0.799102231244 0.253584065937 0.0 0.5 0.187630728444 0.428571428571 0.040404040404 1.0 0.666666666667
宝强+要求 0.0 0.0167112336584 0.409090909091 0.606870451099 0.816150414711 0.178023347319 0.0 0.5 0.677753780829 0.428571428571 0.121212121212 0.0 0.333333333333
闹+天竺 0.0 0.461068443626 0.272727272727 0.274211584121 0.885431678839 0.248448200237 0.0 0.5 0.0893131546236 0.142857142857 0.0707070707071 0.0 0.0
王宝强+发布 0.0 0.0 0.545454545455 0.549831396339 0.746210639037 0.167903917054 0.0 0.5 0.203476883949 0.428571428571 0.0909090909091 1.0 0.333333333333
妻子+马蓉 3.0 0.123308683529 0.409090909091 0.35896482516 0.880142666663 0.401662793497 0.0 0.5 0.436170335396 0.238095238095 0.262626262626 1.0 0.666666666667
经纪人+宋喆 3.0 0.102069128599 0.545454545455 0.480309746839 0.898316978262 0.367680450761 0.0333333333333 0.5 0.278657107169 0.238095238095 0.222222222222 1.0 0.666666666667
决定+解除 0.0 0.0116991504183 0.409090909091 0.596149905678 0.719269403713 0.0911506121931 0.0 0.5 0.054658588293 1.0 0.111111111111 1.0 0.0
侵犯+名誉权 2.0 0.035055002757 0.545454545455 0.398144071174 0.811301419046 0.340119628523 0.0 0.5 0.17126357527 0.428571428571 0.0707070707071 0.0 0.333333333333
微信+ID 0.0 0.0380734943682 0.227272727273 0.580475700514 0.692923656417 0.104564537218 0.0 0.5 0.00945516756246 0.428571428571 0.0505050505051 1.0 0.333333333333
要求+解除 0.0 0.00505753474401 0.409090909091 0.672401015076 0.719406301623 0.111902127523 0.0 0.5 0.100796130485 0.428571428571 0.0808080808081 1.0 0.0
解除+双方 0.0 0.00505753474401 0.409090909091 0.672401015076 0.719406301623 0.0984665168759 0.0 0.5 0.173828294656 0.428571428571 0.0808080808081 0.0 0.333333333333
双方+婚姻 0.0 0.00505753474401 0.409090909091 0.672401015076 0.719406301623 0.0761044797325 0.0 0.5 0.173896060855 0.428571428571 0.0808080808081 1.0 0.666666666667
判+令 0.0 0.00505753474401 0.136363636364 0.672401015076 0.719406301623 0.053742442589 0.0 0.5 0.0 0.428571428571 0.0808080808081 1.0 0.0
令+婚生 0.0 0.00505753474401 0.272727272727 0.672401015076 0.719406301623 0.053742442589 0.0 0.5 0.00789235191298 0.428571428571 0.0808080808081 0.0 0.333333333333
婚生+子女 0.0 0.0166639630581 0.409090909091 0.672401015076 0.719406301623 0.109432557817 0.0 0.5 0.0671696470763 0.428571428571 0.0808080808081 1.0 0.666666666667
马蓉+支付 0.0 0.0777047238778 0.409090909091 0.570765708447 0.779543211577 0.206907740818 0.0 0.5 0.436176730698 0.428571428571 0.0909090909091 1.0 0.333333333333
支付+抚养费 0.0 0.00505753474401 0.545454545455 0.672401015076 0.719406301623 0.073697042741 0.0 0.5 0.0448534803228 0.428571428571 0.0808080808081 0.0 0.333333333333
孩子+年 0.0 0.00505753474401 0.272727272727 0.672401015076 0.719406301623 0.053742442589 0.0 0.5 0.0641683992643 0.428571428571 0.0808080808081 0.0 0.333333333333
精神+抚慰金 2.0 0.183044825912 0.545454545455 0.567119318705 0.832132568999 0.302905527456 0.0333333333333 0.5 0.12406011162 0.238095238095 0.131313131313 1.0 0.666666666667
委托+律师 0.0 0.02735439883 0.409090909091 0.456005801074 0.819214969878 0.240102613503 0.0 0.5 0.213547065314 1.0 0.10101010101 0.0 0.333333333333
起诉+王 0.0 0.00505753474401 0.272727272727 0.584299717622 0.768737572767 0.178477926523 0.0 0.5 0.0745506419036 0.238095238095 0.171717171717 0.0 0.333333333333
名誉+侵权 0.0 0.0493859731083 0.409090909091 0.38724054941 0.868492055427 0.33789735666 0.0 0.5 0.0913388856055 0.0857142857143 0.383838383838 1.0 0.333333333333
起诉+离婚 0.0 0.0333020245189 0.409090909091 0.553610522245 0.836491902766 0.258798502187 0.0 0.5 0.477337187824 0.238095238095 0.0909090909091 1.0 0.0
条+规定 0.0 0.00505753474401 0.272727272727 0.760014416204 0.778216028359 0.248562639496 0.0 0.5 0.0465540241833 0.428571428571 0.0808080808081 0.0 0.333333333333
利用+职务 0.0 0.0228831901611 0.409090909091 0.755840496819 0.688423013595 0.2282102539 0.0 0.5 0.0610772667736 1.0 0.0707070707071 0.0 0.333333333333
宋+喆 3.0 0.144227901967 0.136363636364 0.45137322399 0.846683190694 0.468364818394 0.0833333333333 0.5 0.0 0.238095238095 0.262626262626 1.0 0.666666666667
相关+证据 0.0 0.0423756251224 0.409090909091 0.433904762807 0.87798156049 0.324210245224 0.0166666666667 0.5 0.246612804025 0.238095238095 0.111111111111 1.0 0.333333333333
离婚+时 0.0 0.266416196153 0.272727272727 0.62658927915 0.843625689364 0.396735799609 0.0 0.5 0.40278654592 0.428571428571 0.0909090909091 1.0 0.333333333333
离婚+案件 0.0 0.137742597694 0.409090909091 0.382003969914 0.943820461306 0.425968431054 0.0166666666667 0.5 0.482485186298 0.142857142857 0.191919191919 1.0 0.333333333333
经纪人+宋 0.0 0.0366122880811 0.409090909091 0.345716207857 0.890354809836 0.301141905017 0.0166666666667 0.5 0.0515724597828 0.142857142857 0.292929292929 1.0 0.666666666667
吃+瓜 0.0 0.155409447756 0.136363636364 0.308686224243 0.907415042964 0.375735780877 0.0 0.5 0.0 0.0857142857143 0.10101010101 1.0 0.333333333333
瓜+群众 0.0 0.155409447756 0.272727272727 0.308686224243 0.907415042964 0.40700135656 0.0 0.5 0.0799894136734 0.047619047619 0.111111111111 0.0 0.666666666667
新浪+娱乐 0.0 0.192254072986 0.409090909091 0.0808729823671 0.840264949372 0.379719987738 0.0 0.5 0.540387183678 0.047619047619 0.414141414141 1.0 0.333333333333
娱乐+讯 0.0 0.0672621111573 0.272727272727 0.0671375901024 0.772439540864 0.28081813679 0.0 0.5 0.275576185613 0.047619047619 0.373737373737 0.0 0.333333333333
马蓉+出轨 3.0 0.0881894793602 0.409090909091 0.353277825703 0.914349341428 0.451170484255 0.0333333333333 0.5 0.436184317611 0.428571428571 0.141414141414 1.0 0.333333333333
北京+朝阳 0.0 0.131754321693 0.409090909091 0.336449105408 0.891062940035 0.339984142135 0.0 0.5 0.173845217653 0.142857142857 0.333333333333 1.0 0.666666666667
转移+财产 0.0 0.205640223932 0.409090909091 0.580277558963 0.934649894609 0.527245024863 0.0166666666667 0.5 0.394996436442 0.142857142857 0.20202020202 1.0 0.333333333333
离婚+事件 0.0 0.154153097106 0.409090909091 0.0566298341162 0.894399118412 0.477299856137 0.0166666666667 0.5 0.436013655824 0.0857142857143 0.161616161616 1.0 0.333333333333
同意+离婚 0.0 0.108085878334 0.409090909091 0.565215099452 0.839165155446 0.304771614961 0.0 0.5 0.426604868862 0.238095238095 0.0707070707071 0.0 0.0
律师+张 0.0 0.0321501335542 0.272727272727 0.420031759555 0.924456414086 0.263561558079 0.0 0.5 0.196718621934 0.238095238095 0.262626262626 1.0 0.333333333333
办理+离婚 0.0 0.0651789930532 0.409090909091 0.631804115816 0.70748135786 0.325202377522 0.0 0.5 0.417610208862 1.0 0.0505050505051 0.0 0.0
离婚+手续 0.0 0.0594830256787 0.409090909091 0.660084569967 0.399939814109 0.293169703501 0.0 0.5 0.415397664841 1.0 0.030303030303 1.0 0.333333333333
正当+两性 0.0 0.0464535571798 0.409090909091 0.488763627304 0.776482480898 0.125450028281 0.0 0.5 0.0459129401536 0.428571428571 0.121212121212 0.0 0.333333333333
两性+关系 0.0 0.0464535571798 0.409090909091 0.488763627304 0.776482480898 0.0784253910155 0.0 0.5 0.0882819684959 0.428571428571 0.121212121212 1.0 0.666666666667
发+微博 0.0 0.02735439883 0.272727272727 0.0765331126669 0.925612505524 0.354687677745 0.0 0.5 0.859910130841 0.142857142857 0.111111111111 0.0 0.333333333333
离婚+声明 0.0 0.0995433892668 0.409090909091 0.261294479582 0.970107998706 0.333855880469 0.0 0.5 0.431829031907 0.142857142857 0.141414141414 1.0 0.333333333333
孩子+抚养权 2.0 0.1124997202 0.545454545455 0.568198667255 0.842639558507 0.465695685222 0.0166666666667 0.5 0.0968478621539 0.428571428571 0.10101010101 1.0 0.666666666667
马蓉+起诉 0.0 0.0267710189825 0.409090909091 0.428703665519 0.785503893578 0.20583538215 0.0 0.5 0.436235401473 0.238095238095 0.121212121212 1.0 0.333333333333
新京报+记者 0.0 0.0787317423954 0.545454545455 0.521616368902 0.760286456642 0.204007862712 0.0 0.5 0.0677113827345 0.238095238095 0.0505050505051 1.0 0.666666666667
备受+关注 0.0 0.0219246419865 0.409090909091 0.25277207632 0.832264938727 0.295226086169 0.0 0.5 0.113605847241 0.0857142857143 0.111111111111 0.0 0.0
王宝强+律师 0.0 0.0219246419865 0.545454545455 0.371543280227 0.711940368295 0.251149630299 0.0666666666667 0.5 0.359146142066 0.142857142857 0.111111111111 1.0 0.666666666667
法律+规定 0.0 0.02735439883 0.409090909091 0.527096004774 0.857095503974 0.247731676376 0.0 0.5 0.164233067789 0.428571428571 0.10101010101 1.0 0.666666666667
追+回 0.0 0.0245207450259 0.136363636364 0.78243053299 0.729271960493 0.338721968548 0.0 0.5 0.0 0.428571428571 0.0505050505051 1.0 0.0
企图+侵占 0.0 0.0746961046284 0.409090909091 0.785562846168 0.829720807219 0.0990594226915 0.0 0.5 0.0620925051245 0.238095238095 0.0808080808081 1.0 0.0
毁损+夫妻 0.0 0.133208098076 0.409090909091 0.780306277271 0.828232631487 0.00716830102089 0.0 0.5 0.126568885323 0.238095238095 0.0909090909091 0.0 0.333333333333
伪造+债务 0.0 0.132728246199 0.409090909091 0.785562846168 0.829720807219 0.127880555374 0.0 0.5 0.0615531592714 0.238095238095 0.0808080808081 0.0 0.333333333333
债务+企图 0.0 0.0630896763144 0.409090909091 0.785562846168 0.829720807219 0.053742442589 0.0 0.5 0.0543099054243 0.238095238095 0.0808080808081 0.0 0.333333333333
财产+时 0.0 0.0555033741984 0.272727272727 0.733505283323 0.856840728109 0.135676412816 0.0 0.5 0.28698568464 0.238095238095 0.0909090909091 0.0 0.666666666667
少+分 0.0 0.236858696439 0.136363636364 0.757479998871 0.843781348371 0.328478181913 0.0 0.5 0.0 0.142857142857 0.141414141414 1.0 0.0
指导性+案例 0.0 0.302834879874 0.545454545455 0.803532738689 0.815233759871 0.389540050993 0.0 0.5 0.072923120509 0.238095238095 0.0707070707071 1.0 0.666666666667
指导+案例 0.0 0.132942739764 0.409090909091 0.810886442992 0.741851719166 0.35093996029 0.0 0.5 0.0949733012073 0.238095238095 0.0505050505051 1.0 0.333333333333
分+财产 0.0 0.0888053987173 0.272727272727 0.758769769835 0.813816635914 0.229340714294 0.0 0.5 0.28698568464 0.142857142857 0.121212121212 1.0 0.333333333333
采访+时 0.0 0.0171211758978 0.272727272727 0.379007617921 0.852295912845 0.315173987321 0.0 0.5 0.0177312743912 0.428571428571 0.0606060606061 0.0 0.333333333333
中国+电影 0.0 0.0772565330518 0.409090909091 0.66285334966 0.400037573334 0.382106219122 0.0 0.5 0.203512442587 1.0 0.010101010101 1.0 0.666666666667
人物+周刊 0.0 0.620061586939 0.409090909091 1.0 0.0 0.24346909255 0.0 0.5 0.0913091754009 1.0 0.0 1.0 0.666666666667
孩子+抚养 3.0 0.0107113775648 0.409090909091 0.62135537919 0.82501994908 0.24893045487 0.0 0.5 0.087905794824 0.238095238095 0.141414141414 1.0 0.333333333333
王宝强+名誉 0.0 0.131754321693 0.545454545455 0.397316795619 0.891736514162 0.31066105948 0.0 0.5 0.262850148055 0.0857142857143 0.323232323232 1.0 0.666666666667
名誉+侵权案 0.0 0.170488982575 0.545454545455 0.414009820996 0.894564706017 0.319058701506 0.0 0.5 0.119740304806 0.0857142857143 0.242424242424 1.0 0.666666666667
聊天+记录 0.0 0.035055002757 0.409090909091 0.49800458229 0.750683136389 0.299644431593 0.0 0.5 0.335623311545 0.238095238095 0.0707070707071 1.0 0.333333333333
精神+损害 0.0 0.0979089612566 0.409090909091 0.567635451168 0.744984142766 0.340264902154 0.0 0.5 0.139278896573 0.238095238095 0.0808080808081 1.0 0.333333333333
精神+抚慰 0.0 0.0171211758978 0.409090909091 0.536994599378 0.705589436732 0.300606997051 0.0166666666667 0.5 0.102879656682 0.142857142857 0.161616161616 1.0 0.333333333333
次+开庭 0.0 0.0555033741984 0.272727272727 0.372887686843 0.869381086375 0.224310618609 0.0 0.5 0.105890668266 0.142857142857 0.10101010101 0.0 0.0
协议+离婚 0.0 0.0444026993589 0.409090909091 0.442502767424 0.85817044565 0.294358629407 0.0166666666667 0.5 0.423508747431 1.0 0.0909090909091 1.0 0.333333333333
出轨+行为 0.0 0.108085878334 0.409090909091 0.522220206554 0.861052006198 0.229609159244 0.0 0.5 0.183981144483 0.428571428571 0.0707070707071 1.0 0.333333333333
宝强+诉马 0.0 0.0282703913722 0.409090909091 0.644973019646 0.819362059794 0.179118509516 0.0 0.5 0.677733871964 0.428571428571 0.111111111111 0.0 0.666666666667
诉马+蓉 0.0 0.115342440869 0.272727272727 0.490429938099 0.857479426279 0.262971095925 0.0 0.5 0.0361110859147 0.428571428571 0.121212121212 1.0 0.666666666667
马蓉诉+王宝强 3.0 0.105523425635 0.681818181818 0.462612714241 0.887092605645 0.258089084919 0.0166666666667 0.5 0.225647608697 0.142857142857 0.181818181818 1.0 0.333333333333
法院+门口 0.0 0.0746961046284 0.409090909091 0.432989387884 0.778544584492 0.353340369315 0.0 0.5 0.44143788988 0.428571428571 0.0808080808081 1.0 0.666666666667
法院+提交 0.0 0.0333020245189 0.409090909091 0.483493853905 0.827864223233 0.283614800298 0.0 0.5 0.478851795083 0.238095238095 0.0909090909091 0.0 0.333333333333
公开+审理 0.0 0.209223649403 0.409090909091 0.440199379772 0.908868967932 0.318108914426 0.0 0.5 0.15996353777 0.238095238095 0.272727272727 1.0 0.0
马+蓉诉 0.0 0.0366122880811 0.272727272727 0.451493219065 0.836074039811 0.252388243778 0.0666666666667 0.5 0.024176307376 0.428571428571 0.121212121212 1.0 0.333333333333
蓉诉+王宝强 0.0 0.0166639630581 0.545454545455 0.482290165276 0.803195902028 0.155751551142 0.0 0.5 0.214510759739 0.142857142857 0.232323232323 0.0 0.333333333333
婚内+出轨 0.0 0.0222013496794 0.409090909091 0.603935473985 0.796775076922 0.228138407011 0.0 0.5 0.158895697996 0.428571428571 0.0909090909091 0.0 0.333333333333
要求+分割 0.0 0.0628266082583 0.409090909091 0.659274370463 0.794674956401 0.232575703213 0.0 0.5 0.154095704564 0.428571428571 0.111111111111 0.0 0.0
戚连峰+律师 0.0 0.0577933227694 0.545454545455 0.929732474765 0.388106661315 0.181491477471 0.0 0.5 0.200060605645 0.428571428571 0.020202020202 1.0 0.666666666667
子女+身份 0.0 0.0472268153534 0.409090909091 0.677583458332 0.675501486395 0.264484210155 0.0166666666667 0.5 0.0923906878749 1.0 0.0707070707071 1.0 0.666666666667
相应+证据 0.0 0.0593986279498 0.409090909091 0.677583458332 0.675501486395 0.223372564099 0.0 0.5 0.216092003234 1.0 0.0707070707071 1.0 0.333333333333
夫妻+感情 0.0 0.0 0.409090909091 0.48847214032 0.807574295379 0.281496756248 0.0 0.5 0.156928032572 0.428571428571 0.0909090909091 1.0 0.666666666667
是否+破裂 0.0 0.0171211758978 0.409090909091 0.672078374379 0.669679349224 0.20932366174 0.0 0.5 0.0904810678398 0.428571428571 0.0606060606061 1.0 0.0
损害+赔偿 2.0 0.144429215714 0.409090909091 0.689799033196 0.748194472437 0.332766283642 0.0 0.5 0.0972533455455 0.428571428571 0.10101010101 0.0 0.0
司法+实践 0.0 0.0 0.409090909091 0.646715584643 0.777160605192 0.225847784535 0.0 0.5 0.0266644591471 0.428571428571 0.0909090909091 1.0 0.333333333333
身份+情况 0.0 0.0107113775648 0.409090909091 0.677583458332 0.675501486395 0.192378896213 0.0 0.5 0.0944012790441 1.0 0.0707070707071 0.0 0.666666666667
精神+赔偿 3.0 0.0772565330518 0.409090909091 0.999956317461 0.0200018786667 0.253400182325 0.0 0.5 0.143464805931 1.0 0.010101010101 1.0 0.333333333333
出轨+证据 2.0 0.0592838943438 0.409090909091 0.512631292623 0.838212267945 0.379696827883 0.05 0.5 0.278015208917 0.428571428571 0.10101010101 1.0 0.333333333333
起诉+王宝强 2.0 0.0661360953766 0.545454545455 0.46544973956 0.730515834179 0.26791925535 0.0 0.5 0.236978162036 0.428571428571 0.121212121212 0.0 0.333333333333
案+开庭 0.0 0.0111006748395 0.272727272727 0.400920647793 0.731808418167 0.280388220149 0.05 0.5 0.105890668266 0.238095238095 0.10101010101 0.0 0.333333333333
宋喆+出轨 3.0 0.0486407291722 0.409090909091 0.531061342078 0.762469101987 0.325484181243 0.0333333333333 0.5 0.290170015128 0.428571428571 0.10101010101 1.0 0.333333333333
事实+证据 0.0 0.0332725777435 0.409090909091 0.720609763693 0.636430376544 0.163248327977 0.0 0.5 0.216171577115 1.0 0.040404040404 1.0 0.666666666667
场+官司 0.0 0.0379975640011 0.272727272727 0.49516631666 0.839839520301 0.191878177502 0.0 0.5 0.0907868186423 0.428571428571 0.10101010101 0.0 0.666666666667
支付+精神 0.0 0.0555595531859 0.409090909091 0.684477506935 0.697562756663 0.159020409487 0.0 0.5 0.12312431333 0.428571428571 0.0606060606061 0.0 0.333333333333
要求+马蓉 0.0 0.0699270595149 0.409090909091 0.562737096629 0.789277345624 0.241529975701 0.0 0.5 0.436190348212 0.428571428571 0.10101010101 1.0 0.333333333333
法院+申请 0.0 0.0747289028615 0.409090909091 0.43894809367 0.841228584778 0.257007004144 0.0 0.5 0.43855158046 0.142857142857 0.151515151515 0.0 0.333333333333
涉及+财产 0.0 0.00505753474401 0.409090909091 0.587220925208 0.840918645684 0.260277635831 0.0 0.5 0.3393626167 0.428571428571 0.0808080808081 0.0 0.333333333333
感情+破裂 0.0 0.0516262437109 0.409090909091 0.550153659979 0.823191537649 0.378230969741 0.0 0.5 0.0704645323865 0.428571428571 0.0505050505051 1.0 0.333333333333
报+记者 0.0 0.187153737134 0.272727272727 0.336060823721 0.721490642957 0.313662117793 0.0 0.5 0.0555344877197 0.238095238095 0.171717171717 0.0 0.666666666667
相关+法律 0.0 0.0439839553083 0.409090909091 0.516858949155 0.718917117457 0.170850428924 0.0 0.5 0.164252149718 0.428571428571 0.030303030303 1.0 0.333333333333
华西+都市 0.0 0.249691566954 0.409090909091 0.422774498795 0.517455363661 0.210914978296 0.0 0.5 0.0370209507496 1.0 0.040404040404 1.0 0.666666666667
都市+报 0.0 0.206407769112 0.272727272727 0.422774498795 0.517455363661 0.251979988245 0.0 0.5 0.0185105218801 1.0 0.040404040404 0.0 0.666666666667
封面+新闻 0.0 0.276470010866 0.409090909091 0.507955005246 0.487203635213 0.232825739434 0.0 0.5 0.0552198746242 1.0 0.040404040404 1.0 0.666666666667
黄+奕 0.0 0.154836282634 0.136363636364 1.0 0.0 0.455127112128 0.0 0.5 0.0 1.0 0.0 1.0 0.666666666667
封面+新闻记者 0.0 0.091553337003 0.681818181818 0.911588807309 0.401822241256 0.321276100619 0.0 0.5 0.0384952479721 1.0 0.020202020202 1.0 0.666666666667
转移+王+宝强 0.0 0.0228831901611 0.590909090909 0.666450521648 0.661274737332 0.278978348513 0.0166666666667 1.0 0.677747919355 0.428571428571 0.0707070707071 0.0 0.666666666667
王+宝强+起诉 3.0 0.101262567327 0.590909090909 0.4860696506 0.832015200831 0.198372642104 0.0166666666667 1.0 0.677770312353 0.238095238095 0.161616161616 0.0 0.666666666667
宝强+起诉+马 0.0 0.0446172663981 0.590909090909 0.488999803275 0.808270865194 0.128250043369 0.0 1.0 0.677770312353 0.238095238095 0.161616161616 0.0 0.666666666667
起诉+马+蓉 0.0 0.0545766623977 0.454545454545 0.46907708026 0.823638585102 0.146612968194 0.0 1.0 0.0745506419036 0.428571428571 0.171717171717 1.0 0.666666666667
马蓉+的+离婚 0.0 0.0379975640011 0.590909090909 0.424537848194 0.873195148971 0.181259120372 0.0 1.0 0.697011002954 0.142857142857 0.10101010101 0.0 0.333333333333
涉嫌+职务+侵占 1.0 0.0888053987173 0.727272727273 0.648522133334 0.672876086995 0.243804741405 0.0166666666667 1.0 0.12485184619 1.0 0.111111111111 1.0 0.333333333333
王+宝强+离婚 2.0 0.172495060502 0.590909090909 0.222312292839 0.963497639134 0.309623440945 0.383333333333 1.0 1.0 0.047619047619 0.494949494949 0.0 0.666666666667
宝强+离婚+案 0.0 0.176204191996 0.590909090909 0.304507384758 0.959757189107 0.301058140431 0.266666666667 1.0 1.0 0.0857142857143 0.40404040404 1.0 0.666666666667
宝强+的+代理 0.0 0.0333020245189 0.590909090909 0.551206196802 0.828362440647 0.130515728979 0.0 1.0 0.677736524014 0.428571428571 0.0909090909091 0.0 0.333333333333
代理+律师+张起淮 3.0 0.0699270595149 0.863636363636 0.522903099372 0.80963346379 0.184622618567 0.0 1.0 0.273652731069 1.0 0.10101010101 0.0 0.666666666667
朝阳+法院+开庭 3.0 0.0865227513205 0.727272727273 0.395473750557 0.837221430656 0.179566075462 0.0 1.0 0.62535829122 0.238095238095 0.212121212121 0.0 0.666666666667
法院+开庭+审理 0.0 0.0562948262784 0.727272727273 0.49856801441 0.745741093844 0.10852487554 0.0 1.0 0.614167418297 0.428571428571 0.121212121212 0.0 0.333333333333
王+宝强+要求 0.0 0.0167112336584 0.590909090909 0.606870451099 0.816150414711 0.164587736671 0.0 1.0 0.677753780829 0.428571428571 0.10101010101 1.0 0.666666666667
马蓉+与+经纪人 3.0 0.0444026993589 0.727272727273 0.613739980995 0.704810524543 0.174055347801 0.0 1.0 0.436203674275 1.0 0.0909090909091 0.0 0.666666666667
解除+与+马蓉 0.0 0.0 0.590909090909 0.61898377205 0.68552774461 0.0574185004743 0.0 1.0 0.436177292375 1.0 0.0909090909091 0.0 0.333333333333
马蓉+的+婚姻 0.0 0.0116991504183 0.590909090909 0.596149905678 0.719269403713 0.0743014096966 0.0 1.0 0.436203716149 1.0 0.111111111111 0.0 0.666666666667
要求+解除+双方 0.0 0.00505753474401 0.727272727273 0.672401015076 0.719406301623 0.111902127523 0.0 1.0 0.182753730204 0.428571428571 0.0808080808081 0.0 0.333333333333
解除+双方+婚姻 0.0 0.00505753474401 0.727272727273 0.672401015076 0.719406301623 0.0984665168759 0.0 1.0 0.175650239298 0.428571428571 0.0808080808081 0.0 0.666666666667
双方+婚姻+关系 1.0 0.00505753474401 0.727272727273 0.672401015076 0.719406301623 0.0761044797325 0.0 1.0 0.198440259545 0.428571428571 0.0808080808081 0.0 1.0
判+令+婚生 0.0 0.00505753474401 0.454545454545 0.672401015076 0.719406301623 0.053742442589 0.0 1.0 0.00789235191298 0.428571428571 0.0808080808081 0.0 0.333333333333
令+婚生+子女 0.0 0.00505753474401 0.590909090909 0.672401015076 0.719406301623 0.053742442589 0.0 1.0 0.0671696470763 0.428571428571 0.0808080808081 0.0 0.666666666667
抚养费+至+孩子 0.0 0.00505753474401 0.727272727273 0.672401015076 0.719406301623 0.0700209848558 0.0 1.0 0.0745290799098 0.428571428571 0.0808080808081 0.0 0.666666666667
起诉+王+宝强 2.0 0.00505753474401 0.590909090909 0.584299717622 0.768737572767 0.178477926523 0.0 1.0 0.677770312353 0.238095238095 0.0808080808081 0.0 0.666666666667
宋喆+和+马 0.0 0.0621284429715 0.454545454545 0.802528600311 0.738815765137 0.258320663843 0.0 1.0 0.227084647386 0.428571428571 0.040404040404 0.0 0.666666666667
经纪人+宋+喆 3.0 0.0321501335542 0.590909090909 0.377628808645 0.823587260323 0.283954605044 0.0166666666667 1.0 0.0515724597828 0.238095238095 0.121212121212 1.0 1.0
吃+瓜+群众 0.0 0.155409447756 0.454545454545 0.308686224243 0.907415042964 0.375735780877 0.0 1.0 0.0799894136734 0.0857142857143 0.0909090909091 1.0 0.666666666667
宋喆+被+抓 3.0 0.0427467607564 0.454545454545 0.698820444626 0.507056476551 0.24454832322 0.0666666666667 1.0 0.227084647386 1.0 0.0606060606061 0.0 0.333333333333
新浪+娱乐+讯 0.0 0.0672621111573 0.590909090909 0.0671375901024 0.772439540864 0.221180901713 0.0 1.0 0.540387183678 0.047619047619 0.373737373737 0.0 0.666666666667
北京+朝阳+法院 0.0 0.126237024645 0.727272727273 0.336449105408 0.891062940035 0.335796679018 0.0 1.0 0.572894154442 0.142857142857 0.313131313131 1.0 1.0
财产+的+行为 0.0 0.0107113775648 0.590909090909 0.756696374674 0.810261174508 0.175596029947 0.0 1.0 0.338280398877 0.238095238095 0.0707070707071 0.0 0.666666666667
净身+出+户 2.0 0.442348140799 0.454545454545 0.59410721112 0.913945662478 0.372608541146 0.05 1.0 0.0423290549273 0.0857142857143 0.181818181818 1.0 0.333333333333
宝强+的+离婚 0.0 0.035055002757 0.590909090909 0.258180136914 0.89395313349 0.180326776093 0.0 1.0 1.0 0.238095238095 0.10101010101 0.0 0.333333333333
正当+两性+关系 0.0 0.0464535571798 0.727272727273 0.488763627304 0.776482480898 0.125450028281 0.0 1.0 0.106732826657 0.428571428571 0.121212121212 0.0 0.666666666667
马蓉+与+宋喆 3.0 0.0 0.590909090909 0.551360645743 0.788727787989 0.166049921191 0.0 1.0 0.52130910442 0.428571428571 0.10101010101 0.0 0.666666666667
张+起+淮 0.0 0.0699270595149 0.318181818182 0.433603103548 0.764158348571 0.339953464833 0.0 1.0 0.0 0.428571428571 0.141414141414 1.0 0.0
伪造+债务+企图 0.0 0.0630896763144 0.727272727273 0.785562846168 0.829720807219 0.053742442589 0.0 1.0 0.0667282061535 0.238095238095 0.0808080808081 0.0 0.333333333333
债务+企图+侵占 0.0 0.0630896763144 0.727272727273 0.785562846168 0.829720807219 0.053742442589 0.0 1.0 0.0813705069202 0.238095238095 0.0808080808081 0.0 0.333333333333
马蓉+和+宋喆 3.0 0.0555033741984 0.590909090909 0.435274016417 0.878827909095 0.32165824012 0.0 1.0 0.52130910442 0.142857142857 0.111111111111 0.0 0.666666666667
蓉+的+离婚 0.0 0.00505753474401 0.454545454545 0.320840285205 0.794775908633 0.157906017559 0.0166666666667 1.0 0.40278654592 0.0857142857143 0.20202020202 0.0 0.333333333333
王宝强+名誉+侵权案 3.0 0.116274187066 1.0 0.406151251215 0.89184793607 0.260500160251 0.0 1.0 0.310074757169 0.142857142857 0.222222222222 1.0 1.0
王+宝强+诉马 0.0 0.0282703913722 0.590909090909 0.644973019646 0.819362059794 0.20533923664 0.0 1.0 0.677733871964 0.428571428571 0.0808080808081 1.0 1.0
宝强+诉马+蓉 0.0 0.0282703913722 0.590909090909 0.644973019646 0.819362059794 0.179118509516 0.0 1.0 0.677733871964 0.428571428571 0.111111111111 0.0 1.0
诉马+蓉+离婚 0.0 0.0759773644753 0.590909090909 0.490429938099 0.857479426279 0.238181767373 0.0 1.0 0.40806634165 0.428571428571 0.121212121212 0.0 0.666666666667
马+蓉诉+王宝强 3.0 0.0166639630581 0.727272727273 0.482290165276 0.803195902028 0.1873687962 0.0 1.0 0.214510759739 0.428571428571 0.0808080808081 1.0 0.666666666667
蓉诉+王宝强+名誉 0.0 0.00505753474401 0.863636363636 0.482290165276 0.803195902028 0.145571883893 0.0 1.0 0.287026455431 0.142857142857 0.20202020202 0.0 0.666666666667
子女+身份+情况 0.0 0.0107113775648 0.727272727273 0.677583458332 0.675501486395 0.214174227945 0.0 1.0 0.157800601583 1.0 0.0707070707071 0.0 1.0
马蓉诉+王宝强+名誉 3.0 0.0881894793602 1.0 0.453437445632 0.859065418196 0.210643795259 0.0 1.0 0.298163304389 0.142857142857 0.151515151515 0.0 0.666666666667
马蓉+起诉+王宝强 3.0 0.0111006748395 0.863636363636 0.437435217864 0.720528583611 0.151408177867 0.0 1.0 0.53120261907 0.428571428571 0.0909090909091 0.0 0.666666666667
起诉+王宝强+名誉 2.0 0.0167112336584 0.863636363636 0.473531969606 0.725057998469 0.171948956874 0.0 1.0 0.283281964908 0.428571428571 0.10101010101 0.0 0.666666666667
离婚+案+开庭 0.0 0.0111006748395 0.590909090909 0.400920647793 0.731808418167 0.278544152047 0.05 1.0 0.486635560926 0.428571428571 0.0909090909091 0.0 0.333333333333
马蓉+支付+精神 0.0 0.0380734943682 0.727272727273 0.675391014361 0.688233986729 0.132758499207 0.0 1.0 0.441813218027 0.428571428571 0.0505050505051 0.0 0.666666666667
支付+精神+抚慰金 3.0 0.0299339683268 0.863636363636 0.684477506935 0.697562756663 0.121407650166 0.0 1.0 0.15443924647 0.428571428571 0.0606060606061 1.0 0.666666666667
要求+马蓉+支付 0.0 0.0514832480003 0.727272727273 0.596702515338 0.748223990935 0.195183573901 0.0 1.0 0.441798401967 0.428571428571 0.0808080808081 0.0 0.333333333333
王宝强+名誉+侵权 3.0 0.0116991504183 0.863636363636 0.457764680116 0.760391907919 0.159591687113 0.0 1.0 0.280707536667 0.142857142857 0.313131313131 0.0 0.666666666667
华西+都市+报 0.0 0.206407769112 0.590909090909 0.422774498795 0.517455363661 0.187056143959 0.0 1.0 0.0370209507496 1.0 0.040404040404 0.0 1.0
都市+报+记者 0.0 0.177551903884 0.590909090909 0.422774498795 0.517455363661 0.230150555795 0.0 1.0 0.0736770378207 1.0 0.040404040404 0.0 1.0
