这种 0.0 0.185826588492 0.0909090909091 0.176519637277 0.958376442541 0.711858496135 0.0 0.0 0.102197910916 0.0 0.222222222222 0.0 0.0
各区 0.0 0.357708550595 0.0909090909091 0.445924966023 0.787386594128 0.555207190538 0.0 0.0 0.0614256914257 1.0 0.151515151515 0.0 0.0
这家 0.0 0.434277038428 0.0909090909091 0.314854665242 0.775663784306 0.609886211186 0.0 0.0 0.0890221040527 0.0857142857143 0.0606060606061 0.0 0.0
各类 0.0 0.268061768932 0.0909090909091 0.226808661199 0.843024822406 0.4691110734 0.0 0.0 0.0387096635217 0.238095238095 0.151515151515 0.0 0.0
虐童+事件 2.0 0.338957245297 0.409090909091 0.100022330377 0.981311665772 0.515852425111 0.164556962025 0.5 0.428839723289 0.0204081632653 0.494949494949 1.0 0.333333333333
幼儿园+虐童 2.0 0.214322464302 0.545454545455 0.134043479437 0.944869427611 0.2768855897 0.0506329113924 0.5 0.763497772474 0.0857142857143 0.252525252525 1.0 0.333333333333
教育部+副 0.0 0.112567387108 0.409090909091 0.887550483468 0.220304491711 0.145742107964 0.0379746835443 0.5 0.0519804832496 1.0 0.0505050505051 0.0 0.333333333333
副+部长 0.0 0.125055403086 0.272727272727 0.887550483468 0.220304491711 0.217507273466 0.0379746835443 0.5 0.0209656956094 1.0 0.0505050505051 0.0 0.333333333333
回应+称 0.0 0.0800912879205 0.272727272727 0.303706937813 0.875375520207 0.266284180778 0.0 0.5 0.0494024360539 0.142857142857 0.0606060606061 1.0 0.0
学前教育+立法 2.0 0.137543419063 0.681818181818 0.887550483468 0.220304491711 0.2173042518 0.0126582278481 0.5 0.116230586179 1.0 0.0505050505051 1.0 0.0
允许+任何人 0.0 0.105761951091 0.545454545455 0.600748848149 0.248306640673 0.121608570116 0.0 0.5 0.143459259674 0.428571428571 0.020202020202 0.0 0.0
北京+警方 2.0 0.222597705827 0.409090909091 0.303601688239 0.895513379726 0.301283908747 0.0632911392405 0.5 0.312111501375 0.0857142857143 0.272727272727 1.0 0.666666666667
警方+通报 2.0 0.178414987269 0.409090909091 0.311006432718 0.908571592663 0.291698635905 0.0506329113924 0.5 0.231483462698 0.238095238095 0.151515151515 1.0 0.666666666667
通报+红 0.0 0.0777143749947 0.272727272727 0.192021912585 0.783875427288 0.0912978125896 0.0632911392405 0.5 0.0798430158271 0.238095238095 0.10101010101 0.0 0.333333333333
入+园 0.0 0.104381179732 0.136363636364 0.394592841003 0.848202555805 0.287246194996 0.0126582278481 0.5 0.0 0.238095238095 0.121212121212 1.0 0.333333333333
期+学前教育 0.0 0.0682850962372 0.545454545455 0.778694764491 0.363488519384 0.102659229546 0.0 0.5 0.0915840687429 1.0 0.0606060606061 0.0 0.0
行动+计划 0.0 0.0918974796041 0.409090909091 0.778694764491 0.363488519384 0.04347919634 0.0 0.5 0.0454908111154 1.0 0.0606060606061 1.0 0.333333333333
快乐+成长 0.0 0.0727111916182 0.409090909091 0.440941057023 0.727085452426 0.155332563338 0.0 0.5 0.0389801671859 1.0 0.111111111111 1.0 0.0
蓝+事件 0.0 0.116942435177 0.272727272727 0.0422451206396 0.87376068374 0.241603096449 0.0632911392405 0.5 0.212438105649 0.0857142857143 0.10101010101 0.0 0.333333333333
北京+红 0.0 0.198915666776 0.272727272727 0.0926884134832 0.936747045314 0.222460227306 0.0632911392405 0.5 0.160471054505 0.047619047619 0.343434343434 0.0 0.333333333333
幼儿园+涉嫌 0.0 0.0571692008813 0.545454545455 0.134356759121 0.839292453244 0.164823393792 0.0379746835443 0.5 0.753307125404 0.142857142857 0.0808080808081 0.0 0.333333333333
发布+消息 0.0 0.0525089970293 0.409090909091 0.40832964025 0.66878304284 0.14865654674 0.0 0.5 0.0549483294417 0.238095238095 0.0909090909091 0.0 0.333333333333
行政+拘留 2.0 0.146559353644 0.409090909091 0.367871062393 0.813178943742 0.225482026794 0.0 0.5 0.096460827104 0.238095238095 0.222222222222 1.0 0.333333333333
社会+各界 0.0 0.140887845863 0.409090909091 0.628678495159 0.599704573376 0.24034497697 0.0 0.5 0.196362816304 0.238095238095 0.0707070707071 0.0 0.333333333333
情况+通报 3.0 0.0751033391756 0.409090909091 0.12414827256 0.740674966699 0.297968739042 0.0 0.5 0.200258995201 0.142857142857 0.0505050505051 1.0 0.666666666667
刑事+拘留 2.0 0.132779608623 0.409090909091 0.342838017301 0.808281699482 0.117463567999 0.0 0.5 0.0995315387172 0.142857142857 0.292929292929 1.0 0.0
人员+集体 0.0 0.119821965548 0.409090909091 0.549981398092 0.665013022099 0.00842488399767 0.0126582278481 0.5 0.182545424836 0.428571428571 0.111111111111 0.0 0.666666666667
集体+猥亵 2.0 0.127361706001 0.409090909091 0.441704940054 0.716980813095 0.139879400684 0.0126582278481 0.5 0.18865138649 0.238095238095 0.141414141414 1.0 0.333333333333
猥亵+幼儿 2.0 0.118926538068 0.409090909091 0.444717825066 0.801603709729 0.0715323191464 0.0126582278481 0.5 0.297463426822 0.142857142857 0.141414141414 0.0 0.333333333333
幼儿+虚假 0.0 0.113449297399 0.409090909091 0.497208331415 0.750722345578 0.0791344629646 0.0 0.5 0.297454367768 0.238095238095 0.121212121212 0.0 0.333333333333
利用+网络 0.0 0.0623788655549 0.409090909091 0.510349263167 0.720218052965 0.0818947620227 0.0 0.5 0.078052394403 0.428571428571 0.0707070707071 0.0 0.333333333333
虚假+信息 0.0 0.194714402117 0.409090909091 0.480958614851 0.773281480056 0.195735928695 0.0 0.5 0.0870622289118 0.238095238095 0.151515151515 1.0 0.333333333333
集体+诉讼 3.0 0.291096068592 0.409090909091 0.554464060779 0.777412666686 0.424173699733 0.0506329113924 0.5 0.575145422195 0.0857142857143 0.131313131313 1.0 0.333333333333
蓝+教育 0.0 0.347609668125 0.272727272727 0.224070404951 0.952089382326 0.290971652133 0.0506329113924 0.5 0.351608266371 0.0204081632653 0.282828282828 0.0 0.0
起诉+红 0.0 0.0682850962372 0.272727272727 0.429248268835 0.77490695297 0.11607958952 0.0379746835443 0.5 0.145455530527 0.142857142857 0.0606060606061 1.0 0.0
美元+增至 0.0 0.105761951091 0.409090909091 0.876283096669 0.4351778229 0.135224706437 0.0 0.5 0.353936644054 1.0 0.020202020202 0.0 0.0
美国+上市 0.0 0.142510450227 0.409090909091 0.546143088537 0.765363599905 0.272150417436 0.0 0.5 0.786006653662 0.047619047619 0.131313131313 0.0 0.333333333333
18.5+美元 0.0 0.0623788655549 0.318181818182 0.559247917535 0.827517107989 0.151043719522 0.0 0.5 0.326774563412 0.0857142857143 0.0707070707071 1.0 0.0
直营+幼儿园 0.0 0.144566232895 0.545454545455 0.443855858133 0.877326853836 0.318324077731 0.0126582278481 0.5 0.684808884171 0.142857142857 0.0909090909091 1.0 0.333333333333
加盟+幼儿园 0.0 0.237447546883 0.545454545455 0.501080654918 0.709710343856 0.358852128312 0.0 0.5 0.684809099829 1.0 0.0505050505051 1.0 0.333333333333
招+股 0.0 0.0964620518991 0.136363636364 0.587381272253 0.65167572763 0.213625192904 0.0 0.5 0.0 0.238095238095 0.0606060606061 1.0 0.333333333333
亲子+园 0.0 0.0930374774703 0.272727272727 0.638038842601 0.593182211133 0.250939365441 0.0 0.5 0.031525335072 1.0 0.040404040404 1.0 0.666666666667
两+年 0.0 0.115509862972 0.136363636364 0.433885201398 0.830945051577 0.304409387279 0.0 0.5 0.0 0.142857142857 0.0707070707071 1.0 0.0
5000万+美元 0.0 0.110399810762 0.454545454545 0.433385371736 0.855685159843 0.242958550909 0.0126582278481 0.5 0.345723033455 0.0857142857143 0.111111111111 1.0 0.0
股票+回购 2.0 0.0785584051773 0.409090909091 0.409688278312 0.795470518563 0.107112460773 0.0126582278481 0.5 0.126875841941 0.0857142857143 0.0808080808081 1.0 0.333333333333
回购+计划 0.0 0.100977655976 0.409090909091 0.417116554199 0.829357747497 0.128909091489 0.0126582278481 0.5 0.0623134571585 0.0857142857143 0.111111111111 1.0 0.333333333333
持+股 0.0 0.137543419063 0.136363636364 0.434696609964 0.707049952257 0.228914104182 0.0 0.5 0.0 0.142857142857 0.0606060606061 1.0 0.333333333333
高瓴+资本 0.0 0.193007486119 0.409090909091 0.523310526954 0.684660523478 0.2906321942 0.0 0.5 0.212097657215 0.238095238095 0.030303030303 1.0 0.666666666667
蓝+股价 0.0 0.178788375703 0.272727272727 0.320421027059 0.950948135945 0.274217680301 0.0253164556962 0.5 0.186785877013 0.047619047619 0.161616161616 0.0 0.333333333333
美国+法院 3.0 0.0571692008813 0.409090909091 0.709967632246 0.64189367736 0.319951513693 0.0 0.5 0.596762375423 0.0857142857143 0.0808080808081 1.0 0.666666666667
北京+时间 0.0 0.11628945875 0.409090909091 0.410666914208 0.886199794969 0.317605932308 0.0 0.5 0.235189942356 0.047619047619 0.131313131313 1.0 0.666666666667
郝俊波+律师 2.0 0.162934266671 0.545454545455 0.708653219363 0.572559606125 0.297796752062 0.0 0.5 0.417380114741 0.428571428571 0.040404040404 1.0 0.666666666667
律师+事务所 0.0 0.296065064669 0.545454545455 0.638581185524 0.720069711178 0.394184907814 0.0126582278481 0.5 0.427260037743 0.142857142857 0.141414141414 1.0 0.666666666667
美国+律师 2.0 0.0623788655549 0.409090909091 0.706995705911 0.641697875195 0.185084166849 0.0126582278481 0.5 0.781002446494 0.142857142857 0.0707070707071 1.0 0.666666666667
美+股 0.0 0.185504426657 0.136363636364 0.422051695103 0.838966484985 0.412756221131 0.0253164556962 0.5 0.0 0.047619047619 0.141414141414 1.0 0.333333333333
美国+纽约 0.0 0.113449297399 0.409090909091 0.413512788559 0.881716343389 0.311757537919 0.0 0.5 0.531229973309 0.0857142857143 0.121212121212 1.0 0.666666666667
法律+法规 0.0 0.0571692008813 0.409090909091 0.176690727353 0.945235870286 0.368547028387 0.0 0.5 0.110246219604 0.142857142857 0.0808080808081 1.0 0.666666666667
蓝+上市 0.0 0.0831676089447 0.272727272727 0.610158315955 0.778066576783 0.174551008726 0.0 0.5 0.403136087663 0.142857142857 0.040404040404 1.0 0.0
诉讼+调查 0.0 0.121336813769 0.409090909091 0.501074940918 0.795836569877 0.229161075502 0.0253164556962 0.5 0.548189211803 0.142857142857 0.0808080808081 1.0 0.0
幼儿园+事件 0.0 0.188550890024 0.545454545455 0.0955902577957 0.894298435084 0.240800142693 0.101265822785 0.5 0.859809636414 0.0857142857143 0.272727272727 1.0 0.666666666667
新京报+记者 0.0 0.127316054655 0.545454545455 0.243374994821 0.958010323517 0.240900364823 0.0 0.5 0.128560184119 0.238095238095 0.0606060606061 1.0 0.666666666667
美国+成美 0.0 0.0751033391756 0.409090909091 0.754343008919 0.58109605812 0.236454604137 0.0 0.5 0.461688673973 0.238095238095 0.0505050505051 0.0 0.666666666667
美国+证券法 0.0 0.129672277248 0.545454545455 0.691181697014 0.585916437794 0.285543483225 0.0 0.5 0.549532580598 0.238095238095 0.0707070707071 1.0 0.666666666667
上市+公司 0.0 0.186669934197 0.409090909091 0.442511540848 0.866872484895 0.371691056151 0.0126582278481 0.5 0.619977909261 0.0204081632653 0.161616161616 1.0 0.333333333333
达+资本 0.0 0.193007486119 0.272727272727 0.526342414717 0.669988916826 0.273520532101 0.0 0.5 0.210003303024 0.428571428571 0.030303030303 1.0 0.333333333333
股权+投资 0.0 0.105761951091 0.409090909091 0.812503813996 0.487282127125 0.232875849049 0.0 0.5 0.156123274688 1.0 0.020202020202 1.0 0.333333333333
北京+红黄蓝 0.0 0.0813281367821 0.545454545455 0.083559701198 0.847138356078 0.215516318548 0.0 0.5 0.17592180843 0.142857142857 0.131313131313 1.0 0.333333333333
儿童+教育 0.0 0.0953130620658 0.409090909091 0.309028745426 0.849268105346 0.215419486319 0.0 0.5 0.680585501806 0.047619047619 0.141414141414 1.0 0.333333333333
教育+科技 0.0 0.063289036832 0.409090909091 0.323802363433 0.810071522888 0.0554242329874 0.0 0.5 0.353708388022 0.0857142857143 0.111111111111 1.0 0.333333333333
科技+发展 0.0 0.0681087090659 0.409090909091 0.268908532597 0.845427206803 0.125908221962 0.0 0.5 0.0665302942184 0.0857142857143 0.121212121212 1.0 0.333333333333
发展+有限公司 0.0 0.0681087090659 0.681818181818 0.23267828115 0.866710580412 0.188003416119 0.0 0.5 0.0665282932688 0.0857142857143 0.121212121212 1.0 0.333333333333
调查+情况 2.0 0.136453914255 0.409090909091 0.387142786633 0.807828615195 0.227809190254 0.0379746835443 0.5 0.309414801492 0.238095238095 0.191919191919 1.0 0.333333333333
事件+发生 0.0 0.110792256087 0.409090909091 0.267124653326 0.889626269006 0.216220910504 0.0 0.5 0.257054983319 0.047619047619 0.242424242424 1.0 0.333333333333
国务院+教育 0.0 0.072966160555 0.545454545455 0.523820021142 0.646024577535 0.0356560056583 0.0 0.5 0.374444586176 0.428571428571 0.0909090909091 0.0 0.333333333333
教育+督导 2.0 0.136556465268 0.409090909091 0.470197698463 0.67482192398 0.232163038344 0.0 0.5 0.374481435735 0.428571428571 0.111111111111 1.0 0.0
督导+委员会 2.0 0.0627375787919 0.545454545455 0.523820021142 0.646024577535 0.0750887143722 0.0 0.5 0.0990733896201 0.428571428571 0.0909090909091 0.0 0.333333333333
委员会+办公室 0.0 0.0525089970293 0.681818181818 0.523820021142 0.646024577535 0.0829153381005 0.0 0.5 0.090388746274 0.428571428571 0.0909090909091 0.0 0.666666666667
紧急+通知 0.0 0.0525089970293 0.409090909091 0.528544215606 0.673196579274 0.0950661361365 0.0 0.5 0.0718117480009 0.238095238095 0.0909090909091 1.0 0.0
开展+幼儿园 0.0 0.140014814503 0.545454545455 0.351968179841 0.814240605004 0.28881356269 0.0 0.5 0.765201261312 0.428571428571 0.222222222222 0.0 0.333333333333
幼儿园+规范 0.0 0.118055480443 0.545454545455 0.443968626087 0.763701650572 0.127387920299 0.0 0.5 0.750424178888 0.428571428571 0.171717171717 1.0 0.333333333333
规范+办 0.0 0.133312962356 0.272727272727 0.443968626087 0.763701650572 0.111217352825 0.0 0.5 0.090934046684 0.428571428571 0.171717171717 1.0 0.0
办+园 0.0 0.420588905389 0.136363636364 0.365568372066 0.810669266163 0.346810014418 0.0 0.5 0.0 0.428571428571 0.262626262626 1.0 0.333333333333
师德+师风 0.0 0.231638362482 0.409090909091 0.405875523046 0.778374227154 0.256537916899 0.0 0.5 0.131393997033 0.428571428571 0.222222222222 1.0 0.666666666667
师风+建设 2.0 0.193365262592 0.409090909091 0.440171706089 0.779513941826 0.15523369811 0.0 0.5 0.107808304629 0.428571428571 0.20202020202 0.0 0.333333333333
坚决+防止 0.0 0.0571692008813 0.409090909091 0.561090739709 0.600566895675 0.0511102151065 0.0 0.5 0.0480524725344 0.428571428571 0.0808080808081 1.0 0.0
伤害+幼儿 0.0 0.113217327878 0.409090909091 0.44099966486 0.746188776932 0.225269515233 0.0 0.5 0.297464666198 0.428571428571 0.151515151515 1.0 0.333333333333
切实+保障 0.0 0.0525089970293 0.409090909091 0.571859112448 0.665676790601 0.0789013464324 0.0 0.5 0.0772446232396 1.0 0.0909090909091 1.0 0.0
幼儿园+老师 0.0 0.0623788655549 0.545454545455 0.305806426195 0.737294274629 0.344353806047 0.0 0.5 0.714927141603 0.238095238095 0.0707070707071 1.0 0.666666666667
各类+幼儿园 0.0 0.244433630771 0.545454545455 0.507272765227 0.589771153942 0.296662349272 0.0 0.5 0.723393813286 1.0 0.10101010101 0.0 0.333333333333
幼儿+教师 0.0 0.214043513407 0.409090909091 0.420172169176 0.783922382556 0.325727399894 0.0 0.5 0.553628377408 0.238095238095 0.111111111111 1.0 0.666666666667
行为+规范 0.0 0.087591355153 0.409090909091 0.84632329047 0.281556104427 0.0748798937046 0.0 0.5 0.187678448534 1.0 0.0505050505051 1.0 0.333333333333
教师+法治 0.0 0.0831676089447 0.409090909091 0.971671241743 0.100937303946 0.0680428269856 0.0 0.5 0.260378685178 1.0 0.040404040404 0.0 0.666666666667
资本+市场 0.0 0.129672277248 0.409090909091 0.396848402061 0.828841358907 0.383157855476 0.0 0.5 0.281410238306 0.0857142857143 0.0707070707071 1.0 0.666666666667
警方+公布 0.0 0.0581003449033 0.409090909091 0.47489580638 0.651420113064 0.184933701239 0.0379746835443 0.5 0.181371965953 0.238095238095 0.10101010101 1.0 0.333333333333
涉+事 0.0 0.278750522476 0.136363636364 0.320033168658 0.92516256055 0.362456706453 0.0632911392405 0.5 0.0 0.047619047619 0.353535353535 1.0 0.333333333333
事+幼儿园 0.0 0.192371127634 0.409090909091 0.349576904396 0.89087208423 0.264124218059 0.0379746835443 0.5 0.684684149764 0.047619047619 0.242424242424 0.0 0.666666666667
22+岁 0.0 0.100640311398 0.0909090909091 0.410602707171 0.784722503781 0.130970191734 0.0 0.5 0.0223315480305 0.142857142857 0.191919191919 1.0 0.0
教育+部门 2.0 0.110491370135 0.409090909091 0.160880586559 0.92584467077 0.40369804392 0.0 0.5 0.376269725829 0.142857142857 0.141414141414 1.0 0.333333333333
刑事+责任 0.0 0.0623788655549 0.409090909091 0.353640386935 0.891057487861 0.21064203119 0.0 0.5 0.206492245827 0.142857142857 0.0707070707071 1.0 0.333333333333
针+扎 0.0 0.110002262641 0.136363636364 0.383273791685 0.874844027805 0.268489983093 0.0 0.5 0.0 0.142857142857 0.212121212121 1.0 0.333333333333
受害+儿童 2.0 0.0831947423176 0.409090909091 0.346980871772 0.873121204764 0.36421004584 0.0 0.5 0.331077632763 0.0857142857143 0.0909090909091 1.0 0.333333333333
朝阳区+教委 0.0 0.144232041868 0.545454545455 0.448128996081 0.827107473092 0.343931956075 0.0253164556962 0.5 0.219680252417 0.142857142857 0.141414141414 1.0 0.333333333333
监控+系统 2.0 0.0999476094733 0.409090909091 0.510737604186 0.721134485968 0.195669941624 0.0 0.5 0.168798401981 0.142857142857 0.0808080808081 1.0 0.333333333333
虐待+儿童 2.0 0.0848100027857 0.409090909091 0.414714083377 0.864252911178 0.386524196464 0.0 0.5 0.37259343484 0.0857142857143 0.0707070707071 1.0 0.333333333333
回应+红 0.0 0.0623788655549 0.272727272727 0.322397162919 0.790922567919 0.154850698523 0.0506329113924 0.5 0.0494024360539 0.238095238095 0.0707070707071 0.0 0.0
蓝+虐童 0.0 0.0848100027857 0.272727272727 0.0664350843605 0.911419175802 0.167182209748 0.0886075949367 0.5 0.216401617641 0.0857142857143 0.141414141414 0.0 0.0
新闻+发言人 2.0 0.0678638030293 0.545454545455 0.615090675583 0.588115402566 0.133303255328 0.0 0.5 0.0429444666649 0.428571428571 0.0808080808081 1.0 0.666666666667
幼儿园+新 0.0 0.0934233240807 0.409090909091 0.273081955733 0.769615258541 0.0683927923428 0.0 0.5 0.684684149764 0.0857142857143 0.0909090909091 0.0 0.333333333333
新+天地 0.0 0.278978189304 0.272727272727 0.215811670446 0.915022004873 0.302770353327 0.0 0.5 0.107603795195 0.0204081632653 0.575757575758 1.0 0.333333333333
涉嫌+虐童 2.0 0.155143700224 0.409090909091 0.171790763237 0.952427592766 0.330861829811 0.0506329113924 0.5 0.246085058926 0.142857142857 0.161616161616 1.0 0.0
原+标题 0.0 0.111302381656 0.272727272727 0.109993251468 0.974363772081 0.163521799302 0.0 0.5 0.0161085558107 0.047619047619 0.292929292929 1.0 0.333333333333
蓝+新 0.0 0.271826281004 0.136363636364 0.340278833889 0.801069339066 0.0753833747975 0.0 0.5 0.0 0.238095238095 0.323232323232 0.0 0.0
天地+幼儿园 0.0 0.29770512445 0.545454545455 0.284019147244 0.877856535225 0.273618760568 0.0 0.5 0.79228794496 0.047619047619 0.424242424242 0.0 0.666666666667
事件+调查 3.0 0.130843012629 0.409090909091 0.254205348376 0.875578873188 0.253285045734 0.0506329113924 0.5 0.36684902352 0.0857142857143 0.20202020202 1.0 0.333333333333
监控+视频 2.0 0.148088429906 0.409090909091 0.389998166333 0.869271487556 0.349109548423 0.0 0.5 0.192689860205 0.142857142857 0.111111111111 1.0 0.333333333333
存储+硬盘 1.0 0.0682850962372 0.409090909091 0.420936958631 0.690004357693 0.131303737483 0.0 0.5 0.0368142239825 0.238095238095 0.0606060606061 1.0 0.333333333333
强制+断电 0.0 0.0930374774703 0.409090909091 0.614160320524 0.440971666524 0.191977789446 0.0 0.5 0.0198457092499 0.428571428571 0.030303030303 0.0 0.0
爷爷+医生 0.0 0.0571692008813 0.409090909091 0.331539443926 0.674430199707 0.175666664867 0.0253164556962 0.5 0.0310296058775 0.428571428571 0.0808080808081 1.0 0.666666666667
工作+人员 0.0 0.0571692008813 0.409090909091 0.318574769416 0.870882309871 0.352425819926 0.0 0.5 0.258962858811 0.0857142857143 0.0808080808081 1.0 0.333333333333
法律+责任 0.0 0.0953130620658 0.409090909091 0.184704793381 0.798969398516 0.202817125687 0.0 0.5 0.284004649394 0.238095238095 0.121212121212 1.0 0.666666666667
涉嫌+虐待 1.0 0.131806197018 0.409090909091 0.397967637091 0.802221499298 0.132995790996 0.0 0.5 0.142741993895 0.142857142857 0.272727272727 1.0 0.0
看护人+罪 0.0 0.142788974592 0.409090909091 0.404112121108 0.769393199474 0.0920643338875 0.0 0.5 0.0413325233042 0.238095238095 0.262626262626 1.0 0.666666666667
安全+管理 0.0 0.110399810762 0.409090909091 0.423491317998 0.787397544839 0.285964495387 0.0 0.5 0.208680273426 0.238095238095 0.111111111111 1.0 0.0
安全+隐患 0.0 0.208081119967 0.409090909091 0.397340060328 0.786898325015 0.26728448212 0.0 0.5 0.156800180057 0.428571428571 0.191919191919 1.0 0.333333333333
司法+机关 0.0 0.0875213900402 0.409090909091 0.414041747478 0.732950999634 0.225077214628 0.0 0.5 0.0995844059504 0.238095238095 0.10101010101 1.0 0.666666666667
相关+人员 0.0 0.131585532732 0.409090909091 0.517158258839 0.64835588416 0.162547373975 0.0 0.5 0.172257071256 0.428571428571 0.121212121212 1.0 0.333333333333
园+行为 0.0 0.219869333566 0.272727272727 0.35957231966 0.824605889576 0.175310264894 0.0 0.5 0.12193841941 0.428571428571 0.212121212121 0.0 0.666666666667
新浪+财经 0.0 0.114965752541 0.409090909091 0.0527835391339 0.856947377781 0.182161149406 0.0 0.5 0.153796056542 0.0 0.191919191919 1.0 0.666666666667
教育+机构 0.0 0.184311181927 0.409090909091 0.2131023711 0.959894214819 0.35222598496 0.0379746835443 0.5 0.398519521423 0.142857142857 0.252525252525 1.0 0.333333333333
北京+朝阳区 0.0 0.0678638030293 0.545454545455 0.276768848305 0.874776134172 0.241609460957 0.0 0.5 0.275763122641 0.238095238095 0.0808080808081 1.0 0.666666666667
朝阳区+红 0.0 0.146559353644 0.409090909091 0.380599626451 0.777242334178 0.134970637785 0.0 0.5 0.115292068136 0.238095238095 0.222222222222 0.0 0.333333333333
第一+时间 0.0 0.0571692008813 0.409090909091 0.332210197049 0.786359216654 0.250219030035 0.0 0.5 0.115759026923 0.238095238095 0.0808080808081 1.0 0.333333333333
幼儿园+安全 0.0 0.172524512605 0.545454545455 0.389082151107 0.81776540812 0.285118759785 0.0 0.5 0.791095331773 0.428571428571 0.20202020202 1.0 0.333333333333
幼儿园+办 0.0 0.107549128258 0.409090909091 0.366436981412 0.801714199532 0.21126495202 0.0 0.5 0.684684149764 0.428571428571 0.131313131313 1.0 0.333333333333
这家+公司 0.0 0.401285617303 0.409090909091 0.628372738629 0.501594155121 0.356540153538 0.0 0.5 0.539031544464 0.238095238095 0.020202020202 0.0 0.333333333333
公司+股价 1.0 0.12131582826 0.409090909091 0.748891142297 0.491108120684 0.301864386319 0.0 0.5 0.611522878621 0.428571428571 0.020202020202 1.0 0.666666666667
做+空 1.0 0.176228709625 0.136363636364 0.340032926381 0.764144974447 0.410330347868 0.0126582278481 0.5 0.0 0.142857142857 0.040404040404 0.0 0.0
排+查 0.0 0.162115572421 0.136363636364 0.414933423216 0.827161481304 0.313758350156 0.0126582278481 0.5 0.0 0.428571428571 0.151515151515 1.0 0.0
财经+股吧 0.0 0.0806184981827 0.409090909091 0.0472207199202 0.868836321231 0.0 0.0 0.5 0.0734218305307 0.0204081632653 0.151515151515 0.0 0.666666666667
官方+微博 0.0 0.0681087090659 0.409090909091 0.306666231877 0.755665754962 0.363563973169 0.0 0.5 0.0619986929352 0.238095238095 0.121212121212 1.0 0.333333333333
教师+刘 0.0 0.154022392118 0.272727272727 0.429709093548 0.798263746673 0.219816600692 0.0 0.5 0.258279119298 0.238095238095 0.242424242424 1.0 0.666666666667
部分+儿童 0.0 0.0525089970293 0.409090909091 0.540119824387 0.608919771276 0.052852978648 0.0 0.5 0.3518530167 0.428571428571 0.10101010101 1.0 0.666666666667
采用+缝衣 0.0 0.0525089970293 0.409090909091 0.540119824387 0.608919771276 0.0180826702895 0.0 0.5 0.0339199274229 0.428571428571 0.0909090909091 0.0 0.333333333333
缝衣+针 0.0 0.0525089970293 0.272727272727 0.540119824387 0.608919771276 0.00904133514479 0.0 0.5 0.00955655209744 0.428571428571 0.0909090909091 1.0 0.666666666667
方式+进行 0.0 0.0581003449033 0.409090909091 0.492006618548 0.673355261222 0.0512496164437 0.0 0.5 0.106937765477 0.238095238095 0.10101010101 0.0 0.333333333333
幼儿+家长 0.0 0.235046762568 0.409090909091 0.44941748022 0.822984305189 0.404628013903 0.0 0.5 0.343927468794 0.142857142857 0.20202020202 1.0 0.666666666667
幼儿园+教师 0.0 0.159980868016 0.545454545455 0.358880220766 0.858648689984 0.275493367631 0.0126582278481 0.5 0.846716878028 0.142857142857 0.232323232323 1.0 0.666666666667
名+家长 0.0 0.0571692008813 0.272727272727 0.285465574616 0.874085200939 0.235920519451 0.0 0.5 0.272066114687 0.142857142857 0.0808080808081 1.0 0.333333333333
幼儿园+幼儿 0.0 0.107135420132 0.545454545455 0.551827493878 0.702118742551 0.184350004547 0.0 0.5 0.892396204805 1.0 0.10101010101 1.0 0.666666666667
幼儿园+家长 0.0 0.0571692008813 0.545454545455 0.278730899838 0.783159346848 0.241814430562 0.0 0.5 0.820899563518 0.142857142857 0.0808080808081 1.0 0.666666666667
幼儿+教育 0.0 0.164115222361 0.409090909091 0.259302318155 0.861953953587 0.404266646827 0.0 0.5 0.64695752448 0.142857142857 0.0808080808081 1.0 0.333333333333
孩子+身上 0.0 0.11628945875 0.409090909091 0.380031044494 0.814969472408 0.200529047995 0.0 0.5 0.374246159148 0.142857142857 0.131313131313 1.0 0.666666666667
展开+调查 0.0 0.0851858663346 0.409090909091 0.374660158898 0.80765738547 0.132036186494 0.0 0.5 0.203514599182 0.142857142857 0.141414141414 0.0 0.0
案件+调查 0.0 0.0681087090659 0.409090909091 0.486632033167 0.696308902995 0.0470571897668 0.0 0.5 0.291951795256 0.238095238095 0.121212121212 1.0 0.333333333333
北京+朝阳 0.0 0.0821333464039 0.409090909091 0.355863194245 0.785755469317 0.108074282934 0.0379746835443 0.5 0.20251309325 0.142857142857 0.191919191919 1.0 0.666666666667
朝阳+警方 2.0 0.159198948879 0.409090909091 0.386276124449 0.855289107274 0.255484622188 0.0379746835443 0.5 0.193682485616 0.142857142857 0.212121212121 1.0 0.666666666667
资格+祈求 0.0 0.0751033391756 0.409090909091 0.613303681942 0.391762374423 0.066836000188 0.0126582278481 0.5 0.128921671593 0.428571428571 0.0505050505051 0.0 0.333333333333
祈求+原谅 0.0 0.0751033391756 0.409090909091 0.613303681942 0.391762374423 0.0436120991148 0.0126582278481 0.5 0.0369109579607 0.428571428571 0.0505050505051 0.0 0.0
幼儿园+监控 2.0 0.0848100027857 0.545454545455 0.607742858632 0.667238191318 0.170357268024 0.0 0.5 0.725090372749 0.238095238095 0.0707070707071 0.0 0.333333333333
进行+全面 0.0 0.110399810762 0.409090909091 0.450985558193 0.812972903227 0.217181454238 0.0 0.5 0.119668555698 0.142857142857 0.111111111111 0.0 0.0
全面+升级 0.0 0.118926538068 0.409090909091 0.476464588376 0.784494549686 0.203560325175 0.0 0.5 0.0906238271692 0.142857142857 0.141414141414 1.0 0.0
配合+警方 0.0 0.122517415065 0.409090909091 0.538370074525 0.738772029417 0.196117033219 0.0 0.5 0.1919833227 0.238095238095 0.121212121212 0.0 0.333333333333
警方+调查 0.0 0.072966160555 0.409090909091 0.473243835626 0.673985883534 0.149523687041 0.0 0.5 0.291260393129 0.238095238095 0.0909090909091 1.0 0.333333333333
通报+称 0.0 0.115509862972 0.272727272727 0.582131008276 0.719335675954 0.140606774194 0.0 0.5 0.0798430158271 0.428571428571 0.0606060606061 0.0 0.333333333333
家长+报警 2.0 0.0821333464039 0.409090909091 0.546412267859 0.671719191337 0.117571467235 0.0 0.5 0.278777324134 0.428571428571 0.111111111111 0.0 0.333333333333
报警+称 0.0 0.072966160555 0.272727272727 0.590810590541 0.572286469048 0.056171783403 0.0 0.5 0.0225047992792 0.428571428571 0.0909090909091 0.0 0.0
成立+专案组 0.0 0.0679073599488 0.545454545455 0.598440649833 0.630364321217 0.0717749810569 0.0 0.5 0.0476853451055 0.428571428571 0.10101010101 1.0 0.333333333333
调查+取证 3.0 0.105404697125 0.409090909091 0.453977299743 0.804901652895 0.184843866403 0.0 0.5 0.231177485801 0.238095238095 0.181818181818 1.0 0.0
公安+机关 0.0 0.296564981127 0.409090909091 0.394211765702 0.800581425249 0.322112851277 0.0 0.5 0.161205615367 0.238095238095 0.323232323232 1.0 0.666666666667
公办+幼儿园 0.0 0.0751033391756 0.545454545455 0.466022070461 0.745876834982 0.265703502824 0.0 0.5 0.68967901478 0.428571428571 0.0505050505051 1.0 0.333333333333
排查+工作 0.0 0.121336813769 0.409090909091 0.388458644319 0.708549938265 0.110920035641 0.0 0.5 0.21031498036 1.0 0.0808080808081 1.0 0.0
教育+教学 0.0 0.0953130620658 0.409090909091 0.515253961125 0.666905672077 0.202197318648 0.0 0.5 0.353708537477 0.428571428571 0.121212121212 1.0 0.333333333333
性侵+儿童 2.0 0.100079371131 0.409090909091 0.332839950098 0.754594081622 0.355111941858 0.0 0.5 0.331087911768 0.238095238095 0.0606060606061 1.0 0.333333333333
北京市+朝阳区 0.0 0.149742273617 0.681818181818 0.377858338045 0.796276547035 0.300223370573 0.0126582278481 0.5 0.206288030971 0.238095238095 0.181818181818 1.0 0.666666666667
CEO+史燕 2.0 0.0848100027857 0.272727272727 0.579507671952 0.768681103964 0.193432630559 0.0126582278481 0.5 0.0519370664517 0.142857142857 0.0707070707071 1.0 0.333333333333
幼儿园+园长 2.0 0.178725326993 0.545454545455 0.243175004796 0.926764354614 0.335501333192 0.0253164556962 0.5 0.735426850544 0.047619047619 0.242424242424 1.0 0.666666666667
北京市+教委 0.0 0.22240656111 0.545454545455 0.403139688638 0.834469450599 0.279161187305 0.0126582278481 0.5 0.195384147116 0.428571428571 0.191919191919 1.0 0.333333333333
各级+各类 0.0 0.242700924397 0.409090909091 0.607470917783 0.417668879326 0.237910853868 0.0 0.5 0.0682587052992 1.0 0.040404040404 0.0 0.0
要求+各区 0.0 0.0777143749947 0.409090909091 0.497964590906 0.705985895289 0.183905696295 0.0 0.5 0.162405269207 1.0 0.10101010101 0.0 0.0
相关+部门 0.0 0.0777143749947 0.409090909091 0.486046532179 0.758649377962 0.266050863256 0.0 0.5 0.162946569364 0.428571428571 0.10101010101 1.0 0.333333333333
市+教委 0.0 0.146363480314 0.272727272727 0.429382923397 0.855943246628 0.245903593754 0.0 0.5 0.104388184281 0.428571428571 0.20202020202 1.0 0.333333333333
积极+配合 0.0 0.072966160555 0.409090909091 0.598220189512 0.664787166096 0.154092586061 0.0 0.5 0.11523988262 0.238095238095 0.0909090909091 1.0 0.0
合法+权益 0.0 0.072966160555 0.409090909091 0.493371566608 0.71131648194 0.241595286276 0.0 0.5 0.109468811343 0.238095238095 0.0909090909091 1.0 0.333333333333
朝阳区+政府 0.0 0.221173424655 0.545454545455 0.530518752543 0.771873925949 0.241537841433 0.0 0.5 0.163953937374 0.428571428571 0.131313131313 1.0 0.666666666667
责成+举办者 2.0 0.118926538068 0.545454545455 0.481169388186 0.76111062573 0.184609131935 0.0126582278481 0.5 0.0772744714439 0.428571428571 0.141414141414 0.0 0.333333333333
园长+职务 0.0 0.129516742726 0.409090909091 0.45739457667 0.772144789891 0.167401503367 0.0253164556962 0.5 0.0752745041182 0.238095238095 0.151515151515 1.0 0.666666666667
强烈+谴责 0.0 0.0821333464039 0.409090909091 0.552981944803 0.686294784147 0.094228309305 0.0 0.5 0.031164301922 0.428571428571 0.111111111111 1.0 0.0
谴责+涉案人员 2.0 0.0727111916182 0.681818181818 0.552981944803 0.686294784147 0.0893657519488 0.0 0.5 0.0300225563183 0.428571428571 0.111111111111 0.0 0.333333333333
蓝+CEO 0.0 0.103703671288 0.136363636364 0.524495304459 0.765505586792 0.157847887574 0.0379746835443 0.5 0.0 0.142857142857 0.0606060606061 0.0 0.0
调查+结论 0.0 0.152103414478 0.409090909091 0.595269307803 0.730235167636 0.255125392484 0.0126582278481 0.5 0.287688708602 0.238095238095 0.0707070707071 1.0 0.333333333333
政委+冯俊峰 0.0 0.0848100027857 0.545454545455 0.327520922931 0.805673656439 0.125730868227 0.0253164556962 0.5 0.142795207028 0.142857142857 0.0707070707071 0.0 0.666666666667
行为+专项 0.0 0.0777143749947 0.409090909091 0.421361144167 0.806480136374 0.075718497374 0.0 0.5 0.151414768934 0.428571428571 0.10101010101 0.0 0.333333333333
美国+起诉 0.0 0.115509862972 0.409090909091 0.552287429882 0.702310103913 0.248961072524 0.0253164556962 0.5 0.509866430104 0.238095238095 0.0606060606061 0.0 0.333333333333
每所+幼儿园 0.0 0.103703671288 0.545454545455 0.465617106998 0.739482704847 0.1961280191 0.0253164556962 0.5 0.697907023927 0.428571428571 0.0606060606061 0.0 0.333333333333
责任+督学 3.0 0.398858463379 0.409090909091 0.465617106998 0.739482704847 0.332255995971 0.0379746835443 0.5 0.18092422256 0.428571428571 0.0606060606061 1.0 0.333333333333
家+幼儿园 0.0 0.0918974796041 0.409090909091 0.274637264391 0.859288530954 0.340562032303 0.0 0.5 0.684684149764 0.142857142857 0.0909090909091 1.0 0.333333333333
猥亵+幼童 2.0 0.0918974796041 0.409090909091 0.340665617659 0.74684450522 0.233576197443 0.0126582278481 0.5 0.0652585330515 0.238095238095 0.0606060606061 0.0 0.333333333333
31+岁 0.0 0.107549128258 0.0909090909091 0.520087068673 0.67654993176 0.0570036343604 0.0 0.5 0.0196795565024 0.428571428571 0.131313131313 1.0 0.0
虚构+事实 0.0 0.0525089970293 0.409090909091 0.615079939281 0.634755953591 0.0127647144127 0.0 0.5 0.0508206656041 1.0 0.0909090909091 0.0 0.333333333333
事实+扰乱 0.0 0.0525089970293 0.409090909091 0.615079939281 0.634755953591 0.0127647144127 0.0 0.5 0.0508208135114 1.0 0.0909090909091 1.0 0.333333333333
扰乱+公共 0.0 0.0525089970293 0.409090909091 0.615079939281 0.634755953591 0.0271563503563 0.0 0.5 0.0457681246937 1.0 0.0909090909091 0.0 0.0
公共+秩序 0.0 0.0525089970293 0.409090909091 0.615079939281 0.634755953591 0.0287832718873 0.0 0.5 0.0457727168235 1.0 0.0909090909091 1.0 0.333333333333
严肃+处理 0.0 0.0679073599488 0.409090909091 0.620097669541 0.632015088141 0.0962081346587 0.0 0.5 0.0674356968544 1.0 0.10101010101 1.0 0.0
挂牌+督导 2.0 0.23585177554 0.409090909091 0.724117538637 0.521779719486 0.257250559295 0.0 0.5 0.110651390267 1.0 0.030303030303 1.0 0.0
不良+影响 0.0 0.0581003449033 0.409090909091 0.616162622632 0.640167419385 0.071987904443 0.0 0.5 0.0690576324319 1.0 0.10101010101 1.0 0.0
家长+反映 0.0 0.100977655976 0.409090909091 0.35399895203 0.892346919457 0.325365393829 0.0 0.5 0.298585765479 0.142857142857 0.111111111111 1.0 0.333333333333
监控+录像 2.0 0.12131582826 0.409090909091 0.647295671991 0.623749463194 0.314595191894 0.0 0.5 0.161959290513 0.238095238095 0.020202020202 1.0 0.333333333333
天地+分园 0.0 0.17090681721 0.409090909091 0.260274835178 0.946093676696 0.200733294541 0.0 0.5 0.132805250109 0.047619047619 0.161616161616 0.0 0.333333333333
幼儿园+监管 2.0 0.0678638030293 0.545454545455 0.57385888788 0.633746518092 0.136633145758 0.0 0.5 0.739426535199 1.0 0.0808080808081 1.0 0.333333333333
促进+幼儿园 0.0 0.0678638030293 0.545454545455 0.57385888788 0.633746518092 0.0417417309426 0.0 0.5 0.704273859435 1.0 0.0808080808081 0.0 0.333333333333
儿童+保护 2.0 0.152423582598 0.409090909091 0.700367481944 0.598767175815 0.327490891174 0.0 0.5 0.5890105122 0.428571428571 0.020202020202 1.0 0.333333333333
进行+调查 0.0 0.0934233240807 0.409090909091 0.215983770202 0.845224967257 0.276259872322 0.0 0.5 0.243320083521 0.142857142857 0.0909090909091 0.0 0.0
专项+督导 2.0 0.0679073599488 0.409090909091 0.462606703695 0.800946288697 0.157312664429 0.0 0.5 0.110522087366 0.238095238095 0.10101010101 1.0 0.0
朝阳区+管庄 0.0 0.0915555011901 0.545454545455 0.287052120006 0.886783048394 0.201768872078 0.0 0.5 0.125895761262 0.142857142857 0.111111111111 1.0 0.666666666667
管庄+红 0.0 0.0900684672741 0.272727272727 0.314221484789 0.922071922315 0.144882024095 0.0 0.5 0.0228568189659 0.0857142857143 0.131313131313 0.0 0.333333333333
教师+侵害 0.0 0.0623788655549 0.409090909091 0.688021983846 0.528110145 0.0480139432395 0.0 0.5 0.260410951622 1.0 0.0707070707071 1.0 0.333333333333
案件+侦办 0.0 0.0785584051773 0.409090909091 0.645606857526 0.554568575112 0.0823403544115 0.0 0.5 0.138816625793 1.0 0.0808080808081 1.0 0.333333333333
侦办+情况 2.0 0.0785584051773 0.409090909091 0.645606857526 0.554568575112 0.0499867556466 0.0 0.5 0.200249080967 1.0 0.0808080808081 0.0 0.333333333333
涉案人员+严重 0.0 0.0627375787919 0.681818181818 0.636259638421 0.553916751072 0.0284132002588 0.0 0.5 0.0371753315444 1.0 0.0909090909091 0.0 0.333333333333
严重+违反 0.0 0.0627375787919 0.409090909091 0.636259638421 0.553916751072 0.0 0.0 0.5 0.0413731354576 1.0 0.0909090909091 0.0 0.0
违反+师德 0.0 0.072966160555 0.409090909091 0.636259638421 0.553916751072 0.0337887220187 0.0 0.5 0.0936703643676 1.0 0.0909090909091 0.0 0.333333333333
进行+整改 0.0 0.0785584051773 0.409090909091 0.683783874363 0.559599487648 0.0617126327266 0.0 0.5 0.124509207995 1.0 0.0808080808081 0.0 0.0
社会+影响 0.0 0.0973284050857 0.409090909091 0.61422415529 0.654488286216 0.0882732453317 0.0 0.5 0.196383903932 1.0 0.10101010101 1.0 0.333333333333
免除+幼儿园 0.0 0.072966160555 0.545454545455 0.656352359997 0.545911012085 0.0337887220187 0.0126582278481 0.5 0.703037390478 1.0 0.0909090909091 0.0 0.333333333333
严肃+追究 0.0 0.0525089970293 0.409090909091 0.656352359997 0.545911012085 0.0 0.0 0.5 0.0577920202204 1.0 0.0909090909091 1.0 0.0
追究+幼儿园 0.0 0.0525089970293 0.545454545455 0.656352359997 0.545911012085 0.0 0.0 0.5 0.706797545524 1.0 0.0909090909091 0.0 0.333333333333
进驻+幼儿园 0.0 0.0571692008813 0.545454545455 0.53823645579 0.725082688917 0.145089027973 0.0 0.5 0.698206962015 0.428571428571 0.0808080808081 1.0 0.333333333333
发现+问题 0.0 0.0623788655549 0.409090909091 0.574855204726 0.618450914637 0.105681183298 0.0 0.5 0.138993506072 0.428571428571 0.0707070707071 1.0 0.333333333333
传播+虚假 0.0 0.0623788655549 0.409090909091 0.578154741079 0.69600015705 0.0345707639701 0.0 0.5 0.0798199619392 1.0 0.0707070707071 0.0 0.0
机关+通报 0.0 0.0735944341705 0.409090909091 0.642357725387 0.531672549415 0.0572465007684 0.0 0.5 0.162417506471 1.0 0.0707070707071 0.0 0.666666666667
全国+园所 0.0 0.0831947423176 0.409090909091 0.503172152421 0.807041517819 0.246530299073 0.0 0.5 0.0622289114478 0.238095238095 0.0909090909091 1.0 0.666666666667
管理+体系 0.0 0.0682850962372 0.409090909091 0.559644822114 0.666644556854 0.138218224672 0.0 0.5 0.167206965755 0.238095238095 0.0606060606061 1.0 0.333333333333
小二+班 0.0 0.0682850962372 0.272727272727 0.391798169004 0.747662777852 0.233322321951 0.0 0.5 0.0228680870543 0.142857142857 0.0606060606061 1.0 0.333333333333
幼教+行业 2.0 0.158390671383 0.409090909091 0.718587659267 0.300366625817 0.262790576911 0.0126582278481 0.5 0.177702046368 0.428571428571 0.010101010101 1.0 0.333333333333
切实+做 0.0 0.100079371131 0.272727272727 0.75803092156 0.385935497605 0.09619769479 0.0 0.5 0.0478109809614 1.0 0.0505050505051 1.0 0.0
上市+主体 0.0 0.123696089386 0.409090909091 0.523524074041 0.325102700885 0.249907758331 0.0 0.5 0.687183785911 0.428571428571 0.010101010101 1.0 0.333333333333
儿童+虐待 2.0 0.123696089386 0.409090909091 0.912536813066 0.265029375721 0.365158189417 0.0 0.5 0.37259343484 1.0 0.010101010101 1.0 0.333333333333
幼儿园+虐童+事件 3.0 0.186163564295 0.863636363636 0.129959800119 0.948733260983 0.247578812943 0.0506329113924 1.0 0.938623259123 0.0857142857143 0.212121212121 1.0 0.666666666667
教育部+副+部长 3.0 0.112567387108 0.727272727273 0.887550483468 0.220304491711 0.145742107964 0.0379746835443 1.0 0.072946178859 1.0 0.0505050505051 1.0 0.666666666667
北京+警方+通报 2.0 0.0682850962372 0.727272727273 0.454449411718 0.766375140633 0.0985784906859 0.0253164556962 1.0 0.391954517203 1.0 0.0606060606061 0.0 1.0
警方+通报+红 0.0 0.0623788655549 0.590909090909 0.286107334635 0.731277660286 0.0802888077286 0.0379746835443 1.0 0.231483462698 0.428571428571 0.0707070707071 0.0 0.666666666667
通报+红+黄 0.0 0.0777143749947 0.454545454545 0.192021912585 0.783875427288 0.0912978125896 0.0632911392405 1.0 0.0798430158271 0.238095238095 0.10101010101 0.0 0.333333333333
蓝+幼儿园+虐童 0.0 0.163025258717 0.727272727273 0.228934216305 0.91305917054 0.11706098488 0.0379746835443 1.0 0.763497772474 0.142857142857 0.161616161616 0.0 0.333333333333
黄+蓝+事件 0.0 0.107135420132 0.454545454545 0.0422451206396 0.87376068374 0.198509897407 0.0632911392405 1.0 0.212438105649 0.0857142857143 0.10101010101 0.0 0.333333333333
北京+红+黄 0.0 0.198915666776 0.454545454545 0.0926884134832 0.936747045314 0.222460227306 0.0632911392405 1.0 0.160471054505 0.0857142857143 0.222222222222 0.0 0.333333333333
人员+集体+猥亵 0.0 0.119821965548 0.727272727273 0.549981398092 0.665013022099 0.00842488399767 0.0126582278481 1.0 0.190648460095 0.428571428571 0.111111111111 0.0 0.666666666667
集体+猥亵+幼儿 2.0 0.110399810762 0.727272727273 0.549981398092 0.665013022099 0.0174245822321 0.0126582278481 1.0 0.299571237386 0.428571428571 0.111111111111 0.0 0.666666666667
猥亵+幼儿+虚假 0.0 0.104381179732 0.727272727273 0.497208331415 0.750722345578 0.0372296520541 0.0 1.0 0.299568536481 0.238095238095 0.121212121212 0.0 0.333333333333
黄+蓝+教育 0.0 0.353110499739 0.454545454545 0.227668904319 0.946614668817 0.213740134758 0.0506329113924 1.0 0.351608266371 0.0204081632653 0.282828282828 0.0 0.0
起诉+红+黄 0.0 0.0682850962372 0.454545454545 0.429248268835 0.77490695297 0.11607958952 0.0379746835443 1.0 0.145455530527 0.142857142857 0.0606060606061 0.0 0.0
股票+回购+计划 3.0 0.0571692008813 0.727272727273 0.409688278312 0.795470518563 0.0370415364856 0.0 1.0 0.134483150874 0.0857142857143 0.0808080808081 1.0 0.666666666667
黄+蓝+股价 0.0 0.155143700224 0.454545454545 0.320421027059 0.950948135945 0.196241102517 0.0253164556962 1.0 0.186785877013 0.047619047619 0.161616161616 0.0 0.333333333333
蓝+幼儿园+事件 0.0 0.122128473112 0.727272727273 0.0 0.898666597823 0.159087103109 0.101265822785 1.0 0.859809636414 0.0857142857143 0.191919191919 0.0 0.666666666667
儿童+教育+科技 0.0 0.063289036832 0.727272727273 0.323802363433 0.810071522888 0.077626800898 0.0 1.0 0.682685623457 0.0857142857143 0.111111111111 1.0 0.666666666667
教育+科技+发展 0.0 0.063289036832 0.727272727273 0.323802363433 0.810071522888 0.0554242329874 0.0 1.0 0.418138560589 0.0857142857143 0.111111111111 0.0 0.333333333333
科技+发展+有限公司 0.0 0.063289036832 1.0 0.253155985062 0.860633281426 0.112567454686 0.0 1.0 0.0689017124542 0.0857142857143 0.111111111111 0.0 0.666666666667
国务院+教育+督导 0.0 0.072966160555 0.863636363636 0.523820021142 0.646024577535 0.0356560056583 0.0 1.0 0.39731775554 0.428571428571 0.0909090909091 1.0 0.333333333333
教育+督导+委员会 3.0 0.0627375787919 0.863636363636 0.523820021142 0.646024577535 0.0290810838564 0.0 1.0 0.376580127826 0.428571428571 0.0909090909091 1.0 0.333333333333
督导+委员会+办公室 2.0 0.0525089970293 1.0 0.523820021142 0.646024577535 0.0559072773216 0.0 1.0 0.113903040668 0.428571428571 0.0909090909091 0.0 0.666666666667
开展+幼儿园+规范 0.0 0.0525089970293 0.863636363636 0.506437254071 0.64238028085 0.0975160440593 0.0 1.0 0.830941290436 0.428571428571 0.0909090909091 0.0 0.333333333333
幼儿园+规范+办 0.0 0.118055480443 0.727272727273 0.443968626087 0.763701650572 0.127387920299 0.0 1.0 0.750424178888 0.428571428571 0.171717171717 0.0 0.333333333333
规范+办+园 0.0 0.133312962356 0.454545454545 0.443968626087 0.763701650572 0.111217352825 0.0 1.0 0.090934046684 0.428571428571 0.171717171717 0.0 0.333333333333
师德+师风+建设 3.0 0.193365262592 0.727272727273 0.440171706089 0.779513941826 0.213813006445 0.0 1.0 0.185157650735 0.428571428571 0.20202020202 0.0 0.666666666667
涉+事+幼儿园 2.0 0.192371127634 0.590909090909 0.349576904396 0.89087208423 0.224583422131 0.0379746835443 1.0 0.684684149764 0.047619047619 0.222222222222 0.0 0.666666666667
回应+红+黄 0.0 0.0623788655549 0.454545454545 0.322397162919 0.790922567919 0.154850698523 0.0506329113924 1.0 0.0494024360539 0.238095238095 0.0707070707071 0.0 0.0
黄+蓝+虐童 0.0 0.0848100027857 0.454545454545 0.0664350843605 0.911419175802 0.164528709599 0.0886075949367 1.0 0.216401617641 0.0857142857143 0.0707070707071 0.0 0.0
蓝+虐童+事件 0.0 0.0751033391756 0.590909090909 0.0710345401675 0.874888263591 0.122710932588 0.0759493670886 1.0 0.428839723289 0.0857142857143 0.121212121212 0.0 0.333333333333
蓝+幼儿园+新 0.0 0.0934233240807 0.590909090909 0.273081955733 0.769615258541 0.0344593858885 0.0 1.0 0.684684149764 0.0857142857143 0.0909090909091 0.0 0.333333333333
幼儿园+新+天地 0.0 0.0785584051773 0.727272727273 0.310481251317 0.761000284643 0.0376802533293 0.0 1.0 0.79228794496 0.0857142857143 0.0909090909091 0.0 0.666666666667
黄+蓝+新 0.0 0.271826281004 0.318181818182 0.340278833889 0.801069339066 0.163695964351 0.0 1.0 0.0 0.238095238095 0.323232323232 0.0 0.0
蓝+新+天地 0.0 0.271826281004 0.454545454545 0.340278833889 0.801069339066 0.0753833747975 0.0 1.0 0.107603795195 0.238095238095 0.323232323232 0.0 0.333333333333
新+天地+幼儿园 2.0 0.29770512445 0.727272727273 0.284019147244 0.877856535225 0.21385652872 0.0 1.0 0.79228794496 0.047619047619 0.424242424242 0.0 0.666666666667
天地+幼儿园+事件 0.0 0.113449297399 0.863636363636 0.408075996886 0.697135572254 0.0810318733142 0.0 1.0 0.967413431609 0.428571428571 0.121212121212 0.0 1.0
幼儿园+事件+调查 3.0 0.0678638030293 0.863636363636 0.293956751798 0.757031400561 0.0788607177225 0.0126582278481 1.0 0.965599279225 0.238095238095 0.0808080808081 0.0 0.666666666667
虐待+被+看护人 2.0 0.131118320338 0.727272727273 0.404112121108 0.769393199474 0.0558725654441 0.0 1.0 0.1238538555 0.238095238095 0.262626262626 0.0 0.333333333333
办+园+行为 0.0 0.219869333566 0.454545454545 0.35957231966 0.824605889576 0.179419744506 0.0 1.0 0.12193841941 0.428571428571 0.212121212121 0.0 0.666666666667
事件+的+发生 0.0 0.0525089970293 0.590909090909 0.287984675763 0.86357877437 0.144902777253 0.0 1.0 0.257054983319 0.238095238095 0.0909090909091 0.0 0.333333333333
朝阳区+红+黄 0.0 0.146559353644 0.590909090909 0.380599626451 0.777242334178 0.134970637785 0.0 1.0 0.115292068136 0.238095238095 0.222222222222 0.0 0.333333333333
事件+调查+情况 3.0 0.0973284050857 0.727272727273 0.495039770205 0.672007526996 0.157186162761 0.0253164556962 1.0 0.47324528212 0.428571428571 0.10101010101 1.0 0.666666666667
开展+幼儿园+安全 0.0 0.0727111916182 0.863636363636 0.470353359026 0.703055829597 0.148292114604 0.0 1.0 0.87161244332 1.0 0.111111111111 0.0 0.333333333333
幼儿园+安全+隐患 3.0 0.163827926182 0.863636363636 0.438090886754 0.775982040109 0.219890721749 0.0 1.0 0.841484329821 1.0 0.171717171717 1.0 0.666666666667
幼儿园+办+园 0.0 0.104381179732 0.590909090909 0.381490733872 0.794091705396 0.17948604275 0.0 1.0 0.684684149764 0.428571428571 0.121212121212 0.0 0.666666666667
新浪+财经+股吧 0.0 0.0806184981827 0.727272727273 0.0472207199202 0.868836321231 0.0510321202392 0.0 1.0 0.156645164344 0.0204081632653 0.151515151515 0.0 1.0
采用+缝衣+针 0.0 0.0525089970293 0.590909090909 0.540119824387 0.608919771276 0.0180826702895 0.0 1.0 0.0339199274229 0.428571428571 0.0909090909091 0.0 0.666666666667
缝衣+针+扎 0.0 0.0525089970293 0.454545454545 0.540119824387 0.608919771276 0.00904133514479 0.0 1.0 0.00955655209744 0.428571428571 0.0909090909091 0.0 0.666666666667
扎+的+方式 0.0 0.0525089970293 0.454545454545 0.540119824387 0.608919771276 0.0 0.0 1.0 0.0291997256341 0.428571428571 0.0909090909091 0.0 0.333333333333
天地+幼儿园+幼儿 0.0 0.0785584051773 0.863636363636 0.553983084404 0.652983226935 0.0328651957455 0.0 1.0 1.0 1.0 0.0808080808081 0.0 1.0
幼儿园+被+曝 0.0 0.0623788655549 0.590909090909 0.407003145403 0.83930008234 0.0978924549054 0.0126582278481 1.0 0.684684149764 0.238095238095 0.0707070707071 0.0 0.333333333333
北京+朝阳+警方 3.0 0.0679073599488 0.727272727273 0.382993342783 0.762616149316 0.0784303232834 0.0253164556962 1.0 0.354153540121 0.142857142857 0.10101010101 0.0 1.0
资格+祈求+原谅 0.0 0.0751033391756 0.727272727273 0.613303681942 0.391762374423 0.066836000188 0.0126582278481 1.0 0.13102168222 0.428571428571 0.0505050505051 0.0 0.333333333333
幼儿园+监控+系统 3.0 0.0751033391756 0.863636363636 0.613303681942 0.391762374423 0.0955869271536 0.0 1.0 0.725634167261 0.428571428571 0.0505050505051 1.0 0.666666666667
家长+报警+称 0.0 0.072966160555 0.590909090909 0.590810590541 0.572286469048 0.059629317946 0.0 1.0 0.278777324134 0.428571428571 0.0909090909091 0.0 0.333333333333
怀疑+其+孩子 0.0 0.0821333464039 0.590909090909 0.50548483904 0.687929071532 0.0498000427906 0.0 1.0 0.358492341527 0.428571428571 0.111111111111 0.0 0.333333333333
孩子+在+幼儿园 0.0 0.10279799853 0.727272727273 0.434866294929 0.828264970214 0.129480338225 0.0 1.0 0.755569500103 0.238095238095 0.171717171717 0.0 0.666666666667
蓝+教育+机构 0.0 0.145816157574 0.590909090909 0.34187890673 0.908692900713 0.140773620494 0.0379746835443 1.0 0.398519521423 0.142857142857 0.151515151515 0.0 0.333333333333
隐患+大+排查 3.0 0.0571692008813 0.590909090909 0.388458644319 0.708549938265 0.0399818452069 0.0 1.0 0.0836155198006 1.0 0.0808080808081 0.0 0.333333333333
管理+和+师德 0.0 0.100977655976 0.590909090909 0.544196421406 0.638887616913 0.105571830761 0.0 1.0 0.179618437524 1.0 0.111111111111 0.0 0.333333333333
天地+幼儿园+园长 0.0 0.0571692008813 0.863636363636 0.34227878378 0.860539990554 0.111605484628 0.0 1.0 0.84303064574 0.142857142857 0.0808080808081 0.0 1.0
各级+各类+幼儿园 0.0 0.242700924397 0.863636363636 0.607470917783 0.417668879326 0.237910853868 0.0 1.0 0.752942855064 1.0 0.040404040404 0.0 0.333333333333
幼儿+虚假+信息 0.0 0.110399810762 0.727272727273 0.547174278186 0.734961094593 0.0664303092446 0.0 1.0 0.299592140959 0.238095238095 0.121212121212 1.0 0.666666666667
强烈+谴责+涉案人员 2.0 0.0727111916182 1.0 0.552981944803 0.686294784147 0.077556512777 0.0 1.0 0.0458476766005 0.428571428571 0.111111111111 0.0 0.333333333333
黄+蓝+CEO 0.0 0.103703671288 0.318181818182 0.524495304459 0.765505586792 0.136088203901 0.0379746835443 1.0 0.0 0.142857142857 0.0606060606061 0.0 0.0
园+行为+专项 0.0 0.0777143749947 0.590909090909 0.421361144167 0.806480136374 0.075259072709 0.0 1.0 0.151414768934 0.428571428571 0.10101010101 0.0 0.666666666667
幼儿园+教师+刘 0.0 0.10279799853 0.727272727273 0.501411088394 0.753615875421 0.126724120232 0.0 1.0 0.846716878028 0.428571428571 0.171717171717 0.0 1.0
虚构+事实+扰乱 0.0 0.0525089970293 0.727272727273 0.615079939281 0.634755953591 0.0127647144127 0.0 1.0 0.0632042001667 1.0 0.0909090909091 0.0 0.333333333333
事实+扰乱+公共 0.0 0.0525089970293 0.727272727273 0.615079939281 0.634755953591 0.0127647144127 0.0 1.0 0.0663940133815 1.0 0.0909090909091 0.0 0.333333333333
扰乱+公共+秩序 0.0 0.0525089970293 0.727272727273 0.615079939281 0.634755953591 0.0271563503563 0.0 1.0 0.0478734507654 1.0 0.0909090909091 0.0 0.333333333333
新+天地+分园 0.0 0.17090681721 0.590909090909 0.260274835178 0.946093676696 0.12391839863 0.0 1.0 0.132805250109 0.047619047619 0.161616161616 0.0 0.333333333333
促进+幼儿园+规范 0.0 0.0678638030293 0.863636363636 0.57385888788 0.633746518092 0.0417417309426 0.0 1.0 0.770013888559 1.0 0.0808080808081 0.0 0.333333333333
教师+被+刑拘 3.0 0.0785584051773 0.590909090909 0.400321225739 0.807359686447 0.239112318454 0.0632911392405 1.0 0.260383944156 0.428571428571 0.0808080808081 0.0 0.333333333333
朝阳区+管庄+红 0.0 0.0571692008813 0.727272727273 0.308033107192 0.874685138474 0.0949805817002 0.0 1.0 0.125895761262 0.142857142857 0.0808080808081 0.0 0.666666666667
管庄+红+黄 0.0 0.0900684672741 0.454545454545 0.314221484789 0.922071922315 0.144882024095 0.0 1.0 0.0228568189659 0.0857142857143 0.131313131313 0.0 0.333333333333
幼儿+家长+报警 1.0 0.0623788655549 0.727272727273 0.688021983846 0.528110145 0.0255294288253 0.0 1.0 0.366432268073 1.0 0.0707070707071 0.0 0.666666666667
案件+侦办+情况 3.0 0.0785584051773 0.727272727273 0.645606857526 0.554568575112 0.0823403544115 0.0 1.0 0.203246360396 1.0 0.0808080808081 0.0 0.666666666667
谴责+涉案人员+严重 0.0 0.0627375787919 1.0 0.636259638421 0.553916751072 0.0560676077802 0.0 1.0 0.0525145131841 1.0 0.0909090909091 0.0 0.333333333333
涉案人员+严重+违反 0.0 0.0627375787919 1.0 0.636259638421 0.553916751072 0.0284132002588 0.0 1.0 0.0534963498058 1.0 0.0909090909091 1.0 0.333333333333
严重+违反+师德 0.0 0.0627375787919 0.727272727273 0.636259638421 0.553916751072 0.0 0.0 1.0 0.116162321233 1.0 0.0909090909091 0.0 0.333333333333
师德+的+行为 0.0 0.0627375787919 0.590909090909 0.636259638421 0.553916751072 0.00855961843987 0.0 1.0 0.199287765517 1.0 0.0909090909091 0.0 0.666666666667
举办者+按+程序 0.0 0.0627375787919 0.727272727273 0.656352359997 0.545911012085 0.0414605721684 0.0 1.0 0.0695001603142 1.0 0.0909090909091 0.0 0.666666666667
免除+幼儿园+园长 0.0 0.072966160555 0.863636363636 0.656352359997 0.545911012085 0.0337887220187 0.0126582278481 1.0 0.753780091258 1.0 0.0909090909091 0.0 0.666666666667
幼儿园+园长+职务 0.0 0.113449297399 0.863636363636 0.511300452178 0.655643226115 0.127601098209 0.0253164556962 1.0 0.759958653883 0.428571428571 0.121212121212 0.0 1.0
严肃+追究+幼儿园 0.0 0.0525089970293 0.863636363636 0.656352359997 0.545911012085 0.0 0.0 1.0 0.742476169985 1.0 0.0909090909091 0.0 0.333333333333
幼儿园+及+相关 0.0 0.0525089970293 0.727272727273 0.656352359997 0.545911012085 0.0 0.0 1.0 0.775066820817 1.0 0.0909090909091 0.0 0.333333333333
人员+的+责任 0.0 0.0525089970293 0.590909090909 0.656352359997 0.545911012085 0.0 0.0 1.0 0.210186481324 1.0 0.0909090909091 0.0 0.666666666667
事+幼儿园+教师 0.0 0.0875213900402 0.727272727273 0.592429768233 0.626436273818 0.0864680386782 0.0126582278481 1.0 0.846716878028 1.0 0.111111111111 0.0 1.0
公安+机关+通报 0.0 0.0735944341705 0.727272727273 0.642357725387 0.531672549415 0.0635283782834 0.0 1.0 0.241048631194 1.0 0.0707070707071 0.0 1.0
幼儿+的+身心健康 0.0 0.0525089970293 0.863636363636 0.579322214131 0.681717540219 0.057776063088 0.0 1.0 0.297448665195 0.428571428571 0.0909090909091 0.0 0.333333333333
部队+的+传言 2.0 0.107318907277 0.590909090909 0.456200935507 0.585524938368 0.187948369717 0.0 1.0 0.281000686333 0.238095238095 0.030303030303 0.0 0.666666666667
