1 1 1 1 3
2017年8月31日晚，陕西榆林市第一医院绥德院区，产妇马茸茸在待产时，从医院五楼坠亡。
1 2 1 2 3
事发后，医院方面称，由于家属多次拒绝剖宫产，最终导致产妇难忍疼痛跳楼。
1 3 1 3 3
但产妇家属却表示，曾向医生多次提出剖宫产被拒绝。
4 4 3 1 2
8月31日，马茸茸从榆林市第一医院绥德院区妇产科二区5楼坠下。
4 5 3 2 2
警方给予的认定：死者马某某系跳楼自杀身亡，排除他杀。
4 7 5 1 2
真相扑朔，马茸茸的家人和榆林市第一医院尽数被裹挟进舆论的漩涡。
4 8 5 2 2
围绕生产方式、监护职责，医院和家属交替发声、反驳，双方各执一词，一场“罗生门”渐渐形成。
4 12 8 1 3
马茸茸的最后一条朋友圈停留在8月30日晚上8时29分。
4 13 8 2 3
内容是一个在榆林市第一医院住院部爬楼梯的小视频，视频中，她刚从楼下走到八楼。
4 14 8 3 3
爬楼梯，是孕妇催产的一种方式。
4 17 10 1 2
因为预产期到了，30日上午8点多，马茸茸和婆婆王梅来到榆林市第一医院绥德院区妇产科做检查，结果很好，显示胎儿一切正常。
4 18 10 2 2
医生提醒说，马上就要生了，可以住院了，给马茸茸开了入院证明。
4 121 59 1 2
榆林市第一医院绥德院区的救护车统一停放在医院急诊医学科楼门口，从这里出发，需要左转绕行过门诊楼、住院楼，然后到达马茸茸坠落的地点。
4 122 59 2 2
视频流出以后，家属质疑：马茸茸坠楼后，为何医生没有第一时间报警？急救中心在300米外，为何不第一时间抬送过去，还要启动救护车？
4 138 67 1 3
9月8日下午，在榆林市第一医院绥德院区，住院部门口停了一辆警车，沿着住院楼西侧，到北面的停车场，现场已不见血迹。
4 139 67 2 3
就在马茸茸坠落的位置上，有人垫着纸板、躺下休息。
4 140 67 3 3
路过的医护人员看见了，露出一脸的诧异。
5 1 1 1 1
新华社西安9月11日电（记者刘彤、高音子）记者11日从陕西省榆林市委宣传部了解到，根据绥德“8·31”孕妇坠楼事件调查处置领导小组的调查，榆林市卫计局于10日晚决定：对榆林市第一医院绥德院区主要负责人和妇产科主任停职，并责成医院即刻对管理方面存在的问题和薄弱环节进行整改。
5 2 2 1 2
8月31日，绥德孕妇马某在榆林市第一医院绥德院区妇产科二病区待产期间坠楼身亡。
5 3 2 2 2
事件发生后，榆林市委、市政府和陕西省卫计委高度重视，成立了榆林市绥德“8·31”孕妇坠楼事件调查处置领导小组，在初步调查了解的基础上，于9月7日晚对外公布了孕妇坠楼事件初步调查结果。
5 13 9 1 1
9月6日凌晨，陕西省榆林市第一医院通过其官方微博发布消息，对倍受社会关注的“8.31产妇跳楼事件”再次作出说明，此次说明中，榆林一院公布视频截图，显示产妇两次下跪要求剖腹产，均遭到拒绝。
6 2 2 1 1
官方表示，8月31日绥德孕妇马茸茸在榆林市第一医院绥德院区妇产科二病区待产期间坠楼身亡事件发生后，榆林市委、市政府和陕西省卫计委高度重视，成立了榆林市绥德“8·31”孕妇坠楼事件调查处置领导小组，在初步调查了解的基础上，于9月7日晚对外公布了孕妇坠楼事件初步调查结果。
7 4 2 1 1
2017年8月31日，产妇马茸茸在榆林市第一医院绥德院区（下称绥德院区）待产时，从分娩中心备用手术室跳楼身亡。
8 5 4 1 2
8月31日，绥德孕妇马茸茸在榆林市第一医院绥德院区妇产科二病区待产期间坠楼身亡，榆林市委、市政府和陕西省卫计委成立了榆林市绥德“8·31”孕妇坠楼事件调查处置领导小组，在初步调查了解的基础上，于9月7日晚对外公布了孕妇坠楼事件初步调查结果。
8 6 4 2 2
随即，榆林市卫计、公安部门又成立了专门的调查组对坠楼事件展开深入调查，认为医院产房结构及其防护符合公共场所安全和消防要求，医院对孕妇的检查结果符合自然分娩规律指征，并履行了常规告知、家属签字同意选择自然分娩的相关手续，医院急诊科在孕妇坠楼后的抢救措施符合诊疗规范。
9 3 3 1 2
8月31日，绥德孕妇马茸茸在榆林市第一医院绥德院区妇产科二病区待产期间坠楼身亡事件发生后，榆林市委、市政府和陕西省卫计委高度重视，成立了榆林市绥德“8·31”孕妇坠楼事件调查处置领导小组，在初步调查了解的基础上，于9月7日晚对外公布了孕妇坠楼事件初步调查结果，回应了社会和网络媒体的关切。
9 4 3 2 2
随即，榆林市卫计、公安部门又成立了专门的调查组对坠楼事件展开深入调查，认为医院产房结构及其防护符合公共场所安全和消防要求，医院对孕妇的检查结果符合自然分娩规律指征，并履行了常规告知、家属签字同意选择自然分娩的相关手续，医院急诊科在孕妇坠楼后的抢救措施符合诊疗规范。
13 2 2 1 2
8月31日，产妇马某某在榆林市第一医院绥德院区妇产科二病区坠楼身亡，引起社会各界广泛关注。
13 3 2 2 2
榆林市委、市政府和陕西省卫计委高度重视，成立了“榆林市绥德‘8·31’产妇坠楼事件调查处置领导小组”，在9月2日和5日两次调查的基础上，于9月7日又连夜展开进一步调查。
13 4 3 1 3
经初步调查，8月30日，产妇马某某入住榆林市第一医院绥德院区妇产科二病区，入院后经医院诊查，产妇各项体征正常，符合自然分娩指征，但B超显示胎儿头部偏大，存在难产风险，医生建议剖宫产终止妊娠，但家属选择自然分娩并签字确认。
13 5 3 2 3
31日10时许，产妇进入待产室待产，产程、产图、产检结果显示产妇和胎儿各项指标均正常。
13 6 3 3 3
17时50分起，产妇因疼痛出现烦躁不安，情绪波动较大，两个多小时内先后多次走出待产室与家属交流，后由医务人员劝回。
14 1 1 1 3
8月31日，陕西榆林临盆孕妇马茸茸因为产前疼痛难忍，从榆林市第一医院（以下简称榆林一院）5层的妇产科坠楼身亡，此后，围绕“产妇要求剖宫产却被拒绝”这一问题，产妇家属和榆林一院各执一词。
14 2 1 2 3
9月8日凌晨，榆林市就马茸茸坠楼一事发布初步调查结果，表示榆林一院符合诊疗规范，但存在监护不到位等问题。
14 3 1 3 3
马茸茸家属表示，调查结果并未涉及产前两小时左右，马茸茸要求剖宫产却被拒绝的内容，他们接下来或将诉诸法律程序。
14 4 2 1 2
据新华社消息，8日凌晨，榆林市卫计局等单位公布《关于榆林市第一医院绥德院区产妇坠楼事件有关情况的说明》，初步调查结果显示：产妇入院诊断明确、产前告知手续完善、诊疗措施合理、抢救过程符合诊疗规范要求。
14 5 2 2 2
但此次产妇跳楼事件，暴露出医院相关工作人员防范突发事件意识不强、监护不到位等问题。
16 1 1 1 3
新闻回放：8月31日20时左右，陕西榆林市第一医院绥德院区住院部，一名产妇从5楼跳下，结束了自己年轻的生命。
16 2 1 2 3
事后，对“是否拒绝剖腹产”一事，院方和家属各执一词，真相陷入“罗生门”。
16 3 1 3 3
国家卫计委7日回应称，已责成当地卫生计生部门认真调查核实，依法依规严肃处理。
16 4 2 1 1
9月7日晚，榆林市卫计局就“产妇马某某在榆林市第一医院绥德院区妇产科二病区坠楼身亡”事件公布了调查结果。
16 5 3 1 2
这份《关于榆林市第一医院绥德院区产妇坠楼事件有关情况的说明》称，榆林市专家调查组经过认真调查讨论，一致认为该产妇入院诊断明确、产前告知手续完善、诊疗措施合理、抢救过程符合诊疗规范要求，该产妇死亡与医院诊疗行为无因果关系。
16 6 3 2 2
此次产妇坠楼事件，专家认为暴露出了医院相关工作人员防范突发事件的意识不强，监护不到位等问题。
16 8 5 1 1
8月30日，产妇马某某入住榆林市第一医院绥德院区妇产科二病区，入院后经医院诊查，产妇各项体征正常，符合自然分娩指征，但B超显示胎儿头部偏大，存在难产风险，医生建议剖宫产终止妊娠，但家属选择自然分娩并签字确认。
18 1 1 1 2
8月31日，产妇马某某在榆林市第一医院绥德院区妇产科二病区坠楼身亡，引起社会各界广泛关注。
18 2 1 2 2
榆林市委、市政府和省卫计委主要领导高度重视，成立了“榆林市绥德8.31产妇坠楼事件调查处置领导小组”，在9月2日和5日两次调查的基础上，于9月7日又连夜展开进一步调查。
18 3 2 1 3
经初步调查，8月30日，产妇马某某入住榆林市第一医院绥德院区妇产科二病区，入院后经医院诊查，产妇各项体征正常，符合自然分娩指征，但B超显示胎儿头部偏大，存在难产风险，医生建议剖宫产终止妊娠，但家属选择自然分娩并签字确认。
18 4 2 2 3
31日10时许，该产妇进入待产室待产，产程、产图、产检结果显示产妇和胎儿各项指标均正常。
18 5 2 3 3
17时50分起，该产妇因疼痛出现烦躁不安，情绪波动较大，两个多小时内先后多次走出待产室与家属交流，后由医务人员劝回。
18 14 8 1 1
◆2017年8月31日20时左右，在榆林市第一医院绥德院区妇产科一名孕妇从5楼分娩中心坠下，医护人员及时予以抢救，但因伤势过重，抢救无效身亡。
19 1 1 1 2
9月7日晚，榆林市卫计局公布了《关于榆林市第一医院绥德院区产妇坠楼事件有关情况的说明》，初步调查结果显示：产妇入院诊断明确、产前告知手续完善、诊疗措施合理、抢救过程符合诊疗规范要求。
19 2 1 2 2
但此次产妇跳楼事件，暴露出医院相关工作人员防范突发事件意识不强、监护不到位等问题。
21 2 2 1 1
8月31日，产妇马某某在榆林市第一医院绥德院区妇产科二病区坠楼身亡，引起社会各界广泛关注。
21 4 4 1 1
8月30日，产妇马某某入住榆林市第一医院绥德院区妇产科二病区，入院后经医院诊查，产妇各项体征正常，符合自然分娩指征，但B超显示胎儿头部偏大，存在难产风险，医生建议剖宫产终止妊娠，但家属选择自然分娩并签字确认。
22 4 2 1 2
8月31日，产妇马某某在榆林市第一医院绥德院区妇产科二病区坠楼身亡，引起各界广泛关注。
22 5 2 2 2
官方成立了“榆林市绥德8.31产妇坠楼事件调查处置领导小组”，在9月2日和5日两次调查的基础上，于9月7日又连夜展开进一步调查。
22 6 3 1 1
8月30日，产妇马某某入住榆林市第一医院绥德院区妇产科二病区，入院后经医院诊查，产妇各项体征正常，符合自然分娩指征，但B超显示胎儿头部偏大，存在难产风险，医生建议剖宫产终止妊娠，但家属选择自然分娩并签字确认。
24 1 1 1 1
9月7日晚上，陕西榆林市就“产妇马某某在榆林市第一医院绥德院区妇产科二病区坠楼身亡”事件公布了初步调查结果。
24 2 2 1 2
8月31日，产妇马某某在榆林市第一医院绥德院区妇产科二病区坠楼身亡，引起社会各界广泛关注。
24 3 2 2 2
榆林市委、市政府和省卫计委主要领导高度重视，成立了“榆林市绥德8.31产妇坠楼事件调查处置领导小组”，在9月2日和5日两次调查的基础上，于9月7日又连夜展开进一步调查。
24 4 3 1 1
8月30日，产妇马某某入住榆林市第一医院绥德院区妇产科二病区，入院后经医院诊查，产妇各项体征正常，符合自然分娩指征，但B超显示胎儿头部偏大，存在难产风险，医生建议剖宫产终止妊娠，但家属选择自然分娩并签字确认。
26 1 1 1 1
今天（9月7日）晚上，榆林市卫计局就“产妇马某某在榆林市第一医院绥德院区妇产科二病区坠楼身亡”事件公布了调查结果。
26 2 2 1 1
在这份《关于榆林市第一医院绥德院区产妇坠楼事件有关情况的说明》称，榆林市专家调查组经过认真调查讨论，一致认为该产妇入院诊断明确、产前告知手续完善、诊疗措施合理、抢救过程符合诊疗规范要求，该产妇死亡与医院诊疗行为无因果关系。
26 4 4 1 2
8月31日，产妇马某某在榆林市第一医院绥德院区妇产科二病区坠楼身亡，引起社会各界广泛关注。
26 5 4 2 2
榆林市委、市政府和省卫计委主要领导高度重视，成立了“榆林市绥德8.31产妇坠楼事件调查处置领导小组”，在9月2日和5日两次调查的基础上，于9月7日又连夜展开进一步调查。
26 6 5 1 3
经初步调查，8月30日,产妇马某某入住榆林市第一医院绥德院区妇产科二病区，入院后经医院诊查，产妇各项体征正常，符合自然分娩指征，但B超显示胎儿头部偏大，存在难产风险，医生建议剖宫产终止妊娠，但家属选择自然分娩并签字确认。
26 7 5 2 3
31日10时许，该产妇进入待产室待产，产程、产图、产检结果显示产妇和胎儿各项指标均正常。
26 8 5 3 3
17时50分起，该产妇因疼痛出现烦躁不安，情绪波动较大，两个多小时内先后多次走出待产室与家属交流，后由医务人员劝回。
27 4 2 1 2
8月31日，产妇马某某在榆林市第一医院绥德院区妇产科二病区坠楼身亡，引起各界广泛关注。
27 5 2 2 2
官方成立了“榆林市绥德8.31产妇坠楼事件调查处置领导小组”，在9月2日和5日两次调查的基础上，于9月7日又连夜展开进一步调查。
27 6 3 1 3
经初步调查，8月30日，产妇马某某入住榆林市第一医院绥德院区妇产科二病区，入院后经医院诊查，产妇各项体征正常，符合自然分娩指征，但B超显示胎儿头部偏大，存在难产风险，医生建议剖宫产终止妊娠，但家属选择自然分娩并签字确认。
27 7 3 2 3
31日10时许，该产妇进入待产室待产，产程、产图、产检结果显示产妇和胎儿各项指标均正常。
27 8 3 3 3
17时50分起，该产妇因疼痛出现烦躁不安，情绪波动较大，两个多小时内先后多次走出待产室与家属交流，后由医务人员劝回。
29 1 1 1 1
昨日（9月7日）晚上，榆林市卫计局就“产妇马某某在榆林市第一医院绥德院区妇产科二病区坠楼身亡”事件公布了调查结果。
29 2 2 1 1
在这份《关于榆林市第一医院绥德院区产妇坠楼事件有关情况的说明》称，榆林市专家调查组经过认真调查讨论，一致认为该产妇入院诊断明确、产前告知手续完善、诊疗措施合理、抢救过程符合诊疗规范要求，该产妇死亡与医院诊疗行为无因果关系。
29 4 4 1 2
产妇马某某在榆林市第一医院绥德院区妇产科二病区坠楼身亡，引起社会各界广泛关注。
29 5 4 2 2
榆林市委、市政府和省卫计委主要领导高度重视，成立了“榆林市绥德8.31产妇坠楼事件调查处置领导小组”，在9月2日和5日两次调查的基础上，于9月7日又连夜展开进一步调查。
29 6 5 1 3
经初步调查，8月30日,产妇马某某入住榆林市第一医院绥德院区妇产科二病区，入院后经医院诊查，产妇各项体征正常，符合自然分娩指征，但B超显示胎儿头部偏大，存在难产风险，医生建议剖宫产终止妊娠，但家属选择自然分娩并签字确认。
29 7 5 2 3
31日10时许，该产妇进入待产室待产，产程、产图、产检结果显示产妇和胎儿各项指标均正常。
29 8 5 3 3
17时50分起，该产妇因疼痛出现烦躁不安，情绪波动较大，两个多小时内先后多次走出待产室与家属交流，后由医务人员劝回。
31 1 1 1 1
8月31日20时左右，陕西榆林市第一医院绥德院区住院部5楼，一名待产孕妇从楼上坠下身亡。
33 1 1 1 4
2017年8月31日，榆林市第一医院绥德院区妇产科二病区发生产妇跳楼身亡事件。
33 2 1 2 4
院方称当时医护人员根据产妇及胎儿情况建议剖腹产，且产妇因疼痛两次下跪乞求家人同意实施剖腹产的情况下，作为产妇授权的委托代理人，其丈夫仍拒绝签署剖腹产同意书。
33 3 1 3 4
过程中产妇情绪不稳定，最终跳楼自杀。
33 4 1 4 4
9月3日，榆林市第一医院发布《有关情况说明》，9月5日针对有关情况及大众关注的事件疑点发布《关于8.31产妇跳楼事件有关情况的再次说明》，9月6日凌晨公布三份材料证明并非医院方不同意实施剖腹产手术，即产妇夫妇在产前签署的《产妇住院知情同意书》、记载产程中家属三次拒绝剖腹产的《护理记录单》、记录事发经过的监控视频截图。
34 7 3 1 4
据媒体公开报道，8月31日晚，陕西榆林市第一医院绥德院区住院部5楼，一名待产孕妇从楼上坠下身亡。
34 8 3 2 4
此后，当地公安机关认定坠楼产妇系自杀。
35 4 3 1 3
据媒体报道，8月31日晚，陕西榆林市第一医院绥德院区住院部5楼，一名待产孕妇从楼上坠下身亡。
35 5 3 2 3
此后，当地公安机关认定坠楼产妇系自杀。
35 6 3 3 3
而对于该事件，家属和涉事医院双方各执一词。
35 7 4 1 1
9月3日，涉事医院榆林市第一医院官方微博发布了情况说明。
37 1 1 1 2
法制晚报•看法新闻（记者张蕊黑克）昨日，榆林市第一医院官方针对“8.31产妇跳楼”事件再次做出说明，并公布了部分视频截图。
37 2 1 2 2
目前，家属和医院就“谁拒绝了剖腹产”各执一词。
38 5 3 1 3
昨日凌晨，陕西榆林市第一医院绥德院区针对待产孕妇马某坠楼事件第二次发布声明，重申主管医生曾多次向马某、家属说明情况，建议行剖宫产终止妊娠。
38 6 3 2 3
马某及家属均明确拒绝，坚决要求以催产素诱发宫缩经阴道分娩，并在《产妇知情同意书》上签字确认顺产要求。
38 7 3 3 3
在声明中，院方还公布监控录像截图，称马某两次下跪请求家属同意剖腹产。
39 1 1 1 2
榆林市第一医院绥德院区。
39 2 1 2 2
图片来源：视觉中国
39 35 25 1 1
榆林市第一医院提供的患者的知情同意书签署于8月30日，文件中的手写文字显示，“要求经阴道分娩，谅解意外”。
39 45 31 1 1
榆林市第一医院提供的授权委托书显示，委托人（即产妇马某）根据自身情况，自愿决定在榆林一院住院期间授权延壮壮（马某丈夫）为委托代理人，委托权限包括：选择和决定前述有关医疗活动的同意书。
39 57 40 1 1
5日深夜，榆林市第一医院官方发布《关于8.31产妇跳楼事件有关情况的再次说明》称，产妇马某系成年人，且无精神病史，具备完全行为能力，即使在待产室内医院也无权限制其人身自由；一般产妇顺产的产程长达数小时，中途多数会起身在分娩中心外与家属谈话或散步助产；该产妇曾多次走出分娩中心与家属沟通，因此其最后一次走出待产室时，助产士未料到该产妇会进入待产室对面的备用手术室跳楼身亡。
41 1 1 1 3
陕西省榆林市第一医院绥德院区的产房平面图。
41 2 1 2 3
马芳分别跪倒在图中所示1、2、3位置。
41 3 1 3 3
新京报制图/许骁
41 4 2 1 1
8月31日20时许，26岁的产妇马芳（化名），从陕西省榆林市第一医院绥德院区住院部5楼跳楼自杀。
41 7 4 1 1
昨日凌晨1时许，榆林市第一医院官方微博发布了《关于8·31产妇跳楼事件有关情况的再次说明》（以下简称《再次说明》），公布了护理记录单、授权委托书及产妇跪地的监控画面截图，对医护人员监护、医院窗户防护措施等做出说明。
41 59 33 1 1
榆林市第一医院在9月6日发布的第二份声明中，再次强调，对于产妇马芳坠楼身亡，公安部门已出具书面调查结论：排除他杀，产妇系跳楼自杀。
42 5 2 1 2
9月6日，榆林市第一医院（简称“榆林一院”）就此再发声明，出示事发经过的监控画面截图，称产妇曾下跪，多次“与家属沟通（剖宫产）被拒绝”。
42 6 2 2 2
随后，家属方告诉北京青年报记者，监控画面中并未记录声音，“下跪”画面系因产妇疼痛难忍下蹲，并称产妇数次要求剖宫产，其丈夫都答应了，是医院方未实施手术。
42 15 7 1 2
马茸茸的婆婆王梅（化名）也表示，对于第一胎孩子，“一家人都特别在意，在意孩子，也在意大人”。
42 16 7 2 2
“平时一起出门，我和她都互相搀扶着，注意往来的车辆行人，就怕有个磕碰。”她还回忆称，“每次也都会按时做孕前检查，去的都是榆林市第一医院，之前医生曾告诉家里人，儿媳肚子里是个男孩，而且不管男孩女孩，我们都喜欢。”
43 2 2 1 2
2017年8月31日，产妇马某在榆林市第一医院绥德院区待产时，跳楼身亡。
43 3 2 2 2
9月3日，医院发出声明，称马某生产期间因疼痛烦躁不安，提出剖宫产建议，但被家属拒绝，“最终产妇因难忍疼痛，导致情绪失控跳楼”。
43 7 4 1 2
《中国经营报》记者注意到，榆林市第一医院在2015年时经复核，进入国家卫计委“全国爱婴医院名单”，而该复核标准中重要一项，即对剖腹产率的考核。
43 8 4 2 2
与控制剖腹产率直接相关的考核评分为10分，其中“制订降低剖宫产制度和措施”占2分。
43 10 6 1 1
截至发稿，记者未能从榆林市卫计委及榆林市第一医院获得关于降低剖宫产率制度的具体内容，也未能从陕西省卫计委了解到控制剖宫产率的具体办法。
44 2 2 1 2
2017年8月31日，产妇马某在榆林市第一医院绥德院区待产时，跳楼身亡。
44 3 2 2 2
9月3日，医院发出声明，称马某生产期间因疼痛烦躁不安，提出剖宫产建议，但被家属拒绝，“最终产妇因难忍疼痛，导致情绪失控跳楼”。
44 7 4 1 2
《中国经营报》记者注意到，榆林市第一医院在2015年时经复核，进入国家卫计委“全国爱婴医院名单”，而该复核标准中重要一项，即对剖腹产率的考核。
44 8 4 2 2
与控制剖腹产率直接相关的考核评分为10分，其中“制订降低剖宫产制度和措施”占2分。
44 10 6 1 1
截至发稿，记者未能从榆林市卫计委及榆林市第一医院获得关于降低剖宫产率制度的具体内容，也未能从陕西省卫计委了解到控制剖宫产率的具体办法。
47 1 1 1 3
8月31日，在陕西榆林市第一医院绥德院区，一名产妇在待产时，从医院五楼坠亡。
47 2 1 2 3
事发后，家属和医院双方就“谁拒绝了剖腹产”一事各执一词。
47 3 1 3 3
目前当地警方和榆林市卫计局已介入调查。
47 4 2 1 1
榆林市第一医院在3日和6日的两份说明中均称，“生产期间，产妇因疼痛烦躁不安，多次强行离开待产室，向家属要求剖宫产，主管医生、助产士、科主任也向家属提出剖宫产建议，均被家属拒绝。最终产妇因难忍疼痛，导致情绪失控跳楼。”
47 6 4 1 1
记者就此采访榆林市第一医院杨姓院长，他称产妇丈夫“是在胡说”，医生严格按照程序向家属说明产妇胎儿巨大，很可能进行剖腹产。
48 2 2 1 1
8月31日20时左右，在榆林市第一医院绥德院区妇产科一名孕妇从5楼分娩中心坠下，医护人员及时予以抢救，但因伤势过重，抢救无效身亡。
48 5 4 1 2
事故发生后，绥德县公安局城关派出所接到榆林市第一医院绥德院区的报警后，迅速赶至现场进行勘察，并和相关医务人员进行谈话。
48 6 4 2 2
9月3日9时，绥德县公安局负责人来院召开警、院、家属三方座谈会，通报产妇跳楼身亡结论，建议产妇家属通过诉讼等合法途径解决异议。
49 3 2 1 2
今日凌晨，陕西榆林市第一医院绥德院区针对产妇坠楼事件第二次发布声明，重申主管医生曾多次向产妇、家属说明情况，建议行剖宫产终止妊娠，产妇及家属均明确拒绝，坚决要求以催产素诱发宫缩经阴道分娩，并在《产妇知情同意书》上签字确认顺产要求。
49 4 2 2 2
在今天的声明中，院方还公布监控录像截图，称产妇两次下跪请求家属同意剖腹产。
49 10 6 1 1
8月31日20时左右，陕西榆林市第一医院绥德院区住院部5楼，一名待产孕妇从楼上坠下身亡。
49 11 7 1 3
9月3日，微博认证为“榆林市第一医院官方微博”针对8.31产妇跳楼事件有关情况第一次发表声明称，产妇马某于8月30日15时34分，“停经41+1周要求住院待产”入院。
49 12 7 2 3
院方曾表示，检查后医护人员就向产妇、家属说明情况，并建议剖宫产，然而家属坚持顺产。
49 13 7 3 3
对此说法，家属并不认可，双方各执一词。
49 14 8 1 1
今日凌晨1时许，榆林市第一医院官方微博再次发布说明，说明中表示，8月31日，该院绥德院区妇产科二病区产妇马XX跳楼身亡后，该院及上级主管部门、公安部门第一时间成立事件调查组。
51 1 1 1 5
近日，陕西榆林产妇跳楼事件沸沸扬扬。
51 2 1 2 5
8月31日，在陕西榆林市第一医院，待产孕妇马某跳楼自杀身亡，一尸两命。
51 3 1 3 5
之后，医院发表声明称，院方之前向产妇、家属建议实施剖宫产，然而家属坚持顺产，并在《产妇住院知情同意书》上签字，表示希望顺产。
52 1 1 1 2
据媒体报道，8月31日20时左右，陕西榆林市第一医院绥德院区住院部5楼，一名待产孕妇从楼上坠下身亡。
52 2 1 2 2
此后，当地公安机关认定坠楼产妇系自杀。
52 5 4 1 1
8月31日20时左右，在榆林市第一医院绥德院区妇产科一名孕妇从5楼分娩中心坠下，医护人员及时予以抢救，但因伤势过重，抢救无效身亡。
52 11 8 1 1
9月3日，涉事医院榆林市第一医院官方微博发布了情况说明。
53 7 5 1 4
榆林市第一医院发布的消息称，8月30日产妇入院时，初步诊断腹中疑是巨大儿，阴道分娩难产风险较大，主管医生多次向产妇、家属说明情况，建议行剖宫产终止妊娠，产妇及家属均明确拒绝，坚决要求以催产素诱发宫缩经阴道分娩，并在《产妇知情同意书》上签字确认顺产要求。
53 8 5 2 4
2017年8月31日上午10时许，马某进入待产室。
53 17 10 1 1
榆林市第一医院提供的患者的知情同意书签署于8月30日，文件中的手写文字显示，“要求经阴道分娩，谅解意外”。
53 20 12 1 1
此外，榆林市第一医院提供的外科护理记录（即前述产程记录单）显示，8月31日17:30左右，产妇马某宫口近全，患者极不配合，要求剖宫产，给予心理安慰，同时给家属交代一次，家属表示理解，拒绝手术，继续观察；此后，当日18:05，患者自行走出待产房，经医护人员劝解后，由家属陪同送回产房，家属仍拒绝手术；当日19：19，患者仍不配合，再次走出待产房，再次由医护人员劝解后，产妇仍坚决要求剖宫产，家属仍拒绝手术，并陪同产妇送回产房。
53 27 17 1 1
榆林市第一医院提供的授权委托书显示，委托人（即产妇马某）根据自身情况，自愿决定在榆林一院住院期间授权延壮壮（马某丈夫）为委托代理人，委托权限包括：选择和决定前述有关医疗活动的同意书。
53 48 29 1 2
5日深夜，榆林市第一医院官方发布《关于8.31产妇跳楼事件有关情况的再次说明》称，产妇马某系成年人，且无精神病史，具备完全行为能力，即使在待产室内医院也无权限制其人身自由；一般产妇顺产的产程长达数小时，中途多数会起身在分娩中心外与家属谈话或散步助产；该产妇曾多次走出分娩中心与家属沟通，因此其最后一次走出待产室时，助产士未料到该产妇会进入待产室对面的备用手术室跳楼身亡。
53 49 29 2 2
（记者吴跃伟陈兴王李珣）
55 1 1 1 1
就在榆林产妇跳楼事件陷入“罗生门”后，今日凌晨1时许和上午，榆林市第一医院和患者分别再度开腔。
56 1 1 1 2
8月31日20时左右，陕西榆林市第一医院绥德院区住院部5楼，一名待产孕妇从楼上坠下身亡。
56 2 1 2 2
此事在网上引起轩然大波，南国都市报昨天也做了推文：
58 7 2 1 4
9月6日，涉事的榆林市第一医院再次发表声明称，公安部门已出具书面调查结论：排除他杀，产妇系跳楼自杀。
58 8 2 2 4
对于“究竟是谁拒绝剖宫产”一事，医院出示了三份材料：1、产妇夫妇在产前签署《产妇住院知情同意书》，签字、按指纹确认顺产意愿。
61 1 1 1 2
编者按：8月31日20时左右，榆林市第一医院绥德院区住院部5楼，一名待产孕妇从楼上坠下身亡。
61 2 1 2 2
事发后，绥德院区及家属及时处置，绥德县公安局也赶到现场勘查情况，经勘察初步排除他杀。
61 3 2 1 1
8月31日20时左右，在榆林市第一医院绥德院区妇产科一名孕妇从5楼分娩中心坠下，医护人员及时予以抢救，但因伤势过重，抢救无效身亡。
61 11 7 1 2
对此事，榆林市第一医院绥德院区发表声明称，产妇马某于8月30日15时34分,以“停经41+1周要求住院待产”之主诉入院。
61 12 7 2 2
“经过我们初步诊断，马某第一胎41+1周待产，经过检查我们发现胎儿头部偏大，一般足月胎儿双顶径在90mm左右，但是马某的胎儿双顶径为99mm，所以阴道分娩难产风险比较大。”绥德院区妇产科二病区主任霍军伟接受华商报记者采访时表示，检查后医护人员就向产妇、家属说明情况，并建议剖宫产，然而家属坚持顺产，并在《产妇住院知情同意书》上签字。
61 13 8 1 1
在榆林市第一医院外科护理记录单上显示，17时50分，产妇向医护人员提出剖腹产的要求，医护人员征求家属意见时，家属称表示理解，但拒绝手术，继续观察。
61 33 19 1 1
昨天上午，记者多次致电涉事的陕西榆林市第一医院绥德院区，但暂未得到回复。
61 34 20 1 2
事故发生后，绥德县公安局城关派出所接到榆林市第一医院绥德院区的报警后，迅速赶至现场进行勘察，并和相关医务人员进行谈话。
61 35 20 2 2
9月3日9时，绥德县公安局负责人来院召开警、院、家属三方座谈会，通报产妇跳楼身亡结论，建议产妇家属通过诉讼等合法途径解决异议。
62 1 1 1 1
法制晚报·看法新闻（记者温如军邱锦）8月31日，一名产妇从陕西榆林市第一医院绥德园区5层分娩中心坠楼身亡。
62 2 2 1 1
事发后，榆林市第一医院发表声明称，该产妇坠楼是因为家属多次拒绝试试剖腹产，最终导致产妇难忍疼痛、情绪失控跳楼自杀。
62 5 5 1 3
8月31日20时左右，陕西榆林市第一医院绥德院区住院部5楼，一名待产孕妇坠楼身亡。
62 6 5 2 3
榆林市第一医院绥德院区发表声明称，产妇马某于8月30日15时34分，“停经41+1周要求住院待产”入院。
62 7 5 3 3
“经初步诊断，马某第一胎41+1周待产，经检查发现胎儿头部偏大，阴道分娩难产风险比较大。”
62 5 5 1 3
8月31日20时左右，陕西榆林市第一医院绥德院区住院部5楼，一名待产孕妇坠楼身亡。
62 6 5 2 3
榆林市第一医院绥德院区发表声明称，产妇马某于8月30日15时34分，“停经41+1周要求住院待产”入院。
62 7 5 3 3
“经初步诊断，马某第一胎41+1周待产，经检查发现胎儿头部偏大，阴道分娩难产风险比较大。”
62 21 14 1 1
针对家属的说法，榆林市第一医院院方发言人杨先生接受媒体采访时则表示，经过公安部门的调查排除了他杀的可能，结论为自杀，但具体原因还在勘察中。
63 2 2 1 2
据媒体报道，陕西榆林市第一医院绥德院区一名待产孕妇，在医护人员建议剖腹产，且自身也因疼痛难耐两次提出剖腹产的情况下，拗不过家属拒签剖腹产同意书，最终选择跳楼自杀。
63 3 2 2 2
但孕妇丈夫在接受采访时否认上述说法，称是家属要求剖腹产而医院不同意。
64 1 1 1 1
8月31日20时左右，陕西榆林市第一医院绥德院区住院部5楼，一名待产孕妇从楼上坠下身亡。
65 1 1 1 1
现代快报讯（记者郑晓蔚邱骅悦）8月31日20时左右，在陕西榆林市第一医院绥德院区妇产科，一名孕妇从5楼分娩中心坠下，因伤势过重，经医护人员抢救无效身亡。
65 2 2 1 2
据媒体报道，榆林市第一医院发表声明称是因为家属多次拒绝实施剖腹产，最终导致产妇难忍疼痛、情绪失控跳楼。
65 3 2 2 2
孕妇的丈夫延先生则否认了院方的说法，称家属曾先后两次同意实施剖腹产，但医院回说“快要生了，不用剖腹产”。
65 4 3 1 2
9月5日下午，现代快报记者通过电话联系到了陕西榆林市第一医院的院方发言人杨先生。
65 5 3 2 2
杨先生表示，孕妇家属自始至终都不同意剖腹产。
66 2 2 1 1
事发陕西榆林市第一医院绥德院区妇产科，该院官方微博消息称，8月31日，该院绥德院区妇产科二病区产妇马某坠楼身亡。
66 8 5 1 1
前述榆林市第一医院消息称，“生产期间，产妇因疼痛烦躁不安，多次强行离开待产室，向家属要求剖宫产，主管医生、助产士、科主任也向家属提出剖宫产建议，均被家属拒绝。最终产妇因难忍疼痛，导致情绪失控跳楼。”
68 1 1 1 2
8月31日20时左右，陕西榆林市第一医院绥德院区住院部5楼，一名待产孕妇从楼上坠下身亡。
68 2 1 2 2
9月3日，榆林市第一医院绥德院区就此发表声明称，“产妇（马某）生产期间，因疼痛烦躁不安，多次强行离开待产室，向家属要求剖宫产，主管医生、助产士、科主任也向家属提出剖宫产建议，均被家属拒绝。最终产妇因难忍疼痛，导致情绪失控跳楼。医护人员及时予以抢救，但因伤势过重，抢救无效。”声明中还称，产妇跳楼身亡的根本原因与该院诊疗行为无关。
68 1 1 1 2
8月31日20时左右，陕西榆林市第一医院绥德院区住院部5楼，一名待产孕妇从楼上坠下身亡。
68 2 1 2 2
9月3日，榆林市第一医院绥德院区就此发表声明称，“产妇（马某）生产期间，因疼痛烦躁不安，多次强行离开待产室，向家属要求剖宫产，主管医生、助产士、科主任也向家属提出剖宫产建议，均被家属拒绝。最终产妇因难忍疼痛，导致情绪失控跳楼。医护人员及时予以抢救，但因伤势过重，抢救无效。”声明中还称，产妇跳楼身亡的根本原因与该院诊疗行为无关。
68 6 4 1 1
9月5日上午，北青报记者多次致电涉事的陕西榆林市第一医院绥德院区，但暂未得到回复。
68 7 5 1 8
[绥德待产孕妇坠楼死亡院方称曾三次建议剖腹产均被家属拒绝]8月31日20时左右，陕西榆林市第一医院绥德院区住院部5楼，一名待产孕妇从楼上坠下身亡。
68 8 5 2 8
榆林市第一医院绥德院区发表声明称，产妇马某于8月30日15时34分，“停经41+1周要求住院待产”入院。
68 7 5 1 8
[绥德待产孕妇坠楼死亡院方称曾三次建议剖腹产均被家属拒绝]8月31日20时左右，陕西榆林市第一医院绥德院区住院部5楼，一名待产孕妇从楼上坠下身亡。
68 8 5 2 8
榆林市第一医院绥德院区发表声明称，产妇马某于8月30日15时34分，“停经41+1周要求住院待产”入院。
68 9 5 3 8
“经初步诊断，马某第一胎41+1周待产，经检查发现胎儿头部偏大，阴道分娩难产风险比较大。”绥德院区妇产科二病区主任霍军伟接受华商报记者采访时表示，检查后医护人员就向产妇、家属说明情况，并建议剖宫产，然而家属坚持顺产，并在《产妇住院知情同意书》上签字。
68 9 5 3 8
“经初步诊断，马某第一胎41+1周待产，经检查发现胎儿头部偏大，阴道分娩难产风险比较大。”绥德院区妇产科二病区主任霍军伟接受华商报记者采访时表示，检查后医护人员就向产妇、家属说明情况，并建议剖宫产，然而家属坚持顺产，并在《产妇住院知情同意书》上签字。
68 10 5 4 8
在榆林市第一医院外科护理记录单上显示，17时50分，产妇向医护人员提出剖腹产的要求，医护人员征求家属意见时，家属称表示理解，但拒绝手术，继续观察。
68 11 5 5 8
“产妇由于疼痛两次走出分娩中心和家里说疼得不行，想剖腹产，但家属一直不愿意，坚持顺产。”霍军伟表示，将病人劝回待产室后，医护人员对病人进行安抚，随后再次建议家属剖腹产，但家属仍坚持顺产。
69 1 1 1 2
8月31日20时左右，陕西榆林市第一医院绥德院区住院部5楼，一名待产孕妇从楼上坠下身亡。
69 2 1 2 2
事发后，绥德县公安局赶到现场勘查情况，经勘察初步排除他杀。
69 9 7 1 1
对此事，榆林市第一医院绥德院区发表声明称，产妇马某于8月30日15时34分,以“停经41+1周要求住院待产”之主诉入院。
69 12 10 1 1
在榆林市第一医院外科护理记录单上显示，17时50分，产妇向医护人员提出剖腹产的要求，医护人员征求家属意见时，家属称表示理解，但拒绝手术，继续观察。
69 18 15 1 1
事故发生后，绥德县公安局城关派出所接到榆林市第一医院绥德院区的报警后，迅速赶至现场进行勘察，并和相关医务人员进行谈话。
70 1 1 1 1
8月31日20时左右，在榆林市第一医院绥德院区妇产科一名孕妇从5楼分娩中心坠下，医护人员及时予以抢救，但因伤势过重，抢救无效身亡。
70 11 9 1 1
在榆林市第一医院外科护理记录单上显示，17时50分，产妇向医护人员提出剖腹产的要求，医护人员征求家属意见时，家属称表示理解，但拒绝手术，继续观察。
71 14 6 1 2
8月31日20时左右，陕西榆林市第一医院绥德院区住院部5楼，一名待产孕妇从楼上坠下身亡。
71 15 6 2 2
9月3日，榆林市第一医院绥德院区就此发表声明称，“产妇（马某）生产期间，因疼痛烦躁不安，多次强行离开待产室，向家属要求剖宫产，主管医生、助产士、科主任也向家属提出剖宫产建议，均被家属拒绝。最终产妇因难忍疼痛，导致情绪失控跳楼。医护人员及时予以抢救，但因伤势过重，抢救无效。”声明中还称，产妇跳楼身亡的根本原因与该院诊疗行为无关。
71 14 6 1 2
8月31日20时左右，陕西榆林市第一医院绥德院区住院部5楼，一名待产孕妇从楼上坠下身亡。
71 15 6 2 2
9月3日，榆林市第一医院绥德院区就此发表声明称，“产妇（马某）生产期间，因疼痛烦躁不安，多次强行离开待产室，向家属要求剖宫产，主管医生、助产士、科主任也向家属提出剖宫产建议，均被家属拒绝。最终产妇因难忍疼痛，导致情绪失控跳楼。医护人员及时予以抢救，但因伤势过重，抢救无效。”声明中还称，产妇跳楼身亡的根本原因与该院诊疗行为无关。
71 19 9 1 1
9月5日上午，北青报记者多次致电涉事的陕西榆林市第一医院绥德院区，但暂未得到回复。
72 1 1 1 8
[绥德待产孕妇坠楼死亡院方称曾三次建议剖腹产均被家属拒绝]8月31日20时左右，陕西榆林市第一医院绥德院区住院部5楼，一名待产孕妇从楼上坠下身亡。
72 2 1 2 8
榆林市第一医院绥德院区发表声明称，产妇马某于8月30日15时34分，“停经41+1周要求住院待产”入院。
72 1 1 1 8
[绥德待产孕妇坠楼死亡院方称曾三次建议剖腹产均被家属拒绝]8月31日20时左右，陕西榆林市第一医院绥德院区住院部5楼，一名待产孕妇从楼上坠下身亡。
72 2 1 2 8
榆林市第一医院绥德院区发表声明称，产妇马某于8月30日15时34分，“停经41+1周要求住院待产”入院。
72 3 1 3 8
“经初步诊断，马某第一胎41+1周待产，经检查发现胎儿头部偏大，阴道分娩难产风险比较大。”绥德院区妇产科二病区主任霍军伟接受华商报记者采访时表示，检查后医护人员就向产妇、家属说明情况，并建议剖宫产，然而家属坚持顺产，并在《产妇住院知情同意书》上签字。
72 3 1 3 8
“经初步诊断，马某第一胎41+1周待产，经检查发现胎儿头部偏大，阴道分娩难产风险比较大。”绥德院区妇产科二病区主任霍军伟接受华商报记者采访时表示，检查后医护人员就向产妇、家属说明情况，并建议剖宫产，然而家属坚持顺产，并在《产妇住院知情同意书》上签字。
72 4 1 4 8
在榆林市第一医院外科护理记录单上显示，17时50分，产妇向医护人员提出剖腹产的要求，医护人员征求家属意见时，家属称表示理解，但拒绝手术，继续观察。
72 5 1 5 8
“产妇由于疼痛两次走出分娩中心和家里说疼得不行，想剖腹产，但家属一直不愿意，坚持顺产。”霍军伟表示，将病人劝回待产室后，医护人员对病人进行安抚，随后再次建议家属剖腹产，但家属仍坚持顺产。
72 9 2 1 2
8月31日20时左右，陕西榆林市第一医院绥德院区住院部5楼，一名待产孕妇从楼上坠下身亡。
72 10 2 2 2
9月3日，榆林市第一医院绥德院区就此发表声明称，“产妇（马某）生产期间，因疼痛烦躁不安，多次强行离开待产室，向家属要求剖宫产，主管医生、助产士、科主任也向家属提出剖宫产建议，均被家属拒绝。最终产妇因难忍疼痛，导致情绪失控跳楼。医护人员及时予以抢救，但因伤势过重，抢救无效。”声明中还称，产妇跳楼身亡的根本原因与该院诊疗行为无关。
72 9 2 1 2
8月31日20时左右，陕西榆林市第一医院绥德院区住院部5楼，一名待产孕妇从楼上坠下身亡。
72 10 2 2 2
9月3日，榆林市第一医院绥德院区就此发表声明称，“产妇（马某）生产期间，因疼痛烦躁不安，多次强行离开待产室，向家属要求剖宫产，主管医生、助产士、科主任也向家属提出剖宫产建议，均被家属拒绝。最终产妇因难忍疼痛，导致情绪失控跳楼。医护人员及时予以抢救，但因伤势过重，抢救无效。”声明中还称，产妇跳楼身亡的根本原因与该院诊疗行为无关。
72 14 5 1 1
9月5日上午，北青报记者多次致电涉事的陕西榆林市第一医院绥德院区，但暂未得到回复。
