8 1 1 1 3 0.678
新华网北京11月16日电基于太极推出的新运动项目--功守道，首场赛事11月15日在北京开幕，李连杰接受新华访谈、新华体育专访，采访中他告诉记者，我希望中国和世界分享太极；渴望我们炎黄子孙，通过太极文化中的简单礼仪，就可以跟全世界共享。
8 2 1 2 3 0.065
图为专访现场。
9 17 10 3 3 0.634
功守道希望用这样的传播方式和全世界分享太极。
9 16 10 2 3 0.377
11月15日，结束了首期赛事录制后，李连杰对包括21世纪经济报道在内的媒体表示，个人练太极是1.0，平地推手是2.0，现在把它立体在擂台上打是3.0。
14 7 4 1 2 0.668
据悉，功守道开办的初衷，是希望向全世界传播太极文化的思想。
14 8 4 2 2 0.501
此次不仅参演了《功守道》电影，还受邀出席功守道揭幕赛，刘承羽坦言愿意为传播中国武术文化而努力，“参与功守道是一个好的开始，这是一个教育年轻人去学习武术的非常好的形式。我从武术当中获益颇多，也希望通过我的这种经历，能够让年轻一代的人了解中国武术的重要性。”
15 3 3 1 2 0.727
源于太极的功守道，承载着向全球传播中国太极文化的愿景和使命。
15 4 3 2 2 0.489
“太极是一种哲学思想，融合阴阳变化，功守之道被我运用到企业经营中，相信对每个人的事业、生活都是有帮助的。”功守道创始人马云在现场表示，太极的共赢思想代表未来，期待未来功守道能够进入奥运会。
15 18 11 1 2 0.745
首场比赛落地，拉开了功守道走向全球的序幕，点亮了与世界分享太极、弘扬中国传统文化的星火。
15 19 11 2 2 0.565
通过优酷与央视播出，功守道向全世界呈现太极竞技的魅力，吸引全球范围内更多武术爱好者，尤其是年轻人参与其中。
18 1 1 1 1 0.682
新华社北京11月15日电（记者林德韧、王恒志）基于太极而推出的创新运动项目——功守道首场赛事15日在北京揭幕，创始人马云和李连杰表示，希望通过这项赛事将以太极为代表的中国武术文化更好地推向世界。
24 3 2 1 2 0.626
步入陈家沟，就步入太极文化圣地。
24 4 2 2 2 0.338
这里有令人敬仰的太极拳祖祠，有响誉国内外的中国太极拳博物馆，有充满传奇色彩的杨露禅学拳处。
26 3 2 2 2 0.617
作为中国传统文化的一种精粹，太极拳及其发源地陈家沟再次聚焦世人眼球。
26 2 2 1 2 0.334
11月11日，马云主演、大牌明星云集的电影《功守道》即将上映。
26 5 3 2 2 0.781
“功守道”系列活动旨在传承弘扬东方传统文化精髓，把中国功夫进一步向世界推介。
26 4 3 1 2 0.393
《功守道》电影由文章执导、编剧，李连杰监制，马云领衔主演；11月15日“功守道”赛事也将开赛。
26 8 5 1 1 0.634
11月1日，《人民日报》刊发评论文章《让传统文化涌起时代浪花》同为太极拳文化主题电影《功守道》点赞：脱胎于太极文化的新武学“功守道”将亮相大银幕，延续传统武术源远流长的内在哲学。
40 7 4 1 1 0.718
据悉，《功守道》旨在向对中国功夫做过贡献的前辈们致敬，向中国文化致敬，并与全世界分享中国文化。
41 24 14 3 3 0.663
大家有着共同的梦想，都希望把太极的文化跟全世界分享。
41 23 14 2 3 0.467
在向全世界推广太极文化和中国文化的这条路上，李连杰说说马云是“推土机”，把路推出来，自己就是“扫地僧”，把障碍扫清。
42 16 10 1 1 0.623
但马云制作这部电影的本意就在“托物言志”，向世界传递太极文化和武学精神，致敬功夫电影。
49 27 16 1 3 0.645
如今，阿里巴巴成长为全球市值最高的互联网公司，马云倡导的太极是阿里快速发展的文化根基。
49 28 16 2 3 0.35
马云认为，太极的阴和阳，物极必反，跟企业管理有异曲同工之妙。
49 42 24 2 2 0.608
推广太极，马云自己亲力亲为的在各种场合和国际交流中表演，传递着对中国传统文化的自信。
49 41 24 1 2 0.212
对于网友的“热嘲鼓励”，马云从来不以为意，还经常在社交平台调侃自黑，不遗余力的为健康快乐布道。
49 45 26 1 2 0.646
《功守道》创新立意与文化价值也获得了《人民日报》点赞：中华优秀传统文化是一片海，如何对其进行创造性转化、创新性发展，是如今站在历史新起点上的文化新课题。
49 46 26 2 2 0.638
脱胎于太极文化的新武学“功守道”将亮相大银幕，延续传统武术源远流长的内在哲学。
49 47 27 1 2 0.633
“什么叫文化自信？我们自信了就是文化自信，首先就是主动与世界分享中国文化。”多位演员道出了共同的心声。
49 48 27 2 2 0.441
11月12日，《功守道》完整版将在优酷上线，在精彩的拳脚功夫之外，观众们应该能感受到动作明星们和马云，对中国文化的那份执着与自信。
50 11 5 1 1 0.714
作为《功守道》的影片总监制，李连杰希望通过这部影片向对中国功夫做过贡献的前辈们致敬，向中国文化致敬，并与全世界分享中国文化，“我们大家都有着共同的梦想，希望把太极的文化跟全世界分享”。
54 9 4 3 3 0.663
大家有着共同的梦想，都希望把太极的文化跟全世界分享。
54 8 4 2 3 0.467
在向全世界推广太极文化和中国文化的这条路上，李连杰说说马云是“推土机”，把路推出来，自己就是“扫地僧”，把障碍扫清。
54 10 5 1 2 0.613
功守道的文化内涵可阐释为“太极智慧合天地之气，致敬武学守国人之道”，是对太极这一中国传统文化的创造性转化和创新性发展。
54 11 5 2 2 0.193
11月11日，《功守道》将在北京、上海、广州、深圳、杭州、成都等城市的部分影院上映，提前兑换电影票的阿里88会员可前往影院免费观影，11月12日零点在优酷独家上线，11月15日功守道首场比赛在北京开赛，并通过央视公开播出。
56 6 3 1 1 0.624
太极文化讲究“借力打力”，借着“猫晚”这个超级大IP，《功守道》正在向全世界宣扬中华武术、中华太极精神。
62 11 6 1 1 0.697
不但自己的作品向国际输送中国武术文化，甄子丹更是在好莱坞的电影中潜移默化加入更多的中国功夫，让世界见识到来自东方的文化魅力。
66 4 2 1 4 0.61
中华文化博大精深，源远流长，中华武术生长于传统文化的肥沃土壤，既有独特的运动形式，更有内在的文化内涵。
66 5 2 2 4 0.108
比如，古代儒家要求学生掌握六种技能（六艺）：礼、乐、射、御、书、数，其中的射、御直接与武术有关，乐所包含的舞也与武术存在密切关系。
66 10 4 1 3 0.616
“文化兴国运兴，文化强民族强。”习近平总书记强调，中华优秀传统文化已经成为中华民族的基因，植根在中国人内心，潜移默化影响着中国人的思想方式和行为方式。
66 11 4 2 3 0.285
“今天，我们提倡和弘扬社会主义核心价值观，必须从中汲取丰富营养，否则就不会有生命力和影响力。”由此可见，不能排斥更不能扔掉传统文化，但也不等于照单全收，在继承中发展、在发展中继承，方是理性姿态。
68 3 2 1 4 0.6
中华文化博大精深，源远流长，中华武术便生长于传统文化的肥沃土壤，既有独特的运动形式，更有内在的文化蕴含。
68 4 2 2 4 0.078
古代儒家要求学生掌握的“礼、乐、射、御、书、数”这“六艺”中的“射”和“御”，都直接与武术有关。
68 6 2 4 4 0.617
更何况，人们乐于看到武术等中华传统优秀文化在新时代受到尊崇。
68 5 2 3 4 0.507
作为一部“向中国武术致敬”的电影，《功守道》受到关注在情理之中。
68 8 3 2 2 0.635
今天，我们倡导和弘扬社会主义核心价值观，必须从中华优秀传统文化中汲取营养，对传统文化“坚持创造性转化、创新性发展”，推动文化进一步发展繁荣。
68 7 3 1 2 0.571
“文化兴则国运兴，文化强则民族强。”中华优秀传统文化已经成为中华民族的基因，植根在中国人内心，潜移默化影响着中国人的思想方式和行为方式。
68 14 4 6 7 0.695
通过像武术这样的一个个平台或窗口，中华优秀文化与世界其他优秀文化互学互鉴，中国人的文化自信必将进一步增强。
68 13 4 5 7 0.314
虽说中国人的自信不是单靠武术就能“打”出来的，但是武术带给中国人的健康体魄和内心自豪感却实实在在。
68 15 4 7 7 0.133
（原文来源：经济日报作者：王石川）
69 9 8 2 2 0.682
电影监制李连杰表示，大家都有共同的梦想，要通过影片向为中国功夫做过贡献的前辈们致敬，向中国文化致敬，同时与全世界分享中国文化。
69 8 8 1 2 0.278
据介绍，参与《功守道》的所有人都是零片酬出演。
71 2 2 1 3 0.759
据了解，《功守道》将致敬传统文化，传递中国文化自信。
71 3 2 2 3 0.664
片中云集了多个武术流派的代表性人物，将向世界提供一道以武学为载体，致敬并弘扬中国文化的视觉大餐。
71 4 2 3 3 0.148
不知道这位现代拳王，将在片中饰演什么角色呢？
73 5 3 3 3 0.66
在铜陵期间，李连杰多次提到他和马云的梦想——将中国传统文化，尤其是武术向世界推广。
73 4 3 2 3 0.228
2日至3日，李连杰现身安徽铜陵，不仅探访了首届功守道集训营，还在该集训营的闭营仪式上为营员颁发结业证书。
73 9 6 2 2 0.721
他和马云联手创立、推介功守道，就是希望将中国传统文化向世界推广。
73 8 6 1 2 0.282
他说，我从8岁习武，至今47年，也去世界各地宣传武术。
75 17 10 1 1 0.603
作为总监制，李连杰此前向媒体透露，海报上参与电影的所有人都是零片酬出演，因为大家都有共同的梦想，通过影片向中国功夫做过贡献的前辈们致敬，向中国文化致敬，同时与全世界来分享中国文化。
79 11 5 3 5 0.705
两人都希望将中国传统文化向世界推广。
79 10 5 2 5 0.027
而自己就是扫地僧，把不平的路扫平。
79 12 5 4 5 0.405
希望能培养出一代代的学生去播种太极功守道的种子。
80 8 4 1 1 0.679
据了解，《功守道》云集了多个武术流派的代表性人物，将向世界提供一道以武学为载体，致敬并弘扬中国文化的视觉大餐。
81 6 4 1 1 0.69
《功守道》云集了多个武术流派的代表性人物，将向世界提供一道以武学为载体，致敬并弘扬中国文化的视觉大餐。
84 7 4 1 3 0.669
谈及制作的初衷，李连杰透露，《功守道》源自太极，是对中华优秀传统文化的创造性转化和创新性发展，其实自己从小练武术一直有一个梦想，把中国文化跟全世界分享。
84 8 4 2 3 0.18
马云是我的良师益友，我跟他谈到这个想法，没想到他比我疯狂多了，他要做导演、演员、编剧，把我吓住了，所以我们就带着这个梦想一直努力的去筹备。
86 3 2 1 1 0.663
“我想通过电影向中国武术传统文化的前辈致敬，并向全球的年轻人分享源自中国的太极。”李连杰日前在京接受新华社记者专访时说，他的终极梦想，是太极能进入奥运会成为正式比赛项目。
86 16 11 1 1 0.621
上世纪六七十年代，日本经济崛起，日本人把空手道、柔道、剑道做成产业在全世界开花；随后韩国经济发展，把跆拳道、电子竞技做成了产业向全世界推广，这些体育产业在推广的过程中，将日本和韩国的文化推向全球。
87 11 4 2 3 0.814
《功守道》影片的主旨在于向弘扬中国武术，向世界分享中国文化，传递中国的文化自信。
87 10 4 1 3 0.123
据悉，此次集结的袁和平、洪金宝、程小东、李连杰、甄子丹、吴京、邹市明等11位顶级巨星全部都是零片酬出演。
87 12 4 3 3 0.432
正是因为这样的动因才能聚集到从未有过的“顶级超豪华功夫天团”，同样零片酬参演的马云与众多巨星都希望通过持续的努力，把中国功夫更广泛的推向全世界。
89 3 3 1 1 0.629
据中新网报道，此前在菲律宾和大学生进行交流时，马云说要花时间去实现自己的儿时梦想，“比如唱歌做演员”，而这张海报的出现，终于证实马云将与11位来自各个流派的高手一起，亲力亲为成为以武学为代表的中国文化走向世界的传播者和践行者，以此向中国传统文化致敬，并向世界传递新形势下的中国文化自信。
89 5 5 1 2 0.635
这个阵容云集了多个武术流派的代表性人物，大家齐心协力向世界提供了一道以武学为载体，从而致敬并弘扬中国文化的视觉大餐。
89 6 5 2 2 0.292
据悉，这个影片将在今年“双11”期间和广大观众见面。
89 7 6 1 1 0.675
对于向世界推广和分享中国文化中蕴含的力量和哲学，是马云一直以来热衷的事业之一。
89 9 8 1 1 0.658
“我非常感谢马云，不但贡献了自己宝贵的时间，也为向全世界推广中国文化提供了难得的资源。我们希望把源自中国的哲学和文化思想，用新的表达形式跟全世界去分享”影片总监制透露，海报上这些参与《功守道》电影的所有人都是零片酬出演，因为大家都有共同的梦想，通过影片向中国功夫做过贡献的前辈们致敬，向中国文化致敬，同时与全世界来分享中国文化。
90 8 4 1 1 0.656
“我非常感谢马云，不但贡献了自己宝贵的时间，也为向全世界推广中国文化提供了难得的资源。我们希望把源自于中国这样一个古老又传统的哲学和文化思想，用新的表达形式跟全世界去分享”，影片总监制李连杰透露，海报上这些参与《功守道》电影的所有人都是零片酬，因为大家都有共同的梦想，通过影片向中国功夫做过贡献的前辈们致敬，向中国文化致敬，同时与全世界来分享中国文化。
90 13 7 1 2 0.675
对于向世界推广和分享中国文化中蕴含的力量和哲学，是马云一直以来热衷的事业之一。
90 14 7 2 2 0.549
他在多个场合都表示说，“个人或者社会，没有对文化的追求和创新，就没有办法发展”，将中国优秀的文化推广出去，和世界分享中国传统哲学中蕴含的理念和力量，是他们这代人必须的责任和担当，“这种文化不仅属于中国，更是属于世界”。
91 12 8 3 4 0.749
而影片主旨在于向弘扬中国武术做出贡献的前辈致敬，向世界分享中国传统文化。
91 11 8 2 4 0.237
在整部片中，马云和其他所有的大牌明星都是零片酬出演。
91 13 8 4 4 0.549
而马云在这部影片的核心正是在于弘扬太极文化。
91 24 16 2 2 0.633
同一年，马云就准备和李连杰合计拍一个向世界弘扬中国武术文化的电影，结果还先撮合成了与李连杰和王西安之子、世界太极冠军王占海共同开办太极禅苑的事儿。
91 23 16 1 2 0.326
2009年，马云拜师陈氏太极宗师王西安门下。
91 30 21 1 1 0.707
对于向世界推广和分享中国传统武术文化中蕴含的哲学，是马云一直以来热衷的事业之一。
92 6 4 1 1 0.628
马云对太极的喜爱由来已久，不仅自己练习太极，将太极之道运用到企业管理之中，他还与李连杰共同发起创办太极禅公司，以人人健康快乐，弘扬太极禅文化为宗旨，在全球推广太极禅文化。
92 10 7 1 1 0.675
对于向世界推广和分享中国文化中蕴含的力量和哲学，是马云一直以来热衷的事业之一。
93 7 4 2 3 0.789
影片主旨在于向弘扬中国武术做出贡献的前辈致敬，向世界分享中国文化，传递中国的文化自信。
93 6 4 1 3 0.28
据李连杰透露，马云和所有明星都是零片酬出演。
93 8 4 3 3 0.364
正是这个动因感召大家参与进来。
93 11 6 1 1 0.642
如今，为自由贸易和中小企业全球奔走的马云，在不久前的阿里18周年大会谈到要有家国情怀与世界担当，承载中国优秀传统文化的《功守道》或许是一个重要的注脚。
93 12 7 1 1 0.675
对于向世界推广和分享中国文化中蕴含的力量和哲学，是马云一直以来热衷的事业之一。
93 20 12 2 5 0.662
2011年，马云力邀李连杰、王西安的儿子、太极拳世界冠军王占海，共同成立了太极禅国际文化发展公司。
93 19 12 1 5 0.336
2009年马云正式拜师陈氏太极19代传人王西安。
93 21 12 3 5 0.024
随后又专门开设了太极禅苑。
93 26 14 1 3 0.602
在阿里内部，马云将太极融入到企业管理中，太极文化成为了公司重要的文化根基。
93 27 14 2 3 0.276
2009年阿里向员工开设太极班，由于员工热烈参与，太极拳被定为公司的内训项目。
93 61 32 1 1 0.632
如此看来，能够邀请到具有全球影响力的马云出演《功守道》，一方面是他本人推广太极文化的强烈意愿，另一方面阿里商业成功背后就有太极代表的强大的中国优秀传统文化基因，让世界认识到中国武术不仅是肌肉发达，更是一种文化，是探索人类未来的哲学思想。
93 62 33 1 1 0.622
初登大银幕的马云，贡献一己之力，亲力亲为的与世界分享中国文化，展现中国的文化自信，这或许正是他心中那个至高的侠客梦。
94 7 1 7 9 0.653
“我非常感谢马云，不但贡献了自己宝贵的时间，也为向全世界推广中国文化提供了难得的资源。我们希望把源自于中国这样一个古老又传统的哲学和文化思想，用新的表达形式跟全世界去分享。”影片总监制李连杰透露，海报上这些参与《功守道》电影的所有人都是零片酬出演，因为大家都有共同的梦想，通过影片向中国功夫做过贡献的前辈们致敬，向中国文化致敬，同时与全世界来分享中国文化。
94 6 1 6 9 0.296
据悉，这个影片将在今年双11期间和广大观众见面。
94 8 1 8 9 0.557
李连杰说，《功守道》这部片名表达的是，中国武术不是以进攻为根本目的，而是要用功夫来守住家园，传承我们的文化，“电影是传播文化最好方式，能让更多的人能够了解功守道，了解中国武术和太极文化。”据介绍，马云对中国武学的喜爱由来已久。
96 9 5 1 2 0.608
李连杰在介绍这部电影时谈到，海报上这些参与《功守道》电影的所有人都是零片酬出演，因为大家都有共同的梦想，通过影片向中国功夫做过贡献的前辈们致敬，向中国文化致敬，同时与全世界来分享中国文化。
96 10 5 2 2 -0.027
（周小白）
97 1 1 1 1 0.685
中新网10月28日电练习太极多年的马云为了帮助自己钟爱的中国传统文化走向世界首次出演电影。
97 4 3 1 1 0.624
此前在菲律宾和大学生进行交流时，马云说要花时间去实现自己的儿时梦想，“比如唱歌做演员”，而这张海报的出现，终于证实马云将与11位来自各个流派的高手一起，亲力亲为成为以武学为代表的中国文化走向世界的传播者和践行者，以此向中国传统文化致敬，并向世界传递新形势下的中国文化自信。
97 6 5 1 2 0.635
这个阵容云集了多个武术流派的代表性人物，大家齐心协力向世界提供了一道以武学为载体，从而致敬并弘扬中国文化的视觉大餐。
97 7 5 2 2 0.312
据悉，这个影片将在今年双十一期间和广大观众见面。
97 8 6 1 1 0.675
对于向世界推广和分享中国文化中蕴含的力量和哲学，是马云一直以来热衷的事业之一。
97 10 8 1 1 0.653
“我非常感谢马云，不但贡献了自己宝贵的时间，也为向全世界推广中国文化提供了难得的资源。我们希望把源自于中国这样一个古老又传统的哲学和文化思想，用新的表达形式跟全世界去分享”，影片总监制李连杰透露，海报上这些参与《功守道》电影的所有人都是零片酬出演，因为大家都有共同的梦想，通过影片向中国功夫做过贡献的前辈们致敬，向中国文化致敬，同时与全世界来分享中国文化。
