2
7 3 2 1 2 0.66
功夫巨星主导，网络大亨挎刀，制作出自由搏击赛事“昆仑决”的姜华团队倾力相助，中国功夫，中国原创体育IP，创新，跨界，合作。
7 4 2 2 2 0.527
《功守道》甫一问世便成热门话题，下一步是要做中国的NBA，还是武版的《中国偶像》？
1
7 5 3 1 1 0.61
银幕下自带片中“扫地僧”气质的李连杰[微博]有很多话要说，核心一句是，他和另一创始人马云梦想着将《功守道》带进奥运，希望将以太极为代表的中国武术、以武术为代表的中国文化，更好地推向世界。
1
9 28 16 1 1 0.607
除了马云，片中大部分明星第一职业是运动员，李连杰透露，所有演员都是零片酬出演，他们的初衷是希望通过电影传递中国武术和文化。
2
9 34 21 1 2 0.638
对于电影的推广方式，中国武术协会副主席吴斌表示，当年的一部《少林寺》，让很多年轻人参加了武术，影响很大。
9 35 21 2 2 0.415
武术作为体育项目，按照传统手段宣传，结合影视，效果会更好。
2
12 1 1 1 3 0.646
由马云主演的功夫电影《功守道》可谓是火遍中国；11月15日在北京举行的功守道揭幕赛更是惊艳全球。
12 2 1 2 3 0.428
“马师傅”在影片中展现的太极拳魅力，以及揭幕赛上太极招式的层出不穷，更是引爆了人们对太极拳追崇的热度指数。
2
15 3 3 1 2 0.66
源于太极的功守道，承载着向全球传播中国太极文化的愿景和使命。
15 4 3 2 2 0.472
“太极是一种哲学思想，融合阴阳变化，功守之道被我运用到企业经营中，相信对每个人的事业、生活都是有帮助的。”功守道创始人马云在现场表示，太极的共赢思想代表未来，期待未来功守道能够进入奥运会。
2
15 18 11 1 2 0.652
首场比赛落地，拉开了功守道走向全球的序幕，点亮了与世界分享太极、弘扬中国传统文化的星火。
15 19 11 2 2 0.591
通过优酷与央视播出，功守道向全世界呈现太极竞技的魅力，吸引全球范围内更多武术爱好者，尤其是年轻人参与其中。
2
24 1 1 1 2 0.357
《功守道》影片在国内赢得12亿的下载量，在国外的播放量也达到惊人的次数。
24 2 1 2 2 0.608
大篇幅展现太极功夫的《功守道》，让太极拳发源地陈家沟再次成为人们关注的焦点。
2
26 4 3 1 2 0.515
《功守道》电影由文章执导、编剧，李连杰监制，马云领衔主演；11月15日“功守道”赛事也将开赛。
26 5 3 2 2 0.693
“功守道”系列活动旨在传承弘扬东方传统文化精髓，把中国功夫进一步向世界推介。
1
26 8 5 1 1 0.627
11月1日，《人民日报》刊发评论文章《让传统文化涌起时代浪花》同为太极拳文化主题电影《功守道》点赞：脱胎于太极文化的新武学“功守道”将亮相大银幕，延续传统武术源远流长的内在哲学。
1
27 12 6 1 1 0.6
据悉，为支持《功守道》电影的开拍和“功守道”赛事的举办，温县武协也发出倡议，号召发源地陈家沟在世界各地的太极拳传播者、习练者、爱好者关注、观看电影《功守道》和功守道太极拳赛事。
1
40 7 4 1 1 0.742
据悉，《功守道》旨在向对中国功夫做过贡献的前辈们致敬，向中国文化致敬，并与全世界分享中国文化。
2
41 17 11 1 2 0.353
在猫晚首播后，11月11日，《功守道》在上海线下影院首映。
41 18 11 2 2 0.61
该片云集了李连杰、甄子丹、吴京等国内一线功夫巨星，还有洪金宝、袁和平和程小东这样的金牌武术指导前来助阵，据了解，该片演员均为零片酬，意在弘扬中国武术文化。
1
42 16 10 1 1 0.703
但马云制作这部电影的本意就在“托物言志”，向世界传递太极文化和武学精神，致敬功夫电影。
2
42 17 11 1 2 0.643
中国功夫曾是帮助中国电影冲出亚洲走向世界电影的敲门砖，然而近几年，国产功夫片不管从影评还是票房都难掩其颓势。
42 18 11 2 2 0.753
不论中国功夫还是功夫电影，都需要一个再次向世界传递“功夫名片”的一个契机。
0
1
42 50 30 1 1 0.602
如果有一天功守道得以进入奥运会，中国太极文化走向全球，马云不仅给后代留下一个代表中国武学精神的“功守道”，更可能让阿里大文娱手中握有的筹码越来越多。
2
49 2 2 1 2 0.257
吴亦凡、李宇春、章子怡、莫文蔚、刘涛、关晓彤等当红娱乐明星悉数登台，莎拉波娃、菲戈等国际体坛巨星到场助阵，今年猫晚打造了一场堪比奥运开幕式的文体盛会。
49 3 2 2 2 0.62
而承载着中国武术入奥梦想的《功守道》，无疑是全场的一大爆点。
1
49 8 5 1 1 0.632
据介绍，经过影片监制李连杰三年争取，《功守道》今年终于登上全球亿万人瞩目的双11猫晚，而马云与11位动作明星在一招一式中的用心，打出了武术的精气神和中国人的自信，展现了中国传统文化的魅力。
2
49 17 11 1 2 0.304
11位动作明星不仅组成了史上最豪华的班底，每个人也都非常敬业与用心。
49 18 11 2 2 0.655
跨界出演的邹市明表示，各门各派大家各有所长，为弘扬中国武术和中国传统文化都亮出绝招，希望能打得精彩，吸引更多人观看这部影片，一起传播中国传统文化。
2
49 45 26 1 2 0.571
《功守道》创新立意与文化价值也获得了《人民日报》点赞：中华优秀传统文化是一片海，如何对其进行创造性转化、创新性发展，是如今站在历史新起点上的文化新课题。
49 46 26 2 2 0.624
脱胎于太极文化的新武学“功守道”将亮相大银幕，延续传统武术源远流长的内在哲学。
1
50 11 5 1 1 0.713
作为《功守道》的影片总监制，李连杰希望通过这部影片向对中国功夫做过贡献的前辈们致敬，向中国文化致敬，并与全世界分享中国文化，“我们大家都有着共同的梦想，希望把太极的文化跟全世界分享”。
1
53 10 7 1 1 0.605
李连杰表示，《功守道》这部片名表达的是，中国武术不是以进攻为根本目的，而是要用功夫来守住家园，传承我们的文化。
2
54 10 5 1 2 0.613
功守道的文化内涵可阐释为“太极智慧合天地之气，致敬武学守国人之道”，是对太极这一中国传统文化的创造性转化和创新性发展。
54 11 5 2 2 0.235
11月11日，《功守道》将在北京、上海、广州、深圳、杭州、成都等城市的部分影院上映，提前兑换电影票的阿里88会员可前往影院免费观影，11月12日零点在优酷独家上线，11月15日功守道首场比赛在北京开赛，并通过央视公开播出。
1
56 6 3 1 1 0.698
太极文化讲究“借力打力”，借着“猫晚”这个超级大IP，《功守道》正在向全世界宣扬中华武术、中华太极精神。
1
59 10 7 1 1 0.62
如此尽心尽力的主演能拿多少片酬？李连杰透露，影片所有演员都是零片酬，“大家都有同一个想法，通过影片向为中国功夫做过贡献的前辈致敬、向中国文化致敬，与全世界分享中国文化。非常感谢马云贡献了宝贵时间，也提供难得的资源。”
1
60 19 6 1 1 0.614
得益于上世纪功夫片的兴起，中国功夫一度成为中国文化的世界符号，但是近几年，中华传统武术时常陷入对抗性差、“花拳绣腿”的质疑——不单单中国武术，很多其它中国传统文化也面临相似的生存压力。
1
62 2 2 1 1 0.638
此次参演《功守道》电影，甄子丹“分文不取”，零片酬只为助力推广宣扬中华民族文化和精神，“以武会友”，与马云和众多志同道合的武术人一起推动中华优秀传统文化。
1
62 11 6 1 1 0.696
不但自己的作品向国际输送中国武术文化，甄子丹更是在好莱坞的电影中潜移默化加入更多的中国功夫，让世界见识到来自东方的文化魅力。
2
66 6 2 3 4 0.318
更重要的是，止戈为武，在“外练筋骨皮，内练一口气”的背后，是“四方水土养育”的“中华武术魂”，蕴含着深刻的文化意味。
66 7 2 4 4 0.616
《人民日报》刊文称，脱胎于太极文化的新武学“功守道”将亮相大银幕，延续传统武术源远流长的内在哲学，实属持允之论。
3
68 4 2 2 4 0.182
古代儒家要求学生掌握的“礼、乐、射、御、书、数”这“六艺”中的“射”和“御”，都直接与武术有关。
68 5 2 3 4 0.666
作为一部“向中国武术致敬”的电影，《功守道》受到关注在情理之中。
68 6 2 4 4 0.5
更何况，人们乐于看到武术等中华传统优秀文化在新时代受到尊崇。
3
68 9 4 1 7 0.527
再深一步看，在中国已成为世界第二大经济体的今天，谈及中华武术，还有更多增强文化自信的含义。
68 10 4 2 7 0.619
在很多外国人看来，中华武术就是“功夫”（英文中的Kungfu、Taichi，就是指中国的功夫、太极），而且中华武术在国外也广为传播，甚至有些外国人不远万里来到中国习武。
68 11 4 3 7 0.666
可以说，武术或者中国功夫已经成为我国的一张重要文化名片。
1
68 12 4 4 7 0.522
今后，推进我国的国际传播能力建设，讲好中国故事，必须展现包括中国武术在内的真实、立体、全面的中国，提高国家文化软实力。
2
69 8 8 1 2 0.423
据介绍，参与《功守道》的所有人都是零片酬出演。
69 9 8 2 2 0.726
电影监制李连杰表示，大家都有共同的梦想，要通过影片向为中国功夫做过贡献的前辈们致敬，向中国文化致敬，同时与全世界分享中国文化。
2
71 2 2 1 3 0.68
据了解，《功守道》将致敬传统文化，传递中国文化自信。
71 3 2 2 3 0.59
片中云集了多个武术流派的代表性人物，将向世界提供一道以武学为载体，致敬并弘扬中国文化的视觉大餐。
2
73 4 3 2 3 0.226
2日至3日，李连杰现身安徽铜陵，不仅探访了首届功守道集训营，还在该集训营的闭营仪式上为营员颁发结业证书。
73 5 3 3 3 0.634
在铜陵期间，李连杰多次提到他和马云的梦想——将中国传统文化，尤其是武术向世界推广。
2
73 8 6 1 2 0.401
他说，我从8岁习武，至今47年，也去世界各地宣传武术。
73 9 6 2 2 0.636
他和马云联手创立、推介功守道，就是希望将中国传统文化向世界推广。
1
75 17 10 1 1 0.662
作为总监制，李连杰此前向媒体透露，海报上参与电影的所有人都是零片酬出演，因为大家都有共同的梦想，通过影片向中国功夫做过贡献的前辈们致敬，向中国文化致敬，同时与全世界来分享中国文化。
2
78 7 4 1 2 0.315
“在我心中，一直思考很多问题”，他说，在《英雄》中饰演无名，用剑在地上写“天下”，是一种胸怀。
78 8 4 2 2 0.68
武术、功夫、太极都源于中国，属于世界。
1
80 8 4 1 1 0.609
据了解，《功守道》云集了多个武术流派的代表性人物，将向世界提供一道以武学为载体，致敬并弘扬中国文化的视觉大餐。
1
81 6 4 1 1 0.634
《功守道》云集了多个武术流派的代表性人物，将向世界提供一道以武学为载体，致敬并弘扬中国文化的视觉大餐。
1
84 6 3 1 1 0.714
《功守道》强大的演员阵容可谓史无前例，李连杰担任《功守道》的总监制，他坦言这部影片是要向全球对中国功夫做出贡献的前辈表达致敬，向传统文化致敬。
2
84 7 4 1 3 0.661
谈及制作的初衷，李连杰透露，《功守道》源自太极，是对中华优秀传统文化的创造性转化和创新性发展，其实自己从小练武术一直有一个梦想，把中国文化跟全世界分享。
84 8 4 2 3 0.311
马云是我的良师益友，我跟他谈到这个想法，没想到他比我疯狂多了，他要做导演、演员、编剧，把我吓住了，所以我们就带着这个梦想一直努力的去筹备。
2
85 12 6 1 2 0.564
六年的思考，李连杰交出的答卷就是“功守道”，一个源于太极文化的创新武学形态。
85 13 6 2 2 0.607
李连杰透露，功守道的文化内涵可以阐释为“太极智慧合天地之气，致敬武学守国人之道”，这是基于中国传统武术所蕴含的内在哲学所延展出来的一种武学形态，也是对太极这一中国传统文化的创造性转化和创新性发展。
2
85 14 7 1 5 0.605
李连杰表示，《功守道》这部片名表达的是，中国武术不是以进攻为根本目的，而是要用功夫来守住家园，传承我们的文化。
85 15 7 2 5 0.438
“功守道”的名字也来自马云的建议。
1
86 3 2 1 1 0.673
“我想通过电影向中国武术传统文化的前辈致敬，并向全球的年轻人分享源自中国的太极。”李连杰日前在京接受新华社记者专访时说，他的终极梦想，是太极能进入奥运会成为正式比赛项目。
2
86 10 7 1 2 0.552
今年自由搏击挑战太极的风波之后，李连杰更加坚定了要做一部讲太极的电影的决心。
86 11 7 2 2 0.601
他在邀请袁和平、洪金宝、吴京、甄子丹等明星时说：“我们都是练过武术的，希望大家在这个时候能站出来，为中国武术、为太极做点事情，拍这个电影不是为别的，第一是向中国武术以及太极功夫传统文化的前辈致敬；第二，向全球的年轻人，分享源自中国的太极。”
3
87 10 4 1 3 0.281
据悉，此次集结的袁和平、洪金宝、程小东、李连杰、甄子丹、吴京、邹市明等11位顶级巨星全部都是零片酬出演。
87 11 4 2 3 0.741
《功守道》影片的主旨在于向弘扬中国武术，向世界分享中国文化，传递中国的文化自信。
87 12 4 3 3 0.584
正是因为这样的动因才能聚集到从未有过的“顶级超豪华功夫天团”，同样零片酬参演的马云与众多巨星都希望通过持续的努力，把中国功夫更广泛的推向全世界。
2
88 1 1 1 2 0.592
说到中国的功夫电影，就不能不说电影的武术指导。
88 2 1 2 2 0.653
10月28日，马云在个人微博上公布了一张电影海报，在这部为中国功夫太极打Call的电影《功守道》里，聚集了袁和平、洪金宝、程小东三位国内顶级的武术指导，组成“地球最高水平”的电影武指团队。
2
88 6 5 1 2 0.609
袁和平、洪金宝、程小东每一位都是中国响当当的武术指导，任何一位都足够打造一部中国功夫的视觉盛宴，《功守道》竟然把其中三位都攒在一起，组成“地球最高水平”的电影武指团队。
88 7 5 2 2 0.305
三位顶级又不同风格的武术指导将发生怎么样的化学反应，令人十分期待。
1
88 10 7 1 1 0.686
另外，《功守道》作为一部弘扬太极文化的电影，三位国内顶级的武术指导将如何在电影里设计太极与其他流派功夫的交流，也是电影的一大看点。
1
88 11 8 1 1 0.682
据了解，袁和平、洪金宝、程小东三位武指以及马云、李连杰、甄子丹等演员，海报上这些参与《功守道》电影的所有人都是零片酬出演，因为大家都有共同的梦想，通过影片向中国功夫做过贡献的前辈们致敬，向中国文化致敬，同时与全世界来分享中国文化。
2
89 5 5 1 2 0.616
这个阵容云集了多个武术流派的代表性人物，大家齐心协力向世界提供了一道以武学为载体，从而致敬并弘扬中国文化的视觉大餐。
89 6 5 2 2 0.35
据悉，这个影片将在今年“双11”期间和广大观众见面。
1
89 9 8 1 1 0.661
“我非常感谢马云，不但贡献了自己宝贵的时间，也为向全世界推广中国文化提供了难得的资源。我们希望把源自中国的哲学和文化思想，用新的表达形式跟全世界去分享”影片总监制透露，海报上这些参与《功守道》电影的所有人都是零片酬出演，因为大家都有共同的梦想，通过影片向中国功夫做过贡献的前辈们致敬，向中国文化致敬，同时与全世界来分享中国文化。
2
89 10 9 1 2 0.616
马云对中国武学的喜爱由来已久。
89 11 9 2 2 0.373
他在大学期间就开始拜师学习太极拳，不仅日常坚持练习，在很多公开场合，他会表演太极拳，向身边的同事和朋友介绍和分享太极文化。
1
90 8 4 1 1 0.664
“我非常感谢马云，不但贡献了自己宝贵的时间，也为向全世界推广中国文化提供了难得的资源。我们希望把源自于中国这样一个古老又传统的哲学和文化思想，用新的表达形式跟全世界去分享”，影片总监制李连杰透露，海报上这些参与《功守道》电影的所有人都是零片酬，因为大家都有共同的梦想，通过影片向中国功夫做过贡献的前辈们致敬，向中国文化致敬，同时与全世界来分享中国文化。
1
90 15 8 1 1 0.655
李连杰说，《功守道》这部片名表达的是，中国武术不是以进攻为根本目的，而是要用功夫来守住家园，传承我们的文化，“电影是传播文化最好方式，能让更多的人能够了解功守道，了解中国武术和太极文化。”李连杰透露，功守道的文化内涵可以阐释为“太极智慧合天地之气，致敬武学守国人之道”，这是基于中国传统武术所蕴含的内在哲学所延展出来的一种武学形态，也是对太极这一中国传统文化的创造性转化和创新性发展。
3
91 11 8 2 4 0.406
在整部片中，马云和其他所有的大牌明星都是零片酬出演。
91 12 8 3 4 0.692
而影片主旨在于向弘扬中国武术做出贡献的前辈致敬，向世界分享中国传统文化。
91 13 8 4 4 0.595
而马云在这部影片的核心正是在于弘扬太极文化。
2
91 23 16 1 2 0.362
2009年，马云拜师陈氏太极宗师王西安门下。
91 24 16 2 2 0.662
同一年，马云就准备和李连杰合计拍一个向世界弘扬中国武术文化的电影，结果还先撮合成了与李连杰和王西安之子、世界太极冠军王占海共同开办太极禅苑的事儿。
1
91 30 21 1 1 0.611
对于向世界推广和分享中国传统武术文化中蕴含的哲学，是马云一直以来热衷的事业之一。
1
91 36 27 1 1 0.622
「电影是传播文化的最好方式，能让更多的人能够了解功守道，了解中国武术和太极文化。
1
92 6 4 1 1 0.602
马云对太极的喜爱由来已久，不仅自己练习太极，将太极之道运用到企业管理之中，他还与李连杰共同发起创办太极禅公司，以人人健康快乐，弘扬太极禅文化为宗旨，在全球推广太极禅文化。
1
92 9 6 1 1 0.649
作为阿里巴巴董事局主席，马云跨界演电影能拿多少片酬？据《功守道》总监制李连杰透露，这部影片的所有演员都是零片酬出演，马云也不例外，“大家都有同一个想法，通过影片向中国功夫做过贡献的前辈们致敬，向中国文化致敬，同时与全世界来分享中国文化。非常感谢马云为了这个事业贡献自己的宝贵时间，也提供难得的资源”。
3
93 6 4 1 3 0.416
据李连杰透露，马云和所有明星都是零片酬出演。
93 7 4 2 3 0.71
影片主旨在于向弘扬中国武术做出贡献的前辈致敬，向世界分享中国文化，传递中国的文化自信。
93 8 4 3 3 0.341
正是这个动因感召大家参与进来。
2
93 9 5 1 2 0.348
唱歌、变魔术、演小品……自称“爱玩”的马云，为太极首登大银幕，与此前的跨界玩票有所不同。
93 10 5 2 2 0.621
师承陈氏太极19代传人王西安的马云，早在2009年就被媒体曝出要拍一部太极主题的电影，并与李连杰一起成立太极禅国际发展公司，推广太极文化不遗余力。
1
93 31 16 1 1 0.643
马云2009年找到李连杰要拍一部太极电影，如今终于以这部《功守道》圆梦，可以借助电影这个大众媒体形成更加广泛的传播。
1
93 61 32 1 1 0.621
如此看来，能够邀请到具有全球影响力的马云出演《功守道》，一方面是他本人推广太极文化的强烈意愿，另一方面阿里商业成功背后就有太极代表的强大的中国优秀传统文化基因，让世界认识到中国武术不仅是肌肉发达，更是一种文化，是探索人类未来的哲学思想。
1
93 62 33 1 1 0.67
初登大银幕的马云，贡献一己之力，亲力亲为的与世界分享中国文化，展现中国的文化自信，这或许正是他心中那个至高的侠客梦。
3
94 6 1 6 9 0.343
据悉，这个影片将在今年双11期间和广大观众见面。
94 7 1 7 9 0.668
“我非常感谢马云，不但贡献了自己宝贵的时间，也为向全世界推广中国文化提供了难得的资源。我们希望把源自于中国这样一个古老又传统的哲学和文化思想，用新的表达形式跟全世界去分享。”影片总监制李连杰透露，海报上这些参与《功守道》电影的所有人都是零片酬出演，因为大家都有共同的梦想，通过影片向中国功夫做过贡献的前辈们致敬，向中国文化致敬，同时与全世界来分享中国文化。
94 8 1 8 9 0.655
李连杰说，《功守道》这部片名表达的是，中国武术不是以进攻为根本目的，而是要用功夫来守住家园，传承我们的文化，“电影是传播文化最好方式，能让更多的人能够了解功守道，了解中国武术和太极文化。”据介绍，马云对中国武学的喜爱由来已久。
1
94 9 1 9 9 0.373
他在大学期间就开始拜师学习太极拳，不仅日常坚持练习，在很多公开场合，他也会表演太极拳，向身边的同事和朋友介绍和分享太极文化。
2
96 9 5 1 2 0.697
李连杰在介绍这部电影时谈到，海报上这些参与《功守道》电影的所有人都是零片酬出演，因为大家都有共同的梦想，通过影片向中国功夫做过贡献的前辈们致敬，向中国文化致敬，同时与全世界来分享中国文化。
96 10 5 2 2 -0.167
（周小白）
1
97 1 1 1 1 0.689
中新网10月28日电练习太极多年的马云为了帮助自己钟爱的中国传统文化走向世界首次出演电影。
2
97 6 5 1 2 0.616
这个阵容云集了多个武术流派的代表性人物，大家齐心协力向世界提供了一道以武学为载体，从而致敬并弘扬中国文化的视觉大餐。
97 7 5 2 2 0.373
据悉，这个影片将在今年双十一期间和广大观众见面。
1
97 10 8 1 1 0.668
“我非常感谢马云，不但贡献了自己宝贵的时间，也为向全世界推广中国文化提供了难得的资源。我们希望把源自于中国这样一个古老又传统的哲学和文化思想，用新的表达形式跟全世界去分享”，影片总监制李连杰透露，海报上这些参与《功守道》电影的所有人都是零片酬出演，因为大家都有共同的梦想，通过影片向中国功夫做过贡献的前辈们致敬，向中国文化致敬，同时与全世界来分享中国文化。
2
97 11 9 1 2 0.628
李连杰，在推广太极和中国文化的这条路上，马云一直不遗余力的贡献着热情和资源。
97 12 9 2 2 0.471
在他看来，马云的作用更像推土机，在前面推出一条没有路的路，“我们的梦想是未来有更多的人，能够关注并加入到由传统太极文化演变而来的功守道这项文化里。”
1
97 13 10 1 1 0.642
李连杰说，《功守道》这部片名表达的是，中国武术不是以进攻为根本目的，而是要用功夫来守住家园，传承我们的文化，“电影是传播文化最好方式，能让更多的人能够了解功守道，了解中国武术和太极文化。”
1
97 14 11 1 1 0.607
李连杰透露，功守道的文化内涵可以阐释为“太极智慧合天地之气，致敬武学守国人之道”，这是基于中国传统武术所蕴含的内在哲学所延展出来的一种武学形态，也是对太极这一中国传统文化的创造性转化和创新性发展。
2
97 15 12 1 2 0.616
马云对中国武学的喜爱由来已久。
97 16 12 2 2 0.373
他在大学期间就开始拜师学习太极拳，不仅日常坚持练习，在很多公开场合，他会表演太极拳，向身边的同事和朋友介绍和分享太极文化。
