12 10 4 2 2 0.619
这些重要活动的成功举办，给全球数亿太极拳爱好者奉献了一场场文化视觉盛宴，进一步促进了太极拳各流派之间的沟通交融，使太极拳事业及产业发展再上新境界。
12 9 4 1 2 0.293
百城千万人展演活动中，国内500多个城市、国外26个国家50个城市，1000余万人共舞太极，让全世界聚焦温县、聚焦太极；陈王廷铜像揭幕活动中，太极拳六大流派代表性传承人、世界太极拳名家等齐聚陈家沟，共同祭拜始祖，共襄太极发展；家乡赛系列比赛中，来自全国各地32个省（市）自治区的316支代表队5000余名运动健儿，赛场上奋勇拼搏、摘金夺银，赛场下互为师友、互相学习。
14 7 4 1 2 0.606
据悉，功守道开办的初衷，是希望向全世界传播太极文化的思想。
14 8 4 2 2 0.47
此次不仅参演了《功守道》电影，还受邀出席功守道揭幕赛，刘承羽坦言愿意为传播中国武术文化而努力，“参与功守道是一个好的开始，这是一个教育年轻人去学习武术的非常好的形式。我从武术当中获益颇多，也希望通过我的这种经历，能够让年轻一代的人了解中国武术的重要性。”
15 3 3 1 2 0.694
源于太极的功守道，承载着向全球传播中国太极文化的愿景和使命。
15 4 3 2 2 0.466
“太极是一种哲学思想，融合阴阳变化，功守之道被我运用到企业经营中，相信对每个人的事业、生活都是有帮助的。”功守道创始人马云在现场表示，太极的共赢思想代表未来，期待未来功守道能够进入奥运会。
15 18 11 1 2 0.676
首场比赛落地，拉开了功守道走向全球的序幕，点亮了与世界分享太极、弘扬中国传统文化的星火。
15 19 11 2 2 0.522
通过优酷与央视播出，功守道向全世界呈现太极竞技的魅力，吸引全球范围内更多武术爱好者，尤其是年轻人参与其中。
17 9 3 2 7 0.625
尤其值得肯定的是其发扬和传播中国体育文化的初衷和努力方向。
17 8 3 1 7 0.105
当然，对于一个刚刚起步的项目没有必要求全责备。
17 10 3 3 7 0.488
中国向来是有文化自信的，但体育文化一直以来仍是[洼地“，虽然几乎全世界的人都知道[中国功夫”，但更多只是一个模糊甚至神话的概念，在日韩的跆拳道。
24 3 2 1 2 0.625
步入陈家沟，就步入太极文化圣地。
24 4 2 2 2 0.371
这里有令人敬仰的太极拳祖祠，有响誉国内外的中国太极拳博物馆，有充满传奇色彩的杨露禅学拳处。
26 3 2 2 2 0.72
作为中国传统文化的一种精粹，太极拳及其发源地陈家沟再次聚焦世人眼球。
26 2 2 1 2 0.244
11月11日，马云主演、大牌明星云集的电影《功守道》即将上映。
26 5 3 2 2 0.767
“功守道”系列活动旨在传承弘扬东方传统文化精髓，把中国功夫进一步向世界推介。
26 4 3 1 2 0.256
《功守道》电影由文章执导、编剧，李连杰监制，马云领衔主演；11月15日“功守道”赛事也将开赛。
26 8 5 1 1 0.615
11月1日，《人民日报》刊发评论文章《让传统文化涌起时代浪花》同为太极拳文化主题电影《功守道》点赞：脱胎于太极文化的新武学“功守道”将亮相大银幕，延续传统武术源远流长的内在哲学。
40 4 2 3 3 0.602
片尾，马云行云流水的太极演绎，引发了观众对中国传统文化的兴趣和共鸣。
40 3 2 2 3 0.222
首次“触电”的马云在片中的演出非常认真，很多打斗场面都是亲自上阵。
40 7 4 1 1 0.671
据悉，《功守道》旨在向对中国功夫做过贡献的前辈们致敬，向中国文化致敬，并与全世界分享中国文化。
49 18 11 2 2 0.625
跨界出演的邹市明表示，各门各派大家各有所长，为弘扬中国武术和中国传统文化都亮出绝招，希望能打得精彩，吸引更多人观看这部影片，一起传播中国传统文化。
49 17 11 1 2 0.189
11位动作明星不仅组成了史上最豪华的班底，每个人也都非常敬业与用心。
49 42 24 2 2 0.641
推广太极，马云自己亲力亲为的在各种场合和国际交流中表演，传递着对中国传统文化的自信。
49 41 24 1 2 0.15
对于网友的“热嘲鼓励”，马云从来不以为意，还经常在社交平台调侃自黑，不遗余力的为健康快乐布道。
49 44 25 2 2 0.611
他认为，个人或者社会，没有对文化的追求和创新，就没有办法发展，将中国优秀的文化推广出去，和世界分享中国传统哲学中蕴含的理念和力量，是这代人必须的责任和担当，“这种文化不仅属于中国，更是属于世界”。
49 43 25 1 2 0.387
在阿里18周年年会上，马云对全体阿里人提出，未来必须要有家国情怀和世界担当。
49 45 26 1 2 0.689
《功守道》创新立意与文化价值也获得了《人民日报》点赞：中华优秀传统文化是一片海，如何对其进行创造性转化、创新性发展，是如今站在历史新起点上的文化新课题。
49 46 26 2 2 0.677
脱胎于太极文化的新武学“功守道”将亮相大银幕，延续传统武术源远流长的内在哲学。
50 11 5 1 1 0.631
作为《功守道》的影片总监制，李连杰希望通过这部影片向对中国功夫做过贡献的前辈们致敬，向中国文化致敬，并与全世界分享中国文化，“我们大家都有着共同的梦想，希望把太极的文化跟全世界分享”。
54 10 5 1 2 0.668
功守道的文化内涵可阐释为“太极智慧合天地之气，致敬武学守国人之道”，是对太极这一中国传统文化的创造性转化和创新性发展。
54 11 5 2 2 0.164
11月11日，《功守道》将在北京、上海、广州、深圳、杭州、成都等城市的部分影院上映，提前兑换电影票的阿里88会员可前往影院免费观影，11月12日零点在优酷独家上线，11月15日功守道首场比赛在北京开赛，并通过央视公开播出。
60 19 6 1 1 0.71
得益于上世纪功夫片的兴起，中国功夫一度成为中国文化的世界符号，但是近几年，中华传统武术时常陷入对抗性差、“花拳绣腿”的质疑——不单单中国武术，很多其它中国传统文化也面临相似的生存压力。
62 2 2 1 1 0.622
此次参演《功守道》电影，甄子丹“分文不取”，零片酬只为助力推广宣扬中华民族文化和精神，“以武会友”，与马云和众多志同道合的武术人一起推动中华优秀传统文化。
62 11 6 1 1 0.706
不但自己的作品向国际输送中国武术文化，甄子丹更是在好莱坞的电影中潜移默化加入更多的中国功夫，让世界见识到来自东方的文化魅力。
63 50 27 1 2 0.638
太极是中华传统文化的核心理念之一，其所蕴含的平衡之道可谓无所不包、无所不在。
63 51 27 2 2 0.471
可以说，从社会结构、政治、军事，到经济、文化，没有一样东西离开过太极，全世界亦是如此。
63 55 28 4 4 0.745
武术作为中国传统文化之一，正在逐渐边缘化，走向销声匿迹的境地。
63 54 28 3 4 0.363
当传统武术和现实交汇时，人们更多的反应是疑惑和怀疑。
66 4 2 1 4 0.725
中华文化博大精深，源远流长，中华武术生长于传统文化的肥沃土壤，既有独特的运动形式，更有内在的文化内涵。
66 5 2 2 4 0.232
比如，古代儒家要求学生掌握六种技能（六艺）：礼、乐、射、御、书、数，其中的射、御直接与武术有关，乐所包含的舞也与武术存在密切关系。
66 7 2 4 4 0.622
《人民日报》刊文称，脱胎于太极文化的新武学“功守道”将亮相大银幕，延续传统武术源远流长的内在哲学，实属持允之论。
66 6 2 3 4 0.306
更重要的是，止戈为武，在“外练筋骨皮，内练一口气”的背后，是“四方水土养育”的“中华武术魂”，蕴含着深刻的文化意味。
66 10 4 1 3 0.69
“文化兴国运兴，文化强民族强。”习近平总书记强调，中华优秀传统文化已经成为中华民族的基因，植根在中国人内心，潜移默化影响着中国人的思想方式和行为方式。
66 11 4 2 3 0.39
“今天，我们提倡和弘扬社会主义核心价值观，必须从中汲取丰富营养，否则就不会有生命力和影响力。”由此可见，不能排斥更不能扔掉传统文化，但也不等于照单全收，在继承中发展、在发展中继承，方是理性姿态。
66 17 5 5 5 0.636
今天，对待包括武术在内的文化皆需创造性转化、创新性发展，对接时代潮流。
66 16 5 4 5 0.173
众所周知，古往今来各门各派都注重武德，信守“功夫有限，仁者无敌”。
66 21 6 4 4 0.618
习近平总书记一再强调，“推进国际传播能力建设，讲好中国故事，展现真实、立体、全面的中国，提高国家文化软实力。”可以预见，中国功夫在提高国家文化软实力方面将扮演更重要角色。
66 20 6 3 4 0.48
毋庸赘言，功夫是我们的金字招牌，也是一张文化名片，更是中外交流的鲜亮符号。
68 3 2 1 4 0.713
中华文化博大精深，源远流长，中华武术便生长于传统文化的肥沃土壤，既有独特的运动形式，更有内在的文化蕴含。
68 4 2 2 4 0.182
古代儒家要求学生掌握的“礼、乐、射、御、书、数”这“六艺”中的“射”和“御”，都直接与武术有关。
68 6 2 4 4 0.742
更何况，人们乐于看到武术等中华传统优秀文化在新时代受到尊崇。
68 5 2 3 4 0.484
作为一部“向中国武术致敬”的电影，《功守道》受到关注在情理之中。
68 7 3 1 2 0.681
“文化兴则国运兴，文化强则民族强。”中华优秀传统文化已经成为中华民族的基因，植根在中国人内心，潜移默化影响着中国人的思想方式和行为方式。
68 8 3 2 2 0.736
今天，我们倡导和弘扬社会主义核心价值观，必须从中华优秀传统文化中汲取营养，对传统文化“坚持创造性转化、创新性发展”，推动文化进一步发展繁荣。
68 12 4 4 7 0.629
今后，推进我国的国际传播能力建设，讲好中国故事，必须展现包括中国武术在内的真实、立体、全面的中国，提高国家文化软实力。
68 11 4 3 7 0.599
可以说，武术或者中国功夫已经成为我国的一张重要文化名片。
68 13 4 5 7 0.324
虽说中国人的自信不是单靠武术就能“打”出来的，但是武术带给中国人的健康体魄和内心自豪感却实实在在。
68 14 4 6 7 0.75
通过像武术这样的一个个平台或窗口，中华优秀文化与世界其他优秀文化互学互鉴，中国人的文化自信必将进一步增强。
68 15 4 7 7 0.042
（原文来源：经济日报作者：王石川）
69 9 8 2 2 0.614
电影监制李连杰表示，大家都有共同的梦想，要通过影片向为中国功夫做过贡献的前辈们致敬，向中国文化致敬，同时与全世界分享中国文化。
69 8 8 1 2 0.211
据介绍，参与《功守道》的所有人都是零片酬出演。
71 2 2 1 3 0.759
据了解，《功守道》将致敬传统文化，传递中国文化自信。
71 3 2 2 3 0.604
片中云集了多个武术流派的代表性人物，将向世界提供一道以武学为载体，致敬并弘扬中国文化的视觉大餐。
71 4 2 3 3 0.084
不知道这位现代拳王，将在片中饰演什么角色呢？
73 5 3 3 3 0.625
在铜陵期间，李连杰多次提到他和马云的梦想——将中国传统文化，尤其是武术向世界推广。
73 4 3 2 3 0.107
2日至3日，李连杰现身安徽铜陵，不仅探访了首届功守道集训营，还在该集训营的闭营仪式上为营员颁发结业证书。
73 9 6 2 2 0.666
他和马云联手创立、推介功守道，就是希望将中国传统文化向世界推广。
73 8 6 1 2 0.172
他说，我从8岁习武，至今47年，也去世界各地宣传武术。
79 11 5 3 5 0.746
两人都希望将中国传统文化向世界推广。
79 10 5 2 5 0.01
而自己就是扫地僧，把不平的路扫平。
79 12 5 4 5 0.357
希望能培养出一代代的学生去播种太极功守道的种子。
81 6 4 1 1 0.604
《功守道》云集了多个武术流派的代表性人物，将向世界提供一道以武学为载体，致敬并弘扬中国文化的视觉大餐。
84 7 4 1 3 0.646
谈及制作的初衷，李连杰透露，《功守道》源自太极，是对中华优秀传统文化的创造性转化和创新性发展，其实自己从小练武术一直有一个梦想，把中国文化跟全世界分享。
84 8 4 2 3 0.1
马云是我的良师益友，我跟他谈到这个想法，没想到他比我疯狂多了，他要做导演、演员、编剧，把我吓住了，所以我们就带着这个梦想一直努力的去筹备。
85 13 6 2 2 0.649
李连杰透露，功守道的文化内涵可以阐释为“太极智慧合天地之气，致敬武学守国人之道”，这是基于中国传统武术所蕴含的内在哲学所延展出来的一种武学形态，也是对太极这一中国传统文化的创造性转化和创新性发展。
85 12 6 1 2 0.513
六年的思考，李连杰交出的答卷就是“功守道”，一个源于太极文化的创新武学形态。
86 16 11 1 1 0.685
上世纪六七十年代，日本经济崛起，日本人把空手道、柔道、剑道做成产业在全世界开花；随后韩国经济发展，把跆拳道、电子竞技做成了产业向全世界推广，这些体育产业在推广的过程中，将日本和韩国的文化推向全球。
87 11 4 2 3 0.755
《功守道》影片的主旨在于向弘扬中国武术，向世界分享中国文化，传递中国的文化自信。
87 10 4 1 3 0.149
据悉，此次集结的袁和平、洪金宝、程小东、李连杰、甄子丹、吴京、邹市明等11位顶级巨星全部都是零片酬出演。
87 12 4 3 3 0.427
正是因为这样的动因才能聚集到从未有过的“顶级超豪华功夫天团”，同样零片酬参演的马云与众多巨星都希望通过持续的努力，把中国功夫更广泛的推向全世界。
89 7 6 1 1 0.656
对于向世界推广和分享中国文化中蕴含的力量和哲学，是马云一直以来热衷的事业之一。
90 13 7 1 2 0.656
对于向世界推广和分享中国文化中蕴含的力量和哲学，是马云一直以来热衷的事业之一。
90 14 7 2 2 0.572
他在多个场合都表示说，“个人或者社会，没有对文化的追求和创新，就没有办法发展”，将中国优秀的文化推广出去，和世界分享中国传统哲学中蕴含的理念和力量，是他们这代人必须的责任和担当，“这种文化不仅属于中国，更是属于世界”。
90 15 8 1 1 0.607
李连杰说，《功守道》这部片名表达的是，中国武术不是以进攻为根本目的，而是要用功夫来守住家园，传承我们的文化，“电影是传播文化最好方式，能让更多的人能够了解功守道，了解中国武术和太极文化。”李连杰透露，功守道的文化内涵可以阐释为“太极智慧合天地之气，致敬武学守国人之道”，这是基于中国传统武术所蕴含的内在哲学所延展出来的一种武学形态，也是对太极这一中国传统文化的创造性转化和创新性发展。
91 12 8 3 4 0.721
而影片主旨在于向弘扬中国武术做出贡献的前辈致敬，向世界分享中国传统文化。
91 11 8 2 4 0.228
在整部片中，马云和其他所有的大牌明星都是零片酬出演。
91 13 8 4 4 0.584
而马云在这部影片的核心正是在于弘扬太极文化。
91 29 20 1 1 0.621
其次，马云对传统文化和功夫的看重，也暗合了美国和西方那些合作伙伴对阿里巴巴和中国的想象。
91 30 21 1 1 0.707
对于向世界推广和分享中国传统武术文化中蕴含的哲学，是马云一直以来热衷的事业之一。
91 38 29 1 1 0.649
马云和太极文化、阿里巴巴和《攻守道》，技术立命、新价值观、马云的家国情怀…….和太极文化巧妙地阴阳交融。
92 6 4 1 1 0.633
马云对太极的喜爱由来已久，不仅自己练习太极，将太极之道运用到企业管理之中，他还与李连杰共同发起创办太极禅公司，以人人健康快乐，弘扬太极禅文化为宗旨，在全球推广太极禅文化。
92 10 7 1 1 0.656
对于向世界推广和分享中国文化中蕴含的力量和哲学，是马云一直以来热衷的事业之一。
93 7 4 2 3 0.735
影片主旨在于向弘扬中国武术做出贡献的前辈致敬，向世界分享中国文化，传递中国的文化自信。
93 6 4 1 3 0.203
据李连杰透露，马云和所有明星都是零片酬出演。
93 8 4 3 3 0.303
正是这个动因感召大家参与进来。
93 11 6 1 1 0.621
如今，为自由贸易和中小企业全球奔走的马云，在不久前的阿里18周年大会谈到要有家国情怀与世界担当，承载中国优秀传统文化的《功守道》或许是一个重要的注脚。
93 12 7 1 1 0.656
对于向世界推广和分享中国文化中蕴含的力量和哲学，是马云一直以来热衷的事业之一。
93 26 14 1 3 0.638
在阿里内部，马云将太极融入到企业管理中，太极文化成为了公司重要的文化根基。
93 27 14 2 3 0.33
2009年阿里向员工开设太极班，由于员工热烈参与，太极拳被定为公司的内训项目。
93 61 32 1 1 0.666
如此看来，能够邀请到具有全球影响力的马云出演《功守道》，一方面是他本人推广太极文化的强烈意愿，另一方面阿里商业成功背后就有太极代表的强大的中国优秀传统文化基因，让世界认识到中国武术不仅是肌肉发达，更是一种文化，是探索人类未来的哲学思想。
97 1 1 1 1 0.638
中新网10月28日电练习太极多年的马云为了帮助自己钟爱的中国传统文化走向世界首次出演电影。
97 8 6 1 1 0.656
对于向世界推广和分享中国文化中蕴含的力量和哲学，是马云一直以来热衷的事业之一。
97 14 11 1 1 0.649
李连杰透露，功守道的文化内涵可以阐释为“太极智慧合天地之气，致敬武学守国人之道”，这是基于中国传统武术所蕴含的内在哲学所延展出来的一种武学形态，也是对太极这一中国传统文化的创造性转化和创新性发展。
