2
1 2 2 1 2 0.622
作为中国首档原创传统武术竞技赛事，功守道在传统太极拳推手的基础上，打造出技术更加立体化的“太极3.0”竞赛体系，从擂台形式到竞赛规则，都做到了传统与创新的完美融合，打破了传统武术竞技形式上的壁垒，保证了对抗性与观赏性的同时，也形成了一种全新的、易懂的、低伤害性的、更易于推广的竞技形式。
1 3 2 2 2 0.564
武术入奥，从民族性文化符号跃升为国家性文化符号，是中国几代武术人的梦想，功守道的出现，为这一梦想提供了更多实现的可能。
2
7 9 6 1 2 0.608
于是，推动武术入奥不再是李连杰的一时执念。
7 10 6 2 2 0.476
“重要的不是今天我们做了什么事。也许我们不做《功守道》，终有一天中国的武术文化、太极文化也会自然生长，自然地走出去。但以我们的人生经历和对武术的理解，以他（马云）对企业的管理方法和调度资源的整合，我们做，也许就可快速推进这个步伐。”
2
9 34 21 1 2 0.616
对于电影的推广方式，中国武术协会副主席吴斌表示，当年的一部《少林寺》，让很多年轻人参加了武术，影响很大。
9 35 21 2 2 0.567
武术作为体育项目，按照传统手段宣传，结合影视，效果会更好。
2
11 16 8 1 2 0.656
功守道赛事为传统武术提供了一个新的平台。
11 17 8 2 2 0.563
作为太极圣地的武术健儿，参加这样一个融入太多太极元素的大型赛事，在壮志满怀的同时，也肩负着沉甸甸的责任和使命。
2
14 7 4 1 2 0.596
据悉，功守道开办的初衷，是希望向全世界传播太极文化的思想。
14 8 4 2 2 0.625
此次不仅参演了《功守道》电影，还受邀出席功守道揭幕赛，刘承羽坦言愿意为传播中国武术文化而努力，“参与功守道是一个好的开始，这是一个教育年轻人去学习武术的非常好的形式。我从武术当中获益颇多，也希望通过我的这种经历，能够让年轻一代的人了解中国武术的重要性。”
2
15 3 3 1 2 0.659
源于太极的功守道，承载着向全球传播中国太极文化的愿景和使命。
15 4 3 2 2 0.512
“太极是一种哲学思想，融合阴阳变化，功守之道被我运用到企业经营中，相信对每个人的事业、生活都是有帮助的。”功守道创始人马云在现场表示，太极的共赢思想代表未来，期待未来功守道能够进入奥运会。
2
15 18 11 1 2 0.659
首场比赛落地，拉开了功守道走向全球的序幕，点亮了与世界分享太极、弘扬中国传统文化的星火。
15 19 11 2 2 0.615
通过优酷与央视播出，功守道向全世界呈现太极竞技的魅力，吸引全球范围内更多武术爱好者，尤其是年轻人参与其中。
0
2
21 3 2 1 2 0.608
据悉，“功守道”是一项全新的太极拳竞技赛事，将传统的太极推手赛事化、可视化、贴近年轻人群。
21 4 2 2 2 0.087
选手1v1对决，在高1.50米直径3米的带斜坡的高台上，限定一条腿的活动范围，定步推手，将对手摔倒或推下高台即可得分，每回合得分高者获胜，三局两胜。
2
26 2 2 1 2 0.272
11月11日，马云主演、大牌明星云集的电影《功守道》即将上映。
26 3 2 2 2 0.668
作为中国传统文化的一种精粹，太极拳及其发源地陈家沟再次聚焦世人眼球。
2
26 4 3 1 2 0.324
《功守道》电影由文章执导、编剧，李连杰监制，马云领衔主演；11月15日“功守道”赛事也将开赛。
26 5 3 2 2 0.693
“功守道”系列活动旨在传承弘扬东方传统文化精髓，把中国功夫进一步向世界推介。
2
40 3 2 2 3 0.357
首次“触电”的马云在片中的演出非常认真，很多打斗场面都是亲自上阵。
40 4 2 3 3 0.628
片尾，马云行云流水的太极演绎，引发了观众对中国传统文化的兴趣和共鸣。
1
40 7 4 1 1 0.626
据悉，《功守道》旨在向对中国功夫做过贡献的前辈们致敬，向中国文化致敬，并与全世界分享中国文化。
2
49 17 11 1 2 0.329
11位动作明星不仅组成了史上最豪华的班底，每个人也都非常敬业与用心。
49 18 11 2 2 0.697
跨界出演的邹市明表示，各门各派大家各有所长，为弘扬中国武术和中国传统文化都亮出绝招，希望能打得精彩，吸引更多人观看这部影片，一起传播中国传统文化。
2
49 41 24 1 2 0.134
对于网友的“热嘲鼓励”，马云从来不以为意，还经常在社交平台调侃自黑，不遗余力的为健康快乐布道。
49 42 24 2 2 0.666
推广太极，马云自己亲力亲为的在各种场合和国际交流中表演，传递着对中国传统文化的自信。
2
49 45 26 1 2 0.568
《功守道》创新立意与文化价值也获得了《人民日报》点赞：中华优秀传统文化是一片海，如何对其进行创造性转化、创新性发展，是如今站在历史新起点上的文化新课题。
49 46 26 2 2 0.722
脱胎于太极文化的新武学“功守道”将亮相大银幕，延续传统武术源远流长的内在哲学。
1
50 11 5 1 1 0.638
作为《功守道》的影片总监制，李连杰希望通过这部影片向对中国功夫做过贡献的前辈们致敬，向中国文化致敬，并与全世界分享中国文化，“我们大家都有着共同的梦想，希望把太极的文化跟全世界分享”。
2
54 10 5 1 2 0.612
功守道的文化内涵可阐释为“太极智慧合天地之气，致敬武学守国人之道”，是对太极这一中国传统文化的创造性转化和创新性发展。
54 11 5 2 2 0.1
11月11日，《功守道》将在北京、上海、广州、深圳、杭州、成都等城市的部分影院上映，提前兑换电影票的阿里88会员可前往影院免费观影，11月12日零点在优酷独家上线，11月15日功守道首场比赛在北京开赛，并通过央视公开播出。
1
56 6 3 1 1 0.672
太极文化讲究“借力打力”，借着“猫晚”这个超级大IP，《功守道》正在向全世界宣扬中华武术、中华太极精神。
1
60 19 6 1 1 0.701
得益于上世纪功夫片的兴起，中国功夫一度成为中国文化的世界符号，但是近几年，中华传统武术时常陷入对抗性差、“花拳绣腿”的质疑——不单单中国武术，很多其它中国传统文化也面临相似的生存压力。
1
62 2 2 1 1 0.633
此次参演《功守道》电影，甄子丹“分文不取”，零片酬只为助力推广宣扬中华民族文化和精神，“以武会友”，与马云和众多志同道合的武术人一起推动中华优秀传统文化。
1
62 11 6 1 1 0.653
不但自己的作品向国际输送中国武术文化，甄子丹更是在好莱坞的电影中潜移默化加入更多的中国功夫，让世界见识到来自东方的文化魅力。
3
63 52 28 1 4 0.462
但在现代大多数人看来，太极文化就是太极拳，是老头们养生的把式。
63 53 28 2 4 0.623
武术、武侠，也都属于电影和文学世界，现实世界不需要它们。
63 54 28 3 4 0.496
当传统武术和现实交汇时，人们更多的反应是疑惑和怀疑。
1
63 55 28 4 4 0.683
武术作为中国传统文化之一，正在逐渐边缘化，走向销声匿迹的境地。
2
66 4 2 1 4 0.673
中华文化博大精深，源远流长，中华武术生长于传统文化的肥沃土壤，既有独特的运动形式，更有内在的文化内涵。
66 5 2 2 4 0.31
比如，古代儒家要求学生掌握六种技能（六艺）：礼、乐、射、御、书、数，其中的射、御直接与武术有关，乐所包含的舞也与武术存在密切关系。
2
66 6 2 3 4 0.304
更重要的是，止戈为武，在“外练筋骨皮，内练一口气”的背后，是“四方水土养育”的“中华武术魂”，蕴含着深刻的文化意味。
66 7 2 4 4 0.659
《人民日报》刊文称，脱胎于太极文化的新武学“功守道”将亮相大银幕，延续传统武术源远流长的内在哲学，实属持允之论。
2
66 10 4 1 3 0.638
“文化兴国运兴，文化强民族强。”习近平总书记强调，中华优秀传统文化已经成为中华民族的基因，植根在中国人内心，潜移默化影响着中国人的思想方式和行为方式。
66 11 4 2 3 0.397
“今天，我们提倡和弘扬社会主义核心价值观，必须从中汲取丰富营养，否则就不会有生命力和影响力。”由此可见，不能排斥更不能扔掉传统文化，但也不等于照单全收，在继承中发展、在发展中继承，方是理性姿态。
3
66 18 6 1 4 0.49
说到中华武术，放在今天也不乏外向意义。
66 19 6 2 4 0.637
在外国人看来，中华武术就是功夫，英文中的Kungfu、Taichi，就是功夫、太极，可见中华武术的魅力与传播力。
66 20 6 3 4 0.476
毋庸赘言，功夫是我们的金字招牌，也是一张文化名片，更是中外交流的鲜亮符号。
2
68 3 2 1 4 0.658
中华文化博大精深，源远流长，中华武术便生长于传统文化的肥沃土壤，既有独特的运动形式，更有内在的文化蕴含。
68 4 2 2 4 0.292
古代儒家要求学生掌握的“礼、乐、射、御、书、数”这“六艺”中的“射”和“御”，都直接与武术有关。
2
68 5 2 3 4 0.583
作为一部“向中国武术致敬”的电影，《功守道》受到关注在情理之中。
68 6 2 4 4 0.736
更何况，人们乐于看到武术等中华传统优秀文化在新时代受到尊崇。
2
68 7 3 1 2 0.615
“文化兴则国运兴，文化强则民族强。”中华优秀传统文化已经成为中华民族的基因，植根在中国人内心，潜移默化影响着中国人的思想方式和行为方式。
68 8 3 2 2 0.605
今天，我们倡导和弘扬社会主义核心价值观，必须从中华优秀传统文化中汲取营养，对传统文化“坚持创造性转化、创新性发展”，推动文化进一步发展繁荣。
0
3
68 9 4 1 7 0.555
再深一步看，在中国已成为世界第二大经济体的今天，谈及中华武术，还有更多增强文化自信的含义。
68 10 4 2 7 0.611
在很多外国人看来，中华武术就是“功夫”（英文中的Kungfu、Taichi，就是指中国的功夫、太极），而且中华武术在国外也广为传播，甚至有些外国人不远万里来到中国习武。
68 11 4 3 7 0.635
可以说，武术或者中国功夫已经成为我国的一张重要文化名片。
1
68 12 4 4 7 0.647
今后，推进我国的国际传播能力建设，讲好中国故事，必须展现包括中国武术在内的真实、立体、全面的中国，提高国家文化软实力。
1
68 13 4 5 7 0.48
虽说中国人的自信不是单靠武术就能“打”出来的，但是武术带给中国人的健康体魄和内心自豪感却实实在在。
2
68 14 4 6 7 0.651
通过像武术这样的一个个平台或窗口，中华优秀文化与世界其他优秀文化互学互鉴，中国人的文化自信必将进一步增强。
68 15 4 7 7 -0.078
（原文来源：经济日报作者：王石川）
2
69 8 8 1 2 0.324
据介绍，参与《功守道》的所有人都是零片酬出演。
69 9 8 2 2 0.628
电影监制李连杰表示，大家都有共同的梦想，要通过影片向为中国功夫做过贡献的前辈们致敬，向中国文化致敬，同时与全世界分享中国文化。
2
71 2 2 1 3 0.657
据了解，《功守道》将致敬传统文化，传递中国文化自信。
71 3 2 2 3 0.663
片中云集了多个武术流派的代表性人物，将向世界提供一道以武学为载体，致敬并弘扬中国文化的视觉大餐。
1
71 4 2 3 3 0.171
不知道这位现代拳王，将在片中饰演什么角色呢？
2
73 4 3 2 3 0.182
2日至3日，李连杰现身安徽铜陵，不仅探访了首届功守道集训营，还在该集训营的闭营仪式上为营员颁发结业证书。
73 5 3 3 3 0.691
在铜陵期间，李连杰多次提到他和马云的梦想——将中国传统文化，尤其是武术向世界推广。
2
73 8 6 1 2 0.401
他说，我从8岁习武，至今47年，也去世界各地宣传武术。
73 9 6 2 2 0.651
他和马云联手创立、推介功守道，就是希望将中国传统文化向世界推广。
2
78 7 4 1 2 0.255
“在我心中，一直思考很多问题”，他说，在《英雄》中饰演无名，用剑在地上写“天下”，是一种胸怀。
78 8 4 2 2 0.739
武术、功夫、太极都源于中国，属于世界。
2
79 7 4 1 2 0.628
当日，李连杰与在铜陵集训的功守道集训营的营员交流时说，我与马云的梦想，就是把中国的传统文化推出去，特别是武术。
79 8 4 2 2 0.436
他说，我从8岁习武，至今47年，也去世界各地宣传武术，但令人遗憾的是武术尚未进入奥运会。
3
79 10 5 2 5 0.119
而自己就是扫地僧，把不平的路扫平。
79 11 5 3 5 0.678
两人都希望将中国传统文化向世界推广。
79 12 5 4 5 0.506
希望能培养出一代代的学生去播种太极功守道的种子。
1
80 8 4 1 1 0.631
据了解，《功守道》云集了多个武术流派的代表性人物，将向世界提供一道以武学为载体，致敬并弘扬中国文化的视觉大餐。
1
81 6 4 1 1 0.652
《功守道》云集了多个武术流派的代表性人物，将向世界提供一道以武学为载体，致敬并弘扬中国文化的视觉大餐。
2
84 7 4 1 3 0.668
谈及制作的初衷，李连杰透露，《功守道》源自太极，是对中华优秀传统文化的创造性转化和创新性发展，其实自己从小练武术一直有一个梦想，把中国文化跟全世界分享。
84 8 4 2 3 0.26
马云是我的良师益友，我跟他谈到这个想法，没想到他比我疯狂多了，他要做导演、演员、编剧，把我吓住了，所以我们就带着这个梦想一直努力的去筹备。
2
85 12 6 1 2 0.545
六年的思考，李连杰交出的答卷就是“功守道”，一个源于太极文化的创新武学形态。
85 13 6 2 2 0.672
李连杰透露，功守道的文化内涵可以阐释为“太极智慧合天地之气，致敬武学守国人之道”，这是基于中国传统武术所蕴含的内在哲学所延展出来的一种武学形态，也是对太极这一中国传统文化的创造性转化和创新性发展。
1
86 3 2 1 1 0.644
“我想通过电影向中国武术传统文化的前辈致敬，并向全球的年轻人分享源自中国的太极。”李连杰日前在京接受新华社记者专访时说，他的终极梦想，是太极能进入奥运会成为正式比赛项目。
2
86 10 7 1 2 0.506
今年自由搏击挑战太极的风波之后，李连杰更加坚定了要做一部讲太极的电影的决心。
86 11 7 2 2 0.625
他在邀请袁和平、洪金宝、吴京、甄子丹等明星时说：“我们都是练过武术的，希望大家在这个时候能站出来，为中国武术、为太极做点事情，拍这个电影不是为别的，第一是向中国武术以及太极功夫传统文化的前辈致敬；第二，向全球的年轻人，分享源自中国的太极。”
1
86 16 11 1 1 0.625
上世纪六七十年代，日本经济崛起，日本人把空手道、柔道、剑道做成产业在全世界开花；随后韩国经济发展，把跆拳道、电子竞技做成了产业向全世界推广，这些体育产业在推广的过程中，将日本和韩国的文化推向全球。
3
87 10 4 1 3 0.315
据悉，此次集结的袁和平、洪金宝、程小东、李连杰、甄子丹、吴京、邹市明等11位顶级巨星全部都是零片酬出演。
87 11 4 2 3 0.714
《功守道》影片的主旨在于向弘扬中国武术，向世界分享中国文化，传递中国的文化自信。
87 12 4 3 3 0.468
正是因为这样的动因才能聚集到从未有过的“顶级超豪华功夫天团”，同样零片酬参演的马云与众多巨星都希望通过持续的努力，把中国功夫更广泛的推向全世界。
1
88 10 7 1 1 0.609
另外，《功守道》作为一部弘扬太极文化的电影，三位国内顶级的武术指导将如何在电影里设计太极与其他流派功夫的交流，也是电影的一大看点。
1
88 11 8 1 1 0.612
据了解，袁和平、洪金宝、程小东三位武指以及马云、李连杰、甄子丹等演员，海报上这些参与《功守道》电影的所有人都是零片酬出演，因为大家都有共同的梦想，通过影片向中国功夫做过贡献的前辈们致敬，向中国文化致敬，同时与全世界来分享中国文化。
2
89 5 5 1 2 0.646
这个阵容云集了多个武术流派的代表性人物，大家齐心协力向世界提供了一道以武学为载体，从而致敬并弘扬中国文化的视觉大餐。
89 6 5 2 2 0.311
据悉，这个影片将在今年“双11”期间和广大观众见面。
1
90 8 4 1 1 0.61
“我非常感谢马云，不但贡献了自己宝贵的时间，也为向全世界推广中国文化提供了难得的资源。我们希望把源自于中国这样一个古老又传统的哲学和文化思想，用新的表达形式跟全世界去分享”，影片总监制李连杰透露，海报上这些参与《功守道》电影的所有人都是零片酬，因为大家都有共同的梦想，通过影片向中国功夫做过贡献的前辈们致敬，向中国文化致敬，同时与全世界来分享中国文化。
1
90 15 8 1 1 0.661
李连杰说，《功守道》这部片名表达的是，中国武术不是以进攻为根本目的，而是要用功夫来守住家园，传承我们的文化，“电影是传播文化最好方式，能让更多的人能够了解功守道，了解中国武术和太极文化。”李连杰透露，功守道的文化内涵可以阐释为“太极智慧合天地之气，致敬武学守国人之道”，这是基于中国传统武术所蕴含的内在哲学所延展出来的一种武学形态，也是对太极这一中国传统文化的创造性转化和创新性发展。
3
91 11 8 2 4 0.34
在整部片中，马云和其他所有的大牌明星都是零片酬出演。
91 12 8 3 4 0.732
而影片主旨在于向弘扬中国武术做出贡献的前辈致敬，向世界分享中国传统文化。
91 13 8 4 4 0.541
而马云在这部影片的核心正是在于弘扬太极文化。
2
91 20 14 1 2 0.605
但要说起传统武术精神，和太极文化，马云可是认真的。
91 21 14 2 2 0.35
这是马云独有的。
2
91 23 16 1 2 0.312
2009年，马云拜师陈氏太极宗师王西安门下。
91 24 16 2 2 0.629
同一年，马云就准备和李连杰合计拍一个向世界弘扬中国武术文化的电影，结果还先撮合成了与李连杰和王西安之子、世界太极冠军王占海共同开办太极禅苑的事儿。
1
91 28 19 1 1 0.601
马云对传统文化，尤其是对武术精神，太极文化的传承的关心，那是绝对认真的。
1
91 30 21 1 1 0.704
对于向世界推广和分享中国传统武术文化中蕴含的哲学，是马云一直以来热衷的事业之一。
1
91 36 27 1 1 0.603
「电影是传播文化的最好方式，能让更多的人能够了解功守道，了解中国武术和太极文化。
1
93 2 2 1 1 0.614
多年来，穿着中式裤褂打太极的马云，不仅出现在太极禅苑，更是在很多商务场合以及国际政要面前，阐释着太极哲学与中国传统文化的博大精深。
3
93 6 4 1 3 0.362
据李连杰透露，马云和所有明星都是零片酬出演。
93 7 4 2 3 0.709
影片主旨在于向弘扬中国武术做出贡献的前辈致敬，向世界分享中国文化，传递中国的文化自信。
93 8 4 3 3 0.339
正是这个动因感召大家参与进来。
1
93 61 32 1 1 0.662
如此看来，能够邀请到具有全球影响力的马云出演《功守道》，一方面是他本人推广太极文化的强烈意愿，另一方面阿里商业成功背后就有太极代表的强大的中国优秀传统文化基因，让世界认识到中国武术不仅是肌肉发达，更是一种文化，是探索人类未来的哲学思想。
3
94 6 1 6 9 0.318
据悉，这个影片将在今年双11期间和广大观众见面。
94 7 1 7 9 0.609
“我非常感谢马云，不但贡献了自己宝贵的时间，也为向全世界推广中国文化提供了难得的资源。我们希望把源自于中国这样一个古老又传统的哲学和文化思想，用新的表达形式跟全世界去分享。”影片总监制李连杰透露，海报上这些参与《功守道》电影的所有人都是零片酬出演，因为大家都有共同的梦想，通过影片向中国功夫做过贡献的前辈们致敬，向中国文化致敬，同时与全世界来分享中国文化。
94 8 1 8 9 0.613
李连杰说，《功守道》这部片名表达的是，中国武术不是以进攻为根本目的，而是要用功夫来守住家园，传承我们的文化，“电影是传播文化最好方式，能让更多的人能够了解功守道，了解中国武术和太极文化。”据介绍，马云对中国武学的喜爱由来已久。
1
94 9 1 9 9 0.422
他在大学期间就开始拜师学习太极拳，不仅日常坚持练习，在很多公开场合，他也会表演太极拳，向身边的同事和朋友介绍和分享太极文化。
1
97 1 1 1 1 0.601
中新网10月28日电练习太极多年的马云为了帮助自己钟爱的中国传统文化走向世界首次出演电影。
2
97 6 5 1 2 0.646
这个阵容云集了多个武术流派的代表性人物，大家齐心协力向世界提供了一道以武学为载体，从而致敬并弘扬中国文化的视觉大餐。
97 7 5 2 2 0.331
据悉，这个影片将在今年双十一期间和广大观众见面。
1
97 10 8 1 1 0.609
“我非常感谢马云，不但贡献了自己宝贵的时间，也为向全世界推广中国文化提供了难得的资源。我们希望把源自于中国这样一个古老又传统的哲学和文化思想，用新的表达形式跟全世界去分享”，影片总监制李连杰透露，海报上这些参与《功守道》电影的所有人都是零片酬出演，因为大家都有共同的梦想，通过影片向中国功夫做过贡献的前辈们致敬，向中国文化致敬，同时与全世界来分享中国文化。
1
97 14 11 1 1 0.672
李连杰透露，功守道的文化内涵可以阐释为“太极智慧合天地之气，致敬武学守国人之道”，这是基于中国传统武术所蕴含的内在哲学所延展出来的一种武学形态，也是对太极这一中国传统文化的创造性转化和创新性发展。
