2
1 2 2 1 2 0.605
作为中国首档原创传统武术竞技赛事，功守道在传统太极拳推手的基础上，打造出技术更加立体化的“太极3.0”竞赛体系，从擂台形式到竞赛规则，都做到了传统与创新的完美融合，打破了传统武术竞技形式上的壁垒，保证了对抗性与观赏性的同时，也形成了一种全新的、易懂的、低伤害性的、更易于推广的竞技形式。
1 3 2 2 2 0.582
武术入奥，从民族性文化符号跃升为国家性文化符号，是中国几代武术人的梦想，功守道的出现，为这一梦想提供了更多实现的可能。
2
9 32 20 1 2 0.605
基于这样的平台，李连杰认为电影是传播太极文化最好的方式。
9 33 20 2 2 0.16
“我打一场太极，做一次演讲，最多有几万个观众，但是一部电影拍出来，几亿人都能看得到。”
2
12 6 3 1 3 0.621
据悉，为弘扬太极文化，传承太极精髓，让太极拳惠及国内国外更多人，近年来，温县以拳为媒，大力开展对外交流，成功举办了一系列太极拳赛事，形成了多层面、多格局、多形式办赛办会的良好势头，构建高层次、高水平的太极拳文化交流、研究、发展平台。
12 7 3 2 3 0.467
尤其是2017年，更是太极拳事业实现大发展、大跨越的关键之年。
2
12 9 4 1 2 0.362
百城千万人展演活动中，国内500多个城市、国外26个国家50个城市，1000余万人共舞太极，让全世界聚焦温县、聚焦太极；陈王廷铜像揭幕活动中，太极拳六大流派代表性传承人、世界太极拳名家等齐聚陈家沟，共同祭拜始祖，共襄太极发展；家乡赛系列比赛中，来自全国各地32个省（市）自治区的316支代表队5000余名运动健儿，赛场上奋勇拼搏、摘金夺银，赛场下互为师友、互相学习。
12 10 4 2 2 0.674
这些重要活动的成功举办，给全球数亿太极拳爱好者奉献了一场场文化视觉盛宴，进一步促进了太极拳各流派之间的沟通交融，使太极拳事业及产业发展再上新境界。
2
14 7 4 1 2 0.652
据悉，功守道开办的初衷，是希望向全世界传播太极文化的思想。
14 8 4 2 2 0.533
此次不仅参演了《功守道》电影，还受邀出席功守道揭幕赛，刘承羽坦言愿意为传播中国武术文化而努力，“参与功守道是一个好的开始，这是一个教育年轻人去学习武术的非常好的形式。我从武术当中获益颇多，也希望通过我的这种经历，能够让年轻一代的人了解中国武术的重要性。”
2
15 3 3 1 2 0.656
源于太极的功守道，承载着向全球传播中国太极文化的愿景和使命。
15 4 3 2 2 0.52
“太极是一种哲学思想，融合阴阳变化，功守之道被我运用到企业经营中，相信对每个人的事业、生活都是有帮助的。”功守道创始人马云在现场表示，太极的共赢思想代表未来，期待未来功守道能够进入奥运会。
2
15 18 11 1 2 0.627
首场比赛落地，拉开了功守道走向全球的序幕，点亮了与世界分享太极、弘扬中国传统文化的星火。
15 19 11 2 2 0.525
通过优酷与央视播出，功守道向全世界呈现太极竞技的魅力，吸引全球范围内更多武术爱好者，尤其是年轻人参与其中。
3
17 8 3 1 7 0.175
当然，对于一个刚刚起步的项目没有必要求全责备。
17 9 3 2 7 0.612
尤其值得肯定的是其发扬和传播中国体育文化的初衷和努力方向。
17 10 3 3 7 0.489
中国向来是有文化自信的，但体育文化一直以来仍是[洼地“，虽然几乎全世界的人都知道[中国功夫”，但更多只是一个模糊甚至神话的概念，在日韩的跆拳道。
2
24 3 2 1 2 0.674
步入陈家沟，就步入太极文化圣地。
24 4 2 2 2 0.425
这里有令人敬仰的太极拳祖祠，有响誉国内外的中国太极拳博物馆，有充满传奇色彩的杨露禅学拳处。
2
26 2 2 1 2 0.27
11月11日，马云主演、大牌明星云集的电影《功守道》即将上映。
26 3 2 2 2 0.716
作为中国传统文化的一种精粹，太极拳及其发源地陈家沟再次聚焦世人眼球。
2
26 4 3 1 2 0.27
《功守道》电影由文章执导、编剧，李连杰监制，马云领衔主演；11月15日“功守道”赛事也将开赛。
26 5 3 2 2 0.727
“功守道”系列活动旨在传承弘扬东方传统文化精髓，把中国功夫进一步向世界推介。
2
40 3 2 2 3 0.297
首次“触电”的马云在片中的演出非常认真，很多打斗场面都是亲自上阵。
40 4 2 3 3 0.636
片尾，马云行云流水的太极演绎，引发了观众对中国传统文化的兴趣和共鸣。
1
40 7 4 1 1 0.627
据悉，《功守道》旨在向对中国功夫做过贡献的前辈们致敬，向中国文化致敬，并与全世界分享中国文化。
2
41 23 14 2 3 0.426
在向全世界推广太极文化和中国文化的这条路上，李连杰说说马云是“推土机”，把路推出来，自己就是“扫地僧”，把障碍扫清。
41 24 14 3 3 0.618
大家有着共同的梦想，都希望把太极的文化跟全世界分享。
2
49 17 11 1 2 0.322
11位动作明星不仅组成了史上最豪华的班底，每个人也都非常敬业与用心。
49 18 11 2 2 0.638
跨界出演的邹市明表示，各门各派大家各有所长，为弘扬中国武术和中国传统文化都亮出绝招，希望能打得精彩，吸引更多人观看这部影片，一起传播中国传统文化。
2
49 30 17 1 2 0.648
源于对太极的深入理解，马云与李连杰在2011年成立太极禅公司，以公益心和企业运营，推动太极文化的传播。
49 31 17 2 2 0.529
2014年，两人又联手太极拳世界冠军王占海，共同设立了太极禅苑，用时尚化、产业化的模式，让年轻人参与到太极运动中。
2
49 41 24 1 2 0.216
对于网友的“热嘲鼓励”，马云从来不以为意，还经常在社交平台调侃自黑，不遗余力的为健康快乐布道。
49 42 24 2 2 0.655
推广太极，马云自己亲力亲为的在各种场合和国际交流中表演，传递着对中国传统文化的自信。
2
49 43 25 1 2 0.433
在阿里18周年年会上，马云对全体阿里人提出，未来必须要有家国情怀和世界担当。
49 44 25 2 2 0.656
他认为，个人或者社会，没有对文化的追求和创新，就没有办法发展，将中国优秀的文化推广出去，和世界分享中国传统哲学中蕴含的理念和力量，是这代人必须的责任和担当，“这种文化不仅属于中国，更是属于世界”。
2
49 45 26 1 2 0.728
《功守道》创新立意与文化价值也获得了《人民日报》点赞：中华优秀传统文化是一片海，如何对其进行创造性转化、创新性发展，是如今站在历史新起点上的文化新课题。
49 46 26 2 2 0.709
脱胎于太极文化的新武学“功守道”将亮相大银幕，延续传统武术源远流长的内在哲学。
0
1
50 11 5 1 1 0.636
作为《功守道》的影片总监制，李连杰希望通过这部影片向对中国功夫做过贡献的前辈们致敬，向中国文化致敬，并与全世界分享中国文化，“我们大家都有着共同的梦想，希望把太极的文化跟全世界分享”。
2
54 8 4 2 3 0.426
在向全世界推广太极文化和中国文化的这条路上，李连杰说说马云是“推土机”，把路推出来，自己就是“扫地僧”，把障碍扫清。
54 9 4 3 3 0.618
大家有着共同的梦想，都希望把太极的文化跟全世界分享。
2
54 10 5 1 2 0.64
功守道的文化内涵可阐释为“太极智慧合天地之气，致敬武学守国人之道”，是对太极这一中国传统文化的创造性转化和创新性发展。
54 11 5 2 2 0.106
11月11日，《功守道》将在北京、上海、广州、深圳、杭州、成都等城市的部分影院上映，提前兑换电影票的阿里88会员可前往影院免费观影，11月12日零点在优酷独家上线，11月15日功守道首场比赛在北京开赛，并通过央视公开播出。
1
56 6 3 1 1 0.609
太极文化讲究“借力打力”，借着“猫晚”这个超级大IP，《功守道》正在向全世界宣扬中华武术、中华太极精神。
2
57 11 5 1 2 0.296
四个合作项目中最让人感到陌生的是功守道。
57 12 5 2 2 0.625
作为功守道的创始人，李连杰介绍说：“功守道在吸收太极推手比赛规则的基础上，力求突破和创新，让比赛规则更简单易懂、更具对抗性和观赏性，从而让更多的年轻人学习和了解中国的传统武术文化，并向世界分享。”
1
60 19 6 1 1 0.667
得益于上世纪功夫片的兴起，中国功夫一度成为中国文化的世界符号，但是近几年，中华传统武术时常陷入对抗性差、“花拳绣腿”的质疑——不单单中国武术，很多其它中国传统文化也面临相似的生存压力。
1
60 20 7 1 1 0.653
其二，和其他传统文化需要面对的纳新问题一样，弘扬太极文化需要捕捉新的目光，注入新的活力，因此在校园里采用联赛的机制，建立新的表达方式和发展模式，同时通过功守道赛事为高校服务，一起发展。
1
62 2 2 1 1 0.686
此次参演《功守道》电影，甄子丹“分文不取”，零片酬只为助力推广宣扬中华民族文化和精神，“以武会友”，与马云和众多志同道合的武术人一起推动中华优秀传统文化。
1
62 11 6 1 1 0.721
不但自己的作品向国际输送中国武术文化，甄子丹更是在好莱坞的电影中潜移默化加入更多的中国功夫，让世界见识到来自东方的文化魅力。
2
63 50 27 1 2 0.672
太极是中华传统文化的核心理念之一，其所蕴含的平衡之道可谓无所不包、无所不在。
63 51 27 2 2 0.519
可以说，从社会结构、政治、军事，到经济、文化，没有一样东西离开过太极，全世界亦是如此。
2
63 54 28 3 4 0.454
当传统武术和现实交汇时，人们更多的反应是疑惑和怀疑。
63 55 28 4 4 0.714
武术作为中国传统文化之一，正在逐渐边缘化，走向销声匿迹的境地。
2
66 4 2 1 4 0.739
中华文化博大精深，源远流长，中华武术生长于传统文化的肥沃土壤，既有独特的运动形式，更有内在的文化内涵。
66 5 2 2 4 0.318
比如，古代儒家要求学生掌握六种技能（六艺）：礼、乐、射、御、书、数，其中的射、御直接与武术有关，乐所包含的舞也与武术存在密切关系。
2
66 6 2 3 4 0.37
更重要的是，止戈为武，在“外练筋骨皮，内练一口气”的背后，是“四方水土养育”的“中华武术魂”，蕴含着深刻的文化意味。
66 7 2 4 4 0.628
《人民日报》刊文称，脱胎于太极文化的新武学“功守道”将亮相大银幕，延续传统武术源远流长的内在哲学，实属持允之论。
2
66 10 4 1 3 0.73
“文化兴国运兴，文化强民族强。”习近平总书记强调，中华优秀传统文化已经成为中华民族的基因，植根在中国人内心，潜移默化影响着中国人的思想方式和行为方式。
66 11 4 2 3 0.461
“今天，我们提倡和弘扬社会主义核心价值观，必须从中汲取丰富营养，否则就不会有生命力和影响力。”由此可见，不能排斥更不能扔掉传统文化，但也不等于照单全收，在继承中发展、在发展中继承，方是理性姿态。
2
66 16 5 4 5 0.291
众所周知，古往今来各门各派都注重武德，信守“功夫有限，仁者无敌”。
66 17 5 5 5 0.613
今天，对待包括武术在内的文化皆需创造性转化、创新性发展，对接时代潮流。
2
66 20 6 3 4 0.531
毋庸赘言，功夫是我们的金字招牌，也是一张文化名片，更是中外交流的鲜亮符号。
66 21 6 4 4 0.658
习近平总书记一再强调，“推进国际传播能力建设，讲好中国故事，展现真实、立体、全面的中国，提高国家文化软实力。”可以预见，中国功夫在提高国家文化软实力方面将扮演更重要角色。
2
68 3 2 1 4 0.734
中华文化博大精深，源远流长，中华武术便生长于传统文化的肥沃土壤，既有独特的运动形式，更有内在的文化蕴含。
68 4 2 2 4 0.247
古代儒家要求学生掌握的“礼、乐、射、御、书、数”这“六艺”中的“射”和“御”，都直接与武术有关。
2
68 5 2 3 4 0.46
作为一部“向中国武术致敬”的电影，《功守道》受到关注在情理之中。
68 6 2 4 4 0.799
更何况，人们乐于看到武术等中华传统优秀文化在新时代受到尊崇。
2
68 7 3 1 2 0.705
“文化兴则国运兴，文化强则民族强。”中华优秀传统文化已经成为中华民族的基因，植根在中国人内心，潜移默化影响着中国人的思想方式和行为方式。
68 8 3 2 2 0.76
今天，我们倡导和弘扬社会主义核心价值观，必须从中华优秀传统文化中汲取营养，对传统文化“坚持创造性转化、创新性发展”，推动文化进一步发展繁荣。
0
3
68 10 4 2 7 0.484
在很多外国人看来，中华武术就是“功夫”（英文中的Kungfu、Taichi，就是指中国的功夫、太极），而且中华武术在国外也广为传播，甚至有些外国人不远万里来到中国习武。
68 11 4 3 7 0.604
可以说，武术或者中国功夫已经成为我国的一张重要文化名片。
68 12 4 4 7 0.631
今后，推进我国的国际传播能力建设，讲好中国故事，必须展现包括中国武术在内的真实、立体、全面的中国，提高国家文化软实力。
1
68 13 4 5 7 0.37
虽说中国人的自信不是单靠武术就能“打”出来的，但是武术带给中国人的健康体魄和内心自豪感却实实在在。
2
68 14 4 6 7 0.818
通过像武术这样的一个个平台或窗口，中华优秀文化与世界其他优秀文化互学互鉴，中国人的文化自信必将进一步增强。
68 15 4 7 7 -0.031
（原文来源：经济日报作者：王石川）
2
69 8 8 1 2 0.234
据介绍，参与《功守道》的所有人都是零片酬出演。
69 9 8 2 2 0.624
电影监制李连杰表示，大家都有共同的梦想，要通过影片向为中国功夫做过贡献的前辈们致敬，向中国文化致敬，同时与全世界分享中国文化。
2
71 2 2 1 3 0.713
据了解，《功守道》将致敬传统文化，传递中国文化自信。
71 3 2 2 3 0.684
片中云集了多个武术流派的代表性人物，将向世界提供一道以武学为载体，致敬并弘扬中国文化的视觉大餐。
1
71 4 2 3 3 0.158
不知道这位现代拳王，将在片中饰演什么角色呢？
2
73 4 3 2 3 0.175
2日至3日，李连杰现身安徽铜陵，不仅探访了首届功守道集训营，还在该集训营的闭营仪式上为营员颁发结业证书。
73 5 3 3 3 0.624
在铜陵期间，李连杰多次提到他和马云的梦想——将中国传统文化，尤其是武术向世界推广。
2
73 8 6 1 2 0.249
他说，我从8岁习武，至今47年，也去世界各地宣传武术。
73 9 6 2 2 0.683
他和马云联手创立、推介功守道，就是希望将中国传统文化向世界推广。
2
78 7 4 1 2 0.207
“在我心中，一直思考很多问题”，他说，在《英雄》中饰演无名，用剑在地上写“天下”，是一种胸怀。
78 8 4 2 2 0.631
武术、功夫、太极都源于中国，属于世界。
3
79 10 5 2 5 0.133
而自己就是扫地僧，把不平的路扫平。
79 11 5 3 5 0.705
两人都希望将中国传统文化向世界推广。
79 12 5 4 5 0.454
希望能培养出一代代的学生去播种太极功守道的种子。
1
80 8 4 1 1 0.642
据了解，《功守道》云集了多个武术流派的代表性人物，将向世界提供一道以武学为载体，致敬并弘扬中国文化的视觉大餐。
1
81 6 4 1 1 0.662
《功守道》云集了多个武术流派的代表性人物，将向世界提供一道以武学为载体，致敬并弘扬中国文化的视觉大餐。
2
84 7 4 1 3 0.689
谈及制作的初衷，李连杰透露，《功守道》源自太极，是对中华优秀传统文化的创造性转化和创新性发展，其实自己从小练武术一直有一个梦想，把中国文化跟全世界分享。
84 8 4 2 3 0.206
马云是我的良师益友，我跟他谈到这个想法，没想到他比我疯狂多了，他要做导演、演员、编剧，把我吓住了，所以我们就带着这个梦想一直努力的去筹备。
2
85 10 5 4 5 0.036
马云说过不要急于考虑挣钱，五年内不要亏死就行。
85 11 5 5 5 0.622
因为他判断，快乐、健康、体育一定会是中国新经济拉动未来的动力，要做的只是认真考虑如何将太极文化推向世界。
2
85 12 6 1 2 0.543
六年的思考，李连杰交出的答卷就是“功守道”，一个源于太极文化的创新武学形态。
85 13 6 2 2 0.642
李连杰透露，功守道的文化内涵可以阐释为“太极智慧合天地之气，致敬武学守国人之道”，这是基于中国传统武术所蕴含的内在哲学所延展出来的一种武学形态，也是对太极这一中国传统文化的创造性转化和创新性发展。
1
86 16 11 1 1 0.619
上世纪六七十年代，日本经济崛起，日本人把空手道、柔道、剑道做成产业在全世界开花；随后韩国经济发展，把跆拳道、电子竞技做成了产业向全世界推广，这些体育产业在推广的过程中，将日本和韩国的文化推向全球。
1
86 22 15 1 1 0.608
他认为，中国武术文化和中国饮食文化类似，太丰富反而成为推广和普及的桎梏，要向全世界推广第一步就是切分，从太极里面找到最简单的部分，形成功守道这样一个产品，用产业化的方式去运营和推广。
3
87 10 4 1 3 0.297
据悉，此次集结的袁和平、洪金宝、程小东、李连杰、甄子丹、吴京、邹市明等11位顶级巨星全部都是零片酬出演。
87 11 4 2 3 0.696
《功守道》影片的主旨在于向弘扬中国武术，向世界分享中国文化，传递中国的文化自信。
87 12 4 3 3 0.487
正是因为这样的动因才能聚集到从未有过的“顶级超豪华功夫天团”，同样零片酬参演的马云与众多巨星都希望通过持续的努力，把中国功夫更广泛的推向全世界。
1
89 3 3 1 1 0.606
据中新网报道，此前在菲律宾和大学生进行交流时，马云说要花时间去实现自己的儿时梦想，“比如唱歌做演员”，而这张海报的出现，终于证实马云将与11位来自各个流派的高手一起，亲力亲为成为以武学为代表的中国文化走向世界的传播者和践行者，以此向中国传统文化致敬，并向世界传递新形势下的中国文化自信。
2
89 5 5 1 2 0.658
这个阵容云集了多个武术流派的代表性人物，大家齐心协力向世界提供了一道以武学为载体，从而致敬并弘扬中国文化的视觉大餐。
89 6 5 2 2 0.24
据悉，这个影片将在今年“双11”期间和广大观众见面。
1
89 7 6 1 1 0.651
对于向世界推广和分享中国文化中蕴含的力量和哲学，是马云一直以来热衷的事业之一。
1
89 8 7 1 1 0.625
他在多个场合都曾表示：“个人或者社会，没有对文化的追求和创新，就没有办法发展”，将中国优秀的文化推广出去，和世界分享中国传统哲学中蕴含的理念和力量，是他们这代人必须的责任和担当，“这种文化不仅属于中国，更是属于世界”。
1
89 9 8 1 1 0.601
“我非常感谢马云，不但贡献了自己宝贵的时间，也为向全世界推广中国文化提供了难得的资源。我们希望把源自中国的哲学和文化思想，用新的表达形式跟全世界去分享”影片总监制透露，海报上这些参与《功守道》电影的所有人都是零片酬出演，因为大家都有共同的梦想，通过影片向中国功夫做过贡献的前辈们致敬，向中国文化致敬，同时与全世界来分享中国文化。
1
90 8 4 1 1 0.614
“我非常感谢马云，不但贡献了自己宝贵的时间，也为向全世界推广中国文化提供了难得的资源。我们希望把源自于中国这样一个古老又传统的哲学和文化思想，用新的表达形式跟全世界去分享”，影片总监制李连杰透露，海报上这些参与《功守道》电影的所有人都是零片酬，因为大家都有共同的梦想，通过影片向中国功夫做过贡献的前辈们致敬，向中国文化致敬，同时与全世界来分享中国文化。
2
90 13 7 1 2 0.651
对于向世界推广和分享中国文化中蕴含的力量和哲学，是马云一直以来热衷的事业之一。
90 14 7 2 2 0.623
他在多个场合都表示说，“个人或者社会，没有对文化的追求和创新，就没有办法发展”，将中国优秀的文化推广出去，和世界分享中国传统哲学中蕴含的理念和力量，是他们这代人必须的责任和担当，“这种文化不仅属于中国，更是属于世界”。
0
1
90 15 8 1 1 0.631
李连杰说，《功守道》这部片名表达的是，中国武术不是以进攻为根本目的，而是要用功夫来守住家园，传承我们的文化，“电影是传播文化最好方式，能让更多的人能够了解功守道，了解中国武术和太极文化。”李连杰透露，功守道的文化内涵可以阐释为“太极智慧合天地之气，致敬武学守国人之道”，这是基于中国传统武术所蕴含的内在哲学所延展出来的一种武学形态，也是对太极这一中国传统文化的创造性转化和创新性发展。
3
91 11 8 2 4 0.331
在整部片中，马云和其他所有的大牌明星都是零片酬出演。
91 12 8 3 4 0.723
而影片主旨在于向弘扬中国武术做出贡献的前辈致敬，向世界分享中国传统文化。
91 13 8 4 4 0.636
而马云在这部影片的核心正是在于弘扬太极文化。
0
2
91 26 18 1 2 0.635
所以，要说为了自己的企业，大多数的中国互联网企业家绝对是很少有人去宣传传统文化的，宣传传统文化其实是上一代企业家的文化印记。
91 27 18 2 2 0.509
而大多数风口概念上的公司、新一代的中国互联网企业家虽然也都会跨界娱乐，但都是冲着流行娱乐文化去的。
1
91 28 19 1 1 0.651
马云对传统文化，尤其是对武术精神，太极文化的传承的关心，那是绝对认真的。
1
91 29 20 1 1 0.668
其次，马云对传统文化和功夫的看重，也暗合了美国和西方那些合作伙伴对阿里巴巴和中国的想象。
1
91 30 21 1 1 0.701
对于向世界推广和分享中国传统武术文化中蕴含的哲学，是马云一直以来热衷的事业之一。
1
91 35 26 1 1 0.653
马云对太极文化的看重，绝对不仅仅是传统文化本身，是他对于阿里巴巴新文化的想象。
1
91 36 27 1 1 0.614
「电影是传播文化的最好方式，能让更多的人能够了解功守道，了解中国武术和太极文化。
1
91 38 29 1 1 0.709
马云和太极文化、阿里巴巴和《攻守道》，技术立命、新价值观、马云的家国情怀…….和太极文化巧妙地阴阳交融。
1
92 6 4 1 1 0.65
马云对太极的喜爱由来已久，不仅自己练习太极，将太极之道运用到企业管理之中，他还与李连杰共同发起创办太极禅公司，以人人健康快乐，弘扬太极禅文化为宗旨，在全球推广太极禅文化。
1
92 10 7 1 1 0.651
对于向世界推广和分享中国文化中蕴含的力量和哲学，是马云一直以来热衷的事业之一。
1
93 2 2 1 1 0.625
多年来，穿着中式裤褂打太极的马云，不仅出现在太极禅苑，更是在很多商务场合以及国际政要面前，阐释着太极哲学与中国传统文化的博大精深。
3
93 6 4 1 3 0.257
据李连杰透露，马云和所有明星都是零片酬出演。
93 7 4 2 3 0.719
影片主旨在于向弘扬中国武术做出贡献的前辈致敬，向世界分享中国文化，传递中国的文化自信。
93 8 4 3 3 0.312
正是这个动因感召大家参与进来。
1
93 11 6 1 1 0.667
如今，为自由贸易和中小企业全球奔走的马云，在不久前的阿里18周年大会谈到要有家国情怀与世界担当，承载中国优秀传统文化的《功守道》或许是一个重要的注脚。
1
93 12 7 1 1 0.651
对于向世界推广和分享中国文化中蕴含的力量和哲学，是马云一直以来热衷的事业之一。
1
93 13 8 1 1 0.623
他在多个场合都表示说，“个人或者社会，没有对文化的追求和创新，就没有办法发展”，将中国优秀的文化推广出去，和世界分享中国传统哲学中蕴含的理念和力量，是他们这代人必须的责任和担当，“这种文化不仅属于中国，更是属于世界”。
2
93 16 10 2 3 0.174
在1988年马云大学毕业之初，他就在西湖边上的公园里学习太极拳，此后他跟过的太极拳老师不下8位，至今已近30年。
93 17 10 3 3 0.641
马云从太极拳里悟出了儒释道的中国传统文化，以及人生的境界。
3
93 19 12 1 5 0.256
2009年马云正式拜师陈氏太极19代传人王西安。
93 20 12 2 5 0.625
2011年，马云力邀李连杰、王西安的儿子、太极拳世界冠军王占海，共同成立了太极禅国际文化发展公司。
93 21 12 3 5 0.043
随后又专门开设了太极禅苑。
2
93 26 14 1 3 0.676
在阿里内部，马云将太极融入到企业管理中，太极文化成为了公司重要的文化根基。
93 27 14 2 3 0.338
2009年阿里向员工开设太极班，由于员工热烈参与，太极拳被定为公司的内训项目。
1
93 61 32 1 1 0.703
如此看来，能够邀请到具有全球影响力的马云出演《功守道》，一方面是他本人推广太极文化的强烈意愿，另一方面阿里商业成功背后就有太极代表的强大的中国优秀传统文化基因，让世界认识到中国武术不仅是肌肉发达，更是一种文化，是探索人类未来的哲学思想。
3
94 6 1 6 9 0.253
据悉，这个影片将在今年双11期间和广大观众见面。
94 7 1 7 9 0.61
“我非常感谢马云，不但贡献了自己宝贵的时间，也为向全世界推广中国文化提供了难得的资源。我们希望把源自于中国这样一个古老又传统的哲学和文化思想，用新的表达形式跟全世界去分享。”影片总监制李连杰透露，海报上这些参与《功守道》电影的所有人都是零片酬出演，因为大家都有共同的梦想，通过影片向中国功夫做过贡献的前辈们致敬，向中国文化致敬，同时与全世界来分享中国文化。
94 8 1 8 9 0.578
李连杰说，《功守道》这部片名表达的是，中国武术不是以进攻为根本目的，而是要用功夫来守住家园，传承我们的文化，“电影是传播文化最好方式，能让更多的人能够了解功守道，了解中国武术和太极文化。”据介绍，马云对中国武学的喜爱由来已久。
1
97 4 3 1 1 0.611
此前在菲律宾和大学生进行交流时，马云说要花时间去实现自己的儿时梦想，“比如唱歌做演员”，而这张海报的出现，终于证实马云将与11位来自各个流派的高手一起，亲力亲为成为以武学为代表的中国文化走向世界的传播者和践行者，以此向中国传统文化致敬，并向世界传递新形势下的中国文化自信。
2
97 6 5 1 2 0.658
这个阵容云集了多个武术流派的代表性人物，大家齐心协力向世界提供了一道以武学为载体，从而致敬并弘扬中国文化的视觉大餐。
97 7 5 2 2 0.292
据悉，这个影片将在今年双十一期间和广大观众见面。
1
97 8 6 1 1 0.651
对于向世界推广和分享中国文化中蕴含的力量和哲学，是马云一直以来热衷的事业之一。
1
97 9 7 1 1 0.623
他在多个场合都表示说，“个人或者社会，没有对文化的追求和创新，就没有办法发展”，将中国优秀的文化推广出去，和世界分享中国传统哲学中蕴含的理念和力量，是他们这代人必须的责任和担当，“这种文化不仅属于中国，更是属于世界”。
1
97 10 8 1 1 0.61
“我非常感谢马云，不但贡献了自己宝贵的时间，也为向全世界推广中国文化提供了难得的资源。我们希望把源自于中国这样一个古老又传统的哲学和文化思想，用新的表达形式跟全世界去分享”，影片总监制李连杰透露，海报上这些参与《功守道》电影的所有人都是零片酬出演，因为大家都有共同的梦想，通过影片向中国功夫做过贡献的前辈们致敬，向中国文化致敬，同时与全世界来分享中国文化。
1
97 14 11 1 1 0.642
李连杰透露，功守道的文化内涵可以阐释为“太极智慧合天地之气，致敬武学守国人之道”，这是基于中国传统武术所蕴含的内在哲学所延展出来的一种武学形态，也是对太极这一中国传统文化的创造性转化和创新性发展。
