2 1 1 1 1 0.635
《功守道》这部微片子的上映引起了热闹反应，由文章导演，李连杰监制，阿里巴巴老板马云领衔主演，同时另有很多闻名工夫影星和明星的主演，声威异常的奢华，那末本日就让咱们清点一下主演们的座驾。
3 3 1 3 7 0.611
今年“双11”前夕，马云与李连杰、洪金宝、甄子丹、吴京等人合作，以第一男主角的身份参与拍摄了电影《功守道》，还和王菲合唱了《功守道》主题曲。
3 2 1 2 7 0.308
这是他在回应主持人“你希望外界怎么看你？”的问题时回答的。
3 4 1 4 7 0.383
不仅如此，马云此前还多次以奇异造型登台，在不同场合献唱。
5 1 1 1 2 0.627
《功守道》这部微电影自从上映就引来了观影热以及大量的讨论，无关品质，就把他的演员阵容拿出来就足够吓人了，马云主演，吴京等助演，导演是文章，监制李连杰。
5 2 1 2 2 0.306
这个阵容实在是太强了，今天我们就来盘点一下他们这些“大佬”平常都开什么车！
5 9 7 1 2 0.694
甄子丹是著名功夫巨星，近两年凭借参演好莱坞电影慢慢也走向了世界。
5 10 7 2 2 0.333
他的座驾是一辆保时捷的小跑车——boxster，此外价值超700万的兰博基尼大牛也是他的车库收藏。
6 1 1 1 1 0.676
《功守道》这部微电影的上映引起了热烈反响，由文章导演，李连杰监制，阿里巴巴老板马云领衔主演，同时还有许多著名功夫影星和明星的主演，阵容十分的豪华，那么今天就让我们盘点一下主演们的座驾。
7 3 2 1 2 0.604
功夫巨星主导，网络大亨挎刀，制作出自由搏击赛事“昆仑决”的姜华团队倾力相助，中国功夫，中国原创体育IP，创新，跨界，合作。
7 4 2 2 2 0.514
《功守道》甫一问世便成热门话题，下一步是要做中国的NBA，还是武版的《中国偶像》？
9 19 12 1 2 0.632
时长22分钟的《功守道》电影中，由马云饰演的“马师傅”赤手空拳，一路“升级打怪”，整个过程云集了武术流派的各代表性人物。
9 20 12 2 2 0.358
除了主演马云，还包括袁和平、洪金宝、程小东、李连杰、甄子丹、吴京、邹市明、朝青龙、托尼·贾、向佐、刘承羽等人参与。
9 21 13 1 1 0.631
作为电影，除了豪华的演员阵容，还配备了最顶级的音乐资源，即高晓松制作、王菲与马云演唱的主题曲《风清扬》。
9 28 16 1 1 0.665
除了马云，片中大部分明星第一职业是运动员，李连杰透露，所有演员都是零片酬出演，他们的初衷是希望通过电影传递中国武术和文化。
9 42 26 1 1 0.61
比赛当天，项目发起人马云、《功守道》电影制片人及功守道创始人李连杰、《功守道》演员吴京、导演编剧文章等集聚现场，国际武术联合会执行副主席吴廷贵、中国武术协会副主席吴彬等业内大咖也前来助阵。
22 10 6 2 3 0.672
而这部《功守道》最大的看点所在，便是这位商界巨子施展一身太极功夫，将托尼贾，吴京，甄子丹，李连杰等人逐个挑于马下的过程。
22 9 6 1 3 0.404
答案就是这个貌不惊人的中年男子“马师傅”的扮演者——他的名字叫马云。
22 11 6 3 3 0.569
是的，是“马师傅”单刀赴会车轮战群英，而不是动作片迷预想中的那场各路功夫巨星的捉对厮杀。
22 23 12 2 2 0.62
资深动作片影迷们对于《功守道》的不满，归根究底，也并不在于瘦弱的马师傅打趴了一干高手，而是他们偏要用动作片的标准衡量一部“宣传片”，以此认为这部汇聚了亚洲最强功夫明星和三大传奇武指的短片，打得实在有点浮皮潦草，敷衍了事。
22 22 12 1 2 0.262
其实说起来，有头有脸的社会贤达，利用自己的经济条件和社会资源，来满足一下自己在艺术方面的小爱好和小追求，本来无可厚非。
26 2 2 1 2 0.626
11月11日，马云主演、大牌明星云集的电影《功守道》即将上映。
26 3 2 2 2 0.342
作为中国传统文化的一种精粹，太极拳及其发源地陈家沟再次聚焦世人眼球。
27 1 1 1 2 0.621
由马云主演，文章执导、编剧，李连杰监制，大牌明星云集的电影《功守道》将于11月11日首映，影片也是为11月15日在北京举办的功守道赛事宣传造势。
27 2 1 2 2 0.456
马云的师父、国家级非物质文化遗产陈氏太极拳传承人、陈家沟陈式太极拳第十一代传人王西安专程从杭州太极禅苑回到温县，和家乡拳师们一同分享这份喜悦。
30 1 1 1 3 0.6
一部马云主演的大电影《功守道》，让很多人记住了“华山派出所”这个梗。
29 2 1 2 2 0.461
12日，李连杰直面网上“有钱真好，有钱人就能为所欲为”等议论，反驳说：“这部电影不是光有钱就能实现的，推动中国武术全球化发展才是马云和我想做的。”
30 2 1 2 3 0.276
有敏锐的网友目前已经到济南公安华山派出所官微留言，还有网友咨询：马云挑战华山派出所的行为会拘留几天？记者了解到，华山派出所民警已经关注到了这部电影，不过大家都比较淡定，因为大家都在忙着处理警情：华山派出所是济南历城最忙的派出所，每天警情40多起。
37 15 9 1 2 0.728
这部22分钟的短片云集了李连杰、甄子丹、吴京等国内一线功夫巨星，还有洪金宝、袁和平和程小东这样的金牌武术指导前来助阵，而且这些大咖都是零片酬出演。
37 16 9 2 2 0.361
马云的号召力可以说是‘一支穿云箭，千军万马来相见’了。
37 25 16 1 1 0.61
在《功守道》中也把甄子丹曾饰演过的叶问直接移植过来，甄子丹和马云的那场打斗，咏春和太极的过招，恐怕是这部片子相对看得过去的一场动作戏了。
37 27 17 2 2 0.677
这一点也不奇怪，李连杰饰演过黄飞鸿和霍元甲，袁和平设计了《黄飞鸿》武打动作，可以说《功守道》的一众巨星曾撑起了中国功夫电影的大半壁江山。
37 26 17 1 2 0.535
片中还会看到对《黄飞鸿》、《霍元甲》和《卧虎藏龙》等经典功夫电影的致敬。
37 38 26 1 1 0.625
马云痴迷于功夫。
38 1 1 1 1 0.619
马云功夫电影《功守道》虽然时长只有20几分钟，但其中却是众星云集，各路武术大咖齐来助阵，当时正在忙《战狼2》路演的吴京也加入了影片的拍摄中，从成片来看，吴京可没少挨打。
41 11 8 1 1 0.606
最后压轴登场的是短片《功守道》，晚会当晚，主演马云携甄子丹、吴京等一众功夫巨星登场，并在晚会现场首播近8分钟的精华版，将整场晚会推向高潮。
41 18 11 2 2 0.713
该片云集了李连杰、甄子丹、吴京等国内一线功夫巨星，还有洪金宝、袁和平和程小东这样的金牌武术指导前来助阵，据了解，该片演员均为零片酬，意在弘扬中国武术文化。
41 17 11 1 2 0.329
在猫晚首播后，11月11日，《功守道》在上海线下影院首映。
41 22 14 1 3 0.606
《功守道》影片总监制李连杰说，马云的内心还保留着20多岁时的梦想。
41 23 14 2 3 0.411
在向全世界推广太极文化和中国文化的这条路上，李连杰说说马云是“推土机”，把路推出来，自己就是“扫地僧”，把障碍扫清。
42 5 3 2 2 0.701
马云首次“触电”，李连杰、洪金宝、甄子丹、吴京等功夫明星助阵，王菲献唱电影主题曲。
42 4 3 1 2 0.518
10月28日，马云在个人微博上公布了一张电影海报，并配以“那一夜，那一梦”六个字，《功守道》正式进入大众视线。
42 9 5 1 1 0.655
群星助阵，声势浩大，马云拍这部电影只是为了证明有钱霸气吗？实际上，一部《功守道》在帮马云圆了功夫电影男一号的心愿同时，还证明了大文娱不是马云最不切实际的梦。
42 16 10 1 1 0.659
但马云制作这部电影的本意就在“托物言志”，向世界传递太极文化和武学精神，致敬功夫电影。
42 18 11 2 2 0.62
不论中国功夫还是功夫电影，都需要一个再次向世界传递“功夫名片”的一个契机。
42 17 11 1 2 0.529
中国功夫曾是帮助中国电影冲出亚洲走向世界电影的敲门砖，然而近几年，国产功夫片不管从影评还是票房都难掩其颓势。
42 20 13 1 1 0.625
马云痴迷于功夫。
42 27 18 1 2 0.68
一部《功守道》，在多个层次上圆了马云的功夫梦、演员梦。
42 28 18 2 2 0.355
同时也蕴含着，马云对阿里大文娱整条产业链资源整合、效率提升的决心。
48 19 8 2 4 0.645
这晚，被创业耽误多年的马云终于以“演员”身份出道，好莱坞巨星妮可·基德曼、李连杰、吴京等人也惊喜出现。
48 18 8 1 4 0.568
在双十一的晚会上，晚会为中国文化、为太极功夫来上一段长达8分钟的solo，功夫短片《功守道》抢先首发播出8分钟精华版。
48 20 8 3 4 0.27
据悉，电影《功守道》将在11月12日进行播出。
49 1 1 1 1 0.619
11月10日晚，2017天猫双11晚会的压轴环节，致敬中国武术的影片《功守道》终于揭开了神秘面纱，马云、李连杰、甄子丹、吴京、朝青龙等几位主演来到现场，与全世界分享《功守道》精华版以及中国武术。
49 4 3 1 1 0.644
此前已曝光的影片海报和主题曲中，马云担纲影片男一号，并与王菲合唱一曲《风清扬》，袁和平、洪金宝、程小东、李连杰、甄子丹、吴京、邹市明、朝青龙、托尼·贾、向佐、刘承羽11位动作明星，全部零片酬出演，共同向中国武术前辈致敬，与世界分享中国传统文化，传递中国文化自信。
49 5 4 1 3 0.634
《功守道》8分钟精华版中，太极大师马云在“华山派”经历了一段奇遇，接连挑战多个武术流派的功夫高手，虽然也屡屡被打，但终以太极功夫过关斩将，夺下了“功守道”的武林绝学。
49 6 4 2 3 0.379
片中硬桥硬马的打斗场面精彩火爆，情节设计不乏诙谐幽默，还为正片埋下很多悬念。
49 8 5 1 1 0.643
据介绍，经过影片监制李连杰三年争取，《功守道》今年终于登上全球亿万人瞩目的双11猫晚，而马云与11位动作明星在一招一式中的用心，打出了武术的精气神和中国人的自信，展现了中国传统文化的魅力。
49 48 27 2 2 0.603
11月12日，《功守道》完整版将在优酷上线，在精彩的拳脚功夫之外，观众们应该能感受到动作明星们和马云，对中国文化的那份执着与自信。
49 47 27 1 2 0.438
“什么叫文化自信？我们自信了就是文化自信，首先就是主动与世界分享中国文化。”多位演员道出了共同的心声。
50 2 2 1 2 0.618
当晚，由马云主演、旨在推广太极和中国传统文化的电影短片《功守道》8分钟精华版在妮可·基德曼致辞介绍后闪亮“登场”。
50 3 2 2 2 0.281
据悉，这也是该短片首度面向全球播放。
50 4 3 1 4 0.607
据悉，马云在电影《功守道》中变身武功高手马师傅。
50 5 3 2 4 0.436
当天首播的精华版中，马云以一拳把篮球打爆出场“惊艳”全场。
52 7 4 1 1 0.631
据了解，参与《功守道》的演员马云，还有袁和平，洪金宝，程小东，李连杰，甄子丹，吴京，邹市明，朝青龙，托尼·贾，向佐，刘承羽，全部零片酬。
54 4 2 1 1 0.606
《功守道》精华版的动作场面精彩火爆，片中的主人公马师傅在“华山派”先后与泰拳、拳击、相扑等多个武术流派高手过招切磋，首次“触电”的马云在片中的演出非常认真，很多打斗场面都是亲自上阵，他在片尾行云流水的太极演绎，更引发了观众对中国传统文化的共鸣和兴趣。
54 7 4 1 3 0.606
《功守道》影片总监制李连杰说，马云的内心还保留着20多岁时的梦想。
54 8 4 2 3 0.411
在向全世界推广太极文化和中国文化的这条路上，李连杰说说马云是“推土机”，把路推出来，自己就是“扫地僧”，把障碍扫清。
55 3 3 1 2 0.677
从放出的《功守道》剪辑来看，马云饰演一位太极大师，功夫了得。
55 4 3 2 2 0.443
甄子丹在谈到与马云的对手戏时表示，“我拍了那么多年的戏，跟李师傅（李连杰）、吴师傅（吴京）都交过手，这次第一次跟马师傅（马云）交手，我甘拜下风。”
56 6 3 1 1 0.613
太极文化讲究“借力打力”，借着“猫晚”这个超级大IP，《功守道》正在向全世界宣扬中华武术、中华太极精神。
57 2 1 2 2 0.74
当天，功夫明星李连杰前来为功守道项目助阵。
57 1 1 1 2 0.087
新华社上海11月10日电（记者朱翃）中国大学生体育协会、中国中学生体育协会与阿里体育10日在上海交大召开新闻发布会，宣布签署十年战略合作协议，协力运营校园体育比赛，首期合作有跑步、足球、橄榄球和功守道四个项目。
58 2 1 2 3 0.745
11位功夫明星化身铜人，各显神通。
58 1 1 1 3 0.415
经过多日预热，今日@阿里影业发布了电影《功守道》的终极版海报。
58 3 1 3 3 0.449
马云则以太极应对，双方拉开阵势，一场巅峰对决即将上演。
59 10 7 1 1 0.604
如此尽心尽力的主演能拿多少片酬？李连杰透露，影片所有演员都是零片酬，“大家都有同一个想法，通过影片向为中国功夫做过贡献的前辈致敬、向中国文化致敬，与全世界分享中国文化。非常感谢马云贡献了宝贵时间，也提供难得的资源。”
61 2 1 2 2 0.636
对双11唯一的期待可能就是马云主演的功夫大片《功守道》。
61 1 1 1 2 0.265
明天就是双11了，说实话笔者购物车目前还是空的，几乎没什么想买的东西。
64 5 3 1 1 0.622
其实这歌并不简单，是马云主演的首部电影《功守道》的主题曲。
64 7 4 2 4 0.619
海报上他站正中，两边分列11位明星，随便拎出一位，都是功夫电影的扛把子。
64 6 4 1 4 0.42
之前10月28日，马云在微博上PO出了张电影海报，立刻引发了大众的围观与热议。
64 8 4 3 4 0.509
更神奇的是，这些大咖都是零片酬出演。
65 5 4 1 2 0.722
“电影《功守道》将是今年‘猫晚’最大的亮点，这部看点十足的功夫短片汇聚了李连杰[微博]、吴京[微博]、甄子丹[微博]、邹市明等11位顶级动作明星和运动员，而马云本人也将在片中出演”。
65 6 4 2 2 0.548
大卫·希尔透露，届时晚会现场还将会由一位神秘的好莱坞知名影星带着这部电影与大家见面。
66 19 6 2 4 0.604
在外国人看来，中华武术就是功夫，英文中的Kungfu、Taichi，就是功夫、太极，可见中华武术的魅力与传播力。
66 18 6 1 4 0.263
说到中华武术，放在今天也不乏外向意义。
66 20 6 3 4 0.453
毋庸赘言，功夫是我们的金字招牌，也是一张文化名片，更是中外交流的鲜亮符号。
67 1 1 1 1 0.625
马云领衔主演、李连杰监制的功夫大片《功守道》今日再发预热海报，《叶问》三部曲主演甄子丹亮相。
70 4 4 1 2 0.63
李连杰在受访影片中也表示，自己的梦想就是要将太极文化推向国际，“足球欧洲人说了算，篮球NBA（美国）说了算，中国人总是要找个东西说了算的吧。”因此他决定与马云合作拍摄一部关于太极的文化的电影，希望可以向世界宣扬中国文化中的武学，该部电影由马云担任男主角，还找来了甄子丹[微博]、洪金宝、吴京[微博]、泰国男星东尼嘉等人合作演出，阵容非常强大。
70 5 4 2 2 -0.069
ETtoday/文
71 1 1 1 1 0.679
马云领衔主演、李连杰监制的功夫大片《功守道》今日再发预热海报，拳王邹市明与马云抱拳同框，看起来一场“较量”不可避免。
72 3 1 3 4 0.682
马云喜爱打太极似乎是一个人所共知的事情，这样兴趣也帮助他能够吸引功夫明星来拍摄这部短片。
72 2 1 2 4 0.47
双十一期间不仅可以刷天猫看双十一晚会，甚至在11月12日阿里巴巴董事局主席马云还会带来一部重磅的短片《功守道》。
72 4 1 4 4 0.463
不过，这次《功守道》并非马云单纯玩票性质的举动，也肩负着重振阿里影业的任务。
72 22 7 2 4 0.725
除了拉来多位功夫明星之外，马云也亲自上阵来为这部电影助阵。
72 21 7 1 4 0.385
《功守道》这部短片自公布之后，就引起了许多影迷的关注。
72 23 7 3 4 0.444
在宣传中，马云一直在提及这部电影的主要目的还是为了公益。
72 27 8 3 4 0.634
除了这些功夫明星之外，人们对于善于打太极的马云的表现尤为关注。
72 26 8 2 4 0.224
不过令许多人意外的是，公布之后这部20分钟的短片造成的影响是巨大的。
72 28 8 4 4 0.331
在《功守道》消息放出之后，功守道训练营也随之开启。
72 32 9 4 5 0.625
凭借全明星豪华阵容，阿里影业把这一题材拍成一部剧情长片是没有什么问题的。
72 31 9 3 5 0.208
事实上，这个项目的延展性也比较强。
72 33 9 5 5 0.288
阿里影业目前还不能直接依靠这部短片翻身，不过集团内部对于他们的支持由此可见一斑。
75 16 9 1 1 0.625
在此前的报道中，记者看到，《功守道》这部20多分钟的短片明星阵容堪称豪华，文章担任导演，除了马云，甄子丹、吴京、李连杰等荧屏硬汉将一一出镜。
81 2 1 2 2 0.683
除了马云跨界演出外，这部影片还汇集了甄子丹、吴京、李连杰、托尼·贾、洪金宝等一线动作明星，堪称史诗级阵容！
81 1 1 1 2 0.472
由马云领衔主演的中国功夫大片《功守道》，将于11月12日零点在优酷独家开播。
83 2 1 2 4 0.702
虽然全长只有20分钟，但《功守道》汇聚了李连杰、甄子丹、吴京等11位顶级动作明星，担任第一男主角的则是马云。
83 1 1 1 4 0.56
昨日，李连杰以电影《功守道》总监制的身份现身上海，揭秘了这部近日备受关注的影片。
83 3 1 3 4 0.398
讲述了一个关于太极的故事：一日马师傅走在大街上，见绿草红花掩映间有华山二字。
84 2 2 1 4 0.653
《功守道》汇聚了李连杰、吴京[微博]、甄子丹[微博]等11位顶级动作明星，马云[微博]本人也将在片中出演。
84 3 2 2 4 0.609
对于电影《功守道》，李连杰也讲述了马云及自己对片子制作的初衷和片名的理解。
84 4 2 3 4 0.51
李连杰更透露《功守道》原本叫《攻守道》，因为错别字才是现在这个写法，而且马云特别嘱咐别改片名。
84 6 3 1 1 0.661
《功守道》强大的演员阵容可谓史无前例，李连杰担任《功守道》的总监制，他坦言这部影片是要向全球对中国功夫做出贡献的前辈表达致敬，向传统文化致敬。
86 2 1 2 2 0.695
李连杰和马云将于11月推出一部太极题材的电影短片《功守道》，则“希望大家在这个时候能站出来，为中国武术、为太极做点事情。”这部影片集合了吴京、甄子丹、邹市明、托尼·贾、袁和平、洪金宝、程小东等动作明星担任台前幕后。
86 1 1 1 2 0.403
今年春天，一场民间的自由搏击爱好者与太极“大师”之间的“约架”，把太极推上了舆论风口浪尖。
86 4 3 1 1 0.605
李连杰说，拍摄《功守道》并非一时兴起——早在2009年，马云就曾经找到他，说要拍一部太极题材的电影，用电影推广太极，推广中国文化，马云甚至连剧本和情节都想好了，但后来一直耽搁下来。
86 11 7 2 2 0.602
他在邀请袁和平、洪金宝、吴京、甄子丹等明星时说：“我们都是练过武术的，希望大家在这个时候能站出来，为中国武术、为太极做点事情，拍这个电影不是为别的，第一是向中国武术以及太极功夫传统文化的前辈致敬；第二，向全球的年轻人，分享源自中国的太极。”
86 10 7 1 2 0.508
今年自由搏击挑战太极的风波之后，李连杰更加坚定了要做一部讲太极的电影的决心。
88 2 1 2 2 0.723
10月28日，马云在个人微博上公布了一张电影海报，在这部为中国功夫太极打Call的电影《功守道》里，聚集了袁和平、洪金宝、程小东三位国内顶级的武术指导，组成“地球最高水平”的电影武指团队。
88 1 1 1 2 0.566
说到中国的功夫电影，就不能不说电影的武术指导。
88 6 5 1 2 0.654
袁和平、洪金宝、程小东每一位都是中国响当当的武术指导，任何一位都足够打造一部中国功夫的视觉盛宴，《功守道》竟然把其中三位都攒在一起，组成“地球最高水平”的电影武指团队。
88 7 5 2 2 0.359
三位顶级又不同风格的武术指导将发生怎么样的化学反应，令人十分期待。
88 9 6 2 2 0.658
从《功守道》海报公布的演员阵容来看，除了喜爱太极的马云外，李连杰、甄子丹、吴京、邹市明、朝青龙、托尼·贾、向佐、刘承羽，或出身运动员，或为武打明星，他们擅长的功夫来自不同流派。
88 8 6 1 2 0.512
同时，三位武术指导与来自不同功夫流派的演员将碰撞出什么样的火花，也值得影迷关注。
88 10 7 1 1 0.675
另外，《功守道》作为一部弘扬太极文化的电影，三位国内顶级的武术指导将如何在电影里设计太极与其他流派功夫的交流，也是电影的一大看点。
88 11 8 1 1 0.664
据了解，袁和平、洪金宝、程小东三位武指以及马云、李连杰、甄子丹等演员，海报上这些参与《功守道》电影的所有人都是零片酬出演，因为大家都有共同的梦想，通过影片向中国功夫做过贡献的前辈们致敬，向中国文化致敬，同时与全世界来分享中国文化。
90 4 3 1 4 0.64
从海报上公布的阵容来看，《功守道》这部影片的领衔主演是马云，监制是李连杰[微博]，导演是文章[微博]。
90 5 3 2 4 0.54
袁和平、洪金宝、程小东[微博]这三位影视圈武术指导的扛鼎人物也参与其中。
92 4 3 1 2 0.626
《功守道》不仅汇集了中国功夫的高手，还有代表拳击、相扑、泰拳的高手，既有成名多年的国际巨星，也有近年来崭露头角的新人。
92 5 3 2 2 0.389
如何把这些明星串联起来，讲一个什么样的故事，引起影迷的强烈兴趣。
92 9 6 1 1 0.619
作为阿里巴巴董事局主席，马云跨界演电影能拿多少片酬？据《功守道》总监制李连杰透露，这部影片的所有演员都是零片酬出演，马云也不例外，“大家都有同一个想法，通过影片向中国功夫做过贡献的前辈们致敬，向中国文化致敬，同时与全世界来分享中国文化。非常感谢马云为了这个事业贡献自己的宝贵时间，也提供难得的资源”。
93 4 3 2 3 0.678
今日，马云微博发出了一张影片海报，他和李连杰、甄子丹、吴京等11位动作巨星联袂出演。
93 3 3 1 3 0.543
这一次，“文艺青年”马云将登上大银幕为太极打Call。
93 5 3 3 3 0.356
这部湖光山色中高手对决的《功守道》，将于11月公映。
93 31 16 1 1 0.625
马云2009年找到李连杰要拍一部太极电影，如今终于以这部《功守道》圆梦，可以借助电影这个大众媒体形成更加广泛的传播。
95 5 3 1 2 0.603
马云爱功夫，来纽约出差还不忘大秀自己与拳击选手的合照。
95 6 3 2 2 0.439
早前在全美各大院线直播的“世纪拳王对决”，马云就在现场。
96 9 5 1 2 0.611
李连杰在介绍这部电影时谈到，海报上这些参与《功守道》电影的所有人都是零片酬出演，因为大家都有共同的梦想，通过影片向中国功夫做过贡献的前辈们致敬，向中国文化致敬，同时与全世界来分享中国文化。
96 10 5 2 2 -0.13
（周小白）
