2
7 3 2 1 2 0.612
功夫巨星主导，网络大亨挎刀，制作出自由搏击赛事“昆仑决”的姜华团队倾力相助，中国功夫，中国原创体育IP，创新，跨界，合作。
7 4 2 2 2 0.376
《功守道》甫一问世便成热门话题，下一步是要做中国的NBA，还是武版的《中国偶像》？
2
8 1 1 1 3 0.605
新华网北京11月16日电基于太极推出的新运动项目--功守道，首场赛事11月15日在北京开幕，李连杰接受新华访谈、新华体育专访，采访中他告诉记者，我希望中国和世界分享太极；渴望我们炎黄子孙，通过太极文化中的简单礼仪，就可以跟全世界共享。
8 2 1 2 3 0.027
图为专访现场。
2
9 32 20 1 2 0.627
基于这样的平台，李连杰认为电影是传播太极文化最好的方式。
9 33 20 2 2 0.152
“我打一场太极，做一次演讲，最多有几万个观众，但是一部电影拍出来，几亿人都能看得到。”
1
9 49 30 1 1 0.61
“功守道这样的IP，还可以继续拍电影、继续做游戏及文化推广。现在是大娱乐时代，体育文化很难分开。通过各方面能够先普及开，再不断提升专业度。电影的推广、文化推广能起到很大的火车头作用。”李连杰表示。
2
12 9 4 1 2 0.313
百城千万人展演活动中，国内500多个城市、国外26个国家50个城市，1000余万人共舞太极，让全世界聚焦温县、聚焦太极；陈王廷铜像揭幕活动中，太极拳六大流派代表性传承人、世界太极拳名家等齐聚陈家沟，共同祭拜始祖，共襄太极发展；家乡赛系列比赛中，来自全国各地32个省（市）自治区的316支代表队5000余名运动健儿，赛场上奋勇拼搏、摘金夺银，赛场下互为师友、互相学习。
12 10 4 2 2 0.617
这些重要活动的成功举办，给全球数亿太极拳爱好者奉献了一场场文化视觉盛宴，进一步促进了太极拳各流派之间的沟通交融，使太极拳事业及产业发展再上新境界。
2
14 7 4 1 2 0.647
据悉，功守道开办的初衷，是希望向全世界传播太极文化的思想。
14 8 4 2 2 0.518
此次不仅参演了《功守道》电影，还受邀出席功守道揭幕赛，刘承羽坦言愿意为传播中国武术文化而努力，“参与功守道是一个好的开始，这是一个教育年轻人去学习武术的非常好的形式。我从武术当中获益颇多，也希望通过我的这种经历，能够让年轻一代的人了解中国武术的重要性。”
2
15 3 3 1 2 0.721
源于太极的功守道，承载着向全球传播中国太极文化的愿景和使命。
15 4 3 2 2 0.446
“太极是一种哲学思想，融合阴阳变化，功守之道被我运用到企业经营中，相信对每个人的事业、生活都是有帮助的。”功守道创始人马云在现场表示，太极的共赢思想代表未来，期待未来功守道能够进入奥运会。
2
15 18 11 1 2 0.69
首场比赛落地，拉开了功守道走向全球的序幕，点亮了与世界分享太极、弘扬中国传统文化的星火。
15 19 11 2 2 0.577
通过优酷与央视播出，功守道向全世界呈现太极竞技的魅力，吸引全球范围内更多武术爱好者，尤其是年轻人参与其中。
1
18 1 1 1 1 0.69
新华社北京11月15日电（记者林德韧、王恒志）基于太极而推出的创新运动项目——功守道首场赛事15日在北京揭幕，创始人马云和李连杰表示，希望通过这项赛事将以太极为代表的中国武术文化更好地推向世界。
2
24 3 2 1 2 0.628
步入陈家沟，就步入太极文化圣地。
24 4 2 2 2 0.296
这里有令人敬仰的太极拳祖祠，有响誉国内外的中国太极拳博物馆，有充满传奇色彩的杨露禅学拳处。
2
26 2 2 1 2 0.291
11月11日，马云主演、大牌明星云集的电影《功守道》即将上映。
26 3 2 2 2 0.606
作为中国传统文化的一种精粹，太极拳及其发源地陈家沟再次聚焦世人眼球。
2
26 4 3 1 2 0.364
《功守道》电影由文章执导、编剧，李连杰监制，马云领衔主演；11月15日“功守道”赛事也将开赛。
26 5 3 2 2 0.731
“功守道”系列活动旨在传承弘扬东方传统文化精髓，把中国功夫进一步向世界推介。
1
26 8 5 1 1 0.61
11月1日，《人民日报》刊发评论文章《让传统文化涌起时代浪花》同为太极拳文化主题电影《功守道》点赞：脱胎于太极文化的新武学“功守道”将亮相大银幕，延续传统武术源远流长的内在哲学。
2
39 3 2 2 3 0.462
其实事实情况则恰恰相反，据悉马云与李连杰策划该片的目的仅是为了推广中国的太极武术文化，所有主创都是属于朋友帮忙的性质，零片酬前来助演。
39 4 2 3 3 0.601
放在双十一晚会这样的大型国际性活动上，更是为了借势提高关注与曝光，将中国武术文化发扬至全球。
1
40 7 4 1 1 0.714
据悉，《功守道》旨在向对中国功夫做过贡献的前辈们致敬，向中国文化致敬，并与全世界分享中国文化。
2
49 27 16 1 3 0.641
如今，阿里巴巴成长为全球市值最高的互联网公司，马云倡导的太极是阿里快速发展的文化根基。
49 28 16 2 3 0.402
马云认为，太极的阴和阳，物极必反，跟企业管理有异曲同工之妙。
2
49 30 17 1 2 0.658
源于对太极的深入理解，马云与李连杰在2011年成立太极禅公司，以公益心和企业运营，推动太极文化的传播。
49 31 17 2 2 0.495
2014年，两人又联手太极拳世界冠军王占海，共同设立了太极禅苑，用时尚化、产业化的模式，让年轻人参与到太极运动中。
1
49 32 18 1 1 0.621
从2011年至今，李连杰与马云用了六年时间，走访太极拳发源地、求教大学教授，研究空手道、柔道、瑜伽的产业模式，与联合国、奥组委人士深入交流，终于创生出功守道这个源于太极文化的创新武学形态。
2
49 45 26 1 2 0.649
《功守道》创新立意与文化价值也获得了《人民日报》点赞：中华优秀传统文化是一片海，如何对其进行创造性转化、创新性发展，是如今站在历史新起点上的文化新课题。
49 46 26 2 2 0.655
脱胎于太极文化的新武学“功守道”将亮相大银幕，延续传统武术源远流长的内在哲学。
0
1
50 11 5 1 1 0.662
作为《功守道》的影片总监制，李连杰希望通过这部影片向对中国功夫做过贡献的前辈们致敬，向中国文化致敬，并与全世界分享中国文化，“我们大家都有着共同的梦想，希望把太极的文化跟全世界分享”。
2
54 10 5 1 2 0.616
功守道的文化内涵可阐释为“太极智慧合天地之气，致敬武学守国人之道”，是对太极这一中国传统文化的创造性转化和创新性发展。
54 11 5 2 2 0.295
11月11日，《功守道》将在北京、上海、广州、深圳、杭州、成都等城市的部分影院上映，提前兑换电影票的阿里88会员可前往影院免费观影，11月12日零点在优酷独家上线，11月15日功守道首场比赛在北京开赛，并通过央视公开播出。
2
57 9 4 1 2 0.44
相比上述两项运动，橄榄球运动的人群基础相对薄弱，但在北京、上海等一线城市，业余橄榄球联赛的发展日益红火。
57 10 4 2 2 0.625
阿里体育去年与世界橄榄球联合会和中国橄榄球协会达成战略合作，此番在校园体育中展开推广运营，也是希望将这一富有激情的团队运动在大学校园推广开来。
1
60 19 6 1 1 0.612
得益于上世纪功夫片的兴起，中国功夫一度成为中国文化的世界符号，但是近几年，中华传统武术时常陷入对抗性差、“花拳绣腿”的质疑——不单单中国武术，很多其它中国传统文化也面临相似的生存压力。
1
62 2 2 1 1 0.626
此次参演《功守道》电影，甄子丹“分文不取”，零片酬只为助力推广宣扬中华民族文化和精神，“以武会友”，与马云和众多志同道合的武术人一起推动中华优秀传统文化。
1
62 11 6 1 1 0.69
不但自己的作品向国际输送中国武术文化，甄子丹更是在好莱坞的电影中潜移默化加入更多的中国功夫，让世界见识到来自东方的文化魅力。
2
63 41 21 1 2 0.482
马云不但自己喜爱太极，他也将太极文化带入阿里巴巴，2009年，阿里面向员工推出了太极课程，太极拳被定为公司的内训项目，阿里的太极队还曾获得过集体赛冠军。
63 42 21 2 2 0.612
对外，马云跟王西安之子王占海还有李连杰一起注册了太极禅国际文化发展有限公司，主要业务是培训。
2
63 54 28 3 4 0.259
当传统武术和现实交汇时，人们更多的反应是疑惑和怀疑。
63 55 28 4 4 0.662
武术作为中国传统文化之一，正在逐渐边缘化，走向销声匿迹的境地。
2
66 4 2 1 4 0.684
中华文化博大精深，源远流长，中华武术生长于传统文化的肥沃土壤，既有独特的运动形式，更有内在的文化内涵。
66 5 2 2 4 0.181
比如，古代儒家要求学生掌握六种技能（六艺）：礼、乐、射、御、书、数，其中的射、御直接与武术有关，乐所包含的舞也与武术存在密切关系。
2
66 20 6 3 4 0.485
毋庸赘言，功夫是我们的金字招牌，也是一张文化名片，更是中外交流的鲜亮符号。
66 21 6 4 4 0.603
习近平总书记一再强调，“推进国际传播能力建设，讲好中国故事，展现真实、立体、全面的中国，提高国家文化软实力。”可以预见，中国功夫在提高国家文化软实力方面将扮演更重要角色。
2
68 3 2 1 4 0.673
中华文化博大精深，源远流长，中华武术便生长于传统文化的肥沃土壤，既有独特的运动形式，更有内在的文化蕴含。
68 4 2 2 4 0.14
古代儒家要求学生掌握的“礼、乐、射、御、书、数”这“六艺”中的“射”和“御”，都直接与武术有关。
2
68 5 2 3 4 0.498
作为一部“向中国武术致敬”的电影，《功守道》受到关注在情理之中。
68 6 2 4 4 0.607
更何况，人们乐于看到武术等中华传统优秀文化在新时代受到尊崇。
2
68 7 3 1 2 0.578
“文化兴则国运兴，文化强则民族强。”中华优秀传统文化已经成为中华民族的基因，植根在中国人内心，潜移默化影响着中国人的思想方式和行为方式。
68 8 3 2 2 0.656
今天，我们倡导和弘扬社会主义核心价值观，必须从中华优秀传统文化中汲取营养，对传统文化“坚持创造性转化、创新性发展”，推动文化进一步发展繁荣。
3
68 10 4 2 7 0.481
在很多外国人看来，中华武术就是“功夫”（英文中的Kungfu、Taichi，就是指中国的功夫、太极），而且中华武术在国外也广为传播，甚至有些外国人不远万里来到中国习武。
68 11 4 3 7 0.618
可以说，武术或者中国功夫已经成为我国的一张重要文化名片。
68 12 4 4 7 0.612
今后，推进我国的国际传播能力建设，讲好中国故事，必须展现包括中国武术在内的真实、立体、全面的中国，提高国家文化软实力。
1
68 13 4 5 7 0.306
虽说中国人的自信不是单靠武术就能“打”出来的，但是武术带给中国人的健康体魄和内心自豪感却实实在在。
2
68 14 4 6 7 0.725
通过像武术这样的一个个平台或窗口，中华优秀文化与世界其他优秀文化互学互鉴，中国人的文化自信必将进一步增强。
68 15 4 7 7 0.004
（原文来源：经济日报作者：王石川）
2
69 8 8 1 2 0.263
据介绍，参与《功守道》的所有人都是零片酬出演。
69 9 8 2 2 0.67
电影监制李连杰表示，大家都有共同的梦想，要通过影片向为中国功夫做过贡献的前辈们致敬，向中国文化致敬，同时与全世界分享中国文化。
2
71 2 2 1 3 0.769
据了解，《功守道》将致敬传统文化，传递中国文化自信。
71 3 2 2 3 0.625
片中云集了多个武术流派的代表性人物，将向世界提供一道以武学为载体，致敬并弘扬中国文化的视觉大餐。
1
71 4 2 3 3 0.059
不知道这位现代拳王，将在片中饰演什么角色呢？
2
73 4 3 2 3 0.198
2日至3日，李连杰现身安徽铜陵，不仅探访了首届功守道集训营，还在该集训营的闭营仪式上为营员颁发结业证书。
73 5 3 3 3 0.643
在铜陵期间，李连杰多次提到他和马云的梦想——将中国传统文化，尤其是武术向世界推广。
2
73 8 6 1 2 0.257
他说，我从8岁习武，至今47年，也去世界各地宣传武术。
73 9 6 2 2 0.719
他和马云联手创立、推介功守道，就是希望将中国传统文化向世界推广。
3
79 10 5 2 5 0.009
而自己就是扫地僧，把不平的路扫平。
79 11 5 3 5 0.727
两人都希望将中国传统文化向世界推广。
79 12 5 4 5 0.389
希望能培养出一代代的学生去播种太极功守道的种子。
1
80 8 4 1 1 0.64
据了解，《功守道》云集了多个武术流派的代表性人物，将向世界提供一道以武学为载体，致敬并弘扬中国文化的视觉大餐。
1
81 6 4 1 1 0.645
《功守道》云集了多个武术流派的代表性人物，将向世界提供一道以武学为载体，致敬并弘扬中国文化的视觉大餐。
2
83 36 11 1 2 0.667
阿里影业：《功守道》是一部文化类公益电影短片，我们的核心目的是通过这种形式来推广和传播中国文化，因此主要还是通过优酷网络平台推出。
83 37 11 2 2 0.259
另一方面，我们在线下也会通过影院的大银幕播放，但不会采取公开售票的形式，而是定向邀请观众免费进影院观赏。
2
84 7 4 1 3 0.658
谈及制作的初衷，李连杰透露，《功守道》源自太极，是对中华优秀传统文化的创造性转化和创新性发展，其实自己从小练武术一直有一个梦想，把中国文化跟全世界分享。
84 8 4 2 3 0.122
马云是我的良师益友，我跟他谈到这个想法，没想到他比我疯狂多了，他要做导演、演员、编剧，把我吓住了，所以我们就带着这个梦想一直努力的去筹备。
1
86 3 2 1 1 0.636
“我想通过电影向中国武术传统文化的前辈致敬，并向全球的年轻人分享源自中国的太极。”李连杰日前在京接受新华社记者专访时说，他的终极梦想，是太极能进入奥运会成为正式比赛项目。
1
86 16 11 1 1 0.662
上世纪六七十年代，日本经济崛起，日本人把空手道、柔道、剑道做成产业在全世界开花；随后韩国经济发展，把跆拳道、电子竞技做成了产业向全世界推广，这些体育产业在推广的过程中，将日本和韩国的文化推向全球。
1
86 22 15 1 1 0.647
他认为，中国武术文化和中国饮食文化类似，太丰富反而成为推广和普及的桎梏，要向全世界推广第一步就是切分，从太极里面找到最简单的部分，形成功守道这样一个产品，用产业化的方式去运营和推广。
3
87 10 4 1 3 0.181
据悉，此次集结的袁和平、洪金宝、程小东、李连杰、甄子丹、吴京、邹市明等11位顶级巨星全部都是零片酬出演。
87 11 4 2 3 0.777
《功守道》影片的主旨在于向弘扬中国武术，向世界分享中国文化，传递中国的文化自信。
87 12 4 3 3 0.437
正是因为这样的动因才能聚集到从未有过的“顶级超豪华功夫天团”，同样零片酬参演的马云与众多巨星都希望通过持续的努力，把中国功夫更广泛的推向全世界。
1
89 7 6 1 1 0.651
对于向世界推广和分享中国文化中蕴含的力量和哲学，是马云一直以来热衷的事业之一。
1
89 9 8 1 1 0.614
“我非常感谢马云，不但贡献了自己宝贵的时间，也为向全世界推广中国文化提供了难得的资源。我们希望把源自中国的哲学和文化思想，用新的表达形式跟全世界去分享”影片总监制透露，海报上这些参与《功守道》电影的所有人都是零片酬出演，因为大家都有共同的梦想，通过影片向中国功夫做过贡献的前辈们致敬，向中国文化致敬，同时与全世界来分享中国文化。
1
90 8 4 1 1 0.621
“我非常感谢马云，不但贡献了自己宝贵的时间，也为向全世界推广中国文化提供了难得的资源。我们希望把源自于中国这样一个古老又传统的哲学和文化思想，用新的表达形式跟全世界去分享”，影片总监制李连杰透露，海报上这些参与《功守道》电影的所有人都是零片酬，因为大家都有共同的梦想，通过影片向中国功夫做过贡献的前辈们致敬，向中国文化致敬，同时与全世界来分享中国文化。
2
90 13 7 1 2 0.651
对于向世界推广和分享中国文化中蕴含的力量和哲学，是马云一直以来热衷的事业之一。
90 14 7 2 2 0.533
他在多个场合都表示说，“个人或者社会，没有对文化的追求和创新，就没有办法发展”，将中国优秀的文化推广出去，和世界分享中国传统哲学中蕴含的理念和力量，是他们这代人必须的责任和担当，“这种文化不仅属于中国，更是属于世界”。
1
90 15 8 1 1 0.612
李连杰说，《功守道》这部片名表达的是，中国武术不是以进攻为根本目的，而是要用功夫来守住家园，传承我们的文化，“电影是传播文化最好方式，能让更多的人能够了解功守道，了解中国武术和太极文化。”李连杰透露，功守道的文化内涵可以阐释为“太极智慧合天地之气，致敬武学守国人之道”，这是基于中国传统武术所蕴含的内在哲学所延展出来的一种武学形态，也是对太极这一中国传统文化的创造性转化和创新性发展。
3
91 11 8 2 4 0.229
在整部片中，马云和其他所有的大牌明星都是零片酬出演。
91 12 8 3 4 0.732
而影片主旨在于向弘扬中国武术做出贡献的前辈致敬，向世界分享中国传统文化。
91 13 8 4 4 0.581
而马云在这部影片的核心正是在于弘扬太极文化。
1
91 30 21 1 1 0.686
对于向世界推广和分享中国传统武术文化中蕴含的哲学，是马云一直以来热衷的事业之一。
1
91 36 27 1 1 0.647
「电影是传播文化的最好方式，能让更多的人能够了解功守道，了解中国武术和太极文化。
1
91 38 29 1 1 0.619
马云和太极文化、阿里巴巴和《攻守道》，技术立命、新价值观、马云的家国情怀…….和太极文化巧妙地阴阳交融。
1
92 6 4 1 1 0.675
马云对太极的喜爱由来已久，不仅自己练习太极，将太极之道运用到企业管理之中，他还与李连杰共同发起创办太极禅公司，以人人健康快乐，弘扬太极禅文化为宗旨，在全球推广太极禅文化。
1
92 10 7 1 1 0.651
对于向世界推广和分享中国文化中蕴含的力量和哲学，是马云一直以来热衷的事业之一。
3
93 6 4 1 3 0.237
据李连杰透露，马云和所有明星都是零片酬出演。
93 7 4 2 3 0.764
影片主旨在于向弘扬中国武术做出贡献的前辈致敬，向世界分享中国文化，传递中国的文化自信。
93 8 4 3 3 0.28
正是这个动因感召大家参与进来。
1
93 11 6 1 1 0.607
如今，为自由贸易和中小企业全球奔走的马云，在不久前的阿里18周年大会谈到要有家国情怀与世界担当，承载中国优秀传统文化的《功守道》或许是一个重要的注脚。
1
93 12 7 1 1 0.651
对于向世界推广和分享中国文化中蕴含的力量和哲学，是马云一直以来热衷的事业之一。
3
93 19 12 1 5 0.281
2009年马云正式拜师陈氏太极19代传人王西安。
93 20 12 2 5 0.655
2011年，马云力邀李连杰、王西安的儿子、太极拳世界冠军王占海，共同成立了太极禅国际文化发展公司。
93 21 12 3 5 0.012
随后又专门开设了太极禅苑。
2
93 26 14 1 3 0.657
在阿里内部，马云将太极融入到企业管理中，太极文化成为了公司重要的文化根基。
93 27 14 2 3 0.389
2009年阿里向员工开设太极班，由于员工热烈参与，太极拳被定为公司的内训项目。
3
93 33 18 1 3 0.343
在马云看来，太极哲学思想是阴阳变化、虚实转换、动静结合、上下相随、舍己从人。
93 34 18 2 3 0.609
弘扬太极禅文化就是人人健康快乐。
93 35 18 3 3 0.514
在推广拳法上，马云已经带动了王中军、沈国军、郭广昌、牛根生等一批商业大佬练习太极拳，让企业家群体重视健康同时影响更多的人。
1
93 61 32 1 1 0.659
如此看来，能够邀请到具有全球影响力的马云出演《功守道》，一方面是他本人推广太极文化的强烈意愿，另一方面阿里商业成功背后就有太极代表的强大的中国优秀传统文化基因，让世界认识到中国武术不仅是肌肉发达，更是一种文化，是探索人类未来的哲学思想。
3
94 6 1 6 9 0.243
据悉，这个影片将在今年双11期间和广大观众见面。
94 7 1 7 9 0.619
“我非常感谢马云，不但贡献了自己宝贵的时间，也为向全世界推广中国文化提供了难得的资源。我们希望把源自于中国这样一个古老又传统的哲学和文化思想，用新的表达形式跟全世界去分享。”影片总监制李连杰透露，海报上这些参与《功守道》电影的所有人都是零片酬出演，因为大家都有共同的梦想，通过影片向中国功夫做过贡献的前辈们致敬，向中国文化致敬，同时与全世界来分享中国文化。
94 8 1 8 9 0.589
李连杰说，《功守道》这部片名表达的是，中国武术不是以进攻为根本目的，而是要用功夫来守住家园，传承我们的文化，“电影是传播文化最好方式，能让更多的人能够了解功守道，了解中国武术和太极文化。”据介绍，马云对中国武学的喜爱由来已久。
1
97 1 1 1 1 0.68
中新网10月28日电练习太极多年的马云为了帮助自己钟爱的中国传统文化走向世界首次出演电影。
1
97 8 6 1 1 0.651
对于向世界推广和分享中国文化中蕴含的力量和哲学，是马云一直以来热衷的事业之一。
1
97 10 8 1 1 0.618
“我非常感谢马云，不但贡献了自己宝贵的时间，也为向全世界推广中国文化提供了难得的资源。我们希望把源自于中国这样一个古老又传统的哲学和文化思想，用新的表达形式跟全世界去分享”，影片总监制李连杰透露，海报上这些参与《功守道》电影的所有人都是零片酬出演，因为大家都有共同的梦想，通过影片向中国功夫做过贡献的前辈们致敬，向中国文化致敬，同时与全世界来分享中国文化。
2
97 11 9 1 2 0.608
李连杰，在推广太极和中国文化的这条路上，马云一直不遗余力的贡献着热情和资源。
97 12 9 2 2 0.438
在他看来，马云的作用更像推土机，在前面推出一条没有路的路，“我们的梦想是未来有更多的人，能够关注并加入到由传统太极文化演变而来的功守道这项文化里。”
