7 9 6 1 2 0.653
于是，推动武术入奥不再是李连杰的一时执念。
7 10 6 2 2 0.51
“重要的不是今天我们做了什么事。也许我们不做《功守道》，终有一天中国的武术文化、太极文化也会自然生长，自然地走出去。但以我们的人生经历和对武术的理解，以他（马云）对企业的管理方法和调度资源的整合，我们做，也许就可快速推进这个步伐。”
9 23 14 2 4 0.621
2011年，马云找到李连杰，聊起自己将太极文化与世界分享的愿望，并正式提出拍摄一部电影。
9 22 14 1 4 0.521
早在2009年，李连杰与马云就在筹划制作一部关于太极的电影。
9 24 14 3 4 0.156
这个六年前留下的“任务”一直在李连杰心里，六年过去，他“想清楚了”。
9 32 20 1 2 0.647
基于这样的平台，李连杰认为电影是传播太极文化最好的方式。
9 33 20 2 2 0.265
“我打一场太极，做一次演讲，最多有几万个观众，但是一部电影拍出来，几亿人都能看得到。”
11 16 8 1 2 0.617
功守道赛事为传统武术提供了一个新的平台。
11 17 8 2 2 0.53
作为太极圣地的武术健儿，参加这样一个融入太多太极元素的大型赛事，在壮志满怀的同时，也肩负着沉甸甸的责任和使命。
14 7 4 1 2 0.644
据悉，功守道开办的初衷，是希望向全世界传播太极文化的思想。
14 8 4 2 2 0.61
此次不仅参演了《功守道》电影，还受邀出席功守道揭幕赛，刘承羽坦言愿意为传播中国武术文化而努力，“参与功守道是一个好的开始，这是一个教育年轻人去学习武术的非常好的形式。我从武术当中获益颇多，也希望通过我的这种经历，能够让年轻一代的人了解中国武术的重要性。”
15 2 2 1 1 0.608
马云、李连杰、吴京、文章以及国际武术联合会执行副主席吴廷贵、中国武术协会副主席吴彬、托尼贾、刘承羽等来到现场为选手助阵，传奇功夫巨星李小龙的女儿李香凝，发来一段VCR祝贺功守道赛事开幕，向弘扬中国武术、文化与信仰之美做出贡献的人致敬。
15 3 3 1 2 0.639
源于太极的功守道，承载着向全球传播中国太极文化的愿景和使命。
15 4 3 2 2 0.487
“太极是一种哲学思想，融合阴阳变化，功守之道被我运用到企业经营中，相信对每个人的事业、生活都是有帮助的。”功守道创始人马云在现场表示，太极的共赢思想代表未来，期待未来功守道能够进入奥运会。
15 18 11 1 2 0.611
首场比赛落地，拉开了功守道走向全球的序幕，点亮了与世界分享太极、弘扬中国传统文化的星火。
15 19 11 2 2 0.519
通过优酷与央视播出，功守道向全世界呈现太极竞技的魅力，吸引全球范围内更多武术爱好者，尤其是年轻人参与其中。
18 1 1 1 1 0.619
新华社北京11月15日电（记者林德韧、王恒志）基于太极而推出的创新运动项目——功守道首场赛事15日在北京揭幕，创始人马云和李连杰表示，希望通过这项赛事将以太极为代表的中国武术文化更好地推向世界。
24 3 2 1 2 0.694
步入陈家沟，就步入太极文化圣地。
24 4 2 2 2 0.361
这里有令人敬仰的太极拳祖祠，有响誉国内外的中国太极拳博物馆，有充满传奇色彩的杨露禅学拳处。
26 3 2 2 2 0.607
作为中国传统文化的一种精粹，太极拳及其发源地陈家沟再次聚焦世人眼球。
26 2 2 1 2 0.402
11月11日，马云主演、大牌明星云集的电影《功守道》即将上映。
26 5 3 2 2 0.673
“功守道”系列活动旨在传承弘扬东方传统文化精髓，把中国功夫进一步向世界推介。
26 4 3 1 2 0.468
《功守道》电影由文章执导、编剧，李连杰监制，马云领衔主演；11月15日“功守道”赛事也将开赛。
26 8 5 1 1 0.707
11月1日，《人民日报》刊发评论文章《让传统文化涌起时代浪花》同为太极拳文化主题电影《功守道》点赞：脱胎于太极文化的新武学“功守道”将亮相大银幕，延续传统武术源远流长的内在哲学。
27 2 1 2 2 0.621
马云的师父、国家级非物质文化遗产陈氏太极拳传承人、陈家沟陈式太极拳第十一代传人王西安专程从杭州太极禅苑回到温县，和家乡拳师们一同分享这份喜悦。
27 1 1 1 2 0.485
由马云主演，文章执导、编剧，李连杰监制，大牌明星云集的电影《功守道》将于11月11日首映，影片也是为11月15日在北京举办的功守道赛事宣传造势。
27 7 3 2 2 0.627
此前，这部影片的消息一经公布就引来众多关注，更获得《人民日报》点赞：脱胎于太极文化的新武学“功守道”将亮相大银幕，延续传统武术源远流长的内在哲学。
27 6 3 1 2 0.498
此次马云亲自主演《功守道》电影，为功守道赛事宣传造势。
38 3 2 2 3 0.619
当得知是为推广中国武术和太极文化，吴京没有犹豫就答应了下来。
38 2 2 1 3 0.157
吴京日前接受采访时表示，当时接到出演邀请时他还在做《战狼2》在路演。
38 4 2 3 3 0.331
在影片中，吴京一袭粉衣亮相，而且还是其中唯一一位与马云用“武器”过招的人。
40 4 2 3 3 0.625
片尾，马云行云流水的太极演绎，引发了观众对中国传统文化的兴趣和共鸣。
40 3 2 2 3 0.37
首次“触电”的马云在片中的演出非常认真，很多打斗场面都是亲自上阵。
40 7 4 1 1 0.635
据悉，《功守道》旨在向对中国功夫做过贡献的前辈们致敬，向中国文化致敬，并与全世界分享中国文化。
41 18 11 2 2 0.617
该片云集了李连杰、甄子丹、吴京等国内一线功夫巨星，还有洪金宝、袁和平和程小东这样的金牌武术指导前来助阵，据了解，该片演员均为零片酬，意在弘扬中国武术文化。
41 17 11 1 2 0.251
在猫晚首播后，11月11日，《功守道》在上海线下影院首映。
41 24 14 3 3 0.61
大家有着共同的梦想，都希望把太极的文化跟全世界分享。
41 23 14 2 3 0.483
在向全世界推广太极文化和中国文化的这条路上，李连杰说说马云是“推土机”，把路推出来，自己就是“扫地僧”，把障碍扫清。
42 16 10 1 1 0.692
但马云制作这部电影的本意就在“托物言志”，向世界传递太极文化和武学精神，致敬功夫电影。
49 9 6 1 2 0.619
美国媒体Quartz评价，作为今年双11猫晚的重头戏，《功守道》源于马云毕生所热爱的武术，武术拓宽了他的职业生涯和个人生活，并且深深植根于阿里巴巴的公司文化。
49 10 6 2 2 0.475
Quartz认为，《功守道》在双11这一天上映非常合适，马云在用中国商业上非常具有象征意义的一天，为一个中国的传统文化——太极做推广。
49 18 11 2 2 0.606
跨界出演的邹市明表示，各门各派大家各有所长，为弘扬中国武术和中国传统文化都亮出绝招，希望能打得精彩，吸引更多人观看这部影片，一起传播中国传统文化。
49 17 11 1 2 0.257
11位动作明星不仅组成了史上最豪华的班底，每个人也都非常敬业与用心。
49 24 14 2 2 0.625
将剧情设计的跌宕起伏，是为了充分展示太极拳和中国武术的精彩招数，更是为了全面诠释太极深邃的文化内涵。
49 23 14 1 2 0.266
其实，不管是马云被打，还是各位动作大咖在对阵中败北，都是为保证影片情节精彩而做出的安排。
49 30 17 1 2 0.625
源于对太极的深入理解，马云与李连杰在2011年成立太极禅公司，以公益心和企业运营，推动太极文化的传播。
49 31 17 2 2 0.495
2014年，两人又联手太极拳世界冠军王占海，共同设立了太极禅苑，用时尚化、产业化的模式，让年轻人参与到太极运动中。
49 32 18 1 1 0.611
从2011年至今，李连杰与马云用了六年时间，走访太极拳发源地、求教大学教授，研究空手道、柔道、瑜伽的产业模式，与联合国、奥组委人士深入交流，终于创生出功守道这个源于太极文化的创新武学形态。
49 42 24 2 2 0.603
推广太极，马云自己亲力亲为的在各种场合和国际交流中表演，传递着对中国传统文化的自信。
49 41 24 1 2 0.226
对于网友的“热嘲鼓励”，马云从来不以为意，还经常在社交平台调侃自黑，不遗余力的为健康快乐布道。
49 45 26 1 2 0.641
《功守道》创新立意与文化价值也获得了《人民日报》点赞：中华优秀传统文化是一片海，如何对其进行创造性转化、创新性发展，是如今站在历史新起点上的文化新课题。
49 46 26 2 2 0.74
脱胎于太极文化的新武学“功守道”将亮相大银幕，延续传统武术源远流长的内在哲学。
50 11 5 1 1 0.678
作为《功守道》的影片总监制，李连杰希望通过这部影片向对中国功夫做过贡献的前辈们致敬，向中国文化致敬，并与全世界分享中国文化，“我们大家都有着共同的梦想，希望把太极的文化跟全世界分享”。
54 9 4 3 3 0.61
大家有着共同的梦想，都希望把太极的文化跟全世界分享。
54 8 4 2 3 0.483
在向全世界推广太极文化和中国文化的这条路上，李连杰说说马云是“推土机”，把路推出来，自己就是“扫地僧”，把障碍扫清。
54 10 5 1 2 0.645
功守道的文化内涵可阐释为“太极智慧合天地之气，致敬武学守国人之道”，是对太极这一中国传统文化的创造性转化和创新性发展。
54 11 5 2 2 0.209
11月11日，《功守道》将在北京、上海、广州、深圳、杭州、成都等城市的部分影院上映，提前兑换电影票的阿里88会员可前往影院免费观影，11月12日零点在优酷独家上线，11月15日功守道首场比赛在北京开赛，并通过央视公开播出。
56 6 3 1 1 0.707
太极文化讲究“借力打力”，借着“猫晚”这个超级大IP，《功守道》正在向全世界宣扬中华武术、中华太极精神。
62 2 2 1 1 0.683
此次参演《功守道》电影，甄子丹“分文不取”，零片酬只为助力推广宣扬中华民族文化和精神，“以武会友”，与马云和众多志同道合的武术人一起推动中华优秀传统文化。
62 11 6 1 1 0.688
不但自己的作品向国际输送中国武术文化，甄子丹更是在好莱坞的电影中潜移默化加入更多的中国功夫，让世界见识到来自东方的文化魅力。
63 42 21 2 2 0.648
对外，马云跟王西安之子王占海还有李连杰一起注册了太极禅国际文化发展有限公司，主要业务是培训。
63 41 21 1 2 0.474
马云不但自己喜爱太极，他也将太极文化带入阿里巴巴，2009年，阿里面向员工推出了太极课程，太极拳被定为公司的内训项目，阿里的太极队还曾获得过集体赛冠军。
63 43 22 1 1 0.612
很多外媒询问如何创造和管理阿里文化时，马云的回答也是“太极之道，太极文化”。
63 55 28 4 4 0.611
武术作为中国传统文化之一，正在逐渐边缘化，走向销声匿迹的境地。
63 54 28 3 4 0.381
当传统武术和现实交汇时，人们更多的反应是疑惑和怀疑。
66 4 2 1 4 0.724
中华文化博大精深，源远流长，中华武术生长于传统文化的肥沃土壤，既有独特的运动形式，更有内在的文化内涵。
66 5 2 2 4 0.312
比如，古代儒家要求学生掌握六种技能（六艺）：礼、乐、射、御、书、数，其中的射、御直接与武术有关，乐所包含的舞也与武术存在密切关系。
66 7 2 4 4 0.715
《人民日报》刊文称，脱胎于太极文化的新武学“功守道”将亮相大银幕，延续传统武术源远流长的内在哲学，实属持允之论。
66 6 2 3 4 0.324
更重要的是，止戈为武，在“外练筋骨皮，内练一口气”的背后，是“四方水土养育”的“中华武术魂”，蕴含着深刻的文化意味。
66 10 4 1 3 0.612
“文化兴国运兴，文化强民族强。”习近平总书记强调，中华优秀传统文化已经成为中华民族的基因，植根在中国人内心，潜移默化影响着中国人的思想方式和行为方式。
66 11 4 2 3 0.327
“今天，我们提倡和弘扬社会主义核心价值观，必须从中汲取丰富营养，否则就不会有生命力和影响力。”由此可见，不能排斥更不能扔掉传统文化，但也不等于照单全收，在继承中发展、在发展中继承，方是理性姿态。
66 19 6 2 4 0.632
在外国人看来，中华武术就是功夫，英文中的Kungfu、Taichi，就是功夫、太极，可见中华武术的魅力与传播力。
66 18 6 1 4 0.533
说到中华武术，放在今天也不乏外向意义。
66 20 6 3 4 0.508
毋庸赘言，功夫是我们的金字招牌，也是一张文化名片，更是中外交流的鲜亮符号。
68 3 2 1 4 0.71
中华文化博大精深，源远流长，中华武术便生长于传统文化的肥沃土壤，既有独特的运动形式，更有内在的文化蕴含。
68 4 2 2 4 0.225
古代儒家要求学生掌握的“礼、乐、射、御、书、数”这“六艺”中的“射”和“御”，都直接与武术有关。
68 6 2 4 4 0.671
更何况，人们乐于看到武术等中华传统优秀文化在新时代受到尊崇。
68 5 2 3 4 0.58
作为一部“向中国武术致敬”的电影，《功守道》受到关注在情理之中。
68 8 3 2 2 0.616
今天，我们倡导和弘扬社会主义核心价值观，必须从中华优秀传统文化中汲取营养，对传统文化“坚持创造性转化、创新性发展”，推动文化进一步发展繁荣。
68 7 3 1 2 0.57
“文化兴则国运兴，文化强则民族强。”中华优秀传统文化已经成为中华民族的基因，植根在中国人内心，潜移默化影响着中国人的思想方式和行为方式。
68 11 4 3 7 0.607
可以说，武术或者中国功夫已经成为我国的一张重要文化名片。
68 10 4 2 7 0.542
在很多外国人看来，中华武术就是“功夫”（英文中的Kungfu、Taichi，就是指中国的功夫、太极），而且中华武术在国外也广为传播，甚至有些外国人不远万里来到中国习武。
68 12 4 4 7 0.476
今后，推进我国的国际传播能力建设，讲好中国故事，必须展现包括中国武术在内的真实、立体、全面的中国，提高国家文化软实力。
68 14 4 6 7 0.712
通过像武术这样的一个个平台或窗口，中华优秀文化与世界其他优秀文化互学互鉴，中国人的文化自信必将进一步增强。
68 13 4 5 7 0.397
虽说中国人的自信不是单靠武术就能“打”出来的，但是武术带给中国人的健康体魄和内心自豪感却实实在在。
68 15 4 7 7 0.076
（原文来源：经济日报作者：王石川）
69 9 8 2 2 0.637
电影监制李连杰表示，大家都有共同的梦想，要通过影片向为中国功夫做过贡献的前辈们致敬，向中国文化致敬，同时与全世界分享中国文化。
69 8 8 1 2 0.31
据介绍，参与《功守道》的所有人都是零片酬出演。
71 2 2 1 3 0.721
据了解，《功守道》将致敬传统文化，传递中国文化自信。
71 3 2 2 3 0.64
片中云集了多个武术流派的代表性人物，将向世界提供一道以武学为载体，致敬并弘扬中国文化的视觉大餐。
71 4 2 3 3 0.217
不知道这位现代拳王，将在片中饰演什么角色呢？
73 5 3 3 3 0.662
在铜陵期间，李连杰多次提到他和马云的梦想——将中国传统文化，尤其是武术向世界推广。
73 4 3 2 3 0.268
2日至3日，李连杰现身安徽铜陵，不仅探访了首届功守道集训营，还在该集训营的闭营仪式上为营员颁发结业证书。
73 9 6 2 2 0.606
他和马云联手创立、推介功守道，就是希望将中国传统文化向世界推广。
73 8 6 1 2 0.399
他说，我从8岁习武，至今47年，也去世界各地宣传武术。
78 8 4 2 2 0.665
武术、功夫、太极都源于中国，属于世界。
78 7 4 1 2 0.251
“在我心中，一直思考很多问题”，他说，在《英雄》中饰演无名，用剑在地上写“天下”，是一种胸怀。
79 7 4 1 2 0.64
当日，李连杰与在铜陵集训的功守道集训营的营员交流时说，我与马云的梦想，就是把中国的传统文化推出去，特别是武术。
79 8 4 2 2 0.451
他说，我从8岁习武，至今47年，也去世界各地宣传武术，但令人遗憾的是武术尚未进入奥运会。
80 8 4 1 1 0.637
据了解，《功守道》云集了多个武术流派的代表性人物，将向世界提供一道以武学为载体，致敬并弘扬中国文化的视觉大餐。
81 6 4 1 1 0.661
《功守道》云集了多个武术流派的代表性人物，将向世界提供一道以武学为载体，致敬并弘扬中国文化的视觉大餐。
84 7 4 1 3 0.72
谈及制作的初衷，李连杰透露，《功守道》源自太极，是对中华优秀传统文化的创造性转化和创新性发展，其实自己从小练武术一直有一个梦想，把中国文化跟全世界分享。
84 8 4 2 3 0.231
马云是我的良师益友，我跟他谈到这个想法，没想到他比我疯狂多了，他要做导演、演员、编剧，把我吓住了，所以我们就带着这个梦想一直努力的去筹备。
85 5 4 1 2 0.61
据了解，2011年，马云找到李连杰，聊到自己将太极文化与世界分享的愿望，表示想拍摄一部太极电影，让李连杰演杨露禅。
85 6 4 2 2 0.191
当时很多企业家都兴奋地报名客串，吉利汽车李书福演街头拉车的，史玉柱演算卦的，朱新礼卖水果，沈国军演王爷，王石、王健林都去挑砖抹墙……
85 7 5 1 5 0.601
虽然这部电影最后未能成行，但马云推广太极文化的初心有了明确的方向。
85 8 5 2 5 0.194
他告诉李连杰三个原则，让他在七年之内找到明确的方向：第一，公益的心，企业的运营；第二，三年不能赚钱；第三，不能碰地产，要做一个21世纪的智慧型公司。
85 12 6 1 2 0.617
六年的思考，李连杰交出的答卷就是“功守道”，一个源于太极文化的创新武学形态。
85 13 6 2 2 0.645
李连杰透露，功守道的文化内涵可以阐释为“太极智慧合天地之气，致敬武学守国人之道”，这是基于中国传统武术所蕴含的内在哲学所延展出来的一种武学形态，也是对太极这一中国传统文化的创造性转化和创新性发展。
86 3 2 1 1 0.632
“我想通过电影向中国武术传统文化的前辈致敬，并向全球的年轻人分享源自中国的太极。”李连杰日前在京接受新华社记者专访时说，他的终极梦想，是太极能进入奥运会成为正式比赛项目。
87 11 4 2 3 0.728
《功守道》影片的主旨在于向弘扬中国武术，向世界分享中国文化，传递中国的文化自信。
87 10 4 1 3 0.26
据悉，此次集结的袁和平、洪金宝、程小东、李连杰、甄子丹、吴京、邹市明等11位顶级巨星全部都是零片酬出演。
87 12 4 3 3 0.453
正是因为这样的动因才能聚集到从未有过的“顶级超豪华功夫天团”，同样零片酬参演的马云与众多巨星都希望通过持续的努力，把中国功夫更广泛的推向全世界。
88 10 7 1 1 0.623
另外，《功守道》作为一部弘扬太极文化的电影，三位国内顶级的武术指导将如何在电影里设计太极与其他流派功夫的交流，也是电影的一大看点。
89 5 5 1 2 0.627
这个阵容云集了多个武术流派的代表性人物，大家齐心协力向世界提供了一道以武学为载体，从而致敬并弘扬中国文化的视觉大餐。
89 6 5 2 2 0.238
据悉，这个影片将在今年“双11”期间和广大观众见面。
90 8 4 1 1 0.601
“我非常感谢马云，不但贡献了自己宝贵的时间，也为向全世界推广中国文化提供了难得的资源。我们希望把源自于中国这样一个古老又传统的哲学和文化思想，用新的表达形式跟全世界去分享”，影片总监制李连杰透露，海报上这些参与《功守道》电影的所有人都是零片酬，因为大家都有共同的梦想，通过影片向中国功夫做过贡献的前辈们致敬，向中国文化致敬，同时与全世界来分享中国文化。
90 15 8 1 1 0.677
李连杰说，《功守道》这部片名表达的是，中国武术不是以进攻为根本目的，而是要用功夫来守住家园，传承我们的文化，“电影是传播文化最好方式，能让更多的人能够了解功守道，了解中国武术和太极文化。”李连杰透露，功守道的文化内涵可以阐释为“太极智慧合天地之气，致敬武学守国人之道”，这是基于中国传统武术所蕴含的内在哲学所延展出来的一种武学形态，也是对太极这一中国传统文化的创造性转化和创新性发展。
91 12 8 3 4 0.679
而影片主旨在于向弘扬中国武术做出贡献的前辈致敬，向世界分享中国传统文化。
91 11 8 2 4 0.296
在整部片中，马云和其他所有的大牌明星都是零片酬出演。
91 13 8 4 4 0.657
而马云在这部影片的核心正是在于弘扬太极文化。
91 20 14 1 2 0.674
但要说起传统武术精神，和太极文化，马云可是认真的。
91 21 14 2 2 0.331
这是马云独有的。
91 24 16 2 2 0.701
同一年，马云就准备和李连杰合计拍一个向世界弘扬中国武术文化的电影，结果还先撮合成了与李连杰和王西安之子、世界太极冠军王占海共同开办太极禅苑的事儿。
91 23 16 1 2 0.39
2009年，马云拜师陈氏太极宗师王西安门下。
91 28 19 1 1 0.67
马云对传统文化，尤其是对武术精神，太极文化的传承的关心，那是绝对认真的。
91 30 21 1 1 0.669
对于向世界推广和分享中国传统武术文化中蕴含的哲学，是马云一直以来热衷的事业之一。
91 36 27 1 1 0.656
「电影是传播文化的最好方式，能让更多的人能够了解功守道，了解中国武术和太极文化。
91 38 29 1 1 0.689
马云和太极文化、阿里巴巴和《攻守道》，技术立命、新价值观、马云的家国情怀…….和太极文化巧妙地阴阳交融。
92 6 4 1 1 0.682
马云对太极的喜爱由来已久，不仅自己练习太极，将太极之道运用到企业管理之中，他还与李连杰共同发起创办太极禅公司，以人人健康快乐，弘扬太极禅文化为宗旨，在全球推广太极禅文化。
93 7 4 2 3 0.707
影片主旨在于向弘扬中国武术做出贡献的前辈致敬，向世界分享中国文化，传递中国的文化自信。
93 6 4 1 3 0.37
据李连杰透露，马云和所有明星都是零片酬出演。
93 8 4 3 3 0.262
正是这个动因感召大家参与进来。
93 10 5 2 2 0.667
师承陈氏太极19代传人王西安的马云，早在2009年就被媒体曝出要拍一部太极主题的电影，并与李连杰一起成立太极禅国际发展公司，推广太极文化不遗余力。
93 9 5 1 2 0.373
唱歌、变魔术、演小品……自称“爱玩”的马云，为太极首登大银幕，与此前的跨界玩票有所不同。
93 20 12 2 5 0.635
2011年，马云力邀李连杰、王西安的儿子、太极拳世界冠军王占海，共同成立了太极禅国际文化发展公司。
93 19 12 1 5 0.389
2009年马云正式拜师陈氏太极19代传人王西安。
93 21 12 3 5 0.035
随后又专门开设了太极禅苑。
93 26 14 1 3 0.62
在阿里内部，马云将太极融入到企业管理中，太极文化成为了公司重要的文化根基。
93 27 14 2 3 0.261
2009年阿里向员工开设太极班，由于员工热烈参与，太极拳被定为公司的内训项目。
93 34 18 2 3 0.648
弘扬太极禅文化就是人人健康快乐。
93 33 18 1 3 0.39
在马云看来，太极哲学思想是阴阳变化、虚实转换、动静结合、上下相随、舍己从人。
93 35 18 3 3 0.427
在推广拳法上，马云已经带动了王中军、沈国军、郭广昌、牛根生等一批商业大佬练习太极拳，让企业家群体重视健康同时影响更多的人。
93 61 32 1 1 0.629
如此看来，能够邀请到具有全球影响力的马云出演《功守道》，一方面是他本人推广太极文化的强烈意愿，另一方面阿里商业成功背后就有太极代表的强大的中国优秀传统文化基因，让世界认识到中国武术不仅是肌肉发达，更是一种文化，是探索人类未来的哲学思想。
94 8 1 8 9 0.644
李连杰说，《功守道》这部片名表达的是，中国武术不是以进攻为根本目的，而是要用功夫来守住家园，传承我们的文化，“电影是传播文化最好方式，能让更多的人能够了解功守道，了解中国武术和太极文化。”据介绍，马云对中国武学的喜爱由来已久。
94 7 1 7 9 0.6
“我非常感谢马云，不但贡献了自己宝贵的时间，也为向全世界推广中国文化提供了难得的资源。我们希望把源自于中国这样一个古老又传统的哲学和文化思想，用新的表达形式跟全世界去分享。”影片总监制李连杰透露，海报上这些参与《功守道》电影的所有人都是零片酬出演，因为大家都有共同的梦想，通过影片向中国功夫做过贡献的前辈们致敬，向中国文化致敬，同时与全世界来分享中国文化。
94 9 1 9 9 0.456
他在大学期间就开始拜师学习太极拳，不仅日常坚持练习，在很多公开场合，他也会表演太极拳，向身边的同事和朋友介绍和分享太极文化。
96 9 5 1 2 0.604
李连杰在介绍这部电影时谈到，海报上这些参与《功守道》电影的所有人都是零片酬出演，因为大家都有共同的梦想，通过影片向中国功夫做过贡献的前辈们致敬，向中国文化致敬，同时与全世界来分享中国文化。
96 10 5 2 2 -0.086
（周小白）
97 1 1 1 1 0.622
中新网10月28日电练习太极多年的马云为了帮助自己钟爱的中国传统文化走向世界首次出演电影。
97 6 5 1 2 0.627
这个阵容云集了多个武术流派的代表性人物，大家齐心协力向世界提供了一道以武学为载体，从而致敬并弘扬中国文化的视觉大餐。
97 7 5 2 2 0.297
据悉，这个影片将在今年双十一期间和广大观众见面。
97 11 9 1 2 0.603
李连杰，在推广太极和中国文化的这条路上，马云一直不遗余力的贡献着热情和资源。
97 12 9 2 2 0.461
在他看来，马云的作用更像推土机，在前面推出一条没有路的路，“我们的梦想是未来有更多的人，能够关注并加入到由传统太极文化演变而来的功守道这项文化里。”
97 13 10 1 1 0.649
李连杰说，《功守道》这部片名表达的是，中国武术不是以进攻为根本目的，而是要用功夫来守住家园，传承我们的文化，“电影是传播文化最好方式，能让更多的人能够了解功守道，了解中国武术和太极文化。”
97 14 11 1 1 0.645
李连杰透露，功守道的文化内涵可以阐释为“太极智慧合天地之气，致敬武学守国人之道”，这是基于中国传统武术所蕴含的内在哲学所延展出来的一种武学形态，也是对太极这一中国传统文化的创造性转化和创新性发展。
