3
36 3 2 1 3 0.177
马云这次跨界做演员可不单纯为了玩，他还肩负着提振阿里文娱产业的重任。
36 4 2 2 3 0.647
2016年，阿里宣布联合旗下合一集团、阿里音乐、阿里影业等成立大文娱版块。
36 5 2 3 3 0.23
不过，阿里影业去年的财务业绩并不理想，净亏损9亿元。
2
36 10 4 2 3 0.439
FellowPlus数据显示，截至2017年9月，阿里共投资了24个影视产业项目，腾讯投了26个。
36 11 4 3 3 0.609
腾讯的影视投资始于2011年，阿里则在2014年才开始布局。
2
72 34 10 1 2 0.622
马云一直以来都对于娱乐产业青睐有加，因此在去年6月份的时候阿里巴巴将合一集团、阿里音乐和阿里影业整合成为阿里大文娱板块。
72 35 10 2 2 0.171
将近一年半的时间过去了，阿里大文娱的这种模式运行的还算顺畅，但这样的成绩却与阿里巴巴的预期还有一定的差距。
1
9 31 19 1 1 0.442
线上方面，完成整合、正式加入阿里大文娱的优酷为其提供了独家资源和最优推广位。
2
16 1 1 1 5 0.442
新浪娱乐讯11月15日，由李连杰、马云共同创办，基于太极推出的创新运动项目功守道，首场赛事在北京开幕。
16 2 1 2 5 0.139
马云、李连杰、吴京、文章及武术届各领导共同来到现场为选手助阵，李小龙的女儿李香凝也发来一段VCR祝贺。
1
18 1 1 1 1 0.469
新华社北京11月15日电（记者林德韧、王恒志）基于太极而推出的创新运动项目——功守道首场赛事15日在北京揭幕，创始人马云和李连杰表示，希望通过这项赛事将以太极为代表的中国武术文化更好地推向世界。
2
36 1 1 1 2 0.453
11月12日零点，由阿里巴巴（下称阿里）董事局主席马云领衔主演、阿里影业出品的微电影《功守道》在优酷独家上线，并获得了极高的关注度。
36 2 1 2 2 0.169
截至发稿，《功守道》播放量已超1亿。
0
1
36 9 4 1 3 0.532
从投资数量上看，阿里和腾讯不相上下。
0
0
2
36 12 5 1 3 0.556
从投资领域来看，阿里注重影视宣发，腾讯则偏爱IP（知识产权）。
36 13 5 2 3 0.452
FellowPlus数据显示，截至目前，阿里在制作和发行环节投资了16家，腾讯在创作领域投资了15家公司。
1
36 14 5 3 3 0.36
这与两家公司的战略导向不无关系。
2
36 15 6 1 2 0.496
阿里作为一家电商公司，拥有天生的流量优势。
36 16 6 2 2 0.549
从阿里大文娱的“3+X”战略体系来看，三大流量平台（优酷土豆+UC神马+淘票票）是阿里影业的突破口，阿里影业也将自身定位为一家“影业基础建设公司”，充分发挥“互联网宣发”的优势。
0
1
36 17 7 1 1 0.49
而在腾讯泛娱乐四大业务体系中，阅文集团、腾讯动漫、腾讯游戏都是IP生产巨头，所以腾讯影业是一家以IP为核心的公司，它享受着兄弟公司提供的丰富优质的IP资源，同时，也肩负着IP变现的使命。
2
36 19 9 1 3 0.492
2015年以来，腾讯收购盛大文学、成立阅文集团，将国内八大原创小说平台收入麾下，这一投资布局几乎垄断了国内80%的网络文学IP资源。
36 20 9 2 3 0.241
《十万个冷笑话》、《微微一笑很倾城》、《择天记》等热门IP均出自腾讯之手。
2
36 24 11 1 2 0.498
阿里从2015年开始大量投资影视制作发行公司，到如今已投资了16家。
36 25 11 2 2 0.52
虽然腾讯在该领域的布局要早于阿里，但目前的投资数量不及阿里的一半。
0
2
36 28 13 1 2 0.413
过去一年，阿里全力扶持“淘票票”，试图增加自己在线上发行能力。
36 29 13 2 2 0.356
去年，以淘票票为核心的阿里影业宣发体系发行了20多部影片。
2
36 30 14 1 3 0.46
腾讯也不甘示弱。
36 31 14 2 3 0.478
今年9月，猫眼和微影时代（腾讯参与B轮融资的公司）合并为猫眼微影。
1
36 32 14 3 3 0.311
11月11日，猫眼方面确认近日获得腾讯10亿元人民币融资，最新估值超200亿元。
1
36 34 16 1 1 0.592
在线下院线布局方面，阿里腾讯双方几乎同时开始布局。
2
36 40 20 1 4 0.552
目前阿里影业在影视产业投资领域的主题，可总结为“影视内容生产+互联网宣发”。
36 41 20 2 4 0.401
腾讯主要是内容资源控制。
1
36 42 20 3 4 0.056
双方都在积极布局整个产业链，让自己每个环节都有涉及，但是两家的资源优势不同，导致偏好不同。
2
37 41 28 2 3 0.28
阿里巴巴办公室以金庸小说的武林圣地命名——马云的办公室叫“桃花岛”，会议室叫“光明顶”。
37 42 28 3 3 0.585
阿里人人一个花名，马云花名风清扬，阿里巴巴集团CEO张勇花名逍遥子，蚂蚁金服CEO井贤栋花名王安石……．
2
42 23 15 2 3 0.28
阿里巴巴办公室以金庸小说的武林圣地命名——马云的办公室叫“桃花岛”，会议室叫“光明顶”。
42 24 15 3 3 0.585
阿里人人一个花名，马云花名风清扬，阿里巴巴集团CEO张勇花名逍遥子，蚂蚁金服CEO井贤栋花名王安石……．
2
42 27 18 1 2 0.159
一部《功守道》，在多个层次上圆了马云的功夫梦、演员梦。
42 28 18 2 2 0.423
同时也蕴含着，马云对阿里大文娱整条产业链资源整合、效率提升的决心。
1
42 32 20 1 1 0.42
从制作发行环节的阿里影业，到票务环节的淘票票，到放映环节的优酷、虾米音乐，再借势阿里巴巴最强的电商资源，《功守道》用事实验证了阿里手中的文化版图已经找到更年轻、更有效的玩法，上下游各个板块已经形成了良性互动。
1
42 35 22 1 1 0.413
众所周知，作为阿里大文娱版块的核心，阿里影业的业绩一直不佳。
1
42 39 24 1 1 0.436
8月30日晚间，阿里巴巴影业集团公布了中期业绩，阿里影业上半年净亏损4.85亿元，相较于去年同期净亏损为4.66亿元，亏损进一步扩大。
2
42 41 26 1 4 0.4
阿里想要布局文娱产业链的野心也非常明显。
42 42 26 2 4 0.417
通过“买买买”战略，全资收购了影院出票系统提供商之一的“粤科软件”，并参与“博纳影业”私有化和“大地院线”投资。
1
42 43 26 3 4 0.285
此外，还投资了华谊兄弟、光线传媒、芭乐传媒等。
1
42 44 26 4 4 0.428
阿里大文娱已经构建起了创作、投资制作、发行、票务、放映的全产业链条。
2
42 45 27 1 2 0.069
但很快，阿里影业就遭遇了“买买买”留下的后遗症：各版块九龙治水，并需要不断“输血”，上下游缺乏应声附和的效率和动力。
42 46 27 2 2 0.535
今年阿里影业亏损扩大的原因之一，就是“亲兵”淘票票的巨额票务补贴费用。
1
42 47 28 1 1 0.479
《功守道》的出现，其实像是阿里大文娱这张大图的一次互动性实验，商讨着如何化解各自为政的局面，以及找到文化版图怎样借用电商、支付、云计算等阿里内部资源，科技和数字平台基础设施建设上的丰富经验如何助益阿里影业加速度发展的方法论。
2
49 27 16 1 3 0.543
如今，阿里巴巴成长为全球市值最高的互联网公司，马云倡导的太极是阿里快速发展的文化根基。
49 28 16 2 3 0.234
马云认为，太极的阴和阳，物极必反，跟企业管理有异曲同工之妙。
2
49 30 17 1 2 0.434
源于对太极的深入理解，马云与李连杰在2011年成立太极禅公司，以公益心和企业运营，推动太极文化的传播。
49 31 17 2 2 0.246
2014年，两人又联手太极拳世界冠军王占海，共同设立了太极禅苑，用时尚化、产业化的模式，让年轻人参与到太极运动中。
2
55 7 5 1 2 0.418
此前，阿里影业透露，《功守道》全长20分钟，是一部公益类短片，主要在于推广中国文化，主要通过优酷平台推出，全片将于12日正式上线。
55 8 5 2 2 -0.021
（周小白）
2
57 1 1 1 2 0.49
新华社上海11月10日电（记者朱翃）中国大学生体育协会、中国中学生体育协会与阿里体育10日在上海交大召开新闻发布会，宣布签署十年战略合作协议，协力运营校园体育比赛，首期合作有跑步、足球、橄榄球和功守道四个项目。
57 2 1 2 2 0.347
当天，功夫明星李连杰前来为功守道项目助阵。
2
57 3 2 1 4 0.418
去年10月起，阿里体育就开始进军中国校园体育，通过媒体转播呈现中国大学生篮球联赛（CUBA），积攒校园体育运营经验的同时营造校园体育氛围。
57 4 2 2 4 0.359
一年之后，阿里体育与中国大体协、中体协的合作全面升级：除了一份长达十年的战略合作协议外，当天还单独签署了第一期合作项目协议。
2
57 5 2 3 4 0.363
阿里体育成为中国大学生校园马拉松联赛、足球联赛以及橄榄球联赛的独家运营机构。
57 6 2 4 4 0.477
同时，阿里体育还将携手李连杰推动功守道进校园。
2
57 9 4 1 2 0.18
相比上述两项运动，橄榄球运动的人群基础相对薄弱，但在北京、上海等一线城市，业余橄榄球联赛的发展日益红火。
57 10 4 2 2 0.445
阿里体育去年与世界橄榄球联合会和中国橄榄球协会达成战略合作，此番在校园体育中展开推广运营，也是希望将这一富有激情的团队运动在大学校园推广开来。
1
57 13 6 1 1 0.437
阿里体育CEO张大钟透露，此次阿里体育与大体协、中体协的战略合作，还将出炉一个学生体育服务平台，降低学生参与运动的成本和复杂性，也契合阿里体育“让运动更简单”的宗旨，相关赛事报名、场馆预定、球票购买、装备购置等环节，均可在电子平台上实现。
2
60 1 1 1 2 0.442
阿里体育10日与隶属教育部管理的中国大学生体育协会、中国中学生体育协会宣布进行合作，在整体的战略合作协议签署的同时，双方还就具体的项目单独签约，也就是说，签约后马上要展开的项目已经得到了确定——马拉松，足球，英式橄榄球，功守道。
60 2 1 2 2 0.013
为什么是这些项目？
3
60 12 4 1 3 -0.049
说到参照成功的模式，以近邻日本为例，仅高中足球联赛就已经举办了95届！去年的决赛更是在琦玉2002世界杯球场进行，球场氛围宛如世界杯，足以让人艳羡。
60 13 4 2 3 0.455
值得一提的是，此次与大体协签约的同时，阿里体育与全国中学生体育协会也签约展开合作，且也是长期。
60 14 4 3 3 -0.115
暂且不羡慕长达近百年的日本的学生联赛，如果花十年的时间好好耕耘打磨，人们还是可以予以信心去慢慢见证的。
2
63 41 21 1 2 0.409
马云不但自己喜爱太极，他也将太极文化带入阿里巴巴，2009年，阿里面向员工推出了太极课程，太极拳被定为公司的内训项目，阿里的太极队还曾获得过集体赛冠军。
63 42 21 2 2 0.436
对外，马云跟王西安之子王占海还有李连杰一起注册了太极禅国际文化发展有限公司，主要业务是培训。
0
2
72 23 7 3 4 0.198
在宣传中，马云一直在提及这部电影的主要目的还是为了公益。
72 24 7 4 4 0.463
不过，这部阿里影业出品的短片仅在阿里巴巴旗下的优酷平台独家推出。
2
72 29 9 1 5 0.464
如果我们不考虑其他产业对于阿里巴巴的影响，那么此次李连杰的“功守道”项目获益最大的莫过于阿里影业。
72 30 9 2 5 0.312
《功守道》的推出，不仅仅直接推动优酷平台的流量增长，阿里影业的实力也可以直接向市场以及观众更加直观的展示。
0
2
72 36 11 1 2 0.502
俞永福在之前的一次采访中曾经提到，他们对于阿里影业甚至说阿里大文娱的定位一开始就非常明确，阿里希望依托于科技和互联网的新基础设施，来实现公司文娱产业的发展。
72 37 11 2 2 -0.106
俞永福认为实际执行过程中，容易想着新路的时候走老路，所以他们有做过纠偏和调整。
2
73 8 6 1 2 -0.058
他说，我从8岁习武，至今47年，也去世界各地宣传武术。
73 9 6 2 2 0.416
他和马云联手创立、推介功守道，就是希望将中国传统文化向世界推广。
1
75 1 1 1 1 0.412
中新网杭州11月3日电(刘文彬)11月3日，歌曲《风清扬》首发，该歌曲由高晓松作曲，马云和王菲共同演绎，阿里大文娱体系下的虾米音乐首发，并将用作电影《功守道》主题曲。
1
82 1 1 1 1 0.429
IT之家11月1日消息马云领衔主演的《功守道》大牌云集，今天阿里官方再度放出了第三份电影海报，看来主演马云是要将各大武星全部挑战一番。
2
90 10 6 1 3 0.45
实际上，马云痴迷太极要早于阿里巴巴的创立。
90 11 6 2 3 0.068
在1988年马云大学毕业之初，他就在西湖边上的公园里学习太极拳，此后他跟过的太极拳老师不下8位，至今已近30年。
1
91 32 23 1 1 0.415
在阿里巴巴内部，马云早早就将太极融入到企业管理中——2009年阿里向员工开设太极班，马云为员工们请来陈家沟的5位太极冠军，太极拳被定为公司的内训项目，老师傅们要定期给员工培训。
1
92 6 4 1 1 0.433
马云对太极的喜爱由来已久，不仅自己练习太极，将太极之道运用到企业管理之中，他还与李连杰共同发起创办太极禅公司，以人人健康快乐，弘扬太极禅文化为宗旨，在全球推广太极禅文化。
2
93 15 10 1 3 0.429
实际上，马云痴迷太极确实早于阿里巴巴的创立。
93 16 10 2 3 0.068
在1988年马云大学毕业之初，他就在西湖边上的公园里学习太极拳，此后他跟过的太极拳老师不下8位，至今已近30年。
3
93 19 12 1 5 0.307
2009年马云正式拜师陈氏太极19代传人王西安。
93 20 12 2 5 0.407
2011年，马云力邀李连杰、王西安的儿子、太极拳世界冠军王占海，共同成立了太极禅国际文化发展公司。
93 21 12 3 5 -0.051
随后又专门开设了太极禅苑。
2
93 26 14 1 3 0.537
在阿里内部，马云将太极融入到企业管理中，太极文化成为了公司重要的文化根基。
93 27 14 2 3 0.412
2009年阿里向员工开设太极班，由于员工热烈参与，太极拳被定为公司的内训项目。
1
93 28 14 3 3 0.37
马云还请来陈家沟5位全国太极冠军，编入阿里体系内，定期给员工培训。
2
93 56 30 1 2 0.557
2017年1月，阿里与国际奥委会达成期限至2028年的长期合作，阿里成为奥运会全球TOP合作伙伴，并为奥运会提供云服务及电子商务平台服务。
93 57 30 2 2 0.217
诞生于中国的阿里巴巴积极参与奥运，但至今没有一个中国起源的竞技类项目进入奥运会。
