13 2 2 1 2
8月31日，产妇马某某在榆林市第一医院绥德院区妇产科二病区坠楼身亡，引起社会各界广泛关注。
13 3 2 2 2
榆林市委、市政府和陕西省卫计委高度重视，成立了“榆林市绥德‘8·31’产妇坠楼事件调查处置领导小组”，在9月2日和5日两次调查的基础上，于9月7日又连夜展开进一步调查。
13 10 6 1 2
为妥善处理该事件，9月7日，榆林市政府召开了专题会议，成立了由榆林市政府分管领导任组长、绥德县政府、榆林市卫计局、公安局负责人为副组长，相关部门单位负责人为成员的榆林市绥德“8·31”产妇坠楼事件调查处置领导小组。
13 11 6 2 2
领导小组下设调查组、舆情组、善后组3个工作小组，对坠亡事件依法、依纪、依规进行查处。
16 7 4 1 1
榆林市委、市政府和陕西省卫计委成立了“榆林市绥德8·31产妇坠楼事件调查处置领导小组”，在9月2日和5日两次调查的基础上，于9月7日又连夜展开进一步调查。
18 1 1 1 2
8月31日，产妇马某某在榆林市第一医院绥德院区妇产科二病区坠楼身亡，引起社会各界广泛关注。
18 2 1 2 2
榆林市委、市政府和省卫计委主要领导高度重视，成立了“榆林市绥德8.31产妇坠楼事件调查处置领导小组”，在9月2日和5日两次调查的基础上，于9月7日又连夜展开进一步调查。
18 11 6 1 2
据了解，为妥善处理该事件，9月7日，榆林市政府召开了专题会议，成立了由榆林市政府分管领导任组长、绥德县政府、市卫计局、公安局负责人为副组长，相关部门单位负责人为成员的榆林市绥德“8.31”产妇坠楼事件调查处置领导小组。
18 12 6 2 2
领导小组下设调查组、舆情组、善后组3个工作小组，对坠亡事件依法、依纪、依规进行查处。
21 3 3 1 1
榆林市委、市政府和省卫计委主要领导高度重视，成立了“榆林市绥德8·31产妇坠楼事件调查处置领导小组”，在9月2日和5日两次调查的基础上，于9月7日又连夜展开进一步调查。
21 12 12 1 1
据了解，为妥善处理该事件，9月7日，榆林市政府召开了专题会议，成立了由榆林市政府分管领导任组长、绥德县政府、市卫计局、公安局负责人为副组长，相关部门单位负责人为成员的榆林市绥德“8·31”产妇坠楼事件调查处置领导小组。
22 4 2 1 2
8月31日，产妇马某某在榆林市第一医院绥德院区妇产科二病区坠楼身亡，引起各界广泛关注。
22 5 2 2 2
官方成立了“榆林市绥德8.31产妇坠楼事件调查处置领导小组”，在9月2日和5日两次调查的基础上，于9月7日又连夜展开进一步调查。
22 14 11 1 2
为妥善处理该事件，9月7日，榆林市政府召开了专题会议，成立了由市政府分管领导任组长、绥德县政府、市卫计局、公安局负责人为副组长，相关部门单位负责人为成员的榆林市绥德“8.31”产妇坠楼事件调查处置领导小组。
22 15 11 2 2
领导小组下设调查组、舆情组、善后组3个工作小组，对坠亡事件依法、依纪、依规进行查处。
24 2 2 1 2
8月31日，产妇马某某在榆林市第一医院绥德院区妇产科二病区坠楼身亡，引起社会各界广泛关注。
24 3 2 2 2
榆林市委、市政府和省卫计委主要领导高度重视，成立了“榆林市绥德8.31产妇坠楼事件调查处置领导小组”，在9月2日和5日两次调查的基础上，于9月7日又连夜展开进一步调查。
24 12 9 1 2
据了解，为妥善处理该事件，9月7日，榆林市政府召开了专题会议，成立了由榆林市政府分管领导任组长、绥德县政府、市卫计局、公安局负责人为副组长，相关部门单位负责人为成员的榆林市绥德“8.31”产妇坠楼事件调查处置领导小组。
24 13 9 2 2
领导小组下设调查组、舆情组、善后组3个工作小组，对坠亡事件依法、依纪、依规进行查处。
26 4 4 1 2
8月31日，产妇马某某在榆林市第一医院绥德院区妇产科二病区坠楼身亡，引起社会各界广泛关注。
26 5 4 2 2
榆林市委、市政府和省卫计委主要领导高度重视，成立了“榆林市绥德8.31产妇坠楼事件调查处置领导小组”，在9月2日和5日两次调查的基础上，于9月7日又连夜展开进一步调查。
26 14 9 1 2
据了解，为妥善处理该事件，9月7日，榆林市政府召开了专题会议，成立了由榆林市政府分管领导任组长、绥德县政府、市卫计局、公安局负责人为副组长，相关部门单位负责人为成员的榆林市绥德“8.31”产妇坠楼事件调查处置领导小组。
26 15 9 2 2
领导小组下设调查组、舆情组、善后组3个工作小组，对坠亡事件依法、依纪、依规进行查处。
27 4 2 1 2
8月31日，产妇马某某在榆林市第一医院绥德院区妇产科二病区坠楼身亡，引起各界广泛关注。
27 5 2 2 2
官方成立了“榆林市绥德8.31产妇坠楼事件调查处置领导小组”，在9月2日和5日两次调查的基础上，于9月7日又连夜展开进一步调查。
27 14 7 1 2
为妥善处理该事件，9月7日，榆林市政府召开了专题会议，成立了由市政府分管领导任组长、绥德县政府、市卫计局、公安局负责人为副组长，相关部门单位负责人为成员的榆林市绥德“8.31”产妇坠楼事件调查处置领导小组。
27 15 7 2 2
领导小组下设调查组、舆情组、善后组3个工作小组，对坠亡事件依法、依纪、依规进行查处。
29 4 4 1 2
产妇马某某在榆林市第一医院绥德院区妇产科二病区坠楼身亡，引起社会各界广泛关注。
29 5 4 2 2
榆林市委、市政府和省卫计委主要领导高度重视，成立了“榆林市绥德8.31产妇坠楼事件调查处置领导小组”，在9月2日和5日两次调查的基础上，于9月7日又连夜展开进一步调查。
29 15 11 1 2
为妥善处理该事件，9月7日，榆林市政府召开了专题会议，成立了由榆林市政府分管领导任组长、绥德县政府、市卫计局、公安局负责人为副组长，相关部门单位负责人为成员的榆林市绥德“8.31”产妇坠楼事件调查处置领导小组。
29 16 11 2 2
领导小组下设调查组、舆情组、善后组3个工作小组，对坠亡事件依法、依纪、依规进行查处。
