3 5 5 1 2
其实，这起不幸的事件之所以会引爆网络，一个最根本的原因就是涉事的“榆林一院”在9月3日上午10点在其官方微博上抛出了上述的这个说法。
3 6 5 2 2
而且医院还特别强调“医院的主管医生、助产士和科主任都向家属建议剖腹产，但全都被家属拒绝了”。
3 9 8 1 1
可是，随着媒体的介入，事实的不断清晰，榆林一院在9月3日上午引爆舆论围攻家属的这份情况说明，却越来越禁不起检验了。
3 25 19 1 2
说实话，被榆林一院抹黑成“医闹”的这家人，并没有采取过“医闹”的行为：他们没有去医院放鞭炮，摆花圈，更没有去袭击医院人员。
3 26 19 2 2
他们要的只是一个说法：为什么在[不让家属进]的产房，本该由医院看护的产妇却跳了楼？
3 28 21 1 2
同时，医院的做法也在瓦解过去几年来医疗界和媒体界好不容易才通过一起起真正的医闹案件而构建起的社会对于医疗事故的理性认知。
3 29 21 2 2
这也是为何许多网上医疗界的大V不仅从案件开始就没有给榆林一院说话，更在如今医院被处罚后纷纷对这一结果表示认同的原因。
5 7 5 1 1
为了强化医院管理，10日晚，榆林市卫计局决定对榆林一院绥德院区主要负责人和妇产科主任停职，责成医院即刻对存在的问题和薄弱环节进行整改。
5 13 9 1 1
9月6日凌晨，陕西省榆林市第一医院通过其官方微博发布消息，对倍受社会关注的“8.31产妇跳楼事件”再次作出说明，此次说明中，榆林一院公布视频截图，显示产妇两次下跪要求剖腹产，均遭到拒绝。
6 1 1 1 1
记者11日从榆林市绥德“8·31”孕妇坠楼事件调查处置领导小组了解到，榆林市卫计局已于9月10日晚决定对榆林一院绥德院区主要负责人和妇产科主任停职，并责成医院即刻对管理方面存在的问题和薄弱环节进行整改。
6 5 4 1 2
经过认真分析，调查组认为这次孕妇坠楼事件，主观上反映出医院对孕妇的人文关怀和周到服务不够，另一方面客观上也反映出了医院在管理上存在一定的疏漏，主要有：一是未能落实紧急情况下人员调配制度，医护人员的配备不能满足紧急情况下工作需要；二是监护存在漏洞，医护人员对孕妇观察不够细致，病程记录不够完整，对孕妇的整体评估不够全面，与患者沟通交流不够；三是医疗安全管理上存在薄弱环节，如门禁制度、患者安全管理制度和孕妇安全制度落实不到位。
6 6 4 2 2
为了强化医院管理，9月10日晚，榆林市卫计局已决定对榆林一院绥德院区主要负责人和妇产科主任停职，责成医院即刻对存在的问题和薄弱环节进行整改。
8 1 1 1 1
11日上午，记者从榆林市绥德“8·31”孕妇坠楼事件调查处置领导小组了解到，榆林市卫计局已于9月10日晚决定对榆林一院绥德院区主要负责人和妇产科主任停职，并责成医院即刻对管理方面存在的问题和薄弱环节进行整改。
8 2 2 1 2
经过认真分析，调查组认为这次孕妇坠楼事件，主观上反映出医院对孕妇的人文关怀和周到服务不够，另一方面客观上也反映出了医院在管理上存在一定的疏漏，主要有：一是未能落实紧急情况下人员调配制度，医护人员的配备不能满足紧急情况下工作需要;二是监护存在漏洞，医护人员对孕妇观察不够细致，病程记录不够完整，对孕妇的整体评估不够全面，与患者沟通交流不够;三是医疗安全管理上存在薄弱环节，如门禁制度、患者安全管理制度和孕妇安全制度落实不到位。
8 3 2 2 2
为了强化医院管理，9月10日晚，榆林市卫计局已决定对榆林一院绥德院区主要负责人和妇产科主任停职，责成医院即刻对存在的问题和薄弱环节进行整改。
8 7 5 1 2
经过认真分析，调查组认为这次孕妇坠楼事件，主观上反映出医院对孕妇的人文关怀和周到服务不够，另一方面客观上也反映出了医院在管理上存在一定的疏漏，主要有：一是未能落实紧急情况下人员调配制度，医护人员的配备不能满足紧急情况下工作需要;二是监护存在漏洞，医护人员对孕妇观察不够细致，病程记录不够完整，对孕妇的整体评估不够全面，与患者沟通交流不够;三是医疗安全管理上存在薄弱环节，如门禁制度、患者安全管理制度和孕妇安全制度落实不到位。
8 8 5 2 2
为了强化医院管理，9月10日晚，榆林市卫计局已决定对榆林一院绥德院区主要负责人和妇产科主任停职，责成医院即刻对存在的问题和薄弱环节进行整改。
9 2 2 1 1
今天（9月11日）上午，记者从榆林市绥德“8·31”孕妇坠楼事件调查处置领导小组了解到，榆林市卫计局已于9月10日晚决定对榆林一院绥德院区主要负责人和妇产科主任停职，并责成医院即刻对管理方面存在的问题和薄弱环节进行整改。
9 5 4 1 2
经过认真分析，调查组认为这次孕妇坠楼事件，主观上反映出医院对孕妇的人文关怀和周到服务不够，另一方面客观上也反映出了医院在管理上存在一定的疏漏，主要有：一是未能落实紧急情况下人员调配制度，医护人员的配备不能满足紧急情况下工作需要；二是监护存在漏洞，医护人员对孕妇观察不够细致，病程记录不够完整，对孕妇的整体评估不够全面，与患者沟通交流不够；三是医疗安全管理上存在薄弱环节，如门禁制度、患者安全管理制度和孕妇安全制度落实不到位。
9 6 4 2 2
为了强化医院管理，9月10日晚，榆林市卫计局已决定对榆林一院绥德院区主要负责人和妇产科主任停职，责成医院即刻对存在的问题和薄弱环节进行整改。
10 1 1 1 2
霍军伟，陕西榆林一院绥德院区妇产科副主任，日常负责产科临床工作，8月31日事发时当班。
10 2 1 2 2
医院病程记录显示，产妇马某某入院后，主治医师李瑞琴向霍军伟汇报了病情。
12 1 1 1 3
9月8日，新京报记者来到绥德产妇坠楼当事医院，榆林一院绥德院区，独家专访了事发当日下午的值班助产士张帆。
12 2 1 2 3
医院此前公布的“家属三次拒绝剖宫产”记录中，前两条的记录人均为张帆。
12 3 1 3 3
她透露，当天她与家属沟通时，并未向家属提议进行剖宫产；她同时解释，她记录在护理记录单上的“家属拒绝手术”字样只是一种医学上的术语表达。
14 1 1 1 3
8月31日，陕西榆林临盆孕妇马茸茸因为产前疼痛难忍，从榆林市第一医院（以下简称榆林一院）5层的妇产科坠楼身亡，此后，围绕“产妇要求剖宫产却被拒绝”这一问题，产妇家属和榆林一院各执一词。
14 2 1 2 3
9月8日凌晨，榆林市就马茸茸坠楼一事发布初步调查结果，表示榆林一院符合诊疗规范，但存在监护不到位等问题。
14 3 1 3 3
马茸茸家属表示，调查结果并未涉及产前两小时左右，马茸茸要求剖宫产却被拒绝的内容，他们接下来或将诉诸法律程序。
14 1 1 1 3
8月31日，陕西榆林临盆孕妇马茸茸因为产前疼痛难忍，从榆林市第一医院（以下简称榆林一院）5层的妇产科坠楼身亡，此后，围绕“产妇要求剖宫产却被拒绝”这一问题，产妇家属和榆林一院各执一词。
14 2 1 2 3
9月8日凌晨，榆林市就马茸茸坠楼一事发布初步调查结果，表示榆林一院符合诊疗规范，但存在监护不到位等问题。
14 3 1 3 3
马茸茸家属表示，调查结果并未涉及产前两小时左右，马茸茸要求剖宫产却被拒绝的内容，他们接下来或将诉诸法律程序。
14 9 6 1 1
而根据事先榆林一院在其官方微博上公布的监控视频显示，在马茸茸坠楼事件发生前两小时左右，马茸茸曾多次走出待产室，期间还多次跪地，在这个过程中，除了马茸茸的家人外，还有其他产妇的家属上前帮忙搀扶。
14 11 8 1 3
8日上午，北青报记者联系了榆林市卫计委的工作人员，他们表示，目前已成立专门的调查组协助调查“产妇坠楼”事件。
14 12 8 2 3
对于此前坠亡产妇丈夫曾称，有其他待产妇家属能证明，马茸茸几次走出待产室要求剖宫产时，他说过“可以剖宫产”的话，工作人员表示，调查组已考虑到这点，正在向其他现场目击者了解情况。
14 13 8 3 3
随后，北青报记者又联系了榆林一院的负责人杨院长，但暂未获得进一步消息。
18 18 11 1 2
◆2017年9月6日凌晨1点03分，榆林一院官方微博再次发布情况说明，公布监控视频截图称产妇下跪求家属剖腹产，又称产妇全权授权丈夫负责，因产妇不撤回授权。
18 19 11 2 2
医院无权改变生产方式。
19 4 3 1 3
9月8日上午，北青报记者联系了榆林市卫计委的工作人员，他们表示，目前已成立专门的调查组协助调查“产妇坠楼”事件。
19 5 3 2 3
对于此前坠亡产妇丈夫曾称，有其他待产妇家属能证明，马茸茸几次走出待产室要求剖腹产时，他说过“可以剖腹产”的话，工作人员表示，调查组已考虑到这点，正在向其他现场目击者了解情况。
19 6 3 3 3
随后，北青报记者又联系了榆林一院的负责人杨院长，但暂未获得进一步消息。
28 1 1 1 5
[独家完整监控视频：产妇坠楼到医护人员出现用时21分钟]8月31日20时13分29秒，陕西榆林一院绥德院区产妇马某某坠楼砸在三轮车上。
28 2 1 2 5
33分25秒，两名医护人员下楼寻找产妇马某某。
39 9 7 1 1
榆林一院两次说明均表示：主管医生多次向产妇、家属说明情况，建议行剖宫产终止妊娠，产妇及家属均明确拒绝，坚决要求以催产素诱发宫缩经阴道分娩，并在《产妇知情同意书》上签字确认顺产要求。
39 45 31 1 1
榆林市第一医院提供的授权委托书显示，委托人（即产妇马某）根据自身情况，自愿决定在榆林一院住院期间授权延壮壮（马某丈夫）为委托代理人，委托权限包括：选择和决定前述有关医疗活动的同意书。
42 5 2 1 2
9月6日，榆林市第一医院（简称“榆林一院”）就此再发声明，出示事发经过的监控画面截图，称产妇曾下跪，多次“与家属沟通（剖宫产）被拒绝”。
42 6 2 2 2
随后，家属方告诉北京青年报记者，监控画面中并未记录声音，“下跪”画面系因产妇疼痛难忍下蹲，并称产妇数次要求剖宫产，其丈夫都答应了，是医院方未实施手术。
42 7 3 1 2
8月31日晚6时许，待产妇马茸茸，从榆林一院5楼坠下身亡，带着腹中足月的孩子。
42 8 3 2 2
连日来，就“产妇坠亡前，曾提出剖宫产被拒绝”这一细节，家属、医院双方就“谁拒绝剖宫产”各执一词。
42 20 10 1 2
8月30日下午3点多，马茸茸被送进了榆林一院的产科病房。
42 21 10 2 2
王梅告诉北青报记者，这个时间比儿媳原定的预产期，推迟了一周时间。
42 35 19 1 1
之后就出现了榆林一院公布的监控视频内的情况。
42 51 28 1 2
9月6日上午，北青报记者致电榆林市卫计局，工作人员称，他们已经派员开始调查“产妇在医院坠亡”事件了。
42 52 28 2 2
榆林一院的杨院长也对北青报记者确认，涉事的两名医生目前正在接受调查。
42 53 29 1 3
9月6日，涉事的榆林一院再次发表声明称，公安部门已出具书面调查结论：排除他杀，产妇系跳楼自杀。
42 54 29 2 3
但究竟是谁拒绝剖宫产？马茸茸是下跪请求剖腹产还是疼得站不住？这些问题仍然没有答案。
42 55 29 3 3
同时有媒体质疑马茸茸婆家为了她生二胎考虑坚持顺产要求，真相到底是什么？
42 58 31 1 2
6日上午，北青报记者联系到了坠亡产妇丈夫延壮壮的堂哥，对于榆林一院的二次声明，他表示家属不认可。
42 59 31 2 2
延壮壮的堂哥说，监控视频中马茸茸不是下跪要求剖腹产，而是疼痛时的下蹲动作，但蹲不下去，最终跪在地下。
42 75 39 1 1
这位主任医师表示，无痛分娩并不是所有医院都有的，她不知道榆林一院是否有无痛分娩项目，这个项目并非全面普及。
42 81 42 1 2
9月6日，涉事的榆林一院曾发表声明称，生产期间，产妇因疼痛烦躁不安，多次离开待产室，向家属要求剖宫产，主管医生、助产士、科主任也向家属提出剖宫产建议，均被家属拒绝。
42 82 42 2 2
院方进一步解释，因产妇签署了《授权书》，授权其丈夫全权负责签署一切相关文书，“在她本人未撤回授权且未出现危及生命的紧急情况（产程记录产妇血压、胎心正常）时，未获得被授权人同意，医院无权改变生产方式。”
46 2 2 1 1
在昨天榆林一院发布的声明被产妇家属质疑后，今天凌晨，榆林一院再次发布声明，摆出《产妇住院知情同意书》、《护理记录单》等证据，指出产妇夫妇“签字、按指纹确认顺产意愿”，“三次拒绝（顺产）”，还提供视频截图，称产妇下跪与家属沟通被拒绝。
46 6 6 1 2
但令公众感到不可思议的是，榆林一院连发两篇声明，居然丝毫不提及自己的责任。
46 7 6 2 2
在这个悲剧性事件当中，医院真得能撇清所有关系吗？
46 8 7 1 1
榆林一院是怎么看护分娩中心产妇的？
46 21 18 1 1
榆林一院在回应“为何必须家属签字”时提到，产妇签署了《授权书》，授权其丈夫全权负责签署一切相关文书，在她本人未撤回授权且未出现危及生命的紧急情况（产程记录产妇血压、胎心正常）时，未获得被授权人同意，医院无权改变生产方式。
46 24 21 1 1
从榆林一院的回应来看，似乎每个环节都非常小心谨慎地征求了产妇和家属意见，尤其是在医患关系紧张的当下，貌似每一道手续都可以让其免去法律责任。
46 29 26 1 1
榆林一院让产妇家属在意见书上签字时，是否尽到了告知义务？这之所以重要，是因为必要的风险告知，也关系到事后家属的坚持。
46 31 28 1 1
在榆林一院曝光的视频画面中，声明将某些片段解读为产妇给家属下跪请求剖宫产。
46 36 31 1 2
事实上，榆林一院两次声明，都试图将所有的责任推卸给死者家属，对自己的责任没有任何说明，也没有让公众看到应有的担当。
46 37 31 2 2
这样合适吗？
48 73 45 1 1
转载来源：央广新闻，资料：辽沈晚报、钱江晚报、法制晚报、北京青年报、华商报、重庆时报、榆林一院、新闻哥等。
53 27 17 1 1
榆林市第一医院提供的授权委托书显示，委托人（即产妇马某）根据自身情况，自愿决定在榆林一院住院期间授权延壮壮（马某丈夫）为委托代理人，委托权限包括：选择和决定前述有关医疗活动的同意书。
54 6 4 1 3
9月6日上午，记者联系到坠亡产妇丈夫的堂哥延力(化名)。
54 7 4 2 3
对于榆林一院的二次声明，他称，家属不认可。
54 8 4 3 3
延力说，监控中产妇不是下跪，是疼痛时的下蹲动作，并不是向家属下跪要求剖腹产。
54 15 8 1 2
随后，记者联系了榆林一院的杨院长，询问坠亡产妇的主治医生能否公开发声。
54 16 8 2 2
杨院长称，涉事的两名医院目前正在接受调查。
56 33 21 1 3
9月6日上午，北青报记者联系到坠亡产妇丈夫的堂哥延力（化名）。
56 34 21 2 3
对于榆林一院的二次声明，他称，家属不认可。
56 35 21 3 3
延力说，监控中产妇不是下跪，是疼痛时的下蹲动作，并不是向家属下跪要求剖腹产。
56 42 25 1 3
随后，北青报记者联系了榆林一院的杨院长，询问坠亡产妇的主治医生能否公开发声。
56 43 25 2 3
杨院长称称，涉事的两名医院目前正在接受调查。
56 44 25 3 3
9月6日上午，北青报记者致电榆林市卫计局，工作人员称，已有人员介入调查“产妇马某在医院坠亡”一事。
58 12 4 1 3
9月6日上午，北青报记者联系到坠亡产妇丈夫的堂哥延力（化名）。
58 13 4 2 3
对于榆林一院的二次声明，他称，家属不认可。
58 14 4 3 3
延力说，监控中产妇不是下跪，是疼痛时的下蹲动作，并不是向家属下跪要求剖腹产。
58 21 8 1 3
随后，北青报记者联系了榆林一院的杨院长，询问坠亡产妇的主治医生能否公开发声。
58 22 8 2 3
杨院长称称，涉事的两名医院目前正在接受调查。
58 23 8 3 3
9月6日上午，北青报记者致电榆林市卫计局，工作人员称，已有人员介入调查“产妇马某在医院坠亡”一事。
