三星 10.0 0.314429585016 0.4625 0.505437682868 0.628933589444 0.465188065247 0.0419243986254 0.233333333333
分析师 0.0 0.171399437842 0.321428571429 0.33983409621 0.909081971624 0.401121534082 0.0 0.214285714286
成本 20.0 0.424439576952 0.214285714286 0.508046679981 0.705386109392 0.500231928898 0.020618556701 0.214285714286
系列 0.0 0.211295787458 0.216666666667 0.355108026137 0.922410600458 0.488786494221 0.0 0.211111111111
第一 0.0 0.298508276854 0.375 0.212721582501 0.966205429857 0.654936512685 0.0 0.0
发货 0.0 0.304366730459 0.214285714286 0.287525321589 0.837970536673 0.501396518794 0.0441826215022 0.214285714286
分钟 0.0 0.32900234722 0.2 0.580630598822 0.677942091586 0.365316274244 0.0 0.233333333333
证券 0.0 0.147473373089 0.214285714286 0.351243851059 0.897297032669 0.280437522122 0.0 0.214285714286
新浪 0.0 0.23863014358 0.375 0.0 0.930363341352 0.451897357685 0.0 0.0
更新 0.0 0.301250496358 0.375 0.0176718546094 0.903384602424 0.612662669833 0.0309278350515 0.0
消息 0.0 0.227450341369 0.375 0.156722786086 0.94118953785 0.601160708053 0.0103092783505 0.0
应该 0.0 0.165832264096 0.375 0.207967676693 0.91706447794 0.595241309494 0.0 0.0
全面 0.0 0.243357094754 0.148026315789 0.172571977947 0.872763221751 0.427970887477 0.0 0.440789473684
用户 0.0 0.398975641192 0.375 0.1435347718 0.952558767944 0.806830923296 0.0103092783505 0.0
之前 0.0 0.182665652045 0.375 0.128580159849 0.947872307476 0.687804050539 0.0103092783505 0.0
已经 0.0 0.347109664165 0.375 0.115318602992 0.953090158751 0.790363139011 0.0 0.0
搭载 0.0 0.274692408447 0.375 0.132427134351 0.925896848098 0.530969446333 0.0 0.0
功能 0.0 0.400868557897 0.375 0.191941237024 1.0 0.719566507365 0.0103092783505 0.0
升级 0.0 0.215027462184 0.375 0.27758972488 0.989602591619 0.616054625983 0.020618556701 0.0
最新 0.0 0.186243958367 0.375 0.2138557402 0.953019931976 0.524470969449 0.0 0.0
销量 0.0 0.407477371948 0.375 0.486860792387 0.927860876081 0.614138514253 0.0412371134021 0.0
依然 0.0 0.164890688219 0.375 0.162954529995 0.967307962637 0.618293473951 0.0103092783505 0.0
屏幕 0.0 0.500902065411 0.208333333333 0.293498484678 0.922325088969 0.623929990286 0.0057273768614 0.222222222222
价格 0.0 0.514958514398 0.375 0.266869275529 0.986187399788 0.725943840405 0.020618556701 0.0
科技 0.0 0.274664102022 0.375 0.0709895578978 0.959701276458 0.56061574066 0.0103092783505 0.0
面部 0.0 0.282921310232 0.214285714286 0.286270032395 0.989362447617 0.528637722288 0.00589101620029 0.214285714286
季度 0.0 0.219741704652 0.214285714286 0.349362159138 0.806061786152 0.445065496425 0.0 0.214285714286
iPhone8 0.0 0.451354685891 0.179605263158 0.498494155042 0.84316146164 0.477566901966 0.00423223005969 0.431578947368
iPhone6 0.0 0.253650224876 0.4375 0.427972736869 0.938522966186 0.601688633605 0.0 0.0
速度 0.0 0.346777599259 0.375 0.116095306489 0.982181099635 0.595738573076 0.0 0.0
iPhoneX 0.0 0.0773948093107 0.12610864745 0.2609558826 0.845735271777 0.47333796978 0.0267446910645 0.355875831486
目前 0.0 0.335074905862 0.375 0.10475766811 0.965936728537 0.758687178488 0.0 0.0
产品 0.0 0.487428315946 0.375 0.322550742448 0.945258497648 0.753808371958 0.0103092783505 0.0
认为 0.0 0.217029653396 0.375 0.113521761293 0.968674591116 0.625279108344 0.0 0.0
应用 0.0 0.271916514521 0.375 0.0731028405697 0.922208294575 0.657083776895 0.0 0.0
出现 0.0 0.356683806991 0.375 0.111577355909 0.959307240826 0.674562472879 0.020618556701 0.0
报道 0.0 0.136321764064 0.216666666667 0.232703005926 0.816314081149 0.312081636883 0.0 0.211111111111
带来 0.0 0.300822145553 0.375 0.201397425857 0.996910770755 0.600258531869 0.0 0.0
上市 0.0 0.19725544961 0.375 0.165041455991 0.942630237092 0.576060005679 0.0103092783505 0.0
看到 0.0 0.193127001443 0.375 0.0628717610009 0.928150508903 0.521259613754 0.0 0.0
此前 0.0 0.165832264096 0.375 0.112224417397 0.920664199984 0.604629937237 0.0 0.0
OLED 10.0 0.203326777722 0.100574712644 0.405006915047 0.899442879644 0.437612091587 0.00740609076905 0.298850574713
处理器 0.0 0.299281713521 0.5625 0.374850661038 0.928988999235 0.59999435198 0.0 0.0
FaceID 20.0 0.682543498714 0.375 0.183189735261 0.970922217696 0.754651866862 0.0 0.0
面具 0.0 0.561479545876 0.375 0.797440315657 0.383063545333 0.615490356581 0.0309278350515 0.0
解锁 0.0 0.489111554689 0.375 0.247520590537 0.891411160939 0.674015033929 0.0309278350515 0.0
能够 0.0 0.19725544961 0.375 0.2685149922 0.983093085805 0.617531027029 0.0103092783505 0.0
需求 0.0 0.260408678791 0.375 0.206458166217 0.920789404973 0.596792955232 0.0309278350515 0.0
供应 0.0 0.213582002469 0.375 0.393173372456 0.810301744373 0.572521737161 0.0 0.0
11月 0.0 0.177470435541 0.3125 0.185996324582 0.985260390684 0.555958792745 0.0 0.0
未来 0.0 0.339450382874 0.375 0.211205437083 0.903287590303 0.635032984918 0.0 0.0
识别 0.0 0.320631516998 0.302884615385 0.314147391271 0.858442699582 0.484256056013 0.00555114988105 0.346153846154
无线 0.0 0.174778895438 0.214285714286 0.376506866575 0.956935500373 0.457782828593 0.0 0.214285714286
中国 0.0 0.238819144983 0.375 0.164796761192 0.84360840308 0.571281178323 0.0 0.0
公司 0.0 0.35361945459 0.214285714286 0.229358915039 0.952133391064 0.52900297696 0.0162002945508 0.214285714286
手机 0.0 0.323035780686 0.1125 0.26684994438 0.927491246698 0.546138850538 0.00850515463918 0.35
进行 0.0 0.290099811068 0.375 0.00262107514288 0.963910136486 0.694051302146 0.0 0.0
测试 0.0 0.467761446874 0.214285714286 0.504094382045 0.530622116122 0.344842297123 0.0 0.214285714286
时间 0.0 0.298094741929 0.214285714286 0.253347400075 0.878829155541 0.570925937998 0.0265095729013 0.214285714286
市场 0.0 0.41224239917 0.375 0.276589037926 0.938165502477 0.755678004749 0.0 0.0
表示 0.0 0.220633735326 0.375 0.0966181856164 0.83404121371 0.622113941684 0.0 0.0
苹果 0.0 0.276686353567 0.115384615385 0.294738421607 0.915700324598 0.511033764558 0.11578112609 0.346153846154
英寸 0.0 0.212218798558 0.3359375 0.450195883127 0.865443313302 0.375206498065 0.0180412371134 0.3125
支付 0.0 0.299281713521 0.375 0.111572031592 0.872295120618 0.588358372492 0.020618556701 0.0
完成 0.0 0.2997281951 0.214285714286 0.493297898477 0.549787146755 0.263341605662 0.0 0.214285714286
数据 0.0 0.303236393339 0.375 0.00654468788123 0.864945627828 0.64039910494 0.0103092783505 0.0
预计 0.0 0.213582002469 0.375 0.389327581921 0.896810858904 0.54143511177 0.0103092783505 0.0
安全 0.0 0.284511288523 0.375 0.151933712933 0.774376709054 0.570756692561 0.020618556701 0.0
生产 0.0 0.238327256524 0.375 0.297628771767 0.904806376202 0.587415940981 0.0103092783505 0.0
美元 0.0 0.300853276633 0.375 0.23388131078 0.933481631884 0.585385284666 0.0103092783505 0.0
刘海 0.0 0.385142337275 0.375 0.186924476008 0.915343689106 0.558230684045 0.0103092783505 0.0
达到 0.0 0.165832264096 0.375 0.168651770453 0.975618967225 0.567618663299 0.0 0.0
版本 0.0 0.460881517482 0.375 0.124180623223 0.943692454421 0.695756669325 0.0309278350515 0.0
芯片 0.0 0.282385865547 0.214285714286 0.557374410935 0.601397265429 0.477781643457 0.0103092783505 0.214285714286
设计 0.0 0.227504271414 0.148026315789 0.222056502977 0.840805610036 0.418534465443 0.00813890396093 0.440789473684
问题 0.0 0.286091685737 0.375 0.151296411209 0.92489470478 0.645651426545 0.0 0.0
适配 0.0 0.320361887618 0.375 0.295920866701 0.776609549606 0.608380410409 0.0412371134021 0.0
越狱 0.0 0.661686227256 0.214285714286 1.0 0.0 0.49986263243 0.00589101620029 0.214285714286
官网 0.0 0.2161539815 0.375 0.211197618747 0.932910943462 0.561683972852 0.0309278350515 0.0
显示 0.0 0.171642147727 0.375 0.138578667223 0.978861510023 0.544188638204 0.0 0.0
系统 0.0 0.415173872885 0.375 0.0445178085051 0.904690095485 0.673818993652 0.0 0.0
消费者 0.0 0.463262474854 0.5625 0.344663907114 0.930095311521 0.706207152574 0.0 0.0
使用 0.0 0.323539070206 0.214285714286 0.469597432699 0.603299082642 0.544008831122 0.0117820324006 0.214285714286
指纹 0.0 0.387733644253 0.214285714286 0.355954726798 0.935894404104 0.549559604365 0.00589101620029 0.214285714286
256GB 0.0 0.313774566913 0.3125 0.397709415893 0.816547860483 0.535023823993 0.0309278350515 0.0
摄像头 0.0 0.274692408447 0.5625 0.188033663155 0.969743688859 0.594195560289 0.0 0.0
销售 0.0 0.321925541793 0.375 0.305414165121 0.924304324024 0.669991327162 0.0309278350515 0.0
iPhone8Plus 0.0 0.387035991461 0.390202702703 0.523635941029 0.811401956752 0.444341253705 0.0 0.432432432432
相比 0.0 0.227067346908 0.375 0.139822980419 0.9817553897 0.656984296165 0.0 0.0
售价 20.0 0.379532944738 0.375 0.156107297431 0.891517899299 0.68137357829 0.020618556701 0.0
情况 0.0 0.267243120336 0.375 0.0465437452467 0.961372916312 0.652764067857 0.020618556701 0.0
iPhone 0.0 0.04358484987 0.233443708609 0.188936611317 0.911099719016 0.528680238925 0.501536150748 0.360927152318
现在 0.0 0.293086031227 0.375 0.194186132836 0.949251434798 0.71743660197 0.0 0.0
今年 0.0 0.310482716081 0.375 0.241341750509 0.983553491781 0.656625090276 0.020618556701 0.0
加入 0.0 0.191727667843 0.375 0.184301347071 0.984235685055 0.608081473944 0.0 0.0
高通 30.0 0.535567661443 0.375 0.385034827737 0.768654681942 0.648937736601 0.0309278350515 0.0
支持 0.0 0.388571675043 0.375 0.170163244518 0.922043563601 0.699696664731 0.0515463917526 0.0
产能 0.0 0.256940698517 0.375 0.282728845506 0.898928874517 0.596859323974 0.0412371134021 0.0
购买 0.0 0.27577248968 0.375 0.155059108031 0.914437269495 0.678466695551 0.0 0.0
明年 0.0 0.361014224354 0.375 0.28126987611 0.905123900633 0.616647983857 0.020618556701 0.0
镜头 0.0 0.195210550177 0.145161290323 0.376662268766 0.804621594181 0.32043601544 0.0 0.451612903226
方面 0.0 0.245880727911 0.375 0.2147349529 0.961295400386 0.639857899501 0.0 0.0
需要 0.0 0.265230476655 0.375 0.135543056603 0.989802071894 0.702091306688 0.0103092783505 0.0
推出 0.0 0.314969145483 0.375 0.173474035148 0.97828479907 0.69286135547 0.0103092783505 0.0
韩国 0.0 0.359507535312 0.375 0.312980785675 0.485936345594 0.577800739399 0.020618556701 0.0
技术 0.0 0.315965534022 0.375 0.155613672974 0.992043954202 0.663053457501 0.0 0.0
发售 0.0 0.17285866654 0.216666666667 0.196041884016 0.911679974433 0.393025259248 0.0119129438717 0.211111111111
提升 0.0 0.298389589206 0.375 0.219970920279 0.964075117872 0.653572088823 0.0309278350515 0.0
之后 0.0 0.18349807706 0.375 0.155425699129 0.97658504403 0.641765277509 0.0 0.0
发布 0.0 0.286091685737 0.375 0.00721723120901 0.929660893026 0.675229941168 0.0 0.0
采用 0.0 0.418426042786 0.375 0.218988980813 0.947495949609 0.647624045541 0.0 0.0
iPhone+X 0.0 0.041539717892 0.245689655172 0.181782657508 0.911220733112 0.532077280675 0.519089939566 0.365517241379
新+iPhone 0.0 0.0500185353137 0.212591240876 0.212606558691 0.911317981417 0.510997539748 0.458499510874 0.372262773723
十+周年 0.0 0.0708695471537 0.0 0.50747589128 0.951300214523 0.290507096798 0.0 0.5
全面+屏 10.0 0.218182347255 0.103672985782 0.217327154904 0.866560062911 0.392636603049 0.00130291037605 0.494470774092
原+深感 0.0 0.101849421439 0.0 0.142892603605 0.936730646586 0.344789951109 0.0 0.5
面容+ID 0.0 0.0863594842962 0.0 0.305809674149 0.877145574104 0.300518385709 0.0 0.5
款+手机 0.0 0.326746154399 0.104166666667 0.266515497895 0.931341850146 0.533399119288 0.00773195876289 0.361111111111
基频+芯片 20.0 0.276753916223 0.160714285714 0.64475503045 0.487467518216 0.44798654802 0.0103092783505 0.285714285714
两+款 0.0 0.106177279758 0.0 0.31209702363 0.856271028224 0.288924698698 0.00213295414149 0.5
屏+设计 0.0 0.183833701415 0.103672985782 0.267165974959 0.828024175097 0.3649808079 0.00700314327128 0.494470774092
指纹+识别 10.0 0.376204506712 0.322916666667 0.327721209701 0.873867964796 0.533798089397 0.00687285223368 0.25
人脸+识别 30.0 0.283466138063 0.397727272727 0.31356056183 0.799917754088 0.456022134829 0.00656044985942 0.363636363636
苹果+公司 0.0 0.353678587198 0.1875 0.238547283344 0.940823880793 0.587292499957 0.0987972508591 0.25
面部+识别 30.0 0.355046224198 0.1875 0.297921551787 0.973637490417 0.54417769207 0.00515463917526 0.25
OLED+屏幕 20.0 0.352143835834 0.159090909091 0.351062881915 0.911748423301 0.533181442834 0.00685641000345 0.248803827751
Home+键 0.0 0.12650902981 0.0 0.305323383664 0.920981737095 0.247332644154 0.0 0.5
TechWeb+报道 0.0 0.116660215686 0.158333333333 0.248056954324 0.800970157307 0.249940114449 0.0 0.288888888889
发货+时间 30.0 0.307044482091 0.225 0.2647610644 0.861142575149 0.54426036016 0.0360824742268 0.2
凯基+证券 0.0 0.14200331309 0.160714285714 0.353078569956 0.897229391379 0.249864723627 0.0 0.285714285714
款+iPhone 0.0 0.0450270280008 0.212591240876 0.194368811534 0.909011994691 0.505408257156 0.457446007977 0.372262773723
越狱+工具 0.0 0.548914969674 0.160714285714 1.0 0.0 0.441614407509 0.00441826215022 0.285714285714
苹果+手机 0.0 0.394500486959 0.182432432432 0.24607821016 0.934919826823 0.655388041015 0.0927835051546 0.256756756757
iPhoneX+发售 0.0 0.113109441956 0.195745992602 0.206437715516 0.871277066132 0.486109225753 0.0277117469841 0.259556103576
1-2+周 0.0 0.0815506433551 0.0 0.410020698615 0.731361608513 0.270469441408 0.0103092783505 0.5
分析师+郭明池 10.0 0.14798091302 0.241071428571 0.361131902017 0.902230874426 0.354411678205 0.0 0.285714285714
三星+S9 20.0 0.287341203662 0.475 0.529610704558 0.59596640029 0.430929789297 0.0405498281787 0.266666666667
高+达 0.0 0.0635367659388 0.4375 0.512062647744 0.933378007354 0.365820762433 0.020618556701 0.5
6.5+英寸 10.0 0.205452115794 0.375 0.449089362927 0.860837753616 0.369062613896 0.0185567010309 0.333333333333
iPhone8+系列 0.0 0.369296698361 0.207969432314 0.433872788926 0.881891668278 0.49499109961 0.0027011209652 0.318777292576
5.8+英寸 0.0 0.19295100487 0.291666666667 0.456918956394 0.864247604632 0.357247072672 0.0158075601375 0.333333333333
OLED+屏 20.0 0.204078056853 0.0740574506284 0.381312479302 0.895344139201 0.412856422196 0.00694071702234 0.351885098743
智能+手机 0.0 0.296392633801 0.0992647058824 0.269814810725 0.92257039006 0.532054894071 0.00909642207398 0.367647058824
苹果+官方 0.0 0.248709464705 0.102272727273 0.316336993618 0.907051788219 0.469298532003 0.104029990628 0.363636363636
款+新 0.0 0.11662976429 0.0 0.350022328119 0.922357888767 0.297838994609 0.00184094256259 0.5
下一代+iPhone 20.0 0.0575591648734 0.550956738769 0.356024436794 0.843120854862 0.505371237303 0.438049985419 0.377703826955
黑色+星期五 30.0 0.0553796100106 0.0 0.539417460886 0.748151058855 0.217272269412 0.0 0.5
无线+充电 10.0 0.161593324966 0.160714285714 0.397242703582 0.948442382732 0.427127389511 0.0 0.285714285714
部+iPhoneX 0.0 0.0771132444614 0.117339199029 0.274529692126 0.831256365807 0.459722237787 0.0248848964068 0.365898058252
版+iPhoneX 0.0 0.0793088460183 0.117339199029 0.272620831639 0.846361064333 0.464971498545 0.0248848964068 0.365898058252
两+倍 0.0 0.060466585628 0.0 0.341951186835 0.693496214761 0.242668059334 0.00687285223368 0.5
长+焦 0.0 0.136778055243 0.0 0.45375180989 0.73399465556 0.190135018438 0.0 0.673076923077
焦+镜头 0.0 0.177031551753 0.1 0.40064568156 0.782648768832 0.280031683497 0.0 0.506666666667
30+分钟 0.0 0.311374866607 0.175 0.595696460206 0.647828683854 0.345447461326 0.0 0.266666666667
第四+季度 0.0 0.187356488152 0.160714285714 0.34470188566 0.788272014439 0.405741713533 0.0 0.285714285714
苹果+iPhoneX 0.0 0.215159413646 0.195745992602 0.312301690002 0.861384235248 0.630125123588 0.10741479909 0.259556103576
使用+周期 30.0 0.271478411541 0.160714285714 0.557605778947 0.492728740383 0.452808240365 0.00883652430044 0.285714285714
测试+完成 0.0 0.38958272075 0.225 0.473630947274 0.56721486301 0.319296548962 0.0 0.2
制造+成本 30.0 0.382208775381 0.160714285714 0.584365924679 0.629776656579 0.452718554057 0.020618556701 0.285714285714
全面+屏+设计 20.0 0.174982407362 0.0795454545455 0.205306776672 0.83111893098 0.34128827123 0.0 0.545454545455
iPhone8+和+iPhone8Plus 0.0 0.432176846667 0.284686700767 0.509612407844 0.82961270923 0.467646124795 0.00239934611227 0.425191815857
长+焦+镜头 0.0 0.170322635668 0.0833333333333 0.409496702949 0.774539749953 0.26490982785 0.0 0.537037037037
