城市 0.0 0.172840831577 0.2 0.449582087743 0.870707027965 0.527599211403 0.0105263157895 0.214285714286
首席 0.0 0.175704991496 0.325833333333 0.332887830425 0.969358111865 0.337304116296 0.0 0.447916666667
建立 0.0 0.169842753228 0.08 0.490996390738 0.912924235825 0.649909662567 0.0 0.0
希望 0.0 0.362939737187 0.08 0.607849142627 0.882900226712 0.660232965881 0.0 0.0
中心 0.0 0.330722702489 0.321379310345 0.338262434917 0.920868388354 0.397213999425 0.0 0.431034482759
国际 0.0 0.223475139357 0.273846153846 0.6222386427 0.810596585575 0.378791724284 0.0121457489879 0.346153846154
会展 0.0 0.309876608781 0.330526315789 0.346137476267 0.889255236929 0.226905396822 0.0 0.447368421053
变革 0.0 0.153625112198 0.330526315789 0.74642622782 0.754005313799 0.187357015939 0.0 0.447368421053
国内 0.0 0.150453257799 0.08 0.331107706662 0.973605628576 0.624992369547 0.0 0.0
创始人 0.0 0.240434572558 0.2 0.289960468444 0.990517935017 0.563040698217 0.0105263157895 0.0
应该 0.0 0.35327631028 0.08 0.531580192409 0.880659620193 0.659307045575 0.0 0.0
视频 0.0 0.276932360539 0.152727272727 0.391858190332 0.764620960149 0.532586837702 0.0 0.227272727273
强国 0.0 0.217397955043 0.321379310345 0.739882518662 0.763043554299 0.368687724735 0.00762250453722 0.431034482759
演讲 0.0 0.178255253076 0.08 0.336965072074 0.937864919874 0.619534328029 0.0105263157895 0.0
数字 0.0 0.560277759536 0.273846153846 0.600973634659 0.879818688751 0.406406661185 0.0372469635627 0.346153846154
已经 0.0 0.254307279575 0.2 0.449430289843 0.919712037745 0.62284392867 0.0 0.214285714286
精准 0.0 0.160283372394 0.379769053118 0.437317351314 0.849299003537 0.312505280766 0.0 0.442263279446
基础 0.0 0.278404988583 0.2 0.49051989089 0.940954434226 0.612629388752 0.0 0.214285714286
推动 0.0 0.186332105318 0.29875 0.722798009778 0.787871556905 0.317072869263 0.00328947368422 0.34375
目前 0.0 0.308626282045 0.08 0.362687466537 0.962350662049 0.743466008856 0.0 0.0
战略 0.0 0.266437455245 0.08 0.496378139143 0.918265818991 0.715144174088 0.0 0.0
董事局 0.0 0.167314414396 0.483501094092 0.35019046015 0.91906213966 0.236757211067 0.0 0.46170678337
社会 0.0 0.22389152436 0.273846153846 0.636585217234 0.823765178771 0.373089399804 0.0 0.346153846154
举行 0.0 0.179649041856 0.321379310345 0.431732670086 0.827139243883 0.275100719424 0.0 0.431034482759
包括 0.0 0.256790238739 0.08 0.202471238401 0.994378347305 0.776653182257 0.0 0.0
实现 0.0 0.306050584459 0.08 0.356911658554 0.957223570319 0.820339174362 0.0 0.0
成为 0.0 0.209159965056 0.273846153846 0.605752423735 0.849890450336 0.408177866364 0.00647773279351 0.346153846154
活动 0.0 0.172599894168 0.2 0.420827285502 0.904555290789 0.426627151497 0.0105263157895 0.214285714286
摩拜 0.0 0.173465715493 0.2 0.20300694045 0.922729106087 0.44416714368 0.0 0.214285714286
机会 0.0 0.167298288346 0.08 0.35926619287 0.955476189831 0.579127448693 0.0 0.0
未来 0.0 0.345367015547 0.201373390558 0.527930644841 0.863839286421 0.374728399263 0.0159024169867 0.457081545064
识别 0.0 0.325173037311 0.08 0.384508430851 0.927121454921 0.681949894752 0.0 0.0
政府 0.0 0.193376758378 0.08 0.54147714145 0.880944499212 0.607308612174 0.0 0.0
报道 0.0 0.170906736229 0.08 0.17488447687 0.954995270471 0.550755551642 0.0 0.0
发展 0.0 0.442412169816 0.273846153846 0.635987528876 0.865517566545 0.448198580652 0.0526315789475 0.346153846154
进行 0.0 0.295975102612 0.08 0.339425022822 0.977951807152 0.823985108957 0.0105263157895 0.0
财经 0.0 0.144134338458 0.330526315789 0.214234841902 0.906450048725 0.107521122606 0.0 0.447368421053
化腾 0.0 0.317297355045 0.152727272727 0.331149420496 0.888931881259 0.43448246661 0.0105263157895 0.227272727273
能够 0.0 0.269713133946 0.08 0.373545377507 0.963477087567 0.774290404584 0.0 0.0
机遇 0.0 0.15661963727 0.152727272727 0.536795986882 0.857200837736 0.382152755186 0.00574162679427 0.227272727273
3日 0.0 0.147159918383 0.181067615658 0.318967831848 0.922179701824 0.329791850863 0.0 0.339857651246
召开 0.0 0.146219123582 0.352727272727 0.215921107752 0.785307462697 0.204846697627 0.00921052631578 0.443181818182
亮相 0.0 0.232703640243 0.08 0.245777081934 0.863330072846 0.635119082561 0.0736842105263 0.0
体系 0.0 0.230009988236 0.273846153846 0.769811059058 0.748120972931 0.24569023453 0.0 0.346153846154
显示 0.0 0.210054539805 0.2 0.456783572535 0.6387616091 0.518909501059 0.0 0.214285714286
经验 0.0 0.178255253076 0.08 0.476423098267 0.940478994075 0.551079896523 0.0 0.0
网易 0.0 0.407849978327 0.08 0.229817511998 0.694892515275 0.735264054783 0.0 0.0
开放 0.0 0.21451932188 0.273846153846 0.621498378232 0.88107677372 0.302913766386 0.00323886639677 0.346153846154
工作 0.0 0.353099182112 0.08 0.280319808201 0.982749496652 0.704109851779 0.0105263157895 0.0
蓝皮书 2.0 0.296929075108 0.2 0.705366381377 0.812392008395 0.497306731478 0.0315789473684 0.0
大脑 0.0 0.19753902472 0.136 0.440067773883 0.865948867133 0.47078329161 0.0 0.233333333333
自动 0.0 0.249425851227 0.08 0.299503317615 0.906750717015 0.641854302697 0.0 0.0
企业 0.0 0.267548376585 0.324444444444 0.481190947555 0.893996326852 0.468014917049 0.0123642439432 0.34126984127
讨论 0.0 0.146138377058 0.08 0.280199442968 0.93426210778 0.326316820142 0.0 0.0
意义 0.0 0.199259218275 0.08 0.396613814364 0.909000852015 0.563314427126 0.0 0.0
信息 0.0 0.180042962901 0.324444444444 0.556425729926 0.83001876068 0.407755443904 0.00584795321639 0.34126984127
出行 0.0 0.283322923274 0.2 0.262821965864 0.931630409524 0.464431542118 0.0 0.214285714286
领域 0.0 0.264301288387 0.28 0.526422269352 0.91656124831 0.516173284312 0.0 0.295918367347
主题 0.0 0.153951362433 0.261176470588 0.570846395056 0.902743314375 0.392854267384 0.0 0.411764705882
科技 0.0 0.256829368454 0.246 0.29718457296 0.90952295526 0.49351210909 0.0368421052631 0.35
实体 0.0 0.157052841406 0.413540856031 0.737794411357 0.76649503987 0.184176982734 0.0 0.550583657588
融合 0.0 0.15540741068 0.321379310345 0.656999502321 0.812266709609 0.270084200734 0.0 0.431034482759
2017 0.0 0.392294088673 0.234838709677 0.625633835489 0.824477177702 0.175856498396 0.0 0.41935483871
快手 0.0 0.285446937637 0.08 0.44537891109 0.581979603387 0.568145478789 0.0105263157895 0.0
模式 0.0 0.257786956719 0.08 0.496746398785 0.949836442901 0.640501728813 0.0 0.0
达到 0.0 0.175384289299 0.08 0.444313022409 0.937945758071 0.610817685545 0.0 0.0
智能 0.0 0.216990512139 0.248 0.274395732553 0.90529287439 0.534522465327 0.0042105263158 0.3
论坛 0.0 0.215313545962 0.152727272727 0.456487135397 0.880317524852 0.467202025957 0.0105263157895 0.227272727273
了解 0.0 0.176467152891 0.08 0.446510184174 0.952057726286 0.543056935773 0.0 0.0
柔性 0.0 0.313485502087 0.2 0.631554368666 0.455790653512 0.465445249156 0.006015037594 0.214285714286
共同体 0.0 0.350477097215 0.517168141593 0.674804721819 0.833410603862 0.22596063916 0.0327899394504 0.566371681416
公司 0.0 0.29490706289 0.269847715736 0.361056671972 0.908441855296 0.425730762281 0.0114881111408 0.347715736041
4日 0.0 0.19464847747 0.184186046512 0.424241509055 0.738815111831 0.325972980684 0.0 0.43023255814
空间 0.0 0.422348546075 0.273846153846 0.601460168473 0.901601429309 0.360113504248 0.0323886639676 0.346153846154
资本 0.0 0.347481562805 0.08 0.221643521983 0.819931179439 0.608420114954 0.0 0.0
华为 0.0 0.291114266049 0.244705882353 0.4832900681 0.615285241936 0.564312425825 0.0 0.205882352941
推进 0.0 0.181165368854 0.321379310345 0.767189969335 0.712302505679 0.32607694321 0.0 0.431034482759
大会 0.0 0.114390534104 0.255757575758 0.32763234357 0.908379089478 0.364025815388 0.212918660287 0.348484848485
帮助 0.0 0.200167862668 0.08 0.346791871568 0.926904807959 0.706364507349 0.0 0.0
智慧 0.0 0.159961297999 0.248 0.630821181998 0.81045949247 0.378261804249 0.00736842105265 0.3
增长 0.0 0.18039802795 0.2 0.632669192835 0.868842515265 0.497374052377 0.0 0.214285714286
各国 0.0 0.263812308922 0.330526315789 0.776699682367 0.759322335758 0.342384164223 0.0 0.447368421053
动力 0.0 0.1741759018 0.08 0.620741124087 0.89177226905 0.518902938117 0.0 0.0
全面 0.0 0.220291671969 0.08 0.371418803008 0.918992527178 0.692820035311 0.0105263157895 0.0
主要 0.0 0.21146630743 0.08 0.338672276481 0.993664044212 0.633715576556 0.0105263157895 0.0
解决 0.0 0.239749660876 0.2 0.321653687557 0.94389816852 0.525620807247 0.006015037594 0.214285714286
本届 0.0 0.193880031607 0.352727272727 0.464600026801 0.885972515464 0.26732840189 0.00586124401915 0.443181818182
共建 0.0 0.224935012171 0.330526315789 0.615804356294 0.884101144807 0.165509152727 0.0163434903047 0.447368421053
最新 0.0 0.151493866582 0.244705882353 0.505198554012 0.830557141614 0.336168978723 0.0 0.205882352941
2日 0.0 0.28784880791 0.10064516129 0.397797092694 0.760583606626 0.320012533626 0.0 0.209677419355
地区 0.0 0.185005307948 0.08 0.5506451584 0.893529161338 0.566412724929 0.0 0.0
水平 0.0 0.183470290253 0.08 0.315891945497 0.884046090373 0.568797867196 0.0105263157895 0.0
利用 0.0 0.156209702535 0.08 0.473598715228 0.93664802959 0.6365831441 0.0 0.0
设施 0.0 0.233463315503 0.2 0.533990878494 0.930376844127 0.521990572688 0.0 0.214285714286
能力 0.0 0.178081910378 0.2 0.462493989159 0.88910437092 0.415527941443 0.0 0.214285714286
共同 0.0 0.259703803702 0.273846153846 0.77072482761 0.745378595171 0.28864152749 0.00323886639677 0.346153846154
应用 0.0 0.244467557471 0.244705882353 0.40686949734 0.914660806699 0.54133146396 0.0 0.205882352941
革命 0.0 0.241167325796 0.2 0.691376999346 0.814032616922 0.420560393858 0.0 0.214285714286
平台 0.0 0.476288615846 0.08 0.335914925157 0.969181620814 0.860260823093 0.0 0.0
积极 0.0 0.207035070552 0.08 0.645513762541 0.823270560086 0.621825701461 0.0 0.0
饭局 2.0 0.594782532604 0.08 0.2717977986 0.742684937216 0.73220211144 0.0631578947368 0.0
看到 0.0 0.219957285586 0.08 0.302127325651 0.935588429202 0.702503250378 0.0 0.0
责任 0.0 0.246906782353 0.08 0.461735696829 0.927033104379 0.627510301935 0.0105263157895 0.0
深度 0.0 0.143805136284 0.330526315789 0.695794016335 0.770537299423 0.212437133639 0.003324099723 0.447368421053
举办 0.0 0.156044747771 0.08 0.39309470135 0.88958906584 0.532221186246 0.0 0.0
会议 0.0 0.186834503137 0.08 0.436485925434 0.914964673564 0.678030438518 0.0 0.0
峰会 0.0 0.20245100453 0.2 0.382769306002 0.830523552785 0.512400101129 0.0105263157895 0.214285714286
重要 0.0 0.311332784321 0.08 0.404497449285 0.973417326697 0.722496522247 0.0 0.0
中国 0.0 0.300922553028 0.273846153846 0.615066447109 0.844055939946 0.502482352836 0.0380566801619 0.346153846154
高度 0.0 0.162261475868 0.08 0.493983706759 0.910852175574 0.615545009486 0.0105263157895 0.0
表示 0.0 0.389490161886 0.08 0.363633282472 0.983801867804 0.793706974842 0.0 0.0
苹果 0.0 0.18655397285 0.291428571429 0.375513218926 0.905291466573 0.361446222331 0.0105263157895 0.438775510204
主席 0.0 0.248568624394 0.194285714286 0.509194223362 0.812570709773 0.342895971893 0.00601503759397 0.357142857143
市场 0.0 0.262855102717 0.08 0.442011646827 0.910370381583 0.737316720149 0.0 0.0
浙江 0.0 0.177376116216 0.365989304813 0.362843170824 0.87251397479 0.234654755962 0.0118209963411 0.558823529412
第四 0.0 0.107808278793 0.254210526316 0.282353395204 0.966999929831 0.283990328913 0.231578947368 0.440789473684
单车 0.0 0.148026506316 0.248 0.374067020097 0.915177192207 0.399818393218 0.0 0.3
开幕式 2.0 0.199947029378 0.2 0.473019186465 0.907992129047 0.595530059202 0.0 0.0
安全 0.0 0.314316697157 0.330526315789 0.727755440297 0.775641382044 0.373060915005 0.0124653739612 0.447368421053
不断 0.0 0.278164505304 0.08 0.380664213473 0.943384130511 0.726316805385 0.0 0.0
项目 0.0 0.2573599847 0.08 0.434736568756 0.947599215098 0.680843747012 0.0105263157895 0.0
内容 0.0 0.222911694749 0.08 0.51777533108 0.921935787412 0.716278475644 0.0105263157895 0.0
投资 0.0 0.249425851227 0.08 0.237724096718 0.953229843376 0.717261796898 0.0 0.0
网络 0.0 0.519815215634 0.273846153846 0.600755962778 0.889407725622 0.472232687583 0.0429149797571 0.346153846154
新闻 0.0 0.246906782353 0.08 0.170337278189 0.875662649345 0.710011692445 0.0210526315789 0.0
问题 0.0 0.351053017002 0.08 0.409627448739 0.96452799172 0.75436474389 0.0105263157895 0.0
股吧 0.0 0.131301699607 0.321379310345 0.226417836795 0.899934360602 0.0156483010331 0.0 0.431034482759
计划 0.0 0.248920825043 0.2 0.627018096158 0.535595587723 0.391969961846 0.0105263157895 0.214285714286
指出 0.0 0.190151501659 0.08 0.643017314448 0.873975352046 0.504058699146 0.0 0.0
进入 0.0 0.151323443495 0.29875 0.694088370292 0.749052243883 0.237555199822 0.0 0.34375
关键 0.0 0.162845401706 0.330526315789 0.78501853428 0.719834374186 0.200904320507 0.0 0.447368421053
参与 0.0 0.134821680635 0.321379310345 0.69190133489 0.781935906698 0.316029949927 0.0 0.431034482759
需要 0.0 0.335464233334 0.08 0.27385645351 0.961225421784 0.788053379453 0.0 0.0
挑战 0.0 0.225192683626 0.08 0.62015832362 0.799146584727 0.493575533764 0.0 0.0
推出 0.0 0.274509167702 0.08 0.190398859383 0.912612925872 0.659414678674 0.0 0.0
数据 0.0 0.52278294751 0.08 0.43612710786 0.951406974673 0.768865096019 0.0 0.0
治理 0.0 0.253862815972 0.273846153846 0.725755367553 0.79489552225 0.289014770586 0.00323886639677 0.346153846154
构建 0.0 0.252500484742 0.321379310345 0.746115212761 0.803494594861 0.340076380271 0.0 0.431034482759
前沿 0.0 0.185528354629 0.291428571429 0.588841799573 0.831994700243 0.270962564649 0.0 0.438775510204
本次 0.0 0.139251787367 0.2 0.525136330666 0.880263159526 0.43240478873 0.0 0.214285714286
董事长 0.0 0.164065367422 0.274666666667 0.219766250722 0.977722752211 0.443199876731 0.0 0.233333333333
地点 0.0 0.378619165132 0.136 0.730359379875 0.425584731889 0.189186125078 0.0 0.233333333333
翻译 0.0 0.341862582006 0.152727272727 0.733432758835 0.200873875547 0.480815828876 0.0105263157895 0.227272727273
集团 0.0 0.236098111722 0.08 0.305719786223 1.0 0.664086419688 0.0 0.0
第一 0.0 0.263828467938 0.152727272727 0.310362694488 0.974680265032 0.577651257255 0.0172248803828 0.227272727273
人类 0.0 0.3339973302 0.2 0.465540898112 0.908058471055 0.567896021484 0.0 0.214285714286
第三 0.0 0.20720878831 0.08 0.283022186204 0.984377594492 0.650371712976 0.0 0.0
趋势 0.0 0.163122235867 0.291428571429 0.606159648728 0.845137033352 0.280380862659 0.0 0.438775510204
沈南鹏 0.0 0.280071614966 0.2 0.37554429287 0.511814121524 0.585932698795 0.0105263157895 0.0
超过 0.0 0.285339636787 0.08 0.269687109641 0.97136261359 0.728257641945 0.0 0.0
新浪 0.0 0.151172516045 0.321379310345 0.197316478691 0.910618083645 0.172478369433 0.0261343012704 0.431034482759
目标 0.0 0.199259218275 0.08 0.367527403319 0.940200552763 0.60433752509 0.0 0.0
物联网 0.0 0.184293778387 0.2 0.507440661597 0.922529076873 0.520095361464 0.0 0.0
介绍 0.0 0.270386658841 0.08 0.288474019919 0.946915353721 0.640824857626 0.0 0.0
关注 0.0 0.190259370128 0.08 0.280766530842 0.963826099373 0.695872956938 0.0105263157895 0.0
学习 0.0 0.163558219382 0.08 0.319035354576 0.961436929646 0.625940666242 0.0 0.0
世界 0.0 0.113846999301 0.246 0.252454453789 0.902229333098 0.323870590624 0.267894736842 0.35
过去 0.0 0.235032692944 0.201373390558 0.592775349259 0.86826243157 0.278580758443 0.0 0.457081545064
金融 0.0 0.271886247632 0.2 0.534505799455 0.663856093975 0.547967967896 0.006015037594 0.214285714286
经济 0.0 0.637847081907 0.273846153846 0.588362845078 0.915881111167 0.472713968942 0.0477732793522 0.346153846154
系统 0.0 0.460757312434 0.08 0.308443054206 0.925669593838 0.807249050346 0.0 0.0
北京 0.0 0.143326142672 0.08 0.421548063702 0.969244201787 0.583786229261 0.0 0.0
乌镇 0.0 0.116806243779 0.273846153846 0.231985722138 0.903290892072 0.407470784054 0.173279352227 0.346153846154
带来 0.0 0.254484890474 0.08 0.453927104212 0.946511752643 0.662137356567 0.0105263157895 0.0
行业 0.0 0.205776564622 0.244705882353 0.41615963042 0.861441905564 0.544109156799 0.0210526315789 0.205882352941
腾讯 0.0 0.380109162457 0.08 0.270125134497 0.987042976184 0.734688421721 0.0 0.0
今天 0.0 0.262936890036 0.08 0.253907921564 0.966717074219 0.652375087278 0.0105263157895 0.0
参加 0.0 0.215814294068 0.08 0.151694517284 0.89908562742 0.621709001814 0.0 0.0
博览会 0.0 0.314376905714 0.2 0.485938514346 0.879412733829 0.524074489722 0.0105263157895 0.0
生活 0.0 0.272875618884 0.08 0.371450088311 0.92889174431 0.70878707409 0.0315789473684 0.0
移动 0.0 0.148274873054 0.28 0.518333335769 0.874548035373 0.48407114887 0.0 0.295918367347
我国 0.0 0.249425851227 0.08 0.550798999772 0.886884641762 0.643084519084 0.0 0.0
广泛 0.0 0.130342746967 0.291428571429 0.758214437188 0.727296473347 0.190495998656 0.0 0.438775510204
搜狐 0.0 0.415000802293 0.08 0.21855835766 0.848314579034 0.669440760709 0.0 0.0
指数 0.0 0.219692736469 0.330526315789 0.847601620036 0.490886089817 0.213650660206 0.0 0.447368421053
嘉宾 0.0 0.163391760648 0.212903225806 0.542126996974 0.843218775002 0.465647158369 0.00407470288626 0.306451612903
互联网 0.0 0.0816634894395 0.369208633094 0.366276307654 0.907190102737 0.547752433175 0.573722074972 0.356115107914
总裁 0.0 0.217897460631 0.152727272727 0.232678144885 0.882401755883 0.45581753444 0.0 0.227272727273
媒体 0.0 0.227501262626 0.2 0.238970384949 0.842083924616 0.583007874272 0.0 0.214285714286
手机 0.0 0.214278457369 0.2 0.252454768727 0.897290987023 0.579766566214 0.0120300751879 0.214285714286
丁磊 2.0 0.355888489658 0.08 0.171478727056 0.838516722037 0.685498475728 0.0315789473684 0.0
报告 0.0 0.461323438714 0.296216216216 0.714237859273 0.797446241728 0.165746397483 0.0203210729526 0.451737451737
时间 0.0 0.271212295835 0.2 0.271889938554 0.957805267734 0.51422547482 0.0210526315789 0.214285714286
工业 0.0 0.199319924908 0.244705882353 0.341891416276 0.798084421887 0.515314858415 0.0 0.205882352941
时代 0.0 0.235499784058 0.269847715736 0.552149869549 0.839965465291 0.439083833143 0.0149612610206 0.347715736041
美国 0.0 0.254571964942 0.08 0.465944031706 0.957276492537 0.728076229342 0.0 0.0
研究 0.0 0.162261475868 0.08 0.471516848828 0.948221452188 0.592328090828 0.0 0.0
2017年 0.0 0.21240120622 0.226046511628 0.319410340987 0.90537996907 0.431319435621 0.0 0.220930232558
张朝阳 1.0 0.351810636677 0.2 0.157109980804 0.883295910654 0.652463261269 0.0105263157895 0.0
贺信 0.0 0.265590344369 0.287512690355 0.865484787801 0.676092415318 0.291663439751 0.0192359070264 0.568527918782
管理 0.0 0.178961718306 0.08 0.356292042132 0.940178864485 0.660798727362 0.0 0.0
雷军 2.0 0.309371796187 0.08 0.233966484747 0.851455123574 0.609358281438 0.0 0.0
今年 0.0 0.40758295012 0.08 0.26870473156 0.983900883709 0.787386671926 0.0315789473684 0.0
12月 0.0 0.165976326014 0.170969072165 0.413585602754 0.776072326501 0.358832790162 0.0 0.351546391753
用户 0.0 0.310949012798 0.08 0.288365132597 0.95810723015 0.755648276507 0.0 0.0
命运 0.0 0.412216824662 0.357005347594 0.611865334673 0.889373755326 0.245927442242 0.0421052631579 0.446524064171
记者 0.0 0.249205731376 0.246 0.49124173275 0.650451113638 0.391925351365 0.00315789473685 0.35
方面 0.0 0.330637787404 0.08 0.442175500674 0.948881247323 0.754901420098 0.0 0.0
产业 0.0 0.484883908179 0.244705882353 0.50971506451 0.814042623873 0.63144020869 0.0229102167183 0.205882352941
共识 0.0 0.135908836903 0.248 0.828919277501 0.718823687806 0.204033492743 0.0042105263158 0.3
文化 0.0 0.26433029979 0.08 0.41113277569 0.91493984766 0.64314232953 0.0105263157895 0.0
全球 0.0 0.211060540072 0.273846153846 0.502029768674 0.878312029121 0.497957396691 0.0323886639677 0.346153846154
上午 0.0 0.148198503849 0.168888888889 0.304374773071 0.908978794758 0.347089427522 0.0 0.222222222222
技术 0.0 0.306065596589 0.246 0.505500759045 0.918469776356 0.566955629044 0.0118421052632 0.35
国家 0.0 0.18506422824 0.29875 0.656903387011 0.798780985767 0.364694822026 0.0 0.34375
分享 0.0 0.170547954326 0.330526315789 0.679352646574 0.779914412249 0.322255992938 0.003324099723 0.447368421053
发布 0.0 0.210233851414 0.246 0.513561477375 0.890738610104 0.37475057126 0.0378947368421 0.35
进一步 0.0 0.158796683549 0.2 0.345156255512 0.949420337295 0.653837276369 0.0 0.0
整个 0.0 0.167298288346 0.08 0.231367310277 0.981487632236 0.6730155964 0.0 0.0
体验 0.0 0.214124803276 0.08 0.361190363527 0.936505511306 0.651952025621 0.0526315789474 0.0
指标 0.0 0.295651333965 0.330526315789 0.85951256912 0.529125622229 0.231443577177 0.0 0.447368421053
李彦宏 2.0 0.22564174794 0.2 0.105102192515 0.899919993925 0.588398393408 0.0315789473684 0.0
大佬 0.0 0.205901659934 0.244705882353 0.0825404056301 0.853661403163 0.515397656686 0.030959752322 0.205882352941
成果 0.0 0.236409487931 0.273846153846 0.658812817534 0.809393221972 0.340847270852 0.0145748987854 0.346153846154
合作 0.0 0.236342763815 0.273846153846 0.552728571985 0.861501209542 0.438445953005 0.00566801619435 0.346153846154
担心 0.0 0.36753950317 0.2 0.685602451538 0.67845362056 0.338831830491 0.0 0.214285714286
努力 0.0 0.150453257799 0.08 0.622819246536 0.871939109341 0.486795471406 0.0 0.0
习近平 2.0 0.22501333503 0.372307692308 0.80413206105 0.66588758001 0.332861901424 0.0202429149798 0.307692307692
机器 0.0 0.456565582475 0.2 0.568717405283 0.735530666879 0.476692642629 0.0 0.214285714286
库克 2.0 0.205289517825 0.152727272727 0.297913066681 0.906214309589 0.450654206853 0.022009569378 0.227272727273
领先 0.0 0.236238240315 0.357005347594 0.372563711554 0.928689769544 0.364139445071 0.01643681396 0.446524064171
滴滴 0.0 0.33172711511 0.2 0.300619512587 0.91251293677 0.497674212246 0.0120300751879 0.214285714286
提供 0.0 0.25152374002 0.08 0.341738236203 0.98197358806 0.793852811462 0.0105263157895 0.0
开幕 0.0 0.166797654989 0.330526315789 0.417056440775 0.925965111116 0.255617656034 0.0819944598338 0.447368421053
产品 0.0 0.27036278789 0.152727272727 0.434337638158 0.892409002822 0.534502396708 0.0 0.227272727273
创新 0.0 0.396332770657 0.2 0.561044850912 0.886006334309 0.536342728707 0.0180451127819 0.214285714286
认为 0.0 0.395545595604 0.08 0.377866229139 0.94065240818 0.710223224733 0.0 0.0
出现 0.0 0.238074249469 0.08 0.256143856505 0.948972346576 0.697339904179 0.0 0.0
百度 0.0 0.32478104273 0.08 0.296596690447 0.982896351775 0.658727129028 0.0 0.0
近平 0.0 0.197624268155 0.278375634518 0.890725817144 0.658880634332 0.324281592229 0.0161367886722 0.454314720812
携手 0.0 0.216581493575 0.321379310345 0.606473047837 0.885632058106 0.198509970495 0.0148820326679 0.431034482759
浙江省 0.0 0.130849728949 0.448181818182 0.440792912126 0.870715543926 0.20880202178 0.0 0.443181818182
代表 0.0 0.217058311274 0.08 0.442534467611 0.958064267355 0.618394780683 0.0 0.0
知名 0.0 0.114420987791 0.386097560976 0.504309124936 0.841366535437 0.219948259387 0.0 0.423780487805
正在 0.0 0.287356133377 0.08 0.38313016922 0.972193494969 0.763894027784 0.0105263157895 0.0
提出 0.0 0.3099935246 0.08 0.600151239073 0.899407322929 0.684808207331 0.0 0.0
展示 0.0 0.195667817849 0.2 0.481352219876 0.844634548566 0.462473211051 0.006015037594 0.214285714286
交流 0.0 0.206337312468 0.2 0.578315377827 0.875258171804 0.446361743313 0.0 0.214285714286
机器人 0.0 0.297116982866 0.2 0.299498939126 0.942401478028 0.727990528356 0.0210526315789 0.0
马化腾 0.0 0.231986295975 0.2 0.20461151063 0.948035972745 0.559640703789 0.0315789473684 0.0
支付 0.0 0.148616115659 0.2 0.527596932646 0.855472308287 0.482322008156 0.0120300751879 0.214285714286
阿里巴巴 0.0 0.146801123879 0.641139240506 0.394876963275 0.916372027224 0.280384377503 0.0 0.444620253165
交通 0.0 0.285345178917 0.08 0.254466458612 0.951667694591 0.687543445492 0.0105263157895 0.0
执行官 0.0 0.18486947882 0.417254901961 0.320442209137 0.971851917095 0.338927556335 0.0 0.450980392157
越来越 0.0 0.21658931537 0.2 0.372171737806 0.958575234282 0.690775633548 0.0 0.0
方案 0.0 0.187321778021 0.248 0.527290707471 0.86970684284 0.425528490041 0.00736842105265 0.3
传统 0.0 0.185603769924 0.08 0.436631414524 0.926838958433 0.634795373866 0.0 0.0
期间 0.0 0.157241337884 0.2 0.306900748618 0.922328651285 0.404332334841 0.0 0.214285714286
使用 0.0 0.190898112783 0.08 0.199806685553 0.995287591785 0.674062403649 0.0 0.0
扶贫 2.0 0.189202615891 0.350447761194 0.499987977547 0.81436112562 0.351959906279 0.00439905734487 0.425373134328
共享 0.0 0.261418999652 0.273846153846 0.599944134068 0.89116147397 0.406291414422 0.00323886639677 0.346153846154
促进 0.0 0.203078395759 0.330526315789 0.618235818549 0.897628284381 0.183918582559 0.0 0.447368421053
现在 0.0 0.262560033344 0.08 0.25481940587 0.953637227887 0.678443240353 0.0 0.0
现场 0.0 0.276368937969 0.08 0.200197786793 0.952836635086 0.737952911919 0.0315789473684 0.0
服务 0.0 0.423909576236 0.08 0.301813010382 0.970456785949 0.83980154148 0.0210526315789 0.0
人工智能 3.0 0.274197586667 0.541090909091 0.488110552787 0.85297556979 0.470993024079 0.0281339712919 0.459090909091
互联 0.0 0.166575533905 0.2 0.621538072239 0.818433269998 0.46772521603 0.0 0.214285714286
创造 0.0 0.288588302651 0.08 0.605239805315 0.892308221324 0.66106494566 0.0 0.0
组织 0.0 0.181341414428 0.2 0.486718814284 0.87181833809 0.458832176479 0.006015037594 0.214285714286
建设 0.0 0.221496411081 0.321379310345 0.679603861504 0.784753373344 0.421529365838 0.0 0.431034482759
规模 0.0 0.20720878831 0.08 0.475764658461 0.934855974288 0.670122215937 0.0 0.0
新+技术 1.0 0.308241108852 0.242222222222 0.50290275604 0.922636151607 0.567163913584 0.0108187134503 0.361111111111
12月+4日 0.0 0.181872480786 0.184032921811 0.413171314335 0.757659733445 0.367046226261 0.0 0.407407407407
乌镇+世界 0.0 0.100850425122 0.327826086957 0.108122945382 0.864331176769 0.463816580636 0.293821510297 0.391304347826
世界+互联网 0.0 0.0932538196516 0.652590163934 0.199943345843 0.922747167595 0.301043778175 0.364521138913 0.862295081967
互联网+大会 0.0 0.0690141279072 0.662583333333 0.299636293369 0.926972676387 0.280350435667 0.34125 0.861458333333
科技+成果 3.0 0.24278067323 0.43512195122 0.401112937456 0.942970103648 0.41280786558 0.0274711168164 0.634146341463
智能+手机 0.0 0.222758855756 0.22 0.263728716781 0.905084055936 0.566334251768 0.0078947368421 0.25
人类+社会 0.0 0.301728216848 0.22 0.531161084714 0.883322344959 0.517523457766 0.0 0.25
解决+方案 0.0 0.212993941446 0.22 0.439274540119 0.902847906685 0.476872738905 0.00701754385967 0.25
移动+互联网 0.0 0.143576518989 0.295748031496 0.466292085068 0.872202695839 0.545253354448 0.251968503937 0.263779527559
副+总裁 0.0 0.210091164852 0.167272727273 0.238898469622 0.876741084074 0.443136363688 0.0 0.272727272727
成为+全球 0.0 0.274819879565 0.22 0.425016876125 0.935900647818 0.603623100351 0.0315789473685 0.25
人工智能+技术 3.0 0.308442751319 0.445801526718 0.440843230487 0.882828455683 0.571018801252 0.0264363198071 0.358778625954
全球+范围 0.0 0.196420039356 0.283636363636 0.484849105295 0.879347219149 0.463778968141 0.0287081339714 0.363636363636
互联网+行业 0.0 0.15469447526 0.295748031496 0.464214233911 0.83591694807 0.536810832652 0.263240779113 0.263779527559
张+朝阳 1.0 0.15663627906 0.24 0.570227491659 0.590781522713 0.355136683595 0.0105263157895 0.5
第四+届 0.0 0.113809925344 0.270561797753 0.283370067333 0.966483801221 0.259409739463 0.231578947368 0.494382022472
届+世界 0.0 0.131267122345 0.355467980296 0.280478398315 0.966230060691 0.327536435023 0.335286492092 0.605911330049
乌镇+时间 0.0 0.163565985804 0.22 0.224334068312 0.92404091845 0.496057620397 0.143859649123 0.25
董事局+主席 0.0 0.161956048753 0.573608903021 0.35294568243 0.916301429056 0.221510843621 0.0 0.627980922099
互联网+时代 0.0 0.193586474797 0.295748031496 0.403687062563 0.870987146811 0.563537178427 0.258930791546 0.263779527559
20+年 0.0 0.155802620821 0.158420221169 0.559948710999 0.864675693464 0.166351889198 0.0 0.626382306477
人工+智能 3.0 0.197580946869 0.266666666667 0.28562842634 0.902317466751 0.495095604029 0.00350877192983 0.333333333333
互联网+公司 0.0 0.264598012685 0.295748031496 0.427524248052 0.896410594969 0.582801998632 0.25661002901 0.263779527559
互联网+企业 0.0 0.227198800361 0.401361702128 0.412324385415 0.917077627624 0.592940366273 0.248017917133 0.404255319149
互联网+技术 0.0 0.215623733038 0.295748031496 0.435418744176 0.890590561118 0.607558042937 0.258930791546 0.263779527559
中国+互联网 0.0 0.381003578863 0.401361702128 0.460288983305 0.950031727252 0.63419913707 0.291556550952 0.404255319149
浙江+乌镇 0.0 0.165143882567 0.43512195122 0.413840960875 0.859926016612 0.221526379015 0.0133504492939 0.634146341463
乌镇+召开 0.0 0.115280961317 0.22 0.194889701986 0.890586761013 0.417581051902 0.140350877193 0.25
互联网+精准 0.0 0.133501597735 0.401361702128 0.394774412036 0.874525741794 0.420544184597 0.23829787234 0.404255319149
精准+扶贫 3.0 0.188680305888 0.327826086957 0.457829826495 0.840066376488 0.378684460386 0.00240274599543 0.391304347826
分+论坛 0.0 0.18754375271 0.179047619048 0.509509373605 0.86039320338 0.387170616662 0.0105263157895 0.390476190476
信息+技术 0.0 0.300625346868 0.201081081081 0.490598051378 0.933216660179 0.649970327888 0.0136557610242 0.256756756757
首席+执行官 0.0 0.186882555711 0.375414634146 0.32449954144 0.973387143985 0.349578648577 0.0 0.414634146341
基础+设施 0.0 0.257333017985 0.192 0.510544465498 0.936467291455 0.571452825169 0.0 0.2
本届+世界 0.0 0.136548828593 0.327826086957 0.409393082047 0.904437250966 0.33898422279 0.151372997712 0.391304347826
互联网+发展 0.0 0.430039358037 0.6816 0.697343344708 0.830555572881 0.262557473692 0.0467368421053 0.86
新+时代 0.0 0.221142563089 0.289948186528 0.68339016624 0.801594050756 0.378031181753 0.014725934006 0.49481865285
12月+3日 0.0 0.162923721508 0.12593258427 0.401200490073 0.823409567363 0.40290147775 0.0 0.257303370787
3日+上午 0.0 0.155893367428 0.152395437262 0.320867458433 0.924987519171 0.381791702532 0.0 0.243346007605
本届+大会 0.0 0.17716183026 0.207868852459 0.374126755365 0.910083630477 0.420741960197 0.176876617774 0.254098360656
发展+数字 0.0 0.422762262583 0.43512195122 0.637882131847 0.894643842026 0.343847355453 0.0187419768935 0.634146341463
数字+经济 0.0 0.407484240244 0.56 0.636584342619 0.895707920511 0.292752883647 0.0205513784461 0.857142857143
经济+促进 0.0 0.348801656031 0.43512195122 0.597401252437 0.906348580215 0.19504813256 0.018485237484 0.634146341463
促进+开放 0.0 0.208095073478 0.43512195122 0.606703649224 0.901962019707 0.159806483859 0.0023106546855 0.634146341463
开放+共享 0.0 0.28398900212 0.304 0.581579412819 0.912889012246 0.354238770311 0.00473684210528 0.4
携手+共建 0.0 0.223870178004 0.304 0.609877572556 0.884992429259 0.196426633207 0.0152631578947 0.4
共建+网络 0.0 0.221177666532 0.43512195122 0.616428323653 0.884970898583 0.149352324507 0.0184852374839 0.634146341463
网络+空间 0.0 0.330799058042 0.56 0.609859691308 0.891847942549 0.25834995548 0.0270676691729 0.857142857143
空间+命运 0.0 0.412956633701 0.460212014134 0.61227132388 0.89575707337 0.250912670672 0.0421052631579 0.628975265018
命运+共同体 2.0 0.42817053481 0.401361702128 0.608889543206 0.889970850911 0.285057030285 0.0421052631579 0.404255319149
中国+国家 0.0 0.326346583314 0.22 0.597751165581 0.846666959564 0.549984438679 0.028947368421 0.25
国家+主席 0.0 0.270455018762 0.201081081081 0.582135766618 0.85767445704 0.422267362204 0.00512091038406 0.256756756757
习+近平 2.0 0.198223911808 0.289948186528 0.890236837346 0.658420620652 0.317756138108 0.0151622579765 0.49481865285
项+原则 0.0 0.114732674971 0.24 0.917739721354 0.631684755136 0.144068453276 0.0 0.5
推动+世界 0.0 0.155157461614 0.304 0.666020964165 0.794618248597 0.376843505755 0.149210526316 0.4
世界+各国 0.0 0.24587349445 0.43512195122 0.809186261892 0.740829790132 0.297393562322 0.0 0.634146341463
各国+共同 0.0 0.16832958231 0.43512195122 0.803804321846 0.730516918827 0.211977571785 0.0 0.634146341463
共同+搭乘 0.0 0.219019922479 0.460212014134 0.829464102736 0.722719311437 0.205182925687 0.00234331411568 0.628975265018
搭乘+互联网 0.0 0.122029006774 0.460493033226 0.710095374028 0.748209644653 0.303225261091 0.240085744909 0.50857449089
经济+发展 0.0 0.29044789972 0.531214953271 0.696231184757 0.854705132513 0.290946984443 0.0139695031973 0.859813084112
增进+共识 0.0 0.124196218042 0.266666666667 0.831668124722 0.71668396526 0.178881191718 0.00350877192983 0.333333333333
深化+互联网 0.0 0.0980764123958 0.38081300813 0.559432604706 0.813367577381 0.421126037888 0.373127941806 0.369918699187
交流+合作 0.0 0.254924500148 0.22 0.571842579483 0.876822443655 0.481901977909 0.00438596491229 0.25
发展+成果 0.0 0.346644312587 0.327826086957 0.688287555889 0.803489309026 0.427478359582 0.0408466819223 0.391304347826
造福+世界 0.0 0.110460881487 0.261176470588 0.434463488587 0.820599056263 0.309196239938 0.231578947368 0.367647058824
围绕+数字 0.0 0.323660648068 0.367567567568 0.622712523225 0.82206272149 0.232339030386 0.0179231863442 0.513513513514
前沿+技术 0.0 0.300919996309 0.201081081081 0.508726832679 0.906499276923 0.523740261658 0.0076813655761 0.256756756757
空间+治理 0.0 0.328811959956 0.304 0.612325073441 0.887238942875 0.401390014591 0.0118421052632 0.4
世界+经济 0.0 0.348492676325 0.201081081081 0.47141434132 0.902005093503 0.508277491383 0.223044096728 0.256756756757
已经+成为 0.0 0.255861040963 0.22 0.479303297164 0.920227250135 0.582080388638 0.00526315789472 0.25
全球+经济 0.0 0.417375479831 0.22 0.549718456625 0.876703752653 0.597310529471 0.0473684210527 0.25
经济+增长 0.0 0.477441717099 0.22 0.612489412651 0.887905633983 0.550430956931 0.0315789473684 0.25
实体+经济 0.0 0.356921857029 0.304 0.676107036686 0.820052621712 0.347247908925 0.0189473684211 0.4
经济+深度 0.0 0.13137708718 0.43512195122 0.722257882019 0.749478075988 0.155964523668 0.0023106546855 0.634146341463
深度+融合 0.0 0.158245420246 0.304 0.650913414592 0.808770131945 0.282582478545 0.00236842105264 0.4
中国+方案 0.0 0.320158855796 0.22 0.528058710178 0.87626997852 0.550754941838 0.0350877192982 0.25
网络+强国 2.0 0.377581250296 0.304 0.689301277915 0.800778003809 0.460959049008 0.0244736842105 0.4
集中+展示 0.0 0.169680785573 0.24 0.516162883218 0.815547259533 0.380927759018 0.0045112781955 0.285714285714
全球+互联网 0.0 0.199899740956 0.552845528455 0.600929029648 0.84466034697 0.466045799683 0.230637569534 0.630081300813
互联网+国际 0.0 0.260485972813 0.552845528455 0.355583815714 0.900680077268 0.321445749328 0.227642276423 0.630081300813
近平+主席 0.0 0.253993267246 0.278823529412 0.804683720178 0.694665055249 0.37376123694 0.0182662538699 0.411764705882
贺信+中 0.0 0.26672669862 0.277062146893 0.8644868285 0.677629688645 0.299145044336 0.0178412132025 0.54802259887
越+开 0.0 0.0748683956721 0.181538461538 0.867075281814 0.66253082949 0.0133428561561 0.0 0.692307692308
开+越 0.0 0.0748683956721 0.181538461538 0.867075281814 0.66253082949 0.0133428561561 0.0 0.692307692308
构建+网络 0.0 0.39979694583 0.304 0.701328015849 0.826168230473 0.420153998175 0.0189473684211 0.4
互联+互通 0.0 0.150323906076 0.24 0.658007273981 0.790098564382 0.421347968551 0.0 0.285714285714
知识+产权 0.0 0.143120948052 0.36 0.942697087758 0.380682325945 0.316212455215 0.0105263157895 0.5
国际+组织 0.0 0.23528891784 0.22 0.510856793575 0.871070247272 0.488950780341 0.0122807017544 0.25
大会+期间 0.0 0.109002862204 0.207868852459 0.286361249391 0.922411590497 0.411176060692 0.170836928386 0.254098360656
新+产品 0.0 0.245588209586 0.186666666667 0.495532586728 0.8812827043 0.473168785502 0.00280701754385 0.333333333333
发布+活动 0.0 0.21693987106 0.201081081081 0.477639440059 0.894481829372 0.435505719034 0.0324324324324 0.256756756757
马+云 2.0 0.279906852135 0.24 0.347306176682 0.913363377569 0.270212076436 0.0179966044143 0.645161290323
乌镇+互联网 0.0 0.223082365434 0.6816 0.166944318445 0.855231979896 0.211767773022 0.0315789473684 0.86
大会+开幕 2.0 0.140817568965 0.327826086957 0.388307735966 0.923163722732 0.393031014109 0.251830663616 0.391304347826
阿里巴巴+董事局 0.0 0.152482807025 0.591100702576 0.376470219062 0.916810977109 0.263951080122 0.0 0.409836065574
主席+马 0.0 0.196131752112 0.328674698795 0.403121674479 0.893310476154 0.243622710888 0.00507292327202 0.614457831325
主席+兼 0.0 0.241219320797 0.197894736842 0.487527657303 0.824539652561 0.333738894221 0.00554016620497 0.368421052632
兼+CEO 0.0 0.146740461842 0.186666666667 0.300320579643 0.912494306685 0.313538607341 0.0019493177388 0.5
马+化腾 2.0 0.315406292858 0.169032258065 0.334106622899 0.899927949928 0.378138440689 0.0142614601019 0.338709677419
董事长+兼 0.0 0.157573072445 0.255737704918 0.241995300148 0.961017636148 0.398598488501 0.0 0.327868852459
滴滴+出行 1.0 0.318609249712 0.192 0.280294734625 0.923839713177 0.495924278506 0.00631578947367 0.2
兼+首席 0.0 0.170271357929 0.334545454545 0.334069961104 0.967047642273 0.326625414349 0.0 0.486631016043
抵达+乌镇 0.0 0.0973962135166 0.283636363636 0.274096385062 0.830379121435 0.383639217705 0.147368421053 0.363636363636
新浪+财经 0.0 0.151249711227 0.304 0.201913589465 0.910386062794 0.165430467752 0.0142105263158 0.4
财经+股吧 0.0 0.140444954789 0.304 0.217737452934 0.904576788389 0.0727089498338 0.0 0.4
黑+科技 0.0 0.24032317332 0.242222222222 0.276363166307 0.894002301417 0.478482978602 0.0356725146198 0.361111111111
次+发布 0.0 0.192701311162 0.263291139241 0.5836747139 0.851241554702 0.356443215924 0.0411725516322 0.506329113924
卫星+导航 0.0 0.115180477487 0.36 0.519709450158 0.776110085422 0.21948115503 0.0 0.5
一带+一路 2.0 0.136192108481 0.36 0.621447000274 0.858973939542 0.332162085738 0.0210526315789 0.5
中国+经济 0.0 0.460557310468 0.304 0.621146302617 0.87671697718 0.549532029585 0.045 0.4
网+记者 0.0 0.238086454564 0.242222222222 0.503921275623 0.652696947438 0.376722168321 0.00292397660819 0.361111111111
数字+丝绸之路 0.0 0.46440013842 0.381333333333 0.62364814229 0.869251791777 0.439748978416 0.0301754385965 0.366666666667
国际+合作 0.0 0.30887732369 0.22 0.539487956535 0.88720611367 0.545116014548 0.0140350877193 0.25
首+次 0.0 0.159375596309 0.24 0.552662381789 0.870356576594 0.314107540499 0.0305602716469 0.645161290323
发展+报告 3.0 0.522358890846 0.441884816754 0.64528670606 0.834000352069 0.251831826301 0.048939101681 0.633507853403
报告+2017 0.0 0.433975768747 0.24120754717 0.671816496333 0.810968957412 0.196127078208 0.0101688182721 0.396226415094
互联网+领域 0.0 0.223040914437 0.295748031496 0.488778996957 0.908105131593 0.59551202963 0.251968503937 0.263779527559
中新社+记者 0.0 0.244410887999 0.4256394453 0.622277435912 0.445560380674 0.228275253258 0.00238423485525 0.525423728814
记者+杜洋 0.0 0.253181981566 0.432266112266 0.647498972591 0.366624443197 0.192203145871 0.00229784440311 0.636174636175
杜洋+摄 0.0 0.169592070821 0.393254086181 0.759892055071 0.19861686571 0.00649922773325 0.0 0.752971768202
摄+12月 0.0 0.146815240446 0.274796183868 0.646520303598 0.382124547817 0.149682398154 0.0 0.61751951431
未成年人+网络 0.0 0.291632829716 0.531830985915 0.570429165613 0.815176521267 0.308604511421 0.0219421793921 0.535211267606
网络+保护 0.0 0.316811530332 0.42 0.568610250169 0.823661776269 0.33323022098 0.0245614035088 0.5
浙江省+乌镇 0.0 0.103549976374 0.401361702128 0.394593412356 0.88783882519 0.329401981245 0.100963045913 0.404255319149
乌镇+开幕 0.0 0.0926422888263 0.460212014134 0.393328507084 0.90850642617 0.261212699058 0.116644969314 0.628975265018
互联网+大佬 1.0 0.153842687203 0.295748031496 0.267576690581 0.842620669424 0.539890442635 0.263572316618 0.263779527559
乌镇+举行 0.0 0.136053624409 0.304 0.386728156089 0.847898029126 0.377575276384 0.108947368421 0.4
CEO+库克 2.0 0.172585725875 0.169032258065 0.299891354259 0.887602747063 0.373878891056 0.0156196943973 0.338709677419
摩拜+单车 0.0 0.161537871434 0.22 0.30229965077 0.920587095705 0.426764170022 0.0 0.25
短+视频 0.0 0.254223457868 0.167272727273 0.411179428459 0.732871176324 0.49704932211 0.0 0.272727272727
领军+人物 0.0 0.10427956782 0.524728434505 0.499212367448 0.837856944641 0.219413191137 0.0 0.67571884984
两+年 0.0 0.158636052 0.103076923077 0.513735674409 0.860149253531 0.232001603918 0.0 0.5
主席+习近平 3.0 0.267031467309 0.336 0.73262612861 0.711409782061 0.368529013792 0.0162406015038 0.285714285714
习+主席 2.0 0.236602536536 0.267474747475 0.693392277539 0.700032877124 0.33115441499 0.00786815523657 0.494949494949
技术+革命 0.0 0.31471408672 0.201081081081 0.574144617746 0.87132692795 0.55443949351 0.0076813655761 0.256756756757
未来+30 0.0 0.343153838422 0.198100890208 0.553145231863 0.850315712105 0.317662306548 0.0120256129939 0.498145400593
30+年 0.0 0.24692678497 0.158420221169 0.567930911603 0.847519235498 0.178881099056 0.0 0.626382306477
过去+20 0.0 0.201610570027 0.198100890208 0.596203464861 0.864750977627 0.237311939033 0.0 0.498145400593
年+互联网 0.0 0.0890170341215 0.366821705426 0.39606466999 0.8917890721 0.522658838819 0.531293349653 0.364341085271
中国+企业 0.0 0.365464820629 0.22 0.497072805857 0.879280361449 0.599629376974 0.0368421052631 0.25
合作+伙伴 0.0 0.218458005443 0.283636363636 0.538676153213 0.856260938147 0.420654169303 0.00478468899523 0.363636363636
进入+快车道 0.0 0.145584663206 0.330769230769 0.724079472233 0.735405223312 0.216971577283 0.0 0.365384615385
移动+支付 0.0 0.152603439894 0.23593220339 0.516102330133 0.869901430648 0.492813686794 0.00535236396074 0.245762711864
共享+单车 2.0 0.240018090255 0.22 0.524624099628 0.914386998947 0.458946034354 0.00263157894737 0.25
互联网+治理 0.0 0.18624306663 0.552845528455 0.668661877464 0.818165430623 0.370384592161 0.230637569534 0.630081300813
治理+体系 0.0 0.207438643656 0.460212014134 0.77770882819 0.776629140256 0.20616668157 0.0 0.628975265018
体系+变革 0.0 0.147063994669 0.43512195122 0.775610387957 0.73598588485 0.145618690126 0.0 0.634146341463
变革+进入 0.0 0.132531435931 0.43512195122 0.795174199755 0.699542187011 0.108669539463 0.0 0.634146341463
进入+关键 0.0 0.143544266486 0.43512195122 0.741666267926 0.7173496492 0.170915341997 0.0 0.634146341463
关键+时期 0.0 0.157226368849 0.367567567568 0.80338137828 0.705069120574 0.182066725576 0.0 0.513513513514
成为+国际 0.0 0.252166002122 0.304 0.684472188266 0.781798624557 0.364823663963 0.0118421052631 0.4
国际+社会 0.0 0.288742131856 0.304 0.685973342996 0.80378869679 0.427947073335 0.00710526315789 0.4
广泛+共识 0.0 0.142341778561 0.22 0.768538618286 0.742736809398 0.243251166309 0.00263157894737 0.25
发展+共同 0.0 0.377163271567 0.304 0.71205575536 0.757204281937 0.413555826614 0.0355263157896 0.4
共同+推进 0.0 0.260391419334 0.304 0.745581776808 0.737043018392 0.365165289004 0.00236842105264 0.4
安全+共同 0.0 0.320162644953 0.304 0.742406448803 0.748877793288 0.356056912025 0.00947368421053 0.4
共同+维护 0.0 0.22583928752 0.367567567568 0.787074588671 0.71673646259 0.23571056219 0.00256045519204 0.513513513514
治理+共同 0.0 0.298991315156 0.304 0.757642818904 0.744469791647 0.319362385764 0.00473684210528 0.4
共同+参与 0.0 0.234376265984 0.304 0.693735445964 0.790480067946 0.354288342729 0.00236842105264 0.4
成果+共同 0.0 0.283523575897 0.304 0.728377446787 0.753587039108 0.341839785643 0.00947368421053 0.4
共同+分享 0.0 0.27001226041 0.304 0.708032277204 0.776781423563 0.366295947942 0.00473684210528 0.4
共享+经济 2.0 0.560725755458 0.22 0.569363997984 0.911583056567 0.567578384615 0.0342105263158 0.25
建设+网络 0.0 0.372605332692 0.304 0.658412098821 0.80267864708 0.478287505911 0.0189473684211 0.4
数字+中国 1.0 0.314172407869 0.366511627907 0.809692151918 0.740383030871 0.286082563832 0.0154222766218 0.511627906977
智慧+社会 1.0 0.212238835367 0.22 0.605292178536 0.849118568222 0.416291689291 0.00263157894737 0.25
过程+中 0.0 0.11340411115 0.24 0.502998979797 0.853947846057 0.281660359192 0.0 0.5
中国+数字 0.0 0.314172407869 0.366511627907 0.809692151918 0.740383030871 0.286082563832 0.0154222766218 0.511627906977
推动+互联网 0.0 0.178896234821 0.295748031496 0.575135239567 0.830971446244 0.487705139962 0.254289266473 0.263779527559
培育+新 0.0 0.144570564638 0.24 0.699982019893 0.761916705584 0.202773637866 0.00350877192982 0.5
形成+新 0.0 0.125452849906 0.330810810811 0.743132564504 0.726579195367 0.13147164023 0.00284495021336 0.662162162162
新+动能 0.0 0.146406937608 0.330810810811 0.705199791151 0.789884282081 0.185100693129 0.00284495021336 0.662162162162
伙伴+精神 0.0 0.0939414813709 0.36 0.746239196924 0.679085995523 0.174657728037 0.0 0.5
时代+中国 0.0 0.30795195248 0.278823529412 0.665515604678 0.801360648349 0.462619436913 0.032507739938 0.411764705882
2017年+12月 0.0 0.183077495343 0.194482758621 0.396007121737 0.791223800233 0.380475050982 0.0 0.251724137931
产业+互联网 0.0 0.321982440486 0.295748031496 0.500734794585 0.797218486619 0.588985053554 0.262246166598 0.263779527559
本次+大会 0.0 0.095240364541 0.207868852459 0.424747050197 0.894521855258 0.422206689139 0.170836928386 0.254098360656
国家+互联网 0.0 0.166816137931 0.401361702128 0.493519847177 0.827572493421 0.463760129194 0.23829787234 0.404255319149
互联网+信息 0.0 0.109197054178 0.578281008749 0.512747157155 0.770493792651 0.317916000065 0.230571281523 0.625321667524
信息+办公室 0.0 0.160216642687 0.476962025316 0.565850970895 0.785843882762 0.320122158877 0.00408616477905 0.518987341772
互联网+应用 0.0 0.166673966731 0.295748031496 0.460269864727 0.874361256692 0.528185702806 0.251968503937 0.263779527559
智慧+城市 0.0 0.169281739714 0.22 0.549712463084 0.841196439645 0.45245624801 0.00877192982458 0.25
开放+合作 0.0 0.259922419854 0.22 0.607351974664 0.877349238807 0.447332307793 0.00526315789475 0.25
工业+互联网 0.0 0.156254557151 0.295748031496 0.381138283994 0.804790078663 0.535313657175 0.251968503937 0.263779527559
创新+能力 0.0 0.295629885136 0.192 0.503485327491 0.892884706881 0.49305374639 0.00947368421052 0.2
中国+网络 0.0 0.451593432715 0.304 0.594333171944 0.861907996723 0.500416379176 0.0481578947368 0.4
空间+研究院 0.0 0.278287307343 0.448741092637 0.752244030034 0.697165494307 0.285874289901 0.0161020127516 0.526128266033
余+家 0.0 0.0927770229294 0.177142857143 0.435074901828 0.851098730261 0.17981041857 0.0 0.678571428571
网络+安全 3.0 0.544418637835 0.22 0.57898759123 0.917617093875 0.583536554542 0.0359649122807 0.25
发展+指数 0.0 0.330255572193 0.460212014134 0.843399298441 0.424828170582 0.293601071311 0.0328063976196 0.628975265018
指数+指标 0.0 0.202640904209 0.43512195122 0.842674902343 0.530222695016 0.168399168591 0.0 0.634146341463
指标+体系 0.0 0.303773062476 0.304 0.791467856832 0.658181661349 0.303839013093 0.0 0.4
网络+治理 0.0 0.389008855989 0.304 0.64321609428 0.860965108759 0.456289253185 0.0213157894737 0.4
领先+科技 0.0 0.24599894432 0.460212014134 0.360859040411 0.929059475347 0.395507977523 0.0277106193044 0.628975265018
与会+嘉宾 0.0 0.151909656525 0.24 0.576313728607 0.828976614619 0.445133536637 0.00338345864663 0.339285714286
年+前 0.0 0.166609698842 0.103076923077 0.563756153912 0.829468262537 0.231258964192 0.0 0.5
全球+网络 0.0 0.389354571945 0.304 0.595189842522 0.797471747639 0.573898351387 0.0426315789474 0.4
经济+领域 0.0 0.52334621833 0.22 0.532636320136 0.907571328648 0.567451483653 0.0315789473684 0.25
柔性+显示 1.0 0.266812611173 0.192 0.535268822379 0.562640168901 0.501004252064 0.00315789473685 0.2
大会+3日 0.0 0.0997087799012 0.264451612903 0.265241975312 0.922797443013 0.345308537167 0.170322580645 0.387096774194
互联网+领先 0.0 0.127486755083 0.552845528455 0.346996691997 0.909397004209 0.370514985015 0.233204963629 0.630081300813
成果+发布 0.0 0.255413010905 0.304 0.478422564546 0.927805538909 0.417560494577 0.0318421052632 0.4
会展+中心 0.0 0.321344833647 0.304 0.336613163246 0.909903442224 0.335004744183 0.0 0.4
第一+次 0.0 0.222868392685 0.169032258065 0.382677764079 0.945085251088 0.477840039524 0.0210526315789 0.338709677419
ET+大脑 0.0 0.189309593447 0.144 0.451198964879 0.860375789482 0.451516062006 0.0 0.266666666667
苹果+公司 0.0 0.265790931489 0.278823529412 0.354656718099 0.915203315219 0.42195523521 0.0128482972136 0.411764705882
媒体+记者 0.0 0.260260896265 0.201081081081 0.337062323595 0.812336125755 0.547125029904 0.00256045519204 0.256756756757
中国+青年 0.0 0.280476431299 0.31793814433 0.516969977158 0.685013792983 0.334001448845 0.026858383071 0.523195876289
青年+网 0.0 0.129972669205 0.348220858896 0.571667637546 0.598313259592 0.141125378716 0.0 0.647239263804
乌镇+峰会 0.0 0.141086320851 0.22 0.274059604046 0.846057291803 0.52287765554 0.137719298246 0.25
位+嘉宾 0.0 0.152803681042 0.213793103448 0.544515788766 0.836853660413 0.437530538972 0.00362976406534 0.327586206897
金融+科技 0.0 0.256373121359 0.201081081081 0.439065700709 0.711494645208 0.559768776324 0.024466571835 0.256756756757
大会+召开 0.0 0.118944143417 0.327826086957 0.212441299241 0.787699223365 0.298816455262 0.163386727689 0.391304347826
互联网+领军 0.0 0.108983488037 0.460493033226 0.490464716278 0.834899648265 0.376397956438 0.240085744909 0.50857449089
分享+经济 0.0 0.495136542323 0.22 0.542136061703 0.899049547717 0.559133181081 0.0342105263158 0.25
公司+CEO 0.0 0.24428215482 0.289948186528 0.335439134611 0.872941272302 0.333503176538 0.0132533406054 0.49481865285
400+余 0.0 0.0917952791948 0.177142857143 0.434960868164 0.849592872174 0.181008991811 0.0 0.678571428571
创新型+企业 0.0 0.192298904573 0.418913043478 0.503533643272 0.864397044818 0.280554781782 0.00720823798627 0.535326086957
江南+水乡 0.0 0.0748683956721 0.36 0.51900565542 0.786267422441 0.303762288184 0.0 0.5
翻译+蛋 0.0 0.313981289049 0.167272727273 0.777860632362 0.16739489629 0.447892376887 0.0105263157895 0.272727272727
国际+会展 0.0 0.342164303496 0.460212014134 0.392010347535 0.886916661725 0.274947772126 0.00702994234703 0.628975265018
发展+趋势 0.0 0.353038785076 0.22 0.567072083246 0.89767199681 0.454329556255 0.0368421052632 0.25
习近平+主席 3.0 0.267031467309 0.336 0.73262612861 0.711409782061 0.368529013792 0.0162406015038 0.285714285714
推动+数字 0.0 0.356891588093 0.304 0.670152574376 0.844063749699 0.432091251464 0.0189473684211 0.4
知名+互联网 0.0 0.101635723049 0.401361702128 0.447585778245 0.861384739933 0.377429677919 0.23829787234 0.404255319149
担心+机器 0.0 0.424025489283 0.192 0.61599976749 0.717346637287 0.4220134431 0.0 0.2
拥抱+技术 0.0 0.263020716253 0.261176470588 0.583460442684 0.837954085734 0.464020058891 0.0102167182663 0.367647058824
互联网+最新 0.0 0.134349149066 0.295748031496 0.500924579954 0.823324014661 0.430151439588 0.251968503937 0.263779527559
新+消费 0.0 0.164011165227 0.24 0.415148645756 0.741902156465 0.311046088532 0.00350877192982 0.5
新+机遇 0.0 0.175390735933 0.186666666667 0.542969785596 0.863040133906 0.376666898182 0.00631578947369 0.333333333333
繁星+计划 0.0 0.256512644818 0.24 0.720263572119 0.401696690793 0.345475229159 0.0105263157895 0.285714285714
12月+2日 0.0 0.225350029647 0.12593258427 0.450119579368 0.700166592763 0.318160263358 0.0 0.257303370787
西栅+景区 0.0 0.101541185397 0.36 0.450463218723 0.69207231426 0.294552146549 0.0 0.5
华为+Mate10Pro 0.0 0.278751353688 0.315294117647 0.58606187529 0.477871174961 0.509420459213 0.0 0.294117647059
新+零售 0.0 0.203904501593 0.24 0.594209883899 0.691468075752 0.343445357926 0.00350877192982 0.5
00+地点 0.0 0.371438446503 0.144 0.76406445739 0.372386640403 0.174037350808 0.0 0.266666666667
乌镇+世界+互联网 0.0 0.160572387494 0.53306122449 0.0994315676329 0.861631254209 0.269440400615 0.181740064447 0.642857142857
世界+互联网+大会 0.0 0.0562592974924 0.595767918089 0.253114471045 0.970628676238 0.384309505841 0.516543919526 0.754266211604
第四+届+世界 0.0 0.122210739443 0.290909090909 0.285335421042 0.965884258796 0.24070985664 0.231578947368 0.545454545455
届+世界+互联网 0.0 0.0958945279047 0.651271477663 0.204659674068 0.925009126384 0.295385433436 0.358762886598 0.867697594502
互联网+精准+扶贫 2.0 0.112315316574 0.475744680851 0.436483713513 0.845146191303 0.334244096389 0.212765957447 0.542553191489
本届+世界+互联网 0.0 0.0900009816061 0.570592334495 0.372327920334 0.916860191178 0.188943833995 0.197689345314 0.759581881533
中国+互联网+发展 0.0 0.40688180613 0.503333333333 0.516604507792 0.935347783103 0.515649117987 0.260526315789 0.541666666667
发展+数字+经济 0.0 0.394106688383 0.512727272727 0.642843920549 0.893243217485 0.305755224305 0.0172248803828 0.772727272727
数字+经济+促进 0.0 0.488816379183 0.388 0.603083161301 0.907441452189 0.305921502961 0.0305263157895 0.55
经济+促进+开放 0.0 0.202810391219 0.388 0.610315170382 0.900868822975 0.132764910057 0.0021052631579 0.55
促进+开放+共享 0.0 0.21841699004 0.388 0.606452365257 0.901596013058 0.19477600766 0.0021052631579 0.55
携手+共建+网络 0.0 0.218040097807 0.388 0.617347679241 0.883240297469 0.145762678126 0.0152631578947 0.55
共建+网络+空间 0.0 0.364683233833 0.388 0.6034514129 0.902850901792 0.273664147563 0.0305263157895 0.55
网络+空间+命运 0.0 0.451058690696 0.388 0.604364115026 0.903946974067 0.310923592076 0.0421052631579 0.55
空间+命运+共同体 1.0 0.405621678872 0.475744680851 0.613020981845 0.889141873545 0.241144536185 0.0421052631579 0.542553191489
发+来+贺信 2.0 0.241247694619 0.299640718563 0.857822009142 0.685954219096 0.265624816208 0.0170185943902 0.625748502994
推动+世界+各国 0.0 0.217253728767 0.388 0.800323218603 0.742704088236 0.281874252942 0.0021052631579 0.55
世界+各国+共同 0.0 0.229256452606 0.388 0.787344098391 0.750390285563 0.28488729489 0.0 0.55
各国+共同+搭乘 0.0 0.16547019256 0.388 0.827062312507 0.716002731799 0.188901257992 0.0 0.55
共同+搭乘+互联网 0.0 0.110426362357 0.475744680851 0.760431943292 0.730509389388 0.253388967278 0.212765957447 0.542553191489
互联网+和+数字 0.0 0.356083379323 0.351232876712 0.62326032935 0.823703095693 0.492776579911 0.262725306417 0.431506849315
数字+经济+发展 1.0 0.394106688383 0.512727272727 0.642843920549 0.893243217485 0.305755224305 0.0172248803828 0.772727272727
发展+的+快车 0.0 0.280767136441 0.389243697479 0.684454287093 0.78649038881 0.312026315877 0.0367978770456 0.764705882353
互联网+发展+成果 0.0 0.276661647108 0.475744680851 0.667615065483 0.801374317214 0.406305196281 0.236954087346 0.542553191489
围绕+数字+经济 0.0 0.442338549084 0.388 0.611957705727 0.833918883178 0.30223656359 0.0305263157895 0.55
互联网+与+社会 0.0 0.183542027091 0.351232876712 0.526443283299 0.857166290882 0.461003684505 0.246575342466 0.431506849315
网络+空间+治理 1.0 0.234343056257 0.44 0.654530381672 0.85197141447 0.293667587628 0.0100250626566 0.642857142857
实体+经济+深度 0.0 0.150165491683 0.388 0.749922574966 0.756817210693 0.160080247833 0.0 0.55
经济+深度+融合 0.0 0.133338523254 0.388 0.725216280536 0.759668103927 0.161015399885 0.0 0.55
习+近平+主席 3.0 0.167566169784 0.350857142857 0.911769525116 0.588554650309 0.257465666474 0.0108270676692 0.642857142857
主席+在+贺信 0.0 0.338944629943 0.259090909091 0.78331431295 0.713717784649 0.383802187448 0.0200956937799 0.431818181818
越+开+越 0.0 0.0748683956721 0.184 0.867075281814 0.66253082949 0.0132425293854 0.0 0.7
构建+网络+空间 0.0 0.36450603334 0.388 0.706369053021 0.831517031924 0.320610820407 0.0189473684211 0.55
20+个+分 0.0 0.106341744606 0.207861771058 0.651417101034 0.818928873406 0.164408200686 0.00738888257362 0.759179265659
互联网+大会+开幕 3.0 0.101539219827 0.579003322259 0.367211759417 0.905515252715 0.239460817137 0.222812846069 0.758028792913
阿里巴巴+董事局+主席 0.0 0.152395633357 0.662295081967 0.374730236398 0.916518033419 0.241759317975 0.0 0.540983606557
董事局+主席+马 0.0 0.157831114237 0.412682926829 0.357431184257 0.912577880732 0.22380250689 0.0 0.536585365854
主席+马+云 0.0 0.277530851566 0.225185185185 0.381031372213 0.912567539081 0.311422522434 0.0140350877193 0.537037037037
兼+首席+执行官 0.0 0.171981011437 0.412682926829 0.326344636343 0.966919393387 0.317415843553 0.0 0.536585365854
新浪+财经+股吧 0.0 0.139429037546 0.388 0.21870194003 0.90406096308 0.0832234019826 0.0 0.55
首+次+发布 0.0 0.208890212416 0.225185185185 0.586952954953 0.86046839112 0.376033203467 0.0456140350877 0.537037037037
互联网+发展+报告 3.0 0.462171019765 0.475744680851 0.566027883719 0.881310914804 0.39556798169 0.253751399776 0.542553191489
世界+互联网+发展 0.0 0.313053325273 0.595767918089 0.460976613109 0.929619023879 0.334563992497 0.216921142446 0.754266211604
发展+报告+2017 3.0 0.502028524111 0.342962962963 0.660286059416 0.811044486911 0.236232410555 0.0382066276804 0.546296296296
中新社+记者+杜洋 0.0 0.178715484762 0.544034334764 0.759892055071 0.19861686571 0.00272141040276 0.0 0.75321888412
记者+杜洋+摄 0.0 0.24894761214 0.321176470588 0.653889951791 0.357071071144 0.184400331419 0.00216718266254 0.544117647059
杜洋+摄+12月 0.0 0.155241865374 0.262173913043 0.661005490351 0.358678292367 0.133636003299 0.0 0.548913043478
摄+12月+4日 0.0 0.162281684093 0.235609756098 0.543566526032 0.547706370785 0.229927610452 0.0 0.542682926829
未成年人+网络+保护 1.0 0.242885075962 0.530769230769 0.569832513481 0.789431710274 0.298741753198 0.0161943319838 0.557692307692
浙江省+乌镇+开幕 0.0 0.131455679766 0.475744680851 0.424647426803 0.881369083789 0.156585667541 0.00492721164613 0.542553191489
浙江+乌镇+举行 0.0 0.180843034979 0.388 0.415012901901 0.829900519788 0.22899020845 0.00526315789472 0.55
未来+30+年 0.0 0.345748525522 0.194054054054 0.568283425431 0.843527428562 0.287220694876 0.00967283072546 0.533783783784
过去+20+年 0.0 0.181980839251 0.194054054054 0.595756448406 0.865008456812 0.216817334582 0.0 0.533783783784
新+一+轮 0.0 0.147510204617 0.26 0.69562504 0.781356775333 0.247244416903 0.00350877192982 0.75
全球+互联网+治理 0.0 0.228308495657 0.503333333333 0.615191376265 0.855733804968 0.433363023195 0.213596491228 0.541666666667
互联网+治理+体系 0.0 0.183989843473 0.475744680851 0.682375260531 0.812657882898 0.345642809567 0.215453527436 0.542553191489
治理+体系+变革 0.0 0.165316682057 0.388 0.765776195597 0.76265931897 0.170922800681 0.0 0.55
体系+变革+进入 0.0 0.13748286415 0.388 0.792633139613 0.711641657359 0.112746285971 0.0 0.55
变革+进入+关键 0.0 0.133335489037 0.388 0.801748097383 0.694662207229 0.108806208354 0.0 0.55
进入+关键+时期 0.0 0.147419514721 0.388 0.751304669534 0.71530665408 0.188985914645 0.0 0.55
共同体+日益+成为 0.0 0.316810865726 0.418308457711 0.659594958968 0.821361028416 0.330234368234 0.0227284629484 0.437810945274
成为+国际+社会 0.0 0.203509205195 0.388 0.792754556662 0.720461614185 0.235130089195 0.00631578947368 0.55
社会+的+广泛 0.0 0.194128046532 0.278596491228 0.645326230381 0.804967116755 0.334258975557 0.0 0.429824561404
商量+着+办 0.0 0.146834812848 0.4 0.920779480109 0.59250306309 0.0435420466025 0.0 1.0
发展+共同+推进 0.0 0.244639376418 0.388 0.788387472865 0.678424254879 0.256001146375 0.0294736842106 0.55
安全+共同+维护 0.0 0.200560003386 0.388 0.820505318478 0.679177903177 0.18590129105 0.0021052631579 0.55
治理+共同+参与 0.0 0.199006150279 0.388 0.79717081189 0.700592429637 0.192580595823 0.0021052631579 0.55
成果+共同+分享 0.0 0.204253102513 0.388 0.800151643325 0.690256229555 0.194884953123 0.0021052631579 0.55
经济+的+发展 0.0 0.280647003754 0.529504950495 0.698632010414 0.850053588949 0.286475760959 0.0138613861386 0.866336633663
建设+网络+强国 2.0 0.198472275417 0.388 0.755902220621 0.737247795089 0.324806007664 0.00473684210528 0.55
大会+的+贺信 0.0 0.180623587062 0.314666666667 0.669152863687 0.768236796692 0.373627675836 0.180350877193 0.533333333333
中国+数字+经济 1.0 0.285103725312 0.44 0.758614947988 0.786159741241 0.290226094501 0.015037593985 0.642857142857
发展+将+进入 0.0 0.327233374816 0.278596491228 0.590069914586 0.82903876627 0.415752217935 0.0361957525393 0.429824561404
人工智能+和+实体 0.0 0.238545713219 0.470625 0.571221829424 0.824879743076 0.384173694705 0.0189967105263 0.4296875
形成+新+动能 0.0 0.109636826732 0.337674418605 0.753393323923 0.732042510423 0.0946352963885 0.0 0.674418604651
新+时代+中国 0.0 0.251234079574 0.321176470588 0.715361369803 0.777715979422 0.376564649097 0.0287925696594 0.544117647059
大会+在+浙江 0.0 0.109941510396 0.266206896552 0.297229018875 0.923678421225 0.309956182409 0.17277676951 0.431034482759
浙江+乌镇+开幕 0.0 0.163062958257 0.388 0.415515711394 0.925093200902 0.211781536443 0.0178947368421 0.55
国家+互联网+信息 0.0 0.110337155383 0.503333333333 0.520095718054 0.776372326643 0.30081082632 0.208333333333 0.541666666667
互联网+信息+办公室 0.0 0.109266981186 0.542641509434 0.521188264382 0.762614942766 0.306245128966 0.207547169811 0.547169811321
全球+互联网+发展 0.0 0.335466297259 0.503333333333 0.564589716056 0.874894043947 0.535947262677 0.234649122807 0.541666666667
中国+网络+空间 0.0 0.315956353276 0.388 0.67050675639 0.840484520591 0.295396080919 0.0215789473684 0.55
网络+空间+研究院 0.0 0.299904843078 0.458260869565 0.738084834265 0.716376490705 0.295506111964 0.0183066361556 0.554347826087
互联网+发展+指数 0.0 0.318190657684 0.475744680851 0.708642415527 0.588160128781 0.415831257735 0.236954087346 0.542553191489
发展+指数+指标 0.0 0.316570453692 0.388 0.828307727154 0.480778643683 0.271040927618 0.0294736842106 0.55
指数+指标+体系 0.0 0.224042989861 0.388 0.810836889241 0.626267442489 0.211898894316 0.0 0.55
领先+科技+成果 0.0 0.268178069447 0.388 0.381717509012 0.941507919804 0.427285678858 0.0284210526316 0.55
发展+的+新 0.0 0.2809277734 0.374838709677 0.650105492577 0.802116042898 0.341280591529 0.0379456706283 0.758064516129
大会+的+主题 0.0 0.0988318655519 0.314666666667 0.568299819309 0.851678297801 0.376667923335 0.164210526316 0.533333333333
全球+网络+空间 0.0 0.32758092281 0.388 0.677877179845 0.770067855863 0.380751119653 0.0189473684211 0.55
互联网+大会+3日 0.0 0.0626606554278 0.555633958104 0.246271529843 0.924437294861 0.25463284462 0.297034758893 0.756890848953
3日+至+5日 0.0 0.129280301261 0.228505935325 0.415217350923 0.92175761944 0.308014248714 0.0 0.56446991404
世界+互联网+领先 0.0 0.113509464663 0.595767918089 0.337145353554 0.925872084743 0.258162520363 0.196227770792 0.754266211604
互联网+领先+科技 0.0 0.157247307414 0.475744680851 0.341746186647 0.916218136181 0.379623696899 0.223516237402 0.542553191489
科技+成果+发布 2.0 0.208122331134 0.388 0.429090376615 0.93838414421 0.372991284451 0.0257894736842 0.55
中国+青年+网 0.0 0.262653850054 0.321176470588 0.522072478984 0.674935196185 0.31118761256 0.0238390092879 0.544117647059
互联网+领军+人物 2.0 0.0997213454619 0.475744680851 0.444612974017 0.862297076461 0.371903868915 0.212765957447 0.542553191489
苹果+公司+CEO 2.0 0.22273105165 0.321176470588 0.341280795495 0.874373233723 0.305289592035 0.012693498452 0.544117647059
400+余+家 0.0 0.0922452450731 0.18 0.435013133593 0.85028305713 0.180459645742 0.0 0.6875
企业+和+创新型 0.0 0.189767616985 0.427777777778 0.503997415313 0.863935372539 0.27293064079 0.00701754385964 0.555555555556
乌镇+互联网+大会 0.0 0.134220074618 0.604164859002 0.19062420046 0.902129259116 0.276955417596 0.180911062907 0.752711496746
乌镇+互联网+国际 0.0 0.265986921299 0.503333333333 0.302071743304 0.914477295285 0.359829514257 0.216228070175 0.541666666667
互联网+国际+会展 0.0 0.265798913251 0.475744680851 0.356466720389 0.89846684311 0.309497702121 0.212765957447 0.542553191489
国际+会展+中心 0.0 0.319070244265 0.388 0.351315940202 0.898431164257 0.279648701838 0.0 0.55
推动+数字+经济 1.0 0.451819498841 0.388 0.684548911761 0.841923276069 0.390975950556 0.0305263157895 0.55
知名+互联网+企业 0.0 0.132814615407 0.503333333333 0.453085649572 0.870700045201 0.395364361155 0.210964912281 0.541666666667
趋势+和+前沿 0.0 0.178569230417 0.278596491228 0.58929074977 0.838169589126 0.282661629735 0.0 0.429824561404
互联网+大会+召开 0.0 0.0888392532793 0.579003322259 0.204527348998 0.766078248286 0.15972855093 0.167441860465 0.758028792913
