希望 0.0 0.33466391524 0.260869565217 0.322952330836 0.943530603334 0.760263809605 0.0 0.0
零片酬 20.0 0.214684314029 0.217391304348 0.442202946199 0.892914551908 0.438468977695 0.028083028083 0.222222222222
向佐 0.0 0.180246307974 0.11260556772 0.379095834792 0.852219412008 0.146055729751 0.0 0.568345323741
国际 0.0 0.250095725571 0.260869565217 0.524957350882 0.925815671835 0.739051436139 0.0 0.0
指导 0.0 0.260133352257 0.149068322981 0.366553133434 0.837187036701 0.545324845306 0.010989010989 0.214285714286
海报 0.0 0.338827829155 0.149068322981 0.388792423044 0.861827582376 0.515588533674 0.0313971742543 0.214285714286
应该 0.0 0.215109809635 0.260869565217 0.279645458062 0.922378380866 0.665685269725 0.0 0.0
甄子丹 20.0 0.24352695224 0.123106985833 0.351507052205 0.850351689676 0.315676906757 0.0172860847018 0.685393258427
已经 0.0 0.341192019653 0.260869565217 0.131451131422 1.0 0.835492772942 0.010989010989 0.0
高手 0.0 0.204655872967 0.149068322981 0.252303305532 0.869827691499 0.524790763201 0.00627943485086 0.214285714286
阿里 0.0 0.496995072162 0.213994565217 0.496367384828 0.721210721705 0.551251445998 0.0128777472527 0.453125
目前 0.0 0.205663601612 0.260869565217 0.0718673958209 0.993654527187 0.692959749769 0.0 0.0
包括 0.0 0.225729490033 0.260869565217 0.290448815828 0.937113559919 0.588548849202 0.0 0.0
实现 0.0 0.24488191089 0.260869565217 0.212590662006 0.942212517317 0.681853085311 0.0 0.0
成为 0.0 0.309933586955 0.260869565217 0.231041149198 0.984109519159 0.819457485224 0.010989010989 0.0
风清扬 20.0 0.29488614583 0.391304347826 0.206686657768 0.915861581761 0.598595560484 0.0 0.0
发展 0.0 0.285512234921 0.153452685422 0.467249681415 0.923301841276 0.530954627105 0.0193923723335 0.205882352941
进行 0.0 0.327076100149 0.260869565217 0.244841382533 0.970974296246 0.796073071649 0.0 0.0
这部 0.0 0.260196969843 0.0823798627002 0.360391266829 0.903374323755 0.512907254739 0.0 0.447368421053
优酷 0.0 0.177753872264 0.107946026987 0.197572931567 0.846877687288 0.389552681811 0.0 0.431034482759
亮相 0.0 0.240632150544 0.260869565217 0.310946901437 0.873519011348 0.636861570872 0.0659340659341 0.0
基础 0.0 0.228611760197 0.260869565217 0.226179210353 0.904092930601 0.577282397665 0.0 0.0
中华 0.0 0.29163020154 0.149068322981 0.52807259417 0.789429813271 0.506175602825 0.0 0.214285714286
过程 0.0 0.205847704088 0.142292490119 0.281028019126 0.935110733619 0.473692323577 0.0 0.227272727273
工作 0.0 0.219849190729 0.260869565217 0.174428370284 0.907962554157 0.712649003704 0.0 0.0
陈家沟 10.0 0.463913285559 0.391304347826 0.541405908705 0.735337591684 0.743920600894 0.0549450549451 0.0
企业 0.0 0.393607616992 0.260869565217 0.448920993458 0.936790572892 0.715035143415 0.0 0.0
巨星 0.0 0.236184053896 0.149068322981 0.246011917667 0.94945435244 0.59941143821 0.0 0.214285714286
派出所 0.0 0.715791781714 0.217391304348 0.402148361301 0.403203716942 0.629073316994 0.010989010989 0.222222222222
了解 0.0 0.280043056713 0.260869565217 0.381192259938 0.900390054436 0.575670688616 0.0 0.0
监制 0.0 0.150286120131 0.0806813088301 0.389980356424 0.80325789298 0.351105536454 0.0 0.345360824742
演员 0.0 0.44632153512 0.260869565217 0.339218191773 0.937140042877 0.844434093354 0.021978021978 0.0
主题曲 30.0 0.211642196091 0.155632411067 0.23157114356 0.863579832158 0.390344362982 0.0488261738262 0.602272727273
阿里影业 0.0 0.616930136024 0.521739130435 0.480770620825 0.763318750552 0.727520768968 0.010989010989 0.0
明星 0.0 0.22846790051 0.104347826087 0.342680280214 0.914426918947 0.568469204629 0.0 0.3
消息 0.0 0.227510857402 0.260869565217 0.296690160946 0.923492542394 0.617996257542 0.0 0.0
清扬 0.0 0.27275127026 0.142292490119 0.214970035937 0.915973736659 0.409789848041 0.032967032967 0.227272727273
双十一 0.0 0.332279703723 0.391304347826 0.225624590836 0.923633709985 0.732172099833 0.021978021978 0.0
马云 0.0 0.20659799396 0.0846063454759 0.223689208106 0.853703264862 0.414368685158 0.012177012177 0.554054054054
12日 0.0 0.181689632239 0.0693760100911 0.121419564121 0.836560454169 0.355712714284 0.0 0.445149592022
华山 0.0 0.535047241916 0.153452685422 0.313507095026 0.641124328476 0.645031663454 0.010989010989 0.205882352941
透露 0.0 0.251155381698 0.153452685422 0.420170060612 0.921175321362 0.454277600808 0.0 0.205882352941
共同 0.0 0.187344228849 0.153452685422 0.413854944435 0.867759700866 0.45759241722 0.00646412411118 0.411764705882
邹市明 0.0 0.18839510444 0.158790170132 0.35396501421 0.872381383636 0.122057060377 0.0 0.594202898551
平台 0.0 0.225729490033 0.260869565217 0.173736992086 0.986682877241 0.737981310432 0.0 0.0
出演 0.0 0.284899947525 0.153452685422 0.452566278345 0.889128390033 0.489368849607 0.0478345184228 0.205882352941
主演 0.0 0.255425153646 0.0782608695652 0.116349485994 0.893115649611 0.40747575413 0.0989010989011 0.4625
重要 0.0 0.315701895449 0.260869565217 0.243797414289 0.970618581463 0.636886677338 0.0 0.0
中国 0.0 0.45756851058 0.0802675585284 0.42329040483 0.943616794794 0.624670693869 0.0574809805579 0.346153846154
推手 0.0 0.295323005722 0.104347826087 0.480540709981 0.729325576042 0.516349401549 0.0 0.3
规则 0.0 0.213520627395 0.149068322981 0.467925703007 0.764215781946 0.479498876046 0.0 0.214285714286
正式 0.0 0.253743574228 0.260869565217 0.364696652277 0.97231270097 0.736602318217 0.021978021978 0.0
表示 0.0 0.25106481377 0.153452685422 0.326076583127 0.929543739854 0.525536352187 0.0 0.205882352941
武学 0.0 0.26141511036 0.260869565217 0.525964184 0.850731463186 0.584380106562 0.032967032967 0.0
功守道 0.0 0.135049295376 0.115942028986 0.282767956906 0.899801853427 0.452986639003 0.315832315832 0.574074074074
项目 0.0 0.369352052311 0.149068322981 0.36596932238 0.884940869575 0.598870297445 0.00627943485086 0.214285714286
喜欢 0.0 0.271914852644 0.260869565217 0.0 0.946254347117 0.706170177551 0.010989010989 0.0
年轻人 0.0 0.240632150544 0.391304347826 0.419728184607 0.866300857073 0.694140902111 0.0 0.0
弘扬 0.0 0.186985763707 0.149068322981 0.458409691941 0.884679745104 0.468771451985 0.0 0.214285714286
公布 0.0 0.239353742884 0.260869565217 0.392557072521 0.876320628114 0.561382992204 0.021978021978 0.0
传播 0.0 0.271534196412 0.260869565217 0.53361029761 0.936175956751 0.67420825516 0.010989010989 0.0
贡献 0.0 0.175551924869 0.106477373558 0.626588791234 0.800319191649 0.281944883521 0.0 0.591836734694
参与 0.0 0.230410406276 0.15652173913 0.278241675464 0.839058239448 0.532390589032 0.00659340659341 0.4
推出 0.0 0.218883481132 0.260869565217 0.352452510109 0.948647103045 0.670895431257 0.0 0.0
太极拳 20.0 0.907126087556 0.391304347826 0.367612773978 0.964870969133 0.967413263733 0.021978021978 0.0
第一 0.0 0.207132137949 0.142292490119 0.14778538742 0.909230428986 0.605831446694 0.011988011988 0.227272727273
擂台 0.0 0.355394788391 0.260869565217 0.460367759224 0.808765852135 0.672951666664 0.021978021978 0.0
。马云 0.0 0.215109809635 0.391304347826 0.257177124741 0.972976409441 0.76951361959 0.0 0.0
洪金宝 0.0 0.223408956459 0.161125319693 0.350497258297 0.867981803825 0.307063055276 0.0 0.588235294118
新浪 0.0 0.149567921037 0.106477373558 0.344421567248 0.850262470806 0.273369346751 0.0 0.438775510204
武术 0.0 0.412335770758 0.0802675585284 0.373568317624 0.908174568922 0.629515052935 0.0304311073542 0.346153846154
介绍 0.0 0.203697083354 0.260869565217 0.37836213004 0.929954600306 0.570780479162 0.0 0.0
功夫 0.0 0.236486605465 0.0782608695652 0.418318184474 0.886426017661 0.511725800269 0.0370879120879 0.35
世界 0.0 0.286398835588 0.107946026987 0.509222008809 0.844566238096 0.491972630337 0.00454717696097 0.431034482759
观众 0.0 0.268029955284 0.149068322981 0.46180333305 0.790020334855 0.544940334694 0.0235478806907 0.214285714286
武林 0.0 0.18067880826 0.149068322981 0.196481176237 0.854637292503 0.463392659269 0.0125588697017 0.214285714286
北京 0.0 0.251272068252 0.260869565217 0.254789059199 0.904578074163 0.583777353164 0.0 0.0
朝青龙 0.0 0.179156442025 0.162371134021 0.361497559882 0.857732770802 0.0919829624283 0.0 0.585051546392
腾讯 0.0 0.548502498152 0.260869565217 0.419057815945 0.720412734545 0.740800180945 0.010989010989 0.0
此前 0.0 0.228611760197 0.260869565217 0.221210961954 0.878083903726 0.619004308083 0.0 0.0
李连杰 20.0 0.222782100755 0.115089514066 0.325828386377 0.828091203174 0.422770307871 0.087265675501 0.352941176471
进入 0.0 0.211778972179 0.153452685422 0.338045455139 0.926326065826 0.55519220588 0.00646412411118 0.205882352941
知道 0.0 0.261860174672 0.260869565217 0.245659378554 0.985212587155 0.653790034388 0.0 0.0
今年 0.0 0.291676832364 0.260869565217 0.216513196558 0.982715117041 0.767443890645 0.0 0.0
上映 0.0 0.179748882239 0.260869565217 0.180621944927 0.902874651279 0.619855127552 0.0 0.0
小时 0.0 0.230240670636 0.260869565217 0.377348786507 0.974281612375 0.587801783085 0.0 0.0
影片 0.0 0.320394018436 0.149068322981 0.432059407872 0.894640729792 0.616640404839 0.00627943485086 0.214285714286
时间 0.0 0.235905377961 0.260869565217 0.299497620545 0.988427203769 0.700839473214 0.0 0.0
梦想 0.0 0.316909544083 0.153452685422 0.518688477074 0.874374359284 0.492087801244 0.0 0.411764705882
体育 0.0 0.500790317356 0.273913043478 0.727666668732 0.488885162953 0.587676946262 0.0197802197802 0.3
赛事 0.0 0.513347188074 0.260869565217 0.289504322727 0.865350772951 0.79219294319 0.021978021978 0.0
拍摄 0.0 0.347412851422 0.260869565217 0.366731852996 0.963174914925 0.744075061654 0.032967032967 0.0
袁和平 0.0 0.222145315029 0.228260869565 0.384303274351 0.867881600294 0.298766428085 0.0 0.416666666667
奥运会 0.0 0.2438545022 0.217391304348 0.511820304682 0.897320535982 0.528900610997 0.00610500610501 0.222222222222
程小东 0.0 0.186057052351 0.161125319693 0.384365454384 0.841136555646 0.168883172262 0.0 0.588235294118
记者 0.0 0.271914852644 0.260869565217 0.288064200327 0.927939087171 0.756663115683 0.0 0.0
方面 0.0 0.230240670636 0.260869565217 0.153091832036 0.941585619742 0.699656378522 0.0 0.0
师傅 0.0 0.356127445403 0.142292490119 0.264897238601 0.899287989831 0.578952518161 0.021978021978 0.227272727273
文化 0.0 0.459544108458 0.0782608695652 0.468677550357 0.894661054564 0.547560068853 0.0453296703297 0.35
全球 0.0 0.472664467851 0.260869565217 0.307164391577 0.956887433578 0.844089157359 0.0 0.0
分享 0.0 0.24930421484 0.0802675585284 0.50105880532 0.873178778837 0.386134444378 0.0 0.346153846154
分钟 0.0 0.210738459122 0.0745341614907 0.352809720345 0.888886958558 0.426916632825 0.0145211930926 0.357142857143
上海 0.0 0.219849190729 0.260869565217 0.175976358686 0.837257653895 0.542233437791 0.0 0.0
哲学 0.0 0.312159838279 0.260869565217 0.568842774461 0.910278440765 0.570252757289 0.0 0.0
合作 0.0 0.385141554037 0.260869565217 0.217369622694 0.968721139881 0.765616901137 0.0 0.0
动作 0.0 0.32058215565 0.104347826087 0.451778986125 0.801190560788 0.452841299467 0.0 0.45
太极 0.0 0.421472485147 0.0802675585284 0.40894619469 0.908025757017 0.58781716843 0.0431107354184 0.346153846154
资源 0.0 0.260133191946 0.260869565217 0.424859438374 0.939620326809 0.641021178083 0.0 0.0
领衔 0.0 0.189790328877 0.0823798627002 0.107530675774 0.812053889735 0.348839148457 0.010989010989 0.447368421053
15日 0.0 0.199116260225 0.124223602484 0.275689878533 0.884232929864 0.525256699523 0.0 0.214285714286
短片 0.0 0.19743228502 0.15652173913 0.303674801512 0.846759162528 0.453937904087 0.0 0.4
全世界 0.0 0.239201314175 0.217391304348 0.501235014538 0.905272455375 0.498689226298 0.0 0.222222222222
优秀 0.0 0.188847562495 0.107946026987 0.583887171493 0.840690273137 0.411736363521 0.0 0.431034482759
致敬 0.0 0.218243005053 0.0837014647756 0.644090210362 0.776028457375 0.253000816666 0.0132220720456 0.558823529412
创新 0.0 0.261860174672 0.260869565217 0.416314392902 0.911703309645 0.640965057693 0.0 0.0
出现 0.0 0.219849190729 0.260869565217 0.277592487857 0.94864586029 0.669442575953 0.0 0.0
能够 0.0 0.231680376508 0.260869565217 0.339921249982 0.938470825359 0.71352930997 0.0 0.0
导演 0.0 0.285523954821 0.260869565217 0.263871954347 0.9367086134 0.691410207938 0.021978021978 0.0
11月 0.0 0.161506376497 0.0656275635767 0.189931141368 0.90192423125 0.464125344718 0.0 0.349056603774
推广 0.0 0.246770828658 0.216247139588 0.538472039234 0.880316260543 0.450829075757 0.0318102949682 0.447368421053
公司 0.0 0.397908900538 0.260869565217 0.28966559172 0.920053369975 0.76288059088 0.0 0.0
晚会 0.0 0.297481742256 0.098525844374 0.345455067254 0.865526853839 0.498357394398 0.021978021978 0.457081545064
比赛 0.0 0.235518245584 0.0782608695652 0.413914665748 0.800034144714 0.422192332559 0.0 0.4625
阿里巴巴 0.0 0.564882703106 0.521739130435 0.211935408856 0.959869065646 0.848148281242 0.010989010989 0.0
电影 0.0 0.2936938443 0.178053830228 0.306617366661 0.971586207508 0.573517897102 0.0654107796965 0.357142857143
传统 0.0 0.483848305426 0.0802675585284 0.490052883045 0.927507956896 0.598070733896 0.0118343195266 0.346153846154
关注 0.0 0.244051372585 0.260869565217 0.195037268673 0.981426155963 0.721415185028 0.0 0.0
座驾 10.0 0.509273144477 0.260869565217 0.828824335687 0.250902641941 0.534376302119 0.032967032967 0.0
托尼·贾 0.0 0.179874164116 0.190229139645 0.407183190129 0.859256320674 0.123953648824 0.0 0.602248162559
刘承羽 0.0 0.242632838414 0.223602484472 0.360370109959 0.877961442494 0.372751721801 0.00627943485086 0.428571428571
吴京 0.0 0.200767356191 0.0869565217391 0.393436928764 0.898560615638 0.263562970204 0.00732600732601 0.666666666667
微博 0.0 0.534075801735 0.260869565217 0.29050567414 0.937810935119 0.681167901115 0.010989010989 0.0
现场 0.0 0.383539778167 0.260869565217 0.251321766741 0.934551458712 0.826010233867 0.010989010989 0.0
天猫 0.0 0.235907548605 0.100101112235 0.327034485846 0.851242097256 0.461121006536 0.010989010989 0.456395348837
运动 0.0 0.207217013341 0.149068322981 0.439382760739 0.863469910824 0.533407013723 0.0 0.214285714286
网友 0.0 0.464935379304 0.260869565217 0.238721973659 0.905469224269 0.773234084619 0.043956043956 0.0
文章 0.0 0.228935846488 0.260869565217 0.206010038465 0.93274416821 0.614422895297 0.010989010989 0.0
阵容 0.0 0.236741234739 0.260869565217 0.350337097411 0.895927601758 0.669530312108 0.0 0.0
之后 0.0 0.262020362482 0.260869565217 0.180929815027 0.973821744117 0.746446562915 0.0 0.0
马+云 0.0 0.278940508899 0.117812061711 0.151459358338 0.924443811974 0.47637882453 0.290677064871 0.645161290323
传统+武术 20.0 0.398651425198 0.117391304348 0.418920987401 0.919865653408 0.605320969558 0.0230769230769 0.4
功守+道 0.0 0.140352013769 0.0 0.29760758227 0.870749971758 0.351138301073 0.0 0.5
中国+武术 20.0 0.445733519251 0.117391304348 0.388844055539 0.938281041012 0.661336086698 0.0486263736264 0.4
李连杰+监制 0.0 0.204478939935 0.141614906832 0.283458160281 0.812986577639 0.449568115063 0.0678178963893 0.285714285714
领衔+主演 30.0 0.232480497015 0.117391304348 0.11470947086 0.846641599593 0.42303048839 0.0456043956044 0.4
吴+京 0.0 0.322411996372 0.0 0.190150666308 0.936297493244 0.493297433168 0.043956043956 0.5
邹+市明 0.0 0.12112362077 0.0 0.250184230073 0.652936795413 0.272037124306 0.010989010989 0.5
拍+电影 0.0 0.28409412861 0.205949656751 0.313843777282 0.970506658961 0.56359538457 0.0613071139387 0.368421052632
双+11 30.0 0.319076413018 0.0 0.346632561725 0.843482574308 0.43063128089 0.034540148648 0.748962655602
马云+领衔 0.0 0.211028505898 0.117391304348 0.137591613531 0.838675399312 0.427346301138 0.0134615384615 0.4
武术+指导 30.0 0.349023928368 0.130434782609 0.359702963014 0.873782456162 0.614073243253 0.0247252747253 0.25
云+主演 0.0 0.248456471196 0.0660429279031 0.114995784329 0.893693181939 0.386918990673 0.10001391014 0.506329113924
监制+李连杰 0.0 0.204478939935 0.141614906832 0.283458160281 0.812986577639 0.449568115063 0.0678178963893 0.285714285714
功夫+巨星 20.0 0.239869557095 0.126909518214 0.332044276885 0.907739981694 0.561813839658 0.024057024057 0.256756756757
新浪+娱乐 0.0 0.134470647014 0.0605109816226 0.401499086811 0.836272361401 0.235214857877 0.0 0.523195876289
娱乐+讯 0.0 0.114596325092 0.0 0.448502332628 0.818140789274 0.19318299136 0.0 0.646118721461
中国+功夫 20.0 0.325639139066 0.115089514066 0.456148451911 0.885481706393 0.585429432269 0.0581771170006 0.411764705882
中国+文化 20.0 0.276622912725 0.0 0.616055240262 0.829374801472 0.307567910142 0.0094191522763 0.857142857143
功夫+电影 0.0 0.328305018865 0.209165687427 0.324611308146 0.954263939675 0.665580546936 0.0795960795961 0.256756756757
武术+文化 20.0 0.4732560949 0.126909518214 0.391942502029 0.91426496143 0.645128289551 0.049896049896 0.256756756757
太极+文化 30.0 0.580167619467 0.126909518214 0.446678765289 0.933546716343 0.708897945909 0.0623700623701 0.256756756757
年+前 0.0 0.172632700825 0.0 0.606343535374 0.868895263661 0.458091095274 0.014652014652 0.5
运动+项目 0.0 0.296642578429 0.15652173913 0.39808038736 0.877510604528 0.579107743147 0.0032967032967 0.2
首+场 0.0 0.144266300851 0.0 0.465080766358 0.780550363664 0.274819325369 0.00599400599401 0.636363636364
11月+15日 0.0 0.176720669923 0.106477373558 0.231951994793 0.892735289833 0.517860762609 0.0 0.255102040816
世界+分享 0.0 0.279515142553 0.117391304348 0.505427308884 0.850357580708 0.469456560535 0.00247252747253 0.4
分享+太极 0.0 0.398847081881 0.130434782609 0.4209660766 0.926869902803 0.583868431241 0.0347985347985 0.25
文化+中 0.0 0.429268352724 0.0724637681159 0.495425143623 0.881653271856 0.529490117285 0.0412087912088 0.361111111111
李连杰+表示 0.0 0.258752934944 0.159887798036 0.291184413005 0.868434292169 0.508744786552 0.0765685926976 0.258064516129
进入+奥运会 20.0 0.23268441186 0.198260869565 0.426367818032 0.9121429095 0.550052135841 0.00659340659341 0.2
功夫+明星 20.0 0.247588032719 0.126909518214 0.368008310138 0.909228664813 0.600762574689 0.024057024057 0.256756756757
11月+11日 0.0 0.16208310508 0.0579710144928 0.178446928942 0.907421418443 0.449418731668 0.0 0.366666666667
优酷+独家 0.0 0.15373210541 0.0634547591069 0.187375002022 0.830740039442 0.314868916485 0.0 0.513513513514
独家+上线 0.0 0.114567210276 0.0 0.175061046613 0.809551745866 0.200583481309 0.0 0.678571428571
场+比赛 0.0 0.216525830152 0.0660429279031 0.421709916154 0.798356142449 0.390938963157 0.0 0.506329113924
首+期 0.0 0.154641815665 0.0 0.418739754483 0.738516988797 0.325518315843 0.00659340659341 0.5
全世界+分享 0.0 0.254587674435 0.168017686072 0.482782062356 0.90368195771 0.478162076946 0.0 0.245762711864
22+分钟 0.0 0.209104772132 0.0702341137124 0.360863281749 0.888215946992 0.419721257605 0.0135249366019 0.365384615385
电影+中 0.0 0.277699233163 0.160183066362 0.29900931537 0.971154456962 0.558145302072 0.0601503759398 0.368421052632
马+师傅 0.0 0.334011635895 0.135424091233 0.228932673497 0.909980566164 0.552905770601 0.129886506936 0.393442622951
武术+流派 0.0 0.346529961565 0.0711462450593 0.401610536385 0.900429434963 0.527141823819 0.023976023976 0.363636363636
高+晓松 0.0 0.128012557207 0.0 0.235902891771 0.860330965403 0.307906021913 0.010989010989 0.5
风+清扬 20.0 0.253534748909 0.103519668737 0.218499918905 0.909607018138 0.386228025378 0.0315716030002 0.365079365079
部+电影 0.0 0.28588077204 0.160183066362 0.314268908178 0.972995838584 0.561486879019 0.0601503759398 0.368421052632
12+天 0.0 0.213271176548 0.0 0.520719482496 0.912959449604 0.453843510114 0.021978021978 0.5
过程+中 0.0 0.178432088376 0.0869565217391 0.331798240441 0.915270837943 0.428776468545 0.0 0.333333333333
李连杰+透露 0.0 0.258628515394 0.159887798036 0.342146166835 0.869698659751 0.479779342558 0.0765685926976 0.258064516129
零片酬+出演 30.0 0.249999809806 0.198260869565 0.445771676256 0.893131192405 0.47198774029 0.0378021978022 0.2
首+次 0.0 0.165859987452 0.0 0.407167792902 0.782428697175 0.340485053374 0.0131868131868 0.5
功守道+首 0.0 0.133851762315 0.109565217391 0.298132903802 0.89107250447 0.438801819044 0.297582417582 0.56
安徽+铜陵 0.0 0.121892598244 0.0 0.570087328598 0.726617795746 0.346355954727 0.0 0.5
太极+推手 10.0 0.450760496942 0.130434782609 0.367083520545 0.882501726896 0.642620687171 0.0347985347985 0.25
比赛+规则 0.0 0.255848851559 0.126909518214 0.417469676642 0.796896306775 0.495004254628 0.0 0.256756756757
活步+推手 0.0 0.277258734592 0.0869565217391 0.53421454633 0.687005162356 0.504647043257 0.0 0.333333333333
第一+次 0.0 0.194011340032 0.0966183574879 0.192946090212 0.894304918949 0.541646783662 0.014245014245 0.314814814815
11+位 0.0 0.248811604921 0.0 0.319590092403 0.880630119463 0.411685756851 0.0203922345974 0.572153325817
中国+传统 0.0 0.333799682134 0.0572640509014 0.501857350285 0.902423192861 0.517719895617 0.0265344411686 0.634146341463
讯+11月 0.0 0.155593256407 0.0601295097132 0.197404920612 0.892578667568 0.441664519856 0.0 0.36170212766
观众+见面 0.0 0.231303371656 0.111801242236 0.476532644123 0.741241936875 0.461850868262 0.0204081632653 0.285714285714
弘扬+中国 0.0 0.333712928793 0.130434782609 0.420358973764 0.912831157828 0.577800832902 0.0338827838828 0.25
传统+文化 20.0 0.466310890276 0.0572640509014 0.586812871532 0.896355296993 0.552749956527 0.0273385151434 0.634146341463
十+年 0.0 0.18926111708 0.0 0.526283785783 0.842080074529 0.469921346342 0.018315018315 0.5
文化+自信 10.0 0.420785860316 0.0690537084399 0.577776685411 0.877713296672 0.512629031177 0.0387847446671 0.367647058824
中华+武术 20.0 0.357957405585 0.130434782609 0.459399100602 0.837106382444 0.586627169299 0.018315018315 0.25
推广+中国 0.0 0.3225315209 0.286956521739 0.461332515677 0.896313817885 0.546302677008 0.0538461538462 0.4
阿里+影业 20.0 0.456285547484 0.177133655395 0.477165464408 0.737313344715 0.539506584408 0.0111925111925 0.444444444444
华山+派出所 0.0 0.638030631004 0.198260869565 0.359955118554 0.516453928032 0.642206175672 0.010989010989 0.2
11月+12日 0.0 0.183783914108 0.0984413453651 0.110430618602 0.872862093753 0.450442584227 0.0 0.396226415094
20+分钟 0.0 0.209656763766 0.0702341137124 0.347550617089 0.88979406999 0.426041157922 0.0143702451395 0.365384615385
双+十一 30.0 0.294477867706 0.0 0.402187575134 0.830258062606 0.429482262124 0.0203945909998 0.57204610951
王+菲 0.0 0.418381641218 0.0 0.163124711463 0.869972809201 0.508205448845 0.043956043956 0.5
这部+影片 0.0 0.306413920255 0.130434782609 0.398259485832 0.906959473544 0.60795040643 0.00274725274725 0.25
10月+28日 0.0 0.127474169431 0.0 0.505259405947 0.798366724755 0.243995024059 0.0 0.5
电影+海报 10.0 0.351121315315 0.209165687427 0.35533114326 0.901689022494 0.575837341128 0.0689040689041 0.256756756757
功夫+大片 0.0 0.200704244641 0.0690537084399 0.372603194527 0.756300911293 0.431337733577 0.0416936005171 0.367647058824
天猫+双 0.0 0.275425193757 0.0677423327996 0.326167519022 0.850406072895 0.458651189647 0.0205771565545 0.511803588291
分钟+精华 0.0 0.199340710878 0.0652173913043 0.354036000828 0.878972770101 0.40765864807 0.0141941391941 0.375
武林+高手 0.0 0.19657089139 0.15652173913 0.22140743301 0.866713280078 0.503847837325 0.00989010989011 0.2
守+住 0.0 0.15600428457 0.0 0.543939032171 0.861723532081 0.221544724884 0.0 0.5
这部+电影 0.0 0.373579445237 0.209165687427 0.292021244166 0.95790882928 0.680792546459 0.0555390555391 0.256756756757
12日+零点 0.0 0.175255043727 0.0518659589124 0.122321460563 0.822230063042 0.331334279646 0.0 0.519105312209
推广+太极 30.0 0.435646202302 0.130434782609 0.484484267239 0.929799179487 0.63700746249 0.0540293040293 0.25
11+晚会 0.0 0.307052566099 0.0745065152883 0.338716592523 0.866044242715 0.485035175999 0.02780676297 0.498145400593
11月+10日 0.0 0.149039302539 0.0579710144928 0.265898625373 0.885976351831 0.475689021312 0.0 0.366666666667
精华+版 0.0 0.132909196074 0.0 0.424361025277 0.782568374987 0.30584083498 0.010989010989 0.5
功夫+做 0.0 0.198745308455 0.0675827889164 0.501258502449 0.814152042511 0.396048653291 0.0256220463474 0.49481865285
文化+致敬 0.0 0.375676353334 0.117391304348 0.583033891954 0.826159181744 0.393334737521 0.0354395604396 0.4
分享+中国 0.0 0.303640984744 0.0572640509014 0.58273746701 0.795867931379 0.389728972668 0.0265344411686 0.634146341463
猫+晚 0.0 0.121892598244 0.0 0.445348891656 0.716434054964 0.334174084771 0.021978021978 0.5
总+监制 0.0 0.149884273002 0.0749625187406 0.419924770423 0.809077834533 0.351843274358 0.0 0.35632183908
首+歌 0.0 0.151216153183 0.0 0.395410689659 0.738871533327 0.323031926491 0.00659340659341 0.5
动作+明星 0.0 0.300617802034 0.130434782609 0.361533513113 0.91241113541 0.584715126369 0.0 0.25
中+蕴含 0.0 0.137261607246 0.0 0.626694867958 0.741274148297 0.282920895576 0.0 0.5
优秀+传统 0.0 0.288862577765 0.117391304348 0.582999166624 0.851558415515 0.471854628599 0.00494505494505 0.4
创造性+转化 0.0 0.12112362077 0.0 0.750583122924 0.843317437672 0.25421987564 0.0 0.5
创新性+发展 0.0 0.236195650676 0.107416879795 0.552249713868 0.899306520195 0.415836355196 0.0135746606335 0.294117647059
阿里+体育 20.0 0.619972591968 0.31884057971 0.551742003638 0.671773490711 0.635592699875 0.0201465201465 0.25
校园+体育 30.0 0.443814997893 0.212560386473 0.762481892483 0.441638580314 0.57085893242 0.018315018315 0.333333333333
软+价值 0.0 0.241218322773 0.0 1.0 0.0 0.437304686719 0.0 0.5
功守道+》+这部 0.0 0.196131482488 0.151586368978 0.294388295596 0.916960381054 0.527392335628 0.245619245619 0.540540540541
甄子丹+、+吴京 20.0 0.265970408188 0.153964194373 0.332518373385 0.924791635998 0.357265919166 0.0184012066365 0.533333333333
电影+《+功守道 0.0 0.277610419944 0.14381270903 0.296881494832 0.939323051174 0.590067045045 0.305719921105 0.564102564103
功守道+》+主题曲 0.0 0.166674192399 0.183423913043 0.220118549931 0.878612491449 0.48198943115 0.267857142857 0.53125
马云+领衔+主演 0.0 0.207836088702 0.0521739130435 0.130353805333 0.827423756171 0.389880051407 0.0131868131868 0.55
洪金宝+、+程小东 30.0 0.218973439736 0.186335403727 0.36051165645 0.861503903648 0.277080407575 0.0 0.52380952381
李连杰+、+甄子丹 30.0 0.257997138383 0.163043478261 0.33127580885 0.843697277614 0.425970000609 0.0732600732601 0.583333333333
吴京+、+邹市明 30.0 0.197999034283 0.153964194373 0.358325788549 0.887427947426 0.180411781382 0.00482654600302 0.533333333333
邹市明+、+朝青龙 0.0 0.187980559791 0.183423913043 0.349225998749 0.866667658236 0.119797619677 0.0 0.53125
朝青龙+、+托尼·贾 0.0 0.180923727147 0.202551785332 0.389969975813 0.859725028284 0.120117575361 0.0 0.535538353272
托尼·贾+、+向佐 0.0 0.181659100712 0.175432403812 0.394976865481 0.857027124833 0.137139493186 0.0 0.537239675256
向佐+、+刘承羽 0.0 0.208535952308 0.161633880466 0.370935086147 0.863720343987 0.248367495138 0.00285017576084 0.510086455331
马+云+主演 30.0 0.271777985626 0.125603864734 0.126525827951 0.9245402577 0.455727002455 0.230769230769 0.537037037037
新浪+娱乐+讯 0.0 0.132236409517 0.0537084398977 0.409945958363 0.834201972602 0.231317557626 0.0 0.544117647059
功守道+》+电影 0.0 0.276062218853 0.14381270903 0.310090979965 0.935141445882 0.587652876348 0.301775147929 0.564102564103
优酷+独家+上线 0.0 0.144703153363 0.0521739130435 0.186125667481 0.827743278978 0.290571756032 0.0 0.55
首+场+比赛 0.0 0.20809793953 0.0579710144928 0.432897931556 0.811577638372 0.357779767483 0.0 0.537037037037
袁和平+、+洪金宝 30.0 0.222582784376 0.186335403727 0.364049330583 0.867760819451 0.302437643191 0.0 0.52380952381
程小东+、+李连杰 0.0 0.212713575819 0.183423913043 0.365774949912 0.866380034814 0.316403112504 0.0695398351648 0.53125
主题曲+《+风 0.0 0.206237516552 0.121289908551 0.230212644445 0.871324626641 0.374146146299 0.0433072462593 0.638376383764
阿里+大+文娱 0.0 0.445408107495 0.168060200669 0.473997851358 0.758802662416 0.520490618138 0.0107776838546 0.557692307692
中国+传统+武术 20.0 0.281683851262 0.0 0.474782383285 0.905076955228 0.457577568533 0.00784929356358 0.642857142857
马云+、+李连杰 20.0 0.234955502909 0.151586368978 0.35118461282 0.901458656621 0.522258675594 0.0769230769231 0.540540540541
李连杰+、+吴京 30.0 0.22031227551 0.151586368978 0.373615007538 0.8988551578 0.469068278014 0.0769230769231 0.540540540541
中国+传统+文化 20.0 0.408601134977 0.0 0.572320229064 0.912431035648 0.477668774234 0.0104657247514 0.642857142857
大片+《+功守道 0.0 0.119714983573 0.0951821386604 0.280594374123 0.767358606127 0.399788287097 0.276507276507 0.756756756757
天猫+双+11 0.0 0.295254700646 0.0591304347826 0.321583692014 0.853055885175 0.46293854766 0.0250549450549 0.533333333333
男+一+号 10.0 0.161233333196 0.478260869565 0.630637389502 0.795612659879 0.308394847569 0.043956043956 1.0
主演+的+电影 0.0 0.3060198807 0.203557312253 0.317660659353 0.921270442753 0.548430086343 0.0937812187812 0.431818181818
11月+12日+零点 0.0 0.176869201055 0.0430680885972 0.118292262325 0.825015639257 0.32846259855 0.0 0.551886792453
共同+的+梦想 0.0 0.239418470296 0.140468227425 0.467256412532 0.867934505461 0.454548402569 0.00295857988166 0.461538461538
双+11+晚会 30.0 0.328921034389 0.0599294947121 0.329754941935 0.870527082779 0.484510808177 0.033858033858 0.533783783784
中国+功夫+做 0.0 0.259061485732 0.0537084398977 0.567865356925 0.811754999459 0.398479931463 0.0336134453782 0.544117647059
做+过+贡献 0.0 0.162367757493 0.0785226116039 0.647881967649 0.770380938938 0.244507486817 0.0 0.640468227425
贡献+的+前辈 0.0 0.16185871927 0.0716112531969 0.644541397578 0.782364243375 0.238783053717 0.0 0.725490196078
前辈+们+致敬 0.0 0.205345652182 0.0716112531969 0.647170395898 0.773709457834 0.240041682623 0.010989010989 0.637254901961
中国+文化+致敬 0.0 0.317098263541 0.0521739130435 0.567146275411 0.823354339231 0.363014127436 0.0351648351648 0.55
分享+中国+文化 0.0 0.372711889686 0.0521739130435 0.525530185567 0.861756367486 0.430590629735 0.0324175824176 0.55
短片+《+功守道 0.0 0.147724664155 0.151586368978 0.251856274247 0.890467318029 0.495275581469 0.262251262251 0.540540540541
推广+中国+文化 30.0 0.310886266046 0.19347826087 0.490918099889 0.88165506684 0.456418070289 0.0412087912088 0.55
功守道+》+精华版 0.0 0.145909948752 0.433380084151 0.41684542426 0.799278808242 0.412871538365 0.259127968805 0.758064516129
甄子丹+、+李连杰 30.0 0.257997138383 0.163043478261 0.33127580885 0.843697277614 0.425970000609 0.0732600732601 0.583333333333
记+了+台词 0.0 0.171311379382 0.0 0.579551409647 0.568330443961 0.229463862493 0.0 1.0
记+了+动作 0.0 0.274620826052 0.0711462450593 0.495174095916 0.72144925065 0.375263032864 0.0 0.636363636364
世界+分享+中国 0.0 0.280435610033 0.0521739130435 0.583178760348 0.800809555033 0.392341121298 0.0241758241758 0.55
优秀+传统+文化 20.0 0.39822817186 0.0521739130435 0.620355692205 0.860827890015 0.508473545329 0.0247252747253 0.55
参与+《+功守道 0.0 0.166049165311 0.151586368978 0.282703789465 0.856498223004 0.510196155773 0.264627264627 0.540540540541
