律师 0.0 0.224591900581 0.195993031359 0.646858381329 0.717620096499 0.38254004268 0.039685820587 0.353658536585
2016年 0.0 0.100381078905 0.341738562447 0.353185644428 0.885493592824 0.301985342061 0.0 0.566012573824
希望 0.0 0.0770972589115 0.178571428572 0.400513906682 0.880077547422 0.449722843842 0.0 0.214285714286
宣判 0.0 0.062205470101 0.258495546024 0.617156389972 0.80028301761 0.243566640912 0.0191020472071 0.43648960739
生命 0.0 0.12448530484 0.0714285714286 0.18928619229 0.892338742447 0.567942308677 0.0 0.0
这种 0.0 0.131993928142 0.0714285714286 0.145314957849 0.92873206712 0.657062278221 0.0 0.0
否认 0.0 0.0977837616465 0.318754774637 0.661798064646 0.801341130851 0.310189618865 0.069609353757 0.446524064171
听见 0.0 0.0393413595126 0.295112781955 0.754248518222 0.611409868711 0.151779202373 0.0 0.447368421053
车站 0.0 0.130280748741 0.0714285714286 0.267337210443 0.949252627643 0.512249549368 0.0 0.0
国内 0.0 0.0873295024576 0.286945812808 0.648438933256 0.647885852612 0.25146837453 0.0 0.431034482759
应该 0.0 0.215105347828 0.0714285714286 0.171551148984 0.971490028419 0.706545605979 0.0169491525424 0.0
视频 0.0 0.160852406594 0.0714285714286 0.199847072252 1.0 0.698679043107 0.0338983050847 0.0
原因 0.0 0.127762154367 0.0714285714286 0.238312550034 0.953974612634 0.555912692388 0.0338983050847 0.0
被害人 0.0 0.102707445742 0.400162337662 0.428552557406 0.841742412645 0.344091750538 0.00674114021573 0.443181818182
大学 0.0 0.106502472942 0.318754774637 0.567765318421 0.869719606992 0.363457546705 0.0 0.446524064171
检方 0.0 0.205919760874 0.219642857143 0.672665785617 0.789455239879 0.360926112833 0.0305084745762 0.35
父母 0.0 0.0941848686096 0.0714285714286 0.198748076828 0.94784163909 0.580354460105 0.0 0.0
之前 0.0 0.0988707022134 0.0714285714286 0.328687473152 0.962929656948 0.633025958082 0.0 0.0
今日 0.0 0.0859472157824 0.0714285714286 0.653730652942 0.8737275425 0.554430706672 0.101694915254 0.0
已经 0.0 0.139980661513 0.0714285714286 0.170911166676 0.996353474043 0.721834892901 0.0 0.0
8月 0.0 0.0817139206484 0.21857321503 0.754575174416 0.630092805406 0.215276201515 0.0 0.438099208003
蓄意 0.0 0.124604902195 0.266741071429 0.625309442877 0.768218136819 0.273633565265 0.00926906779662 0.34375
道德 0.0 0.599637242584 0.0714285714286 0.185865416086 0.839129255575 0.789005273709 0.0338983050847 0.0
照片 0.0 0.141420144566 0.0714285714286 0.488486280135 0.903523908807 0.593348732543 0.0 0.0
回来 0.0 0.072835375834 0.260989010989 0.593944676374 0.732438556934 0.248074291157 0.0 0.576923076923
见面 0.0 0.103817393156 0.178571428572 0.295103227683 0.847116458525 0.400523608319 0.0 0.214285714286
形成 0.0 0.132608082645 0.0714285714286 0.087088299768 0.888986006576 0.587456390281 0.0 0.0
杀人 0.0 0.203629050218 0.219642857143 0.547269385674 0.859307693543 0.406078321939 0.0406779661017 0.35
目前 0.0 0.205852132485 0.0714285714286 0.311745423234 0.948513942698 0.646489101428 0.0 0.0
结束 0.0 0.069581645048 0.295112781955 0.706477227093 0.697573314913 0.244281177382 0.0107047279215 0.447368421053
江歌 0.0 0.0659445570267 0.173469387755 0.545955976693 0.650460204699 0.413110407846 0.176755447942 0.357142857143
人性 0.0 0.227768827441 0.0714285714286 0.212764926957 0.823617834377 0.664277995277 0.0677966101695 0.0
社会 0.0 0.294126480286 0.0714285714286 0.0940230648126 0.903474018327 0.770049369035 0.0 0.0
暴力 0.0 0.126485359952 0.178571428572 0.109681272312 0.79486003947 0.518389612502 0.0169491525424 0.214285714286
包括 0.0 0.0792790762406 0.0714285714286 0.154616594899 0.976958427166 0.597051601432 0.0 0.0
舆论 0.0 0.349199132914 0.0714285714286 0.165197489608 0.959589096526 0.802624934746 0.0169491525424 0.0
法官 0.0 0.427547563806 0.0714285714286 0.454940050983 0.883871452023 0.703918933507 0.0 0.0
成为 0.0 0.114683855212 0.0714285714286 0.182367531126 0.940716531591 0.545490417497 0.0 0.0
案发 0.0 0.13105724676 0.219642857143 0.598330781941 0.74229576107 0.314340014877 0.0 0.35
争吵 0.0 0.174266905694 0.0714285714286 0.35513649485 0.836627863954 0.45909783089 0.0169491525424 0.0
活动 0.0 0.117995711939 0.286945812808 0.622574542891 0.707052815001 0.276128337495 0.0 0.431034482759
过失 0.0 0.0888397520245 0.178571428572 0.715237462862 0.693396922087 0.299451335685 0.0 0.214285714286
江母 0.0 0.397405386961 0.0714285714286 0.213651081704 0.979942342387 0.818206301771 0.152542372881 0.0
具有 0.0 0.0390743690408 0.339079511712 0.441494615053 0.746211476353 0.219364531249 0.0 0.442263279446
判决 0.0 0.159388485016 0.178571428572 0.475012103231 0.776495305524 0.524178762315 0.0193704600484 0.214285714286
道义 0.0 0.19337957749 0.0714285714286 0.336839051103 0.765876251397 0.625995437219 0.0 0.0
新京报 0.0 0.140162119644 0.38592750533 0.67353389454 0.560505323551 0.246985414345 0.0 0.462686567164
刑法 0.0 0.140028515113 0.244505494506 0.505727110726 0.737731372863 0.308785468514 0.0052151238592 0.346153846154
报道 0.0 0.088596218798 0.244505494506 0.398166732423 0.86494229303 0.34143331262 0.0052151238592 0.346153846154
当晚 0.0 0.0850401844764 0.0714285714286 0.424825335346 0.910138997768 0.470970710098 0.0 0.0
进行 0.0 0.105442553963 0.178571428572 0.407639367657 0.856111352474 0.475761566258 0.0 0.214285714286
回家 0.0 0.0860650625417 0.178571428572 0.585711901142 0.822104370334 0.406538732367 0.0 0.214285714286
解释 0.0 0.0785772467241 0.0714285714286 0.263990258908 0.920710489766 0.472894603548 0.0 0.0
辩方 0.0 0.191871760687 0.178571428572 0.603728675251 0.790870824528 0.466671048572 0.0 0.214285714286
出席 0.0 0.140477472374 0.0714285714286 0.416292098067 0.867342339838 0.531734186568 0.0508474576271 0.0
妈妈 0.0 0.230991687912 0.195993031359 0.402696069596 0.810181894122 0.460069786175 0.00992145514674 0.353658536585
研究室 0.0 0.104575096299 0.289682539682 0.747541816733 0.776713048561 0.288196172892 0.0 0.222222222222
接受 0.0 0.177050924911 0.244505494506 0.473700679009 0.843849739854 0.35932935677 0.0052151238592 0.346153846154
致命 0.0 0.0949757269548 0.0714285714286 0.591105596318 0.857231896107 0.47156205151 0.0169491525424 0.0
属地 0.0 0.115819338894 0.295112781955 0.601270619373 0.70731430172 0.268853332925 0.0 0.447368421053
显示 0.0 0.102353121426 0.0714285714286 0.529956471094 0.894308474989 0.508798928308 0.0 0.0
证据 0.0 0.361489151749 0.0714285714286 0.372628915971 0.964775538936 0.753312327353 0.0 0.0
人民法院 0.0 0.164432063477 0.511520737327 0.742456477889 0.551488708239 0.140268535954 0.0 0.451612903226
杀害 0.0 0.0542136481345 0.227678571429 0.345017869855 0.897674714015 0.339136361048 0.0 0.4625
完全 0.0 0.104740753348 0.0714285714286 0.215974822688 0.939832416465 0.575375215378 0.0 0.0
过程 0.0 0.161321934562 0.136363636364 0.461173480177 0.948253214465 0.482301642309 0.00924499229585 0.227272727273
事情 0.0 0.1983971842 0.0714285714286 0.277063673099 0.951881484631 0.623486560148 0.0 0.0
出庭 0.0 0.143266008631 0.260204081633 0.415311786018 0.861777639068 0.401109286696 0.0688343133865 0.438775510204
工作 0.0 0.0828710621286 0.0714285714286 0.192804729256 0.93349792589 0.620186934123 0.0 0.0
采访 0.0 0.27708544356 0.219642857143 0.457596116942 0.875201128237 0.342801637989 0.0 0.35
恐吓罪 0.0 0.0954541457627 0.372549019608 0.807249405311 0.615147090102 0.213791651113 0.0 0.450980392157
当事人 0.0 0.131862699312 0.178571428571 0.25343718503 0.888737282665 0.653181897186 0.0 0.0
秋莲 0.0 0.142738425687 0.203832752613 0.658084236502 0.632165943328 0.280113825595 0.0 0.463414634146
讨论 0.0 0.186269180305 0.0714285714286 0.142465829498 0.948711828962 0.647425956252 0.0 0.0
信息 0.0 0.318434512994 0.0714285714286 0.216426223788 0.981141320104 0.768669076137 0.0 0.0
颈部 0.0 0.180193914962 0.0714285714286 0.53724852726 0.85508208528 0.546586436434 0.0 0.0
造成 0.0 0.0722699481636 0.286945812808 0.649456044327 0.771487214821 0.268891966849 0.0 0.431034482759
2日 0.0 0.137049333165 0.161667513981 0.656813227762 0.793603788802 0.234715644181 0.0 0.339857651246
害怕 0.0 0.18600687033 0.0714285714286 0.494997470318 0.879158656815 0.51687697446 0.0 0.0
本案 0.0 0.10982044963 0.136363636364 0.501007775668 0.755564740895 0.452753682988 0.0 0.227272727273
男友 0.0 0.12617821157 0.270618556701 0.277152276709 0.904921321517 0.31064732712 0.00524200594095 0.453608247423
因果 0.0 0.205435236034 0.178571428572 0.663432275622 0.658033556339 0.31131770564 0.0 0.214285714286
冲突 0.0 0.171823820394 0.0714285714286 0.351269491927 0.94251690356 0.608818913283 0.0338983050847 0.0
优先 0.0 0.0581575714575 0.339079511712 0.568109134796 0.685285948391 0.161117740834 0.0 0.442263279446
居住地 0.0 0.163841051631 0.431266846361 0.787244841471 0.540244154151 0.144482270056 0.0 0.566037735849
了解 0.0 0.0842419648017 0.0714285714286 0.213080137439 0.951979331288 0.566853408051 0.0 0.0
衣服 0.0 0.0936144291847 0.190092165899 0.705512510521 0.79772920754 0.378973849839 0.00656096227448 0.306451612903
回复 0.0 0.161026442697 0.0714285714286 0.452271005736 0.821754865592 0.446786919459 0.0 0.0
4日 0.0 0.166778748237 0.0898617511522 0.687201263875 0.680658188377 0.190896254206 0.0 0.209677419355
觉得 0.0 0.230381219648 0.0714285714286 0.396206139405 0.949139687913 0.619757920414 0.0 0.0
开庭 0.0 0.106379933127 0.244505494506 0.346752802983 0.908143006351 0.360439517442 0.112125162972 0.346153846154
方式 0.0 0.0464038983664 0.178571428572 0.378961488289 0.861748222979 0.404417213579 0.00968523002423 0.214285714286
通话 0.0 0.0959033149476 0.178571428572 0.59831088277 0.795365424008 0.378207981474 0.0 0.214285714286
11日 0.0 0.0862173522753 0.183012583272 0.497804070761 0.84779230754 0.291987772098 0.010304148005 0.458549222798
起诉 2.0 0.074586668951 0.0714285714286 0.332866523107 0.914465391983 0.481055077899 0.0 0.0
递给 0.0 0.117034211749 0.274553571429 0.722007923492 0.803218592026 0.222221399908 0.0 0.453125
房间 0.0 0.0761937274839 0.226973684211 0.549305474463 0.845912549581 0.286983305164 0.00669045495095 0.440789473684
帮助 0.0 0.181030326977 0.0714285714286 0.229083212089 0.933269053922 0.578176145631 0.0508474576271 0.0
门铃 0.0 0.16995652458 0.0714285714286 0.679922405064 0.832196291607 0.360112324054 0.0847457627119 0.0
锁门 2.0 0.0974341932306 0.271428571429 0.601754375559 0.776707404078 0.312884832406 0.0305084745763 0.4
消息 0.0 0.144064146867 0.0714285714286 0.422075261272 0.921156594742 0.572291032946 0.0338983050847 0.0
网上 0.0 0.181984250759 0.0714285714286 0.162948452792 0.916169252536 0.623162608334 0.0 0.0
门外 0.0 0.0906570551732 0.274553571429 0.637685830628 0.696072811812 0.223428448651 0.0052966101695 0.453125
当时 0.0 0.107941999968 0.221428571429 0.435838266103 0.813566558373 0.386457495172 0.0 0.3
证言 0.0 0.0884700580817 0.260204081633 0.504915093052 0.76361692095 0.291510694596 0.0121065375303 0.438775510204
主要 0.0 0.0792790762406 0.0714285714286 0.290776456933 0.971603797312 0.590156541954 0.0 0.0
地方 0.0 0.0918570784458 0.244505494506 0.344817054244 0.925024348816 0.37960845585 0.0 0.346153846154
检察官 0.0 0.277448844846 0.178571428571 0.487133766302 0.873834742213 0.666791900665 0.0 0.0
审判 0.0 0.0961019947381 0.244505494506 0.511317573221 0.761126043338 0.302271125097 0.0156453715776 0.346153846154
相关 0.0 0.0684645182007 0.178571428572 0.330764478447 0.846914077123 0.390142581713 0.0 0.214285714286
前往 0.0 0.0445621889292 0.178571428572 0.54341718042 0.864741362372 0.371188459971 0.0 0.214285714286
发生 0.0 0.102769341533 0.266741071429 0.487210654126 0.790191477975 0.310722651106 0.00900423728815 0.34375
影响 0.0 0.124891004714 0.0714285714286 0.25363002745 0.94420996641 0.643825254261 0.0 0.0
复合 0.0 0.0822172473397 0.260204081633 0.641067118997 0.817054173205 0.302083048511 0.0 0.438775510204
该案 0.0 0.156666470758 0.0714285714286 0.349143562486 0.872099969988 0.524255072463 0.0 0.0
澎湃 0.0 0.186476282039 0.244505494506 0.527524852972 0.82261061955 0.392183306784 0.0 0.346153846154
标题 0.0 0.0504935804193 0.136363636364 0.197336629947 0.969865287188 0.190396708239 0.0 0.227272727273
公寓 0.0 0.0944169986765 0.252747252747 0.544236980255 0.829650335288 0.345862861888 0.0052151238592 0.461538461538
华人 0.0 0.124677110593 0.0714285714286 0.338932189453 0.894073070413 0.510365256975 0.0 0.0
透露 0.0 0.0671536782168 0.0714285714286 0.480880188445 0.857344875941 0.501998148447 0.0 0.0
朋友 0.0 0.190768803207 0.0714285714286 0.271796293505 0.919580424621 0.622862687594 0.0169491525424 0.0
联系 0.0 0.129291259323 0.178571428572 0.464058842378 0.848156824189 0.429983413155 0.0 0.214285714286
最后 0.0 0.109730515898 0.0714285714286 0.412048032941 0.882897900739 0.625626542603 0.0169491525424 0.0
纠缠 0.0 0.150702784436 0.0714285714286 0.0181758618349 0.81959532106 0.532583052676 0.0169491525424 0.0
描述 0.0 0.110117328269 0.0714285714286 0.536399835913 0.811004450779 0.555852267698 0.0 0.0
选择 0.0 0.104987457047 0.0714285714286 0.193673598822 0.963139451146 0.59864543862 0.0 0.0
看到 0.0 0.0772439088018 0.219642857143 0.58573086253 0.697302392137 0.341390274966 0.0 0.35
回应 0.0 0.0958618666187 0.0714285714286 0.221864589195 0.933416704265 0.531499349521 0.0338983050847 0.0
被告 0.0 0.0928469303898 0.218487394958 0.688650214674 0.812846100418 0.452042387618 0.0199401794616 0.205882352941
责任 0.0 0.184774088367 0.274553571429 0.375238763622 0.835967139093 0.375836972451 0.00926906779662 0.453125
面对 0.0 0.0793773468147 0.278350515464 0.572901218181 0.617915094426 0.263524495251 0.00524200594095 0.561855670103
提问 0.0 0.109292392745 0.0714285714286 0.492432421582 0.713482560531 0.50951540045 0.0169491525424 0.0
室友 0.0 0.084102529982 0.178571428572 0.348933471344 0.89217637535 0.41766166851 0.00968523002423 0.214285714286
重要 0.0 0.104740753348 0.0714285714286 0.253750754644 0.946043552689 0.595248166111 0.0 0.0
中国 0.0 0.164440131565 0.219642857143 0.415477717701 0.85360494511 0.390558909335 0.014406779661 0.35
谴责 0.0 0.171798997119 0.0714285714286 0.14368321438 0.91527024102 0.656302913479 0.0 0.0
听到 0.0 0.114286534808 0.244505494506 0.627080042229 0.766036524813 0.318469028739 0.0052151238592 0.346153846154
公民 0.0 0.143427863953 0.178571428572 0.609382430495 0.710142759648 0.430729571095 0.0 0.214285714286
事发 0.0 0.0842926250463 0.0714285714286 0.2241235273 0.976394352957 0.615685717263 0.0 0.0
大江洋平 0.0 0.180046807736 0.39935064935 0.683997806735 0.695888203344 0.348672950747 0.0 0.227272727273
作证 0.0 0.178692634026 0.178571428572 0.246005554156 0.962712319229 0.505344273885 0.0702179176756 0.214285714286
表示 0.0 0.231227654183 0.270618556701 0.648744318775 0.674062762525 0.31006145757 0.0 0.453608247423
存在 0.0 0.0691987557742 0.297619047619 0.559840338459 0.734399695614 0.292025655561 0.0 0.452380952381
邻居 0.0 0.0915031222286 0.0714285714286 0.411851385294 0.886292661768 0.442074080842 0.0 0.0
法院 0.0 0.136055885557 0.244505494506 0.461824261895 0.824547327629 0.414365779131 0.0156453715776 0.346153846154
回国 0.0 0.169058375255 0.0714285714286 0.399662131054 0.880042244718 0.549127399886 0.0 0.0
携带 0.0 0.114197565525 0.178571428572 0.632416503621 0.677860690898 0.323238285095 0.0 0.214285714286
双方 0.0 0.13988731093 0.0714285714286 0.26858090703 0.977886535633 0.648230768199 0.0 0.0
杀意 0.0 0.196055859067 0.0714285714286 0.720472712832 0.783301966449 0.427809420287 0.0169491525424 0.0
警方 0.0 0.144824717083 0.244505494506 0.479380858859 0.85452344498 0.346795958052 0.0325945241199 0.346153846154
方面 0.0 0.118782856143 0.218487394958 0.609842030478 0.83603606382 0.436960573565 0.0169491525424 0.205882352941
伤口 0.0 0.213542913155 0.136363636364 0.637519015651 0.769216645535 0.442248611179 0.0 0.227272727273
10日 0.0 0.115507155329 0.127551020408 0.66173421784 0.731963561968 0.27357942517 0.0 0.214285714286
问题 0.0 0.271569948793 0.0714285714286 0.22392631939 0.9903197332 0.719615941051 0.0508474576271 0.0
死刑 2.0 0.249101754253 0.240935460479 0.394683789223 0.903522575087 0.438897025841 0.0103243568786 0.347715736041
引渡 0.0 0.255402325477 0.178571428572 0.6323652701 0.662823427243 0.455999252817 0.0 0.214285714286
公布 0.0 0.109580280461 0.0714285714286 0.269928333211 0.95842018667 0.645636852697 0.0 0.0
动机 0.0 0.160199307684 0.178571428572 0.542502109849 0.88280289912 0.414781086307 0.0 0.214285714286
证明 0.0 0.104661481553 0.218487394958 0.499093705094 0.83908106278 0.422479576399 0.00997008973082 0.205882352941
产生 0.0 0.0840624067056 0.0714285714286 0.201021740065 0.947016081398 0.585989853145 0.0 0.0
聊天 0.0 0.0395111788812 0.178571428572 0.67529560575 0.766536858011 0.338049911168 0.0 0.214285714286
见到 0.0 0.0618679791552 0.25 0.564594683549 0.811799321663 0.319812174846 0.0 0.295918367347
辩护律师 0.0 0.0958618666187 0.285714285714 0.457683826219 0.923235808444 0.548978505273 0.0 0.0
进入 0.0 0.115274137737 0.0714285714286 0.370019764987 0.9464264854 0.629697681515 0.0 0.0
情况 0.0 0.0970968788007 0.286945812808 0.669271195403 0.683257952676 0.33085081611 0.0140268848626 0.431034482759
女儿 0.0 0.137254609249 0.136363636364 0.386469408371 0.824646208355 0.487762606775 0.0184899845917 0.227272727273
附近 0.0 0.104428997733 0.0714285714286 0.690538245781 0.8353165348 0.511270355236 0.0 0.0
来源 0.0 0.213013341425 0.0714285714286 0.219166507283 0.969151419703 0.494763321617 0.0 0.0
东京 0.0 0.11580562364 0.244505494506 0.40201386855 0.895334665999 0.411605626549 0.0338983050847 0.346153846154
关键 0.0 0.11100526587 0.0714285714286 0.252154790587 0.928491003107 0.522907418477 0.0169491525424 0.0
供述 0.0 0.140539054698 0.0714285714286 0.680612991345 0.780570488597 0.511897539785 0.0 0.0
需要 0.0 0.199267275201 0.0714285714286 0.173351283331 0.951172363769 0.698287578609 0.0169491525424 0.0
主张 0.0 0.0813685200333 0.25 0.586016373563 0.732971245713 0.350785582207 0.0 0.295918367347
刑罚 0.0 0.0660140580567 0.178571428572 0.60658749207 0.727423664001 0.313201997443 0.0 0.214285714286
无法 0.0 0.135085042035 0.0714285714286 0.223623344796 0.982536811621 0.661540532667 0.0 0.0
案件 0.0 0.14312526935 0.244505494506 0.470321247128 0.784737496803 0.368927940386 0.0104302477184 0.346153846154
引发 0.0 0.0979660599809 0.0714285714286 0.308413548271 0.913407624874 0.525678229055 0.0 0.0
提起 0.0 0.0860612048078 0.318754774637 0.555492797628 0.798587939106 0.216497775618 0.00924499229585 0.446524064171
有人 0.0 0.0441812683241 0.178571428572 0.454751481581 0.769264201979 0.355350734696 0.0 0.214285714286
留学生 0.0 0.107394767035 0.305331991952 0.343882548673 0.896907147256 0.328809160795 0.0137264263547 0.359154929577
凶器 0.0 0.151851173029 0.271428571429 0.625540610523 0.864069692267 0.466313139694 0.0101694915254 0.4
伤害 0.0 0.102989597444 0.0714285714286 0.128264158289 0.909215284892 0.637746294806 0.0169491525424 0.0
死亡 0.0 0.0806653170282 0.286945812808 0.632959311034 0.790195819951 0.304767502901 0.0 0.431034482759
失去 0.0 0.0691725746028 0.178571428572 0.459641102716 0.761238187945 0.385222986953 0.0 0.214285714286
凌晨 0.0 0.0672523596961 0.238571428572 0.316037523997 0.900973376494 0.209800885284 0.0 0.44
第一 0.0 0.166281391806 0.173469387755 0.558909092325 0.758989901479 0.38890838602 0.00484261501211 0.357142857143
公开 0.0 0.0670748767275 0.221428571429 0.45110603581 0.839688173988 0.348452723023 0.0 0.3
指控 0.0 0.101170660461 0.266741071429 0.678848771672 0.809050870124 0.318196433427 0.0129766949153 0.34375
动脉 0.0 0.109730515898 0.0714285714286 0.708169573848 0.790313947653 0.471501282296 0.0 0.0
失血 0.0 0.0850401844764 0.0714285714286 0.580557388268 0.873641376954 0.3127097587 0.0 0.0
情绪 0.0 0.205179091273 0.0714285714286 0.145123112254 0.961537145382 0.705693108316 0.0338983050847 0.0
比较 0.0 0.112468586108 0.0714285714286 0.431783008296 0.931927838656 0.584014214343 0.0 0.0
拒绝 0.0 0.13177936404 0.178571428572 0.377022987861 0.839300387715 0.440785731314 0.0 0.214285714286
江歌案 3.0 0.0823018783038 0.329650565262 0.389195434335 0.857728706915 0.413690183254 0.366540665772 0.356115107914
报警 0.0 0.240911971866 0.178571428572 0.527239934826 0.800788013403 0.493051990748 0.0169491525424 0.214285714286
直接 0.0 0.0868266862568 0.0714285714286 0.254083083673 0.98508254417 0.615902338065 0.0 0.0
刑事 0.0 0.200165431493 0.219642857143 0.458258579472 0.750839470324 0.32984659466 0.0139830508475 0.35
新闻记者 0.0 0.0905311882653 0.487684729064 0.453767448989 0.731741365195 0.281026402484 0.0 0.355172413793
网络 0.0 0.179481319904 0.178571428572 0.226869900576 0.795440086512 0.583175275903 0.0169491525424 0.214285714286
此案 0.0 0.109730515898 0.0714285714286 0.38615526469 0.875281121564 0.61824032661 0.0 0.0
新闻 0.0 0.1921056011 0.244505494506 0.509099485709 0.826890787303 0.425126803601 0.0104302477184 0.346153846154
行为 0.0 0.182358040983 0.178571428572 0.444826623029 0.825128008055 0.568299616571 0.0 0.214285714286
事先 0.0 0.0633659634305 0.178571428572 0.54425093592 0.861553591593 0.268494886255 0.0 0.214285714286
14日 0.0 0.0963296225007 0.183614097307 0.731944995323 0.536443279315 0.220927182298 0.0 0.346392552366
追究 0.0 0.0860764972229 0.260204081633 0.658344082672 0.680054484178 0.211269767752 0.0 0.438775510204
管辖权 0.0 0.106261087467 0.400162337662 0.568223870586 0.696294126742 0.262923990533 0.00674114021573 0.443181818182
行凶 0.0 0.19337957749 0.0714285714286 0.516210303312 0.860495875897 0.637727197237 0.0169491525424 0.0
遇害 0.0 0.194370937652 0.178571428572 0.285829240898 0.964656960155 0.53227457212 0.0338983050847 0.214285714286
是否 0.0 0.158983680604 0.219642857143 0.402121611428 0.847787743555 0.435115847087 0.0457627118643 0.35
保护 0.0 0.168749671669 0.0714285714286 0.113746614434 0.872184300058 0.610041801167 0.0169491525424 0.0
北京 0.0 0.0527888015263 0.277093596059 0.507267199026 0.756671329716 0.375263194336 0.0 0.293103448276
今天 0.0 0.0846995173474 0.178571428572 0.418322354203 0.849734520122 0.478193715514 0.0 0.214285714286
生活 0.0 0.190768803207 0.0714285714286 0.154187830033 0.842983606215 0.669596489721 0.0 0.0
此前 0.0 0.155089007677 0.0714285714286 0.40853646025 0.93256041245 0.604784784828 0.0 0.0
我国 0.0 0.136886253223 0.295112781955 0.640297436268 0.675432862364 0.331732608251 0.0129348795718 0.447368421053
回到 0.0 0.0982538474077 0.178571428572 0.437907150289 0.796133873215 0.376388960154 0.0 0.214285714286
电话 0.0 0.147601366368 0.178571428572 0.582042279628 0.775924916098 0.456886521935 0.0266343825666 0.214285714286
身上 0.0 0.0579170757224 0.178571428572 0.560085287699 0.882226274979 0.380014788717 0.0 0.214285714286
知道 0.0 0.137356480015 0.266741071429 0.520079959912 0.774257658211 0.329783828061 0.0145656779661 0.34375
真相 0.0 0.162802419401 0.0714285714286 0.217852873917 0.898984872525 0.61692715055 0.0169491525424 0.0
尖叫 0.0 0.0856956177423 0.226973684211 0.766649540378 0.500748160759 0.181296090412 0.0 0.440789473684
水果刀 3.0 0.131472904368 0.414285714286 0.679345733711 0.801541751212 0.319978589817 0.00677966101696 0.6
媒体 0.0 0.166508284763 0.244505494506 0.400393135538 0.87271994713 0.403889947577 0.0469361147326 0.346153846154
小时 0.0 0.0949757269548 0.0714285714286 0.496147009835 0.866024805695 0.563880202158 0.0169491525424 0.0
手机 0.0 0.103550685764 0.0714285714286 0.475828387776 0.848511876204 0.516336889759 0.0 0.0
事件 0.0 0.120435246142 0.136363636364 0.154853883348 0.887235202412 0.502734768009 0.0184899845917 0.227272727273
写道 0.0 0.140339810067 0.226973684211 0.799688965114 0.432825099061 0.127615742373 0.0 0.440789473684
左右 0.0 0.101648103223 0.0714285714286 0.536781054459 0.88025438953 0.513546991612 0.0 0.0
签名 0.0 0.141326476815 0.244505494506 0.571548211805 0.745936813254 0.290913952387 0.0052151238592 0.346153846154
时间 0.0 0.0842727677185 0.219642857143 0.438204823127 0.798983553389 0.412622143245 0.0 0.35
逮捕 0.0 0.0654579028534 0.218487394958 0.659663553419 0.685662662605 0.229052503388 0.0 0.205882352941
刀具 3.0 0.144548415567 0.233193277311 0.687723583758 0.778235576626 0.397180410317 0.0 0.411764705882
开门 0.0 0.110908432065 0.221428571429 0.534388329008 0.875636348811 0.297026316206 0.0135593220339 0.3
继续 0.0 0.105102609727 0.0714285714286 0.379875919491 0.919952995409 0.623662580093 0.0169491525424 0.0
被告人 3.0 0.521942415304 0.331632653061 0.496329408746 0.894192168091 0.603422756125 0.0 0.214285714286
最终 0.0 0.1329093377 0.0714285714286 0.380494700673 0.890053602896 0.599438602081 0.0 0.0
门口 0.0 0.0700723765103 0.178571428572 0.508782193609 0.838324692553 0.405554519619 0.0 0.214285714286
承担 0.0 0.0916477434028 0.286945812808 0.388371373428 0.718258300374 0.344658452032 0.0239625949737 0.431034482759
日本 0.0 0.213305549209 0.244505494506 0.374039861278 0.891810147416 0.450771017549 0.0443285528032 0.346153846154
2017年 0.0 0.0571151539317 0.286831944727 0.608419019122 0.727600242847 0.227473107396 0.0 0.457752489331
录音 0.0 0.0653883731188 0.200460829493 0.642385076154 0.727979192836 0.20715706352 0.0131219245489 0.451612903226
部分 0.0 0.0391784916992 0.295112781955 0.709622303284 0.758855127839 0.228442957191 0.0 0.447368421053
外面 0.0 0.370414079582 0.0714285714286 0.471053044858 0.883726871624 0.547526538227 0.0 0.0
下午 0.0 0.134219872707 0.257692307692 0.579065835946 0.838973117067 0.339812457621 0.0104302477184 0.453846153846
声音 0.0 0.169033471606 0.233193277311 0.518311953613 0.790068547565 0.345461918901 0.0 0.411764705882
裁判 0.0 0.0519625212265 0.286945812808 0.297401747585 0.915440035971 0.288755508671 0.0 0.431034482759
陈世峰 3.0 0.149415707204 0.282019704434 0.588257475522 0.802811445728 0.407542328005 0.184687317358 0.362068965517
受害者 3.0 0.0850401844764 0.178571428571 0.217346133759 0.921715797222 0.544312775131 0.0 0.0
判处 0.0 0.0800171526836 0.266741071429 0.445961837061 0.824692834832 0.313201165417 0.0 0.34375
法医 0.0 0.19681009663 0.0714285714286 0.73427261663 0.690046254233 0.60643073703 0.0338983050847 0.0
12月 0.0 0.116842454299 0.184065934066 0.461881620785 0.887632464824 0.34414476005 0.0 0.346153846154
打工 0.0 0.122323363001 0.0714285714286 0.633948999384 0.888280347038 0.497786624251 0.0 0.0
杀人罪 0.0 0.100343769646 0.386904761904 0.454996821264 0.872270994069 0.365127801588 0.0 0.416666666667
发现 0.0 0.0893509294886 0.226973684211 0.619805114934 0.773550333909 0.314442141684 0.0 0.440789473684
记者 0.0 0.072556994536 0.339079511712 0.677057778286 0.670310826322 0.302745829318 0.0 0.442263279446
中华人民共和国 0.0 0.0943905731855 0.810199942046 0.657077209341 0.708892542034 0.259948988989 0.0 0.47261663286
20日 0.0 0.0531348054711 0.242261365108 0.628412668671 0.794407507281 0.199673029244 0.0255697097285 0.445149592022
文化 0.0 0.0396180308914 0.295112781955 0.55933876308 0.87712621661 0.295223767792 0.00535236396076 0.447368421053
上午 0.0 0.141228578738 0.22881773399 0.742319378702 0.628331585138 0.376811494882 0.00514319111631 0.348275862069
具体 0.0 0.0738552572033 0.0714285714286 0.20655682301 0.932367818629 0.513441232236 0.0 0.0
告诉 0.0 0.0891418916813 0.286945812808 0.474345112 0.833640740586 0.393685016233 0.0 0.431034482759
正义 0.0 0.185735287967 0.0714285714286 0.184890568132 0.824937213436 0.674192407798 0.0508474576271 0.0
家人 0.0 0.155146184954 0.0714285714286 0.156843335055 0.946167460597 0.608244769009 0.0 0.0
国家 0.0 0.10403158429 0.0714285714286 0.295466113603 0.880679009566 0.604517456464 0.0 0.0
认定 0.0 0.116556184532 0.0714285714286 0.338645406028 0.863188650831 0.594790810288 0.0 0.0
发布 0.0 0.0377002688641 0.313364055299 0.561966015672 0.762693974553 0.248422181957 0.0 0.338709677419
诉讼 0.0 0.103919680763 0.286945812808 0.524394823542 0.824439946925 0.279366455916 0.0 0.431034482759
找到 0.0 0.0994279578301 0.0714285714286 0.385320243385 0.952111161183 0.539188587159 0.0169491525424 0.0
分钟 0.0 0.130280748741 0.0714285714286 0.420215473409 0.908257251681 0.569137462272 0.0169491525424 0.0
庭审 0.0 0.169265115033 0.173469387755 0.541116376526 0.782724439626 0.375237849714 0.0815173527038 0.357142857143
反锁 0.0 0.0605832939269 0.19387755102 0.352188389219 0.784738466456 0.267884675131 0.00968523002423 0.428571428571
义务 0.0 0.24016537615 0.0714285714286 0.439417378572 0.73205703199 0.58106643079 0.0169491525424 0.0
焦点 0.0 0.0815193679626 0.0714285714286 0.271336815379 0.890837679366 0.488531348831 0.0338983050847 0.0
承认 0.0 0.115788968458 0.218487394958 0.541825011364 0.842196878533 0.39291847191 0.00997008973082 0.205882352941
裤子 0.0 0.0462478776092 0.136363636364 0.589640266775 0.794659879878 0.321497070486 0.0 0.227272727273
当天 0.0 0.141126743759 0.227678571429 0.63335292075 0.833764490709 0.372047515244 0.0313559322034 0.4625
威胁 0.0 0.126592633923 0.0714285714286 0.42227183251 0.914425399328 0.580578772537 0.0 0.0
表现 0.0 0.0785772467241 0.0714285714286 0.15316852567 0.88612896403 0.521301233686 0.0 0.0
准备 0.0 0.100896712554 0.25 0.560806758074 0.856403969691 0.320237271283 0.0 0.295918367347
审理 0.0 0.111033381806 0.295112781955 0.525256445969 0.812110437661 0.316515110638 0.0 0.447368421053
关系 0.0 0.26601851554 0.178571428572 0.527589703896 0.823567456452 0.463515304645 0.0 0.214285714286
法律 0.0 0.266679164469 0.244505494506 0.302326754049 0.88221789945 0.441896525079 0.0417209908735 0.346153846154
严重 0.0 0.0756235575213 0.0714285714286 0.232649138141 0.945993568094 0.534542162158 0.0 0.0
分手 0.0 0.0652209767153 0.218487394958 0.359656455449 0.840928407573 0.356492781812 0.0 0.205882352941
编辑 0.0 0.057787930005 0.178571428572 0.187113282213 0.950612693764 0.431263260569 0.0 0.214285714286
陈述 0.0 0.234564417374 0.0714285714286 0.485180336869 0.945330086478 0.662813504327 0.0169491525424 0.0
事实 0.0 0.179274232221 0.0714285714286 0.18368523293 0.971637887103 0.684470470941 0.0338983050847 0.0
女性 0.0 0.12458097179 0.0714285714286 0.447324253014 0.780140271632 0.529873786624 0.0 0.0
学校 0.0 0.0924304046278 0.178571428572 0.741988217623 0.717669738707 0.353789209001 0.0 0.214285714286
认为 0.0 0.0965572432801 0.266741071429 0.573314775144 0.748984687037 0.328415229214 0.0 0.34375
出现 0.0 0.131993928142 0.0714285714286 0.419968046576 0.895698632236 0.512133791674 0.0 0.0
凶手 0.0 0.162713348586 0.218487394958 0.229061281652 0.926993979994 0.531163123557 0.00997008973082 0.205882352941
善良 0.0 0.183504460612 0.0714285714286 0.049683523431 0.811538264762 0.626475985678 0.0508474576271 0.0
代理 0.0 0.0743131210991 0.178571428572 0.541694008743 0.840661149507 0.444692242801 0.0 0.214285714286
适用 0.0 0.315020439857 0.0714285714286 0.47846596627 0.745157773337 0.580424420702 0.0 0.0
母亲 0.0 0.11297140822 0.195993031359 0.247173937795 0.927843397533 0.4401946107 0.0438197602315 0.353658536585
警察 0.0 0.201692462802 0.0714285714286 0.322312993817 0.950877754213 0.616312493416 0.0 0.0
闺蜜 0.0 0.124230309399 0.0714285714286 0.159641209152 0.822127286976 0.565516195825 0.0 0.0
管辖 0.0 0.178594381044 0.287593984963 0.617886517537 0.679818875285 0.300603401002 0.00535236396076 0.342105263158
微信 0.0 0.147035522541 0.248549673677 0.596807991065 0.768657865294 0.320559780978 0.00516217843931 0.454314720812
11月 0.0 0.214699095586 0.160714285714 0.557587729194 0.805603408805 0.288573505628 0.0 0.35
赔偿 0.0 0.210743264253 0.0714285714286 0.31931202646 0.857767495023 0.607064663177 0.0 0.0
处理 0.0 0.0765325526591 0.0714285714286 0.25623176362 0.970172214693 0.504088481994 0.0 0.0
法庭 0.0 0.158102231178 0.271428571429 0.532740910565 0.871333233066 0.495950061595 0.0305084745763 0.4
记录 0.0 0.109032082604 0.178571428572 0.628510046556 0.772366361417 0.418934779406 0.00968523002423 0.214285714286
之间 0.0 0.116599511708 0.0714285714286 0.183126360503 0.940958868899 0.571809638832 0.0 0.0
处罚 0.0 0.0723679095312 0.221428571429 0.575641357746 0.727676322021 0.238031247228 0.0 0.3
原则 0.0 0.163908500083 0.295112781955 0.573840699539 0.719477610567 0.296922615215 0.0 0.447368421053
量刑 0.0 0.136272422103 0.0714285714286 0.376019834205 0.942354939102 0.500934627818 0.0 0.0
请求 0.0 0.2024572811 0.0714285714286 0.364152887287 0.91986243131 0.526871027787 0.0 0.0
提出 0.0 0.168820508231 0.0714285714286 0.220262446955 0.969145607149 0.624581471558 0.0 0.0
文章 0.0 0.200317123649 0.248549673677 0.738442130416 0.49099633183 0.220356286342 0.0 0.454314720812
证人 0.0 0.128084144008 0.0714285714286 0.339641345318 0.97033333707 0.668856010915 0.0338983050847 0.0
防卫 0.0 0.0847709638301 0.178571428572 0.616084967415 0.736891541537 0.32233219487 0.0169491525424 0.214285714286
厘米 0.0 0.124047865578 0.0714285714286 0.5820540558 0.886325306811 0.510516806752 0.0169491525424 0.0
江秋莲 3.0 0.362395428292 0.355042016806 0.635331548195 0.756320754798 0.337112268196 0.0 0.352941176471
公众 0.0 0.0992067992863 0.0714285714286 0.164354811949 0.954614695356 0.597927220677 0.0 0.0
3日 0.0 0.0907461265165 0.204155844156 0.283254511496 0.92144019207 0.219433679955 0.0 0.44
关注 0.0 0.158159724987 0.0714285714286 0.243753784599 0.985664332942 0.713791999235 0.0677966101695 0.0
期间 0.0 0.131123517278 0.0714285714286 0.418169356577 0.901100668616 0.532593124549 0.0 0.0
嫌疑人 3.0 0.25572747428 0.43130665833 0.354417741154 0.875869929063 0.393612882931 0.0 0.456236323851
司法 0.0 0.147911228803 0.244505494506 0.561819151557 0.721261282932 0.340443436712 0.013037809648 0.346153846154
回答 0.0 0.339355299285 0.218487394958 0.664307341054 0.683983903971 0.464253147729 0.00997008973082 0.205882352941
争议 0.0 0.132608082645 0.0714285714286 0.33848926891 0.896489680954 0.621833641573 0.0169491525424 0.0
要求 0.0 0.112707597193 0.0714285714286 0.167973790258 0.964265425666 0.637738577608 0.0169491525424 0.0
房子 0.0 0.102989597444 0.0714285714286 0.507753335133 0.7798681761 0.483632740915 0.0 0.0
微博 0.0 0.219869952644 0.260204081633 0.688804208768 0.581410232404 0.317143562179 0.0 0.438775510204
提供 0.0 0.051205561814 0.303571428572 0.567282034732 0.748434533587 0.214613528266 0.0 0.565789473684
现在 0.0 0.115524378062 0.0714285714286 0.303790099437 0.948506873499 0.634653545587 0.0 0.0
现场 0.0 0.20666982929 0.178571428572 0.50860101072 0.887080927765 0.576301770694 0.0532687651332 0.214285714286
导致 0.0 0.0575288557306 0.0714285714286 0.32872842153 0.948925904651 0.530659344105 0.0 0.0
机关 0.0 0.124851900812 0.348455598456 0.603864530863 0.690395698395 0.28270687478 0.0132844709116 0.554054054054
衣物 0.0 0.0897642700071 0.0714285714286 0.599767950416 0.793865154141 0.482990321626 0.0169491525424 0.0
晚上 0.0 0.0769627614433 0.238571428572 0.77891567342 0.669702351664 0.269952990447 0.0 0.44
遇到 0.0 0.0765325526591 0.0714285714286 0.258873736356 0.94045640221 0.480912111535 0.0 0.0
犯罪 0.0 0.213246337666 0.219642857143 0.491275247036 0.776656662937 0.346351022319 0.0 0.35
确认 0.0 0.0773432092385 0.0714285714286 0.526237977905 0.822286446218 0.498030672096 0.0 0.0
刘鑫 0.0 0.0594084810069 0.173469387755 0.507797556766 0.80813864925 0.441450382974 0.18805488297 0.357142857143
规定 0.0 0.194398133698 0.219642857143 0.443793052608 0.775079565864 0.330385986008 0.0 0.35
民事 0.0 0.112950718078 0.295112781955 0.535743488553 0.810552565999 0.264434398341 0.0 0.447368421053
判断 0.0 0.117117062524 0.0714285714286 0.254700670529 0.942692666852 0.596769980388 0.0 0.0
网友 0.0 0.19401770411 0.0714285714286 0.241794104598 0.924952925851 0.670441374935 0.0 0.0
脖子 0.0 0.130280748741 0.0714285714286 0.716409939163 0.800878829614 0.47091030816 0.0 0.0
本法 0.0 0.0596005310947 0.274553571429 0.747408386254 0.63386939637 0.155221587086 0.0 0.453125
之后 0.0 0.166210831385 0.0714285714286 0.250310918372 0.987398949858 0.712532617014 0.0 0.0
判+陈世峰 0.0 0.150846020777 0.345524956971 0.548790124057 0.847980041017 0.414147688268 0.171533591995 0.493975903614
20+年 0.0 0.0789037702012 0.0714285714286 0.376110214124 0.766085483626 0.365388186899 0.0508474576271 0.5
江歌案+庭审 3.0 0.179629001145 0.264060742407 0.381081779838 0.890216387322 0.53225158793 0.383024155879 0.263779527559
北京+时间 0.0 0.0848281314388 0.179536679537 0.388025964007 0.837729172793 0.443924039762 0.0 0.256756756757
12月+20日 0.0 0.0892255102816 0.214285714286 0.556712328603 0.83418319374 0.290626932392 0.0153501758874 0.396226415094
陈方+律师 0.0 0.201988112272 0.214285714286 0.660142874423 0.701512887399 0.368538802884 0.0348668280872 0.371428571429
检方+指控 0.0 0.20484519398 0.179536679537 0.647489942909 0.831866530244 0.424671625874 0.0288593678424 0.256756756757
门+锁 0.0 0.0764047140193 0.157142857143 0.599567535195 0.79807202018 0.187528479124 0.00903954802261 0.6
律师+称 0.0 0.215515358925 0.195945945946 0.649789907175 0.735214996734 0.367170616541 0.0366468163078 0.364864864865
造成+江歌 0.0 0.0740880061965 0.271428571429 0.578407777118 0.794577669544 0.390772131776 0.129661016949 0.4
江歌+死亡 0.0 0.0801833884065 0.271428571429 0.568671362192 0.809428862663 0.420504820031 0.129661016949 0.4
日本+妈妈 0.0 0.235306005905 0.179536679537 0.385681688679 0.850727022642 0.523286625837 0.0371049015118 0.256756756757
出庭+作证 0.0 0.162623519222 0.216101694915 0.338588898034 0.909121567431 0.457274578647 0.0715311692044 0.322033898305
找+刘鑫 0.0 0.0449754630319 0.238816738817 0.512092894261 0.820604902036 0.405373242944 0.162643382982 0.494949494949
刘鑫+复合 0.0 0.077210374991 0.248949579832 0.537089890295 0.846865716181 0.429852023431 0.142073778664 0.411764705882
江+歌 0.0 0.0703672822439 0.28021978022 0.294623578087 0.894818708829 0.35703904496 0.019556714472 0.846153846154
江歌+妈妈 0.0 0.24769604032 0.179536679537 0.333811055186 0.936076784169 0.653634281422 0.153916628493 0.256756756757
房间+里 0.0 0.0662863211774 0.219576719577 0.570438922409 0.774376015019 0.260744484782 0.00523121992049 0.444444444444
陈世峰+杀人 3.0 0.245941608926 0.335191637631 0.491843574918 0.851386060908 0.524488709449 0.175609756097 0.414634146341
前往+江歌 0.0 0.056321595276 0.179536679537 0.4896458442 0.867545314001 0.482534762757 0.140174072378 0.256756756757
江歌+家 0.0 0.0625005714835 0.176691729324 0.559078578989 0.666971039832 0.403645913345 0.162355040143 0.368421052632
戴+眼镜 0.0 0.0357836539328 0.214285714286 0.693146332512 0.656277565478 0.239107034596 0.0 0.5
大学+研究室 0.0 0.122295440306 0.259685230024 0.643738895441 0.830549123431 0.35819888584 0.0 0.245762711864
11月+2日 0.0 0.173843689551 0.291588345865 0.586012599208 0.81783573641 0.260123905987 0.0 0.621710526316
案+发 0.0 0.103855559885 0.214285714286 0.536124156242 0.850286945434 0.27781894251 0.0311645708037 0.645161290323
发+当天 0.0 0.131047336213 0.235081374322 0.645404660292 0.826541800405 0.350738730286 0.032181935207 0.506329113924
刘鑫+递给 0.0 0.115700197447 0.271428571429 0.594228249259 0.871611367295 0.387935119182 0.144915254237 0.4
递给+江歌 0.0 0.0958528250023 0.364319890636 0.617325784427 0.823490065651 0.351787294229 0.124077528181 0.641148325359
刘鑫+证言 0.0 0.0825792944916 0.248949579832 0.45413768366 0.789397871116 0.42231250476 0.150797607178 0.411764705882
刘鑫+当时 0.0 0.0848991269753 0.214285714286 0.391489815018 0.820125206885 0.470090373221 0.138014527845 0.285714285714
江歌+母亲 0.0 0.13781421636 0.385951885952 0.287210181769 0.929732472231 0.451960153278 0.14553014553 0.636174636175
陈世峰+称 0.0 0.14144536231 0.284391534392 0.600351385771 0.805109260718 0.397920785089 0.175768989328 0.37037037037
江歌+身上 0.0 0.0666244915175 0.179536679537 0.520957021287 0.874710082389 0.491853483224 0.140174072378 0.256756756757
刀+刺 0.0 0.0812967117877 0.167532467533 0.73436889633 0.786488164036 0.307031454921 0.0231124807396 0.581818181818
代理+律师 0.0 0.196887244297 0.179536679537 0.532614395719 0.872508676982 0.477801553824 0.0329821346771 0.256756756757
判处+死刑 0.0 0.184284067609 0.292701863354 0.424042425415 0.862298172431 0.413646937689 0.00773765659542 0.391304347826
件+事 0.0 0.0534413885212 0.175324675325 0.389870879361 0.728113180646 0.250284042468 0.0 0.636363636364
处+伤口 0.0 0.154861226742 0.159340659341 0.654775951382 0.750643542385 0.360427807423 0.0 0.307692307692
杀人+动机 2.0 0.205322125764 0.179536679537 0.52672228519 0.882641112902 0.442354902124 0.0329821346771 0.256756756757
刘鑫+开门 0.0 0.0939478304467 0.179536679537 0.440678329833 0.894130611852 0.489656323629 0.164910673385 0.256756756757
12月+18日 0.0 0.10394585332 0.191558441558 0.488602427356 0.869142390172 0.313387324657 0.0 0.363636363636
东京+地方 0.0 0.0625230634753 0.5 0.417457523105 0.885229052941 0.251161213253 0.0 0.857142857143
地方+裁判 0.0 0.0645195045781 0.271428571429 0.28930904795 0.924020578018 0.328747640261 0.0 0.4
检方+认为 0.0 0.22225526825 0.179536679537 0.585729618321 0.831066589772 0.436454463201 0.0247366010077 0.256756756757
陈世峰+蓄意 0.0 0.182344528445 0.264060742407 0.549951274853 0.789359384436 0.431371020452 0.164687041238 0.263779527559
蓄意+谋杀 2.0 0.115524797754 0.269841269841 0.611596310097 0.779062532853 0.264781001693 0.010985561833 0.361111111111
判处+陈世峰 0.0 0.15261152502 0.358358662614 0.41453721967 0.860592873154 0.454221762974 0.145402091597 0.404255319149
陈世峰+回答 0.0 0.311132672125 0.264060742407 0.577240214884 0.734614768399 0.516212939664 0.164687041238 0.263779527559
案发+时 0.0 0.115208747733 0.296116504855 0.550057638736 0.775987824992 0.302778395078 0.0 0.611650485437
江歌+案 3.0 0.0632702889927 0.176691729324 0.523800539496 0.665780461573 0.395817049434 0.164139161463 0.368421052632
东京+开庭 3.0 0.0896114373372 0.388501742161 0.421571986644 0.901635015574 0.274275284046 0.0843323687473 0.634146341463
案+庭审 0.0 0.155718567604 0.176691729324 0.540548592573 0.773552647388 0.360194035603 0.0767172167708 0.368421052632
日本+警方 0.0 0.116873679973 0.388501742161 0.495409795289 0.814395369258 0.299176923269 0.0289375775114 0.634146341463
12月+11日 0.0 0.07904485225 0.306157797992 0.429715380145 0.87798472621 0.28965701937 0.00741490474139 0.635433850214
陈世峰+否认 0.0 0.192705411625 0.264060742407 0.51030179758 0.878661932641 0.520941584614 0.219671693581 0.263779527559
陈世峰+律师 0.0 0.298151607909 0.335191637631 0.535016441346 0.874525850208 0.53808163177 0.180570483671 0.414634146341
原+标题 0.0 0.0504935804193 0.149350649351 0.197336629947 0.969865287188 0.180993840185 0.0 0.272727272727
被告人+陈世峰 3.0 0.361922325348 0.321428571428 0.460927910733 0.893451284829 0.589513323899 0.153220338983 0.26
过程+中 0.0 0.127423598559 0.136160714286 0.464178992465 0.890039402176 0.406708266158 0.00794491525425 0.34375
辩方+律师 0.0 0.251823576859 0.179536679537 0.570652973141 0.84234015471 0.466517833895 0.0329821346771 0.256756756757
上午+庭审 0.0 0.217996964923 0.248949579832 0.623663994974 0.839840082293 0.452175140564 0.0635593220339 0.411764705882
东京+时间 0.0 0.119133593002 0.179536679537 0.413054815273 0.838636256294 0.479654401773 0.0206138341732 0.256756756757
上午+10点 0.0 0.128672354428 0.234 0.734382417413 0.659251891842 0.36405407773 0.00461016949153 0.364
句+话 0.0 0.0591884334677 0.107142857143 0.350037044086 0.842296548896 0.231572647811 0.0 0.5
歌+妈妈 0.0 0.205286740053 0.216049382716 0.296089784046 0.857907377793 0.482683746939 0.00836995187277 0.506172839506
换洗+衣服 0.0 0.0790943651623 0.214285714286 0.704640165927 0.793313874114 0.34135608805 0.00544794188863 0.339285714286
11月+4日 0.0 0.240113493636 0.118181818182 0.572605685336 0.786787292446 0.289549971241 0.0 0.254545454545
11月+5日 0.0 0.186642044168 0.166208791209 0.575252647174 0.788931770833 0.270373918542 0.0 0.365384615385
陈世峰+死刑 3.0 0.151105597702 0.469211002189 0.473553492137 0.844695261544 0.391860626633 0.136586908163 0.636242504997
澎湃+新闻 0.0 0.0981207784512 0.5 0.663493402865 0.638674798154 0.249564133988 0.0 0.857142857143
澎湃+新闻记者 0.0 0.144221340728 0.469642857143 0.402445043341 0.764164632591 0.343308915295 0.0 0.4
中+日 0.0 0.0500791922275 0.107142857143 0.508500929588 0.763401313317 0.230609846659 0.00677966101696 0.5
新闻记者+邓雅菲 0.0 0.0690820098306 0.604991394148 0.42458792144 0.650642656996 0.227717363015 0.0 0.515662650602
庭审+现场 3.0 0.225109824761 0.179536679537 0.525242185866 0.849822522076 0.524885077539 0.0966559780119 0.256756756757
租+住 0.0 0.0238954690778 0.214285714286 0.46374015922 0.725862202149 0.205351707574 0.0 0.673076923077
看到+刘鑫 0.0 0.0848860191225 0.179536679537 0.410572515052 0.891243174423 0.523687143301 0.156665139716 0.256756756757
当天+陈世峰 0.0 0.18705745689 0.264060742407 0.559398886918 0.855314531163 0.479452334905 0.172160683304 0.263779527559
持+刀 0.0 0.0788410340758 0.167532467533 0.701497991713 0.800511724354 0.336236576276 0.0157164869029 0.581818181818
责任+编辑 0.0 0.165143844384 0.196428571429 0.231377953282 0.920980748637 0.458027824668 0.00706214689267 0.25
江歌+推 0.0 0.0660101174189 0.176691729324 0.589873957128 0.587645239724 0.385252548736 0.165923282783 0.368421052632
首+次 0.0 0.0443394822625 0.205288985824 0.5782256772 0.724777585346 0.266875364114 0.0155259412602 0.580152671756
里+看到 0.0 0.0745155115167 0.21626984127 0.598727563558 0.651674589921 0.329092650484 0.0 0.361111111111
14日+上午 0.0 0.168105656289 0.171641791045 0.720663502844 0.564226556901 0.391517844457 0.0043005312421 0.253731343284
庭审+中 0.0 0.165593609164 0.176691729324 0.534973956174 0.797739572258 0.368874002376 0.0749330954505 0.368421052632
庭+审 0.0 0.0227828018569 0.158163265306 0.57445576629 0.630654535564 0.190859935408 0.0 0.678571428571
审+中 0.0 0.0353512157117 0.149159663866 0.538032254645 0.677727829606 0.219648530043 0.00299102691925 0.647058823529
坚持+住 0.0 0.0418794693786 0.233630952381 0.679216349817 0.449938145635 0.169932736488 0.0 0.645833333333
当时+刘鑫 0.0 0.0848991269753 0.214285714286 0.391489815018 0.820125206885 0.470090373221 0.138014527845 0.285714285714
洗+衣服 0.0 0.086110192581 0.190886699508 0.716638001762 0.789119992022 0.365142575425 0.00584453535945 0.327586206897
进+门 0.0 0.0855345402167 0.157142857143 0.581079585404 0.804310662289 0.238907266861 0.00451977401131 0.6
知道+刘鑫 0.0 0.106154818644 0.271428571429 0.443591890008 0.754164840333 0.445529927616 0.16186440678 0.4
见到+江歌 0.0 0.0717434133052 0.179536679537 0.512365524572 0.824679880054 0.461579629743 0.140174072378 0.256756756757
杀+刘鑫 0.0 0.0551067902072 0.176691729324 0.532485565486 0.790464508363 0.419553126122 0.173059768064 0.368421052632
12月+14日 0.0 0.119588177208 0.137614678899 0.562085848475 0.766490945421 0.301838281966 0.0 0.252293577982
犯罪+嫌疑人 3.0 0.373580324363 0.380323450134 0.282213342488 0.944396410377 0.500347217423 0.0 0.396226415094
嫌疑人+陈世峰 3.0 0.258046253183 0.441798941799 0.291873990021 0.938955047138 0.537078786704 0.135593220339 0.407407407407
刘鑫+第一 0.0 0.109267924106 0.248949579832 0.547677217834 0.751140569238 0.423285607625 0.145812562313 0.411764705882
第一+次 0.0 0.147312814285 0.238816738817 0.528801114646 0.813313995542 0.368980501444 0.00428008902586 0.494949494949
录音+里 0.0 0.0561058693354 0.201298701299 0.631193102088 0.73888710272 0.187035775213 0.010272213662 0.454545454545
陈世峰+杀 0.0 0.142227719545 0.284391534392 0.602222140138 0.786556004304 0.387307320442 0.173258003766 0.37037037037
律师+认为 0.0 0.214578273003 0.179536679537 0.455979542676 0.905536726312 0.470629122378 0.0329821346771 0.256756756757
陈世峰+方面 0.0 0.179105576664 0.264060742407 0.538495350212 0.847415202613 0.495182671891 0.170025357 0.263779527559
中国+留学生 0.0 0.112168568661 0.469211002189 0.317982883536 0.931571291184 0.304552393796 0.0119355457943 0.636242504997
留学生+江歌 3.0 0.109192106424 0.469211002189 0.280301535578 0.94841679829 0.315312052743 0.0214207477501 0.636242504997
江歌+开门 0.0 0.109529042024 0.179536679537 0.471787651428 0.893226829364 0.446253283717 0.148419606047 0.256756756757
报警+电话 0.0 0.197977876314 0.171428571429 0.541449002283 0.799649971693 0.485660044594 0.0220338983051 0.2
问+刘鑫 0.0 0.0600995864353 0.176691729324 0.520711365686 0.800067180481 0.422380434225 0.174843889384 0.368421052632
接受+媒体 0.0 0.221252771059 0.271428571429 0.447386985996 0.858975898676 0.444525448254 0.0381355932203 0.4
媒体+采访 0.0 0.189145113213 0.364319890636 0.544537206994 0.80113975168 0.305600541536 0.0 0.641148325359
采访+时 0.0 0.245522758653 0.296116504855 0.500022757257 0.830321776172 0.316320624942 0.0 0.611650485437
被告+陈世峰 3.0 0.164037351838 0.264060742407 0.560346293484 0.848686750073 0.504332092853 0.168423862271 0.263779527559
否认+部分 0.0 0.0865303359453 0.271428571429 0.661408613602 0.795312931344 0.307988434936 0.0381355932204 0.4
部分+罪行 0.0 0.0340066667223 0.328185328186 0.724048218814 0.747721328283 0.201947534502 0.0 0.513513513514
迅速+关上 0.0 0.0295054459594 0.365763546798 0.694932478329 0.772567949026 0.0758327782954 0.0 0.655172413793
当天+下午 0.0 0.180065347382 0.179536679537 0.586882853008 0.857811117733 0.468835276009 0.027027027027 0.256756756757
陈世峰+来到 0.0 0.120950101324 0.411154493952 0.603401165883 0.790189298667 0.346128472655 0.153359856123 0.50857449089
来到+江歌 0.0 0.0418450537315 0.331243184297 0.597756773537 0.801663662828 0.378367158304 0.138569025747 0.50572519084
刘鑫+拒绝 0.0 0.0927971856103 0.179536679537 0.387381563066 0.858586500512 0.504242723096 0.156665139716 0.256756756757
江歌+回来 0.0 0.0892305952081 0.179536679537 0.4762141247 0.870134880635 0.478112556625 0.140174072378 0.256756756757
刘鑫+听到 0.0 0.106691852859 0.179536679537 0.473555855378 0.860929162869 0.498223032191 0.160787906551 0.256756756757
听到+江歌 0.0 0.141024493942 0.179536679537 0.488115885289 0.876120509034 0.526584242588 0.144296839212 0.256756756757
事件+中 0.0 0.0909295524331 0.136160714286 0.259714857286 0.841575921477 0.404426844946 0.0132415254237 0.34375
陈世峰+知道 0.0 0.20798835692 0.264060742407 0.442432852536 0.884624495694 0.499040435414 0.168423862271 0.263779527559
刘鑫+发 0.0 0.0585982283402 0.238816738817 0.593937488678 0.76050301952 0.405937198188 0.162643382982 0.494949494949
发+微信 0.0 0.138221930931 0.258882309401 0.612438322128 0.75630753461 0.300904719289 0.00439097216124 0.49481865285
检方+称 0.0 0.189083695567 0.21626984127 0.675148461357 0.785820127563 0.339369950903 0.0282485875706 0.361111111111
看到+江歌 0.0 0.0956064544831 0.179536679537 0.504687974286 0.859117549891 0.525201339663 0.140174072378 0.256756756757
警方+指控 0.0 0.0996282452302 0.410903584049 0.677839217838 0.740870412068 0.242475924182 0.0282685512368 0.628975265018
指控+陈世峰 3.0 0.172304538953 0.358358662614 0.573658467634 0.833716256457 0.44651861555 0.158312297151 0.404255319149
第一+刀 0.0 0.17244809224 0.176691729324 0.575101747129 0.766207472484 0.392920231177 0.00446030330063 0.368421052632
江歌+倒下 0.0 0.0531416230645 0.214285714286 0.508140382017 0.820365406235 0.41188220503 0.151573849879 0.371428571429
杀人+罪 0.0 0.187632573964 0.21626984127 0.558051863919 0.851389267683 0.385588149847 0.0376647834275 0.361111111111
失去+意识 0.0 0.0553288734528 0.214285714286 0.537360884975 0.728184004513 0.331495187855 0.0 0.285714285714
江+歌手 0.0 0.0800966214078 0.192857142857 0.585069356776 0.774692981405 0.29665863118 0.0101694915254 0.5
庭审+结束 0.0 0.175815151121 0.179536679537 0.552863794849 0.816787119498 0.423187426829 0.0774163994503 0.256756756757
母亲+江 0.0 0.0705935803076 0.216049382716 0.266218720389 0.88891933726 0.36659693425 0.0286670851643 0.506172839506
江+秋莲 3.0 0.140236387198 0.272989480828 0.666565519515 0.623480726792 0.264606276042 0.0 0.619952494062
微信+通话 0.0 0.15282778631 0.179536679537 0.551299596572 0.814885747409 0.383461373972 0.00412276683464 0.256756756757
2016年+11月 0.0 0.0902658407855 0.369553322722 0.36231865923 0.874778364389 0.266012387097 0.0 0.633008356546
聊天+记录 0.0 0.0775379166053 0.171428571429 0.646142687171 0.775850145984 0.386674979107 0.00508474576272 0.2
11月+3日 0.0 0.162795881492 0.298930860333 0.276499878262 0.938747982324 0.273340521514 0.0 0.619598924953
2日+晚上 0.0 0.0996593156528 0.208214285714 0.752512237632 0.699199580888 0.268722168745 0.0 0.4
江歌+公寓 0.0 0.109262815871 0.179536679537 0.514914506749 0.830455340059 0.513812187532 0.144296839212 0.256756756757
江歌+遇害 3.0 0.145678699252 0.179536679537 0.340653012048 0.93077833089 0.577478925764 0.159413650939 0.256756756757
拉+黑 0.0 0.00863218303065 0.107142857143 0.405021531562 0.632315645289 0.29378298498 0.0169491525424 0.5
联系+方式 0.0 0.0920361671666 0.171428571429 0.411605990927 0.862621605902 0.42954721803 0.00508474576272 0.2
2017年+8月 0.0 0.085141150255 0.237832261197 0.684873686646 0.692965282613 0.261304905283 0.0 0.401869158879
换+裤子 0.0 0.0408138149833 0.149350649351 0.593548758066 0.784728802343 0.297364305336 0.0 0.272727272727
大东+文化 0.0 0.0392560935515 0.328185328186 0.565417164804 0.874160086406 0.283514249096 0.00412276683464 0.513513513514
文化+大学 0.0 0.0775546670241 0.271428571429 0.524658980269 0.899650610683 0.367852686445 0.00381355932204 0.4
12月+10日 0.0 0.123826797511 0.142857142857 0.588338490002 0.793500471661 0.321519647059 0.0 0.25
日本+东京 0.0 0.100661851577 0.388501742161 0.430615977831 0.901284538821 0.314195455922 0.0186027284002 0.634146341463
媒体+报道 0.0 0.158644579465 0.196428571429 0.301744768378 0.934407108324 0.46844121605 0.0423728813558 0.25
看看+新闻 0.0 0.164334000783 0.253246753247 0.527071036312 0.810642974353 0.402840757172 0.00924499229583 0.363636363636
接受+采访 0.0 0.108924659212 0.496907017205 0.625809363501 0.694729661774 0.23483263702 0.0 0.857916102842
陈世峰+是否 0.0 0.209446376295 0.264060742407 0.371710798864 0.922545014747 0.583523813483 0.188709462165 0.263779527559
中国+女 0.0 0.163647377138 0.281015037594 0.366179295492 0.908865735852 0.378819698798 0.0182872435326 0.486842105263
女+留学生 0.0 0.109508640945 0.403781512605 0.327382953432 0.917759113149 0.308256915952 0.0211365902293 0.611764705882
开庭+审理 3.0 0.135897366878 0.271428571429 0.40726402583 0.917222453183 0.379392613456 0.0762711864406 0.4
前+女友 0.0 0.0201340091783 0.310911481157 0.418735074144 0.804244455937 0.287022802235 0.0 0.647239263804
女友+刘鑫 0.0 0.0438353879784 0.283873343152 0.356990038324 0.859618151695 0.444040498719 0.149397169317 0.523195876289
找+江歌 0.0 0.0644065716613 0.176691729324 0.515622183108 0.799427678308 0.43184981871 0.155218554862 0.368421052632
地方+法院 0.0 0.150859573537 0.271428571429 0.38488959387 0.912514803307 0.468657838247 0.0114406779661 0.4
杀害+江 0.0 0.0472081802911 0.235081374322 0.355606128157 0.893381588482 0.320368295724 0.0 0.506329113924
杀死+江歌 0.0 0.0502008648692 0.214285714286 0.462962972553 0.812131671137 0.422889344026 0.151573849879 0.371428571429
2日+下午 0.0 0.152017129499 0.208214285714 0.590117629477 0.841485864299 0.316888541008 0.00813559322033 0.4
希望+江歌 0.0 0.0701709831739 0.179536679537 0.430740101553 0.869379852029 0.505315431324 0.140174072378 0.256756756757
刘鑫+先进屋 0.0 0.0465814206755 0.255593803787 0.472971712453 0.790492688359 0.388503822173 0.162956912395 0.373493975904
新闻+报道 0.0 0.206380897292 0.196428571429 0.436352465978 0.868853112118 0.479829709071 0.0127118644068 0.25
被害人+江歌 0.0 0.103720930011 0.242543171114 0.386641869118 0.901052203383 0.524124142139 0.137455764574 0.252747252747
处+伤痕 0.0 0.0191115484665 0.214285714286 0.684899629038 0.709638140205 0.157455668593 0.0 0.5
公寓+门前 0.0 0.0860828673484 0.259740259741 0.547755100014 0.827475012692 0.329817044211 0.00462249614793 0.454545454545
法院+门口 0.0 0.127519488055 0.196428571429 0.46586429156 0.851687845413 0.445519676798 0.0127118644068 0.25
第一+时间 0.0 0.156765827915 0.179536679537 0.384435175303 0.876786360755 0.48369421612 0.00412276683464 0.256756756757
蓄意+杀人 0.0 0.230772805184 0.179536679537 0.557059006517 0.851150704985 0.419735652517 0.0371049015117 0.256756756757
日本+法律 0.0 0.335306483383 0.196428571429 0.326469878785 0.91139081573 0.561690782007 0.063559322034 0.25
江秋莲+发布 0.0 0.306584262727 0.283410138249 0.545789255437 0.816735405889 0.393848023115 0.0 0.258064516129
律师+事务所 0.0 0.201215984296 0.255593803787 0.532068915772 0.814145221139 0.395647700312 0.034306718399 0.373493975904
两+天 0.0 0.0145846733295 0.107142857143 0.295348526225 0.849200510056 0.249336483827 0.00564971751413 0.5
20日+宣判 0.0 0.0620112541813 0.235890277946 0.6208917557 0.799916073421 0.244201575429 0.0276485750904 0.401869158879
唐徕+回 0.0 0.0325742890684 0.212827988338 0.799781747381 0.326297575282 0.169910739209 0.0 0.571428571429
告诉+澎湃 0.0 0.129647580371 0.271428571429 0.492435493757 0.830979591878 0.399392641389 0.0 0.4
网络+暴力 0.0 0.157748614826 0.171428571429 0.16389321733 0.798437463131 0.558377625303 0.0169491525424 0.2
江歌+遇害案 3.0 0.0599282031665 0.255593803787 0.34432407569 0.850146658239 0.472964195817 0.161323259138 0.373493975904
今天+上午 0.0 0.125491402969 0.19119226638 0.533899533678 0.829046976724 0.447109526782 0.00420542882631 0.251879699248
日+留学生 0.0 0.102243141247 0.305465367965 0.355948884499 0.886184457832 0.320340597964 0.0128402670775 0.367424242424
结伴+回家 0.0 0.0645487969063 0.214285714286 0.604025140408 0.785248411965 0.335295151647 0.0 0.285714285714
刘鑫+是否 0.0 0.0666558253902 0.474299065421 0.635164700648 0.639186806595 0.186714036415 0.0229684777443 0.859813084112
蓄谋+杀人 2.0 0.151276177724 0.233193277311 0.533816179511 0.796491694242 0.35477417056 0.0418743768694 0.367647058824
本次+庭审 0.0 0.153894963181 0.214285714286 0.549454749664 0.806500420381 0.351592663709 0.0731234866828 0.371428571429
时+七日 0.0 0.102385683102 0.214285714286 0.598003422377 0.77311291674 0.173168619957 0.0 0.5
11日+-15 0.0 0.0496565965 0.230348405828 0.601424353066 0.772621504161 0.193318766971 0.00790577708599 0.623259315017
-15+日 0.0 0.0321542380129 0.166861826698 0.601245000842 0.740160558716 0.145370128153 0.00305640455683 0.639344262295
主张+陈世峰 0.0 0.163828503001 0.264060742407 0.479659693376 0.849909334163 0.490493552302 0.160950220205 0.263779527559
律师+主张 0.0 0.207384533895 0.179536679537 0.571788240171 0.778899017177 0.430113763187 0.0329821346771 0.256756756757
警方+提供 0.0 0.104563016015 0.271428571429 0.507716118668 0.808073200336 0.332167777365 0.0152542372881 0.4
母亲+江秋莲 3.0 0.330921824492 0.358358662614 0.436948742168 0.892593232897 0.445950293159 0.0176703930761 0.404255319149
日本+刑法 2.0 0.229698650993 0.196428571429 0.432901849718 0.788834082746 0.463252457522 0.0338983050848 0.25
中+发现 0.0 0.0855820079238 0.203378956373 0.586526671431 0.784707091687 0.308272915904 0.00253729828479 0.446107784431
证明+陈世峰 0.0 0.168042889497 0.264060742407 0.464351918067 0.850743872794 0.490414562498 0.164687041238 0.263779527559
公开+报道 0.0 0.0984027930669 0.196428571429 0.373359418274 0.897651942861 0.416175534805 0.0042372881356 0.25
朝日+新闻 0.0 0.149690034416 0.253246753247 0.58948570776 0.76045837596 0.361776576793 0.00924499229583 0.363636363636
陈世峰+尾随 0.0 0.129683810651 0.319160997732 0.531774985664 0.827134271293 0.377927610607 0.169491525424 0.373015873016
过失+杀人 0.0 0.168990797453 0.179536679537 0.627546980883 0.762667353 0.372587319504 0.0329821346771 0.256756756757
江歌案+开庭 3.0 0.100038157114 0.264060742407 0.342675844567 0.88278900947 0.456166468285 0.365941545442 0.263779527559
正当+防卫 0.0 0.0741758902628 0.214285714286 0.616084967415 0.736891541537 0.30318298815 0.0169491525424 0.285714285714
两+国 0.0 0.0116084281801 0.107142857143 0.349803784989 0.818015359137 0.245718792163 0.0112994350283 0.5
杀害+江歌 0.0 0.0777486281352 0.179536679537 0.34747069775 0.897503346916 0.511674572158 0.140174072378 0.256756756757
见到+陈世峰 0.0 0.15833330643 0.264060742407 0.467664054258 0.878519274012 0.484792506455 0.160950220205 0.263779527559
陈世峰+发生 0.0 0.186688236936 0.264060742407 0.432534590053 0.872915261906 0.511602530811 0.170025357 0.263779527559
陈世峰+承认 0.0 0.168259560105 0.264060742407 0.48893678015 0.85283405265 0.466936821633 0.164687041238 0.263779527559
2017年+12月 0.0 0.0792345751202 0.264985380117 0.355950510576 0.904821167581 0.335813559824 0.0 0.40350877193
时+是否 0.0 0.0814798800823 0.296116504855 0.580271263919 0.718776738496 0.305859288222 0.0246832318578 0.611650485437
是否+存在 0.0 0.0533601686358 0.385951885952 0.587278979213 0.711612220955 0.262650499842 0.0 0.636174636175
存在+刘鑫人 0.0 0.0414417304315 0.44236453202 0.648935154792 0.664808586241 0.181725380041 0.0 0.613793103448
听到+有人 0.0 0.0925962796107 0.196428571429 0.542590017282 0.77002465169 0.359245845519 0.0042372881356 0.25
律师+大江洋平 0.0 0.242587542522 0.309523809524 0.621379283921 0.775683406884 0.415150322035 0.030131826742 0.25
凶手+陈世峰 3.0 0.187218603188 0.264060742407 0.31106599153 0.910027389905 0.543000811678 0.164687041238 0.263779527559
江歌+被害案 3.0 0.0596105448402 0.255593803787 0.339619569234 0.869620009103 0.451947060118 0.155197059424 0.373493975904
陈世峰+准备 0.0 0.175311570456 0.264060742407 0.491947858841 0.866226760934 0.459585055013 0.160950220205 0.263779527559
事先+准备 0.0 0.0882379661126 0.210653753027 0.553422036686 0.86174890272 0.306970391038 0.0 0.245762711864
陈世峰+杀害 0.0 0.180098124714 0.264060742407 0.367233575396 0.901309875889 0.500978760753 0.160950220205 0.263779527559
因果+关系 0.0 0.237241457775 0.171428571429 0.592114925466 0.744938853898 0.393182763793 0.0 0.2
歌+母亲 0.0 0.0742719959252 0.216049382716 0.256483212135 0.896467607526 0.380135955865 0.0303410755388 0.506172839506
室友+刘鑫 0.0 0.0774128056222 0.179536679537 0.334962389779 0.90636886788 0.52052945785 0.160787906551 0.256756756757
本案+中 0.0 0.0852274175217 0.136160714286 0.506304209243 0.733177046727 0.37494198782 0.00264830508475 0.34375
3日+凌晨 0.0 0.0753159011459 0.208214285714 0.3040706245 0.90829078818 0.221119508871 0.0 0.4
赴+日 0.0 0.0389705990367 0.107142857143 0.487194611577 0.747583383777 0.219821748489 0.00338983050848 0.5
刘鑫+前 0.0 0.0518863412452 0.272989480828 0.33284367523 0.86074241067 0.413495390835 0.152985224848 0.619952494062
前+男友 0.0 0.119576184899 0.317382125264 0.280846375587 0.897145156339 0.303106662894 0.00417466811389 0.605911330049
男友+陈世峰 0.0 0.177159728653 0.335191637631 0.267497173086 0.934692492741 0.434788493648 0.146341463415 0.414634146341
中国+法律 0.0 0.304230355304 0.179536679537 0.314326282174 0.931597808092 0.529530494326 0.0444342647732 0.256756756757
封面+新闻记者 0.0 0.0883002188107 0.490185387132 0.472919031581 0.731812075169 0.274559394077 0.0 0.36641221374
江歌+第一 0.0 0.128668701852 0.248949579832 0.59896748759 0.659247865347 0.4267952779 0.130857427717 0.411764705882
时+刘鑫 0.0 0.0406943711001 0.296116504855 0.614045850688 0.678581048896 0.34673178858 0.1563271351 0.611650485437
知道+门外 0.0 0.172906312133 0.196428571429 0.485572075775 0.798457809626 0.38337695423 0.0155367231638 0.25
是否+听见 0.0 0.027347042588 0.388501742161 0.768021320758 0.592517687319 0.123259089259 0.0 0.634146341463
听见+门外 0.0 0.078004534473 0.271428571429 0.664598917613 0.686809362456 0.217571627728 0.00381355932204 0.4
召开+记者 0.0 0.0563705358267 0.368762816131 0.716580987328 0.63978522078 0.254070722364 0.0 0.505980861244
记者+见面会 0.0 0.0522375891778 0.400661689854 0.726672590272 0.63199100826 0.239250554112 0.0 0.526128266033
江秋莲+表示 0.0 0.424576516946 0.283410138249 0.625513160887 0.757662087991 0.419679021164 0.0 0.258064516129
判+死刑 3.0 0.225880820905 0.281015037594 0.447941167274 0.868051090017 0.399229661174 0.00892060660124 0.486842105263
刑事+案件 0.0 0.237136390792 0.271428571429 0.418014592851 0.822171019079 0.438285101111 0.0152542372881 0.4
案件+结束 0.0 0.120608397594 0.271428571429 0.630917279391 0.717610167855 0.332788640768 0.0152542372881 0.4
陈世峰+提起 0.0 0.150193762469 0.358358662614 0.530542366539 0.807385378137 0.372736827161 0.153984853949 0.404255319149
提起+民事 0.0 0.0773608506625 0.410903584049 0.596341938774 0.775765097433 0.179583490582 0.00377313289813 0.628975265018
民事+诉讼 0.0 0.116024647129 0.271428571429 0.515219683985 0.824724779248 0.298740394288 0.0 0.4
江+妈妈 3.0 0.233825224837 0.216049382716 0.315485542468 0.840144006752 0.486297422626 0.00836995187277 0.506172839506
语言+学校 0.0 0.070341756573 0.214285714286 0.75593480066 0.693321051485 0.295956044593 0.0 0.285714285714
陈世峰+分手 0.0 0.1485210066 0.264060742407 0.419725395604 0.846964811323 0.452500776473 0.160950220205 0.263779527559
23+点 0.0 0.032136296581 0.0714285714286 0.864356227091 0.531955817436 0.128110594373 0.0 0.5
讨+回 0.0 0.0134603914164 0.214285714286 0.69105906192 0.536391110851 0.14817949383 0.0 0.645161290323
回+公道 0.0 0.0114643063576 0.244897959184 0.679705033979 0.558331406594 0.142050035361 0.0 0.666666666667
11月+7日 0.0 0.196421044915 0.166208791209 0.641663929412 0.721150803874 0.257528478466 0.0 0.365384615385
恐吓罪+逮捕 0.0 0.0877168135616 0.306791569086 0.743972429433 0.650889722766 0.22955734627 0.0 0.344262295082
11月+9日 0.0 0.19776614683 0.166208791209 0.592062608323 0.757065154826 0.262971938704 0.0 0.365384615385
讲述+案发 0.0 0.107524586546 0.308270676692 0.669078687628 0.680235520036 0.275945632018 0.0 0.513157894737
案发+情况 0.0 0.115870786643 0.271428571429 0.639133381788 0.70395400956 0.347503789275 0.00762711864406 0.4
11月+24日 0.0 0.15517307521 0.265406534954 0.543438287438 0.790897525724 0.256529754866 0.0 0.507180851064
陈世峰+发布 0.0 0.130450988022 0.380323450134 0.459488686827 0.825739869121 0.417218677628 0.147361688519 0.396226415094
发布+逮捕令 0.0 0.029486924328 0.442366646229 0.567025355884 0.754569454228 0.214925251568 0.0 0.519313304721
8月+14日 0.0 0.111943147994 0.192819349962 0.71149222129 0.645569851316 0.253738823764 0.0 0.390476190476
国内+发起 0.0 0.0689614770951 0.328185328186 0.725673628965 0.593886001381 0.185122377511 0.0 0.513513513514
发起+签名 0.0 0.104728377261 0.388501742161 0.744519504742 0.596494804608 0.198287422169 0.00372054568004 0.634146341463
签名+活动 0.0 0.157843220859 0.271428571429 0.599078890846 0.725800703596 0.318096154709 0.00381355932204 0.4
征集+签名 0.0 0.122918626951 0.253246753247 0.56841884412 0.753458201108 0.277400901896 0.00462249614793 0.363636363636
公开+审判 0.0 0.115416472378 0.196428571429 0.411741540359 0.849084594281 0.406674401032 0.0127118644068 0.25
接受+新京报 0.0 0.18762498566 0.358358662614 0.577239796379 0.665529705119 0.327263686024 0.00353407861522 0.404255319149
新京报+采访 0.0 0.138429567054 0.469211002189 0.750591078721 0.482570860868 0.216616250104 0.0 0.636242504997
第一+声 0.0 0.116260841224 0.296116504855 0.74572615374 0.489785765855 0.23765748738 0.00411387197631 0.611650485437
声+尖叫 0.0 0.0768723158432 0.241573033708 0.804050167294 0.452061216142 0.157347431251 0.0 0.494382022472
江秋莲+认为 0.0 0.318258956462 0.283410138249 0.639172252969 0.686069741214 0.402360875954 0.0 0.258064516129
时+表示 0.0 0.208798353981 0.275939849624 0.663609549009 0.652375638343 0.283887622111 0.0 0.494736842105
微博+文章 0.0 0.213032198515 0.248949579832 0.66981993944 0.581966949875 0.296242481711 0.0 0.411764705882
文章+中 0.0 0.18229755125 0.296116504855 0.770506628655 0.458692929888 0.183653148205 0.0 0.611650485437
中+写道 0.0 0.133558803458 0.226190476191 0.757270883509 0.479015829029 0.147382366824 0.0023154579976 0.494535519126
面对+江 0.0 0.0739634760571 0.281954887218 0.581610514064 0.610413054384 0.243214800287 0.00446030330063 0.578947368421
秋莲+时 0.0 0.124112360821 0.216049382716 0.69878319427 0.580688770128 0.245148316278 0.0 0.506172839506
接受+澎湃 0.0 0.178977141243 0.271428571429 0.506605152432 0.777248831039 0.384722309922 0.00381355932204 0.4
新闻+采访 0.0 0.109469024999 0.364319890636 0.751109858123 0.490614354154 0.187830040027 0.0 0.641148325359
日本+老太太 0.0 0.168013007112 0.29532967033 0.580599192831 0.630731655048 0.402499481641 0.0378096479792 0.365384615385
赵+律师 0.0 0.215842127675 0.195945945946 0.661293903625 0.686809676672 0.366840611225 0.0366468163078 0.364864864865
日本+开庭 0.0 0.159176982845 0.271428571429 0.324858965244 0.898874792774 0.458272541512 0.102966101695 0.4
东京+台东区 0.0 0.0468773368622 0.417259211377 0.710777203436 0.645776292253 0.203547128113 0.0187897844927 0.524886877828
台东区+立浅 0.0 0.00174870784043 0.606441889808 0.848826779154 0.534367898454 0.0718232637102 0.0 0.752698724239
立浅+草公会堂 0.0 0.0 0.656275413391 0.859609600482 0.518841225319 0.0698586173277 0.0 0.72770398482
次+庭审 0.0 0.156223528035 0.176691729324 0.559593517251 0.760961352218 0.356794249257 0.0749330954505 0.368421052632
女儿+讨 0.0 0.0847141177427 0.166276346604 0.480424913518 0.754013293908 0.352577742039 0.0111141983884 0.393442622951
日本+法院 0.0 0.220488724013 0.196428571429 0.405826235062 0.837261817047 0.517613366481 0.042372881356 0.25
法院+判处 0.0 0.138623322093 0.196428571429 0.436284482694 0.822622670669 0.39874452269 0.0127118644068 0.25
段+时间 0.0 0.0795605017682 0.21626984127 0.428951887365 0.791710994912 0.395090529304 0.0 0.361111111111
江歌+携带 0.0 0.0916229898272 0.179536679537 0.558199138766 0.728931489574 0.44469119752 0.140174072378 0.256756756757
相关+规定 0.0 0.180469958858 0.179536679537 0.375545233428 0.823483373704 0.394426340336 0.0 0.256756756757
领域+外 0.0 0.0314837407682 0.558541266795 0.564465558493 0.724372966767 0.123964533307 0.0 0.750479846449
外+犯罪 0.0 0.185192954977 0.258882309401 0.423449395634 0.812818191571 0.275484271111 0.0 0.49481865285
留+日 0.0 0.0424014835976 0.107142857143 0.434130359555 0.766063850176 0.242092877758 0.00338983050848 0.5
学生+江歌 0.0 0.0501878037729 0.214285714286 0.412261911914 0.805294606006 0.423610997462 0.151573849879 0.371428571429
承担+刑事 0.0 0.178200723558 0.271428571429 0.388396685966 0.726299966055 0.380295980276 0.0245762711864 0.4
刑事+责任 0.0 0.165631925854 0.364319890636 0.484406856977 0.723712541758 0.307845971511 0.0125699456654 0.641148325359
刑法+规定 0.0 0.239709535135 0.179536679537 0.444767785351 0.787681437201 0.400472808426 0.00412276683464 0.256756756757
法律+规定 0.0 0.335941032325 0.179536679537 0.312979833896 0.824324152905 0.484069256193 0.0329821346771 0.256756756757
刑事+处罚 0.0 0.172196983871 0.179536679537 0.498608061939 0.77891813972 0.313579428348 0.00824553366925 0.256756756757
日本+审理 0.0 0.184241875605 0.196428571429 0.52754128366 0.757431048415 0.460504461991 0.0296610169492 0.25
犯罪+发生 0.0 0.236507689483 0.179536679537 0.386464301361 0.850325215868 0.413598854881 0.00412276683464 0.256756756757
所在国+具有 0.0 0.0332961336656 0.400661689854 0.47411398333 0.725370241488 0.180870886656 0.0 0.526128266033
具有+优先 0.0 0.032851173654 0.433947772657 0.476625877281 0.723765336962 0.17932608194 0.0 0.623655913978
优先+管辖权 0.0 0.0966711985745 0.358358662614 0.570651625242 0.695174798834 0.24016081612 0.00403894698883 0.404255319149
江歌案+中 0.0 0.0776482439881 0.327519379845 0.374329909078 0.856886502744 0.408488205487 0.345683878597 0.364341085271
引渡+条约 0.0 0.201162075122 0.214285714286 0.666428580839 0.632671643421 0.410656792436 0.0 0.285714285714
我国+司法 0.0 0.162392403483 0.271428571429 0.580526743901 0.712471317919 0.37986938472 0.0169491525424 0.4
司法+机关 0.0 0.134927014114 0.388501742161 0.578285934895 0.708306404496 0.310931236775 0.0128152128979 0.634146341463
享有+追诉权 0.0 0.0134674019971 0.428571428571 0.573387928158 0.716178960744 0.0791735672971 0.0 0.5
属地+管辖 0.0 0.163731280127 0.271428571429 0.583233608861 0.717416749448 0.338967045854 0.00381355932204 0.4
管辖+原则 0.0 0.1954815924 0.271428571429 0.56351566557 0.725342259416 0.354449235777 0.00381355932204 0.4
他国+发生 0.0 0.0815061023506 0.375 0.50765161084 0.751379276418 0.245391044118 0.0042372881356 0.5
发生+刑事犯罪 0.0 0.0742484089185 0.474849094567 0.518145916219 0.742545033608 0.228381387851 0.0038195273335 0.535211267606
属地+原则 0.0 0.179563503069 0.271428571429 0.58217776343 0.715272010742 0.307237365317 0.0 0.4
刑事+法律 0.0 0.305896291841 0.179536679537 0.448071155856 0.806592252284 0.426788804699 0.0412276683463 0.256756756757
进行+审判 0.0 0.121780653623 0.196428571429 0.416335415477 0.830996989649 0.425412675572 0.0127118644068 0.25
江歌+案件 0.0 0.125641275141 0.179536679537 0.420406686102 0.847674554973 0.53285886539 0.148419606047 0.256756756757
刑法+第十 0.0 0.121245347336 0.283873343152 0.558545831609 0.740099465043 0.268400216874 0.00393150445571 0.523195876289
第十+条 0.0 0.0441881314525 0.359573672401 0.617656244661 0.706285028907 0.164925169699 0.0 0.751308900524
条+规定 0.0 0.176752706537 0.258882309401 0.477512080602 0.773298775699 0.310666175962 0.0 0.49481865285
中国+司法 0.0 0.178679922535 0.271428571429 0.506257695181 0.752237795755 0.405197918575 0.0114406779661 0.4
刘鑫+见面 0.0 0.082744720838 0.179536679537 0.321761630126 0.865637171585 0.490940579897 0.156665139716 0.256756756757
法院+判决 0.0 0.172996619379 0.196428571429 0.456288677445 0.806142626933 0.509964146654 0.021186440678 0.25
犯罪+行为 0.0 0.235734422078 0.179536679537 0.443153740481 0.821091391354 0.484446794394 0.0 0.256756756757
北京+师范大学 0.0 0.0513808422277 0.344285714286 0.578547763414 0.694332061856 0.341291052931 0.0 0.34
我国+刑法 0.0 0.19699905952 0.196428571429 0.551571844747 0.728005616462 0.405246180578 0.0084745762712 0.25
中华人民共和国+领域 0.0 0.0792405904233 0.743775682862 0.639971596709 0.709629275616 0.228115227324 0.0 0.509306260575
本法+应当 0.0 0.0458535229358 0.283873343152 0.750296542851 0.631912227365 0.133659380523 0.0 0.523195876289
应当+负 0.0 0.00505842228359 0.359573672401 0.758614433852 0.626275580631 0.0701815457855 0.0 0.751308900524
负+刑事 0.0 0.133292261706 0.296116504855 0.643503018291 0.699055785063 0.21126905841 0.0082277439526 0.611650485437
外国+审判 0.0 0.0860850378084 0.253246753247 0.549013507113 0.741252403889 0.277390295495 0.0138674884438 0.363636363636
本法+追究 0.0 0.089867842793 0.196428571429 0.690529526696 0.663456186891 0.214511070504 0.0 0.25
刑罚+处罚 0.0 0.0735419262437 0.196428571429 0.584589129247 0.730752950201 0.277949366959 0.0 0.25
回到+中国 0.0 0.164734586136 0.179536679537 0.431004037285 0.831981010863 0.427985434432 0.0114521300962 0.256756756757
离境+前 0.0 0.121559861698 0.32512315271 0.697388932689 0.600121039352 0.194744788737 0.0 0.655172413793
前+居住地 0.0 0.163602657135 0.426751592357 0.78841041686 0.538565694125 0.145470306011 0.0 0.579617834395
人民法院+管辖 0.0 0.213434501454 0.415057915058 0.700197536563 0.589118707565 0.222249861316 0.00366468163079 0.351351351351
中国+公民 0.0 0.180857458391 0.179536679537 0.497400854772 0.799702447177 0.460393061059 0.0114521300962 0.256756756757
公序+良俗 0.0 0.110389389128 0.321428571429 0.706969884158 0.53580362924 0.33674009606 0.0 0.5
造成+江歌+死亡 0.0 0.0481806359905 0.346428571429 0.675047475723 0.741118528957 0.293160852713 0.115254237288 0.55
找+刘鑫+复合 0.0 0.0605185960313 0.286764705883 0.605655470366 0.824114200806 0.26372704873 0.0 0.544117647059
案+发+当天 3.0 0.142781933095 0.201058201058 0.606821193194 0.854972457977 0.355220889834 0.0376647834275 0.537037037037
刀+是+刘鑫 0.0 0.0461561796102 0.301810865191 0.535027649899 0.844169506045 0.405528322185 0.180472666507 0.647887323944
刘鑫+递给+江歌 0.0 0.0913058301668 0.425770308124 0.677664584012 0.809987618751 0.18895816881 0.0 0.754901960784
东京+地方+裁判 0.0 0.0688075954341 0.346428571429 0.301584048435 0.924298513813 0.300478652922 0.0 0.55
判+陈世峰+死刑 0.0 0.0701438287724 0.498672779923 0.56087166716 0.807495726953 0.221975100298 0.00801649106733 0.751689189189
澎湃+新闻记者+邓雅菲 0.0 0.0693367369341 0.614631336405 0.420634676483 0.655003373264 0.223379537024 0.0 0.540322580645
住+的+公寓 0.0 0.0836310298811 0.266233766234 0.534896206506 0.839318293103 0.333405970016 0.00462249614793 0.545454545455
刘鑫+和+江歌 0.0 0.0676035732785 0.486522911052 0.574156674719 0.727318878238 0.194800463468 0.00767508794371 1.0
江歌+的+嘴 0.0 0.0818046169775 0.282251681836 0.503227447533 0.778058415325 0.37914626979 0.143668716841 0.653739612188
刘鑫+把+江歌 0.0 0.0679812385159 0.487857142857 0.578232629074 0.703057861681 0.187361084907 0.0101694915254 1.0
上午+的+庭审 0.0 0.211986748106 0.258658008658 0.627396539515 0.838973317245 0.440814787216 0.0611196712892 0.439393939394
庭+审+中 0.0 0.0324072629169 0.153474903475 0.546563888003 0.666701652623 0.212649124601 0.00229042601924 0.662162162162
犯罪+嫌疑人+陈世峰 3.0 0.249342152522 0.511243386243 0.295719656273 0.937539141125 0.48175591136 0.124293785311 0.546296296296
江+歌+妈妈 3.0 0.207967142191 0.224489795919 0.305295981403 0.844319395497 0.469564982991 0.00726392251815 0.535714285714
刘鑫+第一+次 0.0 0.0962396721218 0.286764705883 0.594508988909 0.726391342399 0.263652069795 0.00348953140579 0.544117647059
陈世峰+的+律师 0.0 0.297729872986 0.34375 0.540427858414 0.872947645775 0.526397978617 0.173728813559 0.4375
水果刀+是+刘鑫 0.0 0.10513118785 0.320939334638 0.568801837709 0.833593373602 0.450771286872 0.155792895287 0.534246575342
中国+留学生+江歌 3.0 0.0946477032743 0.53193564115 0.312682330703 0.933099668264 0.247913033012 0.012090009834 0.754266211604
江歌+用+肘部 0.0 0.0587746007484 0.268502581756 0.515962754787 0.816660538022 0.355609641978 0.14907085971 0.55421686747
接受+媒体+采访 0.0 0.135817204833 0.392857142858 0.574610121414 0.787972816044 0.260104861372 0.0 0.642857142857
媒体+采访+时 0.0 0.184181204547 0.391470180305 0.579683330013 0.784687621714 0.255907357781 0.0 0.752427184466
陈世峰+在+法庭 3.0 0.173912303281 0.367760617761 0.522695517449 0.819545439833 0.487557870365 0.159413650939 0.540540540541
否认+部分+罪行 0.0 0.0642319005807 0.346428571429 0.713505650456 0.754448118065 0.212917029432 0.0338983050848 0.55
凶器+的+水果刀 0.0 0.141898281443 0.35612244898 0.657761984454 0.826633477312 0.380328932249 0.00823244552059 0.514285714286
刘鑫+从+房间 0.0 0.0770903768415 0.231331168831 0.479737675292 0.870701308879 0.449957012611 0.157742681048 0.431818181818
关上+了+房门 0.0 0.0270243693572 0.40507518797 0.69725953894 0.722147148957 0.0821143965889 0.0 0.881578947368
陈世峰+来到+江歌 0.0 0.0979830076561 0.424772036474 0.640204189351 0.774379460593 0.317445516672 0.129823296069 0.542553191489
刘鑫+和+陈世峰 0.0 0.156966854751 0.313600782779 0.436546845147 0.872149149587 0.566078564467 0.298583700952 0.431506849315
江歌+和+刘鑫 0.0 0.0676035732785 0.486522911052 0.574156674719 0.727318878238 0.194800463468 0.00767508794371 1.0
刘鑫+发+微信 0.0 0.126269452247 0.25974025974 0.671726022185 0.721749568964 0.283913452243 0.00359527478172 0.545454545455
日本+警方+指控 0.0 0.120681742609 0.346428571429 0.560823557306 0.810260245725 0.284900810747 0.0313559322034 0.55
警方+指控+陈世峰 0.0 0.0504081241137 0.509457441513 0.785557277442 0.660008948473 0.140422986851 0.0131104943011 0.759581881533
递给+了+江歌 0.0 0.0909022219596 0.366785714286 0.623978997115 0.814820744368 0.344486780309 0.121016949153 0.655
江歌+被+刺 0.0 0.0653618580696 0.260617760618 0.48410737519 0.811800351044 0.395236752906 0.148419606047 0.662162162162
2016年+11月+3日 0.0 0.0771286070021 0.395553658726 0.347030568086 0.874366347386 0.182712266417 0.0 0.755296034764
11月+2日+晚上 0.0 0.0880299114673 0.268214285714 0.749747584684 0.702362836331 0.223702237024 0.0 0.545
大东+文化+大学 0.0 0.070193926669 0.346428571429 0.547892065371 0.888196512494 0.324135578433 0.0 0.55
接受+采访+时 0.0 0.165411150432 0.391470180305 0.541633066012 0.805565949043 0.262963793451 0.0 0.752427184466
中国+女+留学生 0.0 0.0915430121294 0.498672779923 0.337213270163 0.91483660727 0.235562920666 0.00881814017409 0.751689189189
女+留学生+江歌 3.0 0.0883671956023 0.498672779923 0.298384053458 0.931966435323 0.245683867882 0.0176362803481 0.751689189189
江歌+在+日本 0.0 0.151928728395 0.274907125971 0.244437819205 0.922359586003 0.530626979131 0.160996914693 0.536643026005
11日+在+日本 0.0 0.156612187509 0.262863913338 0.299321692541 0.916546806808 0.430559237527 0.0357458430397 0.537914691943
日本+东京+开庭 3.0 0.0694261293495 0.392857142858 0.401683056221 0.884223462207 0.237605693014 0.00807102502017 0.642857142857
东京+开庭+审理 3.0 0.100404668775 0.346428571429 0.421244251747 0.905084889076 0.272130637075 0.0762711864406 0.55
前+女友+刘鑫 0.0 0.0167129104857 0.313265306123 0.412803061261 0.80037930701 0.270964327591 0.0 0.642857142857
东京+地方+法院 0.0 0.101219203913 0.346428571429 0.406070048944 0.90938913911 0.376731101521 0.0 0.55
杀害+江+歌 0.0 0.0778743131677 0.201058201058 0.340493678608 0.919054798506 0.385412169037 0.0112994350282 0.537037037037
11月+2日+下午 0.0 0.137060079576 0.268214285714 0.592353343344 0.840184283617 0.265095068275 0.00711864406779 0.545
告诉+澎湃+新闻 0.0 0.149512750926 0.346428571429 0.547394481991 0.808009969942 0.347667509037 0.0 0.55
江歌+的+母亲 0.0 0.166859993409 0.258658008658 0.203141292025 0.97194955244 0.558653576544 0.158705701079 0.439393939394
江歌+被+杀 0.0 0.0691246901249 0.260617760618 0.446546250137 0.825687065192 0.397630857001 0.15116811727 0.662162162162
12月+11日+-15 0.0 0.076462255063 0.231331168831 0.520225106142 0.830857129573 0.258178291417 0.00693374422187 0.545454545455
11日+-15+日 0.0 0.0473164859309 0.173745173745 0.607247138451 0.768293630134 0.180631919802 0.00732936326156 0.540540540541
12月+20日+宣判 0.0 0.049149204487 0.297062750334 0.630299033555 0.786932670567 0.178977483766 0.01124663393 0.546728971963
日本+警方+提供 0.0 0.104358985249 0.346428571429 0.476699607309 0.809858133218 0.284648337613 0.0220338983051 0.55
提供+的+110 0.0 0.0458584519424 0.272727272727 0.579357215142 0.728754842314 0.168082393589 0.0 0.636363636364
110+的+录音 0.0 0.0488334433399 0.252100840336 0.645284728016 0.693428752441 0.147805768791 0.00897308075771 0.632352941176
日本+东京+地方 0.0 0.0935080416579 0.346428571429 0.42175084185 0.909189651318 0.330241703684 0.0 0.55
发现+了+刀具 0.0 0.112184935275 0.231331168831 0.647223917436 0.776035628632 0.348838372409 0.0 0.431818181818
江歌+母亲+江秋莲 3.0 0.305956765181 0.424772036474 0.441905963935 0.890999930159 0.381951701657 0.0158672917418 0.542553191489
2017年+12月+11日 0.0 0.0603525857234 0.323308270677 0.357926766224 0.903015767339 0.277760776864 0.0 0.543859649123
案发+时+是否 0.0 0.0972449523321 0.25974025974 0.542467672144 0.783545613413 0.296649821881 0.0 0.545454545455
时+是否+存在 0.0 0.0520995889784 0.286764705883 0.576005079898 0.728321338644 0.276190014851 0.0 0.544117647059
是否+存在+刘鑫人 0.0 0.0107090405733 0.485744941753 0.685659526353 0.632536828927 0.129946094007 0.0 0.75321888412
刘鑫人+为+锁门 0.0 0.040381252375 0.436342298909 0.681476339868 0.66899952779 0.165226819878 0.0126441280067 0.648756660746
推+了+回来 0.0 0.0644448584249 0.279761904762 0.626776619639 0.68660094646 0.217202863162 0.0 0.666666666667
弹+了+回来 0.0 0.0612732268925 0.279761904762 0.606559173572 0.704216688634 0.215232038992 0.0 0.666666666667
刀+是+陈世峰 0.0 0.142538981142 0.330498866213 0.55362295128 0.846073810942 0.427906604246 0.169491525424 0.531746031746
陈世峰+的+杀人 0.0 0.239876768626 0.34375 0.498432857247 0.845208450678 0.512135442817 0.16906779661 0.4375
杀+一+案 0.0 0.050605806206 0.21 0.459306845484 0.792575250971 0.191775076035 0.0122033898305 0.74
刘鑫+的+证言 3.0 0.0834112224145 0.258658008658 0.466868664608 0.780721346045 0.4098127258 0.144838212635 0.439393939394
11月+3日+凌晨 0.0 0.0760186082893 0.268214285714 0.302522199992 0.909135461327 0.193423883805 0.0 0.545
刘鑫+前+男友 2.0 0.0895754646847 0.25974025974 0.326075191354 0.854911068499 0.285486274047 0.00359527478172 0.545454545455
前+男友+陈世峰 3.0 0.171880731157 0.368466898955 0.271971896199 0.925195127818 0.392910516755 0.133939644481 0.536585365854
案发+时+刘鑫 0.0 0.105725238064 0.25974025974 0.570829413589 0.755212295293 0.283003849627 0.0 0.545454545455
时+刘鑫+是否 0.0 0.068424586517 0.313265306123 0.605951695037 0.698403374305 0.220759448292 0.0174334140436 0.642857142857
刘鑫+是否+听见 0.0 0.0573492067839 0.425770308124 0.673842751919 0.639697860507 0.162291573566 0.016616816218 0.754901960784
是否+听见+门外 0.0 0.024916194358 0.346428571429 0.770812608739 0.58868887189 0.1091041332 0.0 0.55
门外+有+声音 0.0 0.13944630244 0.248746867168 0.557081178019 0.763233286299 0.306143530917 0.00416294974726 0.429824561404
召开+记者+见面会 0.0 0.0439059949855 0.409161490683 0.747016221009 0.616278679676 0.214585696527 0.0 0.554347826087
判处+陈世峰+死刑 3.0 0.0549619715867 0.475947521866 0.468444939586 0.834163372872 0.250811882741 0.0 0.642857142857
死+的+感觉 0.0 0.0112639801824 0.357142857143 0.799169426003 0.534948999945 0.0796486309964 0.0 1.0
日本+的+刑事 0.0 0.242177474709 0.313829787234 0.373383572706 0.850337165713 0.42088275409 0.0340786152183 0.553191489362
刑事+案件+结束 0.0 0.075126010277 0.346428571429 0.653739309983 0.687666972393 0.222270046279 0.00677966101694 0.55
陈世峰+提起+民事 0.0 0.132920444757 0.424772036474 0.579702165944 0.78297430296 0.312003642261 0.134150739271 0.542553191489
提起+民事+诉讼 0.0 0.0890247007697 0.346428571429 0.553924148081 0.802930559701 0.197931825705 0.00338983050848 0.55
刘鑫+的+前 0.0 0.0558631978578 0.276244588745 0.327901450183 0.865840054769 0.405514988835 0.146379044684 0.640151515152
讨+回+公道 0.0 0.0098942513935 0.235714285714 0.67077432842 0.575588922798 0.141683350063 0.0 0.671428571429
陈世峰+被+警方 0.0 0.178840908413 0.400586353944 0.589260866954 0.745383850268 0.411973235914 0.161712623324 0.555970149254
警方+以+恐吓罪 0.0 0.131252194204 0.333266452648 0.706027743057 0.680014817435 0.2958629242 0.0152351932965 0.429775280899
讲述+案发+情况 0.0 0.0728594177427 0.346428571429 0.781858412904 0.578269400272 0.218236754827 0.0 0.55
陈世峰+发布+逮捕令 0.0 0.0937012014597 0.484501347709 0.524638827503 0.771863462823 0.301807078472 0.126638951071 0.547169811321
陈世峰+以+杀人罪 0.0 0.157744999535 0.372147083685 0.442526592022 0.866186091563 0.445799810551 0.15103801023 0.42899408284
2017年+8月+14日 0.0 0.0583733231459 0.294726301736 0.781727539079 0.596629999262 0.176766195046 0.0 0.542056074766
国内+发起+签名 2.0 0.0644555957231 0.346428571429 0.738432201966 0.584418570772 0.168884744068 0.0 0.55
发起+签名+活动 3.0 0.0875867150208 0.346428571429 0.696722763133 0.636479255453 0.190294084189 0.0 0.55
接受+新京报+采访 0.0 0.123097705484 0.475947521866 0.742927862361 0.518121866922 0.179539023648 0.0 0.642857142857
新京报+采访+时 0.0 0.138247184481 0.471824023727 0.753749048444 0.479421368627 0.214436942933 0.0 0.648788927336
江歌+第一+声 0.0 0.0718358610305 0.286764705883 0.746611721848 0.502141358315 0.280221339898 0.118644067797 0.544117647059
第一+声+尖叫 0.0 0.108550935568 0.25974025974 0.764712302318 0.469885691558 0.225247462523 0.00359527478172 0.545454545455
反锁+了+门 0.0 0.0626588585404 0.196428571429 0.448154752727 0.783994322604 0.233983072407 0.00762711864408 0.55
采访+时+表示 0.0 0.222936780121 0.25974025974 0.597984149781 0.705173998429 0.245971199439 0.0 0.545454545455
微博+文章+中 0.0 0.199036266747 0.286764705883 0.789603302986 0.43945397152 0.198006504974 0.0 0.544117647059
文章+中+写道 0.0 0.15163735464 0.25974025974 0.844401082526 0.386145878078 0.114800364073 0.0 0.545454545455
刘鑫+在+面对 0.0 0.0858916159115 0.231331168831 0.480931862051 0.734430176407 0.463098309872 0.157742681048 0.431818181818
面对+江+秋莲 0.0 0.129659404307 0.25974025974 0.596916187385 0.673927564012 0.262411102983 0.0 0.545454545455
江+秋莲+时 0.0 0.128415988641 0.224489795919 0.692036861471 0.591022084254 0.246008687126 0.0 0.535714285714
接受+澎湃+新闻 0.0 0.164554712962 0.346428571429 0.540378655677 0.758151841975 0.343849092145 0.00338983050848 0.55
澎湃+新闻+采访 0.0 0.0909074019849 0.425770308124 0.790294915387 0.48614930865 0.186223338596 0.0 0.754901960784
新闻+采访+时 0.0 0.109198155951 0.391470180305 0.7815967235 0.48116614181 0.140332736503 0.0 0.752427184466
江秋莲+在+接受 0.0 0.338508307885 0.367760617761 0.636006415624 0.699127661626 0.386890214031 0.00366468163079 0.540540540541
交代+后+事 0.0 0.0367992767032 0.288961038961 0.73533253628 0.412837628099 0.171112177243 0.0 0.863636363636
江秋莲+在+东京 0.0 0.307004864482 0.367760617761 0.623211635979 0.718921014072 0.389965256592 0.0183234081539 0.540540540541
东京+台东区+立浅 0.0 0.0403139547735 0.434650455927 0.732129822914 0.62694279686 0.184406837574 0.0162279120087 0.553191489362
台东区+立浅+草公会堂 0.0 0.0 0.648009081383 0.859609600482 0.518841225319 0.06899932911 0.0 0.751833740831
江歌+同+住 0.0 0.0472601066742 0.226530612245 0.366670849868 0.83957009522 0.426856526574 0.151573849879 0.542857142857
2016年+11月+24日 0.0 0.0538314422126 0.406629318394 0.466464473804 0.800150832087 0.156916370701 0.0 0.755991285403
知道+刘鑫+是否 0.0 0.0628785710309 0.425770308124 0.586288334421 0.64576599751 0.193179264572 0.0257560651379 0.754901960784
是否+会+出庭 0.0 0.142016413936 0.231331168831 0.475181596834 0.800550562702 0.402595933381 0.0583590138675 0.431818181818
领域+外+犯罪 0.0 0.153023488799 0.25974025974 0.409605792158 0.820240676942 0.24537067332 0.0 0.545454545455
承担+刑事+责任 0.0 0.0879601504091 0.425770308124 0.542285500489 0.619948568636 0.204083166111 0.0132934529744 0.754901960784
陈世峰+在+日本 0.0 0.221281983306 0.367760617761 0.469497510671 0.813002640138 0.529820021147 0.174072377462 0.540540540541
江+歌+母亲 0.0 0.067226807496 0.224489795919 0.264195658744 0.888437443915 0.358051067552 0.0272397094431 0.535714285714
所在国+具有+优先 0.0 0.0309268757348 0.409161490683 0.487488948518 0.716824680813 0.165545505431 0.0 0.554347826087
具有+优先+管辖权 0.0 0.0654208892439 0.424772036474 0.563456560879 0.684899111984 0.182345659332 0.0036062026686 0.542553191489
我国+司法+机关 0.0 0.133834996767 0.346428571429 0.615958927885 0.686594681738 0.305811505666 0.0169491525424 0.55
属地+管辖+原则 0.0 0.0516535238173 0.392857142858 0.600860540751 0.705517419235 0.209571201463 0.0 0.642857142857
他国+发生+刑事犯罪 0.0 0.0583424828475 0.473901098901 0.534809874909 0.72839433972 0.201470642295 0.003259452412 0.557692307692
发生+在+日本 0.0 0.178913333569 0.274907125971 0.329180063651 0.88371040935 0.452796985441 0.0314140321354 0.536643026005
嫌疑人+和+被害人 0.0 0.228735199581 0.392163661581 0.395519407856 0.844928230862 0.387761041499 0.00411387197631 0.427184466019
刑法+第十+条 0.0 0.114039837929 0.286764705883 0.5653491496 0.736306269283 0.257788529095 0.00348953140579 0.544117647059
第十+条+规定 0.0 0.156485050465 0.25974025974 0.534270867204 0.755338038833 0.284739733535 0.0 0.545454545455
日本+受到+刑事 0.0 0.232096768894 0.328416149069 0.396094870802 0.836756087645 0.409183787895 0.0331613854091 0.565217391304
中国+司法+机关 0.0 0.147941942089 0.346428571429 0.547086890056 0.721070037002 0.325294383791 0.0110169491525 0.55
中华人民共和国+领域+外 0.0 0.0751521947976 0.715838509317 0.630924791168 0.711984231504 0.218706486201 0.0 0.521739130435
本法+应当+负 0.0 0.0413711530701 0.286764705883 0.751231626023 0.631278565118 0.126642135929 0.0 0.544117647059
应当+负+刑事 0.0 0.117617085688 0.25974025974 0.658014033101 0.689881068383 0.195081415688 0.00719054956342 0.545454545455
负+刑事+责任 0.0 0.0792949617785 0.391470180305 0.624897390146 0.646921888017 0.164815911988 0.00806318907357 0.752427184466
追究+其+刑事 0.0 0.186807856532 0.231331168831 0.584534395602 0.731096194712 0.30293951304 0.00808936825885 0.431818181818
离境+前+居住地 0.0 0.163307768978 0.340178571429 0.789852205089 0.536489480154 0.158885718287 0.0 0.5375
居住地+的+人民法院 0.0 0.165047734782 0.475123152709 0.754472051072 0.553283191072 0.141300414952 0.0 0.427586206897
