希望 0.0 0.131263443846 0.0689655172414 0.430011514601 0.932221129155 0.614995000512 0.0 0.0
明确 0.0 0.196193283422 0.0689655172414 0.482880826386 0.897502643628 0.528224348505 0.0 0.0
开启 0.0 0.193600042286 0.0689655172414 0.479691438496 0.93382710407 0.586752736634 0.0133333333333 0.0
配置 3.0 0.311581899728 0.0689655172414 0.358193668198 0.970557147884 0.698772582271 0.0133333333333 0.0
这种 0.0 0.150268798939 0.0689655172414 0.37117625285 0.975918821736 0.659828054944 0.0 0.0
汽车 2.0 0.196624131176 0.0689655172414 0.567038849629 0.541407194837 0.53818050954 0.0266666666667 0.0
指导 0.0 0.0864545158158 0.284936479129 0.692939137666 0.8095056486 0.138659473438 0.0 0.447368421053
装备 0.0 0.15081112632 0.0689655172414 0.252222941296 0.964212009856 0.621744352897 0.0133333333333 0.0
更新 0.0 0.178364542256 0.0689655172414 0.39561494485 0.967705884637 0.63535386059 0.0133333333333 0.0
国内 0.0 0.211344587535 0.284936479129 0.505438657495 0.883010019808 0.374976433141 0.00842105263159 0.447368421053
现象 0.0 0.245026451263 0.219147005445 0.489423204708 0.929036851437 0.41198785682 0.0133333333333 0.440789473684
平台 0.0 0.164216655644 0.204100652377 0.414293875439 0.942592860268 0.477970478054 0.0 0.301801801802
应该 0.0 0.145517460166 0.0689655172414 0.364268450459 0.967727917621 0.58916903118 0.0 0.0
视频 0.0 0.242681998531 0.0689655172414 0.218375842664 0.904261065796 0.569425407044 0.0 0.0
打造 0.0 0.165802361205 0.0689655172414 0.425253685567 0.953207057919 0.623891135131 0.0133333333333 0.0
原因 0.0 0.197482238516 0.0689655172414 0.271674703346 0.974361382395 0.591696779614 0.0 0.0
之前 0.0 0.202650441595 0.0689655172414 0.339173096389 0.983002436186 0.65485890581 0.0 0.0
火爆 0.0 0.196768447083 0.0689655172414 0.324434626338 0.998424036852 0.591334404153 0.0266666666667 0.0
已经 0.0 0.182314717601 0.213793103448 0.496344893888 0.93702934694 0.541590382057 0.0 0.3
H1Z1 2.0 0.303966192052 0.0 0.596826129931 0.884203456025 0.604372474001 0.0133333333333 0.0
显示 0.0 0.150564660425 0.172413793103 0.470427643689 0.943909034323 0.408303276123 0.0 0.214285714286
热度 0.0 0.144676610712 0.0689655172414 0.465757227098 0.947640485513 0.563541595547 0.0 0.0
取得 0.0 0.139789759945 0.0689655172414 0.605075974484 0.907867577987 0.529995681694 0.0 0.0
成功 0.0 0.187243530349 0.0689655172414 0.261988025757 0.972095154113 0.682047754685 0.0 0.0
目前 0.0 0.233744984076 0.0689655172414 0.34607886018 0.978052604315 0.760077722696 0.0 0.0
战略 0.0 0.119654602809 0.284936479129 0.680099092241 0.782091784069 0.218255535917 0.0 0.447368421053
Buggy 0.0 0.259218568456 0.0344827586207 0.686303641863 0.423756453854 0.614137804755 0.0 0.0
包括 0.0 0.156321809507 0.0689655172414 0.563203070551 0.951093652258 0.589913690729 0.0 0.0
成为 0.0 0.31561003363 0.0689655172414 0.409939953956 0.992095331278 0.772330007792 0.0266666666667 0.0
行动 0.0 0.333180126709 0.213793103448 0.595259161949 0.907698429201 0.294232228796 0.0186666666667 0.3
美元 0.0 0.149304368835 0.0689655172414 0.458320995321 0.92392228111 0.543382444868 0.0 0.0
机会 0.0 0.170192070368 0.0689655172414 0.613853404103 0.921721942427 0.537703998414 0.0 0.0
未来 0.0 0.194896591817 0.0689655172414 0.561314406616 0.937425145219 0.630148429271 0.0 0.0
手游 3.0 0.324235451384 0.159432048681 0.63187800966 0.831848896154 0.435792753349 0.0520784313724 0.358823529412
巨大 0.0 0.19392023037 0.0689655172414 0.532255241314 0.935916558033 0.553203304468 0.0 0.0
报道 0.0 0.128709981956 0.185440613027 0.403124016927 0.78431047177 0.324187538441 0.0 0.211111111111
发展 0.0 0.14043240791 0.0689655172414 0.559619109232 0.927135079608 0.547000042484 0.0 0.0
画质 0.0 0.224703501289 0.0689655172414 0.286433289995 0.913345779251 0.525781527701 0.0 0.0
进行 0.0 0.134697006759 0.236074270557 0.627829830346 0.811908428765 0.307873250942 0.00410256410255 0.346153846154
财经 0.0 0.0996757454905 0.284936479129 0.666270050963 0.789605733272 0.113343390968 0.0 0.447368421053
Bluehole 0.0 0.162669067996 0.137931034483 0.610940837982 0.897115256857 0.514692518191 0.0 0.0
在线 0.0 0.105254238829 0.172413793103 0.328530568789 0.938415171729 0.412671371339 0.0 0.214285714286
操作 0.0 0.162444756992 0.0689655172414 0.393575230237 0.972791631107 0.578488938637 0.0 0.0
开发 0.0 0.249964837179 0.172413793103 0.494881552297 0.965833247562 0.54102997433 0.0 0.214285714286
小米 1.0 0.391691094716 0.0689655172414 0.610791247472 0.911157831211 0.676417733952 0.0266666666667 0.0
增加 0.0 0.131219954358 0.0689655172414 0.378281170542 0.970919876566 0.544712512655 0.0133333333333 0.0
运营 0.0 0.139548987246 0.284936479129 0.598398111225 0.85209531755 0.221845147837 0.0 0.447368421053
战场 0.0 0.398663284286 0.172413793103 0.642491369274 0.805119060507 0.392044456249 0.04 0.214285714286
版本 0.0 0.139340970834 0.0689655172414 0.20277081885 0.956126341231 0.595015244138 0.0 0.0
整体 0.0 0.17620207722 0.0689655172414 0.270472964355 0.975963374884 0.556598202946 0.0 0.0
设计 0.0 0.161532123561 0.0689655172414 0.246118300292 0.971422775816 0.639263398854 0.0 0.0
直播 0.0 0.186699725952 0.213793103448 0.473689101759 0.919235520093 0.488135683431 0.00533333333332 0.3
屏幕 0.0 0.121199735349 0.0689655172414 0.409708696385 0.938909648863 0.486984513242 0.0 0.0
网易 1.0 0.690607112981 0.0689655172414 0.58319469915 0.939925030024 0.738827927289 0.08 0.0
大利 0.0 0.168621997281 0.172413793103 0.393753853088 0.980280404972 0.215647200788 0.04 0.214285714286
工作 0.0 0.112592438584 0.257543103448 0.594197079092 0.746320577629 0.312625555903 0.0 0.34375
意味着 0.0 0.15599145262 0.172413793103 0.512736304019 0.958133876777 0.543641687764 0.0 0.0
人士 0.0 0.281314111379 0.0689655172414 0.798575236735 0.707743774484 0.487767437705 0.0 0.0
加入 0.0 0.169797877676 0.0689655172414 0.357982691146 0.976928219172 0.628199057561 0.0133333333333 0.0
领域 0.0 0.150711433351 0.0689655172414 0.575370119855 0.921833920405 0.550800684909 0.0 0.0
审判日 0.0 0.215107236802 0.172413793103 0.70285503054 0.868977037257 0.219264301181 0.0 0.0
韩国 0.0 0.261468909642 0.0689655172414 0.454040807517 0.944400510456 0.637402521357 0.0266666666667 0.0
AppStore 0.0 0.121624385654 0.244137931035 0.686695039342 0.835674009036 0.355030589644 0.0 0.22
达到 0.0 0.237122888369 0.0689655172414 0.324312363085 1.0 0.690391473794 0.0 0.0
总局 2.0 0.204523745416 0.284936479129 0.637340357867 0.838269512327 0.269567289364 0.00736842105261 0.447368421053
了解 0.0 0.132126129143 0.0689655172414 0.287541947669 0.972590583131 0.518792568282 0.0133333333333 0.0
采用 0.0 0.179859916608 0.0689655172414 0.195281350242 0.951115742702 0.672895811245 0.0 0.0
公司 0.0 0.279908663416 0.220480668756 0.555061356888 0.919475452466 0.501634355142 0.0111111111111 0.348484848485
核心 0.0 0.104431158833 0.443015780245 0.571225099587 0.886836768161 0.223443221877 0.0 0.542372881356
MOBA 0.0 0.137489981959 0.0 0.62793548371 0.900000421756 0.482175445551 0.0 0.0
实际上 0.0 0.184690056 0.172413793103 0.568291277 0.911011438713 0.509394065913 0.0 0.0
需求 0.0 0.156300064763 0.0689655172414 0.516670286531 0.955811807443 0.551667938015 0.0 0.0
方式 0.0 0.0876926227082 0.284936479129 0.428430140801 0.855550212218 0.201643796174 0.0 0.447368421053
明显 0.0 0.117747027196 0.0689655172414 0.174677007226 0.986985344977 0.584544756123 0.0 0.0
业务 0.0 0.176793181293 0.236074270557 0.654084705741 0.766306550112 0.262694429611 0.00717948717947 0.346153846154
出版 0.0 0.167324069495 0.236074270557 0.600564935291 0.832708047302 0.191206362495 0.0 0.346153846154
增长 0.0 0.189650931413 0.0689655172414 0.584144509088 0.890668101356 0.542741884697 0.0 0.0
网吧 2.0 0.398930054215 0.0689655172414 0.38495090139 0.950377505345 0.728907406278 0.0266666666667 0.0
绝地 0.0 0.000116092773043 0.172413793103 0.222117690916 0.957168655179 0.478756550733 0.533333333333 0.214285714286
持续 0.0 0.130957380351 0.0689655172414 0.473820136968 0.946747015006 0.563538801032 0.0 0.0
态度 0.0 0.165226813578 0.172413793103 0.605160049069 0.87742575793 0.326845077474 0.0 0.214285714286
联合 0.0 0.120925924917 0.172413793103 0.623564766699 0.853558574558 0.379807039027 0.0266666666667 0.214285714286
用户 0.0 0.210337182871 0.277051129608 0.489235593246 0.884245199587 0.362234674073 0.0055172413793 0.431034482759
主要 0.0 0.131263443846 0.0689655172414 0.40763200308 0.987630836043 0.576506652609 0.0 0.0
影响 0.0 0.163802056811 0.0689655172414 0.29265514204 0.963213861951 0.599077883388 0.0133333333333 0.0
国服 3.0 0.163421155276 0.212068965517 0.55063706065 0.889996825575 0.374557784058 0.023 0.35
车型 0.0 0.213080047238 0.0689655172414 0.598377202451 0.497764699673 0.541317823745 0.0 0.0
方面 0.0 0.210865064078 0.0689655172414 0.324022804147 0.981636441488 0.668753368367 0.0 0.0
穿越 0.0 0.143520058087 0.172413793103 0.713886424651 0.865279571432 0.278956757855 0.0 0.214285714286
大吉 0.0 0.168621997281 0.172413793103 0.393753853088 0.980280404972 0.264896810643 0.04 0.214285714286
能力 0.0 0.184822820904 0.0689655172414 0.267103738582 0.990057959453 0.580055991084 0.0 0.0
最后 0.0 0.216969145786 0.0689655172414 0.189545525862 0.999414557508 0.676747741602 0.0133333333333 0.0
代理权 3.0 0.145517460166 0.172413793103 0.56774698379 0.901293135903 0.474821192116 0.0266666666667 0.0
选择 0.0 0.167515393539 0.0689655172414 0.178479876674 0.982954908671 0.658212285893 0.0 0.0
突破 0.0 0.124873363199 0.0689655172414 0.519718267492 0.948310073938 0.495990320284 0.0 0.0
看到 0.0 0.180711772559 0.0689655172414 0.220032793685 0.981238555576 0.650589721266 0.0 0.0
程度 0.0 0.150697116714 0.0689655172414 0.350154395096 0.960177874702 0.542094266413 0.0 0.0
社交 0.0 0.138189854713 0.0689655172414 0.602432804207 0.939348203381 0.547819316269 0.0 0.0
使命 0.0 0.348143484323 0.213793103448 0.607362489583 0.902775720779 0.283702759218 0.0 0.3
重要 0.0 0.167396978011 0.0689655172414 0.456259948783 0.974619426315 0.524513242925 0.0 0.0
中国 0.0 0.229210283227 0.236074270557 0.585866572567 0.817735044534 0.434773600219 0.0246153846154 0.346153846154
正式 0.0 0.135490528449 0.213793103448 0.442254652262 0.920791664052 0.473883941121 0.02 0.3
光子 2.0 0.146481811198 0.307763230684 0.748031509646 0.671948010638 0.31465933194 0.0042780748663 0.446524064171
相关 0.0 0.107755469998 0.236074270557 0.648005307073 0.799320229639 0.184365746823 0.0 0.346153846154
射击 0.0 0.131313463417 0.183537263626 0.494850106275 0.93829697278 0.404929937069 0.0 0.306451612903
火热 0.0 0.121199735349 0.0689655172414 0.459300670357 0.948749121704 0.492172137315 0.0 0.0
市场 0.0 0.321788890737 0.236074270557 0.554978167925 0.936542829812 0.506568767025 0.0153846153846 0.346153846154
刚刚 0.0 0.125521709231 0.0689655172414 0.340260162701 0.941651466479 0.575894746865 0.0266666666667 0.0
逃杀 0.0 0.174401873528 0.212068965517 0.495881272719 0.885663758797 0.315608196866 0.019 0.35
表示 0.0 0.269136274412 0.0689655172414 0.399220014471 0.950844111182 0.679903558492 0.0 0.0
荒岛 0.0 0.188265525759 0.224045731145 0.836103011415 0.47578578994 0.20411897177 0.0 0.457219251337
玩家 0.0 0.165032297323 0.212068965517 0.44229670464 0.924234988855 0.499134647113 0.00800000000001 0.35
简单 0.0 0.112236344009 0.0689655172414 0.213336279829 0.965689152946 0.562116748368 0.0 0.0
模式 0.0 0.181912016868 0.212068965517 0.435790094067 0.872260807299 0.424378202895 0.0153333333333 0.35
双方 0.0 0.126062403574 0.0689655172414 0.532395838356 0.89285510269 0.465630236022 0.0 0.0
不断 0.0 0.145300443132 0.0689655172414 0.336898611208 0.963827208419 0.562225331015 0.0 0.0
内容 0.0 0.118447884193 0.236074270557 0.576612354596 0.844857999165 0.276723586776 0.0 0.346153846154
全民 0.0 0.162943077552 0.0689655172414 0.55370875896 0.892835762186 0.511909286266 0.0133333333333 0.0
投资 0.0 0.177441063184 0.0689655172414 0.65497120185 0.868784940511 0.612104415785 0.0 0.0
网络 0.0 0.181330837355 0.172413793103 0.477617053804 0.931499091294 0.543922275326 0.0 0.214285714286
问题 0.0 0.21408859121 0.0689655172414 0.404074418552 0.983499415548 0.683843277281 0.0133333333333 0.0
官方 0.0 0.167916786419 0.172413793103 0.286059268647 0.885150685868 0.531259846082 0.0152380952381 0.214285714286
厂商 1.0 0.303481938013 0.172413793103 0.504510099754 0.941747709452 0.605053527356 0.00761904761903 0.214285714286
获得 0.0 0.132968288661 0.284936479129 0.538506295941 0.858535721862 0.221849129441 0.00842105263159 0.447368421053
性能 0.0 0.179891923757 0.0689655172414 0.23585830846 0.891961376893 0.618836958251 0.0 0.0
进入 0.0 0.189358474324 0.0689655172414 0.382203007517 0.975905565533 0.663016302094 0.0 0.0
情况 0.0 0.176883815705 0.0689655172414 0.238656246874 0.981427364914 0.565864379808 0.0 0.0
地图 2.0 0.199420931111 0.0689655172414 0.323698510681 0.926825550044 0.640439100825 0.0 0.0
支持 0.0 0.172221429803 0.0689655172414 0.324983747796 0.936004154129 0.571737582387 0.0 0.0
需要 0.0 0.200062353705 0.0689655172414 0.257818867116 0.997844339803 0.734279383651 0.0266666666667 0.0
政策 0.0 0.169477650124 0.0689655172414 0.532015423051 0.88633960915 0.542576728184 0.0 0.0
推出 0.0 0.252333923195 0.0689655172414 0.395456045681 0.959638757136 0.709249459968 0.0533333333333 0.0
无法 0.0 0.134279076758 0.0689655172414 0.472065380708 0.966875731152 0.654597518372 0.0 0.0
作弊 3.0 0.198817200914 0.0689655172414 0.397701495729 0.897820251477 0.555312547485 0.0133333333333 0.0
数据 0.0 0.164180165063 0.172413793103 0.465182849661 0.936495580349 0.410048503781 0.0 0.214285714286
修改 0.0 0.193276799725 0.0689655172414 0.462012545181 0.916180541708 0.577571967066 0.0 0.0
王者 0.0 0.44852266158 0.172413793103 0.560316271883 0.947776107145 0.434675687286 0.04 0.214285714286
主管 0.0 0.222199266613 0.284936479129 0.635251703155 0.854381460274 0.28174779605 0.00736842105261 0.447368421053
第一 0.0 0.238900797889 0.0689655172414 0.376676476222 0.990192453199 0.764070284668 0.0 0.0
第三 0.0 0.174572208132 0.0689655172414 0.548370482457 0.906174532068 0.575820475304 0.0 0.0
此类 0.0 0.146188764623 0.236074270557 0.485073841837 0.831857056894 0.184175378015 0.0 0.346153846154
竞争 0.0 0.169477650124 0.0689655172414 0.491610928234 0.927178107827 0.558862004962 0.0 0.0
生态 1.0 0.156179419594 0.0689655172414 0.553751238554 0.885377119799 0.47572645998 0.0 0.0
超过 0.0 0.183483239454 0.0689655172414 0.41478892289 0.991133797949 0.664699138713 0.0 0.0
相当 0.0 0.150518394854 0.0689655172414 0.259439081675 0.990622289636 0.578236907943 0.0 0.0
比较 0.0 0.216787541765 0.0689655172414 0.296776110619 0.983665619147 0.636599342585 0.0 0.0
直接 0.0 0.176736845568 0.0689655172414 0.197462422454 0.944006723245 0.681376078224 0.0 0.0
体验 0.0 0.23473255721 0.172413793103 0.335756114211 0.981008690261 0.546741353505 0.0 0.214285714286
画面 0.0 0.191630361439 0.0689655172414 0.389115461229 0.971793224386 0.615605679052 0.0 0.0
保持 0.0 0.0980654816136 0.172413793103 0.52039858547 0.895540802651 0.315835224224 0.0 0.214285714286
关注 0.0 0.158299819627 0.0689655172414 0.355242387165 0.987099949588 0.584464572142 0.0 0.0
宣传 0.0 0.188255389166 0.0689655172414 0.392060053291 0.939995216571 0.598856451854 0.0 0.0
世界 0.0 0.145916631114 0.172413793103 0.564006516542 0.901324793185 0.416265585985 0.00761904761903 0.214285714286
依然 0.0 0.181380175167 0.0689655172414 0.463635972636 0.961195599787 0.627966425153 0.0 0.0
价格 0.0 0.189650931413 0.0689655172414 0.26197043376 0.956010616956 0.576246483323 0.0 0.0
存在 0.0 0.0981011374079 0.277051129608 0.558389150174 0.890358434999 0.302013580496 0.0 0.431034482759
大量 0.0 0.0947941298206 0.284936479129 0.603461756942 0.876791025791 0.253162730809 0.0 0.447368421053
广电 2.0 0.162948968909 0.284936479129 0.643080356968 0.82373786335 0.257459525184 0.0115789473684 0.447368421053
完美 0.0 0.15639666461 0.0689655172414 0.487673435537 0.958298389335 0.583648324405 0.0133333333333 0.0
帧数 0.0 0.321754459572 0.213793103448 0.77111774237 0.181505216371 0.326943264941 0.0 0.3
是否 0.0 0.128768393571 0.0689655172414 0.473622229556 0.953074404812 0.580340701023 0.0133333333333 0.0
迅速 0.0 0.150842817319 0.0689655172414 0.484887096525 0.937926842308 0.629506815347 0.0 0.0
调整 0.0 0.0982350722105 0.277051129608 0.661942691228 0.805616276758 0.204116755428 0.0055172413793 0.431034482759
武器 2.0 0.14376000956 0.0689655172414 0.397896737022 0.964455762372 0.569449463931 0.0 0.0
收入 0.0 0.194813090906 0.0689655172414 0.490509863793 0.877102534378 0.562778633006 0.0 0.0
免费 0.0 0.108845851369 0.225942985186 0.718214496929 0.803646005389 0.335991829493 0.0 0.348375451264
设定 0.0 0.220976455643 0.0689655172414 0.52988852892 0.944083439193 0.539479966175 0.0 0.0
工作室 3.0 0.129801076924 0.289719626168 0.682951778085 0.775271148043 0.370765230875 0.0093457943925 0.31308411215
带来 0.0 0.189358474324 0.0689655172414 0.311746079966 0.97852419202 0.629283275052 0.0133333333333 0.0
行业 0.0 0.271756706668 0.172413793103 0.471496860331 0.922149058099 0.569251232029 0.0133333333333 0.214285714286
腾讯 3.0 0.430002714071 0.236074270557 0.528293272415 0.932240992514 0.479142324907 0.188717948718 0.346153846154
团队 0.0 0.154469041744 0.251231527094 0.604709289677 0.813192517365 0.272473199636 0.00544217687073 0.438775510204
预约 0.0 0.307006510877 0.0689655172414 0.641238495715 0.925308968674 0.646427976116 0.0 0.0
今天 0.0 0.125521709231 0.0689655172414 0.0 0.819976317122 0.584059000337 0.0 0.0
此前 0.0 0.187109542042 0.0689655172414 0.564874329948 0.928151140474 0.621978981944 0.0 0.0
移动 0.0 0.109532289047 0.131661442006 0.423595855451 0.927403127383 0.500837823471 0.0 0.227272727273
英雄 0.0 0.355301560552 0.172413793103 0.464399504688 0.93555672925 0.395634704564 0.0 0.214285714286
知道 0.0 0.135847633977 0.0689655172414 0.301449528539 0.973258871941 0.594590563668 0.0 0.0
联盟 0.0 0.32476707703 0.172413793103 0.458839215555 0.935530155037 0.345486646377 0.0 0.214285714286
今年 0.0 0.275262070307 0.0689655172414 0.536258129393 0.931337244084 0.638952139411 0.0 0.0
媒体 0.0 0.170925220091 0.0689655172414 0.423611006465 0.956103311444 0.58757061029 0.0 0.0
手机 0.0 0.145569628597 0.189234650967 0.530550374473 0.834375249317 0.412741848239 0.00390243902438 0.353658536585
载具 0.0 0.209634001649 0.0689655172414 0.296504009055 0.964431214714 0.621761479323 0.04 0.0
左右 0.0 0.162753223027 0.0689655172414 0.369620145139 0.950174455937 0.550620090328 0.0 0.0
独家 0.0 0.100525230738 0.335191526638 0.66582679723 0.80537544601 0.188457432143 0.056597382602 0.555427251732
光荣 0.0 0.423062640244 0.172413793103 0.641839506224 0.916093301513 0.334959425179 0.00761904761903 0.214285714286
公布 0.0 0.171056124743 0.0689655172414 0.420360514844 0.956656428235 0.646247924725 0.0133333333333 0.0
时间 0.0 0.163138439143 0.131661442006 0.404362979898 0.959078173477 0.53110340774 0.0 0.227272727273
表态 0.0 0.169477650124 0.0689655172414 0.467244251576 0.908808594098 0.521598497367 0.0133333333333 0.0
最终 0.0 0.145330564861 0.0689655172414 0.291117276901 0.98540709594 0.577907941127 0.0 0.0
制作 0.0 0.168153486076 0.0689655172414 0.41974397623 0.93727239515 0.615777448853 0.0 0.0
赛事 0.0 0.243446348184 0.0689655172414 0.459574842827 0.917492389921 0.610293695296 0.0 0.0
平均 0.0 0.172088992957 0.172413793103 0.463889313043 0.573345225092 0.391089769847 0.0 0.214285714286
2017年 0.0 0.197482238516 0.103448275862 0.508113152911 0.94260379425 0.565034274319 0.0 0.0
部分 0.0 0.14043240791 0.0689655172414 0.375243641696 0.974779641234 0.594550241813 0.0 0.0
符合 0.0 0.0967328589766 0.244031830239 0.698194260284 0.764731476801 0.0997914550215 0.0 0.461538461538
销售 0.0 0.178186624871 0.0689655172414 0.240295878806 0.936205065061 0.621877278893 0.0 0.0
消息 0.0 0.17497229527 0.0689655172414 0.362231289589 0.939813676182 0.621236780736 0.0 0.0
类型 0.0 0.1131377427 0.265086206896 0.509265166019 0.906112123502 0.357248681568 0.0 0.453125
场景 0.0 0.21842135804 0.0689655172414 0.225753944449 0.940578743797 0.575313772093 0.0 0.0
发现 0.0 0.186782974489 0.0689655172414 0.135212970108 0.989522858288 0.636666995113 0.0133333333333 0.0
记者 0.0 0.417121230923 0.0689655172414 0.430885941609 0.92233420767 0.644875152683 0.0 0.0
文化 0.0 0.100029655418 0.284936479129 0.594384334125 0.890342400476 0.0986714287066 0.0 0.447368421053
战队 0.0 0.188396173144 0.0689655172414 0.197990668836 0.912244374001 0.573196538312 0.0133333333333 0.0
全球 0.0 0.215628906431 0.0689655172414 0.464439436046 0.955895600302 0.603458649827 0.0 0.0
近日 0.0 0.108387580962 0.0689655172414 0.308441751161 0.929454796339 0.57476372052 0.0 0.0
技术 0.0 0.196127167722 0.0689655172414 0.291219636652 0.975313779001 0.627345828041 0.0 0.0
告诉 0.0 0.169477650124 0.0689655172414 0.453457861407 0.923098326433 0.515583792591 0.0133333333333 0.0
开发商 0.0 0.126838784311 0.27969348659 0.487055544465 0.895611389821 0.458808565075 0.0 0.222222222222
国家 0.0 0.101103599195 0.277051129608 0.481352723103 0.87539488542 0.282128583002 0.0 0.431034482759
发布 0.0 0.216692360196 0.0689655172414 0.411550337921 0.971246917992 0.67160346426 0.0266666666667 0.0
进一步 0.0 0.0901094562079 0.386363636363 0.679488064039 0.777152784099 0.191632552154 0.0 0.443181818182
Steam 0.0 0.168657557611 0.13611615245 0.487729813788 0.942092632725 0.477271663768 0.0 0.210526315789
整个 0.0 0.168153486076 0.0689655172414 0.332490042026 0.965930887585 0.596439027429 0.0133333333333 0.0
战术 0.0 0.260485100349 0.172413793103 0.553803240853 0.914935920833 0.46068329936 0.0266666666667 0.214285714286
系列 0.0 0.154047058943 0.0689655172414 0.27996383831 0.959188811051 0.624561239724 0.0 0.0
特训 0.0 0.186680784069 0.242378810595 0.788170132943 0.636736867057 0.211259034054 0.0 0.442028985507
刺激 0.0 0.396241307883 0.172413793103 0.626740563043 0.812791597204 0.329637539706 0.0552380952381 0.214285714286
10月 0.0 0.163329114544 0.12315270936 0.558080368208 0.847000477942 0.393336002375 0.0 0.214285714286
荣耀 0.0 0.455058926092 0.172413793103 0.577006336009 0.94256630559 0.430440012788 0.047619047619 0.214285714286
终结者 0.0 0.269052268271 0.172413793103 0.649839401141 0.908789634407 0.27077948264 0.0133333333333 0.0
纷纷 0.0 0.136094818886 0.0689655172414 0.531256432209 0.933844395394 0.578161872129 0.0133333333333 0.0
拥有 0.0 0.187109542042 0.0689655172414 0.314462318727 0.978624802639 0.656736671403 0.0 0.0
表现 0.0 0.246558614486 0.248275862069 0.557667997323 0.592044677914 0.465855012987 0.00799999999998 0.2
最高 0.0 0.193845335807 0.172413793103 0.341753339769 0.698792012192 0.440236866372 0.0 0.214285714286
合作 0.0 0.163136480864 0.284936479129 0.619504485757 0.838119727819 0.299942975774 0.0 0.447368421053
销量 0.0 0.181767550091 0.0689655172414 0.437861894596 0.954409385777 0.572677017912 0.0 0.0
端游 0.0 0.29852744608 0.0689655172414 0.611984344226 0.921356361908 0.66543215629 0.0133333333333 0.0
正在 0.0 0.150842817319 0.0689655172414 0.497250902122 0.923780343685 0.603099345909 0.0 0.0
流畅 0.0 0.184690056 0.0689655172414 0.318235617699 0.836594591114 0.554863037305 0.0 0.0
越野车 0.0 0.190188434122 0.172413793103 0.624542473234 0.435557857866 0.531609594575 0.0 0.0
提供 0.0 0.137894752925 0.172413793103 0.459372832629 0.825965578975 0.357454371124 0.0 0.214285714286
速度 0.0 0.195117310007 0.0689655172414 0.22063077511 0.876623816507 0.579323166694 0.0 0.0
电脑 0.0 0.359284289033 0.0689655172414 0.330801902779 0.966659545988 0.733854719933 0.0133333333333 0.0
产品 0.0 0.214607363855 0.213793103448 0.634541392139 0.867111238251 0.438277449724 0.0 0.3
认为 0.0 0.188279509126 0.0689655172414 0.45639260526 0.955946869823 0.589844186806 0.0 0.0
PUBG 0.0 0.432908431664 0.140804597701 0.722058871818 0.71715899166 0.423070084218 0.015 0.291666666667
出现 0.0 0.251574950871 0.0689655172414 0.317622512691 0.985190892959 0.725228099159 0.0266666666667 0.0
界面 0.0 0.233332268081 0.0689655172414 0.497605493631 0.890344709222 0.50753542318 0.0 0.0
代理 0.0 0.205258581997 0.236074270557 0.515214757412 0.90537563546 0.396133130624 0.0728205128206 0.346153846154
小米枪战 0.0 0.32606833355 0.275862068966 0.633548696887 0.892873444017 0.457020713032 0.0 0.0
苏联 0.0 0.143828989385 0.131661442006 0.5667774448 0.513517832588 0.453307120629 0.0133333333333 0.227272727273
功能 0.0 0.144253580283 0.0689655172414 0.00810410516472 0.879889796836 0.570642923816 0.0 0.0
能够 0.0 0.200473433462 0.0689655172414 0.294363442127 0.973996998984 0.721325530319 0.0 0.0
竞技 0.0 0.20734307383 0.212068965517 0.608198996526 0.838119168013 0.374463071605 0.014 0.35
微信 0.0 0.117747027196 0.0689655172414 0.363215131024 0.956325798807 0.517045940983 0.0 0.0
打击 0.0 0.104512402288 0.172413793103 0.527023101127 0.80605029091 0.305429231486 0.0 0.214285714286
火线 0.0 0.143200122789 0.172413793103 0.750784331439 0.844144000409 0.278201091872 0.0 0.214285714286
11月 0.0 0.169853303687 0.148920045472 0.511882902736 0.888632561796 0.395187054232 0.0 0.302197802198
宣布 0.0 0.114763781744 0.236074270557 0.514844212154 0.899167554374 0.326250250526 0.0492307692308 0.346153846154
容易 0.0 0.156415048394 0.0689655172414 0.231902360284 0.971005642554 0.595171352114 0.0 0.0
推广 0.0 0.136710474387 0.0689655172414 0.513732585804 0.900208075706 0.524680094503 0.0 0.0
内存 0.0 0.206460285572 0.0689655172414 0.323002355661 0.945091615754 0.625716104171 0.0 0.0
最低 0.0 0.223439665911 0.172413793103 0.611337262526 0.491091198805 0.341897187891 0.0 0.214285714286
显卡 0.0 0.396296410479 0.0689655172414 0.324484121828 0.937613309421 0.704390274631 0.0 0.0
测试 0.0 0.181670903834 0.277051129608 0.436502423042 0.868981636842 0.315030440765 0.0 0.431034482759
价值观 0.0 0.128081022409 0.27969348659 0.600059528122 0.898159163325 0.21873378693 0.0 0.222222222222
硬件 0.0 0.314883957096 0.0689655172414 0.434412559473 0.953904900962 0.651075090846 0.0266666666667 0.0
玩法 0.0 0.319032997598 0.0689655172414 0.470337933875 0.963213033223 0.694907310268 0.0 0.0
主播 0.0 0.13786947753 0.172413793103 0.483647049035 0.883531536121 0.479080077534 0.0 0.214285714286
吸引 0.0 0.0950315190598 0.284936479129 0.475596851592 0.865105974195 0.202675869204 0.0 0.447368421053
拿下 0.0 0.166364149094 0.0689655172414 0.493823540118 0.92600833423 0.496478933659 0.0533333333333 0.0
难以 0.0 0.111122758049 0.277051129608 0.594877113562 0.822971621195 0.150234436671 0.0 0.431034482759
荒野 0.0 0.40996185746 0.172413793103 0.609885082065 0.926588547298 0.328596603969 0.0266666666667 0.214285714286
蓝洞 3.0 0.263979069221 0.241379310345 0.464729477111 0.915607372379 0.528875005394 0.025850340136 0.295918367347
优化 0.0 0.130957380351 0.0689655172414 0.500283148816 0.927661148457 0.520405137392 0.0 0.0
生产 0.0 0.231002236863 0.0689655172414 0.51522320162 0.663216642376 0.603833058466 0.0 0.0
上线 0.0 0.187095191697 0.172413793103 0.471311899858 0.927190806122 0.54166593406 0.0380952380953 0.214285714286
外挂 0.0 0.378560207621 0.183537263626 0.517363969734 0.834251940846 0.457474659006 0.0154838709677 0.306451612903
传统 0.0 0.091097811595 0.356500737958 0.562041582786 0.897717574589 0.125508216393 0.0 0.550583657588
系统 0.0 0.150545829553 0.0689655172414 0.0798843689011 0.914691346134 0.584161694564 0.0 0.0
使用 0.0 0.245295574405 0.0689655172414 0.189073924649 0.956551548676 0.712786959091 0.0 0.0
优势 0.0 0.168508482562 0.0689655172414 0.362681150339 0.95225495101 0.581295008497 0.0133333333333 0.0
生存 0.0 0.141922038349 0.131661442006 0.485406635965 0.906410186379 0.398833485564 0.0 0.227272727273
数量 0.0 0.121526809353 0.172413793103 0.329179539072 0.937249536367 0.467566298754 0.0 0.214285714286
类似 0.0 0.131263443846 0.0689655172414 0.458386511369 0.946281334319 0.54494285496 0.0 0.0
正版 0.0 0.244807282234 0.194050033807 0.760732499003 0.705173155804 0.355539862432 0.049934640523 0.303921568627
游戏 0.0 0.261251060343 0.159432048681 0.36599470466 0.946345054546 0.553936847754 0.110431372549 0.358823529412
人数 0.0 0.133102414459 0.172413793103 0.38010456133 0.93394113817 0.424852844788 0.0 0.214285714286
达成 0.0 0.124544052616 0.277051129608 0.698350958115 0.772484146314 0.191355356109 0.0 0.431034482759
求生 0.0 0.0314259532419 0.251231527094 0.246474772074 0.943939945863 0.370234547666 0.401088435374 0.438775510204
要求 0.0 0.176217700186 0.0689655172414 0.292645862318 0.99404573181 0.573513012416 0.0 0.0
服务器 0.0 0.165551603473 0.172413793103 0.400622837158 0.946945088866 0.613640308587 0.0 0.0
微博 0.0 0.118140285738 0.172413793103 0.345682610905 0.879733501762 0.457534442644 0.0 0.214285714286
现在 0.0 0.244736036891 0.0689655172414 0.285108837007 0.983294269657 0.706450237435 0.0 0.0
尤其 0.0 0.119687014962 0.0689655172414 0.367287847063 0.951176192445 0.388797828075 0.0 0.0
部门 0.0 0.213590640689 0.31550802139 0.636715587228 0.849945503259 0.290022361076 0.00748663101602 0.558823529412
电竞 0.0 0.310088742003 0.210953346856 0.501181184765 0.898145358478 0.55588865066 0.0 0.205882352941
品类 0.0 0.234055200422 0.0689655172414 0.68215645964 0.885633043223 0.577117888277 0.0 0.0
晚上 0.0 0.143793298506 0.193548387097 0.402441241645 0.964606679769 0.108105298636 0.0133333333333 0.451612903226
同样 0.0 0.165802361205 0.0689655172414 0.329814581297 0.97984904403 0.644646712269 0.0 0.0
购买 0.0 0.150697116714 0.0689655172414 0.368073283335 0.963077568075 0.59097686989 0.0 0.0
研发 0.0 0.108810030258 0.277051129608 0.452295242994 0.877420594437 0.22122247853 0.0 0.431034482759
排行榜 0.0 0.144253580283 0.172413793103 0.477891600704 0.905186724426 0.531751033536 0.0 0.0
提升 0.0 0.116600045799 0.0689655172414 0.329934657436 0.951867197059 0.561542233554 0.0 0.0
吃鸡 0.0 0.142089235935 0.131661442006 0.531015436672 0.915731594773 0.462687739046 0.0 0.227272727273
阶段 0.0 0.173452358386 0.0689655172414 0.394933223483 0.96384126717 0.589956597341 0.0 0.0
之后 0.0 0.281983133805 0.0689655172414 0.266061141344 0.984462512467 0.689795668014 0.0 0.0
摩托车 0.0 0.250589801664 0.172413793103 0.686303641863 0.423756453854 0.579411190764 0.0 0.0
正版+PUBG 0.0 0.34842092042 0.153193894856 0.743291641198 0.700428621005 0.404640208031 0.04087431694 0.254098360656
绝地+求生 3.0 0.0168741872848 0.208649912332 0.235121895263 0.950105869697 0.423081515297 0.46418079096 0.322033898305
刺激+战场 1.0 0.394053859908 0.165517241379 0.626871446708 0.81845875947 0.367387853067 0.048 0.2
战术+竞技 0.0 0.253985643713 0.173345759553 0.564213447228 0.866627417262 0.434715607333 0.0216216216216 0.256756756757
腾讯+游戏 0.0 0.380428078944 0.166896551724 0.471431494242 0.944566723832 0.627997556002 0.215466666667 0.26
腾讯+宣布 0.0 0.358185894645 0.189655172414 0.514037875944 0.927357615257 0.501507731149 0.177777777778 0.25
工作+室群 0.0 0.114307166842 0.316868592731 0.640295680518 0.668267720919 0.300760677708 0.0 0.513513513514
PUBG+公司 0.0 0.427315389706 0.153193894856 0.551020642256 0.920424456705 0.543740700049 0.0155191256831 0.254098360656
光子+工作室 3.0 0.157458160693 0.254955199565 0.703838692252 0.785917686952 0.395483655808 0.00913385826769 0.263779527559
工作室+群 0.0 0.126015606054 0.290398918188 0.697037965771 0.756534339037 0.359824806343 0.0098039215686 0.328431372549
手+游 0.0 0.12436511903 0.144016227181 0.639860746284 0.894351829065 0.261455898051 0.0501960784315 0.647058823529
光子+工作 0.0 0.147853262691 0.262068965517 0.645320256897 0.682750555559 0.353769076581 0.00299999999999 0.4
端+游 0.0 0.130068932386 0.113233923579 0.615645913687 0.897646098135 0.347943403061 0.0306306306307 0.5
正版+手游 0.0 0.399346201804 0.166896551724 0.64241606535 0.843418788385 0.467063627543 0.0714666666667 0.26
手游+中 0.0 0.302758465117 0.163457232423 0.632631876996 0.83766613191 0.42385920809 0.0491774891774 0.37012987013
游戏+开发 0.0 0.211740226269 0.166896551724 0.452903129612 0.95290369163 0.566694524237 0.0832000000001 0.26
联合+出品 0.0 0.111052623372 0.206896551724 0.659733344818 0.826918816008 0.336819675541 0.0266666666667 0.285714285714
吃+鸡 0.0 0.140084660829 0.246551724138 0.418242235487 0.923612725221 0.296831737766 0.321666666667 0.85
游戏+已经 0.0 0.192300678447 0.166896551724 0.430238209662 0.932781551531 0.622236393696 0.0832000000001 0.26
游戏+模式 0.0 0.220711461324 0.166896551724 0.39697811266 0.936601010692 0.568772734969 0.0928000000001 0.26
游戏+中 0.0 0.266249043025 0.163457232423 0.360929715558 0.9513116261 0.549534802318 0.101125541126 0.37012987013
入+局 0.0 0.100380022373 0.103448275862 0.607033689663 0.872481415125 0.368167442266 0.0133333333333 0.5
国服+代理 0.0 0.195109352907 0.206896551724 0.558881505845 0.891207544918 0.42523938856 0.0495238095239 0.285714285714
中国+市场 0.0 0.352146233965 0.189655172414 0.504580445205 0.949780472786 0.581830756606 0.0322222222222 0.25
王者+荣耀 1.0 0.451944957484 0.165517241379 0.568244052343 0.945301451407 0.434823912621 0.044 0.2
PC+端 0.0 0.127709927973 0.128442490164 0.585571732049 0.873168603282 0.350689930031 0.0 0.5
游戏+体验 0.0 0.215742552409 0.166896551724 0.347398381247 0.963074043247 0.5748305893 0.0832000000001 0.26
吃+鸡手 0.0 0.0602664831117 0.233122875182 0.612809505545 0.888658095686 0.293440876598 0.186666666667 0.647887323944
鸡手+游 0.0 0.0798231625947 0.233122875182 0.665136153186 0.886833821345 0.283386187803 0.0608450704226 0.647887323944
鸡+游戏 0.0 0.270087231595 0.201429772918 0.381325280752 0.924668525643 0.508515832373 0.113821138211 0.506097560976
游戏+市场 0.0 0.327929498806 0.166896551724 0.486678363833 0.94453346593 0.640341859541 0.0970666666667 0.26
移动+端 0.0 0.11718982953 0.125026443833 0.492919798376 0.909761532106 0.437808063808 0.0 0.346625766871
射击+类 0.0 0.154049127272 0.187042842215 0.498641442014 0.936325241472 0.396468314883 0.00161616161616 0.348484848485
类+游戏 0.0 0.241949894457 0.222977040158 0.450069648922 0.881165189401 0.503987674332 0.0904405652536 0.495012468828
广大+玩家 0.0 0.150287309422 0.225152129817 0.444472390619 0.911052980473 0.469846314594 0.00705882352942 0.367647058824
吃+鸡手游 0.0 0.0938250298088 0.239911958914 0.532222204627 0.89807624829 0.33685642798 0.215035460993 0.5
12月+1日 0.0 0.060756932246 0.206896551724 0.722720254633 0.779828643182 0.252599419617 0.0 0.5
英雄+联盟 0.0 0.34094154035 0.165517241379 0.46175836735 0.935544106499 0.373218484776 0.0 0.2
射击+游戏 0.0 0.178675845073 0.166896551724 0.442804061853 0.949340169318 0.547855309283 0.0832000000001 0.26
手机+游戏 0.0 0.201770425182 0.166896551724 0.453614504871 0.946841039174 0.57853688966 0.0864000000001 0.26
游戏+里 0.0 0.216239750151 0.163457232423 0.305370890966 0.92094448079 0.535612758466 0.102510822511 0.37012987013
鸡+手 0.0 0.103930169742 0.176043557169 0.673458763516 0.873447196782 0.181092353164 0.0392982456141 0.763157894737
竞技+游戏 0.0 0.199577708114 0.240365111562 0.515348358886 0.848844280257 0.478597347457 0.0823529411766 0.411764705882
吸引+用户 0.0 0.166946163218 0.262068965517 0.478500517047 0.890711514368 0.33546401366 0.00299999999999 0.4
手游+市场 0.0 0.453107275268 0.166896551724 0.553107842908 0.873049546112 0.546687435374 0.0511999999999 0.26
国服+版 0.0 0.156935891174 0.208812260536 0.541440923716 0.892524064774 0.368151315663 0.0211111111111 0.361111111111
腾讯+代理 3.0 0.448588349568 0.189655172414 0.479420460345 0.952486873798 0.56636324317 0.181111111111 0.25
98+元 0.0 0.0531634881066 0.0689655172414 0.464345447182 0.930109349117 0.283281096169 0.0 0.5
两+款 0.0 0.251714227254 0.206896551724 0.590884945917 0.913294591271 0.352426757391 0.0 0.645161290323
腾讯+已经 0.0 0.393966347247 0.189655172414 0.50410659163 0.951986489691 0.598680199999 0.135555555555 0.25
荒岛+特训 0.0 0.193020820038 0.23275862069 0.776964027977 0.658098002701 0.2381737684 0.0 0.416666666667
光荣+使命 0.0 0.382974354053 0.189655172414 0.620389126592 0.909434758432 0.309050645971 0.00333333333332 0.25
游戏+内容 0.0 0.17913538583 0.166896551724 0.421924067034 0.920745818145 0.549537252719 0.0832000000001 0.26
进行+调整 0.0 0.134553605419 0.262068965517 0.608149508909 0.826532412684 0.287047258374 0.00599999999998 0.4
款+手游 0.0 0.305897567506 0.163457232423 0.634089273395 0.839787110842 0.428345299967 0.0477922077921 0.37012987013
中国+玩家 0.0 0.251760222171 0.173345759553 0.434143707205 0.952466558424 0.607209283826 0.025945945946 0.256756756757
直播+平台 0.0 0.198834341522 0.184599429609 0.41071360351 0.944192211036 0.521182535296 0.00330827067668 0.251879699248
PC+游戏 0.0 0.248675818464 0.159755565255 0.377427835043 0.944203613602 0.537232126609 0.103628691983 0.367088607595
魔兽+世界 0.0 0.130304288278 0.206896551724 0.603766474706 0.877410419631 0.356046114172 0.00571428571427 0.285714285714
电竞+俱乐部 0.0 0.246224280347 0.271805273834 0.523298986167 0.872747388985 0.476225335927 0.0 0.294117647059
款+游戏 0.0 0.280146001715 0.201429772918 0.471021708801 0.928605081129 0.508789231469 0.0845528455285 0.506097560976
定制+版 0.0 0.138955336765 0.289804673535 0.938255240413 0.134406456206 0.138654600136 0.00774112472508 0.59425070688
GTX1070Ti-8GD5TYLOO+吃 0.0 0.114806572336 0.660964453326 0.865889788058 0.212325669929 0.13204092554 0.137344294462 0.677509388004
吃+鸡战队 0.0 0.136424031297 0.544359169588 1.0 0.0 0.0464431792032 0.0 0.738435060029
鸡战队+联名 0.0 0.134592882949 0.490197945556 1.0 0.0 0.0360277448214 0.0 0.757162581981
联名+定制 0.0 0.134768872464 0.401561043802 1.0 0.0 0.0689477502731 0.002759009009 0.639358108108
平均+帧数 0.0 0.266923961204 0.189655172414 0.629858452912 0.356734006066 0.362042282543 0.0 0.25
素质+广场 0.0 0.147970451576 0.310344827586 0.82100105262 0.181086963444 0.218756752916 0.0 0.5
Steam+平台 0.0 0.169985837453 0.170858179933 0.440541878015 0.943745248405 0.488191528435 0.0 0.251879699248
游戏+玩家 0.0 0.194123257686 0.240365111562 0.427239837897 0.92020087669 0.591437069441 0.0823529411766 0.411764705882
大吉+大利 0.0 0.168621997281 0.165517241379 0.393753853088 0.980280404972 0.240479882988 0.04 0.2
晚上+吃 0.0 0.131465966238 0.194942528736 0.379317685995 0.963047109601 0.156009508906 0.144888888889 0.506666666667
数据+显示 0.0 0.1610089745 0.165517241379 0.465579077176 0.94194057054 0.421793547707 0.0 0.2
正式+上线 0.0 0.162638307181 0.189655172414 0.452372901101 0.925819975674 0.514536958199 0.0288888888889 0.25
蓝洞+公司 3.0 0.344220140339 0.179197286603 0.485146008921 0.940728333683 0.582483170437 0.024043715847 0.254098360656
现实+中 0.0 0.110927417906 0.227439471753 0.484357605636 0.861022303012 0.303955256619 0.00907801418437 0.574468085106
前+苏联 0.0 0.132058284605 0.144200626959 0.570075273656 0.511290349895 0.432270027604 0.0133333333333 0.272727272727
现象+级 0.0 0.239415873711 0.233242929097 0.51840530989 0.920198814648 0.387036514746 0.0133333333333 0.494382022472
级+游戏 0.0 0.213058486725 0.222977040158 0.507754640573 0.915317506895 0.47453100754 0.0936325852037 0.495012468828
独家+代理 0.0 0.15871278654 0.282608695652 0.596651911582 0.840407797257 0.300253512923 0.0856521739131 0.391304347826
战略+合作 0.0 0.157514303521 0.262068965517 0.643745180265 0.823271942447 0.301205867174 0.0 0.4
今晚+吃 0.0 0.0716433631378 0.23645320197 0.339513427049 0.914837217868 0.169802364935 0.194074074074 0.666666666667
游戏+厂商 3.0 0.252354951093 0.166896551724 0.446723347779 0.939995525441 0.616315461195 0.0864000000001 0.26
玩家+数量 0.0 0.150401559596 0.173345759553 0.35334878314 0.943179658188 0.517970567526 0.00648648648649 0.256756756757
手机+端 0.0 0.139684331446 0.189189189189 0.535015235122 0.832116463324 0.402307913882 0.00360360360359 0.364864864865
国内+游戏 0.0 0.181235483815 0.375105130362 0.507994116226 0.874639524072 0.328654692235 0.00585365853659 0.634146341463
游戏+行业 0.0 0.234663015276 0.166896551724 0.435122675692 0.925980000497 0.593586073517 0.0906666666667 0.26
网络+游戏 0.0 0.184739219185 0.166896551724 0.436456892907 0.929021072163 0.569491984743 0.0832000000001 0.26
新浪+财经 0.0 0.0953316679112 0.316868592731 0.667976769536 0.784032894206 0.0979067016899 0.0 0.513513513514
财经+股吧 0.0 0.0892140294565 0.316868592731 0.667976769536 0.784032894206 0.0867502695777 0.0 0.513513513514
受+欢迎 0.0 0.0687061709403 0.206896551724 0.433409326331 0.949245696633 0.247020549127 0.0 0.5
逃杀+类 0.0 0.166007656195 0.208812260536 0.502073160744 0.889237588308 0.309427678255 0.0174074074074 0.361111111111
TechWeb+报道 0.0 0.110603457848 0.228352490422 0.389782134093 0.731281847227 0.249225830309 0.0 0.288888888889
代理+国服 0.0 0.195109352907 0.206896551724 0.558881505845 0.891207544918 0.42523938856 0.0495238095239 0.285714285714
段+时间 0.0 0.146191562306 0.144200626959 0.416517286384 0.952134392061 0.486148337385 0.0 0.272727272727
手机+版 0.0 0.139082192881 0.189189189189 0.530680780528 0.81119151474 0.39859389646 0.00360360360359 0.364864864865
正式+宣布 0.0 0.149088263463 0.189655172414 0.449660061672 0.927924100839 0.466065623679 0.0455555555555 0.25
款+吃鸡 0.0 0.15134372335 0.145717463849 0.56766125089 0.915891103961 0.412651938793 0.0 0.338709677419
类+手游 0.0 0.312174924391 0.163457232423 0.619946911426 0.84218473557 0.420539923675 0.0477922077921 0.37012987013
名+玩家 0.0 0.125263285456 0.226975120035 0.471540841307 0.924501277526 0.389025540995 0.00675105485233 0.506329113924
新+模式 0.0 0.174950466676 0.208812260536 0.416102146005 0.861180766299 0.421993971024 0.0155555555555 0.361111111111
代理+运营权 0.0 0.140004952941 0.386845769514 0.628418808072 0.815579392911 0.253328086247 0.0608392715757 0.526128266033
2000万+份 0.0 0.0531634881066 0.241379310345 0.525142150058 0.855730865402 0.158596984736 0.0 0.5
游戏+公司 0.0 0.243405352295 0.166896551724 0.484495765194 0.928649403647 0.601784977474 0.0896000000001 0.26
100+名 0.0 0.0594964825429 0.206896551724 0.602234472799 0.917311299304 0.139618759823 0.0 0.673076923077
游戏+直播 0.0 0.196146093609 0.166896551724 0.45962621635 0.91973524401 0.571224036109 0.0864000000001 0.26
荒野+行动 0.0 0.368138561571 0.189655172414 0.600108457474 0.916739296212 0.313724860624 0.0222222222222 0.25
游戏+进行 0.0 0.189947388902 0.166896551724 0.485564320467 0.895265961403 0.567245828754 0.0864000000001 0.26
AppStore+免费 0.0 0.122784986006 0.213362068966 0.706758502759 0.827944512802 0.361994322986 0.0 0.25390625
免费+榜 0.0 0.107675528267 0.220329594239 0.72516166316 0.800953520127 0.332762132424 0.0 0.359437751004
生存+类 0.0 0.156300337667 0.16091954023 0.497881939526 0.905701601689 0.365194905242 0.00177777777777 0.333333333333
PC+版 0.0 0.113980701865 0.149425287356 0.672747525615 0.597730096223 0.258069269634 0.00814814814813 0.5
穿越+火线 0.0 0.14336808882 0.165517241379 0.731412930375 0.855240175196 0.280105550439 0.0 0.2
类型+游戏 0.0 0.0996558271188 0.294756731223 0.517466331371 0.897026205751 0.327098015034 0.0 0.520547945205
中国+经济 0.0 0.189208094947 0.316868592731 0.719922388617 0.62513551479 0.288570238821 0.0194594594595 0.513513513514
经济+周刊 0.0 0.107931716057 0.396551724138 0.905156067289 0.40048078454 0.0623038922261 0.0 0.678571428571
游戏+工委 0.0 0.203474763383 0.199611461875 0.471120832469 0.91006655287 0.490497946938 0.0878873239437 0.37323943662
总局+业务 0.0 0.194247370936 0.262068965517 0.631078447013 0.841126145478 0.259323520234 0.00599999999998 0.4
业务+主管 0.0 0.186483996788 0.375105130362 0.640890450385 0.830509458101 0.245754500466 0.00292682926829 0.634146341463
主管+部门 0.0 0.258656157033 0.262068965517 0.608993453035 0.876029695234 0.359548692697 0.00999999999997 0.4
军事+演习 0.0 0.0732047607053 0.310344827586 0.594776997797 0.840898221376 0.28692714324 0.0 0.5
相关+指导 0.0 0.110982677751 0.262068965517 0.649428367009 0.825112178935 0.21265025391 0.0 0.4
指导+意见 0.0 0.0831806082855 0.316868592731 0.699521512036 0.805803330622 0.121138325951 0.0 0.513513513514
确保+符合 0.0 0.0916188233533 0.250783699059 0.706606377689 0.765243280324 0.0884515169509 0.0 0.454545454545
核心+价值观 0.0 0.125912883565 0.299664327128 0.568792690373 0.904427047983 0.26220039311 0.0 0.29203539823
传统+文化 0.0 0.100461025022 0.262068965517 0.573624666163 0.900089854587 0.144155004343 0.0 0.4
文化+习惯 0.0 0.096259025362 0.316868592731 0.593521986451 0.887666028984 0.0787191823434 0.0 0.513513513514
道德+规范 0.0 0.0877982042883 0.353151010701 0.590630585426 0.878692312806 0.0190102492816 0.0 0.655172413793
玩+家中 0.0 0.064976802674 0.206896551724 0.400454331206 0.931602656253 0.278373433773 0.0 0.5
逃杀+游戏 0.0 0.219808792593 0.166896551724 0.397244211506 0.905052086735 0.495033451511 0.100266666667 0.26
手游+产品 0.0 0.366970812892 0.166896551724 0.593057736412 0.853107754997 0.496416430069 0.0415999999999 0.26
游戏+类型 0.0 0.0996558271188 0.294756731223 0.517466331371 0.897026205751 0.327098015034 0.0 0.520547945205
守望+先锋 0.0 0.0743840934849 0.310344827586 0.744327699424 0.783491446601 0.193823747047 0.0 0.5
空降+竞技 0.0 0.232656532156 0.225152129817 0.68980322865 0.657711790183 0.373394873155 0.0117647058824 0.367647058824
11月+22日 0.0 0.151602185532 0.165264928511 0.539060711683 0.874447277239 0.357720210846 0.0 0.335365853659
宣布+代理 0.0 0.171410887817 0.189655172414 0.518366101796 0.906209433533 0.395798100456 0.0766666666668 0.25
竞技+类 0.0 0.202448053814 0.249955333214 0.557933569591 0.768649953112 0.334574632152 0.0117443868739 0.49481865285
外+挂 0.0 0.117663526285 0.103448275862 0.579746844245 0.752321683337 0.348121487663 0.0 0.5
反+外挂 0.0 0.347032552284 0.184304399524 0.522477416324 0.826561713556 0.442650505083 0.0137931034483 0.327586206897
逃杀+模式 0.0 0.235892873431 0.173345759553 0.490375982975 0.91407064918 0.412927215105 0.0227027027027 0.256756756757
达成+战略 0.0 0.125456629844 0.262068965517 0.689746295809 0.785429628436 0.222417719601 0.0 0.4
国服+提供 0.0 0.16944194275 0.173345759553 0.500520696616 0.842825044945 0.374481786455 0.0162162162162 0.256756756757
外挂+打击 3.0 0.278398706572 0.173345759553 0.518875271172 0.825937671257 0.408327220923 0.00972972972973 0.256756756757
符合+相关 0.0 0.122444906609 0.262068965517 0.638448625133 0.793651751431 0.203873979159 0.0 0.4
相关+规定 0.0 0.0975926848567 0.316868592731 0.664886649062 0.784863366823 0.149041308601 0.0 0.513513513514
内容+进行 0.0 0.153856783571 0.262068965517 0.595599626551 0.808981181786 0.31629335618 0.00299999999999 0.4
进一步+突出 0.0 0.0783450474398 0.403250099088 0.714751038798 0.743032221141 0.124054544107 0.0 0.509195402299
突出+游戏 0.0 0.128616253465 0.311513734658 0.601326926402 0.794147899954 0.295787080352 0.0822598870057 0.505649717514
团队+协作 0.0 0.124386413411 0.288874430709 0.660442767984 0.770135192103 0.187702961493 0.00377358490565 0.528301886792
公平+竞技 0.0 0.135492214063 0.297640653357 0.672663964239 0.738106215362 0.177633633609 0.00631578947369 0.513157894737
竞技+属性 0.0 0.1380905166 0.297640653357 0.672663964239 0.738106215362 0.187917811634 0.00631578947369 0.513157894737
合作+伙伴 0.0 0.15748152005 0.280172413793 0.613067496655 0.846947519597 0.294439596218 0.0 0.4375
在线+人数 0.0 0.12113221856 0.165517241379 0.353261055935 0.937615085332 0.424445599529 0.0 0.2
西山+居 0.0 0.0925504260589 0.206896551724 0.649065292176 0.783597851573 0.27237588037 0.0 0.5
广电+总局 3.0 0.213368316827 0.262068965517 0.630649311975 0.838073220705 0.32562981033 0.013 0.4
存在+大量 0.0 0.107098851963 0.262068965517 0.560583935429 0.896808894098 0.324155559057 0.0 0.4
大量+血腥 0.0 0.0851431363608 0.316868592731 0.619509366949 0.863943214669 0.211491081431 0.0 0.513513513514
暴力+内容 0.0 0.111274383823 0.244514106583 0.587888072373 0.847615240465 0.243902383748 0.0 0.363636363636
否定+态度 0.0 0.151608080378 0.206896551724 0.614068573498 0.869645760167 0.278346583494 0.0 0.285714285714
建议+国内 0.0 0.174770291817 0.316868592731 0.507202227998 0.863549969318 0.313970639824 0.00648648648649 0.513513513514
游戏+企业 0.0 0.128322817654 0.375105130362 0.423605285069 0.848502549361 0.310047301628 0.0760975609757 0.634146341463
企业+不宜 0.0 0.0640435806677 0.437386569873 0.456732903143 0.813573314141 0.0443451391986 0.0 0.763157894737
不宜+安排 0.0 0.0610329104842 0.437386569873 0.451270819812 0.812708452715 0.00457074578876 0.0 0.763157894737
安排+研发 0.0 0.0891181092699 0.316868592731 0.45187301452 0.850748698187 0.13004294346 0.0 0.513513513514
引进+此类 0.0 0.125892359019 0.316868592731 0.470319631239 0.830200923946 0.139232810434 0.0 0.513513513514
此类+游戏 0.0 0.141920022556 0.375105130362 0.485270393378 0.827338506879 0.167580784539 0.0 0.634146341463
保持+密切 0.0 0.0889134057412 0.206896551724 0.542236609526 0.877247169816 0.261228084202 0.0 0.285714285714
游戏+产品 0.0 0.224255128062 0.166896551724 0.541041884057 0.882502254733 0.554266724184 0.0832000000001 0.26
港股+模拟 0.0 0.0767508800122 0.396551724138 0.620982960621 0.529857658132 0.0838031520182 0.0 0.678571428571
模拟+大赛 0.0 0.0767508800122 0.396551724138 0.620982960621 0.529857658132 0.0811567366913 0.0 0.678571428571
60万+大奖 0.0 0.0767508800122 0.275862068966 0.620982960621 0.529857658132 0.0493997527686 0.0 0.5
最高+时速 0.0 0.173063191514 0.206896551724 0.40542670913 0.623443984867 0.391276435221 0.0 0.285714285714
游戏+主播 0.0 0.16470555265 0.166896551724 0.445473610565 0.896222531164 0.537101685815 0.0832000000001 0.26
K+哥 0.0 0.16292907669 0.0344827586207 1.0 0.0 0.14245453022 0.0 0.5
11月+8日 0.0 0.15912680804 0.156626506024 0.510137531744 0.889257265742 0.37915135113 0.0 0.331325301205
官方+微博 0.0 0.14714211627 0.165517241379 0.316772254895 0.886523074045 0.504542690706 0.00800000000001 0.2
国家+新闻 0.0 0.089604753601 0.316868592731 0.516046567169 0.852322228437 0.218801477127 0.0 0.513513513514
新闻+出版 0.0 0.131766638722 0.375105130362 0.59902841509 0.822502913097 0.192459180243 0.0 0.634146341463
严重+偏离 0.0 0.0531634881066 0.396551724138 0.647849742917 0.821598016682 0.0614558698043 0.0 0.678571428571
偏离+我国 0.0 0.0531634881066 0.446684350132 0.647849742917 0.821598016682 0.0523538291631 0.0 0.723076923077
利于+青少年 0.0 0.064280851418 0.556467797847 0.63330478698 0.832796906467 0.0260547028867 0.0 0.671957671958
青少年+消费者 0.0 0.0625072487378 0.608040957687 0.641247349163 0.826681530189 0.0160434213617 0.0 0.729257641921
CF+手游 0.0 0.313825178794 0.159755565255 0.638024309616 0.81277100754 0.424906844667 0.0489451476792 0.367088607595
最低+帧数 0.0 0.290010663721 0.189655172414 0.690637786073 0.324520514637 0.343580606131 0.0 0.25
画质帧率+表现 0.0 0.218682101888 0.337931034483 0.705111998216 0.394696451943 0.363388953328 0.00533333333332 0.3
★+★ 0.0 0.194339045417 0.103448275862 1.0 0.0 0.114377417615 0.0 0.5
开发商+蓝洞 2.0 0.207824600013 0.25073056692 0.473597069025 0.908854748573 0.507036113636 0.0146892655367 0.245762711864
测试+此类 0.0 0.161648802597 0.262068965517 0.460937456906 0.853567165588 0.261655161569 0.0 0.4
游戏+方式 0.0 0.154106780734 0.166896551724 0.382623108158 0.906645507266 0.462361255868 0.0832000000001 0.26
方式+吸引 0.0 0.102016867753 0.262068965517 0.440181629964 0.875872414588 0.255148808829 0.0 0.4
难以+获得 0.0 0.131004803451 0.262068965517 0.547895697817 0.851528718321 0.233759253244 0.00600000000001 0.4
获得+出版 0.0 0.149204171985 0.375105130362 0.612751221444 0.823300093032 0.123814945885 0.0 0.634146341463
出版+运营 0.0 0.125352348693 0.375105130362 0.609267432486 0.841108552843 0.165794987705 0.0 0.634146341463
运营+许可 0.0 0.131371363021 0.316868592731 0.611329869381 0.842947702927 0.188849685279 0.0 0.513513513514
使命+行动 0.0 0.335309208718 0.189655172414 0.597062037692 0.904215695548 0.2973170288 0.00666666666667 0.25
游戏+业务 0.0 0.19712872728 0.166896551724 0.540518350223 0.790124243063 0.475370939915 0.0906666666667 0.26
免费+游戏 0.0 0.164992394235 0.166896551724 0.552812107896 0.865761215881 0.508966685551 0.0832000000001 0.26
游戏+出版 0.0 0.203491182876 0.166896551724 0.522210595804 0.881223449449 0.465220286716 0.0832000000001 0.26
工作+委员会 0.0 0.10260211405 0.285145888594 0.598610449874 0.763441717961 0.284775513397 0.0 0.365384615385
出版+广电 0.0 0.12971738612 0.375105130362 0.664751460506 0.806481783382 0.160369936442 0.0 0.634146341463
10月+30日 0.0 0.139843260668 0.152709359606 0.558990431717 0.827247034211 0.338333631833 0.0 0.285714285714
CF+荒岛 0.0 0.185141823895 0.228823088456 0.857088937816 0.414572545183 0.187657912576 0.0 0.486413043478
B5+电竞馆 0.0 0.147224092327 0.275862068966 1.0 0.0 0.334022175785 0.0133333333333 0.5
光子+工作+室群 3.0 0.108595588576 0.334482758621 0.65819133082 0.639097950703 0.279562080012 0.0 0.55
吃+鸡手+游 0.0 0.0770013605031 0.238620689655 0.666829445091 0.885386385686 0.278710972005 0.0597333333333 0.66
吃+鸡+游戏 0.0 0.25848371266 0.194125159642 0.319626323431 0.933017458687 0.542654350733 0.328888888889 0.537037037037
吃+鸡+手 0.0 0.079301110314 0.172413793103 0.572035278497 0.884674519981 0.233017573403 0.27 0.75
鸡+手+游 0.0 0.114014216396 0.172413793103 0.664915078059 0.881436433026 0.206659898593 0.0466666666668 0.75
GTX1070Ti-8GD5TYLOO+吃+鸡战队 0.0 0.135060966325 0.671810947673 1.0 0.0 0.0517910990539 0.0 0.748251748252
吃+鸡战队+联名 0.0 0.135233124536 0.481477166822 1.0 0.0 0.037894160718 0.0 0.751689189189
鸡战队+联名+定制 0.0 0.131519107963 0.49188994353 1.0 0.0 0.0378538974919 0.0 0.759581881533
晚上+吃+鸡 0.0 0.123659997288 0.194125159642 0.363541655519 0.962461152179 0.191307800105 0.232592592593 0.537037037037
现象+级+游戏 0.0 0.230691639618 0.25078369906 0.545578757988 0.91328920118 0.365194883112 0.0133333333333 0.545454545455
今晚+吃+鸡 0.0 0.0740088262799 0.23197492163 0.355854616674 0.913381622435 0.197198401481 0.261991341991 0.746753246753
游戏+的+玩家 0.0 0.189313304445 0.24973876698 0.438932733111 0.914074499385 0.577003617702 0.079191919192 0.439393939394
新浪+财经+股吧 0.0 0.0879710987357 0.334482758621 0.668994107666 0.780711045037 0.0799586070117 0.0 0.55
中国+的+独家 0.0 0.180489520025 0.24016938899 0.587261855396 0.86994754079 0.365934325314 0.0439766081871 0.429824561404
独家+代理+运营权 0.0 0.100714694777 0.395052473763 0.678695970919 0.785825561721 0.151663773115 0.0573913043478 0.554347826087
100+名+玩家 0.0 0.11436431094 0.194125159642 0.51290432998 0.933321584352 0.330123029148 0.00592592592593 0.537037037037
两+款+游戏 0.0 0.308542619487 0.194125159642 0.492396322242 0.927954594932 0.505622419758 0.0770370370371 0.537037037037
中国+经济+周刊 0.0 0.17234153592 0.334482758621 0.797265585123 0.516627243568 0.212129725299 0.016 0.55
总局+业务+主管 0.0 0.171238024175 0.334482758621 0.655625363383 0.824464114959 0.201700650734 0.00266666666666 0.55
业务+主管+部门 0.0 0.226867012507 0.334482758621 0.629998621347 0.846814084255 0.306974001715 0.00599999999998 0.55
公司+遵循+主管 0.0 0.245925468242 0.270114942529 0.637758233204 0.856554914192 0.334806387926 0.00952380952381 0.440476190476
部门+的+相关 0.0 0.189707640493 0.24016938899 0.602584444499 0.862032253888 0.319943983476 0.00538011695905 0.429824561404
相关+指导+意见 0.0 0.0789418141789 0.334482758621 0.714236950781 0.793453185877 0.0979190582673 0.0 0.55
符合+社会主义+核心 0.0 0.109958971298 0.471264367816 0.586137577684 0.870929633621 0.211118770564 0.0 0.583333333333
中华民族+的+传统 0.0 0.0898906826177 0.423070190793 0.566654384154 0.894647871364 0.119535033081 0.0 0.642131979695
传统+文化+习惯 0.0 0.0940114341127 0.334482758621 0.593007959602 0.886070701663 0.0707359277044 0.0 0.55
习惯+与+道德 0.0 0.0848201524554 0.410243407708 0.590630585426 0.878692312806 0.0104734054785 0.0 0.801470588235
竞技+类+游戏 0.0 0.163722502547 0.302463054187 0.567029796549 0.780920538212 0.275309091626 0.00304761904761 0.642857142857
类型+的+游戏 0.0 0.0982792802611 0.301477832512 0.51442194746 0.897871227424 0.320820873561 0.0 0.542857142857
求生+大+逃杀 0.0 0.138431017579 0.252873563218 0.317418120993 0.913606430413 0.30127645192 0.146991869919 0.544715447154
达成+战略+合作 0.0 0.113076140189 0.334482758621 0.686657187697 0.763755612981 0.186107857886 0.0 0.55
中+不+符合 0.0 0.0922707063599 0.257053291536 0.707549653049 0.753705741458 0.0884515169509 0.0 0.545454545455
符合+相关+规定 0.0 0.0896889478313 0.334482758621 0.687215527594 0.756451696371 0.122158313028 0.0 0.55
规定+的+内容 0.0 0.110981741858 0.298408488064 0.6201736719 0.800655912705 0.231252016232 0.0 0.557692307692
内容+进行+调整 0.0 0.106958484517 0.334482758621 0.679294758262 0.761010846051 0.164565534575 0.00266666666666 0.55
进一步+突出+游戏 0.0 0.0745952508295 0.410124724871 0.725990786229 0.732156606919 0.102514678356 0.0 0.542553191489
游戏+的+团队 0.0 0.181628456346 0.271264367816 0.520578755079 0.860404289249 0.444788314277 0.0840000000001 0.533333333333
协作+和+公平 0.0 0.0567488446426 0.410243407708 0.779484113716 0.680396298529 0.0 0.0 0.801470588235
公平+竞技+属性 0.0 0.115880102057 0.334482758621 0.729492917837 0.733272290419 0.128399256475 0.00533333333334 0.55
存在+大量+血腥 0.0 0.075313525728 0.334482758621 0.618905013068 0.858547778536 0.190043284273 0.0 0.55
建议+国内+游戏 0.0 0.166310264171 0.334482758621 0.515059787656 0.864454009232 0.305372582727 0.00533333333334 0.55
国内+游戏+企业 0.0 0.174533905749 0.334482758621 0.497575883053 0.870805687619 0.313465663792 0.00533333333334 0.55
游戏+企业+不宜 0.0 0.119463146186 0.334482758621 0.417800513932 0.844012348576 0.25658933442 0.0693333333334 0.55
企业+不宜+安排 0.0 0.0610329104842 0.431034482758 0.451270819812 0.812708452715 0.0169193169369 0.0 0.75
不宜+安排+研发 0.0 0.0841251850414 0.334482758621 0.451765957683 0.843985987881 0.106924197956 0.0 0.55
引进+此类+游戏 0.0 0.13301703651 0.334482758621 0.473341419972 0.829040440694 0.145691455571 0.0 0.55
港股+模拟+大赛 0.0 0.0767508800122 0.400862068965 0.620982960621 0.529857658132 0.08259021166 0.0 0.6875
国家+新闻+出版 0.0 0.127409818824 0.334482758621 0.568831961119 0.828863474069 0.20086157514 0.0 0.55
款+大+逃杀 0.0 0.156405789882 0.272518865221 0.409466514411 0.891035723821 0.250371545478 0.0162880886426 0.653739612188
严重+偏离+我国 0.0 0.0531634881066 0.436134045653 0.647849742917 0.821598016682 0.0558794305411 0.0 0.718309859155
我国+社会主义+核心 0.0 0.0824670558095 0.540752351097 0.607555384072 0.854986205392 0.1561392771 0.0 0.704545454545
利于+青少年+消费者 0.0 0.0630686734623 0.598170302604 0.638733172321 0.828617320815 0.0191406553153 0.0 0.724489795918
消费者+的+身心健康 0.0 0.0626061907181 0.679615888258 0.650298099221 0.819948904166 0.0245447197183 0.0 0.889240506329
测试+此类+游戏 0.0 0.130660800297 0.334482758621 0.493119950946 0.820920329546 0.154161625409 0.0 0.55
方式+吸引+用户 0.0 0.0790640161069 0.334482758621 0.469108334447 0.846134371384 0.138412906769 0.0 0.55
难以+获得+出版 0.0 0.14352450605 0.334482758621 0.614496073943 0.815054906812 0.10825979282 0.0 0.55
获得+出版+运营 0.0 0.122071345543 0.334482758621 0.605447970404 0.839985547329 0.148507169295 0.0 0.55
出版+运营+许可 0.0 0.125264907218 0.334482758621 0.616513464241 0.837957690959 0.164490098376 0.0 0.55
新闻+出版+广电 0.0 0.125309334907 0.334482758621 0.63619808267 0.812441816111 0.164450014363 0.0 0.55
出版+广电+总局 0.0 0.159204157663 0.334482758621 0.654638904589 0.819281845441 0.213302711685 0.00599999999998 0.55
CF+荒岛+特训 0.0 0.184387638654 0.258620689655 0.851800220187 0.433735603672 0.182160980451 0.0 0.541666666667
