一贯 0.0 0.100706118201 0.375598086125 0.4931355124 0.53927231179 0.088145487825 0.0 0.447368421053
希望 0.0 0.180113750116 0.375598086125 0.457396615431 0.667257209836 0.288476726159 0.0 0.447368421053
明确 0.0 0.135986530797 0.331168831169 0.521272000447 0.661510688588 0.216850036115 0.0 0.438775510204
集团 0.0 0.290082770927 0.227272727273 0.414810258478 0.723883010561 0.480160591157 0.0 0.214285714286
去年 0.0 0.213169221668 0.0909090909091 0.317330504671 0.942514973935 0.581010395461 0.0 0.0
回暖 2.0 0.211710727679 0.0909090909091 0.284909276482 0.925759170386 0.388365511113 0.089552238806 0.0
10月 0.0 0.208910991911 0.243918053777 0.327501684977 0.836093611062 0.398236566938 0.0 0.345070422535
韩联社 0.0 0.178071939894 0.409834035175 0.161440115715 0.918536808669 0.27008612303 0.0 0.309264305177
国际 0.0 0.387423098882 0.0909090909091 0.2537331989 0.95832830292 0.676570623552 0.0 0.0
汽车 0.0 0.401656452521 0.227272727273 0.380565021586 0.571110815163 0.549135127618 0.0 0.214285714286
外交 0.0 0.172744857789 0.349431818182 0.663752265898 0.582365522519 0.277391189679 0.00466417910447 0.453125
轨道 0.0 0.205115806909 0.443488943489 0.552055858578 0.661665144797 0.134383840272 0.0 0.554054054054
国内 0.0 0.170783422949 0.227272727273 0.227587422332 0.899546246717 0.462141410179 0.0 0.214285714286
消息 0.0 0.18845083789 0.173553719008 0.236422012639 0.901196730487 0.443584256625 0.00814111261871 0.227272727273
表明 0.0 0.130336133591 0.331168831169 0.831015413838 0.353006624664 0.129864674259 0.0 0.438775510204
合作 0.0 0.32914752293 0.311188811189 0.527158919378 0.731067350997 0.290990798526 0.0195177956372 0.346153846154
同盟 0.0 0.195426388098 0.227272727273 0.46439575458 0.772448524518 0.280954581821 0.0 0.214285714286
承诺 0.0 0.151473361056 0.485678704857 0.505283190465 0.565929746584 0.197786166923 0.0179922306277 0.438356164384
商定 0.0 0.137458081619 0.331168831169 0.71864921539 0.502975842553 0.112845300451 0.0459945172099 0.438775510204
体系 0.0 0.152522925629 0.415896937287 0.466232361897 0.692088837375 0.192358613008 0.0179583366589 0.558823529412
落到实处 0.0 0.127769733694 0.658536585366 0.551501727575 0.481764169067 0.104409771887 0.00800873680377 0.463414634146
关系 0.0 0.359347152587 0.220779220779 0.297089859736 0.914744473378 0.495746009102 0.235963041933 0.357142857143
解决 0.0 0.185572690375 0.321678321678 0.635802178328 0.519568866437 0.226609553338 0.00459242250286 0.461538461538
努力 0.0 0.181547465031 0.227272727273 0.47268302086 0.792422690175 0.37897720243 0.0 0.214285714286
导弹 0.0 0.211819777241 0.365203761756 0.125914322851 0.879964055974 0.378705565807 0.0 0.431034482759
积极 0.0 0.260512847914 0.0909090909091 0.38445779426 0.81948361669 0.634089974393 0.0149253731343 0.0
已经 0.0 0.255024724368 0.0909090909091 0.0942164058284 0.983235405837 0.733546919512 0.0 0.0
24日 0.0 0.298709421306 0.0454545454545 0.348744000886 0.819286673732 0.499765788432 0.0 0.0
损失 0.0 0.300197649332 0.0909090909091 0.306045851327 0.899763065281 0.567670795898 0.0 0.0
乐天 0.0 0.426593807999 0.281818181818 0.583916521964 0.565686457043 0.453044877123 0.0119402985075 0.3
影响 2.0 0.352966591542 0.0909090909091 0.184072324305 0.983840258999 0.670179508219 0.0597014925373 0.0
萨德 0.0 0.0715498846413 0.281818181818 0.218712093427 0.871742012997 0.440185410037 0.471641791045 0.3
减少 0.0 0.232000595878 0.227272727273 0.305923100191 0.840209050075 0.447190463845 0.0 0.214285714286
正在 0.0 0.220986646543 0.0909090909091 0.120343548314 0.971365625072 0.631329641475 0.0 0.0
旅行社 0.0 0.230849696759 0.227272727273 0.677214834178 0.8294760828 0.582229165465 0.0 0.0
酒店 0.0 0.469306390985 0.365203761756 0.712576746706 0.401118232827 0.34345458537 0.0123520329388 0.431034482759
游客 3.0 0.534200337728 0.311188811189 0.498317138529 0.820050435936 0.412514038287 0.0378874856487 0.346153846154
标题 0.0 0.136779206522 0.173553719008 0.0899844173562 0.935793334828 0.152753764582 0.0 0.227272727273
外长 0.0 0.240531916743 0.249445676275 0.484104418673 0.665531219666 0.330130796318 0.112122315253 0.353658536585
是否 0.0 0.198495195932 0.0909090909091 0.132491525652 0.8464047101 0.599078812661 0.0149253731343 0.0
编辑 0.0 0.138553672299 0.227272727273 0.0177790168429 0.932311979792 0.213696653568 0.0 0.214285714286
同意 0.0 0.184298613625 0.227272727273 0.60266530962 0.671571404852 0.280473412683 0.0149253731343 0.214285714286
地区 0.0 0.246910197812 0.227272727273 0.116940757346 0.763359519011 0.451518093276 0.0 0.214285714286
青瓦台 0.0 0.239504004838 0.227272727273 0.441376497116 0.851544913584 0.57688396138 0.0 0.0
30日 0.0 0.248371711233 0.162337662338 0.419410889641 0.785024194263 0.420449572408 0.0 0.214285714286
经济 0.0 0.287501596239 0.281818181818 0.233242970446 0.881951212476 0.458911369048 0.0119402985075 0.3
推动 0.0 0.214225047249 0.249445676275 0.482245302268 0.720915963496 0.207130505901 0.0167455405897 0.353658536585
恢复 0.0 0.158274390296 0.0909090909091 0.248893387583 0.950684817401 0.625226227975 0.0149253731343 0.0
当天 0.0 0.177987755124 0.0909090909091 0.150270295708 0.956091455436 0.563181310987 0.0 0.0
目前 0.0 0.22519713933 0.0909090909091 0.108757957478 0.973382751679 0.665862396488 0.0 0.0
产品 0.0 0.292754596461 0.0909090909091 0.366954416346 0.948443900097 0.609943790319 0.0149253731343 0.0
国会 0.0 0.115627402676 0.349431818182 0.485136761254 0.571351200305 0.169067905934 0.0 0.453125
战略 0.0 0.205312974316 0.279545454545 0.588957796358 0.646314246435 0.204957201172 0.0 0.35
加强 0.0 0.146011618725 0.279545454545 0.723849079623 0.456315340803 0.151982718196 0.0 0.35
共同 0.0 0.253050967093 0.311188811189 0.57831160693 0.680824882143 0.238722125439 0.0126291618829 0.346153846154
双边 0.0 0.22060203734 0.311188811189 0.567988593142 0.677784182004 0.264235461904 0.0241102181401 0.346153846154
出现 0.0 0.168324646414 0.331168831169 0.296647916883 0.903857772849 0.321843221915 0.0298507462687 0.438775510204
北京 0.0 0.262326444918 0.0909090909091 0.227214490712 0.939219459146 0.620044406328 0.0 0.0
举行 0.0 0.262195804275 0.227272727273 0.324487157084 0.8808560103 0.468294989106 0.0 0.214285714286
包括 0.0 0.154071952928 0.0909090909091 0.1954627812 0.935731410396 0.522422956022 0.0 0.0
实现 0.0 0.11608956559 0.375598086125 0.852688170624 0.293626518343 0.186220721137 0.0 0.447368421053
成为 0.0 0.200102307551 0.227272727273 0.341323039938 0.83641263161 0.4219234912 0.0 0.214285714286
现代 0.0 0.239760551062 0.227272727273 0.466639251417 0.529475667678 0.435558584559 0.0 0.214285714286
此前 0.0 0.197983484047 0.0909090909091 0.283778250185 0.917011310153 0.565942714598 0.0149253731343 0.0
回到 0.0 0.205622338691 0.375598086125 0.617096648941 0.688549837629 0.101560351939 0.0 0.447368421053
活动 0.0 0.323447924687 0.0909090909091 0.262193337681 1.0 0.668457331504 0.0 0.0
重视 0.0 0.123998536883 0.279545454545 0.587648891967 0.561582830269 0.180351629324 0.00447761194029 0.35
反导 0.0 0.153200040146 0.311188811189 0.276714778676 0.853530017071 0.239939377092 0.0126291618829 0.346153846154
反对 0.0 0.135567059143 0.311188811189 0.344250497261 0.708535170087 0.194706103954 0.0137772675086 0.346153846154
贸易 0.0 0.193181876239 0.0909090909091 0.259257640767 0.920457075229 0.582401996648 0.0149253731343 0.0
31日 0.0 0.177926236798 0.308332646501 0.400522948441 0.793987768338 0.328460844146 0.0 0.445149592022
责任 0.0 0.148115008759 0.227272727273 0.0124117965602 0.933849017723 0.302830589393 0.0 0.214285714286
美元 0.0 0.426993004166 0.0909090909091 0.189079642544 0.891336256222 0.680373720708 0.0 0.0
中方 0.0 0.192338341318 0.311188811189 0.566183186711 0.624042250735 0.290362410826 0.0815154994261 0.346153846154
首尔 0.0 0.250185902851 0.365203761756 0.583280929786 0.511767051078 0.355207334475 0.00617601646937 0.431034482759
11月 0.0 0.303606572011 0.0454545454545 0.260457608955 0.936520484075 0.636002628177 0.0 0.0
未来 0.0 0.172588900954 0.0909090909091 0.20229381399 0.910277617213 0.519802755633 0.0 0.0
访问 0.0 0.248000087917 0.0909090909091 0.257889074534 0.948616151022 0.597348587672 0.0 0.0
客房 0.0 0.456977428351 0.0909090909091 0.942795649296 0.193851315452 0.336829099853 0.0 0.0
今年 0.0 0.405857856177 0.0909090909091 0.133844529303 0.995722216295 0.717121882702 0.0 0.0
韩元 0.0 0.230359716295 0.0909090909091 0.142783924261 0.844739904727 0.577619455514 0.0 0.0
渠道 0.0 0.148848252024 0.326718966313 0.696391684778 0.513504358644 0.126746373338 0.0469732555497 0.568527918782
期待 0.0 0.294329863097 0.0909090909091 0.383805159522 0.923851754316 0.624604975177 0.044776119403 0.0
元首 0.0 0.3215306234 0.227272727273 0.548200515618 0.656585746838 0.416077563839 0.0 0.214285714286
会议 0.0 0.177288347364 0.318181818182 0.559235996379 0.635427968226 0.356918947401 0.0 0.295918367347
政府 0.0 0.245695720315 0.249445676275 0.346610534719 0.76684655608 0.361129950221 0.0120131052057 0.353658536585
媒体 0.0 0.242918438937 0.0909090909091 0.131376377439 0.945944456212 0.605490663844 0.0 0.0
重要 0.0 0.247799536376 0.0909090909091 0.156315928609 0.907604934242 0.614839977487 0.0 0.0
报道 0.0 0.268106649764 0.269956905397 0.176350310174 0.871747498574 0.286403402886 0.0 0.351015801354
处理 0.0 0.228507644053 0.339488636364 0.478703048211 0.624005499911 0.257651090674 0.0289179104478 0.34375
发展 0.0 0.242332258106 0.279545454545 0.472706529426 0.747521193814 0.307741990815 0.0123134328358 0.35
中国 0.0 0.354114446277 0.279545454545 0.458694988847 0.769751674574 0.509965400019 0.113059701493 0.35
公司 0.0 0.394390791749 0.0909090909091 0.318513341925 0.891546609122 0.760608731145 0.0 0.0
进行 0.0 0.217370699729 0.311188811189 0.485912968309 0.719277654422 0.346006678815 0.0849598163033 0.346153846154
美军 0.0 0.221919060006 0.255131964809 0.162220401435 0.69539314082 0.318122107257 0.0207029369283 0.451612903226
回应 0.0 0.17911831354 0.0909090909091 0.187537364991 0.869428162917 0.518953209605 0.119402985075 0.0
能够 0.0 0.172588900954 0.0909090909091 0.242378310146 0.903305661509 0.58688910387 0.0 0.0
高度 0.0 0.132142719718 0.349431818182 0.745810835417 0.512431963461 0.225720343217 0.00816231343282 0.453125
相关 0.0 0.165119611826 0.311188811189 0.314115890728 0.735752754599 0.293809686111 0.00803673938001 0.346153846154
迎来 0.0 0.221178424931 0.0909090909091 0.275815341203 0.9027194945 0.486487667715 0.044776119403 0.0
再次 0.0 0.115274147645 0.375598086125 0.779716691318 0.341602132821 0.168414334201 0.00471327572662 0.447368421053
变化 0.0 0.166367956067 0.345454545455 0.421054183516 0.715682551055 0.274348817963 0.0388059701493 0.4
改善 0.0 0.17703202681 0.289772727273 0.391893038392 0.813797625379 0.329659436175 0.0283582089552 0.4625
康京 0.0 0.275388750799 0.415896937287 0.491099179392 0.80999258022 0.243476420594 0.0 0.558823529412
提出 0.0 0.212606577176 0.0909090909091 0.228646548301 0.944622520896 0.569913405179 0.0 0.0
时间 0.0 0.145181066427 0.173553719008 0.13485994621 0.909647901283 0.349486488744 0.0 0.227272727273
军事 0.0 0.193629720092 0.227272727273 0.442323751352 0.778956056045 0.308359064436 0.0 0.214285714286
市场 0.0 0.251087035423 0.227272727273 0.269701870324 0.846686706537 0.528650260519 0.0 0.214285714286
利益 0.0 0.257087140052 0.375598086125 0.47898294406 0.752175582552 0.24234227239 0.0176747839749 0.447368421053
交流 0.0 0.268620726794 0.279545454545 0.621965790923 0.651630077043 0.221958149351 0.0156716417911 0.35
表态 0.0 0.166516030489 0.405249679897 0.516057714925 0.598038013462 0.22219812663 0.0126129913811 0.43661971831
表示 0.0 0.139658004464 0.279545454545 0.475935326361 0.6851892193 0.311665819221 0.00447761194029 0.35
引发 0.0 0.162833273584 0.0909090909091 0.201718353775 0.958589573631 0.519504919439 0.0 0.0
会谈 0.0 0.32349628023 0.281818181818 0.483467963325 0.757703078333 0.417679194887 0.0119402985075 0.3
矛盾 0.0 0.294973125404 0.0909090909091 0.207946327681 0.980103505946 0.524810725945 0.0597014925373 0.0
伙伴 0.0 0.133031846624 0.375598086125 0.684206251929 0.630770491537 0.155159936242 0.0 0.447368421053
美国 0.0 0.158545912939 0.311188811189 0.312580607091 0.827298786288 0.303093878621 0.0 0.346153846154
朝鲜 0.0 0.190827297917 0.375598086125 0.635740707032 0.518186283079 0.324490063566 0.00824823252159 0.447368421053
继续 0.0 0.146469475621 0.311188811189 0.53250935649 0.534625431754 0.206182039759 0.00803673938001 0.346153846154
之间 0.0 0.128101688271 0.447134387352 0.72537349473 0.457648274711 0.176696046497 0.0 0.559782608696
日报 0.0 0.221492213643 0.227272727273 0.384989817149 0.944659428388 0.238651084338 0.0 0.214285714286
安全 0.0 0.20788943096 0.279545454545 0.456018573471 0.754021855251 0.260973598859 0.00447761194029 0.35
双方 0.0 0.354128769 0.279545454545 0.558881922827 0.694049856727 0.335531289999 0.0328358208955 0.35
记者会 0.0 0.125250766667 0.474153297683 0.361317336194 0.819027820691 0.23424277629 0.0 0.450980392157
注意 0.0 0.120134350123 0.331168831169 0.830676640822 0.376895261818 0.123129211371 0.0 0.438775510204
投资 0.0 0.370874497789 0.0909090909091 0.318591728062 0.887403527408 0.647871860587 0.0149253731343 0.0
局势 0.0 0.163008841192 0.227272727273 0.42742377195 0.78080962958 0.469752853652 0.0149253731343 0.214285714286
新闻 0.0 0.186637403665 0.0909090909091 0.269237849938 0.927688920147 0.576266261857 0.0 0.0
问题 0.0 0.213342151533 0.279545454545 0.392835647555 0.758749786693 0.314176723191 0.137686567164 0.35
和平 0.0 0.162316627685 0.227272727273 0.705903653434 0.51971216551 0.279993436931 0.00852878464817 0.214285714286
关注 0.0 0.18882102924 0.0909090909091 0.229716987934 0.971270270599 0.594467431275 0.0 0.0
半岛 0.0 0.218880008781 0.311188811189 0.480114426132 0.689925621574 0.381584350095 0.0114810562572 0.346153846154
接受 0.0 0.136155351864 0.227272727273 0.280383824681 0.677825488287 0.290137213807 0.0 0.214285714286
基础 0.0 0.167363149193 0.227272727273 0.437299995273 0.713715255141 0.417328134153 0.0 0.214285714286
期间 0.0 0.200383257527 0.227272727273 0.549824519433 0.741716268845 0.40992919659 0.0 0.214285714286
系统 0.0 0.137437515754 0.349431818182 0.156651365795 0.897944128341 0.314063837384 0.0186567164179 0.453125
访华 0.0 0.22861651164 0.0909090909091 0.473607346454 0.830785161869 0.538391977317 0.044776119403 0.0
完成 0.0 0.26489326443 0.0909090909091 0.0220343359162 0.802482669916 0.540919366313 0.0149253731343 0.0
立场 0.0 0.162300190864 0.349431818182 0.519813392491 0.637472635499 0.198279031497 0.0186567164179 0.453125
追加 0.0 0.18123320423 0.349431818182 0.450026060872 0.742451024196 0.182274988789 0.0529384328358 0.453125
海外 0.0 0.221062640623 0.173553719008 0.108967885701 0.900857943469 0.408709356937 0.0 0.227272727273
韩媒 0.0 0.204868774116 0.316335948316 0.173620026462 0.81277808819 0.264002320533 0.106826274718 0.454314720812
续签 0.0 0.466616056269 0.0909090909091 0.507982841148 0.600287498945 0.567021960742 0.044776119403 0.0
协议 0.0 0.666279425722 0.365203761756 0.362639247259 0.883025426623 0.446453302359 0.0658775090067 0.431034482759
上述 0.0 0.112377062575 0.467110125647 0.502359372078 0.537532943045 0.119469493389 0.0 0.552845528455
领导人 0.0 0.171071140519 0.430019620667 0.554992737004 0.683113812821 0.305953487326 0.0 0.471223021583
计划 0.0 0.205726916349 0.0909090909091 0.279840722236 0.96562479384 0.649601408073 0.0 0.0
发言人 0.0 0.125600237734 0.447577969476 0.326572315173 0.802308019745 0.275138972018 0.0 0.35401459854
互换 0.0 0.546233153581 0.375598086125 0.428859696105 0.851258344087 0.352374399943 0.0597014925373 0.447368421053
符合 0.0 0.180920496678 0.375598086125 0.672804220312 0.598089041379 0.140650871772 0.00942655145327 0.447368421053
正常 0.0 0.221057188471 0.375598086125 0.620643766102 0.686220267878 0.105666354587 0.0 0.447368421053
指出 0.0 0.159947725766 0.0909090909091 0.237615816268 0.903534514824 0.510241221008 0.0 0.0
沟通 0.0 0.243240411496 0.279545454545 0.647305532285 0.570011869577 0.258561520201 0.0805970149255 0.35
达成 0.0 0.180694270881 0.365203761756 0.483041817347 0.605227095306 0.26814857632 0.0108080288214 0.431034482759
货币 0.0 0.562281835536 0.365203761756 0.41618740777 0.855609093735 0.3836926875 0.0597014925373 0.431034482759
9月 0.0 0.291812249984 0.0 0.110268920691 0.948001229588 0.653609643657 0.0 0.0
例行 0.0 0.138588634479 0.27807486631 0.294324820261 0.846657654815 0.292798770732 0.0 0.205882352941
同比 0.0 0.194189166137 0.227272727273 0.319486770301 0.753130856716 0.382329174548 0.0 0.214285714286
韩方 0.0 0.242376051109 0.311188811189 0.457421798684 0.690336488234 0.306665085201 0.0229621125143 0.346153846154
进入 0.0 0.205726916349 0.0909090909091 0.198768587611 0.945115929242 0.556862595534 0.0 0.0
情况 0.0 0.233278745776 0.0909090909091 0.133283328447 0.962942437927 0.606086144674 0.0 0.0
人士 0.0 0.164170109687 0.281818181818 0.24719590087 0.877477533251 0.355655980041 0.0 0.3
损害 0.0 0.17908572166 0.365203761756 0.640878572829 0.617294749332 0.186285576113 0.0108080288214 0.431034482759
防御 0.0 0.191073925032 0.375598086125 0.10766129386 0.865877208778 0.307816592559 0.0 0.447368421053
妥善 0.0 0.186441732396 0.311188811189 0.574389542367 0.59084320596 0.194993280899 0.0195177956372 0.346153846154
健康 0.0 0.109500975146 0.349431818182 0.49366003405 0.648909748477 0.114044548245 0.0 0.453125
企业 0.0 0.349498567173 0.227272727273 0.38217966043 0.86342225011 0.523031593235 0.00852878464817 0.214285714286
加入 0.0 0.142221242535 0.415896937287 0.45232118059 0.73393700986 0.148146664056 0.00478888977571 0.558823529412
决定 0.0 0.225264663906 0.0909090909091 0.124663990444 0.962715059755 0.60158620481 0.0 0.0
27日 0.0 0.298709421306 0.0454545454545 0.565667547523 0.758929223995 0.530540385381 0.0 0.0
部门 0.0 0.128370338142 0.316335948316 0.717140488572 0.548564019381 0.157834731392 0.0 0.454314720812
讨论 0.0 0.158243348157 0.0909090909091 0.151327031879 0.854726227207 0.500628738696 0.0 0.0
锐减 0.0 0.194740414262 0.365203761756 0.526457658901 0.640993888123 0.25156626314 0.0 0.431034482759
要求 0.0 0.306247666544 0.0909090909091 0.253502006239 0.835422744919 0.566836604105 0.0298507462687 0.0
领域 0.0 0.18744511675 0.443488943489 0.609988431155 0.673439808427 0.183705125188 0.0 0.554054054054
考虑 0.0 0.161864185043 0.316335948316 0.402800646744 0.725086625537 0.207580221898 0.0352299416623 0.454314720812
记者 0.0 0.19901120505 0.0909090909091 0.0818740470079 0.910036440749 0.655443315861 0.0 0.0
方面 0.0 0.15978201125 0.29679144385 0.336567843739 0.777481347488 0.381152482483 0.0 0.411764705882
需要 0.0 0.173977117351 0.0909090909091 0.339331638242 0.821740204039 0.625636660028 0.0 0.0
22日 0.0 0.179417933702 0.0454545454545 0.12258824591 0.777642586797 0.512385029484 0.0 0.0
共识 0.0 0.217778379043 0.345454545455 0.512095285764 0.609659773998 0.330242739675 0.0179104477612 0.4
旅游 0.0 0.23020370003 0.241935483871 0.609105709722 0.728521954046 0.416033731959 0.0105922002889 0.306451612903
文化 0.0 0.30220476794 0.0909090909091 0.304471546341 0.841227253101 0.555882252095 0.0149253731343 0.0
部长 0.0 0.142244738191 0.431555742179 0.633620894487 0.662734282293 0.236006133251 0.0 0.442263279446
国家 0.0 0.21034118522 0.311188811189 0.492287754177 0.590434324828 0.308264627233 0.00459242250286 0.346153846154
关切 0.0 0.226283760394 0.331168831169 0.675360378457 0.536350633693 0.211386193525 0.0 0.438775510204
韩国 0.0 0.236381329825 0.311188811189 0.312200220511 0.884541681252 0.505595656732 0.10447761194 0.346153846154
全球 0.0 0.242424965823 0.0909090909091 0.128027169603 0.88405673702 0.626324952435 0.0 0.0
网站 0.0 0.161514559384 0.304812834225 0.378209735244 0.778535669571 0.376417098121 0.0 0.297794117647
会晤 0.0 0.261676075366 0.0909090909091 0.49890912684 0.798697186089 0.573214184732 0.0 0.0
7月 0.0 0.205912467625 0.0 0.273460306015 0.952404149987 0.525171163799 0.0 0.0
总统 0.0 0.191978445293 0.249445676275 0.33251603486 0.826597742811 0.312875839265 0.0196578085184 0.353658536585
外交部 0.0 0.180405844621 0.419555264879 0.358611230285 0.786786550253 0.363331312769 0.0420916997745 0.356115107914
参考 0.0 0.170258368831 0.27807486631 0.17754892886 0.917678579799 0.341057433735 0.00877963125547 0.205882352941
重申 0.0 0.145060219917 0.281818181818 0.746204457871 0.409765479481 0.189045872176 0.0164179104478 0.3
早日 0.0 0.174339361652 0.279545454545 0.535044293149 0.665593178357 0.153445931299 0.0123134328358 0.35
部署 0.0 0.191990658971 0.279545454545 0.377404004861 0.757033041816 0.241720801973 0.0742537313433 0.35
认为 0.0 0.144870780308 0.349431818182 0.550600736634 0.591583317036 0.219763095767 0.0 0.453125
人民币 0.0 0.118774139396 0.395497026338 0.359796012394 0.749973018902 0.263338750817 0.0 0.46261682243
基地 0.0 0.36374975717 0.0909090909091 0.110365921841 0.822718076301 0.559996077967 0.044776119403 0.0
王毅 0.0 0.222817683206 0.352664576802 0.48948127913 0.659854410073 0.343936343309 0.0123520329388 0.293103448276
稳定 0.0 0.181844001947 0.0909090909091 0.513143499023 0.782688211044 0.538449313711 0.0 0.0
发布 0.0 0.300075326906 0.0909090909091 0.321497552356 0.91906896824 0.622760670775 0.0149253731343 0.0
进一步 0.0 0.115088280847 0.587691069992 0.746981897736 0.390222400531 0.18444143983 0.0 0.566371681416
紧张 0.0 0.164472836812 0.0909090909091 0.105875606684 0.849715827728 0.462841263465 0.0149253731343 0.0
中+韩 0.0 0.379270582242 0.245243128964 0.241904588765 0.936093395139 0.390664469747 0.33460603957 0.720930232558
韩+两 0.0 0.340017724158 0.232057416268 0.296305016363 0.928959376396 0.252269169079 0.150039277298 0.763157894737
两+军 0.0 0.269967795395 0.223140495868 0.547634124228 0.656105093306 0.207560379678 0.056987788331 0.636363636364
问题+进行 0.0 0.187813554238 0.463679860809 0.594901762465 0.610091364749 0.246028566043 0.0571306148683 0.641148325359
进行+沟通 3.0 0.294738259531 0.345454545455 0.476205703766 0.744271811129 0.395073268686 0.117910447761 0.4
海外+网 0.0 0.202519207979 0.190082644628 0.10557710724 0.888476849779 0.384284197132 0.0 0.272727272727
例行+记者会 0.0 0.130585890854 0.39046199702 0.335485635136 0.829790790148 0.2580269363 0.0 0.344262295082
安全+利益 0.0 0.26152993492 0.345454545455 0.401774342052 0.799171222276 0.307282756023 0.0134328358209 0.4
相关+问题 0.0 0.194064572415 0.345454545455 0.312404069724 0.737537762154 0.338214683269 0.0985074626866 0.4
坚决+反对 2.0 0.130139485379 0.322314049587 0.323932701384 0.724937376419 0.194556045733 0.0122116689281 0.363636363636
韩+部署 0.0 0.187590480453 0.275252525252 0.365595916818 0.760229530889 0.234858394453 0.0700663349917 0.361111111111
两+国 0.0 0.364296668997 0.29490022173 0.338511287741 0.864699926038 0.331596044042 0.0240262104114 0.853658536585
外交+部门 0.0 0.171582515654 0.316844919786 0.626967182675 0.634913371171 0.286695141026 0.0032923617208 0.411764705882
维护+国家 0.0 0.179995597549 0.417690417691 0.713380268984 0.48203427998 0.224641270172 0.0036304961678 0.513513513514
国家+安全 0.0 0.156971342983 0.463679860809 0.49712241268 0.495702481249 0.218804744442 0.00321359708633 0.641148325359
中国+团体 0.0 0.190397231631 0.392344497608 0.556096932744 0.670652329228 0.388203540737 0.0899450117833 0.513157894737
团体+游客 0.0 0.321957476466 0.417690417691 0.598231982694 0.715512607676 0.31823188233 0.0330778539734 0.513513513514
访+韩 0.0 0.289030462888 0.136363636364 0.367422973241 0.858277680558 0.363138939833 0.194029850746 0.5
韩+中 0.0 0.379270582242 0.245243128964 0.241904588765 0.936093395139 0.390664469747 0.33460603957 0.720930232558
韩联社+报道 0.0 0.229675599786 0.352922820886 0.152742953115 0.932111716769 0.333207716364 0.0 0.259725400458
入+韩 0.0 0.2136833799 0.136363636364 0.337498909286 0.865074907257 0.284788906388 0.194029850746 0.5
赴+韩 0.0 0.26945714255 0.136363636364 0.41109563067 0.892445819195 0.349609663754 0.194029850746 0.5
外长+康京 0.0 0.322627516919 0.345454545455 0.448260842 0.84454937735 0.323733291758 0.0470149253732 0.4
加入+美国 0.0 0.164766396264 0.345454545455 0.374220297088 0.806221780816 0.283952104229 0.00335820895522 0.4
反导+体系 0.0 0.15227678014 0.345454545455 0.411648372929 0.762977266544 0.237748480752 0.0212686567164 0.4
韩+美 0.0 0.199535251629 0.181818181819 0.277239736415 0.818929230749 0.306358034658 0.138805970149 0.625
美+日 0.0 0.183819421512 0.262899262899 0.446923051445 0.777518376506 0.1963406592 0.00242033077854 0.756756756757
军事+同盟 0.0 0.19559764221 0.218181818182 0.452918171754 0.77608686502 0.301763396022 0.0 0.2
战略+安全 0.0 0.214018890772 0.49445676275 0.549840176078 0.685471326362 0.198530145921 0.0 0.634146341463
王毅+外长 0.0 0.257530504556 0.228501228501 0.487811457191 0.643698266347 0.380201155365 0.0580879386851 0.256756756757
希望+韩方 0.0 0.174922142564 0.49445676275 0.534497342886 0.576988337073 0.209653824056 0.0 0.634146341463
韩国+旅游 0.0 0.229936913099 0.228501228501 0.462432343342 0.800023837202 0.542187452255 0.0863251311012 0.256756756757
中国+消费者 3.0 0.196210304163 0.349802371542 0.498845230121 0.789559895311 0.444417503162 0.092055251692 0.369565217391
韩+关系 0.0 0.360582120593 0.319238900634 0.323474361475 0.907858894698 0.47201216568 0.314127039223 0.627906976744
关系+改善 3.0 0.298039029483 0.228501228501 0.313387122743 0.892129130076 0.459878250851 0.208955223881 0.256756756757
寅+总统 0.0 0.183753386714 0.249385749386 0.344382566602 0.804553130892 0.306775911987 0.017749092376 0.364864864865
国+关系 0.0 0.381835200365 0.274971941638 0.249499354709 0.930660841961 0.489671090125 0.211166390271 0.506172839506
美+韩 0.0 0.199535251629 0.181818181819 0.277239736415 0.818929230749 0.306358034658 0.138805970149 0.625
韩国+外长 0.0 0.284793957426 0.345454545455 0.375812122937 0.870888948618 0.440058876868 0.120895522388 0.4
韩国+政府 0.0 0.258748010173 0.316844919786 0.280781641863 0.837418442278 0.489653359524 0.0834064969271 0.411764705882
反导+系统 0.0 0.130134769788 0.345454545455 0.106836018653 0.893965412138 0.316932321177 0.0201492537314 0.4
外交部长+王毅 0.0 0.194564962866 0.438181818182 0.509889634632 0.64750680061 0.310904421801 0.00955223880598 0.34
韩国+总统 0.0 0.218848205948 0.316844919786 0.256018387974 0.886007642626 0.437176283088 0.0910886742756 0.411764705882
总统+文 0.0 0.178818314977 0.303948576676 0.317475279283 0.832217667479 0.263970805354 0.0113071008593 0.494949494949
中国+外交部 0.0 0.176650741037 0.657137509943 0.395450246488 0.812223977492 0.286507081048 0.0352739647107 0.625321667524
中方+重视 0.0 0.164082493445 0.345454545455 0.467557132278 0.616533136105 0.308676242448 0.0604477611941 0.4
重视+韩方 0.0 0.199446673748 0.345454545455 0.465890412211 0.67699809239 0.31739618095 0.0201492537313 0.4
考虑+追加 0.0 0.168073868768 0.463679860809 0.456064929963 0.729703977321 0.16207522283 0.0479897164893 0.641148325359
美国+反导 0.0 0.131965985821 0.636363636364 0.342065109993 0.769945662252 0.141619776144 0.0 0.857142857143
损害+中方 0.0 0.206724950092 0.345454545455 0.573128461479 0.667748167928 0.295870085846 0.0649253731344 0.4
韩方+继续 0.0 0.132185142897 0.49445676275 0.452311112326 0.562899396994 0.153195449491 0.00327630141972 0.634146341463
继续+妥善 0.0 0.155664509045 0.49445676275 0.44099919724 0.612769483672 0.185231249985 0.0112850382235 0.634146341463
妥善+处理 0.0 0.149757150079 0.636363636364 0.573123171746 0.522709509077 0.0972794911601 0.0120824449183 0.857142857143
10月+31日 0.0 0.222365591855 0.272727272727 0.354913354957 0.833092639567 0.418322611563 0.0 0.396226415094
中+关系 0.0 0.324323470141 0.319238900634 0.352972426826 0.89442610106 0.449982955493 0.205831308574 0.627906976744
关系+发展 0.0 0.14375514709 0.60365335599 0.673020805603 0.569524568921 0.107709900929 0.00795089970706 0.859813084112
国+领导人 0.0 0.166370597333 0.437088274045 0.548493097505 0.686755501579 0.293873873682 0.0 0.503623188406
进一步+加强 0.0 0.146351234732 0.456092843327 0.697847526226 0.474989194558 0.248038452587 0.0 0.404255319149
韩方+认识 0.0 0.218603155907 0.322314049587 0.600195051033 0.615724991529 0.275668653323 0.0203527815468 0.363636363636
明确+表示 0.0 0.141580199552 0.228501228501 0.444193807647 0.739676234403 0.350344227801 0.0036304961678 0.256756756757
韩国+部署 0.0 0.243822775796 0.228501228501 0.208494623776 0.898096400894 0.463405732191 0.141992739008 0.256756756757
部署+目的 0.0 0.176639203729 0.29679144385 0.457628107829 0.693717891295 0.207283384869 0.0649692712906 0.367647058824
第三+国 0.0 0.236921058207 0.245454545454 0.626350580093 0.545055066481 0.210140182084 0.0167164179105 0.5
中方+战略 0.0 0.18312088738 0.49445676275 0.710301082752 0.571101589804 0.151347719279 0.0 0.634146341463
国+外长 0.0 0.227137036197 0.249385749386 0.503606008846 0.633480845451 0.319534761428 0.101653892699 0.364864864865
阶段性+处理 0.0 0.220963677683 0.375874125874 0.494926209419 0.585265237314 0.26075377896 0.0269804822044 0.365384615385
问题+达成 0.0 0.220037969696 0.228501228501 0.403238709661 0.723689562968 0.355846674469 0.106494554256 0.256756756757
报道+称 0.0 0.269216332191 0.321540947359 0.165157614005 0.863210961559 0.258026403046 0.0 0.494855004677
亚+太 0.0 0.0970710638091 0.136363636364 0.635108828622 0.63398620575 0.287393693914 0.0 0.5
领导人+会议 0.0 0.196111293678 0.336077308518 0.525190237256 0.69351916512 0.380880838302 0.0 0.263779527559
高度+重视 0.0 0.118462134617 0.463679860809 0.734721485357 0.49449210142 0.179921688486 0.00749839320144 0.641148325359
外交部+发言人 0.0 0.116937421774 0.879082082965 0.342549961257 0.798605737553 0.164646443797 0.0 0.864077669903
扫除+中 0.0 0.194782811268 0.28951048951 0.48744188986 0.668231955926 0.162877242245 0.137772675086 0.661538461538
共同+意愿 0.0 0.231823143679 0.322314049587 0.58414586067 0.659239440849 0.209039874685 0.010854816825 0.363636363636
符合+双方 0.0 0.290417197451 0.49445676275 0.603405123863 0.650739293718 0.203405020712 0.0131052056789 0.634146341463
共同+利益 0.0 0.300458402755 0.345454545455 0.550511049786 0.716466806268 0.285070504451 0.0212686567164 0.4
朝鲜+半岛 0.0 0.129465265193 0.666144200627 0.811467013554 0.324370838503 0.157934088819 0.00432321152856 0.855172413793
半岛+问题 0.0 0.215132387717 0.345454545455 0.467596914561 0.646968897287 0.383128460931 0.0940298507463 0.4
韩+旅游 3.0 0.229950398976 0.227272727273 0.575877838199 0.737697695162 0.414495599903 0.141352063213 0.352941176471
中央+日报 0.0 0.20574192794 0.272727272727 0.391926913085 0.935801959762 0.213723682367 0.0 0.285714285714
韩国+外交部 0.0 0.199360098344 0.336077308518 0.307418494126 0.813646595635 0.505805573238 0.106240451287 0.263779527559
举行+会谈 0.0 0.305275175676 0.25 0.411787837541 0.815226029111 0.45028107972 0.00746268656718 0.25
10月+30日 0.0 0.248960853989 0.181818181818 0.369085880067 0.820135063852 0.442474620309 0.0 0.25
接受+国会 0.0 0.133312997537 0.25 0.39192302338 0.640330105465 0.246038519938 0.0 0.25
国会+质询 0.0 0.107527286794 0.361293345829 0.4973794802 0.544303476293 0.136946589102 0.0 0.523195876289
质询+时 0.0 0.0840211709958 0.395705521472 0.482107778596 0.515810662306 0.0725094901577 0.0 0.647239263804
时+表示 0.0 0.136620068021 0.275252525252 0.449240853488 0.704714741851 0.305548733036 0.00414593698175 0.361111111111
现有+立场 0.0 0.15603885036 0.35101010101 0.506722670191 0.644589673863 0.181235763035 0.016583747927 0.444444444444
日+安全 0.0 0.186338478468 0.347441157417 0.434610607631 0.795429435254 0.181635957551 0.00354521927181 0.619952494062
安全+合作 0.0 0.280564463464 0.316844919786 0.414540591575 0.809697915331 0.303353882659 0.00987708516243 0.411764705882
发展+成为 0.0 0.23516165882 0.228501228501 0.391973397098 0.792359501043 0.373487139544 0.00726099233563 0.256756756757
政府+未 0.0 0.155884405551 0.376875551633 0.432235322125 0.664366520858 0.175463001084 0.00724532676425 0.611650485437
未+考虑 0.0 0.135943471469 0.376875551633 0.427309042423 0.659575070868 0.155751175872 0.0343428488625 0.611650485437
追加+部署 0.0 0.212602737586 0.345454545455 0.389586529674 0.809522358328 0.268805483175 0.0929104477612 0.4
发言人+华 0.0 0.110380033773 0.541660213722 0.434258104237 0.656226915531 0.201743977458 0.0 0.606473594549
华+春莹 0.0 0.0996624812522 0.501424163304 0.505110836829 0.572564000519 0.151660658017 0.0 0.716710182768
中方+一贯 0.0 0.149868791234 0.345454545455 0.430173767709 0.630146770842 0.236305191888 0.0570895522389 0.4
一贯+反对 0.0 0.0930910026792 0.49445676275 0.520211733691 0.482938676745 0.0574950022382 0.0 0.634146341463
反对+美国 0.0 0.148806987912 0.345454545455 0.340270929961 0.730332487454 0.281934116102 0.0100746268657 0.4
上述+承诺 0.0 0.146838187929 0.398601398601 0.484030703932 0.593539273523 0.206316249444 0.0103329506315 0.384615384615
承诺+落到实处 0.0 0.15421803933 0.569023569023 0.490783643786 0.564884017701 0.192411284085 0.0169522756587 0.407407407407
处理+相关 0.0 0.164383475048 0.49445676275 0.461874281037 0.57376768012 0.125925043606 0.0131052056789 0.634146341463
推动+中 0.0 0.224240342646 0.274971941638 0.472155461827 0.756928510649 0.203686419072 0.0193477059149 0.506172839506
关系+早日 0.0 0.116422915387 0.572143452877 0.521474217736 0.590966842872 0.0632140117815 0.0 0.862385321101
早日+重 0.0 0.131901081312 0.347441157417 0.509044201604 0.605374143008 0.111119330012 0.00709043854363 0.619952494062
重+回 0.0 0.0944607595552 0.31948051948 0.517364153813 0.555001182104 0.0337622545382 0.0 0.757142857143
回+平稳 0.0 0.0910460393931 0.42408742153 0.517364153813 0.555001182104 0.0192191486404 0.0 0.757033248082
平稳+健康 0.0 0.100517333427 0.463679860809 0.512459354235 0.586323269105 0.069552643991 0.0 0.641148325359
健康+发展 0.0 0.160384666814 0.49445676275 0.488367834729 0.585941893087 0.167924735567 0.00655260283947 0.634146341463
发展+轨道 0.0 0.197606352669 0.49445676275 0.556475277652 0.651360642903 0.108280516564 0.0 0.634146341463
原+标题 0.0 0.136662056187 0.190082644628 0.0882115191351 0.935665658446 0.144032287139 0.0 0.272727272727
游客+锐减 0.0 0.362133354558 0.345454545455 0.514723091693 0.691893963623 0.324187623284 0.0201492537314 0.4
韩国+旅游业 0.0 0.17648603223 0.375874125874 0.4579770974 0.766219296783 0.41716623593 0.0884041331802 0.365384615385
韩媒+称 0.0 0.198215049081 0.3294865756 0.173068260684 0.807866202216 0.250093860384 0.095120253654 0.49481865285
亚洲+经济 0.0 0.256580960927 0.30303030303 0.236441008779 0.861876632104 0.393305076954 0.00995024875623 0.333333333333
中国+游客 0.0 0.293080096057 0.60365335599 0.58026480071 0.635244655822 0.270082309668 0.0118566048263 0.859813084112
萨德+问题 0.0 0.155044661237 0.228501228501 0.24431568261 0.865445382934 0.470204280529 0.399354578459 0.256756756757
韩国+国防部 0.0 0.182463230704 0.375874125874 0.308950534051 0.78641918432 0.45451885797 0.0884041331802 0.365384615385
韩国+国内 0.0 0.182711113435 0.25 0.245953380903 0.889254645148 0.539182192849 0.0820895522388 0.25
驻+韩 0.0 0.242855329863 0.223140495868 0.184529925724 0.781027259424 0.267776267481 0.175033921303 0.636363636364
韩+美军 0.0 0.229221467001 0.25696969697 0.160284210259 0.728612952002 0.33100175103 0.13631840796 0.506666666667
环球+时报 0.0 0.14634372947 0.409090909091 0.224250641024 0.715406793942 0.269798285719 0.0 0.5
责任+编辑 0.0 0.143632809646 0.218181818182 0.0158501770366 0.933080679929 0.262071813958 0.0 0.2
韩+外长 0.0 0.237310442559 0.249385749386 0.475142950197 0.658139423595 0.329984564526 0.124243646632 0.364864864865
首+次 0.0 0.111227032903 0.299444829979 0.567720527475 0.641009686167 0.204407263618 0.0 0.656488549618
外交部+网站 0.0 0.176581852025 0.336077308518 0.436454182159 0.702986690943 0.407424890119 0.0338465154542 0.263779527559
核+问题 0.0 0.216203489859 0.275252525252 0.399649103565 0.760222979848 0.30713036383 0.126451077944 0.361111111111
半岛+局势 0.0 0.209769846649 0.25 0.442421943858 0.761299619193 0.450826929767 0.0149253731343 0.25
建交+25 0.0 0.0987283086261 0.227272727273 0.866870737877 0.296472077938 0.162900625355 0.0 0.5
共同+努力 0.0 0.236823417136 0.25 0.516489953257 0.738124981286 0.329741822937 0.00746268656718 0.25
希望+双方 0.0 0.319976539199 0.228501228501 0.484979945223 0.721129323828 0.422107146385 0.0258168616378 0.256756756757
一带+一路 0.0 0.1951938574 0.409090909091 0.850132389343 0.105851815661 0.199642244854 0.0 0.5
段+时间 0.0 0.139712084157 0.190082644628 0.140998156492 0.901562661897 0.321222401098 0.0 0.272727272727
推动+两 0.0 0.201084847278 0.274971941638 0.445205958057 0.752315765378 0.193962321128 0.014004053805 0.506172839506
部长+助理 0.0 0.133065278622 0.5522971652 0.679766025134 0.597801927114 0.193935611591 0.0 0.623655913978
中+美 0.0 0.270107112002 0.136363636364 0.182122610293 0.874886645391 0.413541391417 0.182089552239 0.5
寅+政府 0.0 0.241582588579 0.249385749386 0.355299686525 0.752692408488 0.355966632997 0.0108914885034 0.364864864865
国+外交部 0.0 0.155623501985 0.437088274045 0.401807816265 0.694599403717 0.298212004437 0.0369889682025 0.503623188406
消息+称 0.0 0.199699227686 0.212121212121 0.22343473228 0.895869933119 0.343112442752 0.0109452736318 0.333333333333
双方+商定 0.0 0.30482088115 0.228501228501 0.615576460554 0.630871856232 0.286262113167 0.0451795078661 0.256756756757
军+渠道 0.0 0.149404603219 0.32741294695 0.705129939507 0.506252125135 0.117962586006 0.0498791390093 0.588688946015
关系+出现 0.0 0.207269051795 0.316844919786 0.293302661822 0.901946762272 0.357048159968 0.128621597893 0.411764705882
韩+双方 0.0 0.356877454085 0.347441157417 0.638734336766 0.62565943574 0.323202236877 0.0460878505335 0.619952494062
参考+消息网 0.0 0.163238782473 0.358288770054 0.171345223724 0.910877281695 0.321786698745 0.00614574187883 0.294117647059
双边+关系 3.0 0.241286049122 0.49445676275 0.48452671654 0.705200166777 0.280581773169 0.11794685111 0.634146341463
导弹+防御 0.0 0.210265679666 0.345454545455 0.122227565096 0.870824754308 0.355425737627 0.0 0.4
改善+中 0.0 0.165088135166 0.299194476409 0.401832540265 0.802616361647 0.315723298872 0.0262610995654 0.506329113924
平昌+冬奥会 0.0 0.134110975582 0.545454545455 0.492855670271 0.532400629372 0.319218431363 0.0149253731343 0.5
推动+双边 0.0 0.225004637937 0.345454545455 0.51755174471 0.682308839664 0.261590619298 0.0201492537314 0.4
同意+推动 0.0 0.228620171755 0.228501228501 0.551664476307 0.71259996036 0.280255503594 0.0221863654699 0.256756756757
领域+交流 0.0 0.245892159838 0.345454545455 0.583433251513 0.705905281957 0.253984939909 0.00671641791046 0.4
关系+进行 0.0 0.213967171526 0.316844919786 0.500221369931 0.664930168398 0.353182102919 0.148375768218 0.411764705882
交流+合作 3.0 0.20141878856 0.60365335599 0.68297272393 0.600416676594 0.107339834309 0.0118566048263 0.859813084112
合作+早日 0.0 0.247941675467 0.49445676275 0.638915920174 0.658575276204 0.181418751208 0.0145613396432 0.634146341463
早日+回到 0.0 0.168173679219 0.636363636364 0.615618237837 0.641650395224 0.0671740775041 0.0 0.857142857143
回到+正常 0.0 0.218306422961 0.49445676275 0.607416581965 0.695800155873 0.1027382195 0.0 0.634146341463
正常+发展 0.0 0.266285045888 0.49445676275 0.549344239985 0.72886179142 0.191365846011 0.00655260283947 0.634146341463
立场+出发 0.0 0.152245542609 0.35101010101 0.593118914618 0.563704924257 0.171440677282 0.016583747927 0.444444444444
重申+反对 0.0 0.161811341413 0.25 0.517944432026 0.631082142612 0.273840334918 0.023631840796 0.25
中方+关切 0.0 0.218677483345 0.25 0.556315231299 0.598725086874 0.327291453225 0.063432835821 0.25
双方+关系 0.0 0.376493873224 0.228501228501 0.424903284958 0.820862459305 0.512982422834 0.204114562324 0.256756756757
和平+解决 0.0 0.176129073673 0.25 0.65281893789 0.515832540607 0.277058552313 0.00746268656715 0.25
乐天+集团 3.0 0.380093610141 0.25 0.50563319525 0.640472309574 0.475679622146 0.00746268656718 0.25
中+两 0.0 0.19715070836 0.232057416268 0.415217240503 0.778111724492 0.184172256546 0.145326001571 0.763157894737
双方+表示 0.0 0.265726737383 0.345454545455 0.604468330171 0.605259182406 0.361557865959 0.0167910447761 0.4
表示+高度 0.0 0.107646594982 0.49445676275 0.845219126261 0.404224378582 0.137926892255 0.00327630141972 0.634146341463
重视+中 0.0 0.105119119634 0.347441157417 0.79592100581 0.42567571872 0.111310420764 0.00354521927181 0.619952494062
双边+共同 0.0 0.23457534116 0.345454545455 0.641885775733 0.604386635806 0.244853458538 0.0167910447761 0.4
共同+文件 0.0 0.18957489311 0.417690417691 0.69357315552 0.531804925272 0.137120673294 0.00726099233563 0.513513513514
韩+战略 0.0 0.161095855817 0.347441157417 0.664254139633 0.565484831555 0.14205142645 0.0 0.619952494062
战略+合作 0.0 0.216642280434 0.463679860809 0.649207604857 0.631208464354 0.208894954537 0.00642719417269 0.641148325359
合作+伙伴 0.0 0.220600817354 0.49445676275 0.629288915058 0.644829112367 0.217887207862 0.00655260283947 0.634146341463
伙伴+关系 0.0 0.179907168969 0.49445676275 0.630843182223 0.618303853825 0.183179584501 0.104841645431 0.634146341463
加强+两 0.0 0.143087691808 0.347441157417 0.689919203398 0.525595551048 0.129185198232 0.0 0.619952494062
国+交流 0.0 0.181726058358 0.347441157417 0.682558881969 0.565101485371 0.117589959801 0.00709043854363 0.619952494062
合作+符合 0.0 0.211340720586 0.49445676275 0.657093886698 0.573280413278 0.159021715483 0.00655260283947 0.634146341463
双方+共同 0.0 0.27348994104 0.49445676275 0.608044311412 0.668356043054 0.208562476757 0.00655260283947 0.634146341463
中国+政府 0.0 0.244732961198 0.228501228501 0.367958594062 0.790525303838 0.491751102975 0.0907624041954 0.256756756757
发言人+耿爽 0.0 0.105416782083 0.552367784307 0.343808856087 0.798523132921 0.238296551166 0.0 0.501901140684
部署+萨德 0.0 0.12585152519 0.228501228501 0.214807825569 0.871855581524 0.39747252066 0.31988705123 0.256756756757
数据+显示 0.0 0.0739127262739 0.409090909091 0.256364203914 0.719004382874 0.0907599608451 0.0 0.5
约+合 0.0 0.0896212255991 0.338992332968 0.36259494534 0.77065300686 0.198764499187 0.0 0.668674698795
合+人民币 0.0 0.111178399117 0.378066378067 0.361129279876 0.754696593491 0.244612012446 0.0 0.503968253968
中国+市场 0.0 0.256745417952 0.228501228501 0.325189983899 0.833585451897 0.552599594567 0.0835014118597 0.256756756757
韩国+经济 0.0 0.280828172368 0.25 0.245694256171 0.905801265899 0.621461659674 0.0895522388059 0.25
发展+成 0.0 0.232845464476 0.275252525252 0.476219610931 0.739433949265 0.289262709165 0.0111940298508 0.361111111111
防御+系统 0.0 0.160973794489 0.345454545455 0.0998671425343 0.891803994048 0.349601698798 0.0134328358209 0.4
双方+认为 0.0 0.268971617401 0.345454545455 0.511997828315 0.658836576832 0.323634924283 0.0134328358209 0.4
乐天+玛特 0.0 0.371207673669 0.30303030303 0.629083766001 0.543161662364 0.414839289766 0.00995024875623 0.333333333333
韩联社+10月 0.0 0.211414610455 0.338464738923 0.148945529815 0.919722831745 0.338918699187 0.0 0.259725400458
31日+报道 0.0 0.215181431257 0.300223990114 0.296736651302 0.829947576147 0.349427499345 0.0 0.401869158879
韩国+企业 0.0 0.279741504961 0.25 0.33551843558 0.869271950108 0.574732988923 0.0858208955223 0.25
地区+国家 0.0 0.245342631059 0.25 0.296615936764 0.683978117154 0.398979107898 0.00373134328358 0.25
认为+加强 0.0 0.132055051578 0.463679860809 0.690143194771 0.461316490923 0.124614544921 0.0 0.641148325359
发展+障碍 0.0 0.183528352555 0.392344497608 0.570349841827 0.571636923752 0.171930003748 0.00706991358996 0.513157894737
双方+日前 0.0 0.271423544831 0.361293345829 0.712094970258 0.498479712276 0.249653909878 0.0246191721803 0.523195876289
报道+韩媒 0.0 0.235521194868 0.316844919786 0.152550171938 0.814741952482 0.326182246746 0.069139596137 0.411764705882
货币+互换 0.0 0.556144862772 0.345454545455 0.42114840039 0.854489112175 0.378296798296 0.0597014925373 0.4
互换+协议 0.0 0.614439888957 0.345454545455 0.393066263734 0.868306208779 0.410928302166 0.0630597014925 0.4
现代+汽车 0.0 0.32756143326 0.218181818182 0.417158699866 0.563857677817 0.500892050343 0.0 0.2
人士+表示 0.0 0.153237920814 0.228501228501 0.232463585803 0.895055847669 0.421572892046 0.0036304961678 0.256756756757
外交部+部长 0.0 0.153161905557 0.628233555063 0.617651379602 0.663602708236 0.238959377037 0.0305788132508 0.630081300813
助理+孔铉佑 0.0 0.0976396266704 0.654431818182 0.805318768419 0.431006815459 0.0503106807748 0.0 0.74625
韩国+国家 0.0 0.216344488433 0.372529644269 0.524874144499 0.669395885935 0.399869205654 0.0783582089552 0.391304347826
国家+安保室 0.0 0.171455788273 0.563009404389 0.677039506682 0.558113565648 0.173006160623 0.00336249785554 0.613793103448
次+长 0.0 0.107516468911 0.299646954987 0.684135494426 0.548563389177 0.118378137902 0.0 0.635922330097
长+南官杓 0.0 0.0911230661799 0.561902645032 0.824917678427 0.387526184173 0.0352548582062 0.0 0.754278728606
南官杓+之间 0.0 0.11466890772 0.471461449943 0.757844645886 0.433539701567 0.126688342581 0.0 0.532911392405
部门+间 0.0 0.11824790288 0.376875551633 0.757831990042 0.49762785308 0.101705276129 0.0 0.611650485437
间+沟通 0.0 0.223940244869 0.3294865756 0.673223465251 0.585089375185 0.211394204374 0.0680535148095 0.49481865285
双方+再次 0.0 0.245273131515 0.345454545455 0.692934494301 0.450962628553 0.276596443253 0.0167910447761 0.4
再次+确认 0.0 0.104536223726 0.49445676275 0.833142320061 0.274574987678 0.132777050643 0.00327630141972 0.634146341463
确认+实现 0.0 0.108931392273 0.417690417691 0.867963306895 0.262447084342 0.157028584146 0.0 0.513513513514
实现+朝鲜 0.0 0.152607126649 0.345454545455 0.761533110696 0.384339413291 0.269727373849 0.00335820895522 0.4
半岛+无核化 0.0 0.16916915454 0.509933059814 0.743054867086 0.399614209585 0.218724318608 0.00570780302761 0.526128266033
重申+继续 0.0 0.155780690427 0.25 0.594798602421 0.506301436395 0.248222907531 0.0111940298507 0.25
外交+手段 0.0 0.150655798988 0.417690417691 0.722372331766 0.481692432498 0.218894567896 0.0036304961678 0.513513513514
手段+推动 0.0 0.144812543191 0.49445676275 0.827454713725 0.282420589444 0.113631079481 0.0098289042592 0.634146341463
推动+解决 0.0 0.198419879486 0.345454545455 0.66866392831 0.456469649168 0.249891890056 0.0134328358209 0.4
加强+战略 0.0 0.141369461913 0.52296819788 0.819026426449 0.282694962909 0.120238655081 0.0 0.628975265018
战略+沟通 0.0 0.230038382661 0.345454545455 0.663247341182 0.480129938898 0.279288912501 0.0402985074627 0.4
表态+落到实处 0.0 0.163326431232 0.473684210526 0.52530795346 0.545282550031 0.201494482925 0.0133542812254 0.263157894737
相关+人士 0.0 0.191158579643 0.25 0.242839445076 0.842881023661 0.406453815559 0.00621890547263 0.25
民意+基础 0.0 0.15241870523 0.272727272727 0.461957871799 0.676656925527 0.370808225454 0.0 0.285714285714
会议+期间 0.0 0.192289250548 0.268104776579 0.542435889352 0.692999982214 0.390780833709 0.0 0.245762711864
元首+会谈 0.0 0.328206917792 0.25 0.507828122226 0.721111823294 0.423612423359 0.00746268656718 0.25
中方+注意 0.0 0.167630989756 0.25 0.63482905919 0.532422683764 0.276111727997 0.063432835821 0.25
韩方+表明 0.0 0.225244962549 0.25 0.65761782631 0.543585330428 0.290702738117 0.0186567164179 0.25
韩方+妥善 0.0 0.0895248060443 0.636363636364 0.784536366271 0.291336711033 0.010963756033 0.0 0.857142857143
网站+10月 0.0 0.211256172927 0.207841776544 0.265779861984 0.884569217582 0.431502561888 0.0 0.248091603053
韩+中国 0.0 0.224763890299 0.3294865756 0.524737806158 0.735720400334 0.417460127551 0.0916402443741 0.49481865285
同比+减少 0.0 0.218539294033 0.218181818182 0.305586451841 0.799567107068 0.424308005079 0.0 0.2
韩国+央行 0.0 0.179784430598 0.322314049587 0.340563240356 0.833641292941 0.409754504079 0.0895522388059 0.363636363636
防空+炮兵 0.0 0.132400955692 0.409090909091 0.57428547928 0.0 0.232950786751 0.0 0.5
首尔+市内 0.0 0.208680359137 0.417690417691 0.731459293909 0.380734214097 0.270168623253 0.0036304961678 0.513513513514
市内+酒店 0.0 0.337487673108 0.417690417691 0.807464267368 0.315690652017 0.26298637642 0.00726099233563 0.513513513514
中+韩+两 0.0 0.36875456067 0.188311688312 0.251483930936 0.93754318964 0.331406853178 0.221037668799 0.642857142857
问题+进行+沟通 0.0 0.185348452996 0.541889483066 0.666070475716 0.567125066895 0.150696801896 0.0614574187885 0.754901960784
系统+的+立场 0.0 0.1450541744 0.357575757576 0.422138840873 0.722531792083 0.281604727484 0.0278606965174 0.533333333333
维护+国家+安全 0.0 0.113135840798 0.541889483066 0.659617487739 0.373614975579 0.111582085643 0.0 0.754901960784
中国+团体+游客 2.0 0.251518749831 0.5 0.607660173331 0.670585506156 0.272730386265 0.0184790334044 0.642857142857
韩+美+日 0.0 0.182052998023 0.188311688312 0.356746613782 0.782022849328 0.24763847905 0.00355366027007 0.642857142857
战略+安全+利益 0.0 0.231937266274 0.440909090909 0.455242683661 0.753868443934 0.220188581147 0.0 0.55
中+韩+关系 3.0 0.317635361602 0.369696969697 0.375741771539 0.886355562898 0.392588978366 0.194029850747 0.766666666667
文+在+寅 0.0 0.285100711042 0.295454545455 0.334759746715 0.808817275756 0.244664033288 0.0149253731344 0.75
两+国+关系 0.0 0.429676936811 0.255892255892 0.241082506144 0.93435198403 0.504976732399 0.135986733002 0.537037037037
韩+两+国 0.0 0.410993180079 0.227272727273 0.310805101539 0.926407176105 0.293552883354 0.0216417910448 0.75
韩国+外长+康京 0.0 0.246629273162 0.440909090909 0.458322731795 0.84496076876 0.234413095529 0.0417910447762 0.55
韩国+总统+文 0.0 0.178316473714 0.364973262032 0.283690668684 0.876562461834 0.317718089235 0.0755048287972 0.544117647059
康京+和+表示 0.0 0.217819673566 0.294421487603 0.396877707301 0.813307623426 0.368216586145 0.00356173677069 0.431818181818
中方+重视+韩方 0.0 0.118042608292 0.440909090909 0.534615535052 0.553109988549 0.159805752545 0.00298507462686 0.55
加入+美国+反导 0.0 0.14742371128 0.440909090909 0.380504852162 0.804909887506 0.186221388948 0.00597014925374 0.55
美国+反导+体系 0.0 0.157782321521 0.440909090909 0.44154269395 0.748304094549 0.186017357649 0.0126865671642 0.55
希望+韩方+继续 0.0 0.17324255396 0.440909090909 0.449181462429 0.619817443827 0.204382038035 0.0 0.55
韩方+继续+妥善 0.0 0.113371222504 0.5 0.584734007903 0.443552426752 0.0474376133533 0.00355366027007 0.642857142857
继续+妥善+处理 0.0 0.214260055054 0.440909090909 0.469226183268 0.649622837164 0.21067149599 0.0276119402985 0.55
韩+中+关系 0.0 0.317635361602 0.369696969697 0.375741771539 0.886355562898 0.392588978366 0.194029850747 0.766666666667
两+国+领导人 1.0 0.265294417204 0.363636363636 0.459664227204 0.779699184326 0.352395941051 0.0122914837577 0.529411764706
认识+到+中方 0.0 0.170231556165 0.393356643357 0.629483090317 0.558943108166 0.255339833996 0.0708955223882 0.557692307692
立场+和+关切 0.0 0.241956546518 0.31658692185 0.545117751193 0.651668209988 0.259501655546 0.0146635244828 0.429824561404
表示+在+韩国 0.0 0.160811301064 0.357575757576 0.424084095173 0.728656878427 0.424415579021 0.0800995024875 0.533333333333
本来+的+部署 0.0 0.174328414768 0.366741953698 0.469723389295 0.684087770136 0.202589928164 0.0638731806805 0.555900621118
损害+中方+战略 0.0 0.189930619461 0.440909090909 0.70181273103 0.583144272557 0.168966350334 0.00373134328358 0.55
中方+战略+安全 0.0 0.193192846145 0.440909090909 0.640251966107 0.62082682705 0.163240904676 0.0 0.55
达成+一些+共识 2.0 0.194115248297 0.370523415978 0.495146478539 0.603735074201 0.291078018519 0.0131162369968 0.439393939394
中国+外交部+发言人 0.0 0.143704964912 0.78307370379 0.335405267777 0.814413593824 0.196960590609 0.00347368019238 0.75831202046
扫除+中+韩 0.0 0.233523983306 0.265993265993 0.424650308675 0.724417236727 0.22817061597 0.199004975124 0.648148148148
韩+关系+发展 0.0 0.211491459794 0.498234774934 0.584688803107 0.685787190743 0.211683091442 0.098681350529 0.752427184466
改善+和+发展 0.0 0.236807344956 0.294421487603 0.423858974607 0.75388500173 0.375199939697 0.0240841248304 0.431818181818
朝鲜+半岛+问题 2.0 0.191637000784 0.440909090909 0.57003210604 0.578283993264 0.323438936166 0.00671641791043 0.55
国会+质询+时 0.0 0.104438759283 0.364973262032 0.498470182034 0.536496159831 0.127195163927 0.0 0.544117647059
政府+不+加入 0.0 0.177310129405 0.294421487603 0.416385982407 0.730849913628 0.246219574124 0.0106852103121 0.431818181818
体系+的+现有 0.0 0.135920071602 0.393356643357 0.468366147046 0.657564779645 0.160235062434 0.0146383467279 0.557692307692
立场+没有+变化 0.0 0.178625070038 0.370523415978 0.413505949662 0.725369320712 0.261392833544 0.0361827227499 0.439393939394
美+日+安全 0.0 0.1911449926 0.255892255892 0.435098850333 0.791767691504 0.207040015897 0.0033167495854 0.537037037037
日+安全+合作 0.0 0.241622492082 0.364973262032 0.460318962088 0.781525458244 0.189211302875 0.00614574187885 0.544117647059
韩国+政府+未 0.0 0.199989290418 0.364973262032 0.381103710107 0.73608111549 0.247474108604 0.0100965759438 0.544117647059
政府+未+考虑 0.0 0.153818840946 0.330578512397 0.432725358998 0.656618726123 0.172191480206 0.0171867933062 0.545454545455
未+考虑+追加 0.0 0.144549278112 0.498234774934 0.46435663419 0.675358140811 0.119571113131 0.044776119403 0.752427184466
考虑+追加+部署 2.0 0.173331725497 0.541889483066 0.466675306381 0.72786201241 0.145880000049 0.0484342990928 0.754901960784
外交部+发言人+华 0.0 0.115982274376 0.877869605142 0.349578128689 0.789844644381 0.162334504777 0.0 0.868686868687
发言人+华+春莹 0.0 0.112070348964 0.432954545455 0.438517313219 0.645718364344 0.21281125641 0.0 0.5375
方面+的+表态 0.0 0.164948972563 0.349945235487 0.432295063308 0.683174984517 0.295132482256 0.00755259845353 0.427710843373
中方+一贯+反对 3.0 0.0933701818298 0.440909090909 0.519541332239 0.500148304733 0.0581195691224 0.0 0.55
一贯+反对+美国 0.0 0.101430031512 0.440909090909 0.467906581521 0.552606387162 0.0678897808788 0.0 0.55
美国+在+韩国 0.0 0.174689944061 0.357575757576 0.369087932888 0.785323324263 0.416596555893 0.0766169154228 0.533333333333
韩方+把+上述 0.0 0.215141586394 0.31658692185 0.460550806117 0.657963363681 0.298982095739 0.0183294056036 0.429824561404
上述+承诺+落到实处 0.0 0.114469967537 0.644781144781 0.52588215884 0.488386941497 0.0767924512735 0.00718629076837 0.537037037037
妥善+处理+相关 0.0 0.189422641893 0.440909090909 0.465501865033 0.62018341564 0.164643038701 0.0194029850746 0.55
处理+相关+问题 0.0 0.162565743432 0.440909090909 0.452856247551 0.591088632787 0.135957126415 0.015671641791 0.55
推动+中+韩 0.0 0.256983636849 0.255892255892 0.407984365208 0.805993112836 0.287975689898 0.217247097844 0.537037037037
韩+关系+早日 0.0 0.176022820493 0.471428571428 0.459957449356 0.683008863349 0.157905671856 0.0886993603413 0.757142857143
关系+早日+重 0.0 0.109156556145 0.471428571428 0.503386204575 0.600455195341 0.0647150230099 0.0 0.757142857143
早日+重+回 0.0 0.131481445382 0.255892255892 0.509580376302 0.602127885528 0.104144803773 0.00663349917082 0.537037037037
重+回+平稳 0.0 0.0933095849551 0.361914600551 0.517364153813 0.555001182104 0.0255046833771 0.0 0.753787878788
回+平稳+健康 0.0 0.0873864967851 0.498234774934 0.527093712851 0.531153567937 0.0159957813841 0.0 0.752427184466
平稳+健康+发展 3.0 0.0847094051008 0.541889483066 0.529957968307 0.532286402539 0.0302693947073 0.0 0.754901960784
健康+发展+轨道 0.0 0.155670399629 0.440909090909 0.532188990523 0.612882581147 0.105942566001 0.0 0.55
驻+韩+美军 0.0 0.211958625554 0.255892255892 0.160943539969 0.693070872279 0.276455430191 0.0182421227197 0.537037037037
记者会+上+表示 0.0 0.124405438377 0.424157303371 0.318938033473 0.845475367788 0.336871184919 0.00335401643467 0.429775280899
美国+反导+系统 0.0 0.138323351352 0.440909090909 0.161985492801 0.857624112536 0.233583473098 0.00597014925374 0.55
推动+两+国 0.0 0.288089969099 0.255892255892 0.392758708537 0.793725038787 0.281873351315 0.0232172470978 0.537037037037
两+国+外交部 0.0 0.236485857597 0.363636363636 0.39143052319 0.702035135397 0.337284639802 0.0438981562774 0.529411764706
商定+通过+两 0.0 0.130219099857 0.439193257074 0.752076399389 0.456423833422 0.0901270010538 0.0429969358505 0.632450331126
两+军+渠道 0.0 0.161037469834 0.255892255892 0.666889318088 0.541377764813 0.128672670844 0.0630182421227 0.537037037037
韩+关系+出现 0.0 0.230281833575 0.364973262032 0.320976296442 0.88560583458 0.316428647619 0.206321334504 0.544117647059
中+韩+双方 0.0 0.401752893505 0.255892255892 0.479934695671 0.785581327982 0.419708137845 0.24543946932 0.537037037037
改善+中+韩 0.0 0.197934235308 0.255892255892 0.349975710584 0.829068938431 0.370412113222 0.22056384743 0.537037037037
推动+双边+关系 3.0 0.228582966005 0.440909090909 0.501914795071 0.69437768654 0.258292635192 0.106716417911 0.55
领域+交流+合作 3.0 0.203678479235 0.541889483066 0.682712581808 0.605775653261 0.117336484856 0.00731635937958 0.754901960784
交流+合作+早日 0.0 0.193433085833 0.541889483066 0.688951045251 0.599458636497 0.0933417186654 0.0153643546971 0.754901960784
合作+早日+回到 0.0 0.247941129193 0.440909090909 0.617763154106 0.676846407831 0.178832987815 0.00970149253732 0.55
早日+回到+正常 0.0 0.212142756372 0.440909090909 0.603076513153 0.698444651902 0.108293575243 0.0 0.55
回到+正常+发展 3.0 0.221420112798 0.440909090909 0.610250496791 0.694769231355 0.0914348835897 0.0 0.55
正常+发展+轨道 0.0 0.22977908084 0.440909090909 0.577294687756 0.706904704022 0.115531258719 0.0 0.55
中方+从+维护 0.0 0.149019359613 0.393356643357 0.668862680494 0.471997469262 0.230689420724 0.0683122847303 0.557692307692
安全+的+立场 0.0 0.189363319572 0.357575757576 0.533748520739 0.632222452349 0.26968375041 0.0174129353234 0.533333333333
反对+在+韩国 0.0 0.173164282423 0.357575757576 0.561010331831 0.60999534967 0.356981466718 0.0870646766169 0.533333333333
解决+朝+核 0.0 0.194420374432 0.338842975206 0.624032512367 0.549605867123 0.223422855951 0.00407055630935 0.545454545455
中+两+国 0.0 0.275325606778 0.227272727273 0.422810242845 0.78331963989 0.229300161535 0.0179104477612 0.75
推动+各个+领域 0.0 0.222421294161 0.347593582888 0.53517351688 0.719583220488 0.243530484862 0.0131694468832 0.441176470588
双方+表示+高度 0.0 0.130351069905 0.440909090909 0.839374969235 0.414371141955 0.14067796686 0.00298507462686 0.55
表示+高度+重视 0.0 0.0934472129379 0.541889483066 0.873099814923 0.371959436338 0.0812809198035 0.00365817968978 0.754901960784
高度+重视+中 0.0 0.0943782531627 0.498234774934 0.868686821993 0.376722156746 0.0760041294749 0.00391247645268 0.752427184466
重视+中+韩 0.0 0.152820203076 0.255892255892 0.630566607963 0.561879988254 0.213647188977 0.20232172471 0.537037037037
愿+根据+双边 0.0 0.197305407068 0.393356643357 0.612116210436 0.629944571449 0.218964944694 0.0198048220436 0.557692307692
双边+共同+文件 0.0 0.171347321051 0.440909090909 0.736384010557 0.495160625596 0.109548107717 0.00597014925374 0.55
文件+的+精神 0.0 0.0915339172815 0.57513148009 0.761374406676 0.45446788911 0.0127920733778 0.0 0.888429752066
中+韩+战略 3.0 0.201957651391 0.255892255892 0.534629080777 0.665059856322 0.244620132228 0.199004975124 0.537037037037
韩+战略+合作 0.0 0.113798601488 0.498234774934 0.735729786282 0.546174875193 0.064207629541 0.0 0.752427184466
战略+合作+伙伴 0.0 0.121927535112 0.541889483066 0.704336282543 0.596408867208 0.0990743660483 0.0 0.754901960784
合作+伙伴+关系 3.0 0.21019037504 0.440909090909 0.64593217094 0.627247514528 0.196318766095 0.00597014925374 0.55
伙伴+关系+发展 0.0 0.14411922182 0.541889483066 0.69029507114 0.596632662607 0.109127411229 0.00687737781679 0.754901960784
加强+两+国 0.0 0.253570178508 0.255892255892 0.590555539794 0.643265111308 0.23893498517 0.0132669983416 0.537037037037
两+国+交流 0.0 0.286795625322 0.255892255892 0.581896753487 0.657553418635 0.231718054606 0.0199004975124 0.537037037037
国+交流+合作 0.0 0.183844071832 0.498234774934 0.693844459827 0.56841856876 0.0892751873184 0.00782495290539 0.752427184466
交流+合作+符合 0.0 0.16653411454 0.541889483066 0.701328383949 0.543526775731 0.0744983077749 0.00731635937958 0.754901960784
合作+符合+双方 0.0 0.225959644454 0.440909090909 0.637031459894 0.604891013656 0.166756744463 0.00597014925374 0.55
符合+双方+共同 0.0 0.273583983766 0.440909090909 0.604727936433 0.673201346956 0.202231685451 0.00597014925374 0.55
双方+共同+利益 0.0 0.267690692453 0.440909090909 0.610974434131 0.673745892279 0.203087790388 0.00970149253732 0.55
外交部+发言人+耿爽 0.0 0.105468676356 0.78307370379 0.36007795591 0.794761541707 0.191477356335 0.0 0.75831202046
约+合+人民币 0.0 0.108570002052 0.363636363636 0.357328575109 0.761004134628 0.242412251283 0.0 0.529411764706
双边+关系+早日 0.0 0.168822643118 0.541889483066 0.519522486635 0.64971135691 0.138880389693 0.0109745390694 0.754901960784
关系+早日+回到 0.0 0.14451918165 0.541889483066 0.529695670312 0.636546549545 0.0773420698974 0.0 0.754901960784
导弹+防御+系统 0.0 0.181951163965 0.440909090909 0.106718798547 0.874000792448 0.315604619386 0.0 0.55
10月+31日+报道 0.0 0.191842432186 0.378079864061 0.298981256449 0.829261895522 0.312311856886 0.0 0.546728971963
双方+认为+加强 0.0 0.0984206158873 0.541889483066 0.730531947584 0.410380939579 0.0385369566753 0.0 0.754901960784
认为+加强+两 0.0 0.0992934688214 0.498234774934 0.737287742314 0.413574307074 0.0281268834287 0.0 0.752427184466
立场+是+明确 0.0 0.170679876929 0.31658692185 0.437682736474 0.710043889302 0.264443428875 0.0146635244828 0.429824561404
关系+发展+障碍 0.0 0.134976101844 0.541889483066 0.662888749354 0.53608927315 0.0921828855835 0.00687737781679 0.754901960784
韩+双方+日前 0.0 0.267930074885 0.364973262032 0.715124665636 0.500816410351 0.245857821031 0.0263388937665 0.544117647059
报道+韩媒+称 0.0 0.185061075276 0.398701298701 0.173330766761 0.789649858631 0.141025785255 0.0102345415778 0.642857142857
货币+互换+协议 0.0 0.598805624059 0.440909090909 0.397133208404 0.866317251735 0.382145739331 0.0626865671642 0.55
日前+通过+中国 0.0 0.185808151077 0.423753665689 0.620785570644 0.575364819138 0.336866294506 0.0909966297546 0.564516129032
中国+外交部+部长 0.0 0.168531573693 0.57196969697 0.529760981395 0.729212106721 0.274174715762 0.0317164179104 0.541666666667
外交部+部长+助理 0.0 0.156036632841 0.540618955513 0.608311371866 0.665886198864 0.247071564744 0.0285805017466 0.542553191489
部长+助理+孔铉佑 0.0 0.121979927101 0.520750988142 0.729709118522 0.523590969019 0.151884207256 0.0 0.554347826087
孔铉佑+同+韩国 0.0 0.140166879498 0.555344744066 0.64518386446 0.540172878228 0.264025620742 0.0816521301131 0.648756660746
韩国+国家+安保室 0.0 0.162685738201 0.520750988142 0.689243121938 0.547907533655 0.161256755332 0.00292018170019 0.554347826087
安保室+第二+次 0.0 0.106782529552 0.627742946709 0.707162054912 0.530277765729 0.0872925891396 0.0 0.811866125761
次+长+南官杓 0.0 0.0979936150319 0.476363636364 0.797206362617 0.434293811691 0.0441070474028 0.0 0.76
长+南官杓+之间 0.0 0.0877981608417 0.574597651153 0.838328179371 0.364893649605 0.0285374684662 0.0 0.748803827751
之间+的+渠道 0.0 0.158213011179 0.294421487603 0.640852286665 0.562697710043 0.215297572825 0.0251017639077 0.431818181818
问题+等+进行 0.0 0.183521109902 0.466818181818 0.607711085868 0.596324894221 0.238683043378 0.054328358209 0.655
进行+了+外交 0.0 0.215933645603 0.31658692185 0.536822503071 0.665881315321 0.378343869879 0.0424194815398 0.429824561404
外交+部门+间 0.0 0.155423028287 0.364973262032 0.695653324998 0.56511075449 0.20636860524 0.00307287093941 0.544117647059
部门+间+沟通 0.0 0.178013460259 0.330578512397 0.740325469731 0.517662486268 0.143425938986 0.0379918588874 0.545454545455
双方+再次+确认 0.0 0.102360004478 0.440909090909 0.843969914153 0.260990819596 0.122204609033 0.00298507462686 0.55
再次+确认+实现 0.0 0.10379759048 0.440909090909 0.88342809742 0.237434819881 0.138089515411 0.0 0.55
实现+朝鲜+半岛 0.0 0.139354956203 0.440909090909 0.797442364326 0.357308093547 0.208855868541 0.00373134328358 0.55
朝鲜+半岛+无核化 0.0 0.164881218986 0.520750988142 0.732527834697 0.413559168803 0.239712024976 0.00648929266709 0.554347826087
问题+的+原则 0.0 0.18177726725 0.366741953698 0.587636195594 0.553214049232 0.244150507318 0.115138592751 0.555900621118
外交+手段+推动 0.0 0.130635423418 0.440909090909 0.797913369358 0.350941265631 0.153381322179 0.00298507462686 0.55
手段+推动+解决 0.0 0.126265638651 0.440909090909 0.816638678558 0.272892983335 0.118595585412 0.00298507462686 0.55
表示+为此+进一步 0.0 0.123255297496 0.475350520127 0.603790985756 0.520657122694 0.317668925654 0.00334150144798 0.437810945274
进一步+加强+战略 0.0 0.105055539099 0.540618955513 0.806114475066 0.322670050193 0.133389055802 0.0 0.542553191489
加强+战略+沟通 3.0 0.13911849432 0.440909090909 0.801517204895 0.296210140649 0.130109014711 0.0 0.55
沟通+和+合作 0.0 0.293936463545 0.294421487603 0.660731475847 0.539068198899 0.316743419977 0.0498643147897 0.431818181818
关系+等+进行 0.0 0.210688835128 0.329201101928 0.509485280647 0.654135842274 0.340613243502 0.143826322931 0.439393939394
注意+到+韩方 0.0 0.214606524408 0.31658692185 0.667117238026 0.538813653387 0.279437111504 0.0183294056036 0.429824561404
表明+的+立场 0.0 0.167207939997 0.357575757576 0.624344657773 0.556319133341 0.217189874699 0.0139303482587 0.533333333333
希望+韩方+妥善 0.0 0.158604509887 0.440909090909 0.65370361464 0.48322586907 0.179144942818 0.0 0.55
韩方+妥善+处理 0.0 0.175555660679 0.440909090909 0.685343048442 0.461914423562 0.155806324916 0.0194029850746 0.55
处理+有关+问题 0.0 0.195765408666 0.444444444445 0.523936623392 0.58363350164 0.261198317267 0.102819237148 0.555555555556
双方+就+中 0.0 0.346930142698 0.331695331695 0.653176185551 0.637774738682 0.312063237368 0.0548608309802 0.662162162162
韩+中国+游客 0.0 0.304820403061 0.498234774934 0.600025886477 0.694040411934 0.286139060294 0.0110128966816 0.752427184466
国家+的+安全 0.0 0.156066410182 0.466818181818 0.471066768889 0.490152907525 0.217283262537 0.0031343283582 0.655
中国+游客+锐减 3.0 0.283133971881 0.541889483066 0.549554027034 0.657038382872 0.254415693603 0.00731635937958 0.754901960784
首尔+市内+酒店 0.0 0.304064785077 0.440909090909 0.831523179711 0.294030325517 0.241532710566 0.00597014925374 0.55
