1
1 1 1 1 1
在前不久举行的百度世界大会上，百度发布了一则震惊业界的重磅消息：百度与金龙客车合作研发的无人驾驶小巴车将于2018年实现量产。
2
9 3 2 1 2
这款无人车被命名为“阿波龙”，《经济日报》记者看到的样车显示，该车没有明显的车头车尾，车厢内没有方向盘、没有油门踏板，三面布置着沙发，看起来很像一个有壳子、带轮子的沙发包厢。
9 4 2 2 2
“对于真正的无人驾驶而言，方向盘和驾驶踏板都是多余的。”金龙客车工程研究院院长陈卫强介绍，因为取消了传统汽车的部分零部件，“阿波龙”只有家用A级车大小，可以停在私家车位上，并能搭载14个人，载客量几乎相当于3台轿车。
3
10 6 3 1 3
这款无人车被命名为“阿波龙”，《经济日报》记者看到的样车显示，该车没有明显的车头车尾，车厢内没有方向盘、没有油门踏板，三面布置着沙发，看起来很像一个有壳子、带轮子的沙发包厢。
10 7 3 2 3
“对于真正的无人驾驶而言，方向盘和驾驶踏板都是多余的。”金龙客车工程研究院院长陈卫强介绍，因为取消了传统汽车的部分零部件，“阿波龙”只有家用A级车大小，可以停在私家车位上，并能搭载14个人，载客量几乎相当于3台轿车。
10 8 3 3 3
除了金龙汽车之外，江淮汽车也将在2019年生产“阿波龙”第一代汽车，北汽同样定于2019年生产自动驾驶汽车，奇瑞汽车定于2020年推出自动驾驶汽车。
3
12 6 3 1 3
百度的无人车量产是非常有计划的，他们先是要在明年的7月底推出无人驾驶的巴士车，而且这也是百度首次与金龙客车的合作。
12 7 3 2 3
当然这也仅仅是开始，在接下来的2019年和2020年期间，百度还要和北汽、江淮、奇瑞等知名汽车企业共同打造无人驾驶汽车。
12 8 3 3 3
值得一提的是在本次的2017百度世界大会上，百度和金龙客车生产的无人驾驶巴士就出现在了现场，这也让所有到场的人着实眼前一亮。
3
12 6 3 1 3
百度的无人车量产是非常有计划的，他们先是要在明年的7月底推出无人驾驶的巴士车，而且这也是百度首次与金龙客车的合作。
12 7 3 2 3
当然这也仅仅是开始，在接下来的2019年和2020年期间，百度还要和北汽、江淮、奇瑞等知名汽车企业共同打造无人驾驶汽车。
12 8 3 3 3
值得一提的是在本次的2017百度世界大会上，百度和金龙客车生产的无人驾驶巴士就出现在了现场，这也让所有到场的人着实眼前一亮。
2
17 2 2 1 2
无人驾驶汽车真的要来了。
17 3 2 2 2
11月16日，2017百度世界大会在北京举行，百度公司董事长李彦宏透露，目前无人驾驶技术已经成熟，预计明年7月，百度与金龙客车合作生产的无人驾驶小巴车将实现量产。
2
17 8 5 1 2
不仅如此，李彦宏还在现场抛出重磅炸弹：百度与金龙客车合作，计划明年推出中国首款无人驾驶微循环巴士“阿波龙”，这意味着中国自动驾驶量产时间或将提前两年。
17 9 5 2 2
李彦宏说：“对无人驾驶，基本共识是2020年可以实现无人驾驶车的量产。但是作为一个创新者，百度是不甘心的，我们希望能够把这个时间表再提前一些。百度计划在2018年7月底，与金龙合作率先实现无人驾驶小巴车的小规模量产及试运营，并在2019年与江淮、北汽，2020年与奇瑞共同推出无人车。”
1
17 28 15 1 1
此次与百度合作的金龙客车常务副总经理周方明也认为，“无人驾驶汽车未来的路还很漫长，今天我们同百度Apollo共同迈出了自动驾驶商业化的一小步，希望这一小步可以推动新的大众交通方式向前迈出一大步。”
1
17 39 22 1 1
百度与金龙客车联合开发的第二代无人驾驶微循环车“阿波龙”是中国首辆商用级无人驾驶微循环车，这款无人驾驶微循环车的诞生，使百度Apollo（无人驾驶技术平台）携手金龙客车进入一个新的高度，将实现工业4.0时代大众出行的新跨越。
1
17 49 27 1 1
金龙客车工程研究院副院长陈卫强表示，百度“Apollo基因”的注入与金龙龙翼无人驾驶车联网研发成果的应用，让“阿波龙”拥有最强的“智慧大脑”。
1
19 1 1 1 1
“罚单已经收到了，无人驾驶还会远吗?量产金龙小巴将在2018年呈现。”2017年11月16日，在北京举行的百度世界大会上，百度创始人、CEO李彦宏在主题演讲中表示，百度与金龙客车联合开发的第二代无人驾驶微循环车阿波龙将于2018年实现商用化量产及上线运营。
1
19 2 2 1 1
“阿波龙”同时也是中国首辆商用级无人驾驶微循环车，这款无人驾驶微循环车的诞生，使百度Apollo携手金龙客车进入一个新的高度，将实现工业4.0时代大众出行的新跨越。
2
19 3 3 1 2
百度智能驾驶事业群组总经理李震宇、百度副总裁邬学斌、金龙客车常务副总经理周方明、金龙客车工程研究院副院长陈卫强等人出席了百度世界大会，在智能驾驶分论坛，隆重地发布了第二代无人驾驶微循环车。
19 4 3 2 2
发布现场，陈院长做了最新商用无人驾驶演讲，并详细介绍第二代无人驾驶微循环车技术亮点。
2
19 16 8 1 2
集30年客车研发制造经验，以及20年新能源客车研发积淀，金龙客车将扎实的车辆研发实力与制造平台应用于阿波龙。
19 17 8 2 2
结合百度Apollo的自动驾驶解决方案，金龙客车严格按照量产标准进行阿波龙整个开发过程，包括从产品概念，到定义、开发、验证以及最终的上市。
2
19 16 8 1 2
集30年客车研发制造经验，以及20年新能源客车研发积淀，金龙客车将扎实的车辆研发实力与制造平台应用于阿波龙。
19 17 8 2 2
结合百度Apollo的自动驾驶解决方案，金龙客车严格按照量产标准进行阿波龙整个开发过程，包括从产品概念，到定义、开发、验证以及最终的上市。
2
19 21 11 1 4
2017年4月Apollo计划发布以来，金龙客车成为首批加入Apollo生态的唯一客车企业。
19 22 11 2 4
7月双方正式签署了技术合作协议，致力于共同发力无人驾驶生态，此后双方高效、扎实推进无人驾驶在中国商用车领域的落地。
3
19 25 12 1 3
真正无人驾驶汽车成为主流交通工具，还需要较长时间的探索。
19 26 12 2 3
百度Apollo开放平台与金龙客车，通过无人驾驶微循环车在特定场景的运营，为无人驾驶车辆在中国的商用落地树立样本和标杆。
19 27 12 3 3
正如金龙客车常务副总经理周方明所说：“无人驾驶未来的路还很漫长，今天我们同百度Apollo共同迈出了自动驾驶商业化的一小步，希望这一小步可以推动新的大众交通方式向前一大步。”
3
19 25 12 1 3
真正无人驾驶汽车成为主流交通工具，还需要较长时间的探索。
19 26 12 2 3
百度Apollo开放平台与金龙客车，通过无人驾驶微循环车在特定场景的运营，为无人驾驶车辆在中国的商用落地树立样本和标杆。
19 27 12 3 3
正如金龙客车常务副总经理周方明所说：“无人驾驶未来的路还很漫长，今天我们同百度Apollo共同迈出了自动驾驶商业化的一小步，希望这一小步可以推动新的大众交通方式向前一大步。”
3
20 2 2 1 3
截至2017百度大会上交成绩单当天，Apollo平台正式开放两款落地产品，分别为Apollo小度车载智能系统和ApolloPilot自动驾驶产品。
20 3 2 2 3
商业量产上，百度将与金龙客车在2018年推出中国首款无人驾驶微循环巴士“阿波龙”，与江淮、北汽在2019年，与奇瑞在2020年推出自动驾驶量产车型。
20 4 2 3 3
除此之外，百度还透露将与雄安新区就智能出行展开合作。
1
22 2 2 1 1
上证报消息，11月16日，在百度世界大会现场，董事长李彦宏透露，百度计划在2018年7月底，与金龙客车合作实现L4级小型客车的小规模量产及试运营，并在2019年与江淮、北汽，2020年与奇瑞共同推出L3级无人车。
1
24 3 2 1 1
百度将与金龙客车合作的首款无人驾驶量产车“阿波龙”。
3
24 6 4 1 4
李彦宏透露，百度将在2018年7月底率先推出无人驾驶量产车，这一时间将比业界普遍认为的无人车量产时间提前了两年。
24 7 4 2 4
据悉，该款量产车为百度阿波罗与金龙客车合作生产的无人驾驶小巴，名为“阿波龙”。
24 8 4 3 4
另外，到2019年-2020年，百度将与江淮汽车、北汽集团、奇瑞汽车共同推出无人车。
1
27 1 1 1 1
厦门网讯(厦门日报记者刘艳)昨日在北京举行的百度世界大会上，百度创始人、CEO李彦宏在主题演讲中表示，百度与金龙客车联合开发的第二代无人驾驶微循环车“阿波龙”，将于2018年实现商用化量产及上线运营。
1
27 2 2 1 1
“阿波龙”同时也是中国首辆商用级无人驾驶微循环车，这款无人驾驶微循环车的诞生，使百度Apollo(无人驾驶技术平台)携手金龙客车进入一个新的高度，将实现工业4.0时代大众出行的新跨越。
1
27 12 7 1 1
金龙客车工程研究院副院长陈卫强表示，百度“Apollo基因”的注入与金龙龙翼无人驾驶车联网研发成果的应用，让“阿波龙”拥有最强的“智慧大脑”。
3
27 16 10 1 3
真正无人驾驶汽车成为主流交通工具，还需要较长时间的探索。
27 17 10 2 3
百度Apollo开放平台与金龙客车，通过无人驾驶微循环车在特定场景的运营，为无人驾驶车辆在中国的商用落地树立样本和标杆。
27 18 10 3 3
金龙客车常务副总经理周方明认为:“无人驾驶汽车未来的路还很漫长，今天我们同百度Apollo共同迈出了自动驾驶商业化的一小步，希望这一小步可以推动新的大众交通方式向前迈出一大步”。
3
27 16 10 1 3
真正无人驾驶汽车成为主流交通工具，还需要较长时间的探索。
27 17 10 2 3
百度Apollo开放平台与金龙客车，通过无人驾驶微循环车在特定场景的运营，为无人驾驶车辆在中国的商用落地树立样本和标杆。
27 18 10 3 3
金龙客车常务副总经理周方明认为:“无人驾驶汽车未来的路还很漫长，今天我们同百度Apollo共同迈出了自动驾驶商业化的一小步，希望这一小步可以推动新的大众交通方式向前迈出一大步”。
1
30 3 2 1 1
甚至比计划更早，李彦宏瞄准2018年，“无人驾驶基本共识是2020年量产，但百度希望把时间表再提前一些。百度计划在2018年7月底，与金龙客车实现无人驾驶小巴车的小规模量产；在2019年与江淮生产基于Apollo的自动驾驶汽车、与北汽在同年生产基于Apollo的L3自动驾驶汽车；2020年与奇瑞共同推出无人车”。
2
32 1 1 1 2
新华社北京11月16日电（记者张辛欣、鲁畅）2017百度世界大会16日召开，百度公司董事长李彦宏在大会上指出，目前，无人驾驶技术已经成熟，预计明年7月，百度与金龙客车合作生产的无人驾驶小巴车将实现量产。
32 2 1 2 2
此外，百度也与江淮、北汽等合作伙伴联合推出更多款车型的无人驾驶汽车。
3
35 5 3 1 4
李彦宏透露，百度将在2018年7月底率先推出无人驾驶量产车，这一时间将比业界普遍认为的无人车量产时间提前了两年。
35 6 3 2 4
据悉，该款量产车为百度阿波罗与金龙客车合作生产的无人驾驶小巴，名为“阿波龙”。
35 7 3 3 4
另外，到2019年-2020年，百度将与江淮汽车、北汽集团、奇瑞汽车共同推出无人车。
1
49 2 2 1 1
无独有偶，10月17日，一则百度与金龙客车签署战略合作协议的新闻闹得沸沸扬扬，双方承诺将于明年7月将小批量产合作研发的无人驾驶微循环车投入试运营。
1
49 62 30 1 1
无独有偶，10月17日，一则百度与金龙客车签署战略合作协议的新闻闹得沸沸扬扬，双方承诺将于明年7月将小批量产合作研发的无人驾驶微循环车投入试运营。
2
51 7 4 1 2
此外，百度昨日在官方渠道公布，与金龙客车签署战略合作协议，决定于2018年实现商用级无人驾驶微循环车的小规模量产及试运营。
51 8 4 2 2
这是继北汽和雄安之后，这个月内百度的第三次重大合作。
1
52 4 2 1 1
10月17日，百度Apollo（阿波罗）与金龙客车的合作再落实锤，双方宣布，将在2018年7月底前实现商用级无人驾驶微循环车的小规模量产及试运营，这将是国内首个实现量产的无人驾驶客车。
3
52 6 4 1 3
在百度与金龙客车的签约仪式上，双方公布了金龙客车第二代无人驾驶微循环车的外观设计。
52 7 4 2 3
金龙客车第二代无人驾驶微循环车定位解决“最后一公里”的出行问题。
52 8 4 3 3
据悉，这款无人驾驶微循环车可实现特定场景下的完全无人驾驶。
3
52 6 4 1 3
在百度与金龙客车的签约仪式上，双方公布了金龙客车第二代无人驾驶微循环车的外观设计。
52 7 4 2 3
金龙客车第二代无人驾驶微循环车定位解决“最后一公里”的出行问题。
52 8 4 3 3
据悉，这款无人驾驶微循环车可实现特定场景下的完全无人驾驶。
2
53 1 1 1 2
10月17日，百度与金龙客车签署战略合作协议，计划于2018年实现商用级无人驾驶微循环车的小规模量产及试运营，此举将国内自动驾驶量产计划提前了两年。
53 2 1 2 2
百度董事会副主席、百度集团总裁兼首席运营官陆奇、百度智能驾驶事业群组总经理李震宇、百度副总裁邬学斌、金龙客车董事长谢思瑜、金龙客车常务副总周方明、金龙客车工程研究院副院长陈卫强等人出席签约仪式。
2
53 1 1 1 2
10月17日，百度与金龙客车签署战略合作协议，计划于2018年实现商用级无人驾驶微循环车的小规模量产及试运营，此举将国内自动驾驶量产计划提前了两年。
53 2 1 2 2
百度董事会副主席、百度集团总裁兼首席运营官陆奇、百度智能驾驶事业群组总经理李震宇、百度副总裁邬学斌、金龙客车董事长谢思瑜、金龙客车常务副总周方明、金龙客车工程研究院副院长陈卫强等人出席签约仪式。
1
53 3 2 1 1
百度董事会副主席、百度集团总裁兼首席运营官陆奇表示：“商用汽车将是自动驾驶技术率先商业量产的产品。Apollo平台和金龙客车携手合作，通过双方各自在人工智能和车辆制造方面的突出优势，不仅可以创造丰厚的商业价值，还能改善历史已久的中国交通问题，助推中国汽车产业升级。Apollo平台将快速帮助中国汽车工业实力在数年内实现跳跃性增长。”
1
53 4 3 1 1
对于双方合作，金龙客车董事长谢思瑜认为：“Apollo与金龙客车的合作把安全、便捷、有序的公共出行愿景提前至2018年，推动了自动驾驶技术的快速落地，更迈出了中国公共交通智能化、共享化、网联化坚实的一大步。”
1
54 1 1 1 1
在百度2017年9月20日举行的Apollo1.5开放技术发布会上，金龙客车基于Apollo1.0组建的一款自动驾驶巴士，让全汽车行业看到大型商用汽车实现自动驾驶的可行性。
2
54 2 2 1 2
如今，这一梦想正照进现实。
54 3 2 2 2
2017年10月17日，百度与金龙客车签署战略合作协议，计划于2018年实现商用级无人驾驶微循环车的小规模量产及试运营，此举将国内自动驾驶量产计划提前了两年，在中国客车乃至汽车工业“智造”的进程中迈出里程碑式的新步伐。
1
54 4 3 1 1
百度董事会副主席、百度集团总裁兼首席运营官陆奇、百度智能驾驶事业群组总经理李震宇、百度副总裁邬学斌、金龙客车董事长谢思瑜、金龙客车常务副总经理周方明、金龙客车工程研究院副院长陈卫强等人出席签约仪式。
3
54 5 4 1 3
签约仪式上，百度与金龙客车一起揭晓了金龙客车第二代无人驾驶微循环车的神秘面纱。
54 6 4 2 3
它将解决公共交通未覆盖的“最后一公里”的出行问题。
54 7 4 3 3
双方合作研发的这款无人驾驶微循环车可实现特定场景下的完全无人驾驶，并计划在2018年7月底实现小规模量产及试运营。
1
54 10 6 1 1
金龙第二代无人驾驶微循环车依托金龙客车扎实的研发实力和车辆制造平台，结合Apollo的自动驾驶解决方案，开启了国内无人驾驶巴士整车设计、量产标准和上路运行模式的探索先河，在中国客车乃至汽车工业“智造”的进程中迈出里程碑式的新步伐。
2
54 11 7 1 5
Apollo与金龙客车此前便达成了深度合作伙伴关系。
54 12 7 2 5
金龙客车是Apollo首批生态合作伙伴，也是首个加入Apollo生态的客车企业。
3
54 11 7 1 5
Apollo与金龙客车此前便达成了深度合作伙伴关系。
54 12 7 2 5
金龙客车是Apollo首批生态合作伙伴，也是首个加入Apollo生态的客车企业。
54 13 7 3 5
早在2017年4月初Apollo计划发布时，金龙客车就同百度建立了联系，2017年6月份双方正式签署了技术合作协议。
3
54 12 7 2 5
金龙客车是Apollo首批生态合作伙伴，也是首个加入Apollo生态的客车企业。
54 13 7 3 5
早在2017年4月初Apollo计划发布时，金龙客车就同百度建立了联系，2017年6月份双方正式签署了技术合作协议。
54 14 7 4 5
在9月20日Apollo1.5开放技术发布会上，借助Apollo1.0高效的赋能，金龙微循环公交实现了平稳的自动循迹驾驶以及流畅的控制体验。
3
54 16 8 1 3
商用车运行环境较为单纯、运行工况更加稳定，并且更易产生规模经济效应，被业界普遍认为是自动驾驶技术最先落地的场景。
54 17 8 2 3
Apollo与金龙客车在无人驾驶巴士和公共交通出行设计上的合作，给自动驾驶时代的中国公共交通提供了发展范本，还将为国内复杂的交通状况提供优化方案。
54 18 8 3 3
拥有“智能”大脑，无人驾驶巴士能够科学准确地做出决策，缓解交通拥堵，节省出行时间，提升运行效率，并减少交通事故。
1
54 19 9 1 1
百度董事会副主席、百度集团总裁兼首席运营官陆奇表示：“商用汽车将是自动驾驶技术率先商业量产的产品。Apollo平台和金龙客车携手合作，通过双方各自在人工智能和车辆制造方面的突出优势，不仅可以创造丰厚的商业价值，还能改善历史已久的中国交通问题，助推中国汽车产业升级。Apollo平台将快速帮助中国汽车工业实力在数年内实现跳跃性增长。”
1
54 20 10 1 1
对于双方合作，金龙客车董事长谢思瑜认为：“Apollo与金龙客车的合作把安全、便捷、有序的公共出行愿景提前至2018年，推动了自动驾驶技术的快速落地，更迈出了中国公共交通智能化、共享化、网联化坚实的‘一大步’。”
2
56 1 1 1 2
新浪科技讯10月17日晚间消息，百度今天与金龙客车签署战略合作协议，将于2018年实现商用级无人驾驶微循环车的小规模量产及试运营。
56 2 1 2 2
百度方面表示，此次合作也意味着国内首款无人驾驶巴士量产。
2
56 3 2 1 2
据双方介绍，双方合作研发的金龙客车第二代无人驾驶微循环车可以实现特定场景下的完全无人驾驶，主要应用场景为公共交通未覆盖的“最后一公里”出行。
56 4 2 2 2
除提供自动驾驶解决方案外，百度无人驾驶平台Apollo还参与了包括整体车辆外观与内饰、人车交互系统、特定场景需求架构、微循环车特定自动驾驶系统等设计环节。
3
56 5 3 1 3
此前，Apollo平台已与金龙客车达成深度合作伙伴关系，在今年6月正式签署了技术合作协议。
56 6 3 2 3
据百度方面在今年9月20日Apollo1.5发布会上透露，金龙中巴借助Apollo1.0已经能够实现平稳自动循迹驾驶及流畅控制体验。
56 7 3 3 3
双方此前表示将继续深化合作，推出自动驾驶的商业化项目，并根据行业标准和政策法规的发展和要求，适时推动自动驾驶在国内的示范运营。
1
56 8 4 1 1
百度公司董事会副主席、百度集团总裁兼首席运营官陆奇、百度智能驾驶事业群组总经理李震宇、百度副总裁邬学斌、金龙客车董事长谢思瑜、金龙客车常务副总经理周方明、金龙客车工程研究院副院长陈卫强等出席签约仪式。
1
56 9 5 1 1
对于双方合作，陆奇表示：“商用汽车将是自动驾驶技术率先商业量产的产品。Apollo平台和金龙客车携手合作，通过双方各自在人工智能和车辆制造方面的突出优势，不仅可以创造丰厚的商业价值，还能改善历史已久的中国交通问题，助推中国汽车产业升级。Apollo平台将快速帮助中国汽车工业实力在数年内实现跳跃性增长。”
1
56 10 6 1 1
金龙客车董事长谢思瑜认为：“Apollo与金龙客车的合作把安全、便捷、有序的公共出行愿景提前至2018年，推动了自动驾驶技术的快速落地，更迈出了中国公共交通智能化、共享化、网联化坚实的一大步。”（周峰）
1
88 7 4 1 1
受此影响，长安汽车、长城汽车、福田汽车、江淮汽车、金龙客车、中兴通讯、路畅科技等入围Apollo生态合作伙伴联盟的A股上市公司股价纷纷大涨，路畅科技午后更是直接涨停，连中兴通讯这样的大盘股也大涨3.89%。
