15 3 2 1 2
2017年8月8日21时19分，四川阿坝州九寨沟县发生7.0级地震，又一次让全国的目光投向四川。
15 4 2 2 2
法治周末记者随后赶赴现场，采访并见证了九寨沟森林警察抢险救灾的日日夜夜
16 1 1 1 2
8月8日晚，四川阿坝州九寨沟县发生7.0级地震，灾情牵动着亿万人民的心。
16 2 1 2 2
面对震区交通、水电、通讯大面积中断，商户店面遭受损毁，以及各类金融服务被迫中止等紧急情形，银联商务迅速启动应急机制，第一时间部署开展抗震救灾工作，在灾区道路封锁的情况下，积极通过现代化金融服务为灾区人民、滞留游客、救援官兵以及当地商户提供应急金融援助服务。
19 1 1 1 2
四川阿坝州九寨沟县8月8日晚间发生7.0级地震，8月9日清晨，新疆精河县又发生6.6级地震。
19 2 1 2 2
那么，这次九寨沟地震和新疆精河地震的原因是什么？
20 1 1 1 2
8月8日21时19分，四川阿坝州九寨沟县发生7.0级地震，造成灾区25人死亡和493人受伤，震中大量建筑受到损毁。
20 2 1 2 2
地震发生后，贵州省地震局以及三支地震救援队千里驰援，14日，所有应急救援队员已完成任务安全归来。
21 1 1 1 2
重庆商报讯8月8日，21时19分，四川阿坝州九寨沟县发生7.0级地震，造成重大人员伤亡和财产损失。
21 2 1 2 2
昨天上午，重庆火锅大联盟的几名代表携带着大家捐赠的总计18400元善款来到重庆市红十字会，希望为抗震救灾献出一份绵薄之力。
34 1 1 1 2
8月8日晚至9日清晨，四川阿坝州九寨沟县发生7.0级地震，新疆博尔塔拉州精河县发生6.6级地震。
34 2 1 2 2
地震发生后，往往或多或少会涉及一些法律问题，陕西省高院官方微信就地震后可能会遇到的法律问题进行了分析。
40 2 2 1 4
新京报快讯（记者罗婷王飞）8月8日21时19分，四川阿坝州九寨沟县发生7.0级地震。
40 3 2 2 4
4名来自九寨沟景区村庄的村民在熊猫海附近失联。
47 1 1 1 1
2017年8月8日21时19分，在四川阿坝州九寨沟县附近（北纬33.20度，东经103.82度）发生7.0级左右地震，震源深度20千米。
60 1 1 1 1
中新网8月12日电中国地震台网正式测定：08月12日07时56分在四川阿坝州九寨沟县（北纬33.12度，东经103.87度）发生3.7级地震，震源深度12千米。
60 2 2 1 2
8月8日21时19分，四川阿坝州九寨沟县发生7.0级地震。
60 3 2 2 2
截至8月12日8时0分，共记录到余震总数为2903次，其中6.0—6.9级地震0次，5.0—5.9级0次，4.0—4.9级3次，3.0—3.9级26次，目前最大余震4.8级。
71 1 1 1 2
8月8日21时19分，四川阿坝州九寨沟县发生7.0级地震，地震致九寨沟景区灾情严重，多个景点不同程度受损。
71 2 1 2 2
据九寨沟管理局通报，著名景点火花海出现长50米、深约12米、宽20米的决口；86版西游记取景之一——诺日朗瀑布岩体坍塌……
75 1 1 1 4
新京报快讯（记者罗婷王飞）8月8日21时19分，四川阿坝州九寨沟县发生7.0级地震。
75 2 1 2 4
4名来自九寨沟景区村庄的村民在熊猫海附近失联。
77 1 1 1 3
据中国地震台网正式测定，北京时间2017年8月8日21时19分，在四川阿坝州九寨沟县(北纬33.2度，东经103.82度)发生7.0级地震，震源深度20公里。
77 2 1 2 3
甘肃能源监管办作为省抗震救灾指挥部成员单位，第一时间启动地震应急响应。
77 3 1 3 3
21时30分，办党组立即作出部署，由电力安全监管处通过应急联络渠道，多方了解甘肃陇南、甘南地区的电力设施受灾情况，由综合处通知全体工作人员立即启动应急响应，保持24小时应急联络畅通，随时做好奔赴灾区的准备，并在第一时间将甘肃电网、水电站运行情况向国家能源局值班室、电力安全监管司，以及甘肃省政府应急办作了汇报。
81 1 1 1 1
中新网九寨沟8月11日电（记者刘忠俊）8日21时19分在四川阿坝州九寨沟县发生7.0级地震，据现场联合指挥部报告，截至11日8时，四川省地震台网共记录到余震总数2318个，其中4.0-4.9级地震3个，3.0-3.9级地震23个，最大余震为9日10时17分发生的4.8级地震。
84 1 1 1 3
四川阿坝州九寨沟县8月8日晚间发生7.0级地震，截至9日9时25分，地震已造成13人死亡、175人受伤（28人重伤）。
84 2 1 2 3
8月9日清晨，新疆精河县又发生6.6级地震。
84 3 1 3 3
那么，这次四川九寨沟和新疆精河发生地震的原因是什么呢？
87 1 1 1 2
中新网8月11日电据国家地震台网官方微博消息，8月8日21时19分，四川阿坝州九寨沟县发生7.0级地震。
87 2 1 2 2
截至8月11日8时0分，共记录到余震总数为2318次，其中6.0—6.9级地震0次，5.0—5.9级0次，4.0—4.9级3次，3.0—3.9级23次，目前最大余震4.8级。
91 9 7 1 1
其中，“中国地震台网正式测定：08月08日21时19分在四川阿坝州九寨沟县(北纬33.20度，东经103.82度)发生7.0级地震，震源深度20千米”和“国家主席习近平对四川九寨沟7.0级地震作出重要指示：最大限度减少人员伤亡”等信息获得较大传播和关注。
93 1 1 1 1
据中国地震台网官方消息，北京时间8月8日21时19分在四川阿坝州九寨沟县（北纬33.20度，东经103.82度）发生7.0级地震，震源深度20千米，甘肃、陕西等多地有强烈震感。
98 1 1 1 1
中新网九寨沟8月11日电（记者刘忠俊）8日21时19分在四川阿坝州九寨沟县发生7.0级地震，据现场联合指挥部报告，截至11日8时，四川省地震台网共记录到余震总数2318个，其中4.0-4.9级地震3个，3.0-3.9级地震23个，最大余震为9日10时17分发生的4.8级地震。
