19 3 2 1 8
据中国地震局地震预测研究所研究员陈会忠和中国地科院地质研究员、国土资源首席科学传播专家苏德辰分析，这次地震发生在我国地震活跃的南北地震带上。
19 4 2 2 8
南北地震带是我国大地震多发地区，近年来汶川、玉树、卢山、鲁甸、景谷等地震都是发生在南北地震带上。
33 13 7 1 1
专家对此表示，我国地震活动处于正常活动水平。
33 14 8 1 3
张晓东给出一组统计数据：每年全球发生18次左右的7级地震，200次左右的6级地震。
33 15 8 2 3
我国每年平均发生20次左右的5级地震，4次左右的6级地震。
33 16 8 3 3
今年上半年，我国地震发生次数很低，仅有4次5级地震，所以，“公众感觉近期地震频繁并不真实”。
57 3 2 1 1
短时间内连续发生强震，有人担心：我国是否进入了地震活跃期？对此专家表示，我国地震活动处于正常活动水平。
57 5 4 1 2
我国地震活动水平是比较高的，年均20次5级地震、3至4次6级地震、0.67次7级地震。
57 6 4 2 2
刘杰介绍，九寨沟7.0级地震前我国大陆7级地震平静已达24个月，6级地震平静已达8个月，2017年1月至7月也只发生了4次5级地震，地震活动水平是比较低的。
57 8 6 1 3
刘杰还告诉记者，我国发生7级地震是比较常见的现象，平均3年2次7级地震。
57 9 6 2 3
根据1900年以来地震活动资料，我国地震活跃期是以7.5级大地震或7级强震群作为活动标志来划分的，如1920年宁夏海原8.5级大震、1988年云南澜沧7.6级地震、2001年昆仑山口西8.1级地震。
57 10 6 3 3
此次九寨沟7.0级地震，属于我国正常的地震活动。
67 1 1 1 1
我国地震近期是否进入活跃期？水库有可能引发大地震吗？11日，新华社记者采访了中国工程院院士陈厚群以及中国地震台网中心副主任、研究员刘杰，专家们对我国大陆地震活动情况等社会关心的热点问题进行了解答。
67 2 2 1 3
我国地震活动水平是比较高的，年均20次5级地震、3至4次6级地震、0.67次7级地震。
67 3 2 2 3
刘杰介绍，九寨沟7.0级地震前我国大陆7级地震平静已达24个月，6级地震平静已达8个月，2017年1月至7月也只发生了4次5级地震，地震活动水平是比较低的。
67 4 2 3 3
刘杰指出，这两次地震发生是对前一段低地震活动水平的补充，目前我国仍处于正常地震活动状态内。
68 3 2 1 1
“短时间连续发生强震，在历史上并不是一个罕见事件，不能因此判断我国地震活动进入活跃期。”中国地震局台网中心副主任刘杰说，比如1955年4月14日四川康定7.5级地震后，15日新疆乌恰又发生了两次7.0级地震；1966年3月6日西藏扎达6.6级地震后，8日河北隆尧又出现6.8级地震。
70 1 1 1 2
2017年8月8日至9日，我国西部发生四川九寨沟7.0级地震和新疆精河6.6级地震。
70 2 1 2 2
短时间内连续发生强震，我国地震近期是否进入活跃期？水库有可能引发大地震吗？11日，记者采访了中国工程院院士陈厚群以及中国地震台网中心副主任、研究员刘杰，专家们对我国大陆地震活动情况等社会关心的热点问题进行了解答。
70 3 2 1 3
答：我国地震活动处于正常活动水平。
70 4 2 2 3
据了解，历史上短时间内连续发生强震的情况是有的，如1955年4月14日四川康定发生7.5级地震，次日新疆乌恰便两次发生7.0级地震；1966年3月6日西藏札达发生6.6级地震，8日河北隆尧发生6.8级地震；2008年10月5日新疆乌恰发生6.8级地震、10月6日西藏当雄发生6.6级地震。
70 5 2 3 3
因此，连续发生强震不是一个罕见事件。
73 1 1 1 1
我国地震近期是否进入活跃期？水库有可能引发大地震吗？11日，新华社记者采访了中国工程院院士陈厚群以及中国地震台网中心副主任、研究员刘杰，专家们对我国大陆地震活动情况等社会关心的热点问题进行了解答。
73 2 2 1 2
2017年8月8日至9日，我国西部发生四川九寨沟7.0级地震和新疆精河6.6级地震。
73 3 2 2 2
短时间内连续发生强震，有人担心：我国是否进入了地震活跃期？对此专家表示，我国地震活动处于正常活动水平。
73 6 4 1 2
我国地震活动水平是比较高的，年均20次5级地震、3至4次6级地震、0.67次7级地震。
73 7 4 2 2
刘杰介绍，九寨沟7.0级地震前我国大陆7级地震平静已达24个月，6级地震平静已达8个月，2017年1月至7月也只发生了4次5级地震，地震活动水平是比较低的。
73 12 7 1 3
刘杰还告诉记者，我国发生7级地震是比较常见的现象，平均3年2次7级地震。
73 13 7 2 3
根据1900年以来地震活动资料，我国地震活跃期是以7.5级大地震或7级强震群作为活动标志来划分的，如1920年宁夏海原8.5级大震、1988年云南澜沧7.6级地震、2001年昆仑山口西8.1级地震。
73 14 7 3 3
此次九寨沟7.0级地震，属于我国正常的地震活动。
84 4 2 1 8
据中国地震局地震预测研究所研究员陈会忠和中国地科院地质研究员、国土资源首席科学传播专家苏德辰分析，这次地震发生在我国地震活跃的南北地震带上。
84 5 2 2 8
南北地震带是我国大地震多发的地区，近年来汶川、玉树、卢山、鲁甸、景谷等地震都甚发生在南北地震带上。
