3 2 2 1 2
据塔斯社12月1日报道，2018年俄罗斯世界杯分组抽签仪式1日在莫斯科克里姆林宫举行。
3 3 2 2 2
俄总统普京出席了抽签仪式。
17 1 1 1 3
2018年俄罗斯世界杯分组抽签仪式北京时间1日深夜在莫斯科克里姆林宫举行，球王马拉多纳亲临现场并没有给潘帕斯雄鹰带来好运，常常在世界杯上签运不佳的他们再次被抽进“死亡之组”，“梅球王”要想获得首个世界杯冠军还得先闯过小组赛的苦战。
17 2 1 2 3
同被抽进B组的西班牙和葡萄牙也是签运不济，不但首轮便要对碰，更是在四分之一决赛便很可能会碰上法国或阿根廷。
17 3 1 3 3
下半区的德国、巴西、比利时、波兰的签运不错，英格兰队更是抽中一支上上签，而东道主俄罗斯队则抽中了一支看似好运、实则一般的中签。
31 1 1 1 3
【环球时报综合报道】北京时间12月1日晚，2018年俄罗斯世界杯分组抽签仪式在莫斯科克里姆林宫举行，俄总统普京出席。
31 2 1 2 3
根据抽签结果，世界排名前八位的国家队中，除排名第三的葡萄牙和排名第八的西班牙同组以外，其他队都被分在不同组中。
31 3 1 3 3
有分析认为，此次世界杯决赛圈没有绝对意义的死亡之组。
59 1 1 1 2
2018年俄罗斯世界杯分组抽签仪式，将于明天凌晨在俄罗斯克林姆林宫举行。
59 2 1 2 2
在这项举世瞩目的仪式举行之前，伊朗大将萨达尔-阿兹蒙却提出了一项让国际足联为难的呼吁。
80 1 1 1 2
随着秘鲁与新西兰的附加赛尘埃落定，明年世界杯的32强名单已全部出炉，世界杯分组抽签仪式将于12月1日在俄罗斯进行。
80 2 1 2 2
国际足联今日正式公布了八位抽签嘉宾的人选。
