8 18 6 1 3
俄罗斯世界杯足球赛决赛阶段的比赛将于明年6月14日到7月15日，在莫斯科、圣彼得堡、加里宁格勒、索契等11座城市举行。
8 19 6 2 3
6月14日，同属A组的东道主俄罗斯队和沙特阿拉伯队将在莫斯科打响本届世界杯的揭幕战。
8 20 6 3 3
球星发出邀请相约2018年世界杯32强，32支队伍，每队的当家球星都用自己的语言，向其他进入决赛圈的球队表示祝贺，向全世界球迷发出邀请，相约2018俄罗斯世界杯。
11 1 1 1 2
昨夜今晨，明年世界杯32强的命运，终于在莫斯科敲定。
11 2 1 2 2
虽然没有中国队让我们有些遗憾，各大洲传统劲旅意大利、荷兰、美国、智利、加纳、科特迪瓦的缺席，让明年夏天的俄罗斯仿佛缺了点什么，但这也丝毫掩盖不住世界杯的星光。
12 2 2 1 4
2018FIFA俄罗斯世界杯32强名单已经出炉，小组赛分组抽签仪式于12月1日在俄罗斯克里姆林宫举行。
12 3 2 2 4
抽签仪式的结果，将在一定程度上影响各队在本届世界杯的表现，众多政府官员、知名媒体、嘉宾以及商业机构出席仪式。
14 1 1 1 2
2018FIFA俄罗斯世界杯32强名单已经出炉，小组赛分组抽签仪式于12月1日在俄罗斯克里姆林宫举行。
14 2 1 2 2
作为2018FIFA俄罗斯世界杯的官方赞助商，当天，vivo也正式将第一批官方手机移交给FIFA组委会。
15 13 7 1 1
本届世界杯32强中，东道主俄罗斯的世界排名最低，这当然有他们没参加世界杯预选赛的原因，但从实力考量，俄罗斯恐怕也只能被排在第四档。
22 3 3 1 2
世界杯32强在8个分组各自归位，由于国际足联改变了抽签的原则，一定意义上，降低了过往按照大洲分组分档次而产生的死亡之组的可能。
22 4 3 2 2
所以说，传统的“死亡之组”在2018世界杯可能不会有，但是如果仔细去解读的话，还是有一些疑问和看点出现。
27 1 1 1 3
中新网北京12月2日电(岳川)2018年俄罗斯世界杯32强分组抽签结果于北京时间1日晚揭晓。
27 2 1 2 3
尽管西班牙、英格兰、乌拉圭三支前世界冠军落入二档，但分组抽签并没有出现传统意义上的“死亡之组”。
27 3 1 3 3
相较而言，阿根廷队所处的D组存在爆冷的可能。
28 1 1 1 3
万众瞩目的世界杯32强分组抽签结束，各队落定了位置之后，关于世界杯进程的推演也就清晰了许多。
28 2 1 2 3
每个小组都有热门球队，也可能会有黑马杀出。
28 3 1 3 3
明年夏天在俄罗斯，会有怎样的故事上演呢？
40 1 1 1 1
世界杯32强抽签已经结束，哪支球队最有希望赢得世界杯呢？据ESPNStatsInfo的数据统计，巴西是夺冠希望最大的球队。
42 1 1 1 2
【环球网综合报道】北京时间12月1日晚间23点(俄罗斯当地时间下午16点)，2018年俄罗斯世界杯小组赛抽签仪式在莫斯科克里姆林宫音乐大厅进行。
42 2 1 2 2
世界杯32强按照世界排名分为4档，经过分组抽签，明年世界杯的8个小组全部产生。
43 1 1 1 2
中新网12月1日电北京时间1日晚，2018年俄罗斯世界杯32强分组抽签结果在莫斯科揭晓。
43 2 1 2 2
卫冕冠军德国队进入F组，葡萄牙与西班牙同处B组，比利时与英格兰落入G组。
53 5 4 1 1
世界杯32强的主帅中，30支球队的教练都已经抵达了莫斯科，只有乌拉圭的主帅奥斯卡-塔瓦雷斯因为身体有恙，不得不抱憾缺席；而最后在附加赛中出线的澳大利亚主帅波斯特格鲁放弃了续约，所以袋鼠队目前还没有决定自己的国家队由谁带领去俄罗斯。
68 4 4 1 2
根据本届世界杯32强的分档，死亡之组成立的条件是：第三档、第四档的球队要实力强劲。
68 5 4 2 2
如果说第三档球队相对实力平均的话，那么第四档的塞尔维亚或尼日利亚则具备构建死亡之组的成色。
85 1 1 1 1
秘鲁劳工部关于“打进世界杯全国放假一天”的公告在一天之后就得到兑现——秘鲁队在洲际附加赛中战胜新西兰队获得2018俄罗斯世界杯最后一张入场券，至此世界杯32强在经历了三年预选赛的鏖战之后终于全部确定：东道主俄罗斯队，欧洲区比利时队、德国队、法国队、西班牙队、英格兰队、波兰队、冰岛队、葡萄牙队、塞尔维亚队、瑞士队、克罗地亚队、瑞典队、丹麦队（共13支球队），非洲区尼日利亚队、埃及队、塞内加尔队、摩洛哥队、突尼斯队（共5支球队），南美区巴西队、乌拉圭队、阿根廷队、哥伦比亚队、秘鲁队（共5支球队），中北美及加勒比海区哥斯达黎加队、巴拿马队、墨西哥队（共3支球队），以及亚洲区日本队、伊朗队、韩国队、沙特队、澳大利亚队（共5支球队）。
90 1 1 1 3
2018年世界杯32强已经全部出炉，明年的冠军究竟花落谁家除了实力还要看哪支球队占据了天时地利与人和。
90 2 1 2 3
德国媒体《sport1》则根据各球队世预赛中的表现以及现下的状态，排出了明年32强的实力排名。
90 3 1 3 3
德国占据榜首，法国巴西分列二三。
91 1 1 1 2
北京时间昨天，南美区的秘鲁队在世预赛附加赛中战胜新西兰队，拿到了2018年世界杯决赛圈的最后一张门票。
91 2 1 2 2
至此，俄罗斯世界杯32强全部揭晓。
91 12 6 1 5
世界杯32强分组抽签将于俄罗斯当地时间12月1日在莫斯科克里姆林宫进行，32强将会被分为8个小组。
91 13 6 2 5
所有球队被分为4档，其中东道主俄罗斯队作为一档种子队自动落入A1的位置，其他球队按照2017年10月的FIFA世界排名依次进入一档（种子队）、二档、三档和四档。
91 17 7 1 1
随着世界杯32强诞生，博彩公司推出了最新的夺冠赔率，其中巴西、德国两队均为6.00，并列第一；随后依次为法国、西班牙、阿根廷、比利时、英格兰、葡萄牙、克罗地亚、俄罗斯和乌拉圭，排在最后的是沙特和巴拿马（1001.00），韩日两队的夺冠赔率均为201.00，跟首次参加世界杯正赛、也是欧洲最冷门的冰岛队一样，而澳大利亚和伊朗两队的夺冠赔率同为251.00。
94 1 1 1 3
世界杯还是那个世界杯，只是专属于亚平宁的蓝色时代就此终结。
94 2 1 2 3
15日凌晨，受人瞩目的俄罗斯世界杯32强终于出炉。
94 3 1 3 3
意大利、美国无缘32强，成为本届世界杯最大的“遗憾”。
95 3 2 1 2
2018年俄罗斯世界杯32强分组抽签仪式将于俄罗斯当地时间12月1日在克里姆林宫举行。
95 4 2 2 2
根据国际足联制定的分组抽签规则，32支参赛球队将被分成4档，其中东道主俄罗斯自动成为第一档种子队，落入A1位置，剩余的球队则按照2017年10月国际足联世界排名依次进入第一档（种子队）、第二档、第三档和第四档，这样完全按照世界排名分档的规则也与之前将同一大洲（地区）球队分在同一档的规则产生很大不同。
95 5 3 1 3
在这样的分档规则下，世界杯32强的完全分档情况也就此确定，小组赛抽签时则会在4档各自抽取1支球队组成一个小组。
95 6 3 2 3
不过在抽签中，同一大洲（地区）相互回避的原则依然存在，属于同一足联旗下的球队不会分在同一组，对于球队较多的欧足联的规定，则是同一小组最多只能有2支欧洲球队。
95 7 3 3 3
通俗地讲，就是同一小组最多只能有2支欧洲队，其余的球队都要来自不同大洲（地区）。
96 1 1 1 3
中新网北京11月16日电（岳川）俄罗斯世界杯32强于北京时间16日全部产生。
96 2 1 2 3
意大利、荷兰、智利等传统强队未能突围，巴拿马、冰岛首次晋级决赛圈，亚足联旗下五支球队携手入围也系历史首次。
96 3 1 3 3
世界杯揭幕战将于当地时间明年6月14日打响。
