2 7 4 1 3
克林斯曼曾在2006年率领德国夺得了本土世界杯的第三名，随后他又执教了拜仁。
2 8 4 2 3
2011年克林斯曼成为美国主帅，率队出战了2014年巴西世界杯，在和德国、葡萄牙、加纳同组的情况下，力压葡萄牙获得小组第二出线，1/8决赛他们在加时赛不敌比利时被淘汰。
2 9 4 3 3
在2018年世界杯预选赛上，克林斯曼成绩不佳，美国一度在积分榜上垫底，最终导致克林斯曼下课，而美国最终也没能得到参加俄罗斯世界杯的资格。
10 1 1 1 3
对于阿根廷的抽签结果，西班牙《每日体育报》做出了点评，该报认为，阿根廷与冰岛、尼日利亚以及克罗地亚分在一组，可以算是死亡之组。
10 2 1 2 3
《每日体育报》表示，阿根廷在预选赛一轮才艰难晋级，而克罗地亚则通过附加赛晋级。
10 3 1 3 3
值得一提的是，冰岛和克罗地亚在世界杯预选赛中就分在一个小组，冰岛拿到小组第一，也是历史上第一次获得参加世界杯的资格。
15 13 7 1 1
本届世界杯32强中，东道主俄罗斯的世界排名最低，这当然有他们没参加世界杯预选赛的原因，但从实力考量，俄罗斯恐怕也只能被排在第四档。
29 1 1 1 2
“如果阿根廷无法进入世界杯，那将是疯狂的。”在世界杯预选赛最后一轮用帽子戏法帮助阿根廷击败厄瓜多尔，获得2018年世界杯参赛资格后，梅西曾如是表示。
29 2 1 2 2
然而在那之前，无论是梅西的阿根廷还是C罗的葡萄牙，都一度面临无法参加世界杯的危险。
33 11 8 1 3
两队在历史上交战过35场，葡萄牙队6胜13平16负处于下风，进41球失72球；其中两队在世界杯历史上交战过1场，葡萄牙队在2010南非世界杯1/16决赛中0比1不敌西班牙淘汰出局。
33 12 8 2 3
其中两队在世界杯预选赛历史上交战过4场，葡萄牙队1平3负未有胜绩处于下风，进4球失18球。
33 13 8 3 3
两队在友谊赛中交锋27场，葡萄牙队5胜10平12负处于下风，进35球失52球。
33 43 30 1 3
两队（包括前南斯拉夫）在历史上交战过13场，瑞士队2胜5平6负处于下风，进16球失29球；其中两队在世界杯历史上交战过一场，瑞士队在1950巴西世界杯小组赛中以0比3不敌前南斯拉夫。
33 44 30 2 3
其中两队在世界杯预选赛中交战过3场，瑞士队2平1负未有胜绩处于下风，进4球失5球。
33 45 30 3 3
其中两队在友谊赛中交战过9场，瑞士队2胜3平4负处于下风，进12球失21球。
33 50 33 1 3
两队（包括前西德）在历史上交战过36场，德国队15胜9平12负占据优势，进70球失60球；其中两队在世界杯历史上交战过4场，德国队3胜1负占据优势，进9球失6球。
33 51 33 2 3
两队在世界杯预选赛历史上交战过7场，德国队4胜3平保持不败战绩占据绝对优势，进21球失11球。
33 52 33 3 3
两队在友谊赛历史上交战过24场，德国队7胜6平11负处于下风，进37球失41球。
46 3 2 1 2
世界杯预选赛经过872场较量，决出31支球队，与东道主俄罗斯参加本次抽签，其中冰岛和巴拿马是首次打进决赛圈，秘鲁1982年以来首次出线，埃及则时隔28年再度参加世界杯。
46 4 2 2 2
但四星意大利1958年以来首度缺席，连夺美洲杯的智利也惨遭淘汰，美国队1986年以来首次无缘决赛圈。
68 29 25 1 1
德国、西班牙两队的实力不用多说，哥斯达黎加上届世界杯从拥有意大利和英格兰的D组中以小组第一的身份突围成功，本届世界杯预选赛阶段“双杀”美国队，又在主场1：1战平过北中美及加勒比地区预选赛头名墨西哥队。
82 2 2 1 2
意大利队在2018年俄罗斯世界杯预选赛附加赛中总比分0：1被瑞典队淘汰，自1958年以来首次无缘世界杯决赛圈，其后主帅文图拉下课。
82 3 2 2 2
关于塔维奇奥应该引咎辞职的声音也不绝于耳，但他本人在辞职前一直坚称会让意大利足球重整旗鼓。
83 4 2 1 4
在11月13日的俄罗斯世界杯预选赛欧洲区附加赛上，四届世界杯冠军意大利主场0比0平瑞典，以总比分0比1出局，自1958年以来首度无缘世界杯。
83 5 2 2 4
次日，意大利富时MIB(FTSEMIB)股指下跌0.63%。
85 8 6 1 2
和冰岛足球的雄厚基础相比，有着将近14亿人口作为坚强后盾的国足或该感到惭愧——中超联赛俱乐部动辄数亿投资，多位大牌球星年薪已经突破1500万欧元大关，世界足坛年薪前十名运动员一半出自中超联赛（胡尔克、拉米雷斯、佩莱、拉维奇和J·马丁内斯），绝大多数国足主力球员年薪在千万元级别，主教练里皮的税后年薪也高达1100万欧元。
85 9 6 2 2
但征战世界杯预选赛亚洲区比赛的国足，在第一阶段40强赛时就险些翻车，最终靠着菲律宾赢下朝鲜才跻身12强赛，而在12强赛赛程过半时，国足的出线概率就已经只剩下理论可能。
87 17 14 1 2
而在2018世界杯预选赛中，荷兰再度折戟沉沙，橙色郁金香在错过2年前的欧洲杯之后，又失去了明年去往俄罗斯的机会。
87 18 14 2 2
所有热爱荷兰球迷的人，在这一刻，无不黯然神伤。
91 3 2 1 2
昨天上午，2018年世界杯预选赛展开最后一场角逐，秘鲁队坐镇主场迎战新西兰队，首回合双方互交白卷。
91 4 2 2 2
最终，凭借前德甲前锋法尔范的进球和拉莫斯的破门，秘鲁队两球完胜晋级，时隔36年再次进军世界杯正赛。
93 1 1 1 2
北京时间11月14日凌晨，2018年俄罗斯世界杯预选赛欧洲区附加赛第二回合，意大利坐镇主场圣西罗迎战瑞典，最终0:0战平，意大利总比分0:1无缘世界杯。
93 2 1 2 2
终场哨响后，多名意大利球员跪地掩面哭泣。
93 11 5 1 3
不过，巴西队并非是世界杯预选赛不败金身时间最长的球队。
93 12 5 2 3
10月9日的小组赛最后一轮以1∶0击败以色列队之后，2010年南非世界杯冠军西班牙队已经将自己的世预赛不败纪录提升至63场。
93 13 5 3 3
在这支“斗牛士军团”之中，伊斯科、阿森西奥和莫拉塔等年轻球员逐渐挑起大梁，9月2日，西班牙队在主场以3∶0大胜意大利队，在基本锁定一个出线名额之外，也报了两年前欧洲杯被对手淘汰的一箭之仇。
98 3 2 1 3
在北京时间16日进行的2017年世界杯预选赛洲际附加赛第二回合比赛中，秘鲁主场以2：0击败了新西兰队。
98 4 2 2 3
获得了最后一个2018年俄罗斯世界杯决赛圈席位。
98 5 2 3 3
至此，俄罗斯世界杯的32强全部产生。
100 1 1 1 3
在北京时间16日进行的2017年世界杯预选赛洲际附加赛第二回合比赛中，秘鲁主场以2：0击败了新西兰队。
100 2 1 2 3
获得了最后一个2018年俄罗斯世界杯决赛圈席位。
100 3 1 3 3
至此，俄罗斯世界杯的32强全部产生。
