8
15 1 1 1 2
12月12日上午，江歌案庭审第二日，江歌母亲江秋莲作为证人出庭作证。
15 2 1 2 2
陈世峰依旧低着头出来，目不斜视，盯着桌面。
15 3 2 1 1
随后，穿着一声黑色西装的江秋莲走到法庭中间，面对法官席、检察官席90度鞠躬，然后坐下，戴上眼镜，双手交叠放在大腿上，笔直端坐。
15 4 3 1 3
她转头看了左边的陈世峰一眼，对方没有回应。
15 5 3 2 3
进行自我介绍后，她开始念宣誓书。
15 6 3 3 3
听着江秋莲的声音，陈世峰低垂的眼皮频繁眨了几下。
15 7 4 1 2
法官告诉证人，如果做出违反记忆的证词，可能会受到惩罚。
15 8 4 2 2
江秋莲点头。
7
18 38 14 6 6
当天陈世峰家人未出现在现场。
18 39 15 1 1
有旁听观众走出法庭后称，在上午的庭审中陈世峰全程面无表情。
18 40 16 1 3
今日早上7点，江歌母亲江秋莲携一束鲜花，到江歌遇害公寓门前祭拜，跪拜时姿势庄重，手掌、额头触地，数秒后起身，双目含泪。
18 41 16 2 3
随后前往律所与律师会合，上午10点开庭后出现在旁听席中，在检方出示证据时，情绪非常激动。
18 42 16 3 3
坐在被告席的陈世峰全程没有与其对视。
18 43 17 1 2
今天早上7点开始，便陆续有媒体和在日华人聚在法院门口，等候排队取号抽签。
18 44 17 2 2
排队过程中，大部分人都在热烈讨论江歌案，其中“刘鑫”的出现频率不亚于被告人陈世峰。
6
25 22 14 1 1
③警方在陈世峰大学研究室里发现了刀具套。
25 23 15 1 1
④被告人到江歌家后在三楼埋伏等待。
25 24 16 1 1
⑤江歌与被告人脸上、脖子上的各处损伤。
25 25 17 1 1
⑥江歌和被告人衣物上的损伤痕迹。
25 26 18 1 1
⑤杀人动机。
25 27 19 1 1
庭审结束前，检方称明日（12日）江歌母亲江秋莲将出庭作证，13日下午刘鑫将作为证人以实时视频方式接受问询。
6
27 45 31 1 1
落座后，陈世峰首先到法庭中间确认身份信息，一一回答法官问题：“我叫陈世峰”“1991年1月9日出生”“国籍是中华人民共和国”“犯罪之前职业是大学研究生，现在已经不是了。”
27 46 32 1 2
11时20分，上午庭审下半场，江歌母亲江秋莲出庭，坐在检方和律师后面。
27 47 32 2 2
她从出来后一直紧紧盯着陈世峰，但陈世峰一直面无表情，全程没有与江秋莲对视。
27 48 33 1 1
检方出示证据，包括江歌遇害现场照片、江歌遇害时随身物品照片等，江秋莲一开始极力忍住不哭，憋红了脸。
27 49 34 1 1
当看到江歌的伤口照片时，她再也控制不住，哭出了声，然后低下头，一手捂住翻译耳机，一手拿手绢捂住嘴。
27 50 35 1 1
根据照片，江歌身上一共有14处被刺痕迹。
3
27 93 60 3 3
“我托了日本的朋友，一旦她崩溃，就去陪她。”
27 94 61 1 1
11日早上7点，江歌母亲江秋莲携一束鲜花，到江歌遇害公寓门前祭拜，随后前往律所与律师会合，上午10点开庭后出现在旁听席中。
27 95 62 1 2
从早上7点开始，便陆续有媒体和民众聚在法院门口，等候排队取号抽签。
6
31 58 33 1 2
虽然案子已经开审，但这仅仅是第一天，庭审要一直延续到15日，宣判要到20日。
31 59 33 2 2
对江歌母亲江秋莲，对关系此事真相的公众，甚至对刘鑫本人，还需要继续等待。
31 60 34 1 2
江歌案在日本东京地方法庭开庭审理，从前方报道情况看，被告人陈世峰及其辩护律师提供了不少生猛“爆料”。
31 61 34 2 2
比如，陈世峰陈述作为凶器的水果刀，是刘鑫从房间里拿出来递给江歌的，并且迅速关上了房门；陈世峰的律师说，江歌用肘部多次按门铃，但是刘鑫都没有给江歌开门，等等。
31 62 35 1 1
意味着刘鑫就是江歌之死的“罪魁祸首”，她不仅对室友江歌“见死不救”，还说谎话、作伪证，在人设上low到了极点。
31 63 36 1 1
也难怪，这些信息一经曝光，便引来无数网友新一轮的道德谴责，在他们的眼中，仿佛看到了法槌落地有声。
6
32 1 1 1 3
今天上午，备受关注的中国女留学生江歌被杀一案在日本东京首次开庭审理。
32 2 1 2 3
江歌母亲江秋莲与代理律师一同出现在法庭现场。
32 3 1 3 3
被告陈世峰出庭坐在座位上，身着蓝色上衣，黑色裤子，非常平静，这也是陈世峰时隔一年后第一次出现在公众面前。
32 4 2 1 9
目前，控方指控主要包括两点，一是恐吓罪，陈世峰被指用艳照威胁刘鑫。
32 5 2 2 9
他的律师对此没有异议，承认了恐吓行为。
32 6 2 3 9
另一点是陈世峰是否是有计划杀人。
4
33 39 22 1 2
虽然案子已经开审，但这仅仅是第一天，庭审要一直延续到15日，宣判要到20日。
33 40 22 2 2
对江歌母亲江秋莲，对关系此事真相的公众，甚至对刘鑫本人，还需要继续等待。
33 41 23 1 1
不过，由于江歌案已经引发大规模人性探讨，一些网友正在急于从庭审中，找到刘鑫与陈世峰“人性泯灭”的证据。
33 42 24 1 1
比如，辩方律师称，刘鑫在报警过程中说了一句“把门锁了，你不要骂了”，于是很多人笃定刘鑫就是故意把门锁上，之前的“开不开门”是赤裸裸的撒谎；比如，陈世峰说第一刀与随后九刀没有因果关系，也点燃网友怒火，直斥其“异于禽兽者几希”。
7
34 1 1 1 1
12月11日上午，江歌被害案在东京裁判所开庭。
34 2 2 1 3
据报道，江歌母亲江秋莲此前更换了代理律师。
34 3 2 2 3
她说因为案件不仅牵扯陈世峰，还有刘鑫的责任问题，可能不光是日本法律，同时涉及中国法律，故更换了律师。
34 4 2 3 3
日前封面新闻记者（thecover.cn）从曾经代理此案的大江洋平律师处了解到，案发现场未发现完整刀具，通过对比警方确认凶器为一把19.5cm的水果刀。
34 5 3 1 2
据大江洋平律师透露，在案发现场并没有发现完整刀具，只有一半，也就是残留的木质刀柄，直到现在也没有找到杀人的那柄刀刃。
34 6 3 2 2
通过比对刀柄，警方确认这个刀柄来自一把全长19.5厘米的水果刀，并有刀套。
34 7 4 1 1
“警方在残留的刀柄上找到了凶手陈世峰的指纹，暂未发现江歌的，因此目前尚不清楚这把刀是谁的，”大江洋平解释说，根据多年的律师经验，并不是每一次触摸都会留下指纹，很多时候并不会有任何痕迹，因此仅凭这个不能完全判断刀来自陈世峰，“但我们将努力让陪审团相信，这把刀是陈世峰携带的”。
3
34 25 14 1 1
据了解，东京地方法院公开审理本次庭审将用时七日（12月11日-15日、12月18日，12月20日宣判）。
34 26 15 1 1
随着庭审的进行，以上疑问也将逐一被解答。
34 27 16 1 1
昨天，江歌母亲江秋莲召开记者见面会。
7
37 38 14 6 6
当天陈世峰家人未出现在现场。
37 39 15 1 1
有旁听观众走出法庭后称，在上午的庭审中陈世峰全程面无表情。
37 40 16 1 3
今日早上7点，江歌母亲江秋莲携一束鲜花，到江歌遇害公寓门前祭拜，跪拜时姿势庄重，手掌、额头触地，数秒后起身，双目含泪。
37 41 16 2 3
随后前往律所与律师汇合，上午10点开庭后出现在旁听席中，在检方出示证据时，情绪非常激动。
37 42 16 3 3
坐在被告席的陈世峰全程没有与其对视。
37 43 17 1 2
今天早上7点开始，便陆续有媒体和在日华人聚在法院门口，等候排队取号抽签。
37 44 17 2 2
排队过程中，大部分人都在热烈讨论江歌案，其中“刘鑫”的出现频率不亚于被告陈世峰。
5
41 52 35 1 1
12月11日，江歌案将于东京公开审判。
41 53 36 1 1
江歌母亲江秋莲10日在东京台东区立浅草公会堂接受中国媒体采访表示，“我到目前为止所做的一切努力，就是为了在这次庭审中判陈世峰死刑。”
41 54 37 1 3
为了给女儿讨公道，江秋莲于2017年8月14日在国内发起签名活动，请求日本法院判处陈世峰死刑。
41 55 37 2 3
11月4日，江歌遇害一周年后，江秋莲赴日开展签名活动。
41 56 37 3 3
12月1日，她向东京地方法院提交了450多万份签名。
5
44 1 1 1 1
据日本东京地方裁判所的网上公示，本次庭审将用时七日，12月11日-15日、12月18日，12月20日宣判。
44 2 2 1 1
12月11日7时许，开庭前夕，江秋莲在女儿的生前公寓祭拜。
44 3 3 1 1
12月10日，江歌案开庭前一天，江歌母亲江秋莲在东京台东区立浅草公会堂召开记者见面会。
44 4 4 1 1
见面会上，江秋莲身着一袭黑衣，神态疲惫，她对出席的媒体不断表示感谢，称“大家对我的帮助，让我有种不敢死的感觉。”
44 5 5 1 1
江秋莲表示，举办记者会的原因是，最近这段时间事情比较多，频繁见律师和检察官，加上“身体状况越来越差”，无法一一接待媒体。
4
47 1 1 1 2
当地时间12月11日10时（北京时间9时），中国留学生江歌在日本被害案在东京开始审理。
47 2 1 2 2
本次庭审和宣判将用时七日，即12月11日-15日、12月18日，12月20日宣判。
47 3 2 1 1
早些时候，江歌母亲江秋莲已与代理律师一同前往庭审法院，犯罪嫌疑人陈世峰的家人也将悉数到庭。
47 4 3 1 1
2016年11月3日凌晨，中国留学生江歌在其位于日本的公寓门前遇害，嫌疑人是其室友刘鑫的前男友陈世峰。
5
47 8 5 2 4
12月10日，江歌案开庭前一天，江歌母亲江秋莲在东京台东区立浅草公会堂召开记者见面会。
47 9 5 3 4
此前一天，江秋莲被检察官约见，结束后告诉澎湃新闻，刘鑫可能会出庭作证，届时法院会安排其走证人特殊通道。
47 10 5 4 4
但在10日的记者会上，江秋莲称目前不知道刘鑫是否会出庭作证，“她早就说她会出庭，但她不站到法庭之前，我不会相信。”
47 11 6 1 1
在10日的记者会上，对于判决结果，江秋莲表示，“我到目前为止所做的一切努力，就是为了在这次庭审中判陈世峰死刑。”江秋莲还表示，在日本的刑事案件结束后会对陈世峰提起民事诉讼。
47 12 7 1 1
11日7时许，开庭前夕，江歌母亲江秋莲前往女儿生前公寓进行祭拜。
4
52 1 1 1 2
当地时间12月11日7时许，日本东京，开庭前夕，江歌母亲江秋莲在女儿的生前公寓进行祭拜。
52 2 1 2 2
江歌母亲告诉澎湃新闻，自己对庭审表示期待，并称希望江歌能放心。
52 3 2 1 2
[“江歌案”在日本庭审，江歌妈妈刘鑫等人悉数到庭]12月11日，中国女留学生江歌被杀一案在日本东京开庭审理。
52 4 2 2 2
大批中日两国的媒体记者一起参加庭审。
6
55 1 1 1 1
距离江歌遇害，已经过去了一年多。
55 2 2 1 1
2017年12月11日，“江歌案”将在日本开庭审理。
55 3 3 1 1
12月10日，在江歌案开庭前一天，江歌母亲江秋莲在东京台东区立浅草公会堂召开记者见面会。
55 4 4 1 1
记者会组织者告诉澎湃新闻记者，此次受场地所限，只邀请了12家媒体出席。
55 5 5 1 2
出席记者会的江秋莲一身黑衣，神色凝重，眉眼间疲态尽显。
55 6 5 2 2
她对出席的媒体不断表示感谢，称“大家对我的帮助，让我有种不敢死的感觉。”
5
56 1 1 1 12
2017年12月11日，东京地方法院门口已聚集了大量关心“江歌案”的媒体。
56 2 1 2 12
视觉中国图当地时间12月11日10时（北京时间9时），中国留学生江歌在日本被害案在东京开始审理。
56 3 1 3 12
本次庭审和宣判将用时七日，即12月11日-15日、12月18日，12月20日宣判。
56 4 1 4 12
早些时候，江歌母亲江秋莲已与代理律师一同前往庭审法院，犯罪嫌疑人陈世峰的家人也将悉数到庭。
56 5 1 5 12
2016年11月3日凌晨，中国留学生江歌在其位于日本的公寓门前遇害，嫌疑人是其室友刘鑫的前男友陈世峰。
4
56 9 1 9 12
12月10日，江歌案开庭前一天，江歌母亲江秋莲在东京台东区立浅草公会堂召开记者见面会。
56 10 1 10 12
此前一天，江秋莲被检察官约见，结束后告诉澎湃新闻，刘鑫可能会出庭作证，届时法院会安排其走证人特殊通道。
56 11 1 11 12
但在10日的记者会上，江秋莲称目前不知道刘鑫是否会出庭作证，“她早就说她会出庭，但她不站到法庭之前，我不会相信。”在10日的记者会上，对于判决结果，江秋莲表示，“我到目前为止所做的一切努力，就是为了在这次庭审中判陈世峰死刑。”江秋莲还表示，在日本的刑事案件结束后会对陈世峰提起民事诉讼。
56 12 1 12 12
11日7时许，开庭前夕，江歌母亲江秋莲前往女儿生前公寓进行祭拜。
5
57 43 12 1 3
据报道，江歌母亲江秋莲此前更换了代理律师。
57 44 12 2 3
她说因为案件不仅牵扯陈世峰，还有刘鑫的责任问题，可能不光是日本法律，同时涉及中国法律，故更换了律师。
57 45 12 3 3
日前封面新闻记者（thecover.cn）从曾经代理此案的大江洋平律师处了解到，案发现场未发现完整刀具，通过对比警方确认凶器为一把19.5cm的水果刀。
57 46 13 1 2
江歌尸体解剖人将出席下午的庭审，将对于尸体表面和贴身衣物的痕迹和刀痕进行说明。
57 47 13 2 2
赵律师认为，这将是定罪和量刑的关键。
5
57 48 14 1 2
当地时间12月11日8时30分，日本东京地方法院外有300余民众排队抽签获取旁听资格。
57 49 14 2 2
有在日中国留学生表示留学生群体，对江歌案态度分两极化。
57 50 15 1 2
当地时间12月11日7时许，日本东京，开庭前夕，江歌母亲江秋莲在女儿的生前公寓进行祭拜。
57 51 15 2 2
江歌母亲告诉澎湃新闻，自己对庭审表示期待，并称希望江歌能放心。
57 52 16 1 2
12月11日，中国女留学生江歌被杀一案在日本东京开庭审理。
5
58 1 1 1 1
12月10日，江歌的母亲江秋莲在东京浅草公会堂接受媒体采访时，哽咽落泪。
58 2 2 1 1
12月10日，江歌案开庭前一天，江歌母亲江秋莲在东京台东区立浅草公会堂召开记者见面会。
58 3 3 1 1
见面会上，江秋莲身着一袭黑衣，神态疲惫，她对出席的媒体不断表示感谢，称“大家对我的帮助，让我有种不敢死的感觉。”“怕对不起大家。将会在刑案结束后会对凶手提起民事诉讼。”
58 4 4 1 1
采访中，面对记者“如果没有判处死刑，下一步该怎么做？”这个问题时，江母表示“没想过这个问题”，并称，“所做的这一切都是为了判他（凶手）死刑。”
58 5 5 1 1
“杀人犯，如果不判处他死刑，他不会知道生命的珍贵在哪里”。
4
59 70 37 1 2
2016年11月24日，案发后第21天，警视厅以杀人嫌疑逮捕了刘鑫的前男友，住在东京都板桥区高岛平2丁目的嫌犯陈世峰。
59 71 37 2 2
根据《朝日新闻》报道，警视厅对陈衣服上的附着物进行采样，发现有江的DNA。
59 72 38 1 2
这次，陈世峰并没有跟踪刘鑫，而是预先等在了江歌家附近。
59 73 38 2 2
根据刘鑫与江歌母亲江秋莲的微信聊天记录，“警察看了监控，他是晚上十点多来到我们家附近车站的。”
4
63 1 1 1 2
中国留学生江歌日本被杀案，将于12月11日在东京开庭。
63 2 1 2 2
江歌母亲江秋莲在接受法制晚报·看法新闻记者采访时表示，她最近的身体状况非常不好，虽然还无法考虑判决之后的打算，但她表示，刑事案件结束后，会对陈世峰提起民事诉讼。
63 3 2 1 2
12月10日，江歌案开庭前一天，江歌母亲江秋莲在东京台东区立浅草公会堂召开记者见面会。
63 4 2 2 2
据媒体报道，见面会上，江秋莲身着一袭黑衣，神态疲惫，她对出席的媒体不断表示感谢，称“大家对我的帮助，让我有种不敢死的感觉。”
8
65 1 1 1 1
距离江歌遇害，已经过去了一年多。
65 2 2 1 1
2017年12月11日，“江歌案”将在日本开庭审理。
65 3 3 1 1
12月10日，在江歌案开庭前一天，江歌母亲江秋莲在东京台东区立浅草公会堂召开记者见面会。
65 4 4 1 1
12月10日，江歌的母亲江秋莲在东京池袋的浅草公会堂接受媒体采访时，哽咽落泪。
65 5 5 1 1
记者会组织者告诉澎湃新闻记者，此次受场地所限，只邀请了12家媒体出席。
65 6 6 1 2
出席记者会的江秋莲一身黑衣，神色凝重，眉眼间疲态尽显。
65 7 6 2 2
她对出席的媒体不断表示感谢，称“大家对我的帮助，让我有种不敢死的感觉。”
65 8 7 1 1
12月10日，江歌的母亲江秋莲在东京池袋的浅草公会堂接受媒体采访。
6
66 1 1 1 1
12月10日，江歌的母亲江秋莲在东京池袋的浅草公会堂接受媒体采访时，哽咽落泪。
66 2 2 1 1
12月10日，江歌案开庭前一天，江歌母亲江秋莲在东京台东区立浅草公会堂召开记者见面会。
66 3 3 1 1
见面会上，江秋莲身着一袭黑衣，神态疲惫，她对出席的媒体不断表示感谢，称“大家对我的帮助，让我有种不敢死的感觉。”
66 4 4 1 1
12月10日，江歌的母亲江秋莲在东京池袋的浅草公会堂接受媒体采访。
66 5 5 1 1
记者会组织者告诉记者，此次受场地所限，只邀请了12家媒体出席。
66 6 6 1 1
江秋莲表示，举办记者会的原因是，最近这段时间事情比较多，频繁见律师和检察官，加上“身体状况越来越差”，无法一一接待媒体。
3
67 1 1 1 1
12月10日，江歌案开庭前一天，江歌母亲江秋莲在东京台东区立浅草公会堂召开记者见面会。
67 2 2 1 1
见面会上，江秋莲身着一袭黑衣，神态疲惫，她对出席的媒体不断表示感谢，称“大家对我的帮助，让我有种不敢死的感觉。”
67 3 3 1 2
记者会组织者告诉澎湃新闻，此次受场地所限，只邀请了12家媒体出席。
2
71 6 2 1 2
11月9日开始，新京报视频节目《局面》陆续播出了25段采访视频，其中包含了去年曾引起舆论热议的“江歌案”中相关当事人——江歌母亲江秋莲以及江歌室友刘鑫的采访及会面视频。
71 7 2 2 2
节目播出后，再次引起了舆论场的震动，案件再次站在了风口浪尖。
4
71 8 3 1 4
2016年11月3日凌晨，来自山东青岛的赴日留学生江歌，在日本东京租住的公寓门外，被刺十刀，因失血过多身亡。
71 9 3 2 4
11月24日，日本警方逮捕了一名叫陈世峰的凶嫌。
71 10 3 3 4
而他是江歌生前闺蜜、借住室友刘鑫的前男友。
71 11 3 4 4
事发后，江歌母亲江秋莲试图与刘鑫见面，了解江歌遇害的情况。
4
76 1 1 1 3
去年，留日女孩刘鑫与男友分手，之后受到对方纠缠，她向好友江歌求助。
76 2 1 2 3
江歌让她到自己的住处暂避，却不想遭刘鑫前男友杀害。
76 3 1 3 3
这出不幸的故事在发生后将近三百天之后，因为一系列报道而重新成为了舆论的焦点。
76 4 2 1 1
报道之所以取得那么大的影响力，不仅在于采访到了双方当事人，而且还成功地促成了刘鑫与江歌母亲江秋莲的见面。
5
78 16 9 1 4
据江歌母亲的日籍代理律师大江洋平接受媒体采访时介绍，虽然陈世峰承认杀害江歌，但他否认自己是有计划和预谋的。
78 17 9 2 4
在供词中，陈世峰说杀害江歌的刀不是自己事先准备的，而是江歌携带在身上的。
78 18 9 3 4
在日本，是否有预谋和计划地杀人，在量刑上是有区别的。
78 19 9 4 4
比如嫌疑人因杀人被判15年，如果证实是有预谋的，可能就会被判20年。
78 20 10 1 2
江歌母亲江秋莲于当地时间11月4日抵达东京，继续开展签名请愿活动，以期当地法院判处陈世峰死刑。
3
83 1 1 1 2
据媒体报道，2016年11月3日凌晨，来自山东青岛的女留学生江歌在东京都中野车站接回同住的女友刘鑫时，在公寓楼门口遇到刘鑫的前男友陈世峰，双方发生了争吵，继而遭到该名男子杀害。
83 2 1 2 2
陈世峰已经被日本警方抓捕。
83 3 2 1 1
此后，由于刘鑫迟迟没有面对江歌母亲江秋莲，直到双方在网络上发生激烈冲突。
6
88 1 1 1 3
新浪娱乐讯近日，中国留学生江歌日本被害一案受到广泛关注。
88 2 1 2 3
据日媒报道，当地时间2016年11月3日，就读于日本东京法政大学的中国留学生江歌，被闺蜜刘鑫的前男友陈世峰杀害。
88 3 1 3 3
江歌案将于2017年12月11日在东京开庭，因希望嫌疑人得到死刑判罚，被害者江歌母亲江秋莲已于近日抵达东京，与志愿者一起呼吁民众署名支援。
88 4 2 1 3
11月14日下午，就江歌一案，香港演员马浚伟[微博]微博发长文，大呼“心很痛！”他在文中安抚江歌母亲早日走出悲痛，回忆起自己母亲因病离世的痛苦，马浚伟表示亲人离世的心碎，他感同身受。
88 5 2 2 3
而对于江歌的朋友刘鑫，马浚伟认为她是有错，但是“至少她不是直接有動機、有立場去殺害或有打算去殺害或傷害江歌的”。
88 6 2 3 3
而对于“罪魁祸首”嫌疑人陈世峰，马浚伟极力谴责，十分愤怒。
