7
1 13 9 1 6
最后法官宣布，一审判决20号下午宣布。
1 14 9 2 6
法警将陈世峰戴上手铐，在腰上绑上约束带。
1 15 9 3 6
退庭。
1 16 9 4 6
对面，江歌的妈妈在失声痛哭。
1 17 9 5 6
那位年轻的检察官助理，在她面前轻声安慰。
1 18 9 6 6
空旷的法庭上，只听得到江歌妈妈压抑的低吟的哭声。
1 19 10 1 1
陈律师：为抹去指纹，应该是刘把刀柄捡起，在房间里洗净后，放到楼梯上。
5
1 35 19 1 2
“我在人际关系上用这种卑鄙，逼迫的方式是错误的。
1 36 19 2 2
在江歌这件事上，我曾经有很多机会可以刹车，但是多次错误判断导致现在结果。
1 37 20 1 3
江歌妈妈，我已经无法用'对不起'来弥补，我对你造成的伤害是无法愈合的。
1 38 20 2 3
我会尽我全部个人力量，包括我个人全部财产去赔偿。
1 39 20 3 3
我会寻求全力支持，忏悔，我会持续赔偿，直到我生命的最后一天“。
6
6 1 1 1 1
12月15日，江歌案庭审进入第五日。
6 2 2 1 3
今日庭审流程内容和昨日下午一样，是对本案被告人陈世峰的讯问。
6 3 2 2 3
江母今日出庭念陈情书。
6 4 2 3 3
然而在上午第一阶段庭审过程中，当辩方律师在问到陈世峰的赔偿意愿时，法庭现场突然发生意外状况导致紧急休庭。
6 5 3 1 1
今日庭审持续半天，是该案在东京地方裁判所426号法庭的最后一场庭审。
6 6 4 1 1
115日上午庭审第一阶段，谈及陈世峰对受害人家属赔偿的事宜，此时江歌妈妈情绪激动晕倒，致紧急休庭。
3
6 7 5 1 2
2庭审第二阶段，陈世峰接受了法官、检方、受害者代理律师、辩护律师方、陪审员五方的讯（提）问。
6 8 5 2 2
其中，检方讯问26个问题，主要关于陈世峰作案后的系列行为。
6 9 6 1 2
3庭审过程中，受害者代理律师念了江歌妈妈写的一封陈情信。
3
6 10 6 2 2
江歌妈妈称：“我不觉得他在反省。”
6 11 7 1 1
第五日庭审于北京时间上午9点（东京时间上午10点）开始。
6 12 8 1 1
今日排队等待抽签的人数比昨日（180余人）略多，进入旁听的人数依旧为33人。
4
6 13 9 1 1
在谈及陈世峰对受害人家属进行赔偿事宜时，辩方律师提醒陈世峰说“你应该尽可能地赔偿受害人的家庭”。
6 14 10 1 1
在庭上，陈世峰表示作案后想对江母进行经济赔偿，江母拒绝了。
6 15 11 1 1
陈世峰说，“我犯了这么大的罪，说实话我不知道怎么赔一条命。如果可以，我愿意尽全力赔偿。”
6 16 12 1 1
随后，江歌妈妈用手捂住胸口，她在椅子上向后仰的时候晕倒，黑色发卡掉在了地上。
4
6 17 13 1 1
法官宣布紧急休庭，3名医护人员进入庭内为江歌妈妈进行紧急治疗。
6 18 14 1 1
庭审第二阶段，陈世峰接受了法官、检方、受害者代理律师、辩护律师方、陪审员的五方讯（提）问。
6 19 15 1 1
其中，检方讯问了26个问题，主要关于陈世峰作案后的系列行为。
6 20 16 1 2
陈世峰在庭上供述：刺杀江歌时，（她的）血喷得很厉害。
4
6 43 33 1 1
庭审过程中，受害者代理律师念了江母写的一封陈情信。
6 44 34 1 1
信中提到了江歌妈妈作为单亲母亲抚养孩子的不易、江歌是个怎样的孩子，以及江歌未来在日本的打算。
6 45 35 1 2
现场氛围被这封陈情信感染，旁听席中有不少人不住点头，哭泣声不时传来。
6 46 35 2 2
法庭女性翻译官在翻译这封陈情信的过程中一度哽咽，一位女性陪审员落泪。
4
6 47 36 1 1
江歌妈妈：“我不觉得他在反省。”
6 48 37 1 1
江歌妈妈在庭上陈述，称自己认为，陈世峰完全没有反省，他的家人也从来没有一句道歉。
6 49 38 1 1
“我只觉得他在演戏。他中文只说了三个字，对不起。我不觉得他在反省。”
6 50 39 1 1
江歌妈妈表示，现在已征集到450万人签名，要求判陈世峰死刑，希望法庭严惩。
10
12 1 1 1 10
昨天下午刘鑫视频直播出庭作证。
12 2 1 2 10
刘鑫哭诉：江歌是我最好的朋友，我们还有很多约定，听到这句话江歌妈妈泣不成声。
12 3 1 3 10
①刘鑫第一次报警录音公开，警方报告里写着“门锁了，不要骂了！”刘鑫否认，称自己说是“怎么门锁了，不要闹了！”②检方问到：“报警录音里有门铃和惨叫声，你都没有听到？”刘鑫表示当时没有在意，印象中没有听到。
12 4 1 4 10
③刘鑫描述陈世峰时说，从没想过杀人这样的事情会发生在身边，陈世峰杀了我最好的朋友，觉得他很可怕。
12 5 1 5 10
④陈世峰的律师表示凶器水果刀是刘鑫递给江歌，刘鑫否认，称家里没有水果刀。
12 6 1 6 10
⑤陈世峰的律师认为当时刘鑫看到外面发生了什么，刘鑫否认。
12 7 1 7 10
⑥刘鑫作证：警察到之前没开门，警察来了，把手一转门就开了⑦刘鑫表示曾试着开门，但被很大的力量推回。
12 8 1 8 10
⑧陈世锋父亲曾写过道歉信，称其子家庭幸福，学习成绩较好，品行也没有问题。
12 9 1 9 10
对此次事件深表歉意。
12 10 1 10 10
⑨辩方唯一证人未出庭，是一名与陈私交甚好的日本女性，陈世峰曾教其汉语。
6
13 1 1 1 6
12月13日下午的庭审中，刘鑫首次以证人的身份出庭作证。
13 2 1 2 6
此次她是被安排在东京地方裁判所的一件房间内，以视频的方式作证。
13 3 1 3 6
在她作证期间，陈世峰不动声色，看向前方，没有特别的表现。
13 4 1 4 6
而江歌妈妈一直在做笔记。
13 5 1 5 6
刘鑫作证期间一直在哭泣，但说话声音很清楚。
13 6 1 6 6
其作证的视频只有法官和检方电脑屏幕能看到，其他人包括陈世峰和江歌妈妈以及旁听的人都看不见画面，只能听到声音。
7
14 14 7 1 1
被告陈世峰在法庭上否认部分罪行，认为自己是杀人未遂罪，并陈述凶器的水果刀是刘鑫从房间里拿出来递给江歌的，并且迅速关上了房门。
14 15 8 1 1
至于刺死江歌的那把刀，究竟是陈世峰随身携带，还是刘鑫递给江歌的，控辩双方各执一词。
14 16 9 1 1
刘鑫出庭作证，将是本案关键。
14 17 10 1 2
江歌妈妈江秋莲出现在庭审现场，捧着江歌的照片。
14 18 10 2 2
江歌妈妈向法官宣誓时，陈世峰直视江母三十秒。
14 19 11 1 1
江妈描述称：当天下午陈世峰来到江歌家门外，刘鑫让江歌回来把陈世峰赶走，江歌赶回家并让陈世峰离开，陈世峰说“你凭什么管我”，江歌说：“这是我家，我当然要管了。”
14 20 12 1 2
江歌在与江妈聊天时曾表示有点不想跟刘鑫一起住了。
3
14 64 29 5 7
江歌妈妈多次出声痛哭。
14 65 29 6 7
听颈部伤状况时，倒在旁边中国友人肩上。
14 66 29 7 7
听到江歌被刺11-12次，江母伏在桌上，抬不起头痛哭。
6
14 67 30 1 3
有鉴于此，法医不认为陈世峰所说的是事实。
14 68 30 2 3
法医认为陈世峰脸上和手上的伤口并不是当时发生的，而是案发后产生的。
14 69 30 3 3
现在针对伤口的形成，法医描述与陈世峰辩护律师的证词有冲突。
14 70 31 1 2
陈世峰身着深蓝色的长袖衬衫和灰色的长运动裤，从始至终都很平静，脸上几乎没有一点表情。
14 71 31 2 2
只有在江歌妈妈进来的时候跟她对视了一眼，之后就再也没有看向过江歌妈妈了。
14 72 32 1 1
“你不要以为他会有我们想象中的一点点怯懦、忏悔的样子。”郭芸说，“一年了，他早就成滚刀肉了。他的脑子只会越来越清晰，一切都是为了活命。”
7
16 24 12 1 1
被告陈世峰在法庭上否认部分罪行，认为自己是杀人未遂罪，并陈述凶器的水果刀是刘鑫从房间里拿出来递给江歌的，并且迅速关上了房门。
16 25 13 1 1
至于刺死江歌的那把刀，究竟是陈世峰随身携带，还是刘鑫递给江歌的，控辩双方各执一词。
16 26 14 1 1
刘鑫出庭作证，将是本案关键。
16 27 15 1 2
江歌妈妈江秋莲出现在庭审现场，捧着江歌的照片。
16 28 15 2 2
江歌妈妈向法官宣誓时，陈世峰直视江母三十秒。
16 29 16 1 1
江妈描述称：当天下午陈世峰来到江歌家门外，刘鑫让江歌回来把陈世峰赶走，江歌赶回家并让陈世峰离开，陈世峰说“你凭什么管我”，江歌说：“这是我家，我当然要管了。”
16 30 17 1 2
江歌在与江妈聊天时曾表示有点不想跟刘鑫一起住了。
3
16 75 35 5 7
江歌妈妈多次出声痛哭。
16 76 35 6 7
听颈部伤状况时，倒在旁边中国友人肩上。
16 77 35 7 7
听到江歌被刺11-12次，江母伏在桌上，抬不起头痛哭。
6
16 78 36 1 3
有鉴于此，法医不认为陈世峰所说的是事实。
16 79 36 2 3
法医认为陈世峰脸上和手上的伤口并不是当时发生的，而是案发后产生的。
16 80 36 3 3
现在针对伤口的形成，法医描述与陈世峰辩护律师的证词有冲突。
16 81 37 1 2
陈世峰身着深蓝色的长袖衬衫和灰色的长运动裤，从始至终都很平静，脸上几乎没有一点表情。
16 82 37 2 2
只有在江歌妈妈进来的时候跟她对视了一眼，之后就再也没有看向过江歌妈妈了。
16 83 38 1 1
“你不要以为他会有我们想象中的一点点怯懦、忏悔的样子。”郭芸说，“一年了，他早就成滚刀肉了。他的脑子只会越来越清晰，一切都是为了活命。”
3
17 3 3 1 2
1.江歌妈妈出庭陈述与江歌最后通话内容，江歌告诉过妈妈陈世峰当天下午曾到过江歌家，并复述了当时场景，表示三人曾发生争执。
17 4 3 2 2
在江歌与江妈通话结束8分钟后，江歌遇害。
17 5 4 1 2
2.江歌曾对妈妈说“他（陈世峰）好小人”，江妈劝女儿“宁可得罪君子，也不要得罪小人”“小心他打你”，江歌安慰妈妈道“我不会跟他动手，日本很安全，出了事警察会立即处理”。
12
17 15 8 1 1
北京时间8点50分（东京时间9点50分），江歌案庭审开始，人员正在陆续入场。
17 16 9 1 2
江歌妈妈江秋莲出现在庭审现场，捧着江歌的照片。
17 17 9 2 2
江歌妈妈向法官宣誓时，陈世峰直视江母三十秒。
17 18 10 1 3
江歌妈妈接受质询，检方问江歌妈妈多久与江歌联系一次。
17 19 10 2 3
江歌妈妈回应每天都通过微信和女儿联系。
17 20 10 3 3
并已经提交微信聊天记录作为证据。
17 21 11 1 1
在江歌遇害前几分钟，江歌妈妈还在与女儿保持联系。
17 22 12 1 2
据早前媒体报道，女儿去世后，江秋莲还一直在微信上跟她说话。
17 23 12 2 2
左为江歌手机，右为江秋莲手机。
17 24 13 1 1
陈世峰穿着与昨天保持一致，仍然面无表情。
17 25 14 1 1
案发当天下午江歌、陈世峰、刘鑫三人曾争执。
17 26 15 1 1
江歌曾对江妈说：陈世峰好小人哦。
4
17 30 19 1 1
庭审上江歌妈妈描述这段时，陈世峰用手帕擦脸。
17 31 20 1 1
江妈描述称：当天下午陈世峰来到江歌家门外，刘鑫让江歌回来把陈世峰赶走，江歌赶回家并让陈世峰离开，陈世峰说“你凭什么管我”，江歌说：“这是我家，我当然要管了。”
17 32 21 1 2
江歌在与江妈聊天时曾表示有点不想跟刘鑫一起住了。
17 33 21 2 2
因为刘鑫不买家用消耗品，不做饭、不打扫卫生也不丢垃圾。
6
22 7 3 1 1
另据看看新闻Knews报道，江歌案庭审第二天，江歌母亲首次在法庭发声，回答多方提问，同时警方会继续提供证据和陈述，涉及陈世峰事发前后24小时的行进路线、公交路线、电话路线和作案工具等。
22 8 4 1 1
检察官出示了凶器的照片，特别询问了江母，2016年在江歌这里住的时候，是否看到过江歌有这样一把水果刀，江歌是否有带刀防身的习惯，刘鑫是否有这样的习惯？江歌妈妈说没有。
22 9 5 1 2
江妈描述称：当天下午陈世峰来到江歌家门外，刘鑫让江歌回来把陈世峰赶走，江歌赶回家并让陈世峰离开，陈世峰说“你凭什么管我”，江歌说：“这是我家，我当然要管了。”江歌在与江妈聊天时曾表示有点不想跟刘鑫一起住了。
22 10 5 2 2
因为刘鑫不买家用消耗品，不做饭、不打扫卫生也不丢垃圾。
22 11 6 1 2
江母通过江歌的手机获知，陈世峰和江歌有过联系，但是陈世峰是通过刘鑫的手机获知的江歌的信息。
22 12 6 2 2
后来江歌拉黑了“南桥十五”（陈世峰微信号），不想和他有任何的联系。
5
28 42 27 1 3
江歌妈妈多次出声痛哭。
28 43 27 2 3
听颈部伤状况时，倒在旁边中国友人肩上。
28 44 27 3 3
听到江歌被刺11-12次，江母伏在桌上，抬不起头痛哭。
28 45 28 1 1
庭审细节公布：受害人在致命伤之前已有5-6刀防御伤。
28 46 29 1 1
根据尸检，受害人江歌身上的伤口分为两种刀伤，一种是垂直的刺伤，一种是平行的切伤。
6
34 36 23 1 1
江秋莲接受采访。
34 37 24 1 1
曾多次帮助江歌妈妈的《在日华人圈》执行会长刑俊龙是昨日记者会的主办者。
34 38 25 1 1
刑俊龙接受采访。
34 39 26 1 1
他说，他在案发不久通过日本媒体了解到江歌妈妈的遭遇，感到非常痛心。
34 40 27 1 1
“从去年开始，很多华人包括我们开始自发帮助她，我通过《在日华人圈》也发起了一些援助。我当时都没有想到，达到了一呼百应、一呼千应的地步。我们的公众号当天发完消息后，就有400多人加了我的微信。”
34 41 28 1 1
“在发起之前，我就和江歌妈妈交流，需要什么样的帮助，遇到了什么困难。江歌妈妈跟我交流了一下，说最需要的是法律援助，还需要翻译，需要陪护。当时住的宾馆价格在（一晚）一万日元（约合人民币600元）左右，长期住宾馆也是个问题……所以我把这些问题罗列了一下，通过我们平台发出，很多人就很踊跃地加入进来。”
4
36 1 1 1 2
今天上午，中国女留学生江歌被杀一案在日本东京开庭审理，庭审将持续至12月18日，并于12月20日宣判。
36 2 1 2 2
江歌妈妈江秋莲、案发时的室友刘鑫等人悉数到庭。
36 3 2 1 2
当地时间早上7时许，日本东京，江秋莲在女儿的生前公寓进行祭拜。
36 4 2 2 2
她说，自己对庭审表示期待，并称希望江歌能放心。
3
38 18 13 1 1
法庭内不允许拍摄、录音，凤凰卫视、凤凰网特邀画家把庭内情况还原，江歌妈妈今天上午没有出庭。
38 19 14 1 1
此外，据现场传回的消息，江歌母亲没有出现在庭审现场。
38 20 15 1 2
另据澎湃报道，江歌尸体解剖人将出席下午的庭审，将对于尸体表面和贴身衣物的痕迹和刀痕进行说明。
5
40 1 1 1 5
12月11日，中国女留学生江歌在日本被中国男留学生陈世峰伤害致死一案在东京地方法院进入一审阶段。
40 2 1 2 5
这对于一年前痛失独生女儿的江歌妈妈来讲，或许是一种安慰，因为此案终于进入法庭审理时段，或许也是一种刺激，因为这意味着漫长法庭驳辨纷争的刚刚开始。
40 3 1 3 5
江歌妈妈，挺住！与此同时，这对于热烈报道此案的中国媒体来说，既是再一次收割流量的重要时刻，也应该是重新梳理此案和疏导舆情的关键时分。
40 4 1 4 5
后者应该重于前者。
40 5 1 5 5
这对于热切关注此案的国人来讲，是一种注目再提升的契机，更应该是冷静思考“江歌案告诉了我们什么”的时机。
3
40 6 2 1 6
第一，关于生命的持有与共享。
40 7 2 2 6
在媒体的海量报道下，中国女留学生江歌的个人家庭史和成长史已经人皆能述。
40 8 2 3 6
每谈及此，包括笔者在内的人们都会掬泪理解并且深切同情痛失爱女的江歌妈妈至悲至绝的心情。
3
40 9 2 4 6
她失去的不仅仅是一个女儿，还有自己的追求与希望。
40 10 2 5 6
这对一个家庭来讲，对于一位母亲来讲，用“天塌下来”形容，也是不为过的。
40 11 2 6 6
如今，人们只能切盼并且尽其所能地帮助江歌妈妈“闯”过生命中这一最大的难关。
4
40 34 8 2 3
江歌妈妈在有关人士的建议下发起了一场声势浩大的签名运动，并且获得了数百万人的签名支持。
40 35 8 3 3
这其中有许多对一个母亲同情的因素，也还有一个不可忽视的因素，那就是“这样的杀人案，按照中国的法律凶手是会被判处死刑的，为什么日本法律不判处死刑？”这种想法，本身就是将个人情感和诉求至于法律之上的一种表现。
40 36 9 1 8
我们知道，每一个国家都有每一个国家的法律。
40 37 9 2 8
尊重和遵守所在国的法律，应该是走到海外每一个中国人的基本素养。
2
45 1 1 1 1
法制晚报·看法新闻（记者张子渊黎史翔）今天上午，在中国留日学生江歌遇害404天后，“江歌案”在东京地方裁判所开庭，庭审从12月11日至15日上午10时开始审理，12月20日下午15时宣判。
45 2 2 1 2
今天一早，已经先期抵达日本的江歌妈妈江秋莲来到江歌遇害的公寓对女儿进行祭奠。
3
45 3 2 2 2
日前她对法制晚报·看法新闻记者介绍，除了刑事诉讼之外，还将会对嫌疑人陈世峰提起民事诉讼。
45 4 3 1 1
日本东京地方裁判所为了控制旁听人数，将针对每天上午9点半到场的人进行抽签，抽中旁听席位的人可进入法庭内旁听庭审。
45 5 4 1 1
陪同江歌母亲来到庭审现场的亚洲通讯社社长徐静波称，江歌妈妈将携帯这一枚女儿的照片走进法庭，为女儿讨一份公正。
4
52 1 1 1 2
当地时间12月11日7时许，日本东京，开庭前夕，江歌母亲江秋莲在女儿的生前公寓进行祭拜。
52 2 1 2 2
江歌母亲告诉澎湃新闻，自己对庭审表示期待，并称希望江歌能放心。
52 3 2 1 2
[“江歌案”在日本庭审，江歌妈妈刘鑫等人悉数到庭]12月11日，中国女留学生江歌被杀一案在日本东京开庭审理。
52 4 2 2 2
大批中日两国的媒体记者一起参加庭审。
2
59 77 40 1 2
对于江歌的死，江歌妈妈江秋莲、重要证人刘鑫各有说法。
59 78 40 2 2
那道江歌最终没能进去的家门，也变成了一道“罗生门”。
3
60 1 1 1 3
12月11日，江歌案将在日本东京开庭。
60 2 1 2 3
几大疑点包括，案发时是否存在刘鑫人为锁门？江歌妈妈坚持认为刘鑫反锁了门，而刘鑫曾表示是外力把门挡住了。
60 3 1 3 3
那刘鑫是否知道门外的人是陈世峰？而陈世峰的凶器到底从何而来，可能会成为影响本案量刑的关键因素。
7
61 1 1 1 4
事实的归事实，情感的归情感。
61 2 1 2 4
江歌引发的舆论讨论，终究要在日本法庭上通过证据来解决。
61 3 1 3 4
口水代替不了法律，冲动代替不了事实。
61 4 1 4 4
真相是对江歌母亲最好的告慰。
61 5 2 1 3
12月11日，也就是今天，在国内引发舆论沸腾的中国留学生江歌被杀案，将在东京开庭。
61 6 2 2 3
在10日，江歌妈妈召开了小型媒体见面会，明确表示“来日本，我是努力争取陈世峰死刑的”。
61 7 2 3 3
江秋莲到达日本的这30天，主要专注于征集对犯罪嫌疑人陈世峰判处死刑的请愿签名，并频繁会见律师和检察官。
4
61 16 8 1 1
而之前江歌妈妈组织的“死刑请愿签名”活动，对影响判决的效果可能不大，但这已经是家属唯一能做的事情了。
61 17 9 1 4
《日本宪法》第16条规定，任何人都享有请愿权，可就损害救济……进行请愿，不受差别待遇。
61 18 9 2 4
“请愿”是日本法律之下的公民权的行使，议会、政府和法院有责任依法接受，但没有义务听从。
61 19 9 3 4
不过，1983年日本最高法院公布过一个对于死刑量刑考虑的标准——“永山基准”，其中将“被害者家族感情”列为死刑的考量标准。
6
61 20 9 4 4
江歌妈妈提起的请愿，严正地表达了自己对凶手的态度，相信也会被日本法官所了解。
61 21 10 1 2
不过，此案的刑事部分虽然要在日本审判，但并不排除江歌母亲可以在中国法院，寻求权利救济。
61 22 10 2 2
一者，可以依据中国的《刑事诉讼法》有关附带民事诉讼的规定，或者直接依《侵权责任法》在中国起诉陈世峰，索要死亡赔偿金、精神损害赔偿。
61 23 11 1 1
二者，也是国内公众最关心的所谓“刘鑫见死不救”，也将在法院审判得到澄清和认定。
61 24 12 1 2
如果法庭能够认定江歌的确是为救刘鑫而被杀的，那么江歌母亲可以在国内起诉，依照《民法总则》中“见义勇为”的规定，要求受益人刘鑫作出补偿。
61 25 12 2 2
或者，日本法庭如果能认定刘鑫故意锁门阻止江歌逃生，那江母也可按侵权法的规定，要求刘鑫做出赔偿。
5
62 98 51 1 2
这次，陈世峰并没有跟踪刘鑫，而是预先等在了江歌家附近。
62 99 51 2 2
根据刘鑫案发后给江歌妈妈江秋莲发送的微信聊天记录，“警察看了监控，他是晚上十点多来到我们家附近车站的，九点多还是十点多。”
62 100 52 1 3
公寓房东大内先生也印证了这一说法。
62 101 52 2 3
他记得案发第二天他到江歌公寓时，警察在住所里搜查，他们在天台发现了伞、吃剩的便当和酒瓶，将其作为证物带走了。
62 102 52 3 3
他推测，“是不是嫌疑犯在那儿喝酒了？他可能先去了楼上，然后喝酒等着，她们回来后再下到二楼来。”
4
62 103 53 1 2
对于江歌的死，江歌妈妈江秋莲、嫌疑人陈世峰、重要证人刘鑫各有说法。
62 104 53 2 2
那道江歌最终没能进去的家门，也变成了一道“罗生门”。
62 105 54 1 1
“根据卷宗显示，刘鑫在门口见到陈世峰了才进去。”江秋莲之前的代理律师大江洋平在接受媒体采访时认为，刘鑫知道伤害江歌的人是陈世峰。
62 106 55 1 1
关于凶器，大江洋平称，“陈世峰不承认凶器是他的，他说这是江歌防身用的刀。江歌拿出来后，他夺过来把她杀了。而检察官认为刀是陈世峰事先准备的，在陈世峰就读的大学实验室里有一个跟这个凶器一样类型的刀，现在消失了。”
3
65 20 15 1 2
“我明天见到陈世峰会是什么样子，要说什么话，我没有办法去预测。”但江秋莲表示，在日本的刑事案件结束后会对陈世峰提起民事诉讼。
65 21 15 2 2
她说，案发至今没有联络过陈世峰家属，“我是受害者，为什么要去求加害者？”
65 22 16 1 1
江歌妈妈接受记者采访。
2
68 7 3 1 3
单看江歌妈妈与刘鑫聊天的截图，我们似乎都很愤怒，但是她们之间的对话，具体是一个什么样的语境，有什么背景，我们作为外人，几乎完全不知情。
68 8 3 2 3
刘鑫在案发当时的表现，包括没有来得及施救，并没有太多人表示质疑，舆论普遍表示理解。
3
68 9 3 3 3
舆论不理解的是，刘鑫为什么在日期间，一直拒绝与江歌妈妈见面。
68 10 4 1 2
即使是纽伦堡审判、东京审判，那些犯下不可饶恕的滔天罪恶的反人类战犯，也依然获得了发言和辩护的机会。
68 11 4 2 2
刘鑫早在8月30日就在微博上为自己进行过辩解，为什么不听听她怎么说呢？兼听则明，即使她说得不对，也可以从反面来支撑、强化正方的观点，从而使得正义更具力量。
6
68 12 5 1 5
按照她的说法，是她报的案，警方来了之后把她的手和头都用套子罩住带走，这其实是嫌疑犯的待遇。
68 13 5 2 5
她在日本配合警方调查，延续了两个月，警方对她的说法一一进行了验证。
68 14 5 3 5
警方也是根据她的笔录，以“威胁刘鑫”为名先期逮捕凶手陈世锋。
68 15 5 4 5
这一点也得到了陈世锋的日本律师的认可。
68 16 5 5 5
网络上的你来我往，哪有警方调查严谨？江歌妈妈在日期间，刘鑫一直在接受警方调查，从法律角度，她是唯一证人，的确不便当时就与江歌妈妈见面。
68 17 6 1 3
回到国内，同在青岛的江歌妈妈，继续要求与刘鑫见面，被刘鑫妈妈辱骂，则是网友愤怒的另一个点。
3
68 18 6 2 3
但是，这段对话的语境是，江歌妈妈在当地散发了1000张传单，公布了刘鑫全家的信息，包括家庭住址、身份证号码、电话号码、照片、微信号、QQ号、车牌号等个人隐私。
68 19 6 3 3
刘鑫妈妈看到这张传单，情急之下骂了人，虽然不对，但散布传单这个前提也是不可忽略的。
68 20 7 1 2
刘鑫作为江歌的闺蜜，又是江歌遇害案件的唯一关键证人，在江歌死后拒绝见江歌妈妈，的确有违道义，但江歌妈妈如此大规模公布刘鑫全家的隐私，则涉嫌违反法律。
6
74 1 1 1 1
看了诸多关于江歌血案的报道和评论，我的内心，与其说愤怒，不如说是悲凉，有时候，在复杂的社会和幽深的人性面前，无论做什么，都会感到深深的无力；在血淋淋的事实和真相面前，无论说什么，都会觉得极度的苍白。
74 2 2 1 4
2016年11月3日凌晨，留学日本的江歌，在东京中野区的公寓被害。
74 3 2 2 4
起因是，她的青岛老乡、在日本结识的“闺蜜”刘鑫，与本是同居恋人的陈世峰，因感情不和，分手后无处落脚，请求江歌收留，却依然遭到陈的不断纠缠和威胁。
74 4 2 3 4
案发当天，江歌怕刘鑫不安全，在车站等了刘鑫2小时，还为其买了馄饨。
74 5 2 4 4
结果陈世峰尾随追至，出于对朋友的保护，江歌让刘鑫先进房间，自己出门与陈世峰理论，被连捅十刀致死。
74 6 3 1 5
在案发后，刘鑫一直回避与江歌家人接触，甚至和家人先后拉黑了江歌妈妈的微信，直到294天后，她们才第一次见面。
7
74 7 3 2 5
此前，当江歌妈妈发微信询问，刘鑫只回复了一句：“对不起，我不知道该怎么回复你。”之后，再没有任何回应。
74 8 3 3 5
直到江歌妈妈在微博上发了一条状态，暴露了刘鑫的名字。
74 9 3 4 5
刘鑫才给予回复，却是：“再出这种新闻，我就停止协助警察”；为了让刘鑫现身，江歌妈妈无奈在网上公布了刘鑫全家的信息，刘鑫也再次发微信威胁江歌妈妈，“你不撤回（网上的信息），我不会去作证，我给你一天时间”。
74 10 3 5 5
刘鑫妈妈还在电话里跟江歌妈妈吼：“你闺女叫人家杀了，你去找杀人犯，别找着俺！是她命短！”甚至，还骂出了极其恶毒的脏话。
74 11 4 1 1
在接受王志安对她的采访时，刘鑫说的一句话是：“我都已经认识到自己错了，还要怎么样？”在她看来，只要自己认个错，就有权得到别人的原谅，自己轻描淡写的道歉，远胜过别人失去生命和亲人的痛楚的分量。
74 12 5 1 1
有人说，刘鑫和她的家人，是“精致的利己主义者”，其实我觉得在她们身上，根本谈上不“精致”，而是“粗鄙”、“极端”和“赤裸”。
74 13 6 1 1
这种“恩来无义反成仇”的故事，像极了小说《追风筝的人》中的情节：哈桑为帮小主人阿米尔追风筝惨遭强暴，目睹这一幕的阿米尔非但不敢站出来，而且为了减轻自己的罪恶感，甚至栽赃哈桑偷东西，让父亲将其赶出家门。
3
77 33 20 2 4
就像江歌妈妈说的一样，是因为现在的舆论对他们家造成了影响，让他们不能正常生活，所以她才会选择见面。
77 34 20 3 4
而不是因为觉得对不起江歌、对不起江妈妈而来请求原谅的。
77 35 20 4 4
在他们心里，自己的名誉远远比江歌的生命重要。
2
86 6 3 1 2
事件中，同江歌合住的另一位当事人刘鑫因先江歌一步进门而得以幸免。
86 7 3 2 2
不过，随着同江歌妈妈这场时隔300多天的会面曝光，关于刘鑫“是否锁门”“为何不联系江歌妈妈”等问题却将刘鑫卷入了人性拷问的舆论漩涡。
2
86 8 4 1 2
在无法联系到刘鑫后，江歌妈妈选择将刘鑫的身份证号、家庭住址等信息曝光网络。
86 9 4 2 2
而后，刘鑫母亲和江歌妈妈的电话对话中，本应同仇敌忾的两家人，却言语相向。
3
86 10 5 1 2
如今，江歌已被害一年。
86 11 5 2 2
随着刘鑫面对江歌妈妈视频的披露，“江歌案”持续发酵，网友们在愤怒的情绪之下难掩对人性的冷漠、自私和道德的拷问。
86 12 6 1 2
12月11号到15号，“江歌在日被杀案”将在日宣判。
3
86 37 18 1 2
齐律师认为：但是根据网络现有信息，刘鑫事件有其特殊性，江歌妈妈在极力恳求见其一面被拒绝甚至消失之后，无奈之下才借助网络逼刘鑫出面及出庭作证，江歌因帮助刘鑫而死，江歌妈妈的这一要求可以说完全是情理之中。
86 38 18 2 2
当然，如果刘鑫认为江歌妈妈侵犯了其隐私权，可以到法院提起民事诉讼。
86 39 19 1 1
根据日本及中国的相关法律，刘鑫都有出庭作证的义务。
3
89 37 26 1 1
江歌遇害294天之后，刘鑫竟然才出来面对江歌妈妈。
89 38 27 1 1
案发3天后，给江歌妈妈发的第一条微信就是责备和威胁。
89 39 28 1 1
》也非常符合这个新闻，很多善良的女孩因为错信了坏人，导致了很严重的后果，其中江歌事件就是最典型的案例。
4
92 8 6 1 1
从网友质疑其事发当时的袖手旁观到对嫌疑人的包庇、拒不配合江歌妈妈调查，再到对刘鑫父母不当言语的指责，刘鑫一时深陷舆论漩涡。
92 9 7 1 2
如今，距离江歌被害一年，今年8月份刘鑫首度面对江歌妈妈的视频披露，在网络上引起轩然大波。
92 10 7 2 2
难掩愤怒情绪的网友一边倒的指责刘鑫之过是人性之殇，是道德沦丧。
92 11 8 1 1
群情激愤的全民愤怒之后，我们似乎还欠江歌被害案一份理性的声音。
3
93 19 12 1 2
江歌妈妈的行为因牵涉个人信息保护问题引发争议。
93 20 12 2 2
今年5月，“两高”发布《关于办理侵犯公民个人信息刑事案件适用法律若干问题的解释》，从严设定了定罪量刑标准。
93 21 13 1 1
“从江歌的母亲来讲，争议点在于其将刘鑫的个人信息公布于网络上，根据刑法修正案九以及两高的司法解释，江歌母亲的行为面临触法风险。”彭新林表示，根据司法解释规定，非法获取、出售或者提供公民个人信息达到一定数量即可入罪。
3
96 48 21 1 3
因此，如果法庭审理查明，江歌的确是为了保护刘鑫而死，江歌妈妈可以主张两项民事赔偿请求权：其一，对凶手的民事求偿权利。
96 49 21 2 3
如果陈世峰无力承担赔付责任，刘鑫要给予适当补偿；其二，向刘鑫主张精神损害赔偿，其理由是我国《最高人民法院关于确定民事侵权精神损害赔偿责任若干问题的解释》第一条的规定。
96 50 21 3 3
如此方可抑恶扬善，引导人性回归温暖与善良。
6
96 54 23 1 1
但即便在这种情况下，基于“再出这种新闻，我就停止协助警察”“是你闺女命短，跟我们有什么关系”这样的攻击性话语，已经足以让刘鑫和她的家人受到道德上的谴责。
96 55 24 1 3
从这个角度说，舆论的口诛笔伐，也是其当受的一种代价。
96 56 24 2 3
网络暴力固有其恶，但这件事中的更多人，不过是在用一种朴素的方式表达最基本的良善之心。
96 57 24 3 3
法律正义尚未实现之时，网友温暖的话语，会赋予江歌妈妈顽强生存下去的力量。
96 58 25 1 2
（作者为上海市政府法制办副主任、法学教授。
96 59 25 2 2
本文仅代表作者个人观点。
5
100 17 13 1 1
北京市康达律师事务所律师韩骁也指责说：“虽然刘鑫不需要承担刑事责任，但是逃避责任的行为给江歌妈妈以及其他亲人带来的伤害是无法弥补的。江歌的遇害虽然不能归责于刘鑫，但毕竟和她有联系，在案发后不但不主动报警，反而想尽办法撇清关系的行为，至少在道义上应该被谴责。”
100 18 14 1 1
有很多人说，看到刘鑫，就浑身冷得发抖，人性的卑劣下限一次次被刷新。
100 19 15 1 1
我注意到，在王志安对刘鑫的采访中，刘鑫有一句话：我都已经认识到自己错了，还要怎么样。
100 20 16 1 1
这应该是刘鑫的真实心理状态，她的潜台词是，我知道自己错了，那就可以了，不用跟你道歉，人又不是我杀的。
100 21 17 1 1
但是，这位姑娘从来没有想过，那边是因为你而死的一条人命啊，即便是路人，也该适当发声，何况是生前好友。
