7 6 3 2 2 0.68
马蓉如此出招，亦让很多吃瓜群众表示摸不透。
7 5 3 1 2 0.214
值得一提的是，王宝强与马蓉的离婚案已于8月底进行了二次庭审，虽然双方没有提供更多新证据，但马蓉一方却在审理过程中表示，不同意和王宝强离婚，称自己还和王宝强有感情。
56 5 2 2 2 0.623
由于该事件备受社会关注，不少路人得知宝宝离婚案在此开庭后，便自发前来围观，于是法院门口除了聚集早早便前来排兵布阵的北京全媒体阵容，还有大批吃瓜群众逗留，以至于人数太多，法院只好出动安保人员维持秩序，在街边拉出警戒线，形成门口群众夹道欢迎王宝强到场的热闹场景。
56 4 2 1 2 0.252
18日下午，新浪娱乐组织前线赴朝阳法院现场报道，直播间图文并茂，更独家捕获到王宝强在律师和哥哥携同下，素颜墨镜进出法院的一幕。
1 2 2 1 1 0.424
马蓉的微博一直没有停止更新，这让网友们看了惊讶不已了。
1 5 4 1 1 0.473
据各网友消息：马蓉因涉嫌转移王宝强400万，网友还透露马蓉已经打算卖房救宋喆，他们的感情原来是这么深啊，真让人都想不到啊。
11 1 1 1 1 0.578
带给网友“惊喜”的，不是朝阳群众，而是朝阳警察。
11 8 7 1 1 0.447
这个吃老板饭，同时还砸老板锅的家伙，注定会遭到唾骂。
11 24 16 1 2 0.454
网友纷份举手反对。
11 25 16 2 2 0.235
我想说，如果这不是段子，你们不想知道"宝宝"怎么想的?
24 4 2 2 3 0.404
细思恐极，这是要转移财产的节奏啊！马蓉和王宝强的离婚闹剧真是一波三折，没有想到有一天自己的智商都应付不了娱乐新闻了。
24 3 2 1 3 0.247
但据知情人士爆料，实际上马蓉和王宝强的离婚案还正在办理中，这其实是马蓉妈和宋喆爸在办离婚。
24 5 2 3 3 0.224
如果这些情况都属实，那真是心疼宝宝。
27 186 73 1 2 0.407
“太懂我了。”王宝强描述第一次听完的感受。
27 187 73 2 2 0.086
他在台上，说这话时语调重新由叙述转入兴奋和夸张，身子特意前倾，看向同排站最边上的赵英俊，像终于介绍到要好的哥们儿。
27 197 77 2 4 0.402
父亲素来严厉，甚少夸许他，儿时的王宝强想吃煎饺，都会被父亲呵斥，或者拦下母亲：“不要太惯着他！”他于是也憋着劲想得到严父的认可。
27 196 77 1 4 0.248
他始终是个和自己较劲的人。
27 198 77 3 4 0.28
王宝强等待了20年，终于等到了2003年《盲井》的金马奖，等到了2004年的《天下无贼》，父亲那时终于首肯了他。
27 207 81 3 4 0.421
他长期拍摄中国现实题材，用过许多毫无经验的群众演员，因《盲井》出道的王宝强不过是其中之一。
27 206 81 2 4 0.179
当年挖掘王宝强的李杨导演，将背后的诸多因素用“环境”一言蔽之。
27 208 81 4 4 0.313
为什么惟独草根王宝强能够活跃至今？其他人都去哪了，境遇如何？
27 221 88 1 6 0.497
他能吃，但自从当了演员，几乎每顿都只吃六成饱。
27 222 88 2 6 0.322
跑路演时日程紧张，整个团队都吃得简单，但至少也能有一桌子荤素搭配着的快餐菜，他只拿两个小窝窝头，夹着豆腐青菜咬完就不再动筷。
27 263 101 2 5 0.501
那时候做群众演员，没人找小孩做群众，因为群众需要有身高的充人数嘛，只有人多的时候才需要你。
27 262 101 1 5 0.255
王宝强：拍《盲井》之前，2000年到2001年期间，是我人生最苦的一年。
27 264 101 3 5 0.276
我后来生活也比较困难，就去工地上干活、想办法。
27 272 103 1 7 0.552
王宝强：有一场拍吃辣椒的戏，我就真吃，其实我从来不吃辣椒。
27 273 103 2 7 0.391
因为那场戏是非常激烈、热血的，如果不吃，你体会不到真实的感受。
27 274 103 3 7 0.458
我最后吃急眼了，你知道吧，感觉肠子要烧断了，火辣辣的。
27 275 103 4 7 0.255
就是喝醉酒那个感受，满身冒汗，什么都不知道了，那个疼啊，这个过程当中你是什么时候叫的，你怎么叫出来的声音，它都是真实的，不是表演出来的。
27 277 103 6 7 0.513
我吃完之后很多印度人说“导演是超人，现在没人这么吃”。
27 276 103 5 7 0.37
我觉得观众一定会很心疼，这种真诚会感染观众。
27 278 103 7 7 0.305
拍动作戏也都是我亲自上阵，然后印度人看着都觉得中国人拍戏好，是拼命的，就感染他们自己在工作中也特别尽力，最后我们杀青的时候互相拥抱，印度人哭得不行了，泣不成声。
27 299 109 2 4 0.406
观众看那种难过，他替你难过啊。
27 298 109 1 4 0.355
王宝强：你演生气，如果用大喊就太白了，用别的方式就会让观众更疼更难受，你不哭出来，让观众哭，这是走心的。
27 300 109 3 4 0.296
你压着情绪，反而是更用力的，等到释放的时候，就“啪”一声放出去，但你还要收回来。
27 335 119 1 5 0.459
王宝强：拍婚礼的一场大戏，一千多人，调动的人马特别多，一遍遍排练一遍遍试，不是这边人特别多、群众演员挤在一堆，就是那边没人，画面很难看，怎么弄弄不过来。
27 336 119 2 5 0.324
那时候快要吃饭了，一中午一个镜头都没拍，气得我啊。
27 345 123 1 5 0.426
王宝强：每个人都有脾气，再老实的人也有脾气，但是你别触动他的极限。
27 346 123 2 5 0.263
我个人还是希望快乐一点。
28 3 2 1 1 0.414
看到宝宝感慨“不知道今天该说些什么”后，网友们纷纷在评论区留言表示陪伴和关心，“希望宝宝今年大吉大利！早日找到属于自己的幸福。”还有某冰箱品牌官微跑来凑热闹，“宝宝你看看家里有没有我陪你。”
29 9 3 2 3 0.431
令网友惊掉下巴的是，该人妻演员还曾与武侠剧男主打野战，而且两人现在还是朋友，微博有交流。
29 8 3 1 3 0.228
节目中还有一位名叫董哥的业内人士，在与卓伟一唱一和的爆料中透露了某位因武侠剧爆红的人妻演员陪睡制作人的秘辛。
29 10 3 3 3 -0.138
（实习生苏叶/文）
36 3 2 2 4 0.584
朝阳法院门口围观了上千名群众。
36 2 2 1 4 0.209
18日下午，朝阳法院对王宝强诉马蓉离婚案以及马蓉诉王宝强侵犯名誉权一案举行了庭前会议。
36 4 2 3 4 0.229
下午的一点一刻，王宝强乘坐一辆红色汽车，在律师张起淮的陪同下，进入了法院。
36 12 5 1 1 0.406
当天，两起案件的庭前会议持续了将近4个小时，直到晚上6点，在法院围观的群众才渐渐散去；晚上8点49分，王宝强本人发微博称，感谢大家的关心，自己会一直坚强，相信法律的公平公正。
37 2 1 2 4 0.419
让人意外的是，现场有不少群众表达了对宝宝的支持，却也有人闹事，甚至大骂其人渣。
37 1 1 1 4 0.29
早报讯时隔两个多月，王宝强离婚案终于在前天开庭审理，出于对诉讼的重视，王宝强随同代理律师一起前往法院应诉，遭遇众多群众围堵力挺。
37 3 1 3 4 0.483
这一幕小插曲，曝光后立马引爆网友热议，昨天凌晨有曝料称该闹事者为马蓉妈妈找的群众演员，“一场闹剧！马蓉的母亲花费5000元，找来几个群众演员在法院门口高喊王宝强是人渣，为闺女挺身而出本该值得称赞，可惜的是是非不分，为老不尊。”目前，该爆料的真实性还未获得证实，但已经引起了众多网友的不满。
37 4 1 4 4 -0.293
（宗禾）
40 7 3 1 2 0.497
现场围观群众里，有人希望“宝宝”能坚强面对事件，也有人盼法律给他一个公正结果。
40 8 3 2 2 0.344
但也有一个自称是马蓉粉丝的男子，在王宝强现身后大喊“王宝强就是人渣一个。”
41 4 3 1 1 0.509
当王宝强快走进法院厅内时，有吃瓜群众站在围栏之外高喊：“宝宝加油，我们挺你”，幸运的是，“神情疲惫、明显消瘦”的王宝强，并没有听到有人在法院门口喊出的另外一句，“王宝强就是人渣一个”。
41 7 5 1 3 0.528
据说整个北京的媒体昨天都聚集到了朝阳法院门口，去直播这一场既不公开审理，也没有当庭得出任何结论的官司，甚至现场吃瓜群众也纷纷开启了直播。
41 8 5 2 3 0.308
故事的黑色幽默之处在于，虽然没有人确切地自己知道到底在直播些什么，但许多媒体表示，自从当年李天一案之后，好久没遇到过这么轰轰烈烈的现场了。
41 13 7 2 2 0.42
在全民围观的热闹中，当有人在法院门口骂出那句“王宝强就一个人渣”的时候，我们似乎都忘了问一句：宝宝，你还好吗？
41 12 7 1 2 0.345
全民直播时代，大明星王宝强，也终究只是一个人群中孤单落寞的身影。
41 20 11 2 2 0.516
但围观群众依旧只增不减。
41 19 11 1 2 0.386
案件审理大概持续了4个半小时，在各大媒体直播的镜头里，网民既没有看到王宝强，更看不到没有出现在现场的马蓉，更多看到的，是扛着器材的媒体、热心的朝阳群众以及来自各方的看热闹的观众，甚至，还有赶来维持治安的安保哥和急救中心人员。
41 48 31 2 2 0.429
或许到时候的朝阳法院门口，又会有一场新的全民直播在等待着王宝强。
41 47 31 1 2 0.12
官司未完待续，下一场开庭在11月初。
41 50 33 1 1 0.422
在这个故事的开头，所谓全民力挺宝宝，并不是事实，事实却是：力挺之外，质疑与爆料并存，奚落与嘲笑齐飞，不仅精英对这个草根小子微博公开离婚的做法充满质疑，吃瓜群众也对诸多网络黑料将信将疑。
41 60 40 1 1 0.45
王宝强在整个离婚事件中，似乎一直是个输家，那么昨天的两场庭审之后，他能用法律赢回公道吗？事实是：即使全民支持王宝强，法律也自有其逻辑，结局未必会如吃瓜群众的期待，但另一场法院外的审判却已有定论。
41 62 41 2 3 0.432
昨天朝阳法院门外一声“王宝强是人渣”之外，网上自有无数声“宝宝加油”。
41 61 41 1 3 0.219
人心或许会被虚掷，但从不被浪费。
41 63 41 3 3 0.38
这场法律之外人心的判决谁赢了，王宝强在这场未完待续的离婚案审判中赢了马蓉什么，还不清楚吗？
42 24 5 6 6 0.594
在一些人看来，王宝强也曾是群众演员，跑跑龙套，混口饭吃。
42 23 5 5 6 0.288
科学家没有外在的粉丝也能够活，艺术家如果没有外在的粉丝，只能算是冷门艺术家。
43 4 2 1 4 0.443
下午庭审，围观群众和媒体中午就守候在法院门外，围得水泄不通，执法人员不得不用人墙控制现场人流。
43 5 2 2 4 0.312
快开庭时，王宝强乘坐红色小轿车到达法院门外，还没下车就已被人群团团围住。
47 2 1 2 3 0.594
法院门口剧集上百群众围观。
47 1 1 1 3 0.215
王宝强诉马蓉离婚、马蓉诉王宝强名誉侵权两案昨日下午在北京朝阳法院先后举行庭前会议，王宝强现身，但马蓉并未出席。
47 3 1 3 3 0.189
离婚案究竟会围绕哪些问题审理？前不久最高法院公布的指导案例是否意味着马蓉可能“净身出户”？
48 11 5 2 2 0.578
庭审还吸引了网友、粉丝以及路过的公众围观，法院门外辅路都站满了人，还有民警维持秩序。
48 10 5 1 2 0.288
虽然此次庭前会议不公开举行，但18日中午11点多，朝阳法院门外就聚集了来自全国各地的媒体，很多媒体更是架设直播设备等在门外。
54 2 1 2 5 0.497
由于事件备受社会关注，得知案件在此审理，朝阳法院门口人山人海，不仅聚集北京全媒体阵仗，更有大批吃瓜群众围观，从中午12时许至傍晚18时许，人潮久未散去，也给警力现场维持秩序带来不少压力。
54 1 1 1 5 0.219
新浪娱乐讯18日下午，王宝强[微博]和马蓉的离婚诉讼案与马蓉诉王宝强名誉侵权案在北京朝阳法院首次开庭审理，当天王宝强亲自出庭，马蓉未出庭。
54 3 1 3 5 0.115
目前案件尚未披露更多细节。
54 7 2 2 4 0.578
由于现场围观群众太多，王宝强没有在外逗留，来去匆匆。
54 6 2 1 4 0.218
18日下午，王宝强和马蓉的离婚诉讼案与马蓉诉王宝强名誉侵权案在北京朝阳法院首次开庭审理，当天王宝强亲自出庭。
54 8 2 3 4 0.389
晚上，他在微博上解释并感谢大家关心：谢谢媒体和关心我的朋友们，今天开庭审理很顺利，本想结束后见面致谢！因下午两个案子时间较长，结束时天色已黑，法院工作人员都劝说希望不要引起现场骚乱，只能先行离开，对来到现场的朋友不能当面说声谢谢只能心怀感激，有你们在，我会一直很坚强，法院一定会公平公正处理此案！期待最终审判。
56 2 1 2 3 0.497
由于事件备受社会关注，得知案件在此审理，朝阳法院门口人山人海，不仅聚集北京全媒体阵仗，更有大批吃瓜群众围观，从中午12时许至傍晚18时许，人潮久未散去，也给警力现场维持秩序带来不少压力。
56 1 1 1 3 0.219
新浪娱乐讯18日下午，王宝强[微博]和马蓉的离婚诉讼案与马蓉诉王宝强名誉侵权案在北京朝阳法院首次开庭审理，当天王宝强亲自出庭，马蓉未出庭。
56 3 1 3 3 0.115
目前案件尚未披露更多细节。
56 11 5 1 4 0.447
傍晚天色已暗，但群众们仍然非常热心，等在门口只为看宝强一眼。
56 12 5 2 4 0.427
17时53分，王宝强低调改座驾从法院门口出来，大批群众在等待中“数脸懵逼”之时，他们已经悄然离开，而机智如小浪，此时独家捕获到了包括王宝强、律师等在内的三位车中人员。
56 13 5 3 4 -0.121
新浪娱乐将持续关注并报道。
57 6 3 1 1 0.437
王宝强的出现的一瞬间，朝阳法院门口引起巨大骚动，百余家媒体为了亲睹王宝强不顾安保人员阻拦冲破警戒线蜂拥而上，更有不少的媒体记者在该过程种不慎受伤。
60 2 1 2 2 0.515
中午12时许，法院门口已经挤满许多媒体和不少群众，任何人进出都会引起骚动，现场更有人闹事，大喊“王宝强就是人渣一个”。
60 1 1 1 2 0.131
新浪娱乐讯备受关注的王宝强[微博]与马蓉离婚案，于18日下午13时30分在北京朝阳法院开庭。
61 2 1 2 2 0.48
下午1点20分，当事人王宝强赶到现场，现场记者、围观群众达数百人。
61 1 1 1 2 0.103
新京报快讯（记者刘洋）因王宝强[微博]直指前妻出轨经纪人宋喆、转移财产而备受关注的“宝马”离婚案，定于今天下午14时召开庭前会议。
64 36 18 1 2 0.459
在王宝强事件中，许多吃瓜群众深深相信的还是那句好话——娱乐圈水太深。
64 37 18 2 2 0.275
甚至有不少人，至今仍将王宝强想象成一个神机妙算，一切尽在掌握中的世外高人，仿佛一切都是王宝强利益的计算，精心的炒作。
64 46 22 2 2 0.507
既然故事演绎至今，马蓉方爆王宝强黑料并不少，精英也不买账，几乎所有的声音都在质疑王宝强非理性太粗暴，甚至进一步质疑草根的非理性，为什么绝大多数吃瓜群众还要义无反顾“一意孤行”地力挺王宝强？
64 45 22 1 2 0.188
所以问题就来了。
64 65 33 1 1 0.415
只有学会了感情和婚姻中的计算和算计，才不会受到王宝强这样的伤害——很可惜，这才是王宝强事件教给吃瓜群众最重要的道理。
64 69 34 4 4 0.474
但法律之外，还有人心，吃瓜群众相信王宝强，如果说是一种执念，那也是对于一种民间善恶有报朴素正义的执念。
64 68 34 3 4 0.231
是否净身出户，谁会“一无所有”，法律自会做出公正判决。
64 70 35 1 3 0.419
马蓉说要令王宝强“身败名裂”，公众的力挺却让宝宝绝不会“一无所有”。
64 71 35 2 3 0.216
故事演绎至今，是谁正在“身败名裂”，谁又会最终一无所有跌入深渊？每个人心中自有自己的期望与判断。
78 1 1 1 1 0.415
王宝强[微博]和马蓉的离婚官司硬生生地抢了奥运会的风头，虽然这场官司离尘埃落定的日子还远，但人们很关注马蓉有没有转移财产，关注王宝强在分割财产中能拿多少钱。
79 1 1 1 1 0.406
新京报讯10月10日，身陷离婚门的王宝强[微博]首次在公众面前现身，表示将自己的离婚事件交由法律解决，同时他表态相信法律的公正，对此，不少吃瓜群众纷纷表示，看到王宝强新片的制片人不是马蓉也就“放心了”。
80 7 4 1 2 0.451
网友们赶紧去宝强微博下面报喜：“宝宝快搜最高法！你的天道来了！”“最高法颁布指导案例：离婚转移财产可判净身出户！”也有网友在马蓉微博评论贴出案例原文，称期待看到惩罚。
80 8 4 2 2 -0.138
（实习生小黄人/文）
81 5 2 3 6 0.437
因此该电影也引来了不少粉丝的反弹，甚至有网友表示要抵制该片。
81 4 2 2 6 0.363
近日，有网友在该电影的百科出品人一栏上发现马蓉的名字。
81 6 2 4 6 0.224
有媒体联系发到片方相关人，其表示，目前《大闹天竺》的出品人还没定。
83 3 2 1 1 0.468
王宝强在微博文中称：“更要把我的儿女保护好，给他俩更好的教育，培养成社会有用人才。”令不少网友围观发问：“宝宝你是要回孩子的抚养权了吗？”对于王宝强今日发微博重整士气的举动也使不少吃瓜群众表示操心，纷纷留言王宝强问到：“重新开始的勇气是不是来源于孩子们呢？”就王宝强是否已经要回孩子们的抚养权一事，新浪娱乐也联系了王宝强身边的相关工作人员，进行求证，对方回应说：“王宝强一直没见到孩子。”
87 20 7 3 5 0.438
这是我们自己的事情，也希望媒体朋友还有网友不要打扰我的家人和生活。
87 19 7 2 5 0.303
不要再去伤害我的父母，也不要伤害宋喆的父母。
87 21 7 4 5 0.3
也不要去伤害宋喆的家人。
96 3 1 3 3 0.449
对此，网友纷纷留言称：“你叫王坚强，满满正能量！”“宝强，加油我们支持你。”“宝宝喜欢你开心地笑加油。”
96 2 1 2 3 0.353
8月26日，王宝强离婚事件后首次更新微博，晒出和刘国梁王楠等人合照，配文称：“奥运精神，兄弟之情，举杯同庆，其乐融融。”照片中王宝强和刘国梁互相搭肩，对着镜头微笑，但胡子拉碴略显苍老。
97 1 1 1 1 0.255
新京报讯王宝强[微博]离婚案沉寂了快一周，最近又有媒体陆续查到他在美国的房产，位于山的那边海的那边的美利坚南加州地区，但是目前房产的处理尚未有任何眉目。
99 7 3 2 3 0.435
但同时他也提醒网友：“屋里的事，只有屋里人知道。”告诫大家不要随意揣测他人。
99 6 3 1 3 0.309
董浩叔叔分析称，由于婚后二人“夫唱妇随”，马蓉在生活中丧失了自己的梦想，二人才逐渐出现裂痕。
99 8 3 3 3 -0.07
(实习生于峥／文)
