12 8 4 3 6 0.604
于是，王宝强委托代理律师张起淮，以非法侵占公民财产为由向警方报了案。
12 7 4 2 6 0.307
而王宝强在离婚官司的审理过程中发现，除前经纪人宋喆涉嫌侵占他的财产之外，还有一位姓王的公司同事，也涉嫌侵犯其私人财产。
12 9 4 4 6 0.232
报悉，警方为此已先后传唤了多人，进行仔细调查取证。
51 5 1 5 5 0.627
原告方是王宝强及其律师张起淮，被告方只有马蓉律师参加了庭前会议。
51 4 1 4 5 0.095
第二个是马蓉诉王宝强名誉侵权案。
58 2 2 1 7 0.612
四川公生明律师事务所王新顺律师分析称，法律分析要以具体的事实为基础。
58 3 2 2 7 0.124
宝强离婚案的相关事实并不具体明确，所以不能作出具体分析或评论，最多也就是猜测一下。
59 2 1 2 4 0.601
王宝强代理律师张起淮告诉成都商报客户端记者，王宝强本人亲自和他一起出庭。
59 1 1 1 4 0.311
备受关注的王宝强与马蓉离婚案，于今日（10月18日）下午1时30分在北京朝阳法院开庭。
59 3 1 3 4 0.213
而马蓉诉王宝强名誉侵权案，也将于下午4时审理。
77 30 15 1 4 0.607
针对这些明星婚姻中出现的关键问题，北京市浩东律师事务所姚雪律师、曾经手李阳离婚案的戚连峰律师分别在接受新浪娱乐对话时，给出了法律层面的专业解读。
77 31 15 2 4 0.181
律师道出我们的心里话：近年来，发生了多起引人注目的涉及公众人物婚姻关系的事件。
88 27 15 1 2 0.773
8月29日晚，杨慧代理人北京市恒嘉律师事务所律师谭耀光首次对外发声。
88 28 15 2 2 0.264
在独家接受重案组37号采访时他表示，被告代理人今天在庭审中向法院主张宋喆不同意离婚，称双方感情还在，“但是被告的这个行为明显是在技术上拖延时间，这对于杨慧来说无疑是一种再次伤害。”
90 6 3 1 4 0.744
下午2点50分，宋喆妻子杨慧在一名友人陪伴下进入法院，其代理律师、北京恒嘉律师事务所律师谭耀光等随后到场。
90 7 3 2 4 0.177
截至庭审结束，宋喆仍没有现身。
92 2 1 2 3 0.671
封面新闻记者今天中午在北京独家了解到重要信息：杨慧起诉宋喆离婚案开庭前24小时，杨慧曾委托代理律师北京市恒嘉律师事务所谭耀光律师与宋喆家人秘密沟通，杨慧为了息诉止争，商议是否可以协议离婚。
92 1 1 1 3 0.395
封面新闻讯（记者杜恩湖北京现场报道）8月29日中午，封面新闻记者在北京获悉：备受关注的王宝强[微博]离婚案的另一当事人宋喆和杨慧的离婚案，将于今天下午在北京开庭。
92 3 1 3 3 0.201
但双方最终因财产分割上分歧较大，以及宋喆家人否认宋喆出轨王宝强妻子马蓉，没有达成一致意见。
93 12 7 1 7 0.654
据记者了解，宋喆聘请的代理律师邵亚光，是北京的知名律师。
93 13 7 2 7 0.187
他侧重于民商事纠纷与公司法律顾问业务，以对复杂法律问题有强大的抽丝剥茧能力和开阔、缜密的思维从业于律师职业。
