47 28 10 1 3 0.657
近日，最高人民法院发布指导性案例，供各级法院审判类似案件时参照。
47 29 10 2 3 0.324
其中66号“雷某某诉宋某某离婚纠纷案”，旨在明确一方在离婚诉讼期间或离婚诉讼前，隐藏、转移、变卖、毁损夫妻共同财产，或伪造债务企图侵占另一方财产的，离婚分割夫妻共同财产时，依照《婚姻法》第四十七条的规定可少分或不分财产。
66 12 4 2 4 0.823
姚雪律师称，今年10月9日，最高法发布第14批指导性案例，其中66号指导性案例涉及到《婚姻法》第四十七条的情形。
66 11 4 1 4 0.463
·上述王宝强案例中有涉及女方疑似进行财产转移的问题。
66 13 4 3 4 0.393
该案例的发布也引发了网友的热议，有网友认为找到了马蓉“净身出户”的依据。
77 35 16 2 4 0.823
姚雪律师称，今年10月9日，最高法发布第14批指导性案例，其中66号指导性案例涉及到《婚姻法》第四十七条的情形。
77 34 16 1 4 0.451
上述王宝强案例中有涉及女方疑似进行财产转移的问题。
77 36 16 3 4 0.393
该案例的发布也引发了网友的热议，有网友认为找到了马蓉“净身出户”的依据。
78 14 5 4 5 0.617
这个指导性案例的裁判要点明确指出，离婚时是指“一方在离婚诉讼期间或离婚诉讼前”，最高法发布案例的说明中认为这个指导性案例从婚姻法的立法目的和立法原意出发，对婚姻法第47条规定的“离婚时”作出了合理解释。
78 13 5 3 5 0.237
那么上述行为只有发生在离婚时才能成为少分或不分财产的理由，但是“离婚时”这个概念并不清晰。
78 15 5 5 5 0.43
因此这个指导性案例只是将适用少分或不分这种情况的时间条件进行了明晰化，更有利于在司法实践中提供参考。
80 1 1 1 2 0.614
新浪娱乐讯近日，最高人民法院发布第14批5件指导性案例，供各级人民法院审判类似案件时参照。
80 2 1 2 2 0.377
其中指导案例66号“雷某某诉宋某某离婚纠纷案”，旨在明确一方在离婚诉讼期间或离婚诉讼前，隐藏、转移、变卖、毁损夫妻共同财产，或伪造债务企图侵占另一方财产的，离婚分割夫妻共同财产时，依照《中华人民共和国婚姻法》第四十七条的规定可少分或不分财产。
