1
1 1 1 1 1 0.704
最近网友爆料马蓉和王宝强的离婚案中，马蓉突然又爆出大新闻了。
2
2 1 1 1 2 0.843
关于王宝强马蓉案，最近媒体有两条爆料：一是王宝强起诉马蓉离婚案庭审程序已进行完毕，将在年内一审宣判；二是王宝强在日前已经另案将马蓉父母起诉到法院。
2 2 1 2 2 0.601
理由是，王宝强认为马蓉将部分婚内财产转移到了父母名下。
0
2
2 3 2 1 5 0.66
此前，王宝强在起诉马蓉的离婚诉状中已经指出，宋喆存在“隐藏、转移王宝强夫妻共同财产、破坏家庭伤害家人的恶劣行为，致使双方感情彻底破裂”，要求离婚并依法分割夫妻共同财产。
2 4 2 2 5 0.521
今年9月，宋喆因涉嫌职务侵占案被警方控制。
2
3 1 1 1 3 0.642
法制晚报·看法新闻（记者蒋举周蔚）据媒体报道，王宝强起诉马蓉离婚一案，将在年底前宣判。
3 2 1 2 3 0.717
在宋喆涉嫌职务侵占的刑事案件没有审结之前，王宝强离婚案为何能在年底宣判？对此，法制晚报·看法新闻记者采访了王宝强的代理律师张起淮。
1
3 3 1 3 3 0.607
张起淮律师表示，可以先离婚后分割财产。
0
1
3 4 2 1 1 0.802
去年8月15日，王宝强到法院起诉马蓉要求离婚并依法分割财产。
2
3 5 3 1 2 0.834
王宝强离婚案去年10月18日在朝阳法院开庭审理。
3 6 3 2 2 0.382
在立案阶段，就有知情人士透露，“该案内幕非常复杂，还涉及刑事问题，有初步证据可以证明，有人在案件中侵占财产。”
2
3 7 4 1 2 0.754
在离婚官司的审理过程中，王宝强向警方报案。
3 8 4 2 2 0.64
由于涉及非法处理王宝强离婚案的财产等相关问题，宋喆因涉嫌职务侵占，于今年9月11日被警方控制。
0
1
3 12 7 1 1 0.697
据媒体报道，王宝强起诉马蓉离婚一案，经过几次庭前会议和开庭后，法庭程序已进行完毕，将在年底前宣判。
1
3 14 9 1 1 0.717
在宋喆涉嫌职务侵占的刑事案件没有审结之前，王宝强离婚案为何能在年底宣判？对此，法制晚报·看法新闻记者采访了王宝强的代理律师张起淮。
2
3 16 10 2 3 0.527
如果双方符合离婚的条件，可以先解除人身关系，即王宝强和马蓉的夫妻关系。
3 17 10 3 3 0.685
财产分割部分可以另行起诉，如果宋喆职务侵占的罪名成立，涉及的王宝强的财产或者说王宝强马蓉夫妻的共同财产，可以另行起诉分割。
2
4 1 1 1 2 0.611
2016年8月14日凌晨，演员王宝强发布微博称，妻子马蓉与经纪人宋喆存在婚外不正当关系，决定解除与马蓉的婚姻，停止与宋喆的合作。
4 2 1 2 2 0.537
此后，马蓉以侵犯名誉权为由，对王宝强提出反诉。
2
4 5 3 1 2 0.714
重案组37号（微信ID：zhonganzu37）今天独家核实到，王宝强起诉马蓉离婚案庭审程序已进行完毕，将在年内一审宣判。
4 6 3 2 2 0.2
而与该案相关的宋喆涉嫌职务侵占案，还处于侦查阶段，据了解，目前涉案金额为400余万元。
1
4 7 4 1 1 0.703
重案组37号今天从知情人士处了解到，王宝强起诉马蓉离婚一案，经过几次庭前会议和开庭后，法庭程序已进行完毕，将在年底前宣判。
2
4 8 5 1 2 0.827
去年8月15日，王宝强到法院起诉马蓉要求离婚。
4 9 5 2 2 0.402
他在诉状中提到，要求解除双方婚姻关系，判令婚生子女均由其抚养，马蓉支付抚养费至孩子年满18周岁，并支付10万元精神抚慰金。
2
4 12 7 1 2 0.697
随后，马蓉也委托律师到法院起诉王宝强侵犯名誉，要求删博并道歉30天。
4 13 7 2 2 0.428
该案作为名誉侵权案件，目前也在审理中，尚未宣判。
2
4 14 8 1 3 0.834
王宝强离婚案去年10月18日在朝阳法院开庭审理。
4 15 8 2 3 0.512
在立案阶段，就有知情人士透露，起诉离婚后，王宝强前往六家银行查询财产，所有账户的账面余额加起来只剩十几万，其他财产部分被转移。
2
4 17 9 1 2 0.754
在离婚官司的审理过程中，王宝强向警方报案。
4 18 9 2 2 0.64
由于涉及非法处理王宝强离婚案的财产等相关问题，宋喆因涉嫌职务侵占，于今年9月11日被警方控制。
0
2
4 26 15 1 3 0.709
此前有媒体人爆料，马蓉父母疑似转移王宝强财产。
4 27 15 2 3 0.689
重案组37号独家获悉，王宝强在日前，还向马蓉父母提起民事诉讼。
1
4 28 15 3 3 0.457
原因是，认为马蓉将部分婚内财产转移到父母名下，为查清财产去向与确切金额提起该项诉讼。
2
4 30 17 1 2 0.453
据了解，民事案件审理中需要向宋喆了解的事实情况，法官已从宋喆本人处了解清楚。
4 31 17 2 2 0.634
王宝强离婚案件的审理，目前看不会因宋喆涉刑事案件受影响。
2
5 1 1 1 3 0.711
去年，娱乐圈一件惊天动地的大事，就是王宝强和马蓉的离婚案。
5 2 1 2 3 0.206
勤奋的王宝强虽然外表并不帅气，但是很朴实，拍戏很拼命，所以获得了自己应得的一切。
2
7 5 3 1 2 0.625
值得一提的是，王宝强与马蓉的离婚案已于8月底进行了二次庭审，虽然双方没有提供更多新证据，但马蓉一方却在审理过程中表示，不同意和王宝强离婚，称自己还和王宝强有感情。
7 6 3 2 2 0.317
马蓉如此出招，亦让很多吃瓜群众表示摸不透。
3
8 3 2 1 4 0.559
距离王宝强微博曝光马蓉出轨已经有整整一年。
8 4 2 2 4 0.676
8月底，王宝强离婚案已经在北京朝阳法院进行了二次庭审，虽然双方没有提供更多新证据，但有知情人透露，马蓉一方在审理过程中表示，不同意和王宝强离婚，称自己还和王宝强有感情。
8 5 2 3 4 0.549
13日，有媒体报道宋喆被抓，王宝强离婚案件的最新消息再次成为各大媒体的头条。
3
8 8 3 2 4 0.523
有知情人士透露王宝强近期排掉很多工作，回老家休息。
8 9 3 3 4 0.667
14日，有媒体前往王宝强老家，不过却未能见到王宝强。
8 10 3 4 4 0.272
对事件密切关注的老乡们，也再次表达了对王宝强的支持。
2
8 13 5 1 3 0.659
据了解，王宝强离婚案庭审环节已经结束，目前只待宣判。
8 14 5 2 3 0.075
后续进展，新浪娱乐会持续跟进。
3
10 9 2 2 11 0.163
贪污罪的最高量刑是死刑，职务侵占罪的最高量刑是有期徒刑十五年。
10 10 2 3 11 0.736
宋喆是王宝强的前经纪人。
10 11 2 4 11 0.576
如果他与王宝强的妻子马蓉之间没有任何瓜葛，他利用王宝强对自己的信任，非法占有了王宝强个人委托他保管的财物，他的行为构成“侵占罪”。
1
11 4 3 1 1 0.631
虽然警方通报没有具名，但网友确定，宋某就是王宝强前经纪人宋喆。
1
11 23 15 1 1 0.642
有意思的是，13日无意间看到一篇报道称，马蓉在与王宝强离婚案一审时，不同意离婚，理由是两人还有感情。
2
12 3 2 1 2 0.74
9月13日，北京有媒体报道称接到消息，因涉及到王宝强离婚案的财产问题，曾担任过王宝强经纪人的宋喆日前被警方控制。
12 4 2 2 2 0.264
对此新浪娱乐亦第一时间向王宝强方面律师张起淮求证，但对方回应称：“不便接受采访，敬请谅解。”张起淮也同时向其他媒体回应，称“以公安部门通报为准”。
2
12 6 4 1 6 0.711
随后新浪娱乐从一名圈内资深媒体人士方面独家获悉：王宝强与马蓉离婚案已经于今年8月17日在北京朝阳法院再次开庭，不过法院暂时没有对王宝强离婚案作为判决。
12 7 4 2 6 0.614
而王宝强在离婚官司的审理过程中发现，除前经纪人宋喆涉嫌侵占他的财产之外，还有一位姓王的公司同事，也涉嫌侵犯其私人财产。
1
12 8 4 3 6 0.66
于是，王宝强委托代理律师张起淮，以非法侵占公民财产为由向警方报了案。
1
12 9 4 4 6 0.098
报悉，警方为此已先后传唤了多人，进行仔细调查取证。
2
13 1 1 1 2 0.675
新浪娱乐讯随着宋喆涉嫌职务侵占被抓，王宝强与马蓉的离婚案再次成为焦点。
13 2 1 2 2 0.727
据媒体报道，王宝强与马蓉的离婚案于8月底进行了二次庭审，虽然双方未提供进一步证据，但马蓉在审理过程中一直坚称，不同意和王宝强离婚，称与王宝强还有感情。
0
2
13 3 2 1 3 0.706
王宝强离婚案原本已经沉底，宋喆被抓后，事件又有新信息浮出。
13 4 2 2 3 0.539
今年五月，有媒体目击马蓉妈和宋喆爸现身民政局办理离婚手续。
2
14 1 1 1 4 0.752
时隔一年，王宝强离婚案又有新进展。
14 2 1 2 4 0.582
重案组37号（微信ID：zhonganzu37）了解到，9月11日，王宝强前经纪人宋喆已经因涉嫌职务侵占被警方控制。
2
14 3 1 3 4 0.66
王宝强的离婚案件，庭审程序已经基本进行完毕，目前尚未宣判。
14 4 1 4 4 0.565
据探员了解，王宝强离婚官司牵扯出刑事案件，在此前的司法案例中非常少见。
1
14 5 2 1 1 0.683
重案组今日从知情人士处获悉，由于涉及非法处理王宝强离婚案的财产等相关问题，并可能构成犯罪，曾担任过王宝强经纪人的宋喆目前已被警方控制。
1
14 6 3 1 1 0.683
2016年10月18日，王宝强离婚案在朝阳法院开庭审理，在立案阶段，就有知情人士告诉重案组，在起诉离婚后，王宝强前往自己开设银行账户的六家银行查询自己的财产，所有账户的账面余额加在一起只剩下十几万，其他的财产部分被转移。
1
14 9 5 1 1 0.613
在诉状中，王宝强指出，宋喆在离婚案件中被指与马蓉发生婚外不正当两性关系，同时，宋喆存在“隐藏、转移王宝强夫妻共同财产、破坏家庭伤害家人的恶劣行为，致使双方感情彻底破裂。”
1
14 10 6 1 1 0.606
据了解，在离婚官司的审理过程中，王宝强已经向警方报案，宋喆于9月11日已被警方控制。
2
14 11 7 1 2 0.556
2016年8月14日凌晨，王宝强发布一则微博，指责妻子马蓉与经纪人宋喆存在婚外不正当两性关系，并决定解除与马蓉的婚姻关系，停止与宋喆的合作。
14 12 7 2 2 0.617
此后马蓉以侵犯名誉权为由，对王宝强提出反诉，双方的官司于2016年10月18日在朝阳法院开庭审理，至今尚未宣判。
2
15 1 1 1 4 0.611
宋喆被抓了！记者9月13日从知情人士处获悉，担任过王宝强经纪人的宋喆已被警方控制。
15 2 1 2 4 0.68
据悉，宋喆涉及王宝强离婚案的财产问题并可能构成犯罪。
1
15 3 1 3 4 0.626
2016年8月14日凌晨王宝强曾发微博称，妻子马蓉与宋喆存在婚外不正当两性关系。
1
15 4 1 4 4 0.592
王宝强在诉状中称宋喆存在隐藏、转移王宝强夫妻共同财产，破坏家庭伤害家人等行为。
1
16 1 1 1 1 0.66
新浪娱乐讯9月13日，据北京青年报报道，王宝强前经纪人宋喆因涉王宝强离婚案相关问题于近日被警方抓获，罪名可能是涉嫌职务侵占，但目前还没有更准确的信息披露。
2
16 4 3 1 3 0.678
2016年8月14日，王宝强突发离婚声明，称妻子马蓉出轨自己的经纪人宋喆，并决定解除与马蓉的婚姻关系，同时停止与宋喆的合作。
16 5 3 2 3 0.784
后王宝强到起诉其妻马蓉，其中，财产纠纷和孩子抚养权成为该离婚案的焦点，现案件还在审理阶段。
1
16 6 3 3 3 -0.219
（南音/文）
2
17 5 3 1 2 0.773
另一边，马蓉王宝强离婚案还在进行，不过8月底刚刚进行的二次庭审中，马蓉一直坚称，不同意和王宝强离婚，称与王宝强还有感情。
17 6 3 2 2 0.427
不少网友表示，这不是天大的笑话吗？马蓉婚内出轨已经是事实，直到如今还在网络上骂王宝强，谎称与王宝强还有感情，一定是另有目的。
1
18 1 1 1 1 0.78
北京青年报记者今日获悉，王宝强前经纪人宋喆因涉王宝强离婚案相关问题于近日被警方抓获。
2
18 2 2 1 4 0.689
2016年8月14日，王宝强突发离婚声明，称妻子马蓉出轨自己的经纪人宋喆，并决定解除与马蓉的婚姻关系，停止与宋喆的合作。
18 3 2 2 4 0.837
后王宝强到法院起诉其妻马蓉要求离婚。
1
18 4 2 3 4 0.71
马蓉也委托律师到法院起诉王宝强侵犯名誉，要求删博并道歉30天。
1
18 5 2 4 4 0.85
去年10月18日下午，王宝强起诉马蓉离婚、马蓉起诉王宝强侵犯名誉权两起案件在北京市朝阳区法院开庭，王宝强与其律师张起淮一起现身参与了庭审。
0
1
19 1 1 1 1 0.692
新京报快讯（记者王巍左燕燕）新京报记者今日从知情人士处获悉，由于涉及到王宝强离婚案的财产问题，并可能构成犯罪，曾担任过王宝强经纪人的宋喆目前已被警方控制。
2
19 2 2 1 2 0.556
2016年8月14日凌晨，王宝强发布一则微博，指责妻子马蓉与经纪人宋喆存在婚外不正当两性关系，并决定解除与马蓉的婚姻关系，停止与宋喆的合作。
19 3 2 2 2 0.632
此后马蓉以侵犯名誉权为由，对王宝强提出反诉，双方的官司与2016年10月18日在朝阳法院开庭审理，至今尚未宣判。
1
19 4 3 1 1 0.629
作为王宝强的前任经纪人的宋喆，在离婚案件中被指与马蓉发生婚外不正当两性关系，同时，王宝强在诉状中还指出，宋喆存在隐藏、转移王宝强夫妻共同财产、破坏家庭伤害家人的恶劣行为，致使双方感情彻底破裂。
1
20 4 2 1 1 0.691
对此，王宝强的律师张起淮表示，马蓉与王宝强的离婚案还在正常的司法程序中，审理期间孩子的抚养权还没有归属，两个孩子现在在马蓉那里正常上学，王宝强也可以随时见到孩子。
2
21 5 4 1 2 0.638
知情人士表示：“之前乐视找宝强投，最后马蓉以她个人名义投的，离婚的事情发生后，因为马蓉的这部分股权属于共同财产，王宝强的律师申请了冻结。”今年1月，这部分股权就被北京朝阳区法院冻结，冻结期限为两年，自2017年1月16日起至2019年1月15日止。
21 6 4 2 2 -0.22
（阿辉/文）
2
23 1 1 1 4 0.789
新浪娱乐讯马蓉王宝强[微博]离婚案至今已持续大半年，马蓉一直低调隐藏行踪。
23 2 1 2 4 0.305
但今日马蓉被曝光最新动态，再次引发舆论激荡。
2
23 3 1 3 4 0.698
有媒体拍到马蓉宋喆共用豪车，而马蓉母亲由宋喆父亲接送，去民政局，疑似办理离婚财产分割手续。
23 4 1 4 4 0.777
随后有媒体人爆料称“这不是给马蓉办离婚财产分割，而是马蓉母亲和宋喆父亲办理离婚手续，此举是为了转移财产。”此番爆料也令马蓉王宝强离婚案更加复杂。
0
2
23 5 2 1 3 0.772
王宝强律师随后否认马蓉王宝强已经办理了离婚手续，但并未就“马蓉母亲和宋喆父亲办理离婚手续”的爆料发表评论。
23 6 2 2 3 0.543
新浪娱乐就这一复杂情况咨询专业律师姚雪，“马蓉为了转移王宝强的财产，让自己的妈妈和宋喆的爸爸结婚再离婚”这一状况是否存在可能。
2
23 8 3 1 2 0.606
就今日曝光的视频资料呈现的情景分析，姚律师首先排除了马蓉母亲去民政局帮马蓉办离婚手续的可能性：因为根据法律规定，办理离婚手续必须本人亲自到场。
23 9 3 2 2 0.491
而至于“马蓉母亲是去办理和宋喆爸爸的离婚手续”？姚律师表示“转移财产的方式有很多，不能仅凭视频信息做出判断。”但据姚律师分析表示，这件案子的财产转移不可能一夜之间完成，很有可能的是马蓉早就已经开始转移财产了。
2
24 3 2 1 3 0.616
但据知情人士爆料，实际上马蓉和王宝强的离婚案还正在办理中，这其实是马蓉妈和宋喆爸在办离婚。
24 4 2 2 3 0.4
细思恐极，这是要转移财产的节奏啊！马蓉和王宝强的离婚闹剧真是一波三折，没有想到有一天自己的智商都应付不了娱乐新闻了。
2
25 1 1 1 3 0.646
新浪娱乐讯今日有媒体拍到马蓉宋喆现身，同开一辆豪车，关系仍然亲密，更是拍到马蓉母亲和宋喆父亲前往民政局，疑似替马蓉办理离婚和财产分割手续。
25 2 1 2 3 0.735
而后该事件出现逆转，有媒体人爆料其实是马蓉和宋喆的父母要离婚，为了转移王宝强[微博]财产。
1
25 3 1 3 3 0.469
这一爆料也令马蓉宋喆婚内出轨事件更添狗血。
2
25 4 2 1 4 0.641
据媒体人“萝贝贝”爆料称从知情人士处得知，此番马蓉、宋喆以及双方父母被拍到出入民政局，不是马蓉和王宝强办理离婚手续。
25 5 2 2 4 0.782
而是马蓉母亲和宋喆父亲办理离婚手续，马蓉和王宝强还没有离婚。
1
25 6 2 3 4 0.539
萝贝贝还表示“为了转移财产都很拼，父母和子女都是一个模子里刻出来的无所不用其极。”疑似暗指马蓉和宋喆为了转移王宝强财产安排双方父母结婚再离婚。
2
26 3 2 1 4 0.633
据网友爆料说，马蓉父亲在凌晨连续发布两条微博，怒斥王宝强隐瞒事实和真相。
26 4 2 2 4 0.353
微博用户名字是马蓉父亲马阳卫，他第一条微博说：蓉儿现在比较稳定，我老伴本身就要高血压，现在还在监护病房。
2
27 22 7 2 3 -0.113
“强哥”的呼喊声有节奏地从四面八方响起，包括完全被幕布挡住的舞台后方。
27 23 7 3 3 0.634
王宝强来了。
2
27 137 50 1 2 0.615
这次服务器的流量核爆来自于一条配文“离婚声明”的图片微博，每个关键词都足以挑动人心：王宝强，离婚，妻子出轨经纪人。
27 138 50 2 2 -0.02
它以前所未有的速度传播开来，话题排行榜上，排名一度超过当天开幕的里约奥运会，跃居第一。
2
27 232 90 1 4 0.603
2016年伊始，年关前，释延君找王宝强聊天问近况。
27 233 90 2 4 0.346
聊到去哪过年，释延君从王宝强的语气中感觉到不对劲。
2
27 236 91 1 6 0.743
王宝强答应了。
27 237 91 2 6 0.42
腊月二十七，释延君接到了王宝强，脸色蜡黄，眼眶里有红血丝。
2
27 281 105 1 5 0.628
王宝强：对。
27 282 105 2 5 0.244
这个节奏是导演掌控的，我要告诉演员这场戏要这么演。
2
27 288 107 1 9 0.607
王宝强：争台词。
27 289 107 2 9 0.15
有一场戏，她跟朱天鹏一起从车上逃出来，然后讲了一段话。
2
27 325 117 1 4 0.634
王宝强：会。
27 326 117 2 4 0.079
原来做演员时不会，但当导演没办法，因为现场的秩序、各方面各部门，都听导演的。
2
27 329 118 1 6 0.618
王宝强：会顾虑。
27 330 118 2 6 0.262
我也不愿意发脾气，怕别人说闲话，什么宝强人缘原来特别好，当导演了，都开始有脾气了。
2
27 357 128 1 5 0.628
王宝强：对。
27 358 128 2 5 0.118
当然，你得到观众给你这么多的掌声和荣誉，那么你就要解释自己，给自己一个自律。
2
27 393 141 1 4 0.606
王宝强：像。
27 394 141 2 4 0.133
我爸就是说这样的话，你去闯，成功不成功都不重要，你不后悔，别埋怨我们父母没支持。
1
27 410 146 1 1 0.713
王宝强：嗯。
2
28 1 1 1 2 0.582
新浪娱乐讯2月14日，面对离婚风波后的第一个情人节，王宝强[微博]在微博感慨写下：“不知道今天该说些什么，但还是要祝大家节日快乐！爱你们么么哒。”去年夏天，王宝强在微博自曝欲与马蓉离婚一事，曾引发网友热议。
28 2 1 2 2 0.633
如今，风波初定，网友们也一直很关心与马蓉离婚案的最新消息以及王宝强个人的情感问题。
3
29 1 1 1 3 0.289
新浪娱乐讯12月28日下午，卓伟做客全明星探举行的“年度八卦盛典”直播节目，一口气爆料了半个娱乐圈。
29 2 1 2 3 0.624
节目中，卓伟谈到了王宝强马蓉的离婚细节，称马蓉有两部手机，一个工作用，一个和宋喆联系用，某次与宋喆联系的手机放在家里充电被王宝强看到，这才引发了离婚大战。
29 3 1 3 3 0.152
此外，陈羽凡白百何、杨洋张天爱、杨幂刘恺威[微博]等明星均在卓伟的爆料之中。
1
30 1 1 1 1 0.655
新浪娱乐讯11月11日，王宝强[微博]律师张起淮接受媒体采访，指出，10月18号王宝强去法院并非一审开庭，而是双方互换证据，并透露，在11月2号，双方又交换了一次证据，指出马蓉方没有提供什么有实质性的证据。
1
30 2 2 1 1 0.607
据张律师介绍，11月2日，王宝强方又向法院提供了大量关于感情和孩子抚养方面的证据，并透露马蓉方面未有实质性性证据。
1
31 1 1 1 1 0.668
新浪娱乐讯据台湾媒体报道，王宝强[微博]今年8月与妻子马蓉闹婚变，名下财产被转移一空，幸亏有王楠的富商老公郭斌当后盾，陪伴王宝强走过最低潮时期，岂料日前郭斌竟突然删光微博上有关王宝强的文章，也让两人翻脸的传闻越演越烈。
2
32 1 1 1 2 0.749
10月31日，菏泽巨野县法院对此前就王宝强[微博]马蓉离婚事件微博发布的言论作出声明。
32 2 1 2 2 0.287
声明称：“2016年10月29日，我院官方微博发布了涉及某知名演员离婚案件的不当言论，造成了不良的社会影响。在此，我院表示诚恳的歉意！欢迎大家继续批评指正。”
2
33 2 2 1 3 0.761
备受关注的王宝强与马蓉离婚案，10月18日在北京朝阳法院开庭。
33 3 2 2 3 0.61
马蓉诉王宝强名誉侵权案，也在之后压茬开庭。
1
33 4 2 3 3 0.553
当天下午，王宝强律师张起淮转发马蓉出轨的聊天记录，里面不无两人暧昧的内容，还对博主“林哥看天下”表示马蓉应该净身出户看法表示认同。
2
34 1 1 1 4 0.803
新浪娱乐讯日前，王宝强[微博]离婚一案首次开庭审理，再次令王宝强和马蓉离婚事件成为舆论关注的焦点。
34 2 1 2 4 0.316
而此前有新闻媒体刊发记者评论，暗批王宝强是在自曝家丑毁三观，这番言论也引发不少热议。
2
34 3 1 3 4 0.395
今日，乒乓球冠军王楠的老公郭斌，以王宝强好友的身份，发微博点名该媒体记者，表示”谁会愿意朝心里插上一辈子都会痛的狠狠一刀！然后再来个花式包装。
34 4 1 4 4 0.623
”并以此来力挺王宝强。
1
34 5 2 1 1 0.63
据悉，王楠郭斌夫妇和王宝强私下关系颇为密切，此前，王宝强离婚一事刚曝光时候，情绪最为低落时，王楠和郭斌曾给王宝强剪头发买新衣服，而离婚案刚开庭时，郭斌还发微博支援好友，”正义到来，好人常在。
2
35 1 1 1 4 0.776
王宝强[微博]离婚诉讼案10月18日下午在朝阳法院开庭。
35 2 1 2 4 0.392
据法治进行时消息，这一起离婚诉讼案，法院收取了24万9千多元的诉讼费。
2
35 5 2 1 2 0.769
王宝强委托代理人张起淮律师表示，正式决定离婚前，王宝强曾想与马蓉协议离婚，但是竟然收到了马蓉威胁的短信。
35 6 2 2 2 0.339
走到今天，对于马蓉的出轨行为、以及转移夫妻财产行为，他们手中已经掌握了大量的证据，届时都将会提交给法院。
2
36 2 2 1 4 0.839
18日下午，朝阳法院对王宝强诉马蓉离婚案以及马蓉诉王宝强侵犯名誉权一案举行了庭前会议。
36 3 2 2 4 0.364
朝阳法院门口围观了上千名群众。
2
36 9 4 1 3 0.753
王宝强的委托代理人张起淮律师说，正式决定离婚前，王宝强曾想与马蓉协议离婚，但是竟然收到了马蓉威胁的短信。
36 10 4 2 3 0.339
走到今天，对于马蓉的出轨行为、以及转移夫妻财产行为，他们手中已经掌握了大量的证据，届时都将会提交给法院。
2
37 1 1 1 4 0.743
早报讯时隔两个多月，王宝强离婚案终于在前天开庭审理，出于对诉讼的重视，王宝强随同代理律师一起前往法院应诉，遭遇众多群众围堵力挺。
37 2 1 2 4 0.067
让人意外的是，现场有不少群众表达了对宝宝的支持，却也有人闹事，甚至大骂其人渣。
2
38 1 1 1 2 0.686
新浪娱乐讯王宝强[微博]离婚事件在经历2个多月的发酵后，终于开庭审理，与马蓉的大战即将收官。
38 2 1 2 2 0.575
昨天王宝强代理律师透露了案件中的诸多细节，其中还涉及到了有关卷款的内容，马蓉再度被推上舆论的风口浪尖，而宋喆在被王宝强解除经纪人职务后，近期几乎没了踪影，外界开始将目光转向了宝宝的新女经纪人。
2
39 1 1 1 6 0.782
新浪娱乐讯18日下午14时，王宝强诉马蓉离婚案和马蓉诉王宝强名誉侵权案在北京朝阳法院首次开庭审理。
39 2 1 2 6 0.696
根据朝阳法院公告，在此次离婚案的庭前会议上，王宝强本人到场，马蓉已于庭前陈述意见，未出席。
1
39 3 1 3 6 0.386
双方主要围绕被告婚内出轨、转移夫妻共同财产、要求分割共同财产、孩子抚养权等焦点问题陈述了意见，并进行举证。
2
39 37 18 1 4 0.7
此外，马蓉诉王宝强名誉侵权案其实与离婚案相互关联。
39 38 18 2 4 0.686
上文可见，如果王宝强诉马蓉出轨证据不足，法院没有判定马蓉出轨事实，则无论在离婚案中还是在马蓉诉王宝强名誉侵权案中，都会成为马蓉的有利反击武器。
1
39 39 18 3 4 0.495
新浪娱乐获悉，离婚案将于11月上旬第二次开庭审理，我们将持续关注事件进展，继续为大家送上普法小课堂。
2
40 1 1 1 3 0.818
信息时报讯（记者陈慧）昨日，王宝强[微博]起诉马蓉离婚案及马蓉起诉王宝强名誉侵权案开庭审理。
40 2 1 2 3 0.563
王宝强昨日下午在哥哥王建永与代理律师张起淮陪同下到场，但就不见马蓉身影。
2
40 4 2 1 3 0.715
王宝强和马蓉的离婚官司，于昨日13：30在北京朝阳区人民法院开庭。
40 5 2 2 3 0.354
王宝强提前约15分钟到场，由于采访媒体和围观群众超过百人，他乘坐的红色小轿车驶到院内时差点引发踩踏事件，身着黑衣脸戴墨镜的王宝强始终保持严肃神情。
2
40 9 4 1 4 0.787
昨日下午除了王宝强与马蓉离婚案开庭，马蓉诉王宝强的名誉侵权案也在下午4时召开庭前会议，身为女主角的马蓉均告缺席。
40 10 4 2 4 0.493
法律界人士解读，马蓉有不出庭的权利，也因为她的申请，昨日两案是以不公开审理形式进行。
2
40 13 5 1 2 0.681
早前，王宝强代理律师张起淮受访时透露，经过调查，有关马蓉与宋喆出轨，王宝强有事实证据，会在昨日的法庭上出示。
40 14 5 2 2 0.283
但截至发稿时止，庭审的具体信息尚未披露。
2
41 2 2 1 2 0.408
2016年10月18日，也许是王宝强这一生中最累的一天。
41 3 2 2 2 0.685
这一天，他打了人生中或许最重要的两场官司：王宝强诉马蓉离婚案和马蓉诉王宝强名誉侵权案，可是首日开庭，一切都还未有定论。
1
41 27 18 1 1 0.63
直到开庭前，王宝强新增一项诉讼请求，要求马蓉支付精神抚慰金10万元。
2
41 29 20 1 2 0.378
此次庭前会议马蓉本人虽未到庭，但其已在该次庭前会议前到庭陈述了自己的意见。
41 30 20 2 2 0.659
在王宝强诉马蓉一案的庭前会议中，王宝强围绕马蓉婚内出轨、转移夫妻共同财产及要求分割的共同财产进行了举证；马蓉一方围绕子女身份情况提交了相应证据。
2
42 1 1 1 5 0.644
10月18日，王宝强[微博]在北京市朝阳区人民法院出席离婚案庭前会议，再次引发了娱乐媒体和“吃瓜群众”的围观。
42 2 1 2 5 0.737
两个月前，王宝强在微博上曝光其妻马蓉出轨，欲与其离婚。
1
42 3 1 3 5 0.079
此事迅速发酵，甚至抢了当时里约奥运会的风头。
2
43 1 1 1 3 0.744
广州日报讯（记者林芳）昨日下午，王宝强起诉马蓉离婚及马蓉起诉王宝强名誉侵权两个案件相继在北京朝阳法院开庭审理。
43 2 1 2 3 0.547
王宝强在律师张起淮的陪同下亲自出庭，而马蓉则向法院申请了本人不到庭参与庭审以及不公开审理案件。
3
43 8 3 1 3 0.529
王宝强在微博上公布要起诉离婚的消息后，得到圈中好友和网友的力挺。
43 9 3 2 3 0.64
此后，马蓉则反过来起诉王宝强，称其侵犯自己的名誉权，一时间，王宝强既是原告，又成了被告。
43 10 3 3 3 0.508
当天下午，两个案件先后在朝阳法院开庭审理，备受关注。
2
43 11 4 1 2 0.54
当天，马蓉并未出庭，有律师解读称，离婚诉讼中涉及是否同意离婚等问题，本人必须到场，因此，马蓉虽然申请了案件不公开审理、不亲自出庭，但在后续庭审中，她至少有一次要亲自到法庭表态是否同意离婚。
43 12 4 2 2 0.607
而对于马蓉起诉王宝强侵犯名誉权一案，律师分析，王宝强通过微博公开离婚声明是否侵犯马蓉名誉权，在法律界存有争议，“法律规定，公开宣扬他人隐私将构成侵犯他人名誉权，但作为公众人物，只要公开陈述的情况是真实的，有证据证实，法院可能会有所考量。”
3
43 14 5 2 4 0.588
就该诉讼请求，京师律师事务所的庞理鹏律师分析称，王宝强方很有可能已经掌握了马蓉和宋喆同居的证据，并在庭前会议中向法院提交。
43 15 5 3 4 0.692
庞律师称，王宝强的律师张起淮以搜集法庭证据见长。
43 16 5 4 4 0.457
“在我国现行的婚姻法相关规定中，涉及到损害赔偿的法律条文是《中华人民共和国婚姻法》第四十六条，一共包括四项内容，其中第二项的内容为：有配偶者与他人同居而导致与配偶离婚的，无过错方有权请求损害赔偿。王宝强在这个时候新增诉讼请求向马蓉索取精神抚慰金，可以推断出王宝强有可能已经掌握了马蓉和宋喆同居的证据。结合司法实践，在2015年最高院公布的北京地区10起婚姻家庭纠纷典型案例中，也有类似的案件，无过错方要求过错方承担损害赔偿的诉讼请求得到了法院的支持。”庞理鹏律师解释道。
2
44 1 1 1 3 0.75
昨日下午，王宝强[微博]诉马蓉离婚及马蓉诉王宝强名誉侵权两案均在朝阳法院举行庭前会议，现场引来数百名媒体记者和围观群众。
44 2 1 2 3 0.625
王宝强现身法院，但马蓉未露面。
1
44 3 1 3 3 0.458
据了解，王宝强新增一项诉讼请求，要求马蓉支付其精神损害抚慰金10万元。
2
44 12 6 1 2 0.605
据了解，昨日下午两起案件都进行了庭前会议，王宝强及其律师张起淮、马蓉的律师参加了庭前会议。
44 13 6 2 2 0.375
马蓉本人虽然未到庭，但其已在庭前会议前陈述了自己的意见。
2
45 1 1 1 3 0.631
备受关注的王宝强与马蓉离婚案，昨天下午在北京朝阳法院开庭。
45 2 1 2 3 0.764
而马蓉诉王宝强名誉侵权案，则在离婚案之后的下午4时开庭。
1
45 3 1 3 3 0.414
有意思的是，夫妻俩的两场官司，在同一个法院、同一天下午开庭。
2
45 4 2 1 4 0.63
18日下午1时许，王宝强出现在北京朝阳法院，他低头一言不发。
45 5 2 2 4 0.556
开庭前，王宝强的代理律师张起淮接受成都商报记者采访时表示，王宝强最近的状态很好，开庭前还在忙工作。
2
45 12 5 1 3 0.702
在起诉时，有媒体称王宝强近25万元的诉讼费是借来的，王宝强的财产遭马蓉转移。
45 13 5 2 3 0.587
对此，王宝强的律师处向媒体表示，这是真实的，王宝强会在法庭上出示有关证据。
2
46 1 1 1 6 0.779
新浪娱乐讯18日下午14时，王宝强[微博]诉马蓉离婚案和马蓉诉王宝强名誉侵权案在北京朝阳法院首次开庭审理。
46 2 1 2 6 0.696
根据朝阳法院公告，在此次离婚案的庭前会议上，王宝强本人到场，马蓉已于庭前陈述意见，未出席。
1
46 3 1 3 6 0.386
双方主要围绕被告婚内出轨、转移夫妻共同财产、要求分割共同财产、孩子抚养权等焦点问题陈述了意见，并进行举证。
2
46 37 18 1 4 0.7
此外，马蓉诉王宝强名誉侵权案其实与离婚案相互关联。
46 38 18 2 4 0.686
上文可见，如果王宝强诉马蓉出轨证据不足，法院没有判定马蓉出轨事实，则无论在离婚案中还是在马蓉诉王宝强名誉侵权案中，都会成为马蓉的有利反击武器。
1
46 39 18 3 4 0.495
新浪娱乐获悉，离婚案将于11月上旬第二次开庭审理，我们将持续关注事件进展，继续为大家送上普法小课堂。
2
47 1 1 1 3 0.819
王宝强诉马蓉离婚、马蓉诉王宝强名誉侵权两案昨日下午在北京朝阳法院先后举行庭前会议，王宝强现身，但马蓉并未出席。
47 2 1 2 3 0.431
法院门口剧集上百群众围观。
2
48 1 1 1 2 0.531
10月18日13点15分，王宝强乘坐的红色飞度两厢小车，停在了北京市朝阳法院门前。
48 2 1 2 2 0.603
在拥挤人群和密集镜头的包围下，王宝强走进法院，参加“宝马”离婚案的两次庭前会议。
2
48 3 2 1 3 0.772
当天下午，王宝强起诉马蓉离婚、马蓉起诉王宝强名誉侵权两案，分别在下午2点和4点半召开庭前会议，均不公开进行。
48 4 2 2 3 -0.005
庭外则聚集了数百名的记者和公众等候。
2
48 6 3 1 2 0.602
晚间，朝阳法院官方微博发布了庭前会议的情况，王宝强方围绕马蓉婚内出轨、转移夫妻共同财产及要求分割的共同财产进行了举证;马蓉方围绕子女身份情况提交了相应证据。
48 7 3 2 2 0.458
王宝强则通过微博致谢，并表示：“我会一直很坚强”。
2
48 22 12 1 2 0.65
下午2点开始的离婚案庭前会议结束后，4点半直接进行马蓉起诉王宝强名誉侵权案的庭前会议。
48 23 12 2 2 -0.004
这让在外边以为会迎来“中场休息”的媒体扑了个空。
2
49 1 1 1 3 0.752
10月18日下午，王宝强离婚案在朝阳法院第一次“过堂”，但审判结果出不来。
49 2 1 2 3 0.247
结果什么时候出?律师表示，初审最迟在2017年2月15日出结果，如果二审，最迟明年6月初判决。
2
50 1 1 1 2 0.724
北京朝阳法院公布“王宝强诉马蓉离婚案”庭前会议结果，结果中提到庭审中王宝强方围绕马蓉婚内出轨、转移夫妻共同财产及要求分割的共同财产等进行举证，马蓉方围绕子女身份情况提交了相应证据。
50 2 1 2 2 0.526
法院就马蓉方要求不公开审理的请求予以准许。
2
51 1 1 1 5 0.76
京华时报10月18日报道今天下午，王宝强[微博]诉马蓉离婚及马蓉诉王宝强名誉侵权两案均在朝阳法院举行庭前会议。
51 2 1 2 5 0.238
据了解，今天下午共进行了两个庭前会议。
2
51 3 1 3 5 0.879
第一个是王宝强诉马蓉离婚案。
51 4 1 4 5 0.483
第二个是马蓉诉王宝强名誉侵权案。
1
51 5 1 5 5 0.655
原告方是王宝强及其律师张起淮，被告方只有马蓉律师参加了庭前会议。
3
51 6 2 1 6 0.378
此次庭前会议马蓉本人虽未到庭，但其已在该次庭前会议前到庭陈述了自己的意见。
51 7 2 2 6 0.659
在王宝强诉马蓉一案的庭前会议中，王宝强围绕马蓉婚内出轨、转移夫妻共同财产及要求分割的共同财产进行了举证；马蓉一方围绕子女身份情况提交了相应证据。
51 8 2 3 6 0.319
根据当事人的诉辩意见及举证情况，法院要求原被告双方就夫妻感情是否破裂、如解除婚姻关系子女的抚养问题、被告是否存在过错及是否对原告造成精神损害进一步举证。
2
52 1 1 1 3 0.713
新浪娱乐讯18日下午，北京朝阳法院就原告马蓉诉被告王宝强[微博]名誉权案，组织双方召开庭前会议，并发布通告。
52 2 1 2 3 0.701
王宝强以两案同时审理可能产生冲突为由向法院申请中止审理名誉权纠纷一案。
1
52 3 1 3 3 0.154
该申请将在合议庭评议后决定是否准许。
2
52 4 2 1 2 0.722
10月18日16时，北京市朝阳区人民法院就原告马蓉诉被告王宝强名誉权案，组织双方召开庭前会议。
52 5 2 2 2 0.522
马蓉的诉讼代理人、王宝强及其诉讼代理人参加了庭前会议。
2
52 8 4 1 2 0.687
此外，王宝强以两案同时审理可能产生冲突为由向法院申请中止审理名誉权纠纷一案。
52 9 4 2 2 0.154
该申请将在合议庭评议后决定是否准许。
2
53 1 1 1 2 0.752
新浪娱乐讯今天下午，北京朝阳法院就原告王宝强[微博]诉被告马蓉离婚案，组织双方召开庭前会议，并发布通告。
53 2 1 2 2 0.556
王宝强提交马蓉出轨证据，马蓉本人当天未参加庭前会议，但于庭前会议前到庭陈述了意见。
2
53 3 2 1 3 0.77
10月18日14时，北京市朝阳区人民法院就原告王宝强诉被告马蓉离婚案，组织双方召开庭前会议。
53 4 2 2 3 0.522
王宝强及其诉讼代理人、马蓉的诉讼代理人参加了庭前会议。
2
54 1 1 1 5 0.806
新浪娱乐讯18日下午，王宝强[微博]和马蓉的离婚诉讼案与马蓉诉王宝强名誉侵权案在北京朝阳法院首次开庭审理，当天王宝强亲自出庭，马蓉未出庭。
54 2 1 2 5 0.291
由于事件备受社会关注，得知案件在此审理，朝阳法院门口人山人海，不仅聚集北京全媒体阵仗，更有大批吃瓜群众围观，从中午12时许至傍晚18时许，人潮久未散去，也给警力现场维持秩序带来不少压力。
3
54 3 1 3 5 0.182
目前案件尚未披露更多细节。
54 4 1 4 5 0.62
18日晚，王宝强发微博就出庭作出回应，感谢大家关心。
54 5 1 5 5 0.67
张起淮律师也转发了王宝强的微博。
0
2
54 6 2 1 4 0.795
18日下午，王宝强和马蓉的离婚诉讼案与马蓉诉王宝强名誉侵权案在北京朝阳法院首次开庭审理，当天王宝强亲自出庭。
54 7 2 2 4 0.451
由于现场围观群众太多，王宝强没有在外逗留，来去匆匆。
2
55 1 1 1 3 0.806
新浪娱乐讯18日下午，王宝强[微博]和马蓉的离婚诉讼案与马蓉诉王宝强名誉侵权案在北京朝阳法院首次开庭审理，当天王宝强亲自出庭，马蓉未出庭。
55 2 1 2 3 0.741
据媒体获悉，王宝强和马蓉离婚案除财产分割和争夺孩子抚养权之外，王宝强一方还要求马蓉支付的精神抚慰金仅为10万元，而王宝强将向法院提交包括聊天记录等马蓉与宋喆“出轨”的相关证据。
1
55 3 1 3 3 0.596
但庭审结束后，新浪娱乐联系王宝强律师张起淮，对方没有就案件进展作出任何回应。
2
56 1 1 1 3 0.806
新浪娱乐讯18日下午，王宝强[微博]和马蓉的离婚诉讼案与马蓉诉王宝强名誉侵权案在北京朝阳法院首次开庭审理，当天王宝强亲自出庭，马蓉未出庭。
56 2 1 2 3 0.291
由于事件备受社会关注，得知案件在此审理，朝阳法院门口人山人海，不仅聚集北京全媒体阵仗，更有大批吃瓜群众围观，从中午12时许至傍晚18时许，人潮久未散去，也给警力现场维持秩序带来不少压力。
2
56 8 4 1 3 0.61
又是几小时漫长的等待，原因是除了离婚诉讼案，马蓉诉王宝强的名誉侵权案也同时在下午16时许开庭提交资料。
56 9 4 2 3 0.739
此前据媒体获悉，王宝强和马蓉离婚案除财产分割和争夺孩子抚养权之外，王宝强一方还要求马蓉支付的精神抚慰金仅为10万元，而王宝强将向法院提交包括聊天记录等马蓉与宋喆“出轨”的相关证据。
1
56 10 4 3 3 0.284
目前正等待法院公示庭审信息。
2
57 1 1 1 2 0.718
中国新闻网10月18日报道10月18日下午13时30分，备受瞩目的王宝强[微博]与马蓉的离婚案官司，在北京朝阳法院开庭。
57 2 1 2 2 0.579
与此同时，马蓉诉王宝强名誉侵权案，也在今天16时开庭。
1
58 1 1 1 1 0.688
张起淮透露，由于离婚案和名誉侵权案同时开打，这两个官司都涉及王宝强，加上离婚案的证据会比名誉侵权案的证据要多一些，离婚案还涉及财产分割以及孩子抚养等诸多问题，由于离婚官司的特殊性，所以王宝强本人亲自出庭。
2
59 1 1 1 4 0.624
备受关注的王宝强与马蓉离婚案，于今日（10月18日）下午1时30分在北京朝阳法院开庭。
59 2 1 2 4 0.561
王宝强代理律师张起淮告诉成都商报客户端记者，王宝强本人亲自和他一起出庭。
2
59 5 2 1 5 0.603
10月18日下午1时许，王宝强出现在北京朝阳法院，面对媒体他低头一言不发。
59 6 2 2 5 0.551
开庭前，王宝强的代理律师张起淮接受成都商报客户端记者采访时表示，王宝强最近的状态很好，开庭前还在忙工作。
2
60 1 1 1 2 0.704
新浪娱乐讯备受关注的王宝强[微博]与马蓉离婚案，于18日下午13时30分在北京朝阳法院开庭。
60 2 1 2 2 0.347
中午12时许，法院门口已经挤满许多媒体和不少群众，任何人进出都会引起骚动，现场更有人闹事，大喊“王宝强就是人渣一个”。
1
60 3 2 1 1 0.79
据悉马蓉诉王宝强名誉侵权案，也将在王宝强诉马蓉离婚案之后16时开庭。
2
61 1 1 1 2 0.683
新京报快讯（记者刘洋）因王宝强[微博]直指前妻出轨经纪人宋喆、转移财产而备受关注的“宝马”离婚案，定于今天下午14时召开庭前会议。
61 2 1 2 2 0.517
下午1点20分，当事人王宝强赶到现场，现场记者、围观群众达数百人。
1
61 7 4 1 1 0.663
该离婚案的庭前会议结束后，预计下午16点进行马蓉起诉王宝强名誉侵权案的庭前会议，也不公开进行。
2
62 1 1 1 4 0.818
10月18日，王宝强起诉马蓉离婚及马蓉起诉王宝强名誉侵权两个案件将相继在朝阳法院开庭审理。
62 2 1 2 4 0.663
两起案件王宝强本人都将亲自出庭。
1
62 3 1 3 4 0.404
图为庭审开始前，大量记者在北京朝阳法院外等候王宝强。
2
63 1 1 1 3 0.73
备受关注的王宝强与马蓉离婚案，将于今日下午1时30分在北京朝阳法院开庭，据悉，王宝强本人将亲自和律师张起淮一起出庭。
63 2 1 2 3 0.782
同时，马蓉诉王宝强名誉侵权案，也将在王宝强诉马蓉离婚案之后的下午4时开庭。
1
63 3 1 3 3 0.434
夫妻俩的两场官司，将在同一个法院、同一天下午开庭开打。
2
63 5 3 1 2 0.773
8月15日上午，王宝强来到北京朝阳法院，起诉其妻马蓉要求离婚。
63 6 3 2 2 0.557
在诉状中王宝强要求解除双方婚姻关系，判令婚生子女均由其抚养，马蓉依法支付抚养费至孩子年满18周岁，依法分割夫妻共同财产。
1
63 7 4 1 1 0.711
马蓉16日也委托律师到法院起诉王宝强侵犯名誉，要求删博并道歉30天。
2
63 8 5 1 2 0.608
近日，王宝强的代理律师张起淮接受了媒体的采访，透露了一些关于离婚案的具体细节。
63 9 5 2 2 0.252
针对这些此前大众不知道的内幕，记者采访了专业律师，这些细节是否会影响离婚案判决的走向？对于财产的分割将带来怎样的影响？在今天的开庭中马蓉是否会出席？新闻117将提前为您解析。
1
63 10 6 1 1 0.638
王宝强代理律师张起淮16日接受媒体采访时表示，经过调查，有关马蓉与宋喆出轨，王宝强有事实证据，会在今日的法庭上出示，让事实证据说话。
3
63 25 15 4 7 0.255
他又查自己的卡上的钱，几乎被马蓉洗空了。
63 26 15 5 7 0.728
王宝强很快请到了张起淮律师介入他的离婚案。
63 27 15 6 7 0.578
刚开始，在正式决定离婚前，王宝强看到家中有两个孩子的面子上，还是准备想与马蓉私下协议离婚，不对外公布离婚消息。
2
63 31 18 1 2 0.859
马蓉诉王宝强名誉侵权案，也将在今日下午4点王宝强诉马蓉离婚案之后开庭。
63 32 18 2 2 0.247
对于该案件，张向龙律师认为并不乐观。
2
63 35 21 1 2 0.702
王宝强的代理律师张起淮之前对媒体透露，由于离婚案和名誉侵权案同时开打，这两个官司都涉及王宝强。
63 36 21 2 2 0.701
加上离婚案的证据会比名誉侵权案的证据要多一些，离婚案还涉及财产分割以及孩子抚养等诸多问题，由于离婚官司的特殊性，王宝强本人将亲自出庭。
0
1
63 41 24 1 1 0.638
至于马蓉诉王宝强名誉侵权一案，双方都可以委托律师，本人不用出庭。
1
64 4 2 1 1 0.775
今天，王宝强与马蓉的离婚官司将于13时30分第一次“过堂”，马蓉诉王宝强名誉侵权案，也将在离婚案之后的下午4时开庭。
2
64 20 11 1 2 0.764
对“离婚时”的解释是王宝强马蓉离婚案是否适用指导性案例的关键。
64 21 11 2 2 0.357
因为在离婚案件中，隐藏、转移、变卖、毁损夫妻共同财产，或伪造债务企图侵占另一方财产的行为，是发生在“离婚时”——才能成为少分或不分财产的理由。
3
64 38 19 1 4 0.11
人心的凉薄，莫过于此。
64 39 19 2 4 0.712
其实王宝强离婚事件演绎至今，细节早已大白于公众。
64 40 19 3 4 0.484
事发突然之下，王宝强毫无准备，出自本能的第一反应是微博公开。
2
65 1 1 1 5 0.625
新浪娱乐讯10月18日下午13时30分，备受瞩目王宝强[微博]与马蓉的离婚案官司，将在北京朝阳法院举办庭前会议。
65 2 1 2 5 0.589
届时，王宝强或将向法院提交包括聊天记录等马蓉与宋喆同居的相关证据。
2
65 3 1 3 5 0.612
王宝强本人将亲自出庭，而马蓉则申请不出庭，本案不公开审理。
65 4 1 4 5 0.545
与此同时，马蓉诉王宝强名誉侵权案，也将在今天16时开庭。
2
65 6 2 1 3 0.641
马蓉与王宝强的两场官司，在同个法院，同一天下午开庭，官司还没开打，王宝强和马蓉之间就已经弥漫起浓浓的火药味。
65 7 2 2 3 0.595
据悉，王宝强向法院新增了诉讼请求，将向马蓉索取精神抚慰金10万元。
2
66 1 1 1 5 0.625
新浪娱乐讯10月18日下午13时30分，备受瞩目王宝强[微博]与马蓉的离婚案官司，将在北京朝阳法院举办庭前会议。
66 2 1 2 5 0.589
届时，王宝强或将向法院提交包括聊天记录等马蓉与宋喆同居的相关证据。
2
66 3 1 3 5 0.612
王宝强本人将亲自出庭，而马蓉则申请不出庭，本案不公开审理。
66 4 1 4 5 0.545
与此同时，马蓉诉王宝强名誉侵权案，也将在今天16时开庭。
2
66 6 2 1 3 0.641
马蓉与王宝强的两场官司，在同个法院，同一天下午开庭，官司还没开打，王宝强和马蓉之间就已经弥漫起浓浓的火药味。
66 7 2 2 3 0.595
据悉，王宝强向法院新增了诉讼请求，将向马蓉索取精神抚慰金10万元。
2
67 1 1 1 3 0.813
新浪娱乐讯王宝强起诉马蓉离婚及马蓉起诉王宝强名誉侵权两个案件将相继在朝阳法院开庭审理。
67 2 1 2 3 0.747
据王宝强律师透露，王宝强将亲自出庭。
1
67 3 1 3 3 0.652
此外，在离婚诉状递交后后，王宝强一方新增诉讼请求，要求马蓉支付精神抚慰金。
0
2
68 1 1 1 3 0.807
本报综合今天下午，王宝强起诉马蓉离婚及马蓉起诉王宝强名誉侵权两个案件将相继在北京朝阳法院开庭审理。
68 2 1 2 3 0.773
据王宝强律师透露，王宝强将出庭。
1
68 3 1 3 3 0.672
此外，在离婚诉状递交后，王宝强一方新增诉讼请求，要求马蓉支付精神抚慰金。
0
3
68 4 2 1 4 0.505
8月14日凌晨，王宝强发布微博，指责妻子马蓉与经纪人宋某存在婚外不正当两性关系，并决定解除与马蓉的婚姻关系，停止与宋某的合作。
68 5 2 2 4 0.788
8月15日上午，王宝强到北京朝阳法院，起诉其妻马蓉要求离婚。
68 6 2 3 4 0.557
在诉状中王宝强要求解除双方婚姻关系，判令婚生子女均由其抚养，马蓉依法支付抚养费至孩子年满18周岁，依法分割夫妻共同财产。
1
68 7 2 4 4 0.711
马蓉16日也委托律师到法院起诉王宝强侵犯名誉，要求删博并道歉30天。
2
68 8 3 1 2 0.717
据王宝强代理人张起淮律师披露，王宝强在递交诉状后，新增一项诉讼请求，即向马蓉求偿精神抚慰金。
68 9 3 2 2 0.305
根据《婚姻法》第四十六条第（二）项的规定，有配偶者与他人同居而导致与配偶离婚的，无过错方有权请求损害赔偿。
2
69 1 1 1 3 0.845
王宝强和马蓉的离婚纠纷惹得全民关注，同时引发两场官司，分别是：王宝强起诉马蓉离婚案，马蓉起诉王宝强名誉侵权案。
69 2 1 2 3 0.379
今天下午，两个案件将相继于1：30和4：00在北京朝阳法院开庭审理。
1
69 4 2 1 1 0.727
据王宝强律师透露，由于离婚官司的特殊性，王宝强将亲自出庭，而马蓉之前申请本人不到庭参与庭审。
1
69 5 3 1 1 0.621
今年8月14日凌晨，王宝强大半夜发布微博，指责妻子马蓉与经纪人宋喆存在婚外不正当两性关系，并决定解除与马蓉的婚姻关系，停止与宋喆的合作，一时间，这篇长微博在网上惊起千层浪，王宝强、马蓉和宋喆瞬间成为热搜人物，甚至夫妻两人的孩子也一时间成“网红”。
2
69 6 4 1 2 0.773
8月15日上午，王宝强来到北京朝阳法院，起诉其妻马蓉要求离婚。
69 7 4 2 2 0.557
在诉状中王宝强要求解除双方婚姻关系，判令婚生子女均由其抚养，马蓉依法支付抚养费至孩子年满18周岁，依法分割夫妻共同财产。
1
69 8 5 1 1 0.684
因为王宝强的知名度，马蓉很快成了网友们议论调侃并且指责的对象，8月16日，马蓉也委托律师到朝阳法院立案，以名誉侵权为由起诉王宝强，要求删除8月14日00:21发布的微博并赔礼道歉。
2
69 9 6 1 3 0.622
马蓉在起诉书中称，其与王宝强系夫妻关系，8月14日零时王宝强在其实名认证个人微博中发布声明。
69 10 6 2 3 0.192
该微博发布后，一些不明真相的网友基于前述造谣内容，对其进行大肆诋毁、谩骂，甚至连两个年幼的孩子都不放过。
3
69 14 9 1 3 0.352
两人离婚爆出后，网络上突然涌出各种说法，但双方并没有出面证实。
69 15 9 2 3 0.621
有一种说法是在正式决定离婚前王宝强曾与马蓉私下协议离婚，但王宝强连续给马蓉多次打电话，她却一直不接，随后还收到马蓉的短信威胁。
69 16 9 3 3 0.484
此外，还有马蓉在事发后一夜之间将财产转移，令王宝强身无分文等等。
2
69 17 10 1 2 0.611
重庆时报记者了解到，王宝强一方有充足的证据证明马蓉出轨，在庭审时将会出示。
69 18 10 2 2 0.615
王宝强的律师对媒体透露：“我和王宝强经过调查，有关马蓉与宋喆出轨，王宝强有事实证据的。我们会在18日下午的法庭上出示。包括宝强没钱借钱打官司都是有证据的，让事实证据说话。”
0
2
70 1 1 1 2 0.785
新浪娱乐讯王宝强[微博]起诉马蓉离婚及马蓉起诉王宝强名誉侵权两个案件将于10月18日相继在朝阳法院开庭审理。
70 2 1 2 2 0.498
近日，网友“马婊宋狗我这有料报”在微博爆出疑似马蓉、宋喆出轨证据，并称是“强哥发现后用手机拍的”，在聊天记录中，马蓉和宋喆互称“老公”“老婆”，还称王宝强为“死鬼”，连转移财产的路径都曝光，不过有不少文章质疑此证据的真实性。
2
71 1 1 1 2 0.81
明天(10月18日)下午，被吃瓜群众称为“宝马”案，即王宝强起诉马蓉离婚以及马蓉起诉王宝强名誉侵权两个案件，将相继在朝阳法院开庭审理。
71 2 1 2 2 0.567
王宝强不仅提出要求孩子抚养权以及分割财产，并且又新增了要求马蓉支付精神抚慰金的诉讼请求。
2
71 4 3 1 2 0.794
▲王宝强马蓉离婚官司还未审，但感情早已破裂。
71 5 3 2 2 -0.022
资料图片
2
71 7 5 1 2 0.629
▲王宝强8月14日凌晨声明。
71 8 5 2 2 0.358
微博截图
2
71 9 6 1 2 0.773
8月15日上午，王宝强来到北京朝阳法院，起诉其妻马蓉要求离婚。
71 10 6 2 2 0.557
在诉状中王宝强要求解除双方婚姻关系，判令婚生子女均由其抚养，马蓉依法支付抚养费至孩子年满18周岁，依法分割夫妻共同财产。
1
71 11 7 1 1 0.667
▲王宝强在律师陪同下办理离婚起诉手续。
1
71 12 8 1 1 0.711
马蓉16日也委托律师到法院起诉王宝强侵犯名誉，要求删博并道歉30天。
2
71 13 9 1 2 0.655
▲马蓉诉王宝强受理案件通知书。
71 14 9 2 2 0.358
微博截图
1
71 15 10 1 1 0.717
这两个案件都定于10月18日在朝阳法院开庭审理，据王宝强的代理律师张起淮透露，明天王宝强本人将前往法院参加两起案件的庭审。
1
71 27 17 1 1 0.678
据记者从王宝强代理人张起淮律师处获悉，目前王宝强新增一项诉讼请求，即要求马蓉支付精神抚慰金。
2
72 1 1 1 3 0.786
新京报快讯（记者王巍）明天下午，王宝强起诉马蓉离婚及马蓉起诉王宝强名誉侵权两个案件将相继在朝阳法院开庭审理。
72 2 1 2 3 0.747
据王宝强律师透露，王宝强将亲自出庭。
1
72 3 1 3 3 0.652
此外，在离婚诉状递交后后，王宝强一方新增诉讼请求，要求马蓉支付精神抚慰金。
0
3
72 4 2 1 4 0.563
今年8月14日凌晨，王宝强发布微博，指责妻子马蓉与经纪人宋喆存在婚外不正当两性关系，并决定解除与马蓉的婚姻关系，停止与宋喆的合作。
72 5 2 2 4 0.773
8月15日上午，王宝强来到北京朝阳法院，起诉其妻马蓉要求离婚。
72 6 2 3 4 0.557
在诉状中王宝强要求解除双方婚姻关系，判令婚生子女均由其抚养，马蓉依法支付抚养费至孩子年满18周岁，依法分割夫妻共同财产。
1
72 7 2 4 4 0.711
马蓉16日也委托律师到法院起诉王宝强侵犯名誉，要求删博并道歉30天。
2
73 1 1 1 3 0.776
昨天媒体报道：马蓉诉王宝强名誉侵权案，将在王宝强诉马蓉离婚案之后的10月18日下午4时开庭。
73 2 1 2 3 0.38
据悉，夫妻俩的两场官司，在同一个法院、同一天下午开庭开打，这在近年来的北京朝阳法院也是极其少见的。
2
74 1 1 1 2 0.536
封面新闻-华西都市报讯（记者杜恩湖）封面新闻-华西都市报记者从北京获悉：备受关注的王宝强[微博]与马蓉的离婚案官司，将于10月18日中午1时30分在北京朝阳法院开庭。
74 2 1 2 2 0.612
据悉，王宝强本人将亲自和律师张起淮一起出庭。
2
74 3 2 1 2 0.719
封面新闻-华西都市报记者今早还同时独家获悉：马蓉诉王宝强名誉侵权案，也将在王宝强诉马蓉离婚案之后的10月18日下午4时开庭。
74 4 2 2 2 0.38
据悉，夫妻俩的两场官司，在同一个法院、同一天下午开庭开打，这在近年来的北京朝阳法院也是极其少见的。
2
75 1 1 1 2 0.516
封面新闻-华西都市报讯(记者杜恩湖)10月16日早间，封面新闻-华西都市报记者从北京获悉：备受关注的王宝强[微博]与马蓉的离婚案官司，将于10月18日中午1时30分在北京朝阳法院开庭。
75 2 1 2 2 0.612
据悉，王宝强本人将亲自和律师张起淮一起出庭。
2
75 3 2 1 2 0.719
封面新闻-华西都市报记者今早还同时独家获悉：马蓉诉王宝强名誉侵权案，也将在王宝强诉马蓉离婚案之后的10月18日下午4时开庭。
75 4 2 2 2 0.38
据悉，夫妻俩的两场官司，在同一个法院、同一天下午开庭开打，这在近年来的北京朝阳法院也是极其少见的。
2
75 7 5 1 2 -0.027
张起淮是法学硕士，教授，中国资深律师，曾工作于中国政法大学、中国民航大学，现为北京蓝鹏律师事务所合伙人、主任，曾代理了大量国内外有重大影响的案件。
75 8 5 2 2 0.893
2016年8月15日，应王宝强聘请，他代理了王宝强诉马蓉离婚一案。
1
75 9 6 1 1 0.749
但自代理王宝强起诉马蓉离婚案两个月来，张起淮几乎没有接受过媒体的釆访。
3
75 10 7 1 3 0.276
10月15日晚上和16日早间，封面新闻-华西都市报记者两次电话联系上了张起淮律师。
75 11 7 2 3 0.746
他证实说，王宝强与马蓉的离婚案，确实将于10月18日中午1时30分，在北京朝阳法院开庭。
75 12 7 3 3 0.643
王宝强本人和他将一起出庭。
0
1
75 13 8 1 1 0.747
张起淮同时证实，“18日下午，我和王宝强将打两场官司。”也就是在王宝强诉马蓉离婚案开庭之后，马蓉诉王宝强名誉侵权案也在同一法院下午4时开庭。
2
75 16 10 1 2 0.709
即将开庭，王宝强是一种什么样的态度？张起淮向华西都市报记者介绍，由于离婚案和名誉侵权案同时开打，这两个官司都涉及到王宝强。
75 17 10 2 2 0.701
加上离婚案的证据会比名誉侵权案的证据要多一些，离婚案还涉及财产分割以及孩子抚养等诸多问题，由于离婚官司的特殊性，王宝强本人将亲自出庭。
0
2
75 18 11 1 3 0.637
张起淮介绍，第一、王宝强面对离婚案，他本人特别尊重法庭。
75 19 11 2 3 0.247
第二、王宝强特别尊重法律。
2
75 28 14 1 5 0.615
张起淮还独家披露了王宝强公开离婚案之前的一些内幕：一天，王宝强工作回来回到家里，发现马蓉的两个手机正在充电。
75 29 14 2 5 0.564
夫妻间嘛，王宝强偶而拿起马蓉手机看了一下，才吃惊地发现妻子马蓉与经纪人宋喆有许多龌龊的内容。
2
75 31 14 4 5 0.255
他又查自己的卡上的钱，几乎被马蓉洗空了。
75 32 14 5 5 0.728
王宝强很快请到了张起淮律师介入他的离婚案。
1
75 40 19 1 1 0.607
张起淮回应：“我和王宝强经过调查，有关马蓉与宋喆出轨，王宝强有事实证据的。我们会在18日下午的法庭上出示。让事实证据说话。”
2
75 42 21 1 2 0.659
针对王宝强的律师张起淮有关离婚案的一些内幕及说法，10月16日中午1时30分，华西都市报记者拨打马蓉本人电话，试图得到马蓉方面的说法或回应。
75 43 21 2 2 0.318
但马蓉手机始终关机。
2
77 5 3 1 2 0.663
8月14日，王宝强凌晨于微博发布离婚声明，直指妻子马蓉与自己经纪人宋喆婚内出轨，一下在网络炸开了锅。
77 6 3 2 2 0.754
15日，他在朝阳法院起诉离婚，争夺子女抚养权并要求分割夫妻共同财产；16日，马蓉委托律师以侵犯名誉权为由将王宝强告上法庭，要求其删除14日的离婚声明。
0
2
77 8 4 2 3 0.119
而常与法院打交道的法律界从业人士指出，事件正处于舆论风口浪尖，加上案件过于复杂，需做大量前期调查。
77 9 4 3 3 0.601
另外，王宝强的离婚诉讼和马蓉的名誉权诉讼，两起案件都属于民事诉讼范畴，在王宝强的离婚诉讼中，涉及财产转移的部分是关键，如果证据充分，进入司法程序，那便成为刑事案件。
2
77 10 5 1 2 0.615
差不多一个月后故事有了新进展，9月12日，有网友微信爆料王宝强马蓉已经签字离婚，王宝强拿到孩子抚养权，而付出的代价是“净身出户”。
77 11 5 2 2 0.59
对此，13日新浪娱乐独家联系到王宝强方律师张起淮求证，尽管不能透露诉讼细节，但律师对网友爆料予以否认，他表示，“我都说过了，还没有开过一次庭。依靠法律，相信法律。”而最新消息是，王宝强离婚案将于10月下旬开庭审理。
1
77 54 24 1 1 0.615
关于马蓉的名誉权起诉，新浪娱乐此前对话戚连峰律师，对方认为，王宝强的离婚声明曝光了马蓉的个人隐私，可能构成侵犯名誉权，“出轨是老百姓的说法而非法律概念”，离婚诉讼中，需法院依证据判定对方情节是否构成“婚外情”。
1
78 1 1 1 1 0.618
王宝强[微博]和马蓉的离婚官司硬生生地抢了奥运会的风头，虽然这场官司离尘埃落定的日子还远，但人们很关注马蓉有没有转移财产，关注王宝强在分割财产中能拿多少钱。
2
79 2 2 1 2 0.71
但话说回来，王宝强的离婚官司到底怎么样了啊？据悉，王宝强与马蓉的离婚官司将于10月18日第一次“过堂”——法院于当天组织双方召开庭前会议并进行证据交换。
79 3 2 2 2 0.427
同时，最高院前不久关于婚姻一方在离婚期间转移财产将有可能被判净身出户的案例指导，也可能会被这个官司所参考。
1
79 11 6 1 1 0.736
据悉，王宝强起诉马蓉的离婚案件与马蓉起诉王宝强的名誉侵权案件均定在10月18日在法院进行第一次开庭，当天，法院计划安排进行庭前会议，组织双方进行证据交换。
2
80 4 3 1 3 0.635
自从8月份王宝强[微博]贴出离婚声明以来，关于两人的离婚判决结果一直被网友们关心。
80 5 3 2 3 0.596
因为马蓉不仅与王宝强经纪人宋喆有不正当两性关系，还被爆出有转移隐藏、转移夫妻共同财产的行为。
2
81 1 1 1 2 0.682
新浪娱乐讯王宝强[微博]马蓉离婚大战因牵涉甚广而绵延数日，日前，有网友发现，王宝强执导的新电影《大闹天竺》的百度百科中出品人显示为马蓉，继而纷纷表示要抵制该片。
81 2 1 2 2 0.133
但日前有媒体向片方求证后表示，出品人暂未确定。
2
81 3 2 1 6 0.698
王宝强首当导演执导的电影《大闹天竺》因为此前王宝强和马蓉的离婚案而备受关注。
81 4 2 2 6 0.305
近日，有网友在该电影的百科出品人一栏上发现马蓉的名字。
2
82 1 1 1 5 0.654
新浪娱乐讯王宝强[微博]离婚事件仍持续发酵中。
82 2 1 2 5 0.54
近来，微博博主关爱八卦成长协会通过平台发文，透露有王宝强身边人向其再爆新料，称早在离婚事件爆发的大半年之前，王宝强同马蓉便已分居生活，并且分居的时候就想过离婚，但彼时想离婚的原因纯粹是因为两人经常吵架、感情不和。
3
82 3 1 3 5 0.476
爆料人另表示，王、马二人动了离婚念头后，马蓉甚至对王宝强提出财产要九一分，她拿九成的要求，后经朋友劝解，二人并未真正走出分手那一步。
82 4 1 4 5 0.623
直至后来宝强通过手机内容发现了马蓉出轨经纪人宋喆，才最终决定发布公开声明、离婚。
82 5 1 5 5 -0.114
（Ran/文）
2
85 1 1 1 3 0.766
新京报快讯（记者王巍）8月29日，王宝强[微博]前经纪人宋喆与妻子杨慧的离婚案开庭。
85 2 1 2 3 0.622
8月30日，网上流传疑似马蓉床照，有网友称照片是杨慧在开庭过程中向法院提交的证据。
1
85 3 1 3 3 0.52
记者今天向知情人士了解到，该照片并不是马蓉床照，杨慧也并未在此次庭审中提供所谓马蓉床照。
2
85 4 2 1 3 0.659
据媒体报道，8月30日晚，有网友在微博曝光“马蓉床照”，照片中的女性疑似王宝强的妻子马蓉。
85 5 2 2 3 0.534
该名网友表示，这张截图“据说是宋喆老婆杨慧在法庭上出示的出轨证据”。
3
85 7 3 1 3 0.441
记者从案件知情人士处获悉，网上流传的所谓马蓉床照是假的。
85 8 3 2 3 0.741
8月29日杨慧起诉宋喆离婚案件开庭过程中，杨慧也并没有向法院提交马蓉的床照作为证据。
85 9 3 3 3 0.263
据知情人士称，现在确实有可以证明马蓉与宋喆存私密关系的证据，在接下来的庭审中可能会涉及，但目前不会对外公开。
2
87 1 1 1 5 0.781
封面新闻-华西都市报讯杨慧起诉宋喆离婚案，因与王宝强[微博]离婚案有牵连，半个月来一直备受全国媒体和网友的强烈关注。
87 2 1 2 5 0.784
其实这个官司早于王宝强的离婚案45天立案。
1
87 3 1 3 5 0.537
杨慧是于2016年6月底，正式到北京朝阳法院向宋喆提出离婚诉讼的。
2
87 4 1 4 5 0.63
而王宝强则是于8月15日才正式到北京朝阳法院离婚。
87 5 1 5 5 0.721
因为王宝强在离婚声明中，公开曝光了他的妻子与杨慧丈夫宋喆发生了不正当关系，一时间，杨慧成了明星王宝强离婚案的第二女主角，也成了媒体关注人物。
0
1
87 7 3 1 1 0.681
这是王宝强离婚案爆发半个月来，向来低调的杨慧首次接受封面新闻记者的独家釆访，首次披露了与宋喆离婚内幕。
2
87 35 12 1 6 0.65
杨慧：我认识王宝强。
87 36 12 2 6 0.017
因为那时，我在华谊公司工作，都是一个公司嘛。
2
87 37 12 3 6 0.659
经常见到王宝强。
87 38 12 4 6 0.43
马蓉只见过一面。
2
88 1 1 1 3 0.847
8月29日下午三点，王宝强经纪人宋喆和妻子杨慧离婚案，在朝阳法院的南磨房法庭开庭审理。
88 2 1 2 3 0.51
因宋喆申请，该案未公开审理。
1
88 3 1 3 3 0.642
重案组37号获悉，宋喆代理律师向法庭主张称，宋喆不同意离婚。
2
88 6 4 1 4 0.796
8月29日下午3时许，王宝强的经纪人宋喆的离婚案在朝阳法院南磨房法庭开庭审理。
88 7 4 2 4 0.086
下午1点半多便有数十家媒体闻讯等在法院外，每来一辆车便举起设备准备拍摄。
2
88 18 9 1 2 0.715
8月14日凌晨，知名艺人王宝强爆料妻子马蓉和其经纪人宋喆出轨并转移自己财产，并于次日正式起诉离婚。
88 19 9 2 2 0.67
而重案组37号了解到，早在王宝强爆料数月前，宋喆妻子已向朝阳法院起诉离婚，并申请诉前保全，冻结宋喆名下224万元存款。
0
2
88 22 11 1 2 0.609
重案组37号探员获悉，本案中，被告宋喆之委托代理人于庭前向法院提交不公开开庭审理申请书，申请就本案不公开开庭审理。
88 23 11 2 2 0.327
法院经审查后，认为其符合民诉法之规定，故作出对本案不公开开庭审理的决定。
2
88 42 23 1 3 0.889
杨慧与宋喆离婚案开审的同时，王宝强离婚案也有了些许进展。
88 43 23 2 3 0.624
重案组37号了解到，王宝强提出离婚诉讼后，就一直未能与自己的子女相见。
1
88 44 23 3 3 0.566
在案件开庭前，王宝强向法院递交了申请，希望借助司法力量，强制马蓉“交出”孩子，因为开学在即，王宝强对自己离婚案或将对子女造成学业上的影响表示很担心。
2
89 1 1 1 3 0.755
新浪娱乐讯8月29日下午，王宝强前经纪人宋喆和前妻杨慧的离婚诉讼在北京朝阳法院开庭审理，由于是王宝强离婚事件的主要当事人之一，宋喆在事件爆发后亦引起社会各界的高度关注，但是，当天除了杨慧，并未见到宋喆身影。
89 2 1 2 3 0.402
随后朝阳法院也作出了官方说明，表示宋喆方面以涉及个人隐私为由，申请不公开审理，另外由其代理律师递交了一份由自己签字的书面意见，目前该案尚在进一步审理中。
3
89 4 2 1 5 0.549
有媒体报道，杨慧其实在开庭前曾希望息事宁人，并委托代理律师谭耀光与宋喆家人私下沟通，商议是否可以协议离婚。
89 5 2 2 5 0.626
但双方最终因财产分割上分歧较大，以及宋喆家人否认宋喆出轨王宝强妻子马蓉，最终没有达成一致意见。
89 6 2 3 5 0.695
8月29日下午，宋喆和杨慧的离婚诉讼在北京朝阳法院开庭审理，但当天除了杨慧，并未见到宋喆身影。
1
89 7 2 4 5 0.47
庭审结束后，朝阳法院也作出了官方说明，表示宋喆方面以涉及个人隐私为由，申请不公开审理，法院予以准许；另外，宋喆本人未出庭，而是由其代理律师递交了一份由自己签字的书面意见，目前该案尚在进一步审理中。
2
90 1 1 1 2 0.633
南都讯记者商西实习生秦宇杰发自北京今日下午3点，杨慧起诉宋喆离婚案在朝阳区人民法院南磨坊人民法庭开庭。
90 2 1 2 2 0.528
该案未公开审理，4点10分左右，庭审结束，法院未当庭宣判，杨慧走出法庭不发一言，其律师谭耀光向南都表示接下来要等法院另行通知。
2
90 3 2 1 3 0.717
宋喆是演员王宝强的前经纪人。
90 4 2 2 3 0.798
本月早些时候，王宝强与妻子马蓉的离婚案已在朝阳法院立案。
1
90 5 2 3 3 0.423
王宝强在其实名认证的个人微博中声称“因马蓉与我经纪人宋喆的婚外不正当两性关系，严重伤害了婚姻、破坏了家庭，郑重决定解除我与马蓉的婚姻关系”。
2
90 19 8 1 3 0.666
谭耀光表示，今年7月杨慧就向法院申请了离婚，当时王宝强并不知情。
90 20 8 2 3 0.571
王宝强掌握其妻子马蓉的出轨证据，也非由杨慧提供。
1
90 21 8 3 3 0.649
王宝强的代理律师张起淮证实了此事。
1
91 1 1 1 1 0.778
新浪娱乐讯继王宝强[微博]在其微博发出“离婚声明”后，宋喆与杨慧的离婚案也浮出水面，29日下午，朝阳法院将不公开审理该案。
2
91 4 4 1 3 0.875
据了解，因宋喆离婚案和王宝强起诉马蓉离婚案有一定牵连，同时，王宝强方面也在密切关注该离婚案开庭情况。
91 5 4 2 3 0.265
据知情人士透露，此前，网上所传的王宝强做亲子鉴定、以及关于股权转让的消息，并不属实。
2
92 1 1 1 3 0.66
封面新闻讯（记者杜恩湖北京现场报道）8月29日中午，封面新闻记者在北京获悉：备受关注的王宝强[微博]离婚案的另一当事人宋喆和杨慧的离婚案，将于今天下午在北京开庭。
92 2 1 2 3 0.658
封面新闻记者今天中午在北京独家了解到重要信息：杨慧起诉宋喆离婚案开庭前24小时，杨慧曾委托代理律师北京市恒嘉律师事务所谭耀光律师与宋喆家人秘密沟通，杨慧为了息诉止争，商议是否可以协议离婚。
1
92 3 1 3 3 0.639
但双方最终因财产分割上分歧较大，以及宋喆家人否认宋喆出轨王宝强妻子马蓉，没有达成一致意见。
0
3
92 4 2 1 4 0.473
封面新闻记者还了解到：开庭前一个月，宋喆母亲曾给杨慧的代理律师谭耀光打过一次电话，宋喆母亲认为杨慧是一个好女孩，好儿媳妇，希望通过律师转告杨慧，盼与儿子宋喆和好。
92 5 2 2 4 0.654
但杨慧认为丈夫宋喆与王宝强妻子马蓉有出轨行为，已经严重伤害了夫妻感情，坚持要与宋喆离婚。
92 6 2 3 4 0.57
不过，据了解，宋喆的母亲否认儿子出轨马蓉。
2
92 8 3 1 5 0.683
杨慧的代理律师谭耀光告诉封面新闻记者：开庭前24小时，杨慧认为宋喆母亲都是好人，希望离婚案不伤害到宋喆父母，愿意不开庭协议方离婚。
92 9 3 2 5 0.457
杨慧便主动请律师与宋喆的家人秘密沟通。
3
92 10 3 3 5 0.411
但因涉及财产分割上的分歧，老人家又坚持认为儿子宋喆没有出轨。
92 11 3 4 5 0.794
杨慧离婚案开庭前和谈失败。
92 12 3 5 5 0.405
而宋喆母亲，也认为儿子与杨慧和好无望，只有通过法院开庭解决为好。
2
93 1 1 1 3 0.764
8月15日，王宝强正式到北京朝阳法院向妻子马蓉提出了离婚，并曝光了其经纪人宋喆与妻子马蓉有不当关系。
93 2 1 2 3 0.358
14天来，马蓉和宋喆陷入了的是非漩涡。
3
93 13 7 2 7 -0.031
他侧重于民商事纠纷与公司法律顾问业务，以对复杂法律问题有强大的抽丝剥茧能力和开阔、缜密的思维从业于律师职业。
93 14 7 3 7 0.799
此次宋喆聘请他作为离婚案代理律师，主要是负责宋喆与妻子杨慧的离婚案。
93 15 7 4 7 0.709
但因宋喆又是王宝强的经纪人，被王宝强公开曝光指责与妻子马蓉有不正当关系。
1
93 16 7 5 7 0.631
使宋喆如今也成了娱乐圈王宝强离婚案的关注点极高的关键人物之一。
1
93 17 7 6 7 -0.02
各种漫骂不绝于耳。
2
94 1 1 1 2 0.76
距离8月15日王宝强[微博][微博]正式起诉妻子马蓉，至今已整整12天，而王宝强的离婚案仍是众多网友关注的热点，有关各种传闻更是满天飞。
94 2 1 2 2 0.807
王宝强起诉妻子马蓉离婚案何时开庭？马蓉以名誉侵权为由起诉王宝强要求删除微博上的离婚声明，为何还没删除？都是网友关注的重点。
0
1
94 3 2 1 1 0.628
8月26日早间9时许，华西都市报记者联系上了王宝强的代理律师张起淮，在记者说明来意，询问其“王宝强起诉马蓉离婚案将何时开庭？”张起淮律师的回答可以说是惜字如金：“正在顺利进行中。目前还没有开庭，我不大好多说什么。谢谢！”
1
94 4 3 1 1 0.73
此前，马蓉委托律师到朝阳法院立案，起诉王宝强14日凌晨所发微博侵犯其名誉，要求王宝强删除8月14日00：21分发布的微博并赔礼道歉。
2
95 1 1 1 2 0.768
距离8月15日王宝强[微博]正式起诉妻子马蓉，至今已整整12天，而王宝强的离婚案仍是众多网友关注的热点，有关各种传闻更是满天飞。
95 2 1 2 2 0.807
王宝强起诉妻子马蓉离婚案何时开庭？马蓉以名誉侵权为由起诉王宝强要求删除微博上的离婚声明，为何还没删除？都是网友关注的重点。
0
1
95 3 2 1 1 0.628
8月26日早间9时许，华西都市报记者联系上了王宝强的代理律师张起淮，在记者说明来意，询问其“王宝强起诉马蓉离婚案将何时开庭？”张起淮律师的回答可以说是惜字如金：“正在顺利进行中。目前还没有开庭，我不大好多说什么。谢谢！”
1
95 4 3 1 1 0.73
此前，马蓉委托律师到朝阳法院立案，起诉王宝强14日凌晨所发微博侵犯其名誉，要求王宝强删除8月14日00：21分发布的微博并赔礼道歉。
2
96 1 1 1 3 0.647
新浪娱乐讯8月14日凌晨，知名演员王宝强[微博]发布离婚声明，斥责妻子马蓉与前经纪人宋喆有“不正当两性关系”，引发全民关注，当事几方纷纷遭到各种爆料与扒皮。
96 2 1 2 3 0.531
8月26日，王宝强离婚事件后首次更新微博，晒出和刘国梁王楠等人合照，配文称：“奥运精神，兄弟之情，举杯同庆，其乐融融。”照片中王宝强和刘国梁互相搭肩，对着镜头微笑，但胡子拉碴略显苍老。
1
97 2 2 1 1 0.612
据悉，宝宝虽然坐拥9套房产，但均没有登记在他个人名下……此外，王宝强离婚案件或将不公开审理，而王宝强本人最在意的是要回孩子的抚养权。
1
97 3 3 1 1 0.662
虽然王宝强离婚案件尚未确定具体的开庭日期，据悉，法院日前征求双方当事人意见，以此决定此案是否公开审理。
2
97 9 9 1 2 0.793
8月的后半程，网络新闻头条是属于王宝强离婚案的：8月14日，王宝强发声明声称妻子马蓉出轨，8月15日上午，王宝强在律师张起淮的陪同下到北京朝阳法院，起诉离婚。
97 10 9 2 2 0.803
8月16日，马蓉起诉王宝强侵犯名誉权，8月17日王宝强前经纪人，马蓉出轨对象——宋喆被妻子杨慧起诉至朝阳法院要求离婚，并且申请法院保全了其224万元财产。
0
1
97 11 10 1 1 0.627
此后据王宝强身边人披露，马蓉将王宝强六个银行账户的的财产大部分转走，仅留下十几万元余额，此笔钱款还不够王宝强缴纳诉讼费。
2
97 18 16 1 2 0.606
据王宝强的朋友透露，王宝强最在意的是两个孩子的抚养权问题，也将孩子的抚养权问题写在了离婚起诉书的诉讼请求中。
97 19 16 2 2 0.35
据说离婚事件曝光后，宝宝一直没有与儿女见面，如今开学在即，宝宝似乎很担心儿女的学业。
2
98 1 1 1 3 0.635
新浪娱乐讯王宝强[微博]离婚一事闹得沸沸扬扬8月24日，董浩叔叔在节目中以一位长辈的身份谈及此事，称马蓉“和宝强好的时候应不是个坏孩子”。
98 2 1 2 3 0.185
视频一出便引发网友热议。
2
99 1 1 1 2 0.653
新浪娱乐讯8月24日，董浩叔叔在节目中为王宝强[微博]前妻马蓉发声，称马蓉“和宝强好的时候应不是个坏孩子”。
99 2 1 2 2 0.185
视频一出便引发网友热议。
