3 7 4 1 2 0.626
在离婚官司的审理过程中，王宝强向警方报案。
3 8 4 2 2 0.595
由于涉及非法处理王宝强离婚案的财产等相关问题，宋喆因涉嫌职务侵占，于今年9月11日被警方控制。
4 17 9 1 2 0.626
在离婚官司的审理过程中，王宝强向警方报案。
4 18 9 2 2 0.595
由于涉及非法处理王宝强离婚案的财产等相关问题，宋喆因涉嫌职务侵占，于今年9月11日被警方控制。
13 3 2 1 3 0.623
王宝强离婚案原本已经沉底，宋喆被抓后，事件又有新信息浮出。
13 4 2 2 3 0.439
今年五月，有媒体目击马蓉妈和宋喆爸现身民政局办理离婚手续。
15 2 1 2 4 0.609
据悉，宋喆涉及王宝强离婚案的财产问题并可能构成犯罪。
15 1 1 1 4 0.441
宋喆被抓了！记者9月13日从知情人士处获悉，担任过王宝强经纪人的宋喆已被警方控制。
15 3 1 3 4 0.505
2016年8月14日凌晨王宝强曾发微博称，妻子马蓉与宋喆存在婚外不正当两性关系。
32 1 1 1 2 0.667
10月31日，菏泽巨野县法院对此前就王宝强[微博]马蓉离婚事件微博发布的言论作出声明。
32 2 1 2 2 0.449
声明称：“2016年10月29日，我院官方微博发布了涉及某知名演员离婚案件的不当言论，造成了不良的社会影响。在此，我院表示诚恳的歉意！欢迎大家继续批评指正。”
34 1 1 1 4 0.641
新浪娱乐讯日前，王宝强[微博]离婚一案首次开庭审理，再次令王宝强和马蓉离婚事件成为舆论关注的焦点。
34 2 1 2 4 0.282
而此前有新闻媒体刊发记者评论，暗批王宝强是在自曝家丑毁三观，这番言论也引发不少热议。
36 2 2 1 4 0.604
18日下午，朝阳法院对王宝强诉马蓉离婚案以及马蓉诉王宝强侵犯名誉权一案举行了庭前会议。
36 3 2 2 4 0.209
朝阳法院门口围观了上千名群众。
53 3 2 1 3 0.614
10月18日14时，北京市朝阳区人民法院就原告王宝强诉被告马蓉离婚案，组织双方召开庭前会议。
53 4 2 2 3 0.455
王宝强及其诉讼代理人、马蓉的诉讼代理人参加了庭前会议。
62 1 1 1 4 0.601
10月18日，王宝强起诉马蓉离婚及马蓉起诉王宝强名誉侵权两个案件将相继在朝阳法院开庭审理。
62 2 1 2 4 0.399
两起案件王宝强本人都将亲自出庭。
64 20 11 1 2 0.611
对“离婚时”的解释是王宝强马蓉离婚案是否适用指导性案例的关键。
64 21 11 2 2 0.359
因为在离婚案件中，隐藏、转移、变卖、毁损夫妻共同财产，或伪造债务企图侵占另一方财产的行为，是发生在“离婚时”——才能成为少分或不分财产的理由。
64 39 19 2 4 0.684
其实王宝强离婚事件演绎至今，细节早已大白于公众。
64 38 19 1 4 0.102
人心的凉薄，莫过于此。
64 40 19 3 4 0.385
事发突然之下，王宝强毫无准备，出自本能的第一反应是微博公开。
77 6 3 2 2 0.614
15日，他在朝阳法院起诉离婚，争夺子女抚养权并要求分割夫妻共同财产；16日，马蓉委托律师以侵犯名誉权为由将王宝强告上法庭，要求其删除14日的离婚声明。
77 5 3 1 2 0.518
8月14日，王宝强凌晨于微博发布离婚声明，直指妻子马蓉与自己经纪人宋喆婚内出轨，一下在网络炸开了锅。
79 5 3 2 2 0.611
发布会尾声，他对媒体就离婚事件进行了表态：
79 4 3 1 2 0.36
10月10日，王宝强自导自演的新片《大闹天竺》在京举办新闻发布会，这也成为了他在打响离婚官司后首次公开露面。
85 8 3 2 3 0.612
8月29日杨慧起诉宋喆离婚案件开庭过程中，杨慧也并没有向法院提交马蓉的床照作为证据。
85 7 3 1 3 0.393
记者从案件知情人士处获悉，网上流传的所谓马蓉床照是假的。
85 9 3 3 3 0.253
据知情人士称，现在确实有可以证明马蓉与宋喆存私密关系的证据，在接下来的庭审中可能会涉及，但目前不会对外公开。
88 42 23 1 3 0.644
杨慧与宋喆离婚案开审的同时，王宝强离婚案也有了些许进展。
88 43 23 2 3 0.5
重案组37号了解到，王宝强提出离婚诉讼后，就一直未能与自己的子女相见。
89 1 1 1 3 0.658
新浪娱乐讯8月29日下午，王宝强前经纪人宋喆和前妻杨慧的离婚诉讼在北京朝阳法院开庭审理，由于是王宝强离婚事件的主要当事人之一，宋喆在事件爆发后亦引起社会各界的高度关注，但是，当天除了杨慧，并未见到宋喆身影。
89 2 1 2 3 0.372
随后朝阳法院也作出了官方说明，表示宋喆方面以涉及个人隐私为由，申请不公开审理，另外由其代理律师递交了一份由自己签字的书面意见，目前该案尚在进一步审理中。
91 1 1 1 1 0.618
新浪娱乐讯继王宝强[微博]在其微博发出“离婚声明”后，宋喆与杨慧的离婚案也浮出水面，29日下午，朝阳法院将不公开审理该案。
91 4 4 1 3 0.656
据了解，因宋喆离婚案和王宝强起诉马蓉离婚案有一定牵连，同时，王宝强方面也在密切关注该离婚案开庭情况。
91 5 4 2 3 0.245
据知情人士透露，此前，网上所传的王宝强做亲子鉴定、以及关于股权转让的消息，并不属实。
