2 2 1 2 2 0.651
理由是，王宝强认为马蓉将部分婚内财产转移到了父母名下。
2 1 1 1 2 0.485
关于王宝强马蓉案，最近媒体有两条爆料：一是王宝强起诉马蓉离婚案庭审程序已进行完毕，将在年内一审宣判；二是王宝强在日前已经另案将马蓉父母起诉到法院。
2 3 2 1 5 0.721
此前，王宝强在起诉马蓉的离婚诉状中已经指出，宋喆存在“隐藏、转移王宝强夫妻共同财产、破坏家庭伤害家人的恶劣行为，致使双方感情彻底破裂”，要求离婚并依法分割夫妻共同财产。
2 4 2 2 5 0.316
今年9月，宋喆因涉嫌职务侵占案被警方控制。
2 9 3 2 3 0.647
如果马蓉在婚内转移夫妻共同财产，一方面侵占的对象未必是单位财产，另一方面其作为夫妻一方本身有一定的法定处分权限。
2 8 3 1 3 0.431
职务侵占罪，要求侵占的必须是单位的财产，而且需要利用在单位任职的职务便利。
2 10 3 3 3 0.442
一般而言，很难认定马蓉的行为构成职务侵占犯罪，只涉及到民事行为的有效性问题。
2 12 4 2 2 0.624
如果马蓉在未取得王宝强同意的情况下，私自将夫妻共同财产赠予或者低价转让给自己的父母，那么王宝强可以通过诉讼的方式主张赠予或者转让合同无效，从而索回马蓉转移的财产。
2 11 4 1 2 0.591
根据《物权法》和《婚姻法》的规定，夫妻共同财产需要夫妻共同处分，未征得另一方同意的大额财产处分行为在法律上是无效的。
3 3 1 3 3 0.639
张起淮律师表示，可以先离婚后分割财产。
3 2 1 2 3 0.42
在宋喆涉嫌职务侵占的刑事案件没有审结之前，王宝强离婚案为何能在年底宣判？对此，法制晚报·看法新闻记者采访了王宝强的代理律师张起淮。
3 4 2 1 1 0.696
去年8月15日，王宝强到法院起诉马蓉要求离婚并依法分割财产。
3 11 6 2 2 0.692
原因是，认为马蓉将部分婚内财产转移到父母名下，为查清财产去向与确切金额提起该项诉讼。
3 10 6 1 2 0.263
据媒体报道，王宝强在日前，还向马蓉父母提起民事诉讼。
3 15 10 1 3 0.617
张起淮律师表示，目前审理的王宝强离婚案主要是两人的人身关系，不是以财产分割为前提的。
3 16 10 2 3 0.54
如果双方符合离婚的条件，可以先解除人身关系，即王宝强和马蓉的夫妻关系。
3 17 10 3 3 0.776
财产分割部分可以另行起诉，如果宋喆职务侵占的罪名成立，涉及的王宝强的财产或者说王宝强马蓉夫妻的共同财产，可以另行起诉分割。
3 19 12 1 3 0.685
针对先离婚后分割财产的做法，北京国锦律师事务所周海山律师表示，在婚姻关系有争议期间，也就是诉讼期间，夫妻双方收入属于夫妻共同财产。
3 20 12 2 3 0.193
王宝强作为明星，现在演艺事业正处在迅速发展阶段，片酬等各方面收入都不低。
4 3 2 1 2 0.632
王宝强在诉状中还指出，宋喆存在“隐藏、转移王宝强夫妻共同财产、破坏家庭伤害家人的恶劣行为，致使双方感情彻底破裂”。
4 4 2 2 2 0.214
今年9月11日，宋喆因涉嫌职务侵占，被警方控制。
4 10 6 1 2 0.824
王宝强还要求依法分割夫妻共同财产。
4 11 6 2 2 0.085
其中包括9套房屋，多家公司股权、出资，一辆宝马x5轿车、一辆宾利轿车，爱马仕、LV、香奈儿、GUCCI、迪奥、PRADA、范思哲、芬迪、TIFFANY等品牌的珠宝、首饰、名表、包、服饰等，还有存款、股票、理财产品、保险、原创设计品牌等。
4 28 15 3 3 0.692
原因是，认为马蓉将部分婚内财产转移到父母名下，为查清财产去向与确切金额提起该项诉讼。
4 27 15 2 3 0.371
重案组37号独家获悉，王宝强在日前，还向马蓉父母提起民事诉讼。
7 4 2 2 2 0.627
有律师表示：“如果马蓉在婚姻关系存续期间或离婚期间，转移、隐匿夫妻共同财产，可以通过民事诉讼途径解决，但不涉及刑事犯罪问题。但是，在公司股权结构变动以前或者变动过程中，如果马蓉伙同宋喆利用职务便利转移、侵吞公司财产，那也可能涉嫌和宋喆共同构成职务侵占罪。”
7 3 2 1 2 0.218
据悉，王宝强的公司系北京宝亿嵘影业有限公司，从工商注册信息来看，宋喆曾担任股东，马蓉曾是该公司的法定代表人。
10 20 3 2 7 0.639
马蓉在夫妻关系存续期间，对夫妻共同财产有支配的权利，即使她恶意占有夫妻共同财产，那也是民事法律调整的行为，不需要承担刑事责任。
10 19 3 1 7 0.501
首先，宋喆的“占有”行为，是否受马蓉委托？如果该公司是“夫妻店”的性质，公司全部财产就是夫妻共同财产。
10 21 3 3 7 0.402
在这样的前提下，如果宋喆是受马蓉的差遣，利用职务上的便利条件，帮助马蓉转移财产，那么他的行为尽管不道德、不仗义，但还是不构成犯罪的。
10 50 13 2 13 0.619
这样一来，马蓉就因婚内转移共同财产而面临“净身出户”。
10 49 13 1 13 0.384
有人说：如果宋喆想脱罪，那就要承认其截留的钱款是为马蓉代持的，是为了帮助马蓉转移婚内财产。
10 51 13 3 13 -0.032
这个逻辑看似正确，还是有些简单化了。
10 55 13 7 13 0.626
这得看转移财产的目的，以及该部分财产在所有财产中占的比例。
10 54 13 6 13 0.544
其次，即使是转移婚内财产，也不一定要净身出户。
10 56 13 8 13 0.498
例如，转移的部分财产，是给共同的子女购买物品、教育经费等，这是没有问题的。
15 2 1 2 4 0.666
据悉，宋喆涉及王宝强离婚案的财产问题并可能构成犯罪。
15 1 1 1 4 0.219
宋喆被抓了！记者9月13日从知情人士处获悉，担任过王宝强经纪人的宋喆已被警方控制。
15 3 1 3 4 0.238
2016年8月14日凌晨王宝强曾发微博称，妻子马蓉与宋喆存在婚外不正当两性关系。
15 4 1 4 4 0.68
王宝强在诉状中称宋喆存在隐藏、转移王宝强夫妻共同财产，破坏家庭伤害家人等行为。
16 1 1 1 1 0.298
新浪娱乐讯9月13日，据北京青年报报道，王宝强前经纪人宋喆因涉王宝强离婚案相关问题于近日被警方抓获，罪名可能是涉嫌职务侵占，但目前还没有更准确的信息披露。
16 5 3 2 3 0.631
后王宝强到起诉其妻马蓉，其中，财产纠纷和孩子抚养权成为该离婚案的焦点，现案件还在审理阶段。
16 4 3 1 3 0.385
2016年8月14日，王宝强突发离婚声明，称妻子马蓉出轨自己的经纪人宋喆，并决定解除与马蓉的婚姻关系，同时停止与宋喆的合作。
16 6 3 3 3 -0.144
（南音/文）
17 9 5 1 1 0.609
此外律师还解读，宋喆不管是王宝强前经纪人的身份，还是婚姻第三者的身份，无论是王宝强的夫妻共同财产还是其公司财产，宋喆参与度都很高，如果宋喆利用职务便利转移了王宝强的财产，肯定会面临刑事处罚。
22 1 1 1 2 0.665
网络上所称王宝强已办理离婚手续并就夫妻共同财产及子女抚养问题达成协议的传言不属实。
22 2 1 2 2 0.308
目前，该起离婚纠纷尚未正式开庭，相关司法程序正有序推进。
23 4 1 4 4 0.619
随后有媒体人爆料称“这不是给马蓉办离婚财产分割，而是马蓉母亲和宋喆父亲办理离婚手续，此举是为了转移财产。”此番爆料也令马蓉王宝强离婚案更加复杂。
23 3 1 3 4 0.587
有媒体拍到马蓉宋喆共用豪车，而马蓉母亲由宋喆父亲接送，去民政局，疑似办理离婚财产分割手续。
23 11 4 2 5 0.647
姚律师表示，首先如果法院认定了马蓉在分割财产过程中存在非法转移财产的情形，无论这笔财产通过什么形式被转移了几次，都是有被追回的可能的。
23 10 4 1 5 0.397
“马蓉母亲通过和宋喆父亲结婚再离婚这个手段转移财产，如果是真的，就有画蛇添足了，是个不聪明的做法”。
23 12 4 3 5 0.529
其次，如果马蓉通过这个手段把财产转移给宋喆，那就意味着她有失去这笔财产的风险，毕竟双方并未建立法律上的婚姻关系，建立在这种“特殊信任关系”基础上的财产关系并不一定可靠。
24 7 4 1 6 0.653
在离婚案件中，主要涉及三个问题，即是否判决离婚、未成年子女由谁抚养以及如何公平得到共同财产的应有份额。
24 8 4 2 6 0.466
其中，财产分割是最为复杂也是争议最多的。
24 9 4 3 6 0.706
现实中，常常遇到一方将夫妻共同财产出卖，注销公司、写假借条等转移财产、企图侵占对方财产的情况。
24 10 4 4 6 0.201
对这种行为，一般情况下，律师也常常无能为力。
24 13 5 1 2 0.703
根据《婚姻法》第四十七条：离婚时，一方隐藏、转移、变卖、毁损夫妻共同财产，或伪造债务企图侵占另一方财产的，分割夫妻共同财产时，对隐藏、转移、变卖、毁损夫妻共同财产或伪造债务的一方，可以少分或不分。
24 14 5 2 2 0.665
离婚后，另一方发现有上述行为的，可以向人民法院提起诉讼，请求再次分割夫妻共同财产。
24 15 6 1 2 0.732
最高法此前曾发布指导性案例，指导案例66号“雷某某诉宋某某离婚纠纷案”阐明：明确一方在离婚诉讼期间或离婚诉讼前，隐藏、转移、变卖、毁损夫妻共同财产，或伪造债务企图侵占另一方财产的，离婚分割夫妻共同财产时，依照《中华人民共和国婚姻法》第四十七条的规定可少分或不分财产。
24 16 6 2 2 0.555
该指导性案例从婚姻法的立法目的和立法原意出发，对婚姻法第四十七条规定的“离婚时”做出了合理解释，有利于惩戒侵害夫妻共同财产的非法行为，保护家庭成员的合法财产权益。
24 20 10 1 1 0.692
私自出售其他夫妻共同财产；
24 21 11 1 1 0.689
私自无偿转让或赠与夫妻共同财产等。
24 27 17 1 1 0.65
对于转移转移不动产的：既然属于夫妻共同财产，任何一方无权单方出售转让，否则另一方可以主张买卖无效，并追究其转移之法律责任；
25 6 2 3 4 0.603
萝贝贝还表示“为了转移财产都很拼，父母和子女都是一个模子里刻出来的无所不用其极。”疑似暗指马蓉和宋喆为了转移王宝强财产安排双方父母结婚再离婚。
25 5 2 2 4 0.47
而是马蓉母亲和宋喆父亲办理离婚手续，马蓉和王宝强还没有离婚。
25 7 2 4 4 0.193
为此小浪第一时间联系该爆料媒体人，其表示，自己没有必要编造，“我了解到的就是这样，他们的确是在用各种方法转移财产。具体是什么过程导致这个结果，我也在继续搜集资料和证实。但如果让外界以为马蓉已经跟王宝强离婚了这个误会有点大，所以应该先把这个澄清。”
39 3 1 3 6 0.755
双方主要围绕被告婚内出轨、转移夫妻共同财产、要求分割共同财产、孩子抚养权等焦点问题陈述了意见，并进行举证。
39 2 1 2 6 0.39
根据朝阳法院公告，在此次离婚案的庭前会议上，王宝强本人到场，马蓉已于庭前陈述意见，未出席。
39 4 1 4 6 0.174
对此，新浪娱乐第一时间联系曾经手李阳离婚案的戚连峰律师，请他继续向大家科普各种新增法律知识。
39 7 2 1 1 0.718
据朝阳法院官方公告，18日14时，王宝强诉马蓉离婚案召开庭前会议，会议中，双方围绕被告婚内出轨、转移夫妻共同财产以及要求分割共同财产等进行了举证；被告围绕子女身份问题提交了相应证据；双方就夫妻感情是否破裂、如解除婚姻关系子女的敷衍问题、被告是否存在过错以及是否对原告造成精神损害进一步举证。
39 10 3 3 5 0.7
而从法院公告来看，在这起离婚诉讼中，原告（王宝强）和被告（马蓉）的法律争议焦点主要有以下几个方面：双方感情是否破裂、被告是否有出轨行为、被告是否有转移夫妻共同财产的行为、财产如何分割、子女抚养权归属、子女抚养费、原告要求的精神损害赔偿。
39 9 3 2 5 0.169
根据我国现行《婚姻法》，案件其实远比舆论中呈现的面貌更加复杂。
39 11 3 4 5 0.404
庭前会议比较重要的工作就是梳理当事人双方的争议焦点，过程中原告和被告根据自己的主张提出证据、答辩意见。
39 22 9 1 2 0.74
戚律师谈到，其实财产转移和财产分割是可以放在一起看的，既然王宝强主张马蓉有转移夫妻共同财产的行为，就要拿出相应证据。
39 23 9 2 2 0.348
“法律来讲确实可以少分甚至是不分，如果确实有这样的情况，则要看转移财产的恶性程度。”戚律师表示，在这个问题上，外界可能存在理解上的误差。
41 24 15 1 1 0.745
从王宝强8月15日提出的诉讼请求看，包括：要求解除双方婚姻关系，判令婚生子女均由其抚养，马蓉依法支付抚养费至孩子年满18周岁，依法分割夫妻共同财产。
41 30 20 2 2 0.76
在王宝强诉马蓉一案的庭前会议中，王宝强围绕马蓉婚内出轨、转移夫妻共同财产及要求分割的共同财产进行了举证；马蓉一方围绕子女身份情况提交了相应证据。
41 29 20 1 2 0.182
此次庭前会议马蓉本人虽未到庭，但其已在该次庭前会议前到庭陈述了自己的意见。
44 14 7 1 3 0.747
在第一起案件的庭前会议中，王宝强一方围绕马蓉婚内出轨、转移夫妻共同财产及要求分割的共同财产进行了举证；马蓉一方围绕子女身份情况提交了相应证据。
44 15 7 2 3 0.602
法院则要求双方就夫妻感情是否破裂、如解除婚姻关系子女的抚养问题、被告是否存在过错及是否对原告造成精神损害进一步举证。
44 16 7 3 3 0.452
在第二起案件的庭前会议中，马蓉一方提交了王宝强发布微博给其造成名誉损害的证据，而王宝强一方则不认可侵害了其名誉权，其虽未当庭提交证据，但表示将在举证期限内提交。
45 9 3 2 2 0.72
王宝强认为，双方感情已经破裂，故起诉离婚，要求解除双方婚姻关系，判令婚生子女均由其抚养，马蓉依法支付抚养费至孩子年满18周岁，依法分割夫妻共同财产。
45 8 3 1 2 0.521
此前的起诉中，王宝强称，他与马蓉于2010年2月10日在河北邢台登记结婚，婚后育有一子一女，但马蓉在婚姻关系存续期间，不仅与其经纪人宋喆发生婚外不正当两性关系，更有隐藏、转移夫妻共同财产、破坏家庭伤害家人的恶劣行为，致使双方感情彻底破裂。
45 43 15 1 6 0.767
张承凤：虽然刚刚最高法以指导案例方式再次强调，一方在离婚诉讼期间或离婚诉讼前隐瞒、转移、变卖、毁损夫妻共同财产，或伪造债务企图侵占另一方财产的，离婚分割夫妻共同财产时，可少分或不分财产。
45 44 15 2 6 0.411
但这种照顾无过错方和法定多分财产也是两回事情。
46 3 1 3 6 0.755
双方主要围绕被告婚内出轨、转移夫妻共同财产、要求分割共同财产、孩子抚养权等焦点问题陈述了意见，并进行举证。
46 2 1 2 6 0.39
根据朝阳法院公告，在此次离婚案的庭前会议上，王宝强本人到场，马蓉已于庭前陈述意见，未出席。
46 4 1 4 6 0.174
对此，新浪娱乐第一时间联系曾经手李阳离婚案的戚连峰律师，请他继续向大家科普各种新增法律知识。
46 7 2 1 1 0.718
据朝阳法院官方公告，18日14时，王宝强诉马蓉离婚案召开庭前会议，会议中，双方围绕被告婚内出轨、转移夫妻共同财产以及要求分割共同财产等进行了举证；被告围绕子女身份问题提交了相应证据；双方就夫妻感情是否破裂、如解除婚姻关系子女的敷衍问题、被告是否存在过错以及是否对原告造成精神损害进一步举证。
46 10 3 3 5 0.71
而从法院公告来看，在这起离婚诉讼中，原告(王宝强)和被告(马蓉)的法律争议焦点主要有以下几个方面：双方感情是否破裂、被告是否有出轨行为、被告是否有转移夫妻共同财产的行为、财产如何分割、子女抚养权归属、子女抚养费、原告要求的精神损害赔偿。
46 9 3 2 5 0.169
根据我国现行《婚姻法》，案件其实远比舆论中呈现的面貌更加复杂。
46 11 3 4 5 0.404
庭前会议比较重要的工作就是梳理当事人双方的争议焦点，过程中原告和被告根据自己的主张提出证据、答辩意见。
46 22 9 1 2 0.74
戚律师谈到，其实财产转移和财产分割是可以放在一起看的，既然王宝强主张马蓉有转移夫妻共同财产的行为，就要拿出相应证据。
46 23 9 2 2 0.348
“法律来讲确实可以少分甚至是不分，如果确实有这样的情况，则要看转移财产的恶性程度。”戚律师表示，在这个问题上，外界可能存在理解上的误差。
47 6 3 1 3 0.747
王宝强起诉状中，要求解除双方婚姻关系，判令婚生子女均由其抚养，马蓉依法支付抚养费至孩子年满18周岁，依法分割夫妻共同财产。
47 7 3 2 3 0.31
王宝强要求分割的财产包括9套房屋，其中包括美国洛杉矶的一处房产，多家公司股权、出资，一辆宝马x5轿车、一辆宾利轿车，名牌珠宝、表、包、服饰等，此外还有存款、股票、理财产品、保险、原创设计品牌等。
47 16 7 1 3 0.677
其次，在法庭认定夫妻感情破裂的前提下，将面临财产分割问题。
47 17 7 2 3 0.518
双方有约定的，约定优先；反之，按法律规定分割。
47 29 10 2 3 0.753
其中66号“雷某某诉宋某某离婚纠纷案”，旨在明确一方在离婚诉讼期间或离婚诉讼前，隐藏、转移、变卖、毁损夫妻共同财产，或伪造债务企图侵占另一方财产的，离婚分割夫妻共同财产时，依照《婚姻法》第四十七条的规定可少分或不分财产。
47 28 10 1 3 0.375
近日，最高人民法院发布指导性案例，供各级法院审判类似案件时参照。
47 30 10 3 3 0.555
该指导性案例从婚姻法的立法目的和立法原意出发，对婚姻法第四十七条规定的“离婚时”做出了合理解释，有利于惩戒侵害夫妻共同财产的非法行为，保护家庭成员的合法财产权益。
48 6 3 1 2 0.717
晚间，朝阳法院官方微博发布了庭前会议的情况，王宝强方围绕马蓉婚内出轨、转移夫妻共同财产及要求分割的共同财产进行了举证;马蓉方围绕子女身份情况提交了相应证据。
48 7 3 2 2 0.099
王宝强则通过微博致谢，并表示：“我会一直很坚强”。
48 41 23 2 2 0.66
不过朝阳法院民一庭副庭长孙铭溪向重案组37号(微信ID:zhonganzu37)表示，最高法发布的案例并没有对转移婚前财产的当事人不分财产，而是对其转移的财产少分，而婚姻法四十七条所述的“不分(财产)”情况，也仅针对转移、隐匿、损毁部分的财产。
48 40 23 1 2 0.532
“宝马”案及最高法关于婚姻一方在离婚期间转移财产的指导案例，让网友联想到“净身出户”这个词。
48 43 24 2 3 0.637
法院在分割共同财产考虑很多因素，法律规定本身的分配原则是照顾女方和抚养子女的一方，根据生活和收入状况进行分割，可以看到，指导案例中的裁判结果不是“净身出户”，只是对发现的转移部分的19.5万财产进行了再分配，转移的一方被少分。
48 42 24 1 3 0.239
孙铭溪介绍，“净身出户”并不是司法用语，是老百姓通俗的说法。
48 44 24 3 3 0.509
因此，无论是整体分割以及就转移这一项财产分割，都不是公众理解上的一分都不得的“净身出户”。
48 49 28 1 1 0.628
在夫妻关系存续期间，夫妻双方对于夫妻共同财产均有平等的支配权，因此对于一方处分财产行为的性质难以认定，究竟是否属于隐藏、转移、变卖夫妻共同财产的行为，在实践中往往双方各执一词，合议庭在审理时往往难以形成多数意见。
48 52 31 1 2 0.68
离婚对夫妻共同财产分割的基础在于婚姻关系中的夫妻共同财产制度，该制度旨在将夫妻双方的婚后所得纳入到夫妻共同体内，将夫妻双方婚前的差异最小化，维持和谐美满的夫妻关系。
48 53 31 2 2 0.654
故夫妻双方对于夫妻共同财产均有不可剥夺的权利，而财产的所有权是不受财产所有者品格的影响的，因而法律难以强加剥夺。
50 1 1 1 2 0.723
北京朝阳法院公布“王宝强诉马蓉离婚案”庭前会议结果，结果中提到庭审中王宝强方围绕马蓉婚内出轨、转移夫妻共同财产及要求分割的共同财产等进行举证，马蓉方围绕子女身份情况提交了相应证据。
49 3 1 3 3 0.406
另外，“出轨”和“转移财产”或许都不能让马蓉“净身出户”。
50 2 1 2 2 0.433
法院就马蓉方要求不公开审理的请求予以准许。
51 7 2 2 6 0.76
在王宝强诉马蓉一案的庭前会议中，王宝强围绕马蓉婚内出轨、转移夫妻共同财产及要求分割的共同财产进行了举证；马蓉一方围绕子女身份情况提交了相应证据。
51 6 2 1 6 0.182
此次庭前会议马蓉本人虽未到庭，但其已在该次庭前会议前到庭陈述了自己的意见。
51 8 2 3 6 0.593
根据当事人的诉辩意见及举证情况，法院要求原被告双方就夫妻感情是否破裂、如解除婚姻关系子女的抚养问题、被告是否存在过错及是否对原告造成精神损害进一步举证。
53 6 3 1 2 0.73
庭前会议中，原告方围绕被告婚内出轨、转移夫妻共同财产及要求分割的共同财产等进行了举证：被告方围绕子女身份情况提交了相应证据。
53 7 3 2 2 0.593
根据当事人的诉辩意见及举证状况，法院要求原、被告双方就夫妻感情是否破裂、如解除婚姻关系子女的抚养问题、被告是否存在过错及是否对原告造成精神损害进一步举证。
55 2 1 2 3 0.626
据媒体获悉，王宝强和马蓉离婚案除财产分割和争夺孩子抚养权之外，王宝强一方还要求马蓉支付的精神抚慰金仅为10万元，而王宝强将向法院提交包括聊天记录等马蓉与宋喆“出轨”的相关证据。
55 1 1 1 3 0.342
新浪娱乐讯18日下午，王宝强[微博]和马蓉的离婚诉讼案与马蓉诉王宝强名誉侵权案在北京朝阳法院首次开庭审理，当天王宝强亲自出庭，马蓉未出庭。
55 3 1 3 3 0.244
但庭审结束后，新浪娱乐联系王宝强律师张起淮，对方没有就案件进展作出任何回应。
56 9 4 2 3 0.615
此前据媒体获悉，王宝强和马蓉离婚案除财产分割和争夺孩子抚养权之外，王宝强一方还要求马蓉支付的精神抚慰金仅为10万元，而王宝强将向法院提交包括聊天记录等马蓉与宋喆“出轨”的相关证据。
56 8 4 1 3 0.268
又是几小时漫长的等待，原因是除了离婚诉讼案，马蓉诉王宝强的名誉侵权案也同时在下午16时许开庭提交资料。
56 10 4 3 3 0.241
目前正等待法院公示庭审信息。
63 6 3 2 2 0.749
在诉状中王宝强要求解除双方婚姻关系，判令婚生子女均由其抚养，马蓉依法支付抚养费至孩子年满18周岁，依法分割夫妻共同财产。
63 5 3 1 2 0.408
8月15日上午，王宝强来到北京朝阳法院，起诉其妻马蓉要求离婚。
63 16 9 3 3 0.623
就算王宝强能够拿出马蓉法律定义上的出轨证据，也只能申请精神损害赔偿，而不是直接影响财产分割，要求马蓉少分或不分财产。
63 15 9 2 3 0.326
也就是说，“婚外情”等证据只能成为酌定的情节，而不是法定的证据。
63 19 12 1 1 0.672
张向龙律师说：“夫妻婚后财产的分割，一般是平均分配，或者倾向于女方或有孩子抚养权的一方。只有两种情况能直接影响财产的分割，一是双方有婚后财产AA制的约定，二是一方有恶意转移、隐匿、毁损夫妻共同财产的行为。”
63 21 14 1 1 0.642
但是值得注意的是，转移财产一方少分或不分财产，只针对转移、隐匿的那部分财产，而不是全部的共有财产。
63 36 21 2 2 0.65
加上离婚案的证据会比名誉侵权案的证据要多一些，离婚案还涉及财产分割以及孩子抚养等诸多问题，由于离婚官司的特殊性，王宝强本人将亲自出庭。
63 35 21 1 2 0.411
王宝强的代理律师张起淮之前对媒体透露，由于离婚案和名誉侵权案同时开打，这两个官司都涉及王宝强。
64 14 7 1 1 0.751
10月9日，最高法发布第14批指导性案例，其中第66号指导性案例涉及到离婚时一方当事人隐藏、转移、变卖、毁损夫妻共同财产，或伪造债务企图侵占另一方财产的，离婚分割夫妻共同财产时可以少分或者不分。
64 21 11 2 2 0.64
因为在离婚案件中，隐藏、转移、变卖、毁损夫妻共同财产，或伪造债务企图侵占另一方财产的行为，是发生在“离婚时”——才能成为少分或不分财产的理由。
64 20 11 1 2 0.48
对“离婚时”的解释是王宝强马蓉离婚案是否适用指导性案例的关键。
66 11 4 1 4 0.64
·上述王宝强案例中有涉及女方疑似进行财产转移的问题。
66 12 4 2 4 0.258
姚雪律师称，今年10月9日，最高法发布第14批指导性案例，其中66号指导性案例涉及到《婚姻法》第四十七条的情形。
66 15 5 1 2 0.701
·婚姻法四十七条明确规定：离婚时，一方隐藏、转移、变卖、毁损夫妻共同财产，或伪造债务企图侵占另一方财产的，分割夫妻共同财产时，对隐藏、转移、变卖、毁损夫妻共同财产或伪造债务的一方，可以少分或不分。
66 16 5 2 2 0.55
“我们要注意这里面的‘离婚时’，如果王宝强能够向法院提供相关证据，证明马蓉确实在离婚时存在婚姻法第四十七条的情形，则法院才可能依据具体情况，判决马蓉少分或者不分共同财产。”
66 17 6 1 2 0.71
我国《婚姻法》第四十七条：[隐藏、转移共同财产等]离婚时，一方隐藏、转移、变卖、毁损夫妻共同财产，或伪造债务企图侵占另一方财产的，分割夫妻共同财产时，对隐藏、转移、变卖、毁损夫妻共同财产或伪造债务的一方，可以少分或不分。
66 18 6 2 2 0.665
离婚后，另一方发现有上述行为的，可以向人民法院提起诉讼，请求再次分割夫妻共同财产。
68 6 2 3 4 0.749
在诉状中王宝强要求解除双方婚姻关系，判令婚生子女均由其抚养，马蓉依法支付抚养费至孩子年满18周岁，依法分割夫妻共同财产。
68 5 2 2 4 0.438
8月15日上午，王宝强到北京朝阳法院，起诉其妻马蓉要求离婚。
68 7 2 4 4 0.409
马蓉16日也委托律师到法院起诉王宝强侵犯名誉，要求删博并道歉30天。
69 7 4 2 2 0.749
在诉状中王宝强要求解除双方婚姻关系，判令婚生子女均由其抚养，马蓉依法支付抚养费至孩子年满18周岁，依法分割夫妻共同财产。
69 6 4 1 2 0.408
8月15日上午，王宝强来到北京朝阳法院，起诉其妻马蓉要求离婚。
71 2 1 2 2 0.686
王宝强不仅提出要求孩子抚养权以及分割财产，并且又新增了要求马蓉支付精神抚慰金的诉讼请求。
71 1 1 1 2 0.471
明天(10月18日)下午，被吃瓜群众称为“宝马”案，即王宝强起诉马蓉离婚以及马蓉起诉王宝强名誉侵权两个案件，将相继在朝阳法院开庭审理。
71 10 6 2 2 0.749
在诉状中王宝强要求解除双方婚姻关系，判令婚生子女均由其抚养，马蓉依法支付抚养费至孩子年满18周岁，依法分割夫妻共同财产。
71 9 6 1 2 0.408
8月15日上午，王宝强来到北京朝阳法院，起诉其妻马蓉要求离婚。
71 25 15 2 2 0.736
为维护合法权益，故起诉离婚，要求解除双方婚姻关系，判令婚生子女均由其抚养，马蓉依法支付抚养费至孩子年满18周岁，依法分割夫妻共同财产。
71 24 15 1 2 0.544
王宝强认为，双方感情已经破裂，应准予离婚，且由其直接抚养婚生子女更有利于子女成长。
71 29 18 2 2 0.669
张起淮表示，依据法律规定，在庭审中王宝强一方会提交相关证据并要求法院查实认定婚姻破裂的原因、责任人以及马蓉存在出轨等不当行为，进而要求法院依据婚姻法第四十七条规定，对离婚时，隐藏、转移夫妻共同财产的一方少分或者不分财产。
71 28 18 1 2 0.58
或将提出马蓉少分或者不分财产。
72 6 2 3 4 0.749
在诉状中王宝强要求解除双方婚姻关系，判令婚生子女均由其抚养，马蓉依法支付抚养费至孩子年满18周岁，依法分割夫妻共同财产。
72 5 2 2 4 0.408
8月15日上午，王宝强来到北京朝阳法院，起诉其妻马蓉要求离婚。
72 7 2 4 4 0.409
马蓉16日也委托律师到法院起诉王宝强侵犯名誉，要求删博并道歉30天。
75 17 10 2 2 0.65
加上离婚案的证据会比名誉侵权案的证据要多一些，离婚案还涉及财产分割以及孩子抚养等诸多问题，由于离婚官司的特殊性，王宝强本人将亲自出庭。
75 16 10 1 2 0.389
即将开庭，王宝强是一种什么样的态度？张起淮向华西都市报记者介绍，由于离婚案和名誉侵权案同时开打，这两个官司都涉及到王宝强。
77 6 3 2 2 0.622
15日，他在朝阳法院起诉离婚，争夺子女抚养权并要求分割夫妻共同财产；16日，马蓉委托律师以侵犯名誉权为由将王宝强告上法庭，要求其删除14日的离婚声明。
77 5 3 1 2 0.22
8月14日，王宝强凌晨于微博发布离婚声明，直指妻子马蓉与自己经纪人宋喆婚内出轨，一下在网络炸开了锅。
77 34 16 1 4 0.652
上述王宝强案例中有涉及女方疑似进行财产转移的问题。
77 35 16 2 4 0.258
姚雪律师称，今年10月9日，最高法发布第14批指导性案例，其中66号指导性案例涉及到《婚姻法》第四十七条的情形。
77 38 17 1 2 0.703
婚姻法四十七条明确规定：离婚时，一方隐藏、转移、变卖、毁损夫妻共同财产，或伪造债务企图侵占另一方财产的，分割夫妻共同财产时，对隐藏、转移、变卖、毁损夫妻共同财产或伪造债务的一方，可以少分或不分。
77 39 17 2 2 0.543
“我们要注意这里面的’离婚时’，如果王宝强能够向法院提供相关证据，证明马蓉确实在离婚时存在婚姻法第四十七条的情形，则法院才可能依据具体情况，判决马蓉少分或者不分共同财产。”
77 40 18 1 2 0.71
我国《婚姻法》第四十七条：[隐藏、转移共同财产等]离婚时，一方隐藏、转移、变卖、毁损夫妻共同财产，或伪造债务企图侵占另一方财产的，分割夫妻共同财产时，对隐藏、转移、变卖、毁损夫妻共同财产或伪造债务的一方，可以少分或不分。
77 41 18 2 2 0.665
离婚后，另一方发现有上述行为的，可以向人民法院提起诉讼，请求再次分割夫妻共同财产。
77 43 20 1 2 0.667
关于此，姚雪律师指出，夫妻双方一旦解除婚姻关系，共同财产就需要进行分割。
77 44 20 2 2 0.64
共同财产的分割遵从协议优先原则、男女平等原则、照顾子女和女方权益原则、保护无过错方损害赔偿请求权原则、对恶意侵害他方财产分配权人少分或不分原则等等。
77 91 44 1 3 0.63
第十九条[夫妻财产约定]夫妻可以约定婚姻关系存续期间所得的财产以及婚前财产归各自所有、共同所有或部分各自所有、部分共同所有。
77 92 44 2 3 0.222
约定应当采用书面形式。
77 94 45 1 1 0.658
夫妻对婚姻关系存续期间所得的财产以及婚前财产的约定，对双方具有约束力。
78 2 2 1 1 0.751
10月9日，最高法发布第14批指导性案例，其中第66号指导性案例涉及到离婚时一方当事人隐藏、转移、变卖、毁损夫妻共同财产，或伪造债务企图侵占另一方财产的，离婚分割夫妻共同财产时可以少分或者不分。
78 6 4 2 6 0.705
我国婚姻法第47条明确规定：离婚时，一方隐藏、转移、变卖、毁损夫妻共同财产，或伪造债务企图侵占另一方财产的，分割夫妻共同财产时，对隐藏、转移、变卖、毁损夫妻共同财产或伪造债务的一方，可以少分或不分。
78 5 4 1 6 0.411
其实，离婚时“净身出户”或者少分财产并不是这个指导性案例的核心或首创。
78 7 4 3 6 0.213
所谓的不分就是我们俗称的净身出户。
78 12 5 2 5 0.647
在离婚案件中，对隐藏、转移、变卖、毁损夫妻共同财产，或伪造债务企图侵占另一方财产的界定有一个关键的时间前提：离婚时。
78 11 5 1 5 0.149
对“离婚时”的解释是这个指导性案例的关键指向。
78 13 5 3 5 0.365
那么上述行为只有发生在离婚时才能成为少分或不分财产的理由，但是“离婚时”这个概念并不清晰。
79 18 11 1 3 0.683
法院认为，雷某某名下中国工商银行尾号为4179账户内的存款为夫妻关系存续期间的收入，应作为夫妻共同财产予以分割。
79 19 11 2 3 0.307
雷某某于2013年4月30日将账户内的19.5万元转出，对钱款的去向不能作出合理的解释和说明。
79 20 11 3 3 0.708
结合案件事实及相关证据，法院认为，雷某某存在转移、夫妻共同财产的情节。
79 22 13 1 1 0.764
这个官司作为指导性案例旨在明确一方在离婚诉讼期间或离婚诉讼前，、转移、变卖、毁损夫妻共同财产，或伪造债务企图侵占另一方财产的，离婚分割夫妻共同财产时，依照《中华人民共和国婚姻法》第四十七条的规定可少分或不分财产。
80 2 1 2 2 0.75
其中指导案例66号“雷某某诉宋某某离婚纠纷案”，旨在明确一方在离婚诉讼期间或离婚诉讼前，隐藏、转移、变卖、毁损夫妻共同财产，或伪造债务企图侵占另一方财产的，离婚分割夫妻共同财产时，依照《中华人民共和国婚姻法》第四十七条的规定可少分或不分财产。
80 1 1 1 2 0.255
新浪娱乐讯近日，最高人民法院发布第14批5件指导性案例，供各级人民法院审判类似案件时参照。
80 3 2 1 1 0.621
大致意思就是：离婚转移财产可判净身出户。
80 5 3 2 3 0.61
因为马蓉不仅与王宝强经纪人宋喆有不正当两性关系，还被爆出有转移隐藏、转移夫妻共同财产的行为。
80 4 3 1 3 0.274
自从8月份王宝强[微博]贴出离婚声明以来，关于两人的离婚判决结果一直被网友们关心。
80 6 3 3 3 0.261
而王宝强更是被曝光借钱交诉讼费。
89 5 2 2 5 0.606
但双方最终因财产分割上分歧较大，以及宋喆家人否认宋喆出轨王宝强妻子马蓉，最终没有达成一致意见。
89 4 2 1 5 0.359
有媒体报道，杨慧其实在开庭前曾希望息事宁人，并委托代理律师谭耀光与宋喆家人私下沟通，商议是否可以协议离婚。
89 6 2 3 5 0.337
8月29日下午，宋喆和杨慧的离婚诉讼在北京朝阳法院开庭审理，但当天除了杨慧，并未见到宋喆身影。
90 10 4 1 5 0.624
据了解，在离婚诉讼案中，由于涉及财产划分、子女抚养权等，夫妻双方一般均要出席。
90 11 4 2 5 0.521
谭耀光告诉南都记者，杨慧与宋喆没有子女，本案不涉及子女抚养权问题。
90 12 4 3 5 0.647
杨慧的诉求，除离婚外，只有夫妻共有财产的划分。
90 13 4 4 5 0.42
在此之前，杨慧已经向朝阳区法院申请，对200多万财产进行保全。
90 14 4 5 5 0.709
谭耀光表示，保全的财产是否属于夫妻共有财产，仍然需要法院的判定。
92 3 1 3 3 0.608
但双方最终因财产分割上分歧较大，以及宋喆家人否认宋喆出轨王宝强妻子马蓉，没有达成一致意见。
92 2 1 2 3 0.359
封面新闻记者今天中午在北京独家了解到重要信息：杨慧起诉宋喆离婚案开庭前24小时，杨慧曾委托代理律师北京市恒嘉律师事务所谭耀光律师与宋喆家人秘密沟通，杨慧为了息诉止争，商议是否可以协议离婚。
