4
80 5 3 1 1
韩国官员表示，正在继续同中方进行续签货币互换协议的谈判，尽管专家们仍质疑挽救该协议的可能性。
80 6 4 1 1
“我们在商谈，到期并不是那么重要，谈判仍在进行中。”韩国央行行长李柱烈10月10日在该协议到期数小时前表示。
80 7 5 1 1
报道称，韩国官员已表示希望续签这一货币互换协议，该协议被视为一个金融安全网，有助于韩元在受到外部冲击的情况下企稳。
80 8 6 1 1
“续签这个货币互换协议对韩国经济有利，”韩国财政部长金东兖表示。
2
34 12 7 1 2
报道称，然而，受到这一争端影响的一些韩国企业的股票最近反而上涨了，从而表明投资者开始押注两国之间的关系回暖。
34 13 7 2 2
上个月，首尔和北京续签了货币互换协议，两国国防部长举行了双边会谈。
5
83 1 1 1 3
【环球时报特约记者张静环球时报记者李晓骁】中韩货币互换协议今天（10月10日）到期。
83 2 1 2 3
据韩联社9日报道，韩国央行和企划财政部当天对外表示，“暂时不宜公开”中韩货币互换协议续签谈判相关情况。
83 3 1 3 3
韩国官方营造的“神秘感”让舆论对中韩“10日闪电达成协议”抱有一丝希望，但更多的声音认为，在“萨德”问题影响中韩关系的当下，中韩换币协议的谈判并不顺利，“韩国的经济外交已站到了刀刃之上”。
83 4 2 1 4
据韩国《每日经济》9日报道，韩中两国于2009年4月签署货币互换协议后，曾两次续签协议，规模达3600亿元人民币。
83 5 2 2 4
换币协议，是在像金融危机等急需外汇的时刻，协定双方中央银行之间互相借贷货币的协定，相当于紧急情况下用来灭火的一种保护装置。
4
80 12 8 1 2
但是中国对“萨德”的愤慨使得进一步续签的谈判复杂化。
80 13 8 2 2
北京方面认为，这种导弹防御系统的雷达可能被用来侦察中国领土。
80 14 9 1 1
“续签这个协议不会容易，因为部署‘萨德’使中国继续对韩国持负面看法。”券商尤金投资证券经济学家李相宰表示。
80 15 10 1 2
报道称，自2008年以来，中国与30多家央行签署了双边货币互换协议，以求促进国际上更多地使用人民币进行贸易和投资。
4
79 4 4 1 1
报道称，一些投资者此前曾预测，因韩国部署“萨德”反导系统导致的政治矛盾可能让两国放弃续签这项协议。
79 5 5 1 1
分析人士说，中国同意延长中韩货币互换协议，表明两国经济关系回暖。
79 6 6 1 1
韩国有进投资证券公司经济学家李相宰说，延长货币互换协议的决定说明北京不会与首尔决裂，虽然中国会继续批评“萨德”系统。
79 7 7 1 1
另据韩联社10月13日报道，据韩国银行13日消息，韩中决定续签货币互换协议，合同条件不变，期限为三年，规模为560亿美元。
4
79 10 9 1 1
报道称，韩中两国于2009年4月签署货币互换协议后，曾两次续签，协议于本月10日到期，此前双方并未公开谈判进程和是否续签等细节，引发众多猜测。
79 11 10 1 1
分析认为，在韩中两国围绕“萨德”入韩矛盾升级的背景下，双方续签货币互换协议具有加强双边经济合作的象征性意义。
79 12 11 1 2
韩联社10月13日还报道称，韩中两国就续签560亿美元货币互换协议达成协议后，韩国政府表示希望在其他领域也能尽早搞活韩中交流合作关系。
79 13 11 2 2
韩国外交部发言人13日在例行记者会上被问及韩元人民币互换协议延长三年如何影响“萨德”、朝核等问题时作出上述回答。
3
80 9 7 1 3
报道称，两国最初在2009年签署了价值260亿美元的货币互换协议，以抵御全球金融危机。
80 10 7 2 3
该协议在2011年扩大至560亿美元，而且自那以来已续签两次。
80 11 7 3 3
此前它是韩国最大的货币互换协议，占其全部互换安排约45%。
6
71 3 2 1 1
▲当地时间10月12日，在美国华盛顿，韩国央行行长李柱烈（右）和副总理金东兖宣布韩中决定续签货币互换协议。
71 4 3 1 3
报道称，中国河北省一旅行社日前在网上刊登招募韩国随团游客的广告。
71 5 3 2 3
这是中国时隔7个月推出的韩国团体游产品。
71 6 3 3 3
另有消息称，中国在线票务服务公司携程为推出韩国游产品，近日向乐天酒店提议举行工作会议。
71 7 4 1 3
报道称，27日，韩国驻华使馆举行“韩国开天节及国军日纪念活动”，中国外交部部长助理陈晓东代表中国政府出席。
71 8 4 2 3
值得一提的是，去年中方并未派有关人士参加，而今年却派外交部部长助理出席。
4
82 1 1 1 3
[环球网综合报道]中韩货币互换协议于10日午夜到期，在两国关系紧张时期，该协议能否续签引发关注。
82 2 1 2 3
据韩联社报道，韩国银行（央行）11日表示，韩中货币互换协议期满后续签谈判未果。
82 3 1 3 3
韩国多名政府官员暗示，虽然协议到期，但双方可能会继续协商相关事宜。
82 4 2 1 3
韩中两国10日开会讨论续签事宜，但未发表是否续签。
2
83 16 4 4 5
由于担心韩中货币互换协议到期不能延长，韩国金融市场的紧张情绪正在加剧。
83 17 4 5 5
多数意见认为，这都是韩国部署“萨德”引发的后续效果。
3
80 1 1 1 2
参考消息网10月12日报道英媒称，中国和韩国未能续签560亿美元的货币互换协议。
80 2 1 2 2
目前两国之间围绕首尔方面安装有争议的美国反导系统一事出现外交紧张。
80 3 2 1 2
据英国《金融时报》网站10月12日报道，这个持续已8年的协议能否续签，此前就被视为两个邻国之间关系的标尺。
2
83 27 7 1 4
商务部国际贸易经济合作研究院国际市场研究所副所长白明9日告诉《环球时报》记者，货币互换协议，是签约国让各自的货币在国际金融市场上保持稳定状态提供的一种互助，当一方的货币出现不稳定时，另一方起到支持作用。
83 28 7 2 4
另外，签署货币互换协议，也是对对方金融和货币稳定的一种信任，协议的象征意义更大。
2
82 7 3 1 2
他还说，续签货币互换协议涉及人民币成为关键货币、人民币国际化等问题，中方对此非常关注。
82 8 3 2 2
韩国央行行长李柱烈表示，协议期满前双方能谈妥固然好，但谈判中往往会发生不尽人意的情况。
3
83 18 5 1 8
文章称，如果中韩货币互换协议落空，不排除对韩国经济产生负面影响的可能性。
83 19 5 2 8
中韩换币规模比重很大，占到韩国与外国签订的换币协定总额的45.8%。
83 20 5 3 8
韩美、韩日之间的换币协定已先后于2010年和2015年到期，中韩换币是唯一的基轴货币互换，因此意义更大。
3
83 29 7 3 4
这一协议谁更需要用，对谁的好处就更大。
83 30 7 4 4
目前，中国已经和30多个国家和地区签署了货币互换协议，但真正启用的并不多，从中韩两国目前的经济形势看，也都没有启用协议的需要。
83 31 8 1 3
白明表示，一旦中韩货币互换协议不再延续，并不会立即造成现实损失，但后续很难说。
2
79 8 8 1 2
报道称，韩国央行行长李柱烈和韩国负责经济事务的副总理金东兖当地时间12日在美国华盛顿会见记者时表示，韩中已于协议期满的10日就续签货币互换协议达成一致，之后经技术方面的研究后于当天公布于众。
79 9 8 2 2
李柱烈和金东兖为出席国际货币基金组织和世界银行年会等系列国际会议正在美国访问。
3
79 1 1 1 1
参考消息网10月14日报道外媒称，韩国13日说，该国已与中国就延长两国央行间的货币互换协议达成一致。
79 2 2 1 1
据路透社10月13日报道，韩国财政部和韩国银行（央行）说，本应于10日到期的560亿美元的货币互换协议将再延长三年。
79 3 3 1 1
韩国银行一位官员13日对路透社说，该协议是10日在原协议到期前达成的，延长期从11日开始计算。
3
83 10 3 3 5
报道称，据观察，在货币互换协议10日到期后，韩中双方可能会继续进行谈判讨论续签问题。
83 11 3 4 5
另有分析认为，从央行和企划财政部方面谨慎少言、保持“低调”的态度来看，韩中仍有续签协议的可能性。
83 12 3 5 5
韩政府有关人士表示，协议到期日并非谈判的最后期限。
3
82 10 4 2 2
韩国多名政府官员的发言被解读为，协议到期之后，双方仍有可能继续就延长协议进行协商。
82 11 5 1 2
韩中两国于2009年4月签署货币互换协议后，曾两次续签，规模达560亿美元。
82 12 5 2 2
货币互换协议终止后韩国和中国的进出口企业可能享受不到在跨境贸易结算方面的优惠。
3
80 16 10 2 2
这类安排旨在确保双方在承受金融压力、市场融资可能枯竭的时期可以获得外汇贸易融资。
80 17 11 1 1
武汉科技大学金融证券研究所所长董登新表示，该协议更有可能被暂时搁置，因为两国间的投资和贸易下滑，使得维持货币互换协议没有意义。
80 18 12 1 1
报道称，中国央行10月11日没有立即回应记者的置评请求。
2
85 5 4 1 2
国民之党党首安哲秀敦促积极落实韩中货币互换协议续签一事，称能否续签将成为恢复韩中关系的试金石。
85 6 4 2 2
文在寅就此表示，虽然很难在双方正式公布前下定论，但对货币互换协议的续签是两国关系得到改善的信号表示认同。
3
83 13 4 1 5
让韩国感到忧虑的是，在中国之前，美国、日本同韩国的货币互换协议都已中止。
83 14 4 2 5
“韩国的经济外交已站到了刀刃之上”，韩国《东亚日报》9日称，美中两国依靠自己的实力，正在向小规模经济体韩国直接、间接地施加压力。
83 15 4 3 5
在美国针对韩国产品提高贸易壁垒的情况下，中国也成为韩国经济的巨大变数。
4
81 5 3 1 1
韩国官员表示，正在继续同中方进行续签货币互换协议的谈判，尽管专家们仍质疑挽救该协议的可能性。
81 6 4 1 1
“我们在商谈，到期并不是那么重要，谈判仍在进行中。”韩国央行行长李柱烈10月10日在该协议到期数小时前表示。
81 7 5 1 1
报道称，韩国官员已表示希望续签这一货币互换协议，该协议被视为一个金融安全网，有助于韩元在受到外部冲击的情况下企稳。
81 8 6 1 1
“续签这个货币互换协议对韩国经济有利，”韩国财政部长金东兖表示。
3
63 49 26 3 6
两国关系破冰的迹象在多方出现。
63 50 26 4 6
10月13日两国延长货币互换协议后，24日又在菲律宾成功举行中韩防长会谈。
63 51 26 5 6
同一天，中国某旅行社发出了募集赴韩团体游客的广告。
3
81 9 7 1 3
报道称，两国最初在2009年签署了价值260亿美元的货币互换协议，以抵御全球金融危机。
81 10 7 2 3
该协议在2011年扩大至560亿美元，而且自那以来已续签两次。
81 11 7 3 3
此前它是韩国最大的货币互换协议，占其全部互换安排约45%。
4
81 12 8 1 2
但是中国对“萨德”的愤慨使得进一步续签的谈判复杂化。
81 13 8 2 2
北京方面认为，这种导弹防御系统的雷达可能被用来侦察中国领土。
81 14 9 1 1
“续签这个协议不会容易，因为部署‘萨德’使中国继续对韩国持负面看法。”券商尤金投资证券经济学家李相宰表示。
81 15 10 1 2
报道称，自2008年以来，中国与30多家央行签署了双边货币互换协议，以求促进国际上更多地使用人民币进行贸易和投资。
3
81 1 1 1 2
参考消息网10月12日报道英媒称，中国和韩国未能续签560亿美元的货币互换协议。
81 2 1 2 2
目前两国之间围绕首尔方面安装有争议的美国反导系统一事出现外交紧张。
81 3 2 1 2
据英国《金融时报》网站10月12日报道，这个持续已8年的协议能否续签，此前就被视为两个邻国之间关系的标尺。
2
81 16 10 2 2
这类安排旨在确保双方在承受金融压力、市场融资可能枯竭的时期可以获得外汇贸易融资。
81 17 11 1 1
武汉科技大学金融证券研究所所长董登新表示，该协议更有可能被暂时搁置，因为两国间的投资和贸易下滑，使得维持货币互换协议没有意义。
