7
21 1 1 1 1
９月７日晚，陕西省榆林市公布了产妇坠楼事件初步调查结果。
21 2 2 1 1
8月31日，产妇马某某在榆林市第一医院绥德院区妇产科二病区坠楼身亡，引起社会各界广泛关注。
21 3 3 1 1
榆林市委、市政府和省卫计委主要领导高度重视，成立了“榆林市绥德8·31产妇坠楼事件调查处置领导小组”，在9月2日和5日两次调查的基础上，于9月7日又连夜展开进一步调查。
21 4 4 1 1
8月30日，产妇马某某入住榆林市第一医院绥德院区妇产科二病区，入院后经医院诊查，产妇各项体征正常，符合自然分娩指征，但B超显示胎儿头部偏大，存在难产风险，医生建议剖宫产终止妊娠，但家属选择自然分娩并签字确认。
21 5 5 1 1
31日10时许，该产妇进入待产室待产，产程、产图、产检结果显示产妇和胎儿各项指标均正常。
21 6 6 1 1
17时50分起，该产妇因疼痛出现烦躁不安，情绪波动较大，两个多小时内先后多次走出待产室与家属交流，后由医务人员劝回。
21 7 7 1 1
20时许，医护人员发现该产妇从备用手术间窗口坠下，医院立即组织抢救，经抢救后仍无生命体征，经告知家属，家属同意放弃抢救，于21时25分宣布临床死亡。
4
21 10 10 1 1
该产妇入院诊断明确、产前告知手续完善、诊疗措施合理、抢救过程符合诊疗规范要求。
21 11 11 1 1
此次产妇跳楼事件，暴露出了医院相关工作人员防范突发事件的意识不强，监护不到位等问题。
21 12 12 1 1
据了解，为妥善处理该事件，9月7日，榆林市政府召开了专题会议，成立了由榆林市政府分管领导任组长、绥德县政府、市卫计局、公安局负责人为副组长，相关部门单位负责人为成员的榆林市绥德“8·31”产妇坠楼事件调查处置领导小组。
21 13 13 1 1
领导小组下设调查组、舆情组、善后组3个工作小组，对坠亡事件依法、依纪、依规进行查处。
7
16 1 1 1 3
新闻回放：8月31日20时左右，陕西榆林市第一医院绥德院区住院部，一名产妇从5楼跳下，结束了自己年轻的生命。
16 2 1 2 3
事后，对“是否拒绝剖腹产”一事，院方和家属各执一词，真相陷入“罗生门”。
16 3 1 3 3
国家卫计委7日回应称，已责成当地卫生计生部门认真调查核实，依法依规严肃处理。
16 4 2 1 1
9月7日晚，榆林市卫计局就“产妇马某某在榆林市第一医院绥德院区妇产科二病区坠楼身亡”事件公布了调查结果。
16 5 3 1 2
这份《关于榆林市第一医院绥德院区产妇坠楼事件有关情况的说明》称，榆林市专家调查组经过认真调查讨论，一致认为该产妇入院诊断明确、产前告知手续完善、诊疗措施合理、抢救过程符合诊疗规范要求，该产妇死亡与医院诊疗行为无因果关系。
16 6 3 2 2
此次产妇坠楼事件，专家认为暴露出了医院相关工作人员防范突发事件的意识不强，监护不到位等问题。
16 7 4 1 1
榆林市委、市政府和陕西省卫计委成立了“榆林市绥德8·31产妇坠楼事件调查处置领导小组”，在9月2日和5日两次调查的基础上，于9月7日又连夜展开进一步调查。
3
24 1 1 1 1
9月7日晚上，陕西榆林市就“产妇马某某在榆林市第一医院绥德院区妇产科二病区坠楼身亡”事件公布了初步调查结果。
24 2 2 1 2
8月31日，产妇马某某在榆林市第一医院绥德院区妇产科二病区坠楼身亡，引起社会各界广泛关注。
24 3 2 2 2
榆林市委、市政府和省卫计委主要领导高度重视，成立了“榆林市绥德8.31产妇坠楼事件调查处置领导小组”，在9月2日和5日两次调查的基础上，于9月7日又连夜展开进一步调查。
6
13 1 1 1 1
9月7日晚，陕西省榆林市公布了产妇坠楼事件初步调查结果。
13 2 2 1 2
8月31日，产妇马某某在榆林市第一医院绥德院区妇产科二病区坠楼身亡，引起社会各界广泛关注。
13 3 2 2 2
榆林市委、市政府和陕西省卫计委高度重视，成立了“榆林市绥德‘8·31’产妇坠楼事件调查处置领导小组”，在9月2日和5日两次调查的基础上，于9月7日又连夜展开进一步调查。
13 4 3 1 3
经初步调查，8月30日，产妇马某某入住榆林市第一医院绥德院区妇产科二病区，入院后经医院诊查，产妇各项体征正常，符合自然分娩指征，但B超显示胎儿头部偏大，存在难产风险，医生建议剖宫产终止妊娠，但家属选择自然分娩并签字确认。
13 5 3 2 3
31日10时许，产妇进入待产室待产，产程、产图、产检结果显示产妇和胎儿各项指标均正常。
13 6 3 3 3
17时50分起，产妇因疼痛出现烦躁不安，情绪波动较大，两个多小时内先后多次走出待产室与家属交流，后由医务人员劝回。
6
18 1 1 1 2
8月31日，产妇马某某在榆林市第一医院绥德院区妇产科二病区坠楼身亡，引起社会各界广泛关注。
18 2 1 2 2
榆林市委、市政府和省卫计委主要领导高度重视，成立了“榆林市绥德8.31产妇坠楼事件调查处置领导小组”，在9月2日和5日两次调查的基础上，于9月7日又连夜展开进一步调查。
18 3 2 1 3
经初步调查，8月30日，产妇马某某入住榆林市第一医院绥德院区妇产科二病区，入院后经医院诊查，产妇各项体征正常，符合自然分娩指征，但B超显示胎儿头部偏大，存在难产风险，医生建议剖宫产终止妊娠，但家属选择自然分娩并签字确认。
18 4 2 2 3
31日10时许，该产妇进入待产室待产，产程、产图、产检结果显示产妇和胎儿各项指标均正常。
18 5 2 3 3
17时50分起，该产妇因疼痛出现烦躁不安，情绪波动较大，两个多小时内先后多次走出待产室与家属交流，后由医务人员劝回。
18 6 3 1 2
20时许，医护人员发现该产妇从备用手术间窗口坠下，医院立即组织抢救，经抢救后仍无生命体征，经告知家属，家属同意放弃抢救，于21时25分宣布临床死亡。
2
26 4 4 1 2
8月31日，产妇马某某在榆林市第一医院绥德院区妇产科二病区坠楼身亡，引起社会各界广泛关注。
26 5 4 2 2
榆林市委、市政府和省卫计委主要领导高度重视，成立了“榆林市绥德8.31产妇坠楼事件调查处置领导小组”，在9月2日和5日两次调查的基础上，于9月7日又连夜展开进一步调查。
2
29 4 4 1 2
产妇马某某在榆林市第一医院绥德院区妇产科二病区坠楼身亡，引起社会各界广泛关注。
29 5 4 2 2
榆林市委、市政府和省卫计委主要领导高度重视，成立了“榆林市绥德8.31产妇坠楼事件调查处置领导小组”，在9月2日和5日两次调查的基础上，于9月7日又连夜展开进一步调查。
3
13 10 6 1 2
为妥善处理该事件，9月7日，榆林市政府召开了专题会议，成立了由榆林市政府分管领导任组长、绥德县政府、榆林市卫计局、公安局负责人为副组长，相关部门单位负责人为成员的榆林市绥德“8·31”产妇坠楼事件调查处置领导小组。
13 11 6 2 2
领导小组下设调查组、舆情组、善后组3个工作小组，对坠亡事件依法、依纪、依规进行查处。
13 12 7 1 1
目前，造成产妇自杀的原因正在进行深入调查；善后工作组正在处理善后事宜，做好家属心理安抚等工作。
5
22 1 1 1 3
据中新网，昨天（7日）晚间，榆林市官方公布了产妇坠楼事件初步调查结果。
22 2 1 2 3
初步调查认为，产妇入院诊断明确、产前告知手续完善、诊疗措施合理、抢救过程符合诊疗规范要求。
22 3 1 3 3
官方表示，产妇跳楼事件暴露出了医院相关工作人员防范突发事件的意识不强，监护不到位等问题。
22 4 2 1 2
8月31日，产妇马某某在榆林市第一医院绥德院区妇产科二病区坠楼身亡，引起各界广泛关注。
22 5 2 2 2
官方成立了“榆林市绥德8.31产妇坠楼事件调查处置领导小组”，在9月2日和5日两次调查的基础上，于9月7日又连夜展开进一步调查。
3
29 15 11 1 2
为妥善处理该事件，9月7日，榆林市政府召开了专题会议，成立了由榆林市政府分管领导任组长、绥德县政府、市卫计局、公安局负责人为副组长，相关部门单位负责人为成员的榆林市绥德“8.31”产妇坠楼事件调查处置领导小组。
29 16 11 2 2
领导小组下设调查组、舆情组、善后组3个工作小组，对坠亡事件依法、依纪、依规进行查处。
29 17 12 1 1
目前，造成自杀的原因正在进行深入调查；善后工作组正在妥善处理善后事宜，精心做好家属心理安抚等工作。
3
18 11 6 1 2
据了解，为妥善处理该事件，9月7日，榆林市政府召开了专题会议，成立了由榆林市政府分管领导任组长、绥德县政府、市卫计局、公安局负责人为副组长，相关部门单位负责人为成员的榆林市绥德“8.31”产妇坠楼事件调查处置领导小组。
18 12 6 2 2
领导小组下设调查组、舆情组、善后组3个工作小组，对坠亡事件依法、依纪、依规进行查处。
18 13 7 1 1
目前，造成自杀的原因正在进行深入调查；善后工作组正在妥善处理善后事宜，精心做好家属心理安抚等工作。
3
24 12 9 1 2
据了解，为妥善处理该事件，9月7日，榆林市政府召开了专题会议，成立了由榆林市政府分管领导任组长、绥德县政府、市卫计局、公安局负责人为副组长，相关部门单位负责人为成员的榆林市绥德“8.31”产妇坠楼事件调查处置领导小组。
24 13 9 2 2
领导小组下设调查组、舆情组、善后组3个工作小组，对坠亡事件依法、依纪、依规进行查处。
24 14 10 1 1
目前，造成自杀的原因正在进行深入调查；善后工作组正在妥善处理善后事宜，精心做好家属心理安抚等工作。
3
26 14 9 1 2
据了解，为妥善处理该事件，9月7日，榆林市政府召开了专题会议，成立了由榆林市政府分管领导任组长、绥德县政府、市卫计局、公安局负责人为副组长，相关部门单位负责人为成员的榆林市绥德“8.31”产妇坠楼事件调查处置领导小组。
26 15 9 2 2
领导小组下设调查组、舆情组、善后组3个工作小组，对坠亡事件依法、依纪、依规进行查处。
26 16 10 1 1
目前，造成自杀的原因正在进行深入调查；善后工作组正在妥善处理善后事宜，精心做好家属心理安抚等工作。
5
22 14 11 1 2
为妥善处理该事件，9月7日，榆林市政府召开了专题会议，成立了由市政府分管领导任组长、绥德县政府、市卫计局、公安局负责人为副组长，相关部门单位负责人为成员的榆林市绥德“8.31”产妇坠楼事件调查处置领导小组。
22 15 11 2 2
领导小组下设调查组、舆情组、善后组3个工作小组，对坠亡事件依法、依纪、依规进行查处。
22 16 12 1 1
目前，造成自杀的原因正在进行深入调查；善后工作组正在妥善处理善后事宜，精心做好家属心理安抚等工作。
22 17 13 1 2
南方都市报报道，国家卫计委新闻发言人宋树立昨天（7日）上午在例行记者会上主动回应榆林产妇跳楼事件称，出现这样的事情让人痛心，是谁都不愿意看到的结果。
22 18 13 2 2
在此，国家卫生计生委向产妇家属表示深切慰问，国家卫生计生委已经责成当地卫生计生部门认真核实，依法依规严肃处理。
3
27 14 7 1 2
为妥善处理该事件，9月7日，榆林市政府召开了专题会议，成立了由市政府分管领导任组长、绥德县政府、市卫计局、公安局负责人为副组长，相关部门单位负责人为成员的榆林市绥德“8.31”产妇坠楼事件调查处置领导小组。
27 15 7 2 2
领导小组下设调查组、舆情组、善后组3个工作小组，对坠亡事件依法、依纪、依规进行查处。
27 16 8 1 1
目前，造成自杀的原因正在进行深入调查；善后工作组正在妥善处理善后事宜，精心做好家属心理安抚等工作。
2
27 4 2 1 2
8月31日，产妇马某某在榆林市第一医院绥德院区妇产科二病区坠楼身亡，引起各界广泛关注。
27 5 2 2 2
官方成立了“榆林市绥德8.31产妇坠楼事件调查处置领导小组”，在9月2日和5日两次调查的基础上，于9月7日又连夜展开进一步调查。
