3
1 18 13 1 2
中国电子商务研究中心指出，面对商家轮番促销广告，消费者需保持清醒，货比三家，对于心仪商品，关注平时销售价格，与“双十一”价格进行对比，是否存在真正的实惠。
1 19 13 2 2
对于商家先涨后降等行为可积极向平台和工商等监管部门进行举报。
1 20 14 1 2
当然，“双十一”期间的优惠陷阱，远不止虚假降价这么简单。
3
1 36 21 1 1
同品牌的纸巾，为什么网上买的薄很多;同品牌的羊毛外套，为什么网上买的羊毛含量少很多？近年来，在电商促销中线上线下很难找到同款商品，而专供线上销售的商品被称为“电商专供”，这让消费者很难真正比价获得实惠，同时也被“专供”商品“耍的团团转”。
1 37 22 1 2
有些“电商专供”商品与实体店销售的产品看似一模一样，仔细看会发现颜色、内件配备或某些功能存在差别。
1 38 22 2 2
中国电子商务研究中心指出，实际上“电商专供”商品一般是价格较低而品质稍逊的商品，可以说“一分价钱一分货”。
2
1 44 26 1 1
中国电子商务研究中心主任曹磊认为，打击虚假宣传和价格欺诈等破坏网购环境和商业诚信的行为，要从电商平台的环境治理入手，如设置价格申报、监管电子系统，将电商所售商品的平时价格录入备案，同时对违规的商家和其所在的电商平台课以重罚。
1 45 27 1 1
而作为“剁手族”的我们，在“双十一”时应该更理性的购物，不要过分幻想双十一购物节可以获得超乎实际的价格优惠，不要受电商平台和商家的促销优惠而一时冲动，也不用贪图一时便宜而疯狂囤货，看准再“下手”也不迟。
5
22 13 6 3 3
阿里巴巴网上支付平台记录的交易中，有超过90％是用移动设备支付的。
22 14 7 1 4
阿里巴巴于2009年推出了“双十一”的销售活动，旨在让单身者通过消费来弥补他们的孤独，因为11月11日连续有四个“1”，因此也有“光棍节”一称。
22 15 7 2 4
这一天，中国多家电商平台都会利用这个主题来进行促销活动。
22 16 7 3 4
一些专家认为，中国电子商务巨头有意将“双十一”这一概念出口全球。
22 17 7 4 4
（赵蕴哲）
4
31 1 1 1 2
【环球网报道记者余鹏飞】韩国《亚洲经济》网站11月12日报道说，中国电子商务行业的年度盛事——双十一购物狂欢节告一段落，这是中韩因萨德而陷入谷底，两国关系迎来转机后的首个购物节。
31 2 1 2 2
从各国商品销量来看，韩国的排名由去年的第3位跌至今年的第5位。
31 3 2 1 4
据业界12日消息，截至当天零时，2017年阿里巴巴天猫双十一以总成交额1682亿元的战绩圆满结束了今年的购物狂欢节。
31 4 2 2 4
全球消费者全天支付总笔数达到14.8亿笔，全天物流订单超过8亿，交易覆盖全球225个国家和地区。
4
33 15 11 1 1
华扬联众公司英国区域董事总经理詹姆斯·赫伯特说：“据中国快递协会预测，今年‘双十一’快递行业处理的快件量将超过10亿件，而这还是在中国经济增长放缓和消费者支出更加谨慎的情况下。”
33 16 12 1 2
报道称，“双十一”的消费热潮令其他购物节相形见绌。
33 17 12 2 2
去年，美国消费者在“黑色星期五”、“网络星期一”和感恩节总共支出了约59亿美元，远不及“双十一”的销售额。
33 18 13 1 1
英国皇家邮政公司董事总经理尼克·兰登说：“到2020年，中国电子商务市场的规模将比美国、日本、德国、英国和法国加起来还要大。”
6
41 22 13 1 1
不过，在商家卖货出货忙的同时，创下的市场有多大、利润有多高仍然是企业经营需要考虑的问题。
41 23 14 1 3
2013年“双十一”时，林氏木业以1.6亿元的销售额创造家具类目单天销量过亿纪录；2016年“双十一”，这一销售额已经增长到6.1亿元，连续四年稳居天猫家具类目的第一名。
41 24 14 2 3
来自中国电子商务研究中心发布的《2016年度中国网络零售市场数据监测报告》显示，预估2016年全网数百家淘品牌整体市场交易规模达千亿元级别，而林氏木业2016年的营收已超百亿元。
41 25 14 3 3
也就是说，“双十一”当天的销售额，几乎能够占到林氏木业全年营收的五六个百分点。
41 26 15 1 2
2016年天猫“双十一”大战中，罗莱生活旗下的罗莱电商全网总销量2.088亿元，问鼎家纺类目冠军，天猫罗莱家纺官方旗舰店蝉联“双十一”家纺类目销售五连冠。
41 27 15 2 2
至此，LOVO终于成功挑战自己定下的两个亿“小目标”，也是家纺行业首家成功挤进“双十一”单天销量超两亿元的企业。
3
41 31 17 1 3
对此情况，中国电子商务研究中心主任曹磊表示，天猫发起的这个“双十一”购物节，对商家来讲，理论上是要求半价的。
41 32 17 2 3
但是按照实际的经验来看不可能有这么高的利润空间，所以很多产品价格前期都有调整。
41 33 17 3 3
对于家居建材行业，倒是省去了仓储、运输、线下场地装修等环节。
6
50 13 10 1 2
在Visa早前发布的一份《中国跨境消费年度指数报告（2017）》中显示，境外消费者境内淘货正成为潮流。
50 14 10 2 2
2016年，在其所持续关注的10个样本国家和地区中，境外消费者对中国跨境网购交易额的中位数约为6970万美元，比上年增长了43%。
50 15 11 1 2
同时，中国电子商务研究中心监测数据显示，2016年中国跨境电商交易规模6.7万亿元，同比增长24%。
50 16 11 2 2
其中，出口跨境电商交易规模高达5.5万亿元，同比增长22.2%。
50 17 12 1 1
庞大的数据背后是歪果仁对中国商品的不断青睐。
50 18 13 1 2
一名来自格鲁吉亚的留学生告诉记者，她属于中国网购网站的常客。
5
65 20 13 3 3
对此，中国电子商务研究中心特约研究员、知名IT律师赵占领表示，卖家以缺货为由解除合同缺少依据，长期来看，需要立法规范，防止个别企业以促销为名进行宣传推广，再以缺货为由取消订单。
65 21 14 1 2
2016年国家发改委受理涉及“双十一”网购节的投诉案件中，促销优惠不实是消费者投诉最为集中的问题，占比62%。
65 22 14 2 2
中国消费者协会发布的《2016年“双十一”网购商品价格体验式调查报告》显示，参加“双十一”促销活动的商品中，16.7%的商品价格在11月11日当天并不是近期低价，甚至比以往价格都要高。
65 23 15 1 1
今年，从网友的吐槽来看，不实促销仍是今年“双十一”的一大坑。
65 24 16 1 1
某网友吐槽：双十一前几个月某灯管还是31.9元，双十一期间同款灯管在同一家店铺价格变成了56.9元。
