2 4 3 1 3 0.73
澳大利亚通过附加赛晋级世界杯，他们两回合3-0战胜洪都拉斯。
2 5 3 2 3 0.48
但主教练波斯特格鲁却在获得世界杯门票后辞职，澳大利亚足协不得不寻找一位新的主教练。
2 6 3 3 3 0.63
在世界杯抽签仪式上，澳大利亚和法国、秘鲁以及丹麦分在同一小组。
2 8 4 2 3 0.656
2011年克林斯曼成为美国主帅，率队出战了2014年巴西世界杯，在和德国、葡萄牙、加纳同组的情况下，力压葡萄牙获得小组第二出线，1/8决赛他们在加时赛不敌比利时被淘汰。
2 7 4 1 3 0.502
克林斯曼曾在2006年率领德国夺得了本土世界杯的第三名，随后他又执教了拜仁。
2 9 4 3 3 0.545
在2018年世界杯预选赛上，克林斯曼成绩不佳，美国一度在积分榜上垫底，最终导致克林斯曼下课，而美国最终也没能得到参加俄罗斯世界杯的资格。
3 21 11 1 1 0.679
阿根廷和尼日利亚被同分入D组，这是两支国家队第五次在世界杯小组赛中相遇，在两队此前的4次世界杯小组赛（1994年、2002年、2010年和2014年）交手中，阿根廷国家队取得全胜。
3 27 14 4 4 0.649
2010年南非世界杯冠军获得者西班牙和欧锦赛冠军葡萄牙队、摩洛哥队以及伊朗队分在B组。
3 26 14 3 4 0.336
上届亚军阿根廷队所在的D组可谓一个不太好对付的组，同组的有冰岛队、克罗地亚队和非洲绿鹰尼日利亚队。
4 3 2 1 3 0.615
具体到每支球队，沙特被分到了A组，同组球队包括东道主俄罗斯，南美劲旅乌拉圭以及非洲的埃及队。
4 4 2 2 3 0.374
整体实力上，沙特无疑是小组中最菜的一支了。
6 1 1 1 2 0.784
昨晚，2018俄罗斯世界杯抽签仪式落幕，32强分组以及小组赛赛场随即出炉。
6 2 1 2 2 0.566
而为了照顾亚洲球迷的看球时间，保证世界杯收视率，国际足联又对赛程进行了微调，日本、韩国、澳大利亚三支亚洲球队各有1场比赛提前开打，而法国、德国、波兰三队各有1场比赛对调到北京时间的后半夜进行。
7 1 1 1 1 0.607
2018年俄罗斯世界杯小组抽签已经结束，相关的赛程也已经出炉，而根据国际足联公布的最新赛程，有多场小组赛开球时间进行了调整，其中日本、韩国和澳大利亚三支亚足联所属的球队都有比赛提前，方便了亚洲球迷的观看。
8 19 6 2 3 0.713
6月14日，同属A组的东道主俄罗斯队和沙特阿拉伯队将在莫斯科打响本届世界杯的揭幕战。
8 18 6 1 3 0.517
俄罗斯世界杯足球赛决赛阶段的比赛将于明年6月14日到7月15日，在莫斯科、圣彼得堡、加里宁格勒、索契等11座城市举行。
8 20 6 3 3 0.563
球星发出邀请相约2018年世界杯32强，32支队伍，每队的当家球星都用自己的语言，向其他进入决赛圈的球队表示祝贺，向全世界球迷发出邀请，相约2018俄罗斯世界杯。
9 1 1 1 1 0.667
2018年俄罗斯世界杯小组赛分组抽签仪式于北京时间昨天晚上11点，在莫斯科克里姆林宫举行。
9 20 8 1 1 0.62
俄罗斯世界杯将于明年6月14号正式打响，64场比赛将踢遍俄罗斯11个城市的12座球场。
10 5 2 2 3 0.617
阿根廷队所在的小组还有尼日利亚，尼日利亚是非洲区第一支获得世界杯参赛资格的球队。
10 4 2 1 3 0.524
在两队的直接较量中，克罗地亚主场2比0战胜冰岛，而冰岛也在主场1比0战胜克罗地亚。
10 6 2 3 3 0.492
值得一提的是，阿根廷和尼日利亚在世界杯上已经6次碰在一起了，其中5次是在小组赛中相遇。
11 1 1 1 2 0.61
昨夜今晨，明年世界杯32强的命运，终于在莫斯科敲定。
11 2 1 2 2 0.336
虽然没有中国队让我们有些遗憾，各大洲传统劲旅意大利、荷兰、美国、智利、加纳、科特迪瓦的缺席，让明年夏天的俄罗斯仿佛缺了点什么，但这也丝毫掩盖不住世界杯的星光。
12 2 2 1 4 0.693
2018FIFA俄罗斯世界杯32强名单已经出炉，小组赛分组抽签仪式于12月1日在俄罗斯克里姆林宫举行。
12 3 2 2 4 0.268
抽签仪式的结果，将在一定程度上影响各队在本届世界杯的表现，众多政府官员、知名媒体、嘉宾以及商业机构出席仪式。
13 1 1 1 3 0.774
2018年俄罗斯世界杯小组赛抽签仪式在莫斯科的克里姆林宫落下帷幕，32支国家队被分为8个小组，将于明年夏天争夺第21届世界杯的桂冠。
13 2 1 2 3 0.453
根据抽签结果，世界排名前八位的国家队中，除排名第三的葡萄牙和排名第八的西班牙同组以外，其他队都被分在不同组中。
14 1 1 1 2 0.693
2018FIFA俄罗斯世界杯32强名单已经出炉，小组赛分组抽签仪式于12月1日在俄罗斯克里姆林宫举行。
14 2 1 2 2 0.356
作为2018FIFA俄罗斯世界杯的官方赞助商，当天，vivo也正式将第一批官方手机移交给FIFA组委会。
15 13 7 1 1 0.63
本届世界杯32强中，东道主俄罗斯的世界排名最低，这当然有他们没参加世界杯预选赛的原因，但从实力考量，俄罗斯恐怕也只能被排在第四档。
15 15 8 2 2 0.627
参照作为抽签标准的2017年10月国际足联世界排名，俄罗斯与沙特的揭幕战，将是这届世界杯排名最低的两支球队互掐。
15 14 8 1 2 0.328
但东道主与乌拉圭、埃及和沙特同组，无疑算获得了上签：三个对手分别是二、三、四档球队中排名的倒数第二、倒数第三、和倒数第一。
15 16 9 1 1 0.642
世界杯历史上，只有2010年东道主南非未能从小组出线，当时他们在分组抽签遭遇了强大的墨西哥、乌拉圭和法国，绝对算是死亡之组。
16 1 1 1 2 0.626
中新网北京12月2日电北京时间12月1日深夜，2018年俄罗斯世界杯小组赛分组抽签仪式在俄罗斯莫斯科克里姆林宫举行，32强分组结果尘埃落定。
16 2 1 2 2 0.457
这意味着明年6月，全球32强时隔四年将齐聚俄罗斯重燃战火，争夺大力神杯的至上荣耀。
17 1 1 1 3 0.696
2018年俄罗斯世界杯分组抽签仪式北京时间1日深夜在莫斯科克里姆林宫举行，球王马拉多纳亲临现场并没有给潘帕斯雄鹰带来好运，常常在世界杯上签运不佳的他们再次被抽进“死亡之组”，“梅球王”要想获得首个世界杯冠军还得先闯过小组赛的苦战。
17 2 1 2 3 0.463
同被抽进B组的西班牙和葡萄牙也是签运不济，不但首轮便要对碰，更是在四分之一决赛便很可能会碰上法国或阿根廷。
18 1 1 1 1 0.746
2018年世界杯足球赛决赛圈抽签仪式1日在俄罗斯莫斯科克里姆林宫举行，32支参赛球队被分入8个小组。
19 1 1 1 3 0.718
2018年俄罗斯世界杯足球赛分组抽签结果1日在莫斯科克里姆林宫揭晓，同属A组的俄罗斯队与沙特阿拉伯队将在明年6月14日在莫斯科打响本届世界杯揭幕战。
19 2 1 2 3 0.281
尔后分属B组到H组的葡萄牙队与西班牙队、法国队与澳大利亚队、阿根廷队与冰岛队、巴西队与瑞士队、德国队与墨西哥队、比利时队与巴拿马队、波兰队与塞内加尔队将捉对厮杀。
20 1 1 1 1 0.677
中青在线北京12月2日电（中国青年报·中青在线记者郭剑）北京时间12月2日凌晨，2018俄罗斯世界杯小组赛抽签仪式在莫斯科克里姆林宫结束，众多球迷期待的“死亡小组”没有出现，东道主俄罗斯队将与亚洲球队沙特阿拉伯队进行揭幕战。
21 16 7 1 4 0.614
球队上一次参加世界杯是1998年。
21 17 7 2 4 0.279
当时的球队主力进攻手穆斯塔法·哈吉，是目前球队的助理教练，也是教练组中唯一的摩洛哥人，也是教练组中，球员时代成就最高的一位。
21 43 15 2 2 0.648
1998年苏克曾帮助克罗地亚成为世界杯季军，但之后4届比赛，克罗地亚3次参赛从未小组出线。
21 42 15 1 2 0.433
球队历史上的头号射手达沃·苏克是目前克罗地亚足协的主席。
21 46 17 1 3 0.656
现任门将教练克劳迪奥·塔法雷尔曾是1994年世界杯冠军队主力门将。
21 47 17 2 3 0.453
在世界杯夺冠之后的1994/95赛季，塔法雷尔没能获得有限的意甲外援名额，以至于整季无球可踢，只能去业余球队圣血队客串前锋保持状态。
21 53 19 2 3 0.636
2002年哥斯达黎加1-1战土耳其、2-5输给巴西，造就了当届世界杯的季军和冠军。
21 52 19 1 3 0.328
继1990和2002年之后，第三次和巴西分在同一小组。
21 54 19 3 3 0.385
当时小组中的另一支球队是中国队。
21 55 20 1 2 0.739
晋级世界杯决赛圈后主帅斯拉沃柳布·穆斯林下课。
21 56 20 2 2 0.135
目前的临时主帅是穆拉登·科尔斯塔季奇，他同时也是波黑俱乐部比耶利纳工人的主席。
21 65 24 1 3 0.659
连续第9次进入世界杯决赛圈。
21 66 24 2 3 0.476
虽然只有2002年（第4名）和2010年（16强）突破小组赛，但每届比赛都有进球。
21 67 24 3 3 0.609
主帅申台龙球员时代曾代表国家队出场23次，但未能入选1994年世界杯大名单。
21 79 30 2 3 0.691
当时塞内加尔小组赛首轮1-0战胜卫冕冠军法国队，末轮3-3战平乌拉圭出线，16强2-1战胜瑞典。
21 78 30 1 3 0.318
如果对于塞内加尔的记忆还停留在2002年的话，那就对了，因为这是塞内加尔此前唯一一次参加世界杯正赛。
21 80 30 3 3 0.145
许多球员都让中国球迷印象深刻，比如15号SalifDiao。
21 82 31 2 4 0.637
在成功晋级2014年世界杯后，佩克尔曼被哥伦比亚总统胡安·曼努埃尔·桑托斯归化成哥伦比亚籍。
21 81 31 1 4 0.453
主帅何塞·佩克尔曼是犹太裔阿根廷人，2012年成为球队主帅。
21 83 31 3 4 0.462
2001年，佩克尔曼曾带领阿根廷U-20国家队在世青赛上击败中国队。
22 28 14 3 3 0.601
这支球队在历届世界杯的表现都相当出色。
22 27 14 2 3 0.564
克罗地亚通过附加赛才进世界杯，虽然出线过程有些艰难，但在欧洲出线历来如此。
22 52 21 2 2 0.606
抽签揭晓，2018俄罗斯世界杯，过往那样危言耸听的“死亡之组”并未出现，可世界杯的魅力，未有半分消减。
22 51 21 1 2 0.16
第一时间解签，能看到的状况还不够丰富，对应赛程的冠军之路，会在接下来一两天有更多沉淀，大家也能得到更多32强反馈。
23 1 1 1 1 0.612
北京时间12月2日凌晨，万众瞩目的俄罗斯世界杯抽签仪式终于落下了帷幕，而这次世界杯抽出的8个小组中，东道主的签运尤其引人瞩目，而俄罗斯的签运相当之好，不由得让人浮想联翩。
25 1 1 1 2 0.668
新华网莫斯科12月1日电1日，2018年俄罗斯世界杯小组赛分组抽签仪式在莫斯科举行，32强分组结果尘埃落定。
25 2 1 2 2 0.495
作为2018年俄罗斯世界杯的官方赞助商，当天，vivo也正式将第一批世界杯官方手机移交给国际足联。
26 1 1 1 1 0.625
新华社莫斯科12月1日电(记者栾海)2018年俄罗斯世界杯足球赛分组抽签仪式1日在莫斯科克里姆林宫举行,同属A组的俄罗斯队与沙特阿拉伯队将于明年6月14日在莫斯科打响本届世界杯揭幕战。
27 12 4 2 2 0.614
不过值得一提的是，沙特队将与东道主俄罗斯队联袂奉献本届世界杯的揭幕战。
27 11 4 1 2 0.5
相较而言，沙特想从小组中突围难度极大，他们是32强中排名最低的球队。
27 42 16 1 2 0.619
其他三支球队，瑞士连续三届世界杯晋级16强，有着丰富的小组赛突围经验，哥斯达黎加是上届黑马，塞尔维亚是传统劲旅。
27 43 16 2 2 0.242
无论最终是谁抢到小组第二，都不能算是意外。
28 1 1 1 3 0.616
万众瞩目的世界杯32强分组抽签结束，各队落定了位置之后，关于世界杯进程的推演也就清晰了许多。
28 2 1 2 3 0.347
每个小组都有热门球队，也可能会有黑马杀出。
28 33 6 5 6 0.687
瑞士有着更为丰富的世界杯淘汰赛经验（连续三届晋级16强），哥斯达黎加是上届世界杯的黑马，塞尔维亚同样不容小觑。
28 32 6 4 6 0.397
除巴西外，其他三支球队整体实力非常接近，互相之间的比赛结果非常难以预料。
28 34 6 6 6 0.244
无论谁最终跟随巴西出线，都不会太令人意外。
29 1 1 1 2 0.648
“如果阿根廷无法进入世界杯，那将是疯狂的。”在世界杯预选赛最后一轮用帽子戏法帮助阿根廷击败厄瓜多尔，获得2018年世界杯参赛资格后，梅西曾如是表示。
29 2 1 2 2 0.475
然而在那之前，无论是梅西的阿根廷还是C罗的葡萄牙，都一度面临无法参加世界杯的危险。
29 3 2 1 3 0.624
好在C罗的葡萄牙和梅西的阿根廷最终都有惊无险地晋级世界杯。
29 4 2 2 3 0.586
葡萄牙是欧洲冠军，阿根廷是上届世界杯亚军，这两支球队如果无缘晋级，那绝对是巨大的遗憾。
29 10 5 1 2 0.602
葡萄牙带着欧洲冠军的头衔参加世界杯，而阿根廷则希望能弥补2014年世界杯的遗憾，当时他们打入了决赛，但最终还是无缘冠军。
29 11 5 2 2 0.375
而最近几年，梅西还丢掉了2个美洲杯冠军奖杯。
30 1 1 1 2 0.642
世界杯小组抽签，西班牙队与葡萄牙、伊朗以及摩洛哥分在一组。
30 2 1 2 2 0.404
抽签结束后，西班牙队主教练洛佩特吉接受了采访，他表示，西班牙队所在的小组对手实力并不弱。
31 6 3 2 2 0.7
这是2006年德国世界杯后首届在欧洲举办的世界杯。
31 5 3 1 2 0.534
俄罗斯世界杯将于明年6月14日开启。
33 1 1 1 2 0.628
北京时间12月1日23时（俄罗斯当地时间18时），2018年世界杯小组赛抽签在莫斯科克里姆林宫举行。
33 2 1 2 2 0.516
西班牙与葡萄牙同组；英格兰抽到比利时。
33 11 8 1 3 0.614
两队在历史上交战过35场，葡萄牙队6胜13平16负处于下风，进41球失72球；其中两队在世界杯历史上交战过1场，葡萄牙队在2010南非世界杯1/16决赛中0比1不敌西班牙淘汰出局。
33 12 8 2 3 0.511
其中两队在世界杯预选赛历史上交战过4场，葡萄牙队1平3负未有胜绩处于下风，进4球失18球。
34 1 1 1 2 0.641
2018年俄罗斯世界杯，虽然西班牙抽到葡萄牙，但是西班牙媒体都看好西班牙成功晋级淘汰赛。
34 2 1 2 2 0.256
西班牙媒体《马卡报》甚至模拟了西班牙的争冠之路，看看西班牙一路上都会遇到什么强敌。
35 13 4 3 3 0.614
尽管丹麦经过附加赛才晋级世界杯，但是坐拥本特纳等球星的他们实力也不容小觑。
35 12 4 2 3 0.578
秘鲁队目前世界排名第11位，而且在南美区预选赛中逼平过阿根廷队。
36 3 2 1 3 0.615
具体到每支球队，沙特被分到了A组，同组球队包括东道主俄罗斯，南美劲旅乌拉圭以及非洲的埃及队。
36 4 2 2 3 0.374
整体实力上，沙特无疑是小组中最菜的一支了。
37 1 1 1 1 0.617
北京时间12月1日晚23时，2018年世界杯决赛圈分组抽签仪式在俄罗斯首都莫斯科的克里姆林宫举行。
37 6 3 1 3 0.603
本届世界杯分组抽签按照2017年10月份世界足联的排名来确定球队分档，不妨来看看A组四支球队在10月份的排名：东道主俄罗斯，排名第65位；沙特阿拉伯第63位，埃及第30位，乌拉圭第17位。
37 7 3 2 3 0.538
从排名上看，俄罗斯和沙特阿拉伯是32强力排名最低的两支球队，而时隔28年重返世界杯的埃及缺乏经验，虽然拥有萨拉赫，但在世界杯上的前景不被看好。
41 1 1 1 1 0.65
北京时间12月1日晚，2018年俄罗斯世界杯抽签仪式正式落下帷幕，C罗率领的葡萄牙抽在了B组，而梅西所在的阿根廷队则分到了D组，如果两队分别拿到小组第一，那么两队将会在1/4决赛相遇，而胜者更是有可能遭遇卫冕冠军德国队。
42 2 1 2 2 0.631
世界杯32强按照世界排名分为4档，经过分组抽签，明年世界杯的8个小组全部产生。
42 1 1 1 2 0.457
【环球网综合报道】北京时间12月1日晚间23点(俄罗斯当地时间下午16点)，2018年俄罗斯世界杯小组赛抽签仪式在莫斯科克里姆林宫音乐大厅进行。
43 1 1 1 2 0.591
中新网12月1日电北京时间1日晚，2018年俄罗斯世界杯32强分组抽签结果在莫斯科揭晓。
44 1 1 1 2 0.617
北京时间12月1日晚23时，2018年世界杯决赛圈分组抽签仪式在俄罗斯首都莫斯科的克里姆林宫举行。
44 2 1 2 2 0.606
作为东道主，俄罗斯总理普京在仪式的开始发表了讲话，欢迎32支参赛球队。
45 1 1 1 1 0.708
新华社莫斯科12月1日电2018年世界杯足球赛决赛圈抽签仪式1日在俄罗斯莫斯科克里姆林宫举行，32支参赛球队被分入8个小组。
46 1 1 1 2 0.628
北京时间12月1日23时（俄罗斯当地时间18时），2018年世界杯小组赛抽签在莫斯科克里姆林宫举行。
46 2 1 2 2 0.516
西班牙与葡萄牙同组；英格兰抽到比利时。
46 3 2 1 2 0.74
世界杯预选赛经过872场较量，决出31支球队，与东道主俄罗斯参加本次抽签，其中冰岛和巴拿马是首次打进决赛圈，秘鲁1982年以来首次出线，埃及则时隔28年再度参加世界杯。
46 4 2 2 2 0.526
但四星意大利1958年以来首度缺席，连夺美洲杯的智利也惨遭淘汰，美国队1986年以来首次无缘决赛圈。
49 1 1 1 3 0.654
北京时间12月1日晚23时许，俄罗斯世界杯决赛阶段分组抽签仪式将在克里姆林宫上演。
49 2 1 2 3 0.579
随着32强分组形势的出炉，世人瞩目的2018年俄罗斯世界杯关注度越发火热。
50 8 6 1 2 0.615
就在决赛圈分组抽签前夕，国际足联公布了本届世界杯第一阶段门票的销售情况。
50 9 6 2 2 0.333
截止11月底，球赛门票已售出近75万张，其中大部分被俄罗斯人买走。
51 1 1 1 2 0.687
12月1日，2018年俄罗斯世界杯小组赛分组抽签仪式在俄罗斯莫斯科克里姆林宫举行。
51 2 1 2 2 0.334
作为2018FIFA俄罗斯世界杯的官方赞助商，中国品牌vivo也正式将第一批官方手机移交给FIFA组委会。
53 3 2 1 1 0.607
世界杯的抽签地放在了俄罗斯的克里姆林宫举行，俄罗斯总统普京也将出席这次抽签活动。
57 1 1 1 1 0.624
就在俄罗斯世界杯决赛圈分组抽签前夕，国际足联公布了本届世界杯第一阶段门票的销售情况——截至11月30日，这一阶段售出的门票已近75万张。
59 1 1 1 2 0.606
2018年俄罗斯世界杯分组抽签仪式，将于明天凌晨在俄罗斯克林姆林宫举行。
59 2 1 2 2 0.277
在这项举世瞩目的仪式举行之前，伊朗大将萨达尔-阿兹蒙却提出了一项让国际足联为难的呼吁。
60 1 1 1 3 0.605
央视网消息：北京时间今天晚上11点，2018年俄罗斯世界杯足球赛决赛阶段的抽签仪式将在莫斯科克里姆林宫举行。
60 2 1 2 3 0.438
32支参赛球队已于上个月中旬全部产生，赛事将于明年6月14号到7月15号在俄罗斯的11座城市进行。
61 1 1 1 2 0.611
2018年俄罗斯世界杯抽签仪式，明天凌晨将在俄罗斯首都莫斯科的克里姆林宫进行。
60 3 1 3 3 0.419
这次世界杯抽签，会不会抽出“死亡之组”？东道主俄罗斯将会面对怎样的小组对手？亚洲球队的“签景”又将如何？我们拭目以待。
61 2 1 2 2 0.463
在分组抽签之前，英媒分析了英格兰的抽签前景，并列出了英格兰可能陷入的三大死亡之组。
65 1 1 1 3 0.617
俄罗斯世界杯的分组抽签仪式，将在北京时间周五晚上进行。
65 2 1 2 3 0.196
德国国脚胡梅尔斯谈到了自己的想法，他希望抽到以前从未遇到过的对手。
68 2 2 1 1 0.639
北京时间12月1日夜，2018年俄罗斯世界杯决赛阶段的抽签仪式就将在莫斯科举行。
68 12 11 1 1 0.637
进入2018年世界杯决赛阶段的32强中，东道主俄罗斯队是今年10月公布的世界排名中，位居32强末位的那一支。
68 22 19 1 2 0.616
2014年巴西世界杯上，四支参赛的亚洲球队在各自小组中全部垫底。
68 23 19 2 2 0.528
四年之后，五支亚洲球队参加俄罗斯世界杯，他们的“签运”，恐怕就将决定各自最终的命运。
68 29 25 1 1 0.658
德国、西班牙两队的实力不用多说，哥斯达黎加上届世界杯从拥有意大利和英格兰的D组中以小组第一的身份突围成功，本届世界杯预选赛阶段“双杀”美国队，又在主场1：1战平过北中美及加勒比地区预选赛头名墨西哥队。
73 5 5 1 1 0.727
12月1日，2018年世界杯抽签仪式将在莫斯科克里姆林宫举行，届时将公布2018年世界杯小组赛对阵情况，入围世界杯决赛的32支球队将被分为8个小组进行角逐，所有的比赛场次也将最终确定。
75 1 1 1 1 0.625
2018年俄罗斯世界杯抽签仪式将在北京时间本周六凌晨进行，国际足联在今天公布了本届世界杯的官方海报，前苏联传奇门将列夫-雅辛成为了海报的主角。
80 1 1 1 2 0.687
随着秘鲁与新西兰的附加赛尘埃落定，明年世界杯的32强名单已全部出炉，世界杯分组抽签仪式将于12月1日在俄罗斯进行。
80 2 1 2 2 0.435
国际足联今日正式公布了八位抽签嘉宾的人选。
81 1 1 1 1 0.614
北京时间11月21日，国际足联公布了参加2018年俄罗斯世界杯抽签仪式的嘉宾名单，一共有8位足坛名宿将出席这次抽签。
82 2 2 1 2 0.793
意大利队在2018年俄罗斯世界杯预选赛附加赛中总比分0：1被瑞典队淘汰，自1958年以来首次无缘世界杯决赛圈，其后主帅文图拉下课。
82 3 2 2 2 0.146
关于塔维奇奥应该引咎辞职的声音也不绝于耳，但他本人在辞职前一直坚称会让意大利足球重整旗鼓。
83 4 2 1 4 0.818
在11月13日的俄罗斯世界杯预选赛欧洲区附加赛上，四届世界杯冠军意大利主场0比0平瑞典，以总比分0比1出局，自1958年以来首度无缘世界杯。
83 5 2 2 4 0.238
次日，意大利富时MIB(FTSEMIB)股指下跌0.63%。
83 21 7 2 4 0.71
1998年6月30日，英格兰在法国世界杯四分之一决赛中因点球大战败北而被淘汰。
83 20 7 1 4 0.018
球赛结果不但影响心情，极端情况下还能出人命。
83 22 7 3 4 0.146
在其后三天内，英格兰因突发心脏病入院的人数比平时剧增25%。
86 7 4 1 3 0.63
对于中国足球来说，打进世界杯、举办世界杯和世界杯夺冠是三大梦想。
86 8 4 2 3 0.497
在无缘2018年俄罗斯世界杯的情况下，申办世界杯似乎成为了近期最现实、也最切实际的梦想。
87 13 11 1 2 0.607
同样是在2014年巴西世界杯上，哥伦比亚历史性闯进八强。
87 14 11 2 2 0.473
哥伦比亚总统特意宣布比赛日当天全国下午1点之后放假，让国民更好地收看哥伦比亚与巴西的四分之一决赛。
87 15 12 1 1 0.66
而在巴西世界杯上身陷死亡之组的哥斯达黎加，在首场比赛爆冷3-1战胜乌拉圭之后，哥斯达黎加总统也颁布法令：在本届世界杯期间，哥斯达黎加接下来所有比赛日全体国民都可以不用工作，直接放假观看。
87 16 13 1 1 0.643
2014年，时隔8年重返世界杯舞台的伊朗，为了避免学生因考试无法观看国家队的世界杯比赛，最终决定将各个学校的考试计划提前，为世界杯让路。
87 19 15 1 2 0.609
就在刚刚过去的欧洲区附加赛中，意大利也步荷兰的后尘，无缘明年的世界杯舞台。
87 20 15 2 2 0.421
原本想同蓝衣军团共赴与世界杯决赛的12年之约的意大利球迷，眼神里写满了无奈与落寞。
89 1 1 1 3 0.618
附加赛1-0击败意大利的结果，使得你所挚爱的瑞典队终于在时隔12年后重返世界杯舞台。
89 2 1 2 3 0.195
这也意味着你必须——我重申一下“必须”——收回自己从国家队退役的决定，带领球队竞逐这一终极殊荣。
90 19 9 2 3 0.602
预选赛中以净胜球力压荷兰获得附加赛机会。
90 18 9 1 3 0.4
8、瑞典（25）：他们是杀死意大利的球队。
90 20 9 3 3 0.601
附加赛中他们使得意大利60年后再次无缘世界杯，并且终结了布冯的国家队之旅。
91 1 1 1 2 0.668
北京时间昨天，南美区的秘鲁队在世预赛附加赛中战胜新西兰队，拿到了2018年世界杯决赛圈的最后一张门票。
91 2 1 2 2 0.712
至此，俄罗斯世界杯32强全部揭晓。
91 3 2 1 2 0.689
昨天上午，2018年世界杯预选赛展开最后一场角逐，秘鲁队坐镇主场迎战新西兰队，首回合双方互交白卷。
91 4 2 2 2 0.621
最终，凭借前德甲前锋法尔范的进球和拉莫斯的破门，秘鲁队两球完胜晋级，时隔36年再次进军世界杯正赛。
91 5 3 1 3 0.65
值得一提的是，率领秘鲁队圆了世界杯梦的是阿根廷主帅卡多·加雷卡，而在32年前，正是加雷卡的进球帮助“潘帕斯雄鹰”出线，并将秘鲁队挤到了附加赛，后者在附加赛中输球最终无缘墨西哥世界杯，从那以后开始了连续无缘8届世界杯的历史。
91 6 3 2 3 0.366
如今，加雷卡率领球队为秘鲁人打破宿命。
91 7 3 3 3 0.65
不过让人意想不到的是，32年前挤掉秘鲁队的阿根廷队夺得那一届世界杯冠军，但在预选赛上挽救了球队的加雷卡居然没有参加世界杯决赛圈的比赛。
91 8 4 1 2 0.667
此外，有多支队伍时隔多年后重返世界杯决赛圈，第32个出线的秘鲁队是阔别世界杯正赛时间最长的，他们上一次打决赛圈是1982年的世界杯，随后是埃及和摩洛哥队，分别时隔28年和20年重返世界杯正赛。
91 9 4 2 2 0.583
另外，冰岛队和巴拿马队是本届世界杯的两支新军。
91 10 5 1 2 0.635
随着秘鲁队的出线，2018年俄罗斯世界杯的32支球队已经全部确定。
91 11 5 2 2 0.445
除了大洋洲区外，其他五个大洲的预选赛区都有球队获得决赛圈参赛资格，其中亚洲区5队，欧洲区14队（含东道主），非洲区5队，中北美及加勒比地区3队，南美区5队。
91 12 6 1 5 0.655
世界杯32强分组抽签将于俄罗斯当地时间12月1日在莫斯科克里姆林宫进行，32强将会被分为8个小组。
91 13 6 2 5 0.474
所有球队被分为4档，其中东道主俄罗斯队作为一档种子队自动落入A1的位置，其他球队按照2017年10月的FIFA世界排名依次进入一档（种子队）、二档、三档和四档。
93 1 1 1 2 0.801
北京时间11月14日凌晨，2018年俄罗斯世界杯预选赛欧洲区附加赛第二回合，意大利坐镇主场圣西罗迎战瑞典，最终0:0战平，意大利总比分0:1无缘世界杯。
93 2 1 2 2 0.281
终场哨响后，多名意大利球员跪地掩面哭泣。
93 3 2 1 4 0.73
北京时间11月16日中午，在2018年俄罗斯世界杯最后一场预选赛中，南美洲第五名秘鲁队主场以2∶0战胜新西兰队，从而以两回合2∶0的总比分淘汰对手，时隔36年再度拿到世界杯决赛阶段的入场券。
93 4 2 2 4 0.571
至此，俄罗斯世界杯的32强全部诞生，巴西队、德国队、西班牙队等传统强队轻松晋级，而意大利队、荷兰队等劲旅却未能如愿突围。
93 6 2 4 4 0.617
当地时间12月1日，俄罗斯世界杯的分组抽签仪式将在莫斯科的克里姆林宫举行。
93 5 2 3 4 0.56
此外，来自欧洲的冰岛队和中北美及加勒比海地区的巴拿马队则将在明年首次登上世界杯决赛阶段比赛的舞台。
93 7 3 1 2 0.773
3月28日，南美洲的5届世界杯冠军得主巴西队在预选赛中主场以3∶0完胜巴拉圭队，提前4轮锁定了一张俄罗斯世界杯的入场券，也成为首支顺利晋级32强的球队。
93 8 3 2 2 0.624
与此同时，桑巴军团延续着自己从未缺席任何一次世界杯决赛阶段比赛的骄人纪录，明年夏天，他们将在俄罗斯迎来自己第二十一次世界杯之旅。
93 11 5 1 3 0.608
不过，巴西队并非是世界杯预选赛不败金身时间最长的球队。
93 12 5 2 3 0.654
10月9日的小组赛最后一轮以1∶0击败以色列队之后，2010年南非世界杯冠军西班牙队已经将自己的世预赛不败纪录提升至63场。
93 13 5 3 3 0.424
在这支“斗牛士军团”之中，伊斯科、阿森西奥和莫拉塔等年轻球员逐渐挑起大梁，9月2日，西班牙队在主场以3∶0大胜意大利队，在基本锁定一个出线名额之外，也报了两年前欧洲杯被对手淘汰的一箭之仇。
93 15 6 2 2 0.688
3年前的巴西世界杯参赛队中，将有20支球队出现在俄罗斯世界杯的赛场上。
93 14 6 1 2 0.576
除巴西队和西班牙队外，德国队、法国队、英格兰队和阿根廷队等传统强队也均晋级明年的俄罗斯世界杯。
93 18 7 3 3 0.804
作为4届世界杯冠军得主，“蓝衣军团”自1958年以来首次无缘世界杯决赛阶段比赛，也成为8支世界杯冠军球队中唯一未能获得俄罗斯世界杯入场券的球队。
93 17 7 2 3 0.581
北京时间11月14日凌晨，意大利队在主场圣西罗球场以0∶0被瑞典队逼平，从而以0∶1的总比分遗憾地与俄罗斯世界杯决赛圈擦肩而过。
93 25 9 4 4 0.621
此外，上届美洲杯冠军智利队，今年的非洲国家杯冠军喀麦隆队以及中北美及加勒比海地区金杯赛冠军美国队均未能晋级俄罗斯世界杯决赛圈。
93 24 9 3 4 0.06
与意大利队类似，荷兰队也在经历着人才断档所造成的困难。
93 26 10 1 3 0.687
在俄罗斯世界杯的32强球队全部产生之后，世界杯的分档情况随即出炉。
93 27 10 2 3 0.571
32支球队根据2017年10月的国际足联排名顺序排列分为4档，将在莫斯科克里姆林宫举行的分组抽签仪式中，32支球队将被分为8个小组，每个小组由4个档次中各自抽取出1支球队组成。
94 2 1 2 3 0.627
15日凌晨，受人瞩目的俄罗斯世界杯32强终于出炉。
94 1 1 1 3 0.507
世界杯还是那个世界杯，只是专属于亚平宁的蓝色时代就此终结。
94 3 1 3 3 0.523
意大利、美国无缘32强，成为本届世界杯最大的“遗憾”。
94 26 12 1 3 0.633
与意大利队不同，美国是世界杯的常客，此前7届世界杯美国队从未缺席。
94 27 12 2 3 0.071
此番失利，美国足协损失的不仅是看不见的“面子”，还有看得见的真金白银。
94 29 13 1 4 0.617
参加世界杯决赛圈的分成也不复存在。
94 30 13 2 4 0.614
2014年巴西世界杯，美国队杀入16强，分到了1050万美元。
94 31 13 3 4 0.193
缺席世界杯，会对美国足协的赞助招商以及与美国足球相关的利益攸关方产生负面影响。
95 1 1 1 2 0.756
随着秘鲁在世界杯附加赛中淘汰新西兰，进入2018年俄罗斯世界杯决赛圈的32支球队也全部确定。
95 2 1 2 2 0.632
在经历了各大洲预选赛的激烈突围后，这32支球队又将要在世界杯正赛的舞台上展开厮杀，如今他们就要迎来登顶世界之巅的第一关——分组抽签。
95 3 2 1 2 0.612
2018年俄罗斯世界杯32强分组抽签仪式将于俄罗斯当地时间12月1日在克里姆林宫举行。
95 4 2 2 2 0.472
根据国际足联制定的分组抽签规则，32支参赛球队将被分成4档，其中东道主俄罗斯自动成为第一档种子队，落入A1位置，剩余的球队则按照2017年10月国际足联世界排名依次进入第一档（种子队）、第二档、第三档和第四档，这样完全按照世界排名分档的规则也与之前将同一大洲（地区）球队分在同一档的规则产生很大不同。
95 17 7 1 1 0.602
值得一提的是，在2002年韩日世界杯上，阿根廷就落入过这样的死亡之组中，那届世界杯上，阿根廷和英格兰、瑞典、尼日利亚一同被分在F组，但最终赛前被视作夺冠大热的阿根廷却以1胜1平1负的战绩屈居小组第3，只能目送均为1胜2平的瑞典和英格兰进入淘汰赛。
96 4 2 1 2 0.609
在俄罗斯世界杯欧洲区预选赛中，劲旅瑞典队扮演了“巨人杀手”的角色——他们先是在小组赛中以净胜球优势力压无冕之王荷兰队，又在附加赛中两回合淘汰了四届冠军意大利队。
96 5 2 2 2 0.348
那抹熟悉的橙色与蓝色，将不会出现在俄罗斯世界杯的赛场上。
96 6 3 1 3 0.623
这是意大利队60年来首次被挡在世界杯决赛圈的大门外，蓝衣军团上次无缘还要追溯到1958年，那届世界杯恰好在瑞典进行。
96 7 3 2 3 0.396
老队长布冯的国脚生涯也在这场失利后画上了句号，他国家队的出场次数停留在了175次。
96 14 5 2 2 0.707
巴拿马、冰岛历史首次晋级世界杯决赛圈，埃及、摩洛哥、秘鲁等球队也是时隔许久后重返世界杯大家庭。
96 13 5 1 2 -0.002
有失意者，自然就会有新面孔。
96 20 8 1 2 0.664
根据规则，排名前7位的球队以及东道主俄罗斯队，将成为世界杯决赛圈32强分组抽签的种子队。
96 21 8 2 2 0.265
他们分别是：俄罗斯队、德国队、巴西队、葡萄牙队、阿根廷队、比利时队、波兰队和法国队。
96 22 9 1 2 0.616
2010年世界杯冠军西班牙队在当期排名中位列法国队之后，未能成为种子队，而是落入到第二档。
96 23 9 2 2 0.478
同时进入第二档的前世界冠军队还有乌拉圭与英格兰，再加上三档的丹麦与瑞典、四档的塞尔维亚等劲旅，虽然抽签有回避规则，但世界杯小组赛还是可能出现不止一个“死亡之组”。
97 31 6 1 6 0.637
上届世界杯获得亚军，梅西的阿根廷此番又将再度出征。
97 32 6 2 6 0.171
相比四年前而言，如今的阿根廷已经显得有点老了，87年左右出生的“黄金一代”也基本跨过了30大关，后继的人才其实是比较缺乏的。
98 3 2 1 3 0.706
在北京时间16日进行的2017年世界杯预选赛洲际附加赛第二回合比赛中，秘鲁主场以2：0击败了新西兰队。
98 4 2 2 3 0.656
获得了最后一个2018年俄罗斯世界杯决赛圈席位。
98 5 2 3 3 0.598
至此，俄罗斯世界杯的32强全部产生。
98 6 3 1 1 0.658
世界杯小组赛的分组抽签将于北京时间12月1日在俄罗斯进行。
100 1 1 1 3 0.706
在北京时间16日进行的2017年世界杯预选赛洲际附加赛第二回合比赛中，秘鲁主场以2：0击败了新西兰队。
100 2 1 2 3 0.656
获得了最后一个2018年俄罗斯世界杯决赛圈席位。
100 3 1 3 3 0.598
至此，俄罗斯世界杯的32强全部产生。
100 7 3 3 3 0.673
瑞典出线则最令人信服，从小组赛阶段到附加赛，一共遇到了法国、荷兰和意大利三支传统球队，硬生生让荷兰时隔16年无缘世界杯、让意大利时隔60年无缘世界杯。
100 6 3 2 3 0.573
葡萄牙出线最为刺激，最后一轮与豪夺9连胜的瑞士进行天王山战役，最终主场2-0获胜后双方同积27分，C罗的球队以净胜球优势出线。
100 9 5 1 3 0.635
日本和伊朗均是提前获得出线权，沙特和韩国则是最后一轮世预赛惊险拿到世界杯参赛资格。
100 10 5 2 3 0.485
澳大利亚在亚洲区附加赛上惊险击败叙利亚后，又与北美区第四名洪都拉斯PK，最终凭借着第二回合主场3-0大胜获得出线权。
100 12 6 1 1 0.617
获得2018年世界杯参赛资格的北美球队共3支，分别是墨西哥、哥斯达黎加和巴拿马。
100 13 7 1 1 0.607
墨西哥和哥斯达黎加皆是提前获得出线权，最后一轮世预赛，美国爆冷输球，巴拿马赢球后史上第一次获得世界杯参赛资格。
100 16 10 1 1 0.607
获得2018年世界杯参赛资格的南美球队共5支，分别是巴西、乌拉圭、阿根廷、哥伦比亚和秘鲁。
100 17 11 1 4 0.634
巴西提前四轮出线，18场世预赛仅输1场，曾一度夺得9连胜，是第一支从世预赛突围的球队。
100 18 11 2 4 0.459
阿根廷最后一轮之前还排在第六位，但凭借着梅西帽子戏法救主3-1击败厄瓜多尔后最终以小组第三获得出线权。
100 20 11 4 4 0.602
两届美洲杯冠军智利遗憾出局。
100 19 11 3 4 0.588
秘鲁通过洲际附加赛击败新西兰，时隔36年再次获得参赛资格。
