4 3 2 1 3 0.606
具体到每支球队，沙特被分到了A组，同组球队包括东道主俄罗斯，南美劲旅乌拉圭以及非洲的埃及队。
4 4 2 2 3 0.362
整体实力上，沙特无疑是小组中最菜的一支了。
6 1 1 1 2 0.708
昨晚，2018俄罗斯世界杯抽签仪式落幕，32强分组以及小组赛赛场随即出炉。
6 2 1 2 2 0.497
而为了照顾亚洲球迷的看球时间，保证世界杯收视率，国际足联又对赛程进行了微调，日本、韩国、澳大利亚三支亚洲球队各有1场比赛提前开打，而法国、德国、波兰三队各有1场比赛对调到北京时间的后半夜进行。
8 19 6 2 3 0.663
6月14日，同属A组的东道主俄罗斯队和沙特阿拉伯队将在莫斯科打响本届世界杯的揭幕战。
8 18 6 1 3 0.434
俄罗斯世界杯足球赛决赛阶段的比赛将于明年6月14日到7月15日，在莫斯科、圣彼得堡、加里宁格勒、索契等11座城市举行。
8 20 6 3 3 0.516
球星发出邀请相约2018年世界杯32强，32支队伍，每队的当家球星都用自己的语言，向其他进入决赛圈的球队表示祝贺，向全世界球迷发出邀请，相约2018俄罗斯世界杯。
9 1 1 1 1 0.613
2018年俄罗斯世界杯小组赛分组抽签仪式于北京时间昨天晚上11点，在莫斯科克里姆林宫举行。
12 2 2 1 4 0.704
2018FIFA俄罗斯世界杯32强名单已经出炉，小组赛分组抽签仪式于12月1日在俄罗斯克里姆林宫举行。
12 3 2 2 4 0.302
抽签仪式的结果，将在一定程度上影响各队在本届世界杯的表现，众多政府官员、知名媒体、嘉宾以及商业机构出席仪式。
13 1 1 1 3 0.635
2018年俄罗斯世界杯小组赛抽签仪式在莫斯科的克里姆林宫落下帷幕，32支国家队被分为8个小组，将于明年夏天争夺第21届世界杯的桂冠。
13 2 1 2 3 0.451
根据抽签结果，世界排名前八位的国家队中，除排名第三的葡萄牙和排名第八的西班牙同组以外，其他队都被分在不同组中。
14 1 1 1 2 0.704
2018FIFA俄罗斯世界杯32强名单已经出炉，小组赛分组抽签仪式于12月1日在俄罗斯克里姆林宫举行。
14 2 1 2 2 0.455
作为2018FIFA俄罗斯世界杯的官方赞助商，当天，vivo也正式将第一批官方手机移交给FIFA组委会。
15 13 7 1 1 0.62
本届世界杯32强中，东道主俄罗斯的世界排名最低，这当然有他们没参加世界杯预选赛的原因，但从实力考量，俄罗斯恐怕也只能被排在第四档。
15 15 8 2 2 0.624
参照作为抽签标准的2017年10月国际足联世界排名，俄罗斯与沙特的揭幕战，将是这届世界杯排名最低的两支球队互掐。
15 14 8 1 2 0.406
但东道主与乌拉圭、埃及和沙特同组，无疑算获得了上签：三个对手分别是二、三、四档球队中排名的倒数第二、倒数第三、和倒数第一。
16 1 1 1 2 0.661
中新网北京12月2日电北京时间12月1日深夜，2018年俄罗斯世界杯小组赛分组抽签仪式在俄罗斯莫斯科克里姆林宫举行，32强分组结果尘埃落定。
16 2 1 2 2 0.444
这意味着明年6月，全球32强时隔四年将齐聚俄罗斯重燃战火，争夺大力神杯的至上荣耀。
18 1 1 1 1 0.663
2018年世界杯足球赛决赛圈抽签仪式1日在俄罗斯莫斯科克里姆林宫举行，32支参赛球队被分入8个小组。
19 1 1 1 3 0.682
2018年俄罗斯世界杯足球赛分组抽签结果1日在莫斯科克里姆林宫揭晓，同属A组的俄罗斯队与沙特阿拉伯队将在明年6月14日在莫斯科打响本届世界杯揭幕战。
19 2 1 2 3 0.254
尔后分属B组到H组的葡萄牙队与西班牙队、法国队与澳大利亚队、阿根廷队与冰岛队、巴西队与瑞士队、德国队与墨西哥队、比利时队与巴拿马队、波兰队与塞内加尔队将捉对厮杀。
20 1 1 1 1 0.681
中青在线北京12月2日电（中国青年报·中青在线记者郭剑）北京时间12月2日凌晨，2018俄罗斯世界杯小组赛抽签仪式在莫斯科克里姆林宫结束，众多球迷期待的“死亡小组”没有出现，东道主俄罗斯队将与亚洲球队沙特阿拉伯队进行揭幕战。
21 55 20 1 2 0.611
晋级世界杯决赛圈后主帅斯拉沃柳布·穆斯林下课。
21 56 20 2 2 0.177
目前的临时主帅是穆拉登·科尔斯塔季奇，他同时也是波黑俱乐部比耶利纳工人的主席。
25 1 1 1 2 0.692
新华网莫斯科12月1日电1日，2018年俄罗斯世界杯小组赛分组抽签仪式在莫斯科举行，32强分组结果尘埃落定。
25 2 1 2 2 0.533
作为2018年俄罗斯世界杯的官方赞助商，当天，vivo也正式将第一批世界杯官方手机移交给国际足联。
26 1 1 1 1 0.632
新华社莫斯科12月1日电(记者栾海)2018年俄罗斯世界杯足球赛分组抽签仪式1日在莫斯科克里姆林宫举行,同属A组的俄罗斯队与沙特阿拉伯队将于明年6月14日在莫斯科打响本届世界杯揭幕战。
27 12 4 2 2 0.637
不过值得一提的是，沙特队将与东道主俄罗斯队联袂奉献本届世界杯的揭幕战。
27 11 4 1 2 0.459
相较而言，沙特想从小组中突围难度极大，他们是32强中排名最低的球队。
32 2 2 1 2 0.663
据俄罗斯卫星通讯报道，2018俄罗斯世界杯抽签仪式在莫斯科克里姆林宫举行。
32 3 2 2 2 0.232
普京表示：“我们翘首以盼世界杯的到来，并有意将其打造成最高水平的一届，使球员得以施展所有技能，展现真正的大足球运动。”
33 1 1 1 2 0.624
北京时间12月1日23时（俄罗斯当地时间18时），2018年世界杯小组赛抽签在莫斯科克里姆林宫举行。
33 2 1 2 2 0.461
西班牙与葡萄牙同组；英格兰抽到比利时。
35 4 2 1 6 0.673
A组其他的另外三支球队分别是东道主俄罗斯，非洲杯亚军埃及，以及南美劲旅乌拉圭。
35 5 2 2 6 0.351
从三支球队的实力来看，乌拉圭无疑是最强的一支，他们锋线上拥有卡瓦尼、苏亚雷斯等球星，攻击力非其他球队可以比拟的。
36 3 2 1 3 0.606
具体到每支球队，沙特被分到了A组，同组球队包括东道主俄罗斯，南美劲旅乌拉圭以及非洲的埃及队。
36 4 2 2 3 0.362
整体实力上，沙特无疑是小组中最菜的一支了。
37 1 1 1 1 0.62
北京时间12月1日晚23时，2018年世界杯决赛圈分组抽签仪式在俄罗斯首都莫斯科的克里姆林宫举行。
39 1 1 1 1 0.619
北京时间2017年12月1日，2018俄罗斯世界杯分组抽签落定，博彩公司也更新了32强的夺冠赔率，相比32强正式出炉时候的赔率，德国超过巴西独居榜首，法国位列第三，西班牙、阿根廷紧随其后，韩国由于同德国、墨西哥、瑞典同组，赔率暴跌。
39 13 13 1 1 0.834
俄罗斯34.00
43 1 1 1 2 0.613
中新网12月1日电北京时间1日晚，2018年俄罗斯世界杯32强分组抽签结果在莫斯科揭晓。
42 2 1 2 2 0.575
世界杯32强按照世界排名分为4档，经过分组抽签，明年世界杯的8个小组全部产生。
43 2 1 2 2 0.476
卫冕冠军德国队进入F组，葡萄牙与西班牙同处B组，比利时与英格兰落入G组。
44 1 1 1 2 0.62
北京时间12月1日晚23时，2018年世界杯决赛圈分组抽签仪式在俄罗斯首都莫斯科的克里姆林宫举行。
44 2 1 2 2 0.616
作为东道主，俄罗斯总理普京在仪式的开始发表了讲话，欢迎32支参赛球队。
45 1 1 1 1 0.665
新华社莫斯科12月1日电2018年世界杯足球赛决赛圈抽签仪式1日在俄罗斯莫斯科克里姆林宫举行，32支参赛球队被分入8个小组。
46 1 1 1 2 0.624
北京时间12月1日23时（俄罗斯当地时间18时），2018年世界杯小组赛抽签在莫斯科克里姆林宫举行。
46 2 1 2 2 0.461
西班牙与葡萄牙同组；英格兰抽到比利时。
46 3 2 1 2 0.63
世界杯预选赛经过872场较量，决出31支球队，与东道主俄罗斯参加本次抽签，其中冰岛和巴拿马是首次打进决赛圈，秘鲁1982年以来首次出线，埃及则时隔28年再度参加世界杯。
46 4 2 2 2 0.353
但四星意大利1958年以来首度缺席，连夺美洲杯的智利也惨遭淘汰，美国队1986年以来首次无缘决赛圈。
51 1 1 1 2 0.725
12月1日，2018年俄罗斯世界杯小组赛分组抽签仪式在俄罗斯莫斯科克里姆林宫举行。
51 2 1 2 2 0.467
作为2018FIFA俄罗斯世界杯的官方赞助商，中国品牌vivo也正式将第一批官方手机移交给FIFA组委会。
53 3 2 1 1 0.615
世界杯的抽签地放在了俄罗斯的克里姆林宫举行，俄罗斯总统普京也将出席这次抽签活动。
59 1 1 1 2 0.641
2018年俄罗斯世界杯分组抽签仪式，将于明天凌晨在俄罗斯克林姆林宫举行。
59 2 1 2 2 0.135
在这项举世瞩目的仪式举行之前，伊朗大将萨达尔-阿兹蒙却提出了一项让国际足联为难的呼吁。
61 1 1 1 2 0.675
2018年俄罗斯世界杯抽签仪式，明天凌晨将在俄罗斯首都莫斯科的克里姆林宫进行。
60 3 1 3 3 0.458
这次世界杯抽签，会不会抽出“死亡之组”？东道主俄罗斯将会面对怎样的小组对手？亚洲球队的“签景”又将如何？我们拭目以待。
61 2 1 2 2 0.406
在分组抽签之前，英媒分析了英格兰的抽签前景，并列出了英格兰可能陷入的三大死亡之组。
68 12 11 1 1 0.618
进入2018年世界杯决赛阶段的32强中，东道主俄罗斯队是今年10月公布的世界排名中，位居32强末位的那一支。
76 22 8 2 2 0.6
“明年俄罗斯将举办世界杯足球比赛，我们欢迎中国游客到俄罗斯共享足球盛会。”他说。
76 21 8 1 2 -0.008
萨福诺夫认为，俄中未来可以进一步扩大在边境旅游、北极旅游、邮轮旅游、医疗旅游、教育旅游、探险旅游、体育旅游等方面的合作。
80 1 1 1 2 0.61
随着秘鲁与新西兰的附加赛尘埃落定，明年世界杯的32强名单已全部出炉，世界杯分组抽签仪式将于12月1日在俄罗斯进行。
80 2 1 2 2 0.421
国际足联今日正式公布了八位抽签嘉宾的人选。
91 2 1 2 2 0.683
至此，俄罗斯世界杯32强全部揭晓。
91 1 1 1 2 0.493
北京时间昨天，南美区的秘鲁队在世预赛附加赛中战胜新西兰队，拿到了2018年世界杯决赛圈的最后一张门票。
91 10 5 1 2 0.64
随着秘鲁队的出线，2018年俄罗斯世界杯的32支球队已经全部确定。
91 11 5 2 2 0.423
除了大洋洲区外，其他五个大洲的预选赛区都有球队获得决赛圈参赛资格，其中亚洲区5队，欧洲区14队（含东道主），非洲区5队，中北美及加勒比地区3队，南美区5队。
91 12 6 1 5 0.614
世界杯32强分组抽签将于俄罗斯当地时间12月1日在莫斯科克里姆林宫进行，32强将会被分为8个小组。
91 13 6 2 5 0.559
所有球队被分为4档，其中东道主俄罗斯队作为一档种子队自动落入A1的位置，其他球队按照2017年10月的FIFA世界排名依次进入一档（种子队）、二档、三档和四档。
93 1 1 1 2 0.619
北京时间11月14日凌晨，2018年俄罗斯世界杯预选赛欧洲区附加赛第二回合，意大利坐镇主场圣西罗迎战瑞典，最终0:0战平，意大利总比分0:1无缘世界杯。
93 2 1 2 2 0.213
终场哨响后，多名意大利球员跪地掩面哭泣。
93 6 2 4 4 0.625
当地时间12月1日，俄罗斯世界杯的分组抽签仪式将在莫斯科的克里姆林宫举行。
93 5 2 3 4 0.428
此外，来自欧洲的冰岛队和中北美及加勒比海地区的巴拿马队则将在明年首次登上世界杯决赛阶段比赛的舞台。
93 18 7 3 3 0.608
作为4届世界杯冠军得主，“蓝衣军团”自1958年以来首次无缘世界杯决赛阶段比赛，也成为8支世界杯冠军球队中唯一未能获得俄罗斯世界杯入场券的球队。
93 17 7 2 3 0.448
北京时间11月14日凌晨，意大利队在主场圣西罗球场以0∶0被瑞典队逼平，从而以0∶1的总比分遗憾地与俄罗斯世界杯决赛圈擦肩而过。
93 25 9 4 4 0.614
此外，上届美洲杯冠军智利队，今年的非洲国家杯冠军喀麦隆队以及中北美及加勒比海地区金杯赛冠军美国队均未能晋级俄罗斯世界杯决赛圈。
93 24 9 3 4 -0.009
与意大利队类似，荷兰队也在经历着人才断档所造成的困难。
95 1 1 1 2 0.693
随着秘鲁在世界杯附加赛中淘汰新西兰，进入2018年俄罗斯世界杯决赛圈的32支球队也全部确定。
95 2 1 2 2 0.467
在经历了各大洲预选赛的激烈突围后，这32支球队又将要在世界杯正赛的舞台上展开厮杀，如今他们就要迎来登顶世界之巅的第一关——分组抽签。
95 3 2 1 2 0.673
2018年俄罗斯世界杯32强分组抽签仪式将于俄罗斯当地时间12月1日在克里姆林宫举行。
95 4 2 2 2 0.543
根据国际足联制定的分组抽签规则，32支参赛球队将被分成4档，其中东道主俄罗斯自动成为第一档种子队，落入A1位置，剩余的球队则按照2017年10月国际足联世界排名依次进入第一档（种子队）、第二档、第三档和第四档，这样完全按照世界排名分档的规则也与之前将同一大洲（地区）球队分在同一档的规则产生很大不同。
96 20 8 1 2 0.631
根据规则，排名前7位的球队以及东道主俄罗斯队，将成为世界杯决赛圈32强分组抽签的种子队。
96 21 8 2 2 0.297
他们分别是：俄罗斯队、德国队、巴西队、葡萄牙队、阿根廷队、比利时队、波兰队和法国队。
98 4 2 2 3 0.626
获得了最后一个2018年俄罗斯世界杯决赛圈席位。
98 3 2 1 3 0.462
在北京时间16日进行的2017年世界杯预选赛洲际附加赛第二回合比赛中，秘鲁主场以2：0击败了新西兰队。
98 5 2 3 3 0.609
至此，俄罗斯世界杯的32强全部产生。
98 6 3 1 1 0.61
世界杯小组赛的分组抽签将于北京时间12月1日在俄罗斯进行。
100 2 1 2 3 0.626
获得了最后一个2018年俄罗斯世界杯决赛圈席位。
100 1 1 1 3 0.462
在北京时间16日进行的2017年世界杯预选赛洲际附加赛第二回合比赛中，秘鲁主场以2：0击败了新西兰队。
100 3 1 3 3 0.609
至此，俄罗斯世界杯的32强全部产生。
