2
14 11 4 5 6 0.393
借助与世界杯的合作，vivo希望能在当地市场有一个良好的开端。
14 12 4 6 6 0.615
2018年FIFA俄罗斯世界杯正式开始后，FIFA组委会将使用vivoX20FIFA特别版向世界分享这一备受期待的足球赛事,将vivo具有创造力、乐趣的品牌形象传递给世界各地的消费者。
2
32 4 3 1 2 0.662
普京希望，本届世界杯能给所有前来俄罗斯支持自己国家球队的球迷留下深刻印象。
32 5 3 2 2 0.197
历史上首次在俄罗斯境内举办的世界杯将于2018年6月14日—7月15日举行。
1
51 13 6 1 1 0.615
2018年FIFA俄罗斯世界杯正式开始后，FIFA组委会将使用vivoX20FIFA特别版向世界分享这一备受期待的足球赛事，将vivo具有创造力、乐趣的品牌形象传递给世界各地的消费者。
2
55 2 2 1 2 0.613
英国高级警官呼吁英格兰球迷远离挑衅性的民族主义歌曲，他们已经得知俄罗斯当局的处罚措施。
55 3 2 2 2 0.304
如果英格兰球迷重演法国欧洲杯期间的暴力行为，他们可能被驱逐出境，也可能面临8到15年的监禁。
2
67 19 10 1 2 0.635
作为2018年俄罗斯世界杯的官方支付服务合作伙伴，Visa将在俄罗斯弘扬足球精神，期待在全球各地的球迷面前展示数字支付的未来。
67 20 10 2 2 0.374
如欲进一步了解Visa对2018年俄罗斯世界杯的赞助，请访问。
2
76 4 3 1 5 0.606
萨福诺夫表示，中国游客是俄罗斯欢迎的客人。
76 5 3 2 5 0.34
俄中两国人民有着长久的友谊，旅游合作的发展有助于扩大文化交流，增进相互了解。
2
76 21 8 1 2 0.208
萨福诺夫认为，俄中未来可以进一步扩大在边境旅游、北极旅游、邮轮旅游、医疗旅游、教育旅游、探险旅游、体育旅游等方面的合作。
76 22 8 2 2 0.668
“明年俄罗斯将举办世界杯足球比赛，我们欢迎中国游客到俄罗斯共享足球盛会。”他说。
1
79 10 5 1 1 0.641
接下来，来自盛开体育旅游的郑来先生对目前正在面向中国球迷销售的俄罗斯世界杯观赛产品进行了介绍：“本次世界杯官方款待球票的票价是7000元起步，涵盖观赛和旅游的套餐售价则为14500元起步。目前已经推出了包括开幕式+揭幕战系列、半决赛和决赛系列以及德国、阿根廷和巴西等深受中国球迷追捧的球队跟队系列，球迷们不仅可以亲临世界杯现场，还将获得球星亲笔签名球衣，为自己热爱的球队呐喊助威。相信2018俄罗斯世界杯将成为全球球迷狂欢的海洋，球迷们也将在俄罗斯留下属于自己的珍贵记忆。”
1
92 1 1 1 1 0.639
昨天2018俄罗斯世界杯决赛圈32强出炉，虽然热闹是别人的，但中国球迷的热情很快被另一则新闻点燃：国家队主教练里皮透露，中国足协将申办2030世界杯。
3
92 11 5 3 5 0.045
在没有做好足够的考虑和准备之前，盲目的呼吁和造势，有些不负责任。
92 12 5 4 5 0.638
中国球迷对世界杯的热情显而易见，中国举办大型赛事的能力也不容置疑，但足球终究是要到场上踢的。
92 13 5 5 5 0.053
如果只是为了一个东道主名额，是否有些赶鸭子上架呢？
