2
4 3 2 1 3 0.671
具体到每支球队，沙特被分到了A组，同组球队包括东道主俄罗斯，南美劲旅乌拉圭以及非洲的埃及队。
4 4 2 2 3 0.454
整体实力上，沙特无疑是小组中最菜的一支了。
3
4 6 3 1 3 0.557
伊朗的运气坏到了家，分到了葡萄牙和西班牙两支豪强的小组，这两支球队对任何三四档的球队都是难以跨越的高峰。
4 7 3 2 3 0.623
澳大利亚的情况也好不了多少，遭遇了两支欧洲球队法国和丹麦，剩下的一个对手则是力压智利出线的南美球队秘鲁。
4 8 3 3 3 0.237
袋鼠军团的前景也不太看好。
3
8 6 2 4 6 0.405
“两牙对磕”有看点阿根廷艰险重重相比之下，B组的葡萄牙、西班牙“两牙对磕”还算有看点；在D组，阿根廷队与欧洲“新贵”冰岛队的对决引人注目，同组的克罗地亚、尼日利亚实力也不俗。
8 7 2 5 6 0.645
亚洲球队“签运”好坏参半亚洲球队方面，日本队的“签运”不错；伊朗队和西班牙、葡萄牙分在一起，出线前景不妙；韩国队与世界冠军“日耳曼战车”同组，而墨西哥队、瑞典队也不容小觑。
8 8 2 6 6 0.386
东道主俄罗斯上上签还是中签？不少俄罗斯球迷都觉得，作为东道主，自己的主队抽到了一支上上签。
3
9 2 2 1 4 0.551
根据规则，32支参赛队被分成四个档次，每档8支球队。
9 3 2 2 4 0.615
国际足联分档的参考依据是各支球队今年10月的世界排名。
9 4 2 3 4 0.643
东道主俄罗斯队与排名靠前的七支球队成为一档种子队，且俄罗斯队自动落入A1位置。
1
9 5 2 4 4 0.541
其余24支球队依次进入第二档、第三档和第四档。
3
10 4 2 1 3 0.44
在两队的直接较量中，克罗地亚主场2比0战胜冰岛，而冰岛也在主场1比0战胜克罗地亚。
10 5 2 2 3 0.622
阿根廷队所在的小组还有尼日利亚，尼日利亚是非洲区第一支获得世界杯参赛资格的球队。
10 6 2 3 3 0.287
值得一提的是，阿根廷和尼日利亚在世界杯上已经6次碰在一起了，其中5次是在小组赛中相遇。
1
20 3 3 1 1 0.684
不过亚洲球队在本届世界杯上的前景并不被舆论界普遍看好：沙特同组球队有俄罗斯和乌拉圭，伊朗同组球队有葡萄牙和西班牙，澳大利亚碰上了状态正好的法国和丹麦，F组德国、墨西哥、瑞典三支球队实力均在韩国之上，而有希望出线的是已经能与欧洲二流球队进行整体抗衡的日本，他们同组球队实力相当，一旦有机可乘日本或许能完成小组出线的目标。
2
21 81 31 1 4 0.603
主帅何塞·佩克尔曼是犹太裔阿根廷人，2012年成为球队主帅。
21 82 31 2 4 0.391
在成功晋级2014年世界杯后，佩克尔曼被哥伦比亚总统胡安·曼努埃尔·桑托斯归化成哥伦比亚籍。
2
22 18 11 1 2 0.392
而尼日利亚所在D组，在中国有着相当多拥趸的阿根廷所在组，或许是第二支真正意义上的“死亡之组”。
22 19 11 2 2 0.624
阿根廷和克罗地亚和冰岛这两支风格比较强硬的欧洲球队分在了一起，另外一支球队则是风貌一新的尼日利亚。
2
22 27 14 2 3 0.393
克罗地亚通过附加赛才进世界杯，虽然出线过程有些艰难，但在欧洲出线历来如此。
22 28 14 3 3 0.605
这支球队在历届世界杯的表现都相当出色。
2
27 42 16 1 2 0.614
其他三支球队，瑞士连续三届世界杯晋级16强，有着丰富的小组赛突围经验，哥斯达黎加是上届黑马，塞尔维亚是传统劲旅。
27 43 16 2 2 0.191
无论最终是谁抢到小组第二，都不能算是意外。
3
27 55 21 1 3 0.591
二档的另一支强队英格兰落入G组，本组的种子队是比利时。
27 56 21 2 3 0.61
两支球队可谓知根知底，比利时阵中有多位球员在英超效力。
27 57 21 3 3 0.545
考虑到本组其他两支球队的实力，当比利时与英格兰末轮相遇时，很可能是一场皆大欢喜的双双晋级。
2
35 4 2 1 6 0.684
A组其他的另外三支球队分别是东道主俄罗斯，非洲杯亚军埃及，以及南美劲旅乌拉圭。
35 5 2 2 6 0.544
从三支球队的实力来看，乌拉圭无疑是最强的一支，他们锋线上拥有卡瓦尼、苏亚雷斯等球星，攻击力非其他球队可以比拟的。
2
36 3 2 1 3 0.671
具体到每支球队，沙特被分到了A组，同组球队包括东道主俄罗斯，南美劲旅乌拉圭以及非洲的埃及队。
36 4 2 2 3 0.454
整体实力上，沙特无疑是小组中最菜的一支了。
3
36 7 3 2 4 -0.004
没想到，伊朗成了倒霉蛋。
36 8 3 3 4 0.623
澳大利亚的情况也好不了多少，遭遇了两支欧洲球队法国和丹麦，剩下的一个对手则是力压智利出线的南美球队秘鲁。
36 9 3 4 4 0.237
袋鼠军团的前景也不太看好。
2
37 6 3 1 3 0.658
本届世界杯分组抽签按照2017年10月份世界足联的排名来确定球队分档，不妨来看看A组四支球队在10月份的排名：东道主俄罗斯，排名第65位；沙特阿拉伯第63位，埃及第30位，乌拉圭第17位。
37 7 3 2 3 0.555
从排名上看，俄罗斯和沙特阿拉伯是32强力排名最低的两支球队，而时隔28年重返世界杯的埃及缺乏经验，虽然拥有萨拉赫，但在世界杯上的前景不被看好。
2
37 9 4 1 2 0.438
和A组的孱弱比起来，其余7个小组都有较明显的实力对比。
37 10 4 2 2 0.631
B组的葡萄牙、西班牙算两支超级强队，一个是2016年欧洲杯冠军，一个是2008年欧洲杯、2010年世界杯冠军；C组的法国实力明显高出一筹；D组，阿根廷真正的对手也许只有克罗地亚；E组，其余三支球队对巴西都构不成真正的威胁；F组，夺冠大热门德国当然是小组里最强的球队；欧洲红魔比利时在G组里要面对英格兰的挑战；H组，波兰和哥伦比亚是较强的两支球队。
3
43 3 2 1 4 0.551
根据规则，32支参赛队被分成四个档次，每档8支球队。
43 4 2 2 4 0.615
国际足联分档的参考依据是各支球队今年10月的世界排名。
43 5 2 3 4 0.643
东道主俄罗斯队与排名靠前的七支球队成为一档种子队，且俄罗斯队自动落入A1位置。
1
43 6 2 4 4 0.541
其余24支球队依次进入第二档、第三档和第四档。
2
46 3 2 1 2 0.612
世界杯预选赛经过872场较量，决出31支球队，与东道主俄罗斯参加本次抽签，其中冰岛和巴拿马是首次打进决赛圈，秘鲁1982年以来首次出线，埃及则时隔28年再度参加世界杯。
46 4 2 2 2 0.316
但四星意大利1958年以来首度缺席，连夺美洲杯的智利也惨遭淘汰，美国队1986年以来首次无缘决赛圈。
2
46 5 3 1 4 0.669
32支球队分为4档，俄罗斯作为东道主自动获得A1位，其他球队按照2017年10月FIFA世界排名进入第1档（种子队）和其他3档。
46 6 3 2 4 0.584
与上届抽签不同，本届分档不看球队所属大洲，而只依照世界排名划分。
2
51 6 3 1 2 0.681
根据抽签规则，32支球队将被分成4档，东道主俄罗斯与德国、巴西、葡萄牙、阿根廷、比利时、波兰、法国一起成为一档种子队，其余球队将根据10月16日公布的国际足联排名进行分档。
51 7 3 2 2 0.596
这4档球队则按照8支种子队相互回避、除欧洲区外同大洲球队回避等原则，在全球数以亿计的注视下，在抽签仪式现场依次被分入8个小组。
2
68 22 19 1 2 0.682
2014年巴西世界杯上，四支参赛的亚洲球队在各自小组中全部垫底。
68 23 19 2 2 0.527
四年之后，五支亚洲球队参加俄罗斯世界杯，他们的“签运”，恐怕就将决定各自最终的命运。
1
68 24 20 1 1 0.63
对于第四档的四支亚洲球队来说，同时抽到俄罗斯、克罗地亚（或哥伦比亚）和塞内加尔应算是一个“上签”。
1
85 2 2 1 1 0.606
5支亚洲球队进入世界杯决赛圈，是亚洲足球不断进步的最好证明——小组赛只输1场却因净胜球关系被沙特队挤到附加赛的澳大利亚队战胜洪都拉斯队，为亚洲足球带来荣耀时刻，不过国际足坛重心仍在欧洲，欧洲区预选赛的风云变幻才是国际足坛主要议题。
3
91 12 6 1 5 0.447
世界杯32强分组抽签将于俄罗斯当地时间12月1日在莫斯科克里姆林宫进行，32强将会被分为8个小组。
91 13 6 2 5 0.619
所有球队被分为4档，其中东道主俄罗斯队作为一档种子队自动落入A1的位置，其他球队按照2017年10月的FIFA世界排名依次进入一档（种子队）、二档、三档和四档。
91 14 6 3 5 0.386
和之前的世界杯不同，这次所有分档完全按照世界排名，而不是基于地理上的考虑将同一大洲的球队分在一档。
2
93 17 7 2 3 0.275
北京时间11月14日凌晨，意大利队在主场圣西罗球场以0∶0被瑞典队逼平，从而以0∶1的总比分遗憾地与俄罗斯世界杯决赛圈擦肩而过。
93 18 7 3 3 0.616
作为4届世界杯冠军得主，“蓝衣军团”自1958年以来首次无缘世界杯决赛阶段比赛，也成为8支世界杯冠军球队中唯一未能获得俄罗斯世界杯入场券的球队。
2
93 24 9 3 4 0.064
与意大利队类似，荷兰队也在经历着人才断档所造成的困难。
93 25 9 4 4 0.626
此外，上届美洲杯冠军智利队，今年的非洲国家杯冠军喀麦隆队以及中北美及加勒比海地区金杯赛冠军美国队均未能晋级俄罗斯世界杯决赛圈。
3
93 26 10 1 3 0.572
在俄罗斯世界杯的32强球队全部产生之后，世界杯的分档情况随即出炉。
93 27 10 2 3 0.644
32支球队根据2017年10月的国际足联排名顺序排列分为4档，将在莫斯科克里姆林宫举行的分组抽签仪式中，32支球队将被分为8个小组，每个小组由4个档次中各自抽取出1支球队组成。
93 28 10 3 3 0.563
除欧洲外，同一小组中不能有来自相同大洲的球队，而每个小组中欧洲球队的数量也不能超过两支。
2
94 16 7 1 2 0.301
对于意大利国家队，错失世界杯的损失是直接的，那就是至少800万美元的分红。
94 17 7 2 2 0.621
800万美元是国际足联对小组赛出线球队的分红底线。
2
95 1 1 1 2 0.62
随着秘鲁在世界杯附加赛中淘汰新西兰，进入2018年俄罗斯世界杯决赛圈的32支球队也全部确定。
95 2 1 2 2 0.459
在经历了各大洲预选赛的激烈突围后，这32支球队又将要在世界杯正赛的舞台上展开厮杀，如今他们就要迎来登顶世界之巅的第一关——分组抽签。
2
95 3 2 1 2 0.334
2018年俄罗斯世界杯32强分组抽签仪式将于俄罗斯当地时间12月1日在克里姆林宫举行。
95 4 2 2 2 0.609
根据国际足联制定的分组抽签规则，32支参赛球队将被分成4档，其中东道主俄罗斯自动成为第一档种子队，落入A1位置，剩余的球队则按照2017年10月国际足联世界排名依次进入第一档（种子队）、第二档、第三档和第四档，这样完全按照世界排名分档的规则也与之前将同一大洲（地区）球队分在同一档的规则产生很大不同。
2
95 14 6 1 3 0.671
而在尼日利亚所在的小组，由于同大洲（地区）回避原则，这一小组第三档球队也排除了突尼斯、埃及、塞内加尔，剩下的5支第三档球队中有3支欧洲球队，第二档的8支球队中也有4支欧洲球队，如果要形成死亡之组的话，最有可能的便是二三档各一支欧洲球队，然后一档球队是阿根廷或者巴西。
95 15 6 2 3 0.438
这两支球队双双落入死亡之组，也并非完全不可能。
2
96 18 7 2 3 0.562
32支参赛队将在分组抽签前被分成四个档次，每档8支球队。
96 19 7 3 3 0.615
国际足联分档的参考依据是各支球队今年10月的世界排名。
2
96 20 8 1 2 0.637
根据规则，排名前7位的球队以及东道主俄罗斯队，将成为世界杯决赛圈32强分组抽签的种子队。
96 21 8 2 2 0.301
他们分别是：俄罗斯队、德国队、巴西队、葡萄牙队、阿根廷队、比利时队、波兰队和法国队。
1
100 8 4 1 1 0.688
获得2018年世界杯参赛资格的亚洲球队共5支，分别是日本、沙特、伊朗、韩国和澳大利亚（亚足联旗下球队）。
1
100 12 6 1 1 0.648
获得2018年世界杯参赛资格的北美球队共3支，分别是墨西哥、哥斯达黎加和巴拿马。
1
100 14 8 1 1 0.633
获得2018年世界杯参赛资格的非洲球队共5支，分别是突尼斯、尼日利亚、摩洛哥、塞内加尔和埃及。
1
100 16 10 1 1 0.658
获得2018年世界杯参赛资格的南美球队共5支，分别是巴西、乌拉圭、阿根廷、哥伦比亚和秘鲁。
