2
1 1 1 1 2 0.679
此前我们曾经报道过，vivo是2018年FIFA俄罗斯世界杯手机品牌独家赞助商，目前2018俄罗斯世界杯的32强名单已经正式公布，激动人心的赛事就要到来。
1 2 1 2 2 0.45
作为独家赞助商，vivo也公布了一款2018FIFA世界杯定制版X20手机。
1
3 1 1 1 1 0.65
参考消息网12月3日报道外媒称，2018年俄罗斯世界杯分组抽签结果显示，本届世界杯第一阶段将充满复仇、重逢和冤家路窄。
2
3 2 2 1 2 0.777
据塔斯社12月1日报道，2018年俄罗斯世界杯分组抽签仪式1日在莫斯科克里姆林宫举行。
3 3 2 2 2 0.747
俄总统普京出席了抽签仪式。
0
2
6 1 1 1 2 0.854
昨晚，2018俄罗斯世界杯抽签仪式落幕，32强分组以及小组赛赛场随即出炉。
6 2 1 2 2 0.4
而为了照顾亚洲球迷的看球时间，保证世界杯收视率，国际足联又对赛程进行了微调，日本、韩国、澳大利亚三支亚洲球队各有1场比赛提前开打，而法国、德国、波兰三队各有1场比赛对调到北京时间的后半夜进行。
2
8 1 1 1 2 0.796
央视网消息：北京时间1日深夜，“2018年俄罗斯世界杯足球赛”的分组抽签仪式，在莫斯科克里姆林宫举行。
8 2 1 2 2 0.289
从结果来看，没有典型意义上的“死亡之组”，东道主俄罗斯的“签运不错”。
2
8 14 5 1 4 0.618
俄罗斯总统普京和国际足联主席因凡蒂诺联袂出场致辞。
8 15 5 2 4 0.326
普京承诺，俄罗斯将竭尽全力将2018年世界杯赛举办成一个国际体育界的盛大节日，把世界团结成一个充满友爱的足球大家庭，让大家一起珍视诚实比赛和友谊，并让这些价值观不受任何国际形势影响。
2
8 16 5 3 4 0.653
国际足联主席：感谢俄罗斯因凡蒂诺感谢普京、感谢俄罗斯政府、感谢本届世界杯组委会,以及俄罗斯人民为举办这一赛事而付出的努力,感谢承办本届世界杯赛事的11座城市。
8 17 5 4 4 0.281
他说，相信明年俄罗斯各地的赛事将给大家带来美好的体验。
3
8 18 6 1 3 0.517
俄罗斯世界杯足球赛决赛阶段的比赛将于明年6月14日到7月15日，在莫斯科、圣彼得堡、加里宁格勒、索契等11座城市举行。
8 19 6 2 3 0.65
6月14日，同属A组的东道主俄罗斯队和沙特阿拉伯队将在莫斯科打响本届世界杯的揭幕战。
8 20 6 3 3 0.578
球星发出邀请相约2018年世界杯32强，32支队伍，每队的当家球星都用自己的语言，向其他进入决赛圈的球队表示祝贺，向全世界球迷发出邀请，相约2018俄罗斯世界杯。
1
9 1 1 1 1 0.798
2018年俄罗斯世界杯小组赛分组抽签仪式于北京时间昨天晚上11点，在莫斯科克里姆林宫举行。
1
9 20 8 1 1 0.645
俄罗斯世界杯将于明年6月14号正式打响，64场比赛将踢遍俄罗斯11个城市的12座球场。
3
11 23 9 1 5 0.205
最近两年，随着一批青年才俊的崛起，英格兰足球也许有机会迎来突破。
11 24 9 2 5 0.619
而本届世界杯，英格兰队的抽签也不错。
11 25 9 3 5 0.3
首战突尼斯，简直是98年世界杯的翻版；次战第一次打世界杯的巴拿马，理论上两轮过后英格兰队就可以拿满6分出线了；最后一轮打比利时，面对这一场“老乡”间的德比，英格兰队也不怵。
2
12 2 2 1 4 0.848
2018FIFA俄罗斯世界杯32强名单已经出炉，小组赛分组抽签仪式于12月1日在俄罗斯克里姆林宫举行。
12 3 2 2 4 0.461
抽签仪式的结果，将在一定程度上影响各队在本届世界杯的表现，众多政府官员、知名媒体、嘉宾以及商业机构出席仪式。
2
13 1 1 1 3 0.762
2018年俄罗斯世界杯小组赛抽签仪式在莫斯科的克里姆林宫落下帷幕，32支国家队被分为8个小组，将于明年夏天争夺第21届世界杯的桂冠。
13 2 1 2 3 0.327
根据抽签结果，世界排名前八位的国家队中，除排名第三的葡萄牙和排名第八的西班牙同组以外，其他队都被分在不同组中。
2
14 1 1 1 2 0.848
2018FIFA俄罗斯世界杯32强名单已经出炉，小组赛分组抽签仪式于12月1日在俄罗斯克里姆林宫举行。
14 2 1 2 2 0.511
作为2018FIFA俄罗斯世界杯的官方赞助商，当天，vivo也正式将第一批官方手机移交给FIFA组委会。
2
15 1 1 1 3 0.602
中新网北京12月2日电(记者王牧青)“西葡同组”、“三狮战红魔”，随着2018俄罗斯世界杯分组抽签揭晓，围绕32强签位的讨论将一直延续到明年6月开赛之前。
15 2 1 2 3 0.139
谁能夺冠、谁是黑马、谁遭遇最严酷赛程，诸多悬念等待被揭开。
2
16 1 1 1 2 0.782
中新网北京12月2日电北京时间12月1日深夜，2018年俄罗斯世界杯小组赛分组抽签仪式在俄罗斯莫斯科克里姆林宫举行，32强分组结果尘埃落定。
16 2 1 2 2 0.403
这意味着明年6月，全球32强时隔四年将齐聚俄罗斯重燃战火，争夺大力神杯的至上荣耀。
2
17 1 1 1 3 0.695
2018年俄罗斯世界杯分组抽签仪式北京时间1日深夜在莫斯科克里姆林宫举行，球王马拉多纳亲临现场并没有给潘帕斯雄鹰带来好运，常常在世界杯上签运不佳的他们再次被抽进“死亡之组”，“梅球王”要想获得首个世界杯冠军还得先闯过小组赛的苦战。
17 2 1 2 3 0.271
同被抽进B组的西班牙和葡萄牙也是签运不济，不但首轮便要对碰，更是在四分之一决赛便很可能会碰上法国或阿根廷。
1
18 1 1 1 1 0.799
2018年世界杯足球赛决赛圈抽签仪式1日在俄罗斯莫斯科克里姆林宫举行，32支参赛球队被分入8个小组。
2
19 1 1 1 3 0.8
2018年俄罗斯世界杯足球赛分组抽签结果1日在莫斯科克里姆林宫揭晓，同属A组的俄罗斯队与沙特阿拉伯队将在明年6月14日在莫斯科打响本届世界杯揭幕战。
19 2 1 2 3 0.122
尔后分属B组到H组的葡萄牙队与西班牙队、法国队与澳大利亚队、阿根廷队与冰岛队、巴西队与瑞士队、德国队与墨西哥队、比利时队与巴拿马队、波兰队与塞内加尔队将捉对厮杀。
1
20 1 1 1 1 0.787
中青在线北京12月2日电（中国青年报·中青在线记者郭剑）北京时间12月2日凌晨，2018俄罗斯世界杯小组赛抽签仪式在莫斯科克里姆林宫结束，众多球迷期待的“死亡小组”没有出现，东道主俄罗斯队将与亚洲球队沙特阿拉伯队进行揭幕战。
2
21 55 20 1 2 0.624
晋级世界杯决赛圈后主帅斯拉沃柳布·穆斯林下课。
21 56 20 2 2 0.155
目前的临时主帅是穆拉登·科尔斯塔季奇，他同时也是波黑俱乐部比耶利纳工人的主席。
1
23 1 1 1 1 0.634
北京时间12月2日凌晨，万众瞩目的俄罗斯世界杯抽签仪式终于落下了帷幕，而这次世界杯抽出的8个小组中，东道主的签运尤其引人瞩目，而俄罗斯的签运相当之好，不由得让人浮想联翩。
1
24 1 1 1 1 0.602
以宇航员作为倒计时元素，俄罗斯世界杯抽签仪式，果然留给球迷足够开放的想象空间。
2
25 1 1 1 2 0.807
新华网莫斯科12月1日电1日，2018年俄罗斯世界杯小组赛分组抽签仪式在莫斯科举行，32强分组结果尘埃落定。
25 2 1 2 2 0.609
作为2018年俄罗斯世界杯的官方赞助商，当天，vivo也正式将第一批世界杯官方手机移交给国际足联。
0
2
25 3 2 1 2 0.648
在抽签仪式的外场，一场简短的官方用机交接仪式也在举行。
25 4 2 2 2 0.505
仪式上，vivo品牌总监邓力向国际足联秘书长萨穆拉赠送了一台vivoX20FIFA特别版手机，这代表着vivo将第一批世界杯官方手机正式交给国际足联。
1
26 1 1 1 1 0.765
新华社莫斯科12月1日电(记者栾海)2018年俄罗斯世界杯足球赛分组抽签仪式1日在莫斯科克里姆林宫举行,同属A组的俄罗斯队与沙特阿拉伯队将于明年6月14日在莫斯科打响本届世界杯揭幕战。
2
27 1 1 1 3 0.633
中新网北京12月2日电(岳川)2018年俄罗斯世界杯32强分组抽签结果于北京时间1日晚揭晓。
27 2 1 2 3 0.397
尽管西班牙、英格兰、乌拉圭三支前世界冠军落入二档，但分组抽签并没有出现传统意义上的“死亡之组”。
2
31 1 1 1 3 0.709
【环球时报综合报道】北京时间12月1日晚，2018年俄罗斯世界杯分组抽签仪式在莫斯科克里姆林宫举行，俄总统普京出席。
31 2 1 2 3 0.327
根据抽签结果，世界排名前八位的国家队中，除排名第三的葡萄牙和排名第八的西班牙同组以外，其他队都被分在不同组中。
2
31 5 3 1 2 0.578
俄罗斯世界杯将于明年6月14日开启。
31 6 3 2 2 0.6
这是2006年德国世界杯后首届在欧洲举办的世界杯。
2
32 2 2 1 2 0.863
据俄罗斯卫星通讯报道，2018俄罗斯世界杯抽签仪式在莫斯科克里姆林宫举行。
32 3 2 2 2 0.241
普京表示：“我们翘首以盼世界杯的到来，并有意将其打造成最高水平的一届，使球员得以施展所有技能，展现真正的大足球运动。”
2
33 1 1 1 2 0.714
北京时间12月1日23时（俄罗斯当地时间18时），2018年世界杯小组赛抽签在莫斯科克里姆林宫举行。
33 2 1 2 2 0.347
西班牙与葡萄牙同组；英格兰抽到比利时。
1
37 1 1 1 1 0.791
北京时间12月1日晚23时，2018年世界杯决赛圈分组抽签仪式在俄罗斯首都莫斯科的克里姆林宫举行。
2
38 1 1 1 7 0.638
北京时间12月1日，2018年俄罗斯世界杯抽签仪式在莫斯科克里姆林宫举行，中超河北华夏幸福球员张呈栋做客新浪《签动世界》节目时表示我在欧洲这么多年，可能是开阔了眼界吧。
38 2 1 2 7 0.411
在有机会参加2018俄罗斯世界杯的中超外援中，我比较熟悉的是维特塞尔。
1
39 13 13 1 1 0.72
俄罗斯34.00
2
42 1 1 1 2 0.669
【环球网综合报道】北京时间12月1日晚间23点(俄罗斯当地时间下午16点)，2018年俄罗斯世界杯小组赛抽签仪式在莫斯科克里姆林宫音乐大厅进行。
42 2 1 2 2 0.579
世界杯32强按照世界排名分为4档，经过分组抽签，明年世界杯的8个小组全部产生。
2
43 1 1 1 2 0.707
中新网12月1日电北京时间1日晚，2018年俄罗斯世界杯32强分组抽签结果在莫斯科揭晓。
43 2 1 2 2 0.354
卫冕冠军德国队进入F组，葡萄牙与西班牙同处B组，比利时与英格兰落入G组。
2
44 1 1 1 2 0.791
北京时间12月1日晚23时，2018年世界杯决赛圈分组抽签仪式在俄罗斯首都莫斯科的克里姆林宫举行。
44 2 1 2 2 0.733
作为东道主，俄罗斯总理普京在仪式的开始发表了讲话，欢迎32支参赛球队。
0
1
45 1 1 1 1 0.793
新华社莫斯科12月1日电2018年世界杯足球赛决赛圈抽签仪式1日在俄罗斯莫斯科克里姆林宫举行，32支参赛球队被分入8个小组。
2
46 1 1 1 2 0.714
北京时间12月1日23时（俄罗斯当地时间18时），2018年世界杯小组赛抽签在莫斯科克里姆林宫举行。
46 2 1 2 2 0.347
西班牙与葡萄牙同组；英格兰抽到比利时。
2
46 9 4 1 4 0.67
大约1300人出席抽签仪式。
46 10 4 2 4 -0.097
贝利、罗纳人多、小罗、马特乌斯，西多夫等名宿来到现场。
2
47 1 1 1 3 0.743
北京时间12月1日晚，2018年俄罗斯世界杯的抽签仪式，在莫斯科的克林姆林宫正式举行。
47 2 1 2 3 0.695
世界足坛的各大名宿汇聚一堂，共同出席了俄罗斯世界杯的抽签仪式。
1
47 3 1 3 3 0.153
而其中最受人瞩目的，无疑是两大球王贝利以及马拉多纳。
2
48 1 1 1 2 0.756
北京时间12月1日晚间，2018年俄罗斯世界杯的抽签仪式，在莫斯科的克林姆林宫正式举行。
48 2 1 2 2 0.563
在大约抽签仪式开始前的半个小时，参与本次世界杯抽签的传奇巨星和嘉宾们也纷纷到场。
2
49 1 1 1 3 0.753
北京时间12月1日晚23时许，俄罗斯世界杯决赛阶段分组抽签仪式将在克里姆林宫上演。
49 2 1 2 3 0.608
随着32强分组形势的出炉，世人瞩目的2018年俄罗斯世界杯关注度越发火热。
1
49 3 1 3 3 0.592
本届杯赛将是国际足联第21届世界杯足球赛，有哪些是你必须get的世界杯知识点？本次世界杯抽签规则、分组流程又有哪些新变化？央视新闻帮你全方位解读↓↓
2
50 1 1 1 2 0.716
俄罗斯当地时间12月1日晚上6点，也就是北京时间晚上11点，2018年俄罗斯世界杯决赛阶段比赛分组抽签仪式将在克里姆林宫进行。
50 2 1 2 2 0.727
据克里姆林宫消息，俄罗斯总统普京将出席今天的抽签仪式。
0
2
50 3 2 1 2 0.636
2018年俄罗斯世界杯会在明年的6月14日拉开帷幕。
50 4 2 2 2 0.189
虽然距离开球还有半年时间，但是正漫天飞雪的俄罗斯，已经开始期待半年后热情洋溢的足球之夏。
2
50 8 6 1 2 0.674
就在决赛圈分组抽签前夕，国际足联公布了本届世界杯第一阶段门票的销售情况。
50 9 6 2 2 0.244
截止11月底，球赛门票已售出近75万张，其中大部分被俄罗斯人买走。
2
51 1 1 1 2 0.879
12月1日，2018年俄罗斯世界杯小组赛分组抽签仪式在俄罗斯莫斯科克里姆林宫举行。
51 2 1 2 2 0.488
作为2018FIFA俄罗斯世界杯的官方赞助商，中国品牌vivo也正式将第一批官方手机移交给FIFA组委会。
1
52 1 1 1 1 0.69
中新网12月1日电据俄罗斯卫星网报道，2018俄罗斯世界杯组委会主席阿列克谢•索罗金表示，2018年足球世界杯筹备组委会毫不怀疑，至明年春末，所有比赛设施都将准备完毕。
1
52 3 3 1 1 0.636
俄罗斯世界杯组委会主席索罗金还表示，世界反兴奋剂机构对2018年俄罗斯世界杯筹备工作没有任何异议。
2
53 1 1 1 2 0.645
北京时间12月1日深夜，当地时间傍晚18时，将在莫斯科举行2018年世界杯的抽签仪式。
53 2 1 2 2 0.478
遗憾地是，中国再次被挡在了世界杯的大门之外，这次抽签唯一可能和中国沾边的是广州恒大的主帅卡纳瓦罗将会作为FIFA特邀的4名抽签嘉宾，参与抽签仪式，不知道他会微笑着把谁抽进死亡之组。
1
53 3 2 1 1 0.783
世界杯的抽签地放在了俄罗斯的克里姆林宫举行，俄罗斯总统普京也将出席这次抽签活动。
1
57 1 1 1 1 0.647
就在俄罗斯世界杯决赛圈分组抽签前夕，国际足联公布了本届世界杯第一阶段门票的销售情况——截至11月30日，这一阶段售出的门票已近75万张。
2
59 1 1 1 2 0.839
2018年俄罗斯世界杯分组抽签仪式，将于明天凌晨在俄罗斯克林姆林宫举行。
59 2 1 2 2 0.379
在这项举世瞩目的仪式举行之前，伊朗大将萨达尔-阿兹蒙却提出了一项让国际足联为难的呼吁。
2
60 1 1 1 3 0.771
央视网消息：北京时间今天晚上11点，2018年俄罗斯世界杯足球赛决赛阶段的抽签仪式将在莫斯科克里姆林宫举行。
60 2 1 2 3 0.489
32支参赛球队已于上个月中旬全部产生，赛事将于明年6月14号到7月15号在俄罗斯的11座城市进行。
2
61 1 1 1 2 0.86
2018年俄罗斯世界杯抽签仪式，明天凌晨将在俄罗斯首都莫斯科的克里姆林宫进行。
61 2 1 2 2 0.424
在分组抽签之前，英媒分析了英格兰的抽签前景，并列出了英格兰可能陷入的三大死亡之组。
2
65 1 1 1 3 0.793
俄罗斯世界杯的分组抽签仪式，将在北京时间周五晚上进行。
65 2 1 2 3 0.136
德国国脚胡梅尔斯谈到了自己的想法，他希望抽到以前从未遇到过的对手。
2
67 1 1 1 2 0.603
作为国际足联的官方支付服务合作伙伴，Visa(纽交所：V)发布了2018年俄罗斯世界杯的相关旅游和消费数据，迎接即将到来的2018年俄罗斯世界杯决赛阶段抽签仪式。
67 2 1 2 2 0.085
Visa将在所有国际足联官方场馆安装POS终端，受理Visa信用卡或借记卡以及各种数字支付形式，例如手机或手表支付，为球迷提供多种电子支付体验。
1
68 2 2 1 1 0.753
北京时间12月1日夜，2018年俄罗斯世界杯决赛阶段的抽签仪式就将在莫斯科举行。
1
73 1 1 1 1 0.677
28日，国际足联在2018年世界杯主办国俄罗斯首都莫斯科的一处地铁站，举行了官方海报揭幕仪式，同时亮相的还有莫斯科地铁专门为纪念世界杯历史而设计的一款主题列车。
1
73 5 5 1 1 0.725
12月1日，2018年世界杯抽签仪式将在莫斯科克里姆林宫举行，届时将公布2018年世界杯小组赛对阵情况，入围世界杯决赛的32支球队将被分为8个小组进行角逐，所有的比赛场次也将最终确定。
1
75 1 1 1 1 0.716
2018年俄罗斯世界杯抽签仪式将在北京时间本周六凌晨进行，国际足联在今天公布了本届世界杯的官方海报，前苏联传奇门将列夫-雅辛成为了海报的主角。
2
76 21 8 1 2 -0.176
萨福诺夫认为，俄中未来可以进一步扩大在边境旅游、北极旅游、邮轮旅游、医疗旅游、教育旅游、探险旅游、体育旅游等方面的合作。
76 22 8 2 2 0.62
“明年俄罗斯将举办世界杯足球比赛，我们欢迎中国游客到俄罗斯共享足球盛会。”他说。
1
78 1 1 1 1 0.769
新华社苏黎世11月21日电国际足联官网21日宣布，包括卡纳瓦罗、马拉多纳在内的7名足坛巨星将以世界杯抽签助手的身份出席12月1日在莫斯科克里姆林宫举行的2018年俄罗斯世界杯抽签仪式。
2
78 2 2 1 3 0.669
此前，国际足联宣布英格兰传奇前锋莱因克尔将搭档俄罗斯资深记者科曼德娜娅成为抽签嘉宾，并公布了一位抽签助手，那就是俄罗斯著名球星西蒙尼扬。
78 3 2 2 3 0.144
21日，另外7位抽签助手全部出炉，他们分别是卡纳瓦罗、班克斯、普约尔、弗兰、卡福、布兰科和马拉多纳。
1
79 2 2 1 1 0.655
随着俄罗斯世界杯的32支参赛球队已经悉数产生，本届世界杯的抽签仪式也将于12月1日在莫斯科举行，面对即将到来的购票高峰，本次发布会也是面向中国球迷对世界杯的票务规则和官方的销售渠道进行了详细的说明和解读。
2
80 1 1 1 2 0.755
随着秘鲁与新西兰的附加赛尘埃落定，明年世界杯的32强名单已全部出炉，世界杯分组抽签仪式将于12月1日在俄罗斯进行。
80 2 1 2 2 0.577
国际足联今日正式公布了八位抽签嘉宾的人选。
1
81 1 1 1 1 0.773
北京时间11月21日，国际足联公布了参加2018年俄罗斯世界杯抽签仪式的嘉宾名单，一共有8位足坛名宿将出席这次抽签。
2
91 1 1 1 2 0.502
北京时间昨天，南美区的秘鲁队在世预赛附加赛中战胜新西兰队，拿到了2018年世界杯决赛圈的最后一张门票。
91 2 1 2 2 0.738
至此，俄罗斯世界杯32强全部揭晓。
2
91 12 6 1 5 0.696
世界杯32强分组抽签将于俄罗斯当地时间12月1日在莫斯科克里姆林宫进行，32强将会被分为8个小组。
91 13 6 2 5 0.329
所有球队被分为4档，其中东道主俄罗斯队作为一档种子队自动落入A1的位置，其他球队按照2017年10月的FIFA世界排名依次进入一档（种子队）、二档、三档和四档。
2
93 5 2 3 4 0.45
此外，来自欧洲的冰岛队和中北美及加勒比海地区的巴拿马队则将在明年首次登上世界杯决赛阶段比赛的舞台。
93 6 2 4 4 0.826
当地时间12月1日，俄罗斯世界杯的分组抽签仪式将在莫斯科的克里姆林宫举行。
2
93 17 7 2 3 0.463
北京时间11月14日凌晨，意大利队在主场圣西罗球场以0∶0被瑞典队逼平，从而以0∶1的总比分遗憾地与俄罗斯世界杯决赛圈擦肩而过。
93 18 7 3 3 0.618
作为4届世界杯冠军得主，“蓝衣军团”自1958年以来首次无缘世界杯决赛阶段比赛，也成为8支世界杯冠军球队中唯一未能获得俄罗斯世界杯入场券的球队。
2
93 26 10 1 3 0.686
在俄罗斯世界杯的32强球队全部产生之后，世界杯的分档情况随即出炉。
93 27 10 2 3 0.519
32支球队根据2017年10月的国际足联排名顺序排列分为4档，将在莫斯科克里姆林宫举行的分组抽签仪式中，32支球队将被分为8个小组，每个小组由4个档次中各自抽取出1支球队组成。
3
94 1 1 1 3 0.45
世界杯还是那个世界杯，只是专属于亚平宁的蓝色时代就此终结。
94 2 1 2 3 0.674
15日凌晨，受人瞩目的俄罗斯世界杯32强终于出炉。
94 3 1 3 3 0.463
意大利、美国无缘32强，成为本届世界杯最大的“遗憾”。
2
95 1 1 1 2 0.648
随着秘鲁在世界杯附加赛中淘汰新西兰，进入2018年俄罗斯世界杯决赛圈的32支球队也全部确定。
95 2 1 2 2 0.543
在经历了各大洲预选赛的激烈突围后，这32支球队又将要在世界杯正赛的舞台上展开厮杀，如今他们就要迎来登顶世界之巅的第一关——分组抽签。
2
95 3 2 1 2 0.813
2018年俄罗斯世界杯32强分组抽签仪式将于俄罗斯当地时间12月1日在克里姆林宫举行。
95 4 2 2 2 0.384
根据国际足联制定的分组抽签规则，32支参赛球队将被分成4档，其中东道主俄罗斯自动成为第一档种子队，落入A1位置，剩余的球队则按照2017年10月国际足联世界排名依次进入第一档（种子队）、第二档、第三档和第四档，这样完全按照世界排名分档的规则也与之前将同一大洲（地区）球队分在同一档的规则产生很大不同。
2
96 24 10 1 2 0.603
俄罗斯世界杯的分组抽签将于12月1日进行，关于“死亡之组”的猜测届时便会揭晓。
96 25 10 2 2 0.41
世界杯揭幕战将于当地时间明年6月14日打响，距今仅有210天。
3
98 3 2 1 3 0.464
在北京时间16日进行的2017年世界杯预选赛洲际附加赛第二回合比赛中，秘鲁主场以2：0击败了新西兰队。
98 4 2 2 3 0.666
获得了最后一个2018年俄罗斯世界杯决赛圈席位。
98 5 2 3 3 0.615
至此，俄罗斯世界杯的32强全部产生。
0
1
98 6 3 1 1 0.729
世界杯小组赛的分组抽签将于北京时间12月1日在俄罗斯进行。
3
100 1 1 1 3 0.464
在北京时间16日进行的2017年世界杯预选赛洲际附加赛第二回合比赛中，秘鲁主场以2：0击败了新西兰队。
100 2 1 2 3 0.666
获得了最后一个2018年俄罗斯世界杯决赛圈席位。
100 3 1 3 3 0.615
至此，俄罗斯世界杯的32强全部产生。
0
