2
8 14 5 1 4 0.671
俄罗斯总统普京和国际足联主席因凡蒂诺联袂出场致辞。
8 15 5 2 4 0.266
普京承诺，俄罗斯将竭尽全力将2018年世界杯赛举办成一个国际体育界的盛大节日，把世界团结成一个充满友爱的足球大家庭，让大家一起珍视诚实比赛和友谊，并让这些价值观不受任何国际形势影响。
3
46 10 4 2 4 -0.085
贝利、罗纳人多、小罗、马特乌斯，西多夫等名宿来到现场。
46 11 4 3 4 0.629
俄罗斯总统普京和国际足联主席因凡蒂诺首先上台致辞。
46 12 4 4 4 0.096
普京说：“俄罗斯对足球充满热情，拥有一代又一代出色的球员。最令人垂涎的奖杯将由最具韧性的球队赢得，我祝愿所有球队都取得成功，我邀请所有忠实球迷来到俄罗斯共享2018年决赛圈。”
3
62 10 3 3 5 -0.111
如果同性恋球迷在俄罗斯街头牵手而行，这并不意味着马上就会遭遇危险，但是各个城市的包容程度不尽相同，而且这么做将大大增加遭到袭击的可能性。
62 11 3 4 5 0.613
该组织还请求国际足联允许在俄罗斯世界杯体育场内悬挂代表同性恋群体的彩虹旗。
62 12 3 5 5 0.174
虽然体育场馆内禁止悬挂政治标志，但该组织认为彩虹旗应当不在禁止范围之内，因此球迷可以在观众席上挥舞彩虹旗。
1
70 3 3 1 1 0.635
而对于明年的世界杯，《世界体育报》称VAR将成为主角，国际足联曾在国际友谊赛中试用VAR技术，国际足联主席因凡蒂诺曾在四月份表示VAR技术试用的结果很积极。
1
73 3 3 1 1 0.629
当天，俄罗斯副总理、2018年世界杯组委会主席穆特科、国际足联秘书长等人出席了官方海报签字仪式，并在海报上签名留念。
1
79 1 1 1 1 0.633
2017年11月22日，2018年FIFA俄罗斯世界杯大中华区官方购票渠道发布会在北京正式召开，来自国际足联官方款待计划的总监JohnParker先生、权利保护与法务专家ImranPatel先生以及俄罗斯世界杯大中华区官方独家票务合作伙伴北京盛开体育旅游CEO郑来先生共同出席了本次活动。
2
80 1 1 1 2 0.411
随着秘鲁与新西兰的附加赛尘埃落定，明年世界杯的32强名单已全部出炉，世界杯分组抽签仪式将于12月1日在俄罗斯进行。
80 2 1 2 2 0.639
国际足联今日正式公布了八位抽签嘉宾的人选。
