3 2 2 1 2
此外，九寨沟景区已开始逐步恢复往昔的宁静和美丽，片片白云点缀、搭配着葱郁的青山，组成了一幅秀美的画卷。
3 3 2 2 2
一些航拍的照片里，镜海如同一块硕大的翡翠，树正瀑布溪水奔流，老虎海清澈见底……这也是秋季九寨沟的日常景色。
3 4 3 1 4
当然，地震痕迹也仍然存在：诺日朗瀑布只有震前的一半宽度，火花海部分区域仍有裸露的昔日湖底。
3 5 3 2 4
恢复中的九寨沟景区目前暂未开放。
3 6 3 3 4
官方表示，从九寨沟景区灾后重建到恢复开放大概需要一到三年的时间。
3 5 3 2 4
恢复中的九寨沟景区目前暂未开放。
3 6 3 3 4
官方表示，从九寨沟景区灾后重建到恢复开放大概需要一到三年的时间。
3 7 3 4 4
“神奇的九寨”还能恢复往日的神奇么？
3 17 9 1 2
此次地震同样造成九寨沟景区火花海、诺日朗瀑布等景点受到不同程度的损伤。
3 18 9 2 2
记者了解到，目前景区内正在进行道路清障和山体地质灾害隐患排查治理等工作，下一步，将根据实际情况科学规划受损景观的修复工作。
3 21 11 1 1
不过，对于九寨沟景区何时才能恢复开放，葛宁告诉记者，这需要根据灾害后期余震的持续情况和基础设施建设的情况来确定，大约还需要一到三年时间。
3 23 13 1 1
葛宁表示，今后在对九寨沟景区进行山地灾害研究和环境修复工作的同时，也将制定更加科学完善的灾害防治规划，保障景区内群众游客的生命安全。
3 25 15 1 1
葛宁表示，相信在未来某一天，壮丽的九寨沟景区能以更好地姿态重现世人眼前。
3 33 18 1 2
四川省地矿局总工程师李树介绍，九寨沟黄龙景区是高寒岩溶地区，在地震的作用下，如果地下水循环转化发生巨大的变化导致“海子”底部“漏水”，那么，景点就可能真的不复存在。
3 34 18 2 2
值得庆幸的是，从目前初步调查的情况来看，震后九寨沟景区绝大部分“海子”水体整体保持稳定，地下水系统没有发生突变，景区受损的主要是“皮外伤”，这就让九寨沟重现昔日美景不是梦想。
4 2 1 2 4
目前，景区内正在进行道路清障和山体地质灾害隐患排查治理等工作，下一步将根据实际情况科学规划受损景观的修复工作。
4 3 1 3 4
对于九寨沟景区何时才能恢复开放，阿坝州副州长葛宁表示，这或许还需要一至三年时间。
4 4 1 4 4
（央广网）
5 1 1 1 1
央广网北京9月16日消息（记者韩民权）据中国之声《新闻和报纸摘要》报道，九寨沟发生的7.0级地震已经过去一个多月了，目前灾后重建工作正有序开展，受灾群众生产生活基本恢复正常，但九寨沟景区恢复开放可能还需要一到三年时间。
5 8 5 1 3
此次地震同样造成九寨沟景区部分景观受到损伤。
5 9 5 2 3
目前，景区内正在进行道路清障和山体地质灾害隐患排查治理等工作，下一步将根据实际情况科学规划受损景观的修复工作。
5 10 5 3 3
对于九寨沟景区何时才能恢复开放，阿坝州副州长葛宁表示，这或许还需要一至三年时间。
5 8 5 1 3
此次地震同样造成九寨沟景区部分景观受到损伤。
5 9 5 2 3
目前，景区内正在进行道路清障和山体地质灾害隐患排查治理等工作，下一步将根据实际情况科学规划受损景观的修复工作。
5 10 5 3 3
对于九寨沟景区何时才能恢复开放，阿坝州副州长葛宁表示，这或许还需要一至三年时间。
7 1 1 1 6
成都童话假期旅行社，是四川当地最大的九寨沟旅游地接社之一。
7 2 1 2 6
就在八月八日7.0级地震发生当天，这家旅行社发出的78个旅行团，近两千名游客，被滞留在九寨沟景区。
7 3 1 3 6
从8月9日夜间，最后一个旅行团平安抵达成都后，除了帮助游客退费理赔外，这家旅行社的业务，基本处于停滞状态。
11 1 1 1 1
据《中国矿业报》消息，四川省地矿局专家的多轮实地调查显示，经历“8·8”地震一劫，九寨沟景区水体整体保持稳定，景区的灵魂完好，火花海和诺日朗瀑布等受损景观均可修复，美如梦境的九寨天堂将有望重现于世。
11 4 3 1 2
刚从九寨沟地震救灾一线回来的四川省地矿局总工程师李树日前向媒体表示，地震发生后，四川省地矿局即组织专家，采用高精度卫星遥感、无人机低空航拍、岩体三维激光扫描等手段对九寨沟景区地质灾害、地质地貌景观、水循环系统等受地震影响的变化情况开展了应急排查。
11 5 3 2 2
专家组8天内对景区的景点进行了两次踏勘。
11 10 6 1 3
而诺日朗瀑布景观的减弱，主要是由于地震造成瀑布钙化体发生垮塌。
11 11 6 2 3
瀑布宽320米，垮塌段长20米，占瀑布宽度的6.25%，垮塌段后侧形成一条长4~5米、宽30厘米的裂缝，上游海子下泄水大部分通过地震裂缝集中向沟下面排泄，造成瀑布景观减弱。
11 12 6 3 3
目前九寨沟景区管理局已根据该局专家建议，采取了主动措施，通过分流减少上游水量，裂缝已经不再受到水流地冲刷，从而使诺日朗瀑布主要地质体保持了稳定。
11 17 9 1 4
水循环系统是九寨沟景区核心景观的血液和灵魂。
11 18 9 2 4
原始森林泉群、日则保护站泉群是九寨沟景观形成的重要源泉，长海是保证九寨沟水体景观稳定性的“调节水库”。
11 21 10 1 2
李树表示，所幸的是，根据目前初步调查情况，基本可以得出这样一个初步结论：震后到现在，九寨沟景区绝大部分海子水体整体保持稳定，地下水系统没有发生显著变化，景区受损的主要是“皮外伤”。
11 22 10 2 2
水在，灵魂在，景区就在，这就决定了让九寨沟重现昔日美景不是梦。
11 23 11 1 4
目前，李树正召集该局专家就九寨沟景区恢复的一系列问题进行会商，力求向四川省委省政府提出建设性的专业建议。
11 24 11 2 4
李树表示，九寨沟景区重建的最大难点并非景观的修复，而是涉及到整个景区的地质灾害等次生灾害的防治难题。
11 23 11 1 4
目前，李树正召集该局专家就九寨沟景区恢复的一系列问题进行会商，力求向四川省委省政府提出建设性的专业建议。
11 24 11 2 4
李树表示，九寨沟景区重建的最大难点并非景观的修复，而是涉及到整个景区的地质灾害等次生灾害的防治难题。
11 25 11 3 4
目前四川省委省政府已提出明确要求，九寨沟景区恢复重建要树立尊重自然、顺应自然的理念，科学论证、做好规划，彻底消除景点周边地质灾害隐患。
11 24 11 2 4
李树表示，九寨沟景区重建的最大难点并非景观的修复，而是涉及到整个景区的地质灾害等次生灾害的防治难题。
11 25 11 3 4
目前四川省委省政府已提出明确要求，九寨沟景区恢复重建要树立尊重自然、顺应自然的理念，科学论证、做好规划，彻底消除景点周边地质灾害隐患。
11 26 11 4 4
四川省地矿局一定能发挥专业优势，担当起重任和使命，早日让具有独特魅力的九寨沟这一世界自然遗产再次展现在世人面前
14 5 4 1 2
在九寨沟景区附近的停车场安顿好31位游客后，李尹韩决定独自前往5公里之外的酒店接一位游客，使全团32位游客聚齐。
14 6 4 2 2
这位男游客没有参加下午的集体活动，而是选择在酒店休息，地震后被困在酒店。
14 30 16 1 3
大巴司机杨志华起初觉得自己是幸运的。
14 31 16 2 3
地震发生时，他正在开车。
14 32 16 3 3
一天的游玩结束了，从四川九寨沟景区返回“九寨天堂”酒店的路上，游客们很疲惫。
14 34 18 1 2
九道拐是九寨沟景区往西的一段公路。
14 35 18 2 2
顾名思义，这段路上有9个急拐弯，是九寨沟景区周边最险的公路。
14 34 18 1 2
九道拐是九寨沟景区往西的一段公路。
14 35 18 2 2
顾名思义，这段路上有9个急拐弯，是九寨沟景区周边最险的公路。
14 41 23 1 1
常年在九寨沟景区通往黄龙景区的九黄线上跑的导游和司机，在川西高原崇山峻岭间遇到塌方是常见的事，大多数导游和司机都有应对经验。
14 66 35 1 2
作为数万名游客的一部分，张立所带旅行团的游客来自湖北、江苏、江西、上海等地。
14 67 35 2 2
他们还没开始九寨沟景区的旅行，却遇上了生与死的考验。
15 5 3 1 1
“8·8”九寨沟地震，让人山人海的九寨沟景区，一下子寂静了许多。
15 6 4 1 2
在九寨沟景区，九寨沟森林公安局九寨沟派出所设有一个警务室。
15 7 4 2 2
地震时，警务室挂牌还不到3个月。
15 22 13 1 3
更加所在的地方，离九寨沟景区千古情演艺中心不远。
15 23 13 2 3
一名朱姓湖北游客告诉记者，8月8日下午时，他们一家3口按计划去看黄巧灵导演的《九寨千古情》，将车停在剧场附近的扎西宾馆。
15 24 13 3 3
其中《大爱无疆》重现“5·12”地震场面，剧烈地抖动、轰鸣声响彻剧场，剧场屋顶上的细屑、粉尘洒落在观众的头上、身上，人们起身，下意识地抖动尘土。
15 30 16 1 3
地震的重灾区在九寨沟景区附近的漳扎镇，满街都是焦急等待的人群。
15 31 16 2 3
8月9日，除了拉着警笛呼啸而过的救护车和应急通信保障、电力保障、消防车辆，基本没有进入景区的车辆。
15 32 16 3 3
从漳扎镇前往县城的路上，更加和同事监测山上的滚石，没有滚石下来时，就招手让大家快速通过。
15 36 19 1 1
据九寨沟景区统计，8日当天景区游客数量为39405人，次日拟进沟游览的游客有一部分已经到达，同时还有部分前期游客尚未离开，初步统计游客与外来务工者共有近6万人。
15 64 33 1 1
8月11日下午，法治周末记者跟随九寨沟县森林公安局副局长高映安，进入疮痍与美景并存的九寨沟景区。
15 65 34 1 1
“8·8”地震发生后，九寨沟景区内部分景点损毁，其中的火花海、诺日朗瀑布等景点损坏严重，几乎“消失”。
15 71 37 1 2
高映安告诉记者，九寨沟景区开放时间早上7：00—下午18：00，地震发生时，游客都已离开景区回酒店休息。
15 72 37 2 2
“如果地震发生在开放时间，后果将不堪设想。”
20 3 2 1 2
期间，贵州地震应急救援队承担了九寨沟极震区漳扎镇的天堂洲际大酒店、污水处理厂、九道拐、上四寨村、郎寨村，九寨沟景区管理局、售票处、荷叶寨、树正寨、则渣洼寨和扎如寨等地区进行地震灾害调查，及时向现场联合指挥部提交灾情调查资料，并参与现场联合指挥部地震灾害损失评估工作。
20 4 2 2 2
贵州阳光、蓝天、众志等地震救援队参与现场搜救工作中，在九寨沟景区天堂国际大酒店、熊猫海地震废墟中找到3名遇难者，在熊猫海发现和解救10名受困人员。
20 3 2 1 2
期间，贵州地震应急救援队承担了九寨沟极震区漳扎镇的天堂洲际大酒店、污水处理厂、九道拐、上四寨村、郎寨村，九寨沟景区管理局、售票处、荷叶寨、树正寨、则渣洼寨和扎如寨等地区进行地震灾害调查，及时向现场联合指挥部提交灾情调查资料，并参与现场联合指挥部地震灾害损失评估工作。
20 4 2 2 2
贵州阳光、蓝天、众志等地震救援队参与现场搜救工作中，在九寨沟景区天堂国际大酒店、熊猫海地震废墟中找到3名遇难者，在熊猫海发现和解救10名受困人员。
22 39 28 1 2
事件发生后，同程旅游第一时间启动应急预案，通过微信、电话、网络等多种方式，联系排查震区同程跟团游及自由行客人的安全情况。
22 40 28 2 2
经过紧急核实，同程旅游目前在九寨沟景区的跟团游以及自由行客人全部安全。
23 2 2 1 2
这是一对母子亲历九寨沟7.0级地震中的对话。
23 3 2 2 2
地震发生时，她们结束九寨沟景区一天的游玩，正在酒店洗漱，准备下一天的行程。
23 10 6 1 2
魏巍是华东政法大学一名女教师，8月7日和8岁的儿子cruse抵达九寨沟。
23 11 6 2 2
次日，母子俩在九寨沟景区游玩，每人平均走了3万步。
35 1 1 1 3
7.0级的地震让九寨沟景区著名的火花海、诺日朗瀑布、熊猫海严重受损。
35 2 1 2 3
有人希望复原，有人认为无需修复。
35 3 1 3 3
有关专家表示，九寨沟秀丽的景色本来就是自然风光，它们本身就是不同时期大地震等构造运动的产物，其形成属自然地理演化过程，不建议人为修复。
36 4 4 1 2
周倩还没挣钱，不过这个重庆旅游职业学院的大二学生马上就要“有钱啦”，7月8日，她提前请姐姐吃了饭。
36 5 4 2 2
这个暑假，她会去九寨沟景区实习，那里风景如画，想想都兴奋。
37 17 12 1 1
新闻发布会上，中国地震局地质研究所研究员李志强在回答记者提问时，介绍了此次地震对九寨沟景区破坏情况。
37 18 13 1 3
他表示，经过勘查，目前九寨沟景区受到的主要破坏是滑坡和公路和走步道破坏。
37 19 13 2 3
就景点来看，景区内有两个比较重要的景点，一个是火花海，可以看到围堰破坏后，里面的水没有了；另一个是诺日朗瀑布，你如果过去没有见过它，可能觉得没啥，但是地震把瀑布的水帘洞形状破坏了，水帘洞景观没有了。
37 20 13 3 3
但是九寨沟景区绝大部分的海子是基本完好的。
37 18 13 1 3
他表示，经过勘查，目前九寨沟景区受到的主要破坏是滑坡和公路和走步道破坏。
37 19 13 2 3
就景点来看，景区内有两个比较重要的景点，一个是火花海，可以看到围堰破坏后，里面的水没有了；另一个是诺日朗瀑布，你如果过去没有见过它，可能觉得没啥，但是地震把瀑布的水帘洞形状破坏了，水帘洞景观没有了。
37 20 13 3 3
但是九寨沟景区绝大部分的海子是基本完好的。
40 2 2 1 4
新京报快讯（记者罗婷王飞）8月8日21时19分，四川阿坝州九寨沟县发生7.0级地震。
40 3 2 2 4
4名来自九寨沟景区村庄的村民在熊猫海附近失联。
40 4 2 3 4
今天（8月11日）下午，一名遇难者的遗体已找到。
40 9 4 1 4
新京报此前报道，地震当晚，4名来自九寨沟景区村庄的村民在熊猫海附近失联。
40 10 4 2 4
四位村名分别为泽仁塔，20岁，男；尕迪彭措，20岁，男；常珠甲佐（小名冬冬），19岁，男；杨海云，26岁，男。
49 17 12 1 1
8月12日，在九寨沟县举行的四川九寨沟7.0级地震烈度图新闻发布会上，中国地震局地质研究所研究员李志强在回答记者提问时，介绍了此次地震对九寨沟景区的破坏情况。
49 18 13 1 3
他表示，经过勘查，目前九寨沟景区受到的主要破坏是滑坡和公路和走步道破坏。
49 19 13 2 3
就景点来看，景区内有两个比较重要的景点，一个是火花海，可以看到围堰破坏后，里面的水没有了；另一个是诺日朗瀑布，你如果过去没有见过它，可能觉得没啥，但是地震把瀑布的水帘洞形状破坏了，水帘洞景观没有了。
49 20 13 3 3
但是九寨沟景区绝大部分的海子是基本完好的。
49 18 13 1 3
他表示，经过勘查，目前九寨沟景区受到的主要破坏是滑坡和公路和走步道破坏。
49 19 13 2 3
就景点来看，景区内有两个比较重要的景点，一个是火花海，可以看到围堰破坏后，里面的水没有了；另一个是诺日朗瀑布，你如果过去没有见过它，可能觉得没啥，但是地震把瀑布的水帘洞形状破坏了，水帘洞景观没有了。
49 20 13 3 3
但是九寨沟景区绝大部分的海子是基本完好的。
61 29 14 1 1
诺日朗瀑布位于九寨沟景区，海拔2365米，瀑宽270米，高24.5米，是中国最宽的瀑布，曾被评委中国最美的六大瀑布之一。
63 7 4 1 2
据傅凌介绍，进出九寨沟景区共有三条道路，其中以九寨沟景区至黄龙机场、成都方向道路毁伤情况最为严重。
63 8 4 2 2
目前武警交通部队官兵正从平武县至九寨沟方向、黄龙机场至九寨沟方向进行双向保通抢通工作。
65 1 1 1 2
“九寨沟，一个不来会后悔的地方。”8月6日，家住云南西双版纳的小李游览完九寨沟景区后发出了这样的感慨。
65 2 1 2 2
让小李没有想到的是，就在自己刚离开不到两天，一场7.0级的地震袭来，让有着“人间天堂”之称的九寨沟满目创伤。
65 3 2 1 3
地震对九寨沟景区造成的阵痛还在逐步显现。
65 4 2 2 3
8月9日，国家旅游局发布一级安全提示，提醒游客近期暂勿前往九寨沟地震灾区旅游，要求旅行社停止组团或者带团前往灾区，并组织已在灾区的旅游者尽快撤离。
65 5 2 3 3
随后，广东省、陕西省、深圳市和武汉市等省市旅游部门也纷纷下发紧急通知或安全提示，要求旅行社暂停组团前往地震灾区景区。
65 9 5 1 1
此前的8月9日，武汉市旅游局下发紧急通知，要求全市各旅行社立即停止组团前往四川地震灾区景区，特别是九寨沟景区及沿线旅游点。
65 13 8 1 4
据九寨沟管理局消息，九寨沟景区接待条件受到严重影响。
65 14 8 2 4
为保证游客游览安全，九寨沟景区从8月9日起停止接待游客。
65 13 8 1 4
据九寨沟管理局消息，九寨沟景区接待条件受到严重影响。
65 14 8 2 4
为保证游客游览安全，九寨沟景区从8月9日起停止接待游客。
65 15 8 3 4
具体接待游客时间另行通告。
65 24 14 1 1
对于九寨沟景区旅游灾后重振工作，阿坝州旅发委旅游经济研究所建议，对九寨沟及周边景区受损情况进行科学评估，制定完善的修复方案；加强顶层设计，编制灾后旅游产业重建规划，重塑九寨沟及全州地震灾后旅游形象；有针对性地实施阶段性精准营销，全面开展宣传营销，大力提振旅游市场信心，营造“到灾区旅游是对灾区恢复重建的最大援助”的社会氛围；借助灾后重建契机，完善旅游市场监管机制，清除景区及周边涉旅环境的市场乱象，全力消除地震对全州旅游产业发展带来的负面影响。
71 1 1 1 2
8月8日21时19分，四川阿坝州九寨沟县发生7.0级地震，地震致九寨沟景区灾情严重，多个景点不同程度受损。
71 2 1 2 2
据九寨沟管理局通报，著名景点火花海出现长50米、深约12米、宽20米的决口；86版西游记取景之一——诺日朗瀑布岩体坍塌……
71 3 2 1 2
针对公众关注的九寨沟景区将如何修复重建，昨天，新京报记者从九寨沟景区管理局获悉，景区灾后重建将分为清障、巩固山体、修复环境“三步走”。
71 4 2 2 2
目前道路清障已开始。
71 6 4 1 3
目前，九寨沟景区内的道路清障工作已经开始。
71 7 4 2 3
景区管理局工作人员罗吉塔告诉新京报记者，仅11日当天，就有近10辆卡车进入景区，从地震外侧地带开始清理路障。
71 8 4 3 3
“预计几天后就能进入位于地震核心地带的熊猫海。”
71 9 5 1 1
罗吉塔表示，按照管理局规划，九寨沟景区灾后重建工作将分步进行，首先实施道路清障保证交通，然后巩固山体，最后才是修复环境、重新营业。
71 43 27 1 1
同时，需加强对九寨沟景区的崩塌、滑坡和可能的泥石流等山地灾害的科学研究，尽快制订九寨沟流域山地灾害防治规划，有重点、分批次地开展九寨沟景区山地灾害工程治理，以保障未来旅游安全。
72 3 3 1 2
携程此举该游客认为不能接受，取消行程是因为天灾，不是因为个人原因，出发日期离大地震发生只有1个月不到的时间，灾区修复肯定还在进行之中，无法正常出行，所以损失不应该是游客自己承担，而且该游客在第一时间就通知携程退团，已经尽到义务了，游客不可能冒着生命危险去灾区。
72 4 3 2 2
而九寨沟景区已经发通告说景区要暂时关闭，游客的正常行程一定会受到影响，退团已是必然。
75 1 1 1 4
新京报快讯（记者罗婷王飞）8月8日21时19分，四川阿坝州九寨沟县发生7.0级地震。
75 2 1 2 4
4名来自九寨沟景区村庄的村民在熊猫海附近失联。
75 3 1 3 4
今天（8月11日）下午，一名遇难者的遗体已找到。
75 8 3 1 4
新京报此前报道，地震当晚，4名来自九寨沟景区村庄的村民在熊猫海附近失联。
75 9 3 2 4
四位村名分别为泽仁塔，20岁，男；尕迪彭措，20岁，男；常珠甲佐（小名冬冬），19岁，男；杨海云，26岁，男。
76 3 2 1 3
地震发生后，四川阿坝州组织了各类车辆疏散游客和散客。
76 4 2 2 3
截至今天中午，已转移车辆1万余台，转移人员超过6万人。
76 5 2 3 3
其中，九寨沟景区内滞留的游客已经全部转移疏散完毕。
90 22 10 1 2
据傅凌介绍，进出九寨沟景区共有三条道路，其中以九寨沟景区至黄龙机场、成都方向道路毁伤情况最为严重。
90 23 10 2 2
目前武警交通部队官兵正从平武县至九寨沟方向、黄龙机场至九寨沟方向进行双向保通抢通工作。
90 69 35 1 1
中央气象台预计，10日至12日，九寨沟县最低气温为17℃至20℃，最高气温为28℃至30℃，由于九寨沟景区海拔较高，最低气温为11℃至13℃，最高气温为20℃至23℃，风力普遍小于2级，利于救援工作开展。
94 29 22 1 3
距离九寨沟景区沟口仅1.5公里的喜来登国际大酒店是一个重要疏散点。
94 30 22 2 3
记者看到，在现场工作人员指挥下，游客们有序排队，从上车到离开大约只需要5分钟。
94 31 22 3 3
到9日下午16时左右，这里约3000名游客基本疏散完毕。
