2
1 61 21 1 2
本通知仅适用于四川省九寨沟地震灾后恢复重建涉及的阿坝藏族羌族自治州九寨沟县漳扎镇、马家乡、陵江乡、黑河乡、大录乡、南坪镇、白河乡、双河镇、保华乡、罗依乡、勿角乡、玉瓦乡，松潘县川主寺镇、山巴乡、水晶乡、黄龙乡，若尔盖县包座乡，绵阳市平武县白马乡。
1 62 21 2 2
有效期至2020年。
2
30 5 4 1 4
中国地震局现场工作队新闻发言人雷建成在新闻发布会上介绍，此次地震九度区涉及四川省阿坝藏族羌族自治州九寨沟县漳扎镇，面积139平方千米。
30 6 4 2 4
八度区涉及九寨沟县面积778平方千米。
1
37 5 4 1 1
九度区涉及四川省阿坝藏族羌族自治州九寨沟县漳扎镇，面积139平方千米。
1
37 6 5 1 1
八度区涉及四川省阿坝藏族羌族自治州九寨沟县漳扎镇、大录乡、黑河乡、陵江乡、马家乡，面积778平方千米。
2
46 4 3 1 2
中国地震局现场工作队新闻发言人雷建成在新闻发布会上介绍，此次地震九度区涉及四川省阿坝藏族羌族自治州九寨沟县漳扎镇，面积139平方千米。
46 5 3 2 2
八度区涉及九寨沟县面积778平方千米。
1
49 5 4 1 1
九度区涉及四川省阿坝藏族羌族自治州九寨沟县漳扎镇，面积139平方千米。
1
49 6 5 1 1
八度区涉及四川省阿坝藏族羌族自治州九寨沟县漳扎镇、大录乡、黑河乡、陵江乡、马家乡，面积778平方千米。
3
51 7 4 1 3
九度区涉及四川省阿坝藏族羌族自治州九寨沟县漳扎镇，面积139平方千米。
51 8 4 2 3
八度区涉及四川省阿坝藏族羌族自治州九寨沟县漳扎镇、大录乡、黑河乡、陵江乡、马家乡，面积778平方千米。
51 9 4 3 3
七度区涉及四川省阿坝藏族羌族自治州九寨沟县、若尔盖县、松潘县，绵阳市平武县，面积3372平方千米。
3
51 7 4 1 3
九度区涉及四川省阿坝藏族羌族自治州九寨沟县漳扎镇，面积139平方千米。
51 8 4 2 3
八度区涉及四川省阿坝藏族羌族自治州九寨沟县漳扎镇、大录乡、黑河乡、陵江乡、马家乡，面积778平方千米。
51 9 4 3 3
七度区涉及四川省阿坝藏族羌族自治州九寨沟县、若尔盖县、松潘县，绵阳市平武县，面积3372平方千米。
1
52 6 5 1 1
九度区涉及四川省阿坝藏族羌族自治州九寨沟县漳扎镇，面积139平方千米。
1
52 7 6 1 1
八度区涉及四川省阿坝藏族羌族自治州九寨沟县漳扎镇、大录乡、黑河乡、陵江乡、马家乡，面积778平方千米。
1
53 4 3 1 1
其中，九度区涉及四川省阿坝藏族羌族自治州九寨沟县漳扎镇，面积139平方千米。
1
53 5 4 1 1
八度区涉及四川省阿坝藏族羌族自治州九寨沟县漳扎镇、大录乡、黑河乡、陵江乡、马家乡，面积778平方千米。
