5
19 1 1 1 1
新浪娱乐讯北京时间9月8日消息，据国外媒体报道，《权力的游戏》（GameofThrones）一直是是全球盗版下载量最高的电视剧，日前反盗版科技公司Muso公布了一个惊人的数字：《权力的游戏》第七季非法下载和在线观看次数达到了10.3亿次。
19 2 2 1 1
MUSO公布的数字中显示，《权力的游戏》第七季首播72小时内，第一集的非法下载和在线观看次数达到了9000万次；最终集（第七集）播出72小时内，该集的非法下载和在线观看次数达到了1.2亿次。
19 3 3 1 2
《权力的游戏》第七季总的非法下载和在线观看次数达到了惊人的10.3亿次，其中84.66%是在线观看，9.12%是种子下载，5.59%是其他途径的下载。
19 4 3 2 2
第七季一共有7集，平均下来每一集非法下载和观看次数都超过1.4亿次，而第七季平均每一集的收视人数为3200万。
19 5 4 1 1
MUSO创始人兼CEO安迪·查特雷（AndyChatterle）表示：“《权力的游戏》在全球娱乐行业已经成为一部现象级的作品，在网络上遭受盗版的侵害程度也是史无前例的。大家都知道HBO此前受到黑客袭击，最新一季《权力的游戏》被提前泄露，在未经授权的情况下非法传播。除此以外，这些数字也显示种子下载并非盗版侵权的主要途径，未经授权的在线流媒体平台才是更加主流更加严重的盗版侵权方式。”
3
42 4 2 1 3
这次《权力的游戏》资源泄露恰恰发生在HBO遭受黑客袭击的风口浪尖上。
42 5 2 2 3
上个月HBO电脑系统被黑，1.5T的重要数据被窃，黑客组织向HBO索取价值数百万美元的比特币作为赎金。
42 6 2 3 3
此前黑客组织已经泄露了多部剧集的资源，其中包括热门喜剧《抑制热情》（CurbYourEnthusiasm）。
4
42 7 3 1 3
不过这一次的《权力的游戏》泄露事件真的和黑客组织无关。
42 8 3 2 3
《权力的游戏》第七季第六集本来会在当地时间周日播出，但HBONordic和HBOEspaña却提前四天播出了这一集。
42 9 3 3 3
HBO方面表示，这次问题的根源在于这些地区的一家第三方代理出了岔子。
42 10 4 1 1
HBO欧洲分部公关副总裁汤姆·克洛戈斯加德·尼尔森（TomKrogsgaardNielsen）表示：“我们得知《权力的游戏》将在本周播出的那一集意外在HBONordic和HBOEspaña平台上播出了一段时间。这件事情和最近在美国发生的HBO黑客袭击事件并没有关联。”
5
42 17 7 1 1
HBONordic也已经不是第一次犯错，《权力的游戏》第六季开播时，也曾有一集提前在HBONordic上播出。
42 18 8 1 4
目前还不清楚黑客袭击事件和资源泄露会对HBO的业务造成多大的影响。
42 19 8 2 4
《权力的游戏》在过去的几年里一直是盗版情况最严重的电视剧，但者却并未对HBO的收视率和订阅用户数量造成影响。
42 20 8 3 4
实际上，《权力的游戏》8月6日播出的那一集还创下了历史收视纪录，这一集恰恰曾被天空电视网印度分部提前泄露。
42 21 8 4 4
四年前，时代华纳高管杰夫·比克斯（JeffBewkes）甚至开玩笑说，盗版的宣传价值甚至比艾美奖还要厉害。
5
65 1 1 1 2
新浪娱乐讯北京时间8月3日消息，据国外媒体报道，HBO和《权力的游戏》遭黑客袭击事件可能比想象的要严重得多：新消息称HBO已和FBI开始调查，黑客窃取的有未播的影视剧本身、剧本等，还有HBO核心网络构架信息、高管私人信息及可能的高管权限。
65 2 1 2 2
窃取数据总量可能超过之前报道的巨大数字1.5T，可能比2014年臭名昭著的索尼黑客袭击还要严重。
65 3 2 1 2
HBO已经向谷歌发出数字版权千年法案（DCMA）提示邮件，要求谷歌移除所有包含泄露资料的链接，很多链接已经无法访问。
65 4 2 2 2
此举主要是为了避免普通网友访问到这些资源，避免更多内容泄露，也间接暗示了这次泄漏事件有多严重。
65 5 3 1 3
外媒Slashfilm报道：HBO已经携手FBI、知名网络安全公司Mandiant展开调查。
2
67 12 4 5 6
而好莱坞最大的黑客受害者，当属索尼。
67 13 4 6 6
在2014年一次黑客袭击中，该公司高层数千封私人邮件和众多明星联络方式被泄露，当时还未公映的《狂怒》《安妮》《透纳先生》《依然爱丽丝》等影片内容被公布至网络，事件导致当时索尼联合主席艾米帕斯卡尔引咎辞职。
7
71 1 1 1 1
播出《权力的游戏》（GameofThrones）的HBO频道是最新遭到黑客袭击、内容被泄露到网上的娱乐公司。
71 2 2 1 2
HBO首席执行长RichardPlepler在给员工的备忘录中证实，包括一些美剧在内的专有信息最近被盗。
71 3 2 2 2
HBO称，正在与执法部门和网络安全公司合作解决这一问题。
71 4 3 1 2
HBO是时代华纳（TimeWarnerInc．，TWX）的子公司。
71 5 3 2 2
该公司未予详细阐述被盗内容以及失窃信息是否包含员工敏感数据。
71 6 4 1 1
EntertainmentWeekly首先报道了此消息，称黑客声称，《球手们》（Ballers）和《104号房间》（Room104）的部分剧集以及最近一集《权力的游戏》的剧本被放到了网上。
71 7 5 1 1
据EntertainmentWeekly报道，声称对此次攻击负责的黑客向一些媒体发送电子邮件，称这是网络时代最伟大的黑客泄露。
