1
9 12 6 1 1 0.604
中国科学院院士、国土资源部成都地质矿产研究所研究员刘宝珺说，对有着众多野生大熊猫分布的九寨沟震区，生态修复应以自然修复为主，人工修复为辅。
2
19 3 2 1 8 0.781
据中国地震局地震预测研究所研究员陈会忠和中国地科院地质研究员、国土资源首席科学传播专家苏德辰分析，这次地震发生在我国地震活跃的南北地震带上。
19 4 2 2 8 0.313
南北地震带是我国大地震多发地区，近年来汶川、玉树、卢山、鲁甸、景谷等地震都是发生在南北地震带上。
2
22 57 39 1 3 0.658
中国地震局地质研究所副所长、国家活动断层研究中心主任徐锡伟介绍，该地区本就是地震多发区域，地震震中位于岷江断裂、塔藏断裂和虎牙断裂附近。
22 58 39 2 3 0.164
岷江断裂是西倾的全新世逆断裂，塔藏断裂和虎牙断裂是全新世断裂。
2
29 10 6 1 2 0.608
中国地震局地球物理研究所研究员高孟潭在接受媒体采访时表示，根据国家地震预报管理办法，地震预报由政府发布，不会由地震部门预报。
29 11 6 2 2 -0.272
而且，发布内容不会用词夸张，不着边际，像地壳逆转之类的词汇是不可能出现的。
2
37 1 1 1 2 0.307
8月12日下午5点，四川省抗震就在指挥部召开第三场新闻发布会，发布了四川九寨沟7.0级地震烈度图。
37 2 1 2 2 0.89
中国地震局地质研究所研究院李志强、中国地震局工程力学研究所研究员林均岐解读了烈度图并回答记者提问。
1
37 17 12 1 1 0.658
新闻发布会上，中国地震局地质研究所研究员李志强在回答记者提问时，介绍了此次地震对九寨沟景区破坏情况。
1
37 23 16 1 1 0.706
新闻发布会上，中国地震局工程力学研究所研究员林均岐谈到了目前当地建筑安全问题。
1
37 36 23 1 1 0.738
新闻发布会上，中国地震局地质研究所研究员李志强介绍了关于村寨重建和自然景观重建的问题。
2
49 1 1 1 2 0.317
今日下午5点，四川省抗震就在指挥部召开第三场新闻发布会，发布了四川九寨沟7.0级地震烈度图。
49 2 1 2 2 0.89
中国地震局地质研究所研究院李志强、中国地震局工程力学研究所研究员林均岐解读了烈度图并回答记者提问。
1
49 17 12 1 1 0.631
8月12日，在九寨沟县举行的四川九寨沟7.0级地震烈度图新闻发布会上，中国地震局地质研究所研究员李志强在回答记者提问时，介绍了此次地震对九寨沟景区的破坏情况。
1
49 23 16 1 1 0.677
8月12日，在九寨沟县举行的四川九寨沟7.0级地震烈度图新闻发布会上，中国地震局工程力学研究所研究员林均岐谈到了目前当地建筑安全问题。
1
49 32 21 1 1 0.719
8月12日，在九寨沟县举行的四川九寨沟7.0级地震烈度图新闻发布会上，中国地震局地质研究所研究员李志强介绍了关于村寨重建和自然景观重建的问题。
2
57 1 1 1 2 0.383
四川九寨沟7.0级地震和新疆精河6.6级地震发生后，网络出现了对地震形势的臆测。
57 2 1 2 2 0.68
昨天，中国工程院院士陈厚群以及中国地震台网中心副主任、研究员刘杰，对我国大陆地震活动情况等社会关心的热点问题进行了解答。
2
71 15 9 1 2 0.747
灾后，中国地震局地质研究所的专家奔赴灾区勘探灾情。
71 16 9 2 2 0.716
国家地震安全性评定委员会副主任、中国地震局地质研究所研究员、副所长徐锡伟告诉记者，他们一行的主要目的是为了弄清楚在哪一条活动断层上产生了此次7.0级地震。
0
1
71 59 37 1 1 0.619
国家地震安全性评定委员会副主任、中国地震局地质研究所研究员、副所长徐锡伟此前接受采访时表示，九寨沟本来就是自然风光，本身就是不同时期大地震等构造运动的产物，其形成属自然地理演化过程，不建议人为修复。
1
81 7 5 1 1 0.62
在后方，四川省地震局会同中国地震台网中心地震专家坚持滚动会商，密切监视震区震情。
2
84 4 2 1 8 0.781
据中国地震局地震预测研究所研究员陈会忠和中国地科院地质研究员、国土资源首席科学传播专家苏德辰分析，这次地震发生在我国地震活跃的南北地震带上。
84 5 2 2 8 0.299
南北地震带是我国大地震多发的地区，近年来汶川、玉树、卢山、鲁甸、景谷等地震都甚发生在南北地震带上。
1
91 29 17 1 1 0.647
中国地震局地震预测研究所研究员陈会忠在接受中国青年报·中青在线记者采访时，作了进一步解释。
1
98 7 5 1 1 0.62
在后方，四川省地震局会同中国地震台网中心地震专家坚持滚动会商，密切监视震区震情。
