2
6 1 1 1 2 0.615
央视网消息：四川阿坝九寨沟7.0级地震后，位于震中的漳扎镇小学教学楼受损严重，在各方的努力下，这学期漳扎镇小学全校两百多名师生将在九寨沟县第三小学复课。
6 2 1 2 2 -0.125
今天一大早，学生们开启了他们全新的学习生活。
1
9 1 1 1 1 0.675
新华社成都8月23日电（记者吕庆福、周相吉）在四川九寨沟7.0级地震发生二周后，来自四川林业部门的监测和调查表明，有340只野生大熊猫的九寨沟震区尚未发现野生大熊猫伤亡情况。
1
9 2 2 1 1 0.623
这是记者23日从四川省林业厅主持召开的“九寨沟7.0级地震生态环境影响评估与灾后恢复重建专家座谈会”上获知的消息。
2
11 2 2 1 2 0.65
四川九寨沟8月8日发生7.0级地震，景区灾情严重，著名景点火花海、诺日朗瀑布等不同程度受损。
11 3 2 2 2 0.082
景区能否恢复、九寨天堂能否再现成为备受社会关注的热点。
1
13 1 1 1 1 0.643
2017年8月8日21时19分，四川省阿坝藏族羌族自治州九寨沟县发生7.0级地震。
1
14 4 3 1 1 0.661
8月8日21时19分，四川省阿坝藏族羌族自治州九寨沟县发生7.0级地震。
2
15 3 2 1 2 0.658
2017年8月8日21时19分，四川阿坝州九寨沟县发生7.0级地震，又一次让全国的目光投向四川。
15 4 2 2 2 0.456
法治周末记者随后赶赴现场，采访并见证了九寨沟森林警察抢险救灾的日日夜夜
2
15 6 4 1 2 0.71
在九寨沟景区，九寨沟森林公安局九寨沟派出所设有一个警务室。
15 7 4 2 2 0.117
地震时，警务室挂牌还不到3个月。
2
16 1 1 1 2 0.667
8月8日晚，四川阿坝州九寨沟县发生7.0级地震，灾情牵动着亿万人民的心。
16 2 1 2 2 0.275
面对震区交通、水电、通讯大面积中断，商户店面遭受损毁，以及各类金融服务被迫中止等紧急情形，银联商务迅速启动应急机制，第一时间部署开展抗震救灾工作，在灾区道路封锁的情况下，积极通过现代化金融服务为灾区人民、滞留游客、救援官兵以及当地商户提供应急金融援助服务。
1
17 1 1 1 1 0.622
中新社九寨沟8月15日电(安源王鹏)15日上午，九寨沟县举行地震遇难同胞公祭活动，沉痛悼念地震遇难者。
1
17 11 6 1 1 0.632
15日下午，在四川省深度贫困县脱贫攻坚工作会议开始时，中共四川省委书记王东明，四川省长尹力等与会人员全体起立，为在九寨沟地震和凉山州普格县山洪泥石流灾害中遇难的同胞默哀。
2
17 12 7 1 2 0.694
8月8日21时19分，四川九寨沟发生7.0级地震，震源深度20千米。
17 13 7 2 2 0.329
截至13日20时，地震已造成25人遇难，525人受伤，6人失联，19768户176492人(含游客)受灾，73671间房屋不同程度受损，其中倒塌76间，涉及阿坝州九寨沟、松潘、若尔盖、红原等4个县53个乡(镇)309个村(社区)。
1
18 1 1 1 1 0.628
川报观察消息，8月15日10时许，警报声、汽笛声在九寨沟县城新区文化广场上空响起，九寨沟县在此举行公祭活动，深切悼念“8·8”九寨沟县7.0级地震遇难同胞。
2
19 1 1 1 2 0.66
四川阿坝州九寨沟县8月8日晚间发生7.0级地震，8月9日清晨，新疆精河县又发生6.6级地震。
19 2 1 2 2 0.333
那么，这次九寨沟地震和新疆精河地震的原因是什么？
2
21 1 1 1 2 0.61
重庆商报讯8月8日，21时19分，四川阿坝州九寨沟县发生7.0级地震，造成重大人员伤亡和财产损失。
21 2 1 2 2 0.016
昨天上午，重庆火锅大联盟的几名代表携带着大家捐赠的总计18400元善款来到重庆市红十字会，希望为抗震救灾献出一份绵薄之力。
2
22 1 1 1 2 0.624
8月8日21时19分，四川阿坝藏族羌族自治州九寨沟县（北纬33.20度，东经103.82度）发生7.0级地震。
22 2 1 2 2 -0.199
这一夜，许多人无眠。
1
22 9 6 1 1 0.638
8月9日举行的九寨沟“8·8”地震抗震救灾指挥部新闻发布会公布的信息显示，截至9日16时30分，地震灾区已安全转移近6万名游客和外来务工人员。
2
26 1 1 1 2 0.701
中新社多伦多8月13日电(记者余瑞冬)8月8日中国四川九寨沟发生7.0级地震时，几位加拿大的四川籍华商中断了正在四川进行的商务考察，在绵阳转赴医院看望慰问伤者。
26 2 1 2 2 0.484
加拿大的华人社团也正行动起来，为九寨沟地震灾区筹捐善款。
2
26 3 2 1 3 0.756
记者了解到，九寨沟地震发生当晚，加中四川总商会副会长郝亮的总部位于四川成都的企业即派出车队奔赴震区协助救灾。
26 4 2 2 3 0.297
其后，加中四川总商会会长王浩及该商会名誉会长陈兴业、胡一平等一行暂停在绵阳的考察事宜，在10日下午赴绵阳市中心医院看望伤者，其中也包括在地震中头部受伤并被送至该医院接受救治的加拿大女游客凯瑟琳·霍金斯(KathrynHodgins)。
1
28 1 1 1 1 0.684
8月12日，四川地震局、四川省地震预报研究中心多位相关负责人告诉澎湃新闻，这次“8.8”九寨沟县7.0级地震发生前，四川地震局未收到异常前兆信号。
2
30 5 4 1 4 0.623
中国地震局现场工作队新闻发言人雷建成在新闻发布会上介绍，此次地震九度区涉及四川省阿坝藏族羌族自治州九寨沟县漳扎镇，面积139平方千米。
30 6 4 2 4 0.311
八度区涉及九寨沟县面积778平方千米。
2
31 1 1 1 2 0.616
8月8日21时19分，阿坝州九寨沟县发生了7.0级地震。
31 2 1 2 2 0.363
中国地震局现场工作队在震区开展了大规模实地调查，结合地震台网观测数据等信息，专家分析了此次地震的几个震害特点。
2
33 1 1 1 2 0.651
8月8日21时19分，四川九寨沟县发生7.0级地震；次日7时27分，新疆精河县发生6.6级地震。
33 2 1 2 2 0.117
两次地震前后脚发生，而且震区余震不断，这是一种巧合还是预示着地震活跃期的到来？
2
34 1 1 1 2 0.66
8月8日晚至9日清晨，四川阿坝州九寨沟县发生7.0级地震，新疆博尔塔拉州精河县发生6.6级地震。
34 2 1 2 2 0.03
地震发生后，往往或多或少会涉及一些法律问题，陕西省高院官方微信就地震后可能会遇到的法律问题进行了分析。
2
37 1 1 1 2 0.613
8月12日下午5点，四川省抗震就在指挥部召开第三场新闻发布会，发布了四川九寨沟7.0级地震烈度图。
37 2 1 2 2 0.388
中国地震局地质研究所研究院李志强、中国地震局工程力学研究所研究员林均岐解读了烈度图并回答记者提问。
1
39 1 1 1 1 0.602
【四川九寨沟7.0级地震已造成25人死亡】8月13日，据央视新闻记者从四川省人民政府新闻办了解到，四川九寨沟7.0级地震已造成25人死亡，其中21人确定身份，4人未确定身份。
2
40 2 2 1 4 0.66
新京报快讯（记者罗婷王飞）8月8日21时19分，四川阿坝州九寨沟县发生7.0级地震。
40 3 2 2 4 0.493
4名来自九寨沟景区村庄的村民在熊猫海附近失联。
1
43 1 1 1 1 0.623
四川在线消息（记者罗之飏）8月13日，记者从四川省政府新闻办获悉，“8•8”九寨沟7.0级地震截至13日零时，共造成绵阳市平武县11个乡镇不同程度受灾，共造成经济损失约1.1446亿。
1
46 1 1 1 1 0.634
据新华社四川九寨沟8月12日电（记者杨迪张萌）中国地震局12日发布，九寨沟7.0级地震最大烈度达到九度，六度区及以上总面积为18295平方千米，共造成四川省、甘肃省8个县受灾。
2
46 4 3 1 2 0.623
中国地震局现场工作队新闻发言人雷建成在新闻发布会上介绍，此次地震九度区涉及四川省阿坝藏族羌族自治州九寨沟县漳扎镇，面积139平方千米。
46 5 3 2 2 0.311
八度区涉及九寨沟县面积778平方千米。
2
49 1 1 1 2 0.623
今日下午5点，四川省抗震就在指挥部召开第三场新闻发布会，发布了四川九寨沟7.0级地震烈度图。
49 2 1 2 2 0.388
中国地震局地质研究所研究院李志强、中国地震局工程力学研究所研究员林均岐解读了烈度图并回答记者提问。
1
49 17 12 1 1 0.684
8月12日，在九寨沟县举行的四川九寨沟7.0级地震烈度图新闻发布会上，中国地震局地质研究所研究员李志强在回答记者提问时，介绍了此次地震对九寨沟景区的破坏情况。
1
49 23 16 1 1 0.636
8月12日，在九寨沟县举行的四川九寨沟7.0级地震烈度图新闻发布会上，中国地震局工程力学研究所研究员林均岐谈到了目前当地建筑安全问题。
1
49 32 21 1 1 0.641
8月12日，在九寨沟县举行的四川九寨沟7.0级地震烈度图新闻发布会上，中国地震局地质研究所研究员李志强介绍了关于村寨重建和自然景观重建的问题。
2
50 1 1 1 2 0.647
四川在线消息（记者罗之飏）8月12日，记者从四川省政府新闻办获悉，截至8月12日16时50分，新增确认九寨沟7.0级地震遇难者身份6名。
50 2 1 2 2 0.045
遇难的24人中，已有20人确定身份，其余4名正在核实身份。
2
51 3 2 1 3 0.63
8月12日下午，九寨沟7.0级地震中国地震局现场指挥部召开新闻发布会，介绍了本次地震的烈度分布图及其震害特征。
51 4 2 2 3 0.418
指挥部负责人说，此次地震的最大烈度为九度，共造成四川省、甘肃省8个县受灾。
2
53 1 1 1 2 0.672
中青在线九寨沟8月12日电(汪龙华中国青年报·中青在线记者胡宁田文生白皓王鑫昕)九寨沟地震抗震救灾指挥部今天下午5时举行新闻发布会，发布了《四川九寨沟7.0级地震烈度图》。
53 2 1 2 2 0.29
该图显示，此次地震的最大烈度为九度，六度区及以上总面积为18295平方千米，共造成四川省、甘肃省8个县受灾。
1
54 1 1 1 1 0.631
四川九寨沟7.0级地震中国地震局现场指挥部今天下午发布《四川九寨沟7.0级地震烈度图》，此次地震的最大烈度为Ⅸ度，等震线长轴总体呈北北西走向，而Ⅵ度区及以上总面积为18295平方千米，共造成四川省、甘肃省8个县受灾。
2
56 1 1 1 2 0.647
四川九寨沟地震灾区灾后防疫工作已全面展开，昨天（11日），疾控部门工作人员前往九寨沟县的各个乡镇展开现场调查。
56 2 1 2 2 0.28
截至目前，九寨沟县没有传染病疫情和突发公共卫生事件报告。
2
57 1 1 1 2 0.619
四川九寨沟7.0级地震和新疆精河6.6级地震发生后，网络出现了对地震形势的臆测。
57 2 1 2 2 0.306
昨天，中国工程院院士陈厚群以及中国地震台网中心副主任、研究员刘杰，对我国大陆地震活动情况等社会关心的热点问题进行了解答。
1
60 1 1 1 1 0.634
中新网8月12日电中国地震台网正式测定：08月12日07时56分在四川阿坝州九寨沟县（北纬33.12度，东经103.87度）发生3.7级地震，震源深度12千米。
2
60 2 2 1 2 0.715
8月8日21时19分，四川阿坝州九寨沟县发生7.0级地震。
60 3 2 2 2 0.072
截至8月12日8时0分，共记录到余震总数为2903次，其中6.0—6.9级地震0次，5.0—5.9级0次，4.0—4.9级3次，3.0—3.9级26次，目前最大余震4.8级。
1
65 9 5 1 1 0.666
此前的8月9日，武汉市旅游局下发紧急通知，要求全市各旅行社立即停止组团前往四川地震灾区景区，特别是九寨沟景区及沿线旅游点。
2
70 1 1 1 2 0.683
2017年8月8日至9日，我国西部发生四川九寨沟7.0级地震和新疆精河6.6级地震。
70 2 1 2 2 0.368
短时间内连续发生强震，我国地震近期是否进入活跃期？水库有可能引发大地震吗？11日，记者采访了中国工程院院士陈厚群以及中国地震台网中心副主任、研究员刘杰，专家们对我国大陆地震活动情况等社会关心的热点问题进行了解答。
2
71 1 1 1 2 0.744
8月8日21时19分，四川阿坝州九寨沟县发生7.0级地震，地震致九寨沟景区灾情严重，多个景点不同程度受损。
71 2 1 2 2 0.288
据九寨沟管理局通报，著名景点火花海出现长50米、深约12米、宽20米的决口；86版西游记取景之一——诺日朗瀑布岩体坍塌……
2
73 2 2 1 2 0.683
2017年8月8日至9日，我国西部发生四川九寨沟7.0级地震和新疆精河6.6级地震。
73 3 2 2 2 0.262
短时间内连续发生强震，有人担心：我国是否进入了地震活跃期？对此专家表示，我国地震活动处于正常活动水平。
2
75 1 1 1 4 0.66
新京报快讯（记者罗婷王飞）8月8日21时19分，四川阿坝州九寨沟县发生7.0级地震。
75 2 1 2 4 0.493
4名来自九寨沟景区村庄的村民在熊猫海附近失联。
2
76 3 2 1 3 0.629
地震发生后，四川阿坝州组织了各类车辆疏散游客和散客。
76 4 2 2 3 0.185
截至今天中午，已转移车辆1万余台，转移人员超过6万人。
2
76 14 8 1 2 0.474
地震发生后，各项救援工作有序开展。
76 15 8 2 2 0.615
继昨天上午，江苏省地震局地震现场工作队赶赴四川震区后，爱德基金会工作人员也于昨晚八点到达成都，并连夜筹备了大量物资运往九寨沟。
2
77 1 1 1 3 0.632
据中国地震台网正式测定，北京时间2017年8月8日21时19分，在四川阿坝州九寨沟县(北纬33.2度，东经103.82度)发生7.0级地震，震源深度20公里。
77 2 1 2 3 0.48
甘肃能源监管办作为省抗震救灾指挥部成员单位，第一时间启动地震应急响应。
1
78 1 1 1 1 0.633
九寨沟地震余震不断，导致从九寨黄龙机场通往九寨沟县城的301省道再次发生塌方。
1
80 1 1 1 1 0.679
人民公安报北京8月10日电记者张弘、王自然、通讯员胡雪报道：8月8日晚四川省九寨沟县发生7.0级地震和8月9日早新疆维吾尔自治区精河县发生6.6级地震后，公安部交通管理局迅速启动应急机制，实时跟踪掌握地震灾区道路通行情况，并指导四川、甘肃、新疆公安交管部门全力做好抗震救灾交通保障工作，截至目前，从四川绵阳、甘肃文县通往地震灾区的主要道路全线有序畅通。
1
81 1 1 1 1 0.623
中新网九寨沟8月11日电（记者刘忠俊）8日21时19分在四川阿坝州九寨沟县发生7.0级地震，据现场联合指挥部报告，截至11日8时，四川省地震台网共记录到余震总数2318个，其中4.0-4.9级地震3个，3.0-3.9级地震23个，最大余震为9日10时17分发生的4.8级地震。
1
81 7 5 1 1 0.622
在后方，四川省地震局会同中国地震台网中心地震专家坚持滚动会商，密切监视震区震情。
2
83 2 2 1 2 0.649
8月8日晚，四川九寨沟地区发生7.0级地震，之后社会各方迅速开启了抢险救灾行动。
83 3 2 2 2 0.142
苹果公司决定捐款700万元，这笔钱将交由中国扶贫基金会用以拯救灾区生命。
1
86 2 2 1 1 0.62
四川新闻网记者从中共九寨沟县委宣传部官方微博了解到，截至8月10日18时，“8.8”九寨沟地震遇难20人，其中14名遇难者已确认身份，6名正在核实身份。
2
87 1 1 1 2 0.676
中新网8月11日电据国家地震台网官方微博消息，8月8日21时19分，四川阿坝州九寨沟县发生7.0级地震。
87 2 1 2 2 0.082
截至8月11日8时0分，共记录到余震总数为2318次，其中6.0—6.9级地震0次，5.0—5.9级0次，4.0—4.9级3次，3.0—3.9级23次，目前最大余震4.8级。
2
88 1 1 1 2 0.674
8月8日21时19分，四川省阿坝州九寨沟县发生7.0级地震。
88 2 1 2 2 0.354
地震发生后，河南省应急救援协会第一时间快速反应，第一梯队和第二梯队的10名队员，都已经奔赴地震核心区。
2
89 4 2 1 2 0.768
8月8日21时19分，四川阿坝州九寨沟发生7.0级地震。
89 5 2 2 2 0.294
21时52分起，微信中陆续出现一条谣言信息，称“可能在2017年8月9日3时左右再次发生余震，届时陕西西安、汉中、安康，甘肃兰州、张掖，青海西宁等地将会有所波及。请广大人民群众注意人身安全。”发现这一情况后，西安市公安局西关派出所民警连夜开展摸排走访，于9日11时，在西安市莲湖区西稍门附近一公司内，将涉嫌散布谣言的违法嫌疑人陈某某抓获。
1
90 7 2 1 1 0.672
记者从四川省政府新闻办获悉，截至10日12时，四川九寨沟7.0级地震已致20人死亡，431人受伤，其中重伤18人。
1
90 31 14 1 1 0.642
中国地震局地震现场应急指挥部10日派出16个灾评小组计80余人，前往九寨沟地震灾区各地开展烈度评定和灾害调查工作。
2
90 51 26 1 3 0.617
8月8日晚九寨沟地震，西安震感强烈。
90 52 26 2 3 -0.035
西安一购物中心餐饮区许多人赶紧逃离，未顾上付就餐费，高达6万余元。
2
91 1 1 1 2 0.692
8月8日晚，四川阿坝藏族羌族自治州九寨沟县发生7.0级地震。
91 2 1 2 2 0.441
九寨沟县应急办最新数据显示：截至8月10日12时，地震已致20人死亡，431人受伤。
2
92 2 2 1 4 0.651
8月8日晚间，四川省阿坝藏族羌族自治州九寨沟县发生了7.0级的地震。
92 3 2 2 4 0.226
震源深度20公里。
1
93 1 1 1 1 0.633
据中国地震台网官方消息，北京时间8月8日21时19分在四川阿坝州九寨沟县（北纬33.20度，东经103.82度）发生7.0级地震，震源深度20千米，甘肃、陕西等多地有强烈震感。
2
94 1 1 1 2 0.752
8日晚21时19分，7.0级地震突袭四川九寨沟。
94 2 1 2 2 0.287
从震区传出消息，天堂洲际大饭店内建筑物坍塌倾斜，饭店及周边1500多名游客滞留，情况不明……
1
94 6 5 1 1 0.695
据中国地震台网测定，8月8日21时19分，四川省阿坝藏族羌族自治州九寨沟县发生了7.0级地震。
2
94 65 46 1 2 0.623
四川省卫计委主任沈骥表示，地震发生后四川立即启动卫生一级响应，在县医院和县中藏医院开辟绿色通道，对地震伤员一路绿灯，全力救治，全部免费。
94 66 46 2 2 0.074
同时，对重伤员进行转移，38名重伤员向成都、绵阳等地转诊，其中9名使用直升机转运。
1
95 1 1 1 1 0.633
九寨沟地震余震不断，导致从九寨黄龙机场通往九寨沟县城的301省道再次发生塌方。
1
97 1 1 1 1 0.679
人民公安报北京8月10日电记者张弘、王自然、通讯员胡雪报道：8月8日晚四川省九寨沟县发生7.0级地震和8月9日早新疆维吾尔自治区精河县发生6.6级地震后，公安部交通管理局迅速启动应急机制，实时跟踪掌握地震灾区道路通行情况，并指导四川、甘肃、新疆公安交管部门全力做好抗震救灾交通保障工作，截至目前，从四川绵阳、甘肃文县通往地震灾区的主要道路全线有序畅通。
1
98 1 1 1 1 0.623
中新网九寨沟8月11日电（记者刘忠俊）8日21时19分在四川阿坝州九寨沟县发生7.0级地震，据现场联合指挥部报告，截至11日8时，四川省地震台网共记录到余震总数2318个，其中4.0-4.9级地震3个，3.0-3.9级地震23个，最大余震为9日10时17分发生的4.8级地震。
1
98 7 5 1 1 0.622
在后方，四川省地震局会同中国地震台网中心地震专家坚持滚动会商，密切监视震区震情。
2
100 2 2 1 2 0.649
8月8日晚，四川九寨沟地区发生7.0级地震，之后社会各方迅速开启了抢险救灾行动。
100 3 2 2 2 0.142
苹果公司决定捐款700万元，这笔钱将交由中国扶贫基金会用以拯救灾区生命。
