9 2 2 1 1 0.626
这是记者23日从四川省林业厅主持召开的“九寨沟7.0级地震生态环境影响评估与灾后恢复重建专家座谈会”上获知的消息。
9 7 4 1 2 0.609
九寨沟7.0级地震对中国西南地区野生大熊猫生态系统造成了一定程度破坏。
9 8 4 2 2 0.367
阿坝州南坪林业局副局长黄泽明说：“九寨沟地震后的当天深夜，我们赶到现场，只见一些山体出现滑坡，山上的石头还在往下掉，有几辆车子被石头砸翻在公路上。”幸运的是，在九寨沟地震的四川震区范围内，四川林业部门目前并未收到野生大熊猫伤亡的情况报告。
19 3 2 1 8 0.705
据中国地震局地震预测研究所研究员陈会忠和中国地科院地质研究员、国土资源首席科学传播专家苏德辰分析，这次地震发生在我国地震活跃的南北地震带上。
19 4 2 2 8 0.534
南北地震带是我国大地震多发地区，近年来汶川、玉树、卢山、鲁甸、景谷等地震都是发生在南北地震带上。
19 12 3 2 3 0.662
从具体地震带来说，这两次地震并不在同一个地震带上，九寨沟地震处于龙门山地震带，而新疆精河地震处于天山地震带。
19 11 3 1 3 0.542
中国地震台网中心研究员孙士鋐分析称，从动力源上来说，这两次地震的动力源相近，中国西部地震主要成因都是受到印度板块向亚欧板块的挤压，导致青藏高原向北向东推移，从而造成青藏高原周边地震频发。
19 13 3 3 3 0.509
孙士鋐说，2008年以来，中国一直处于地震相对频发期，四川新疆连续发生较强地震也再次说明，这个频发期仍在继续。
22 19 12 2 3 0.662
8月9日0时24分，国务院抗震救灾指挥部根据九寨沟7.0级地震震情灾情综合判断，决定将国家地震应急响应由Ⅰ级改为Ⅱ级。
22 18 12 1 3 0.429
《中国经济周刊》记者注意到，8月8日晚地震发生后，中国地震局启动Ⅰ级应急响应。
22 20 12 3 3 0.533
中国地震台网中心地震预报部主任蒋海昆介绍说，“这次灾害人口密度小并且余震非常弱，所以应急响应从Ⅰ级降成了Ⅱ级。”
28 6 5 1 1 0.623
四川省地震局另一位相关处室负责人举例称，距离此次九寨沟地震震中约70公里的松潘地震台，曾为1976年松平7.2级地震成功预测、预报做出突出贡献。
33 13 7 1 1 0.604
专家对此表示，我国地震活动处于正常活动水平。
57 1 1 1 2 0.732
四川九寨沟7.0级地震和新疆精河6.6级地震发生后，网络出现了对地震形势的臆测。
57 2 1 2 2 0.506
昨天，中国工程院院士陈厚群以及中国地震台网中心副主任、研究员刘杰，对我国大陆地震活动情况等社会关心的热点问题进行了解答。
57 3 2 1 1 0.611
短时间内连续发生强震，有人担心：我国是否进入了地震活跃期？对此专家表示，我国地震活动处于正常活动水平。
57 5 4 1 2 0.615
我国地震活动水平是比较高的，年均20次5级地震、3至4次6级地震、0.67次7级地震。
57 6 4 2 2 0.55
刘杰介绍，九寨沟7.0级地震前我国大陆7级地震平静已达24个月，6级地震平静已达8个月，2017年1月至7月也只发生了4次5级地震，地震活动水平是比较低的。
57 9 6 2 3 0.632
根据1900年以来地震活动资料，我国地震活跃期是以7.5级大地震或7级强震群作为活动标志来划分的，如1920年宁夏海原8.5级大震、1988年云南澜沧7.6级地震、2001年昆仑山口西8.1级地震。
57 8 6 1 3 0.576
刘杰还告诉记者，我国发生7级地震是比较常见的现象，平均3年2次7级地震。
57 10 6 3 3 0.823
此次九寨沟7.0级地震，属于我国正常的地震活动。
57 11 7 1 2 0.652
四川九寨沟7.0级地震发生后，网上出现了一些对地震形势的臆测，并将此次地震与三峡大坝相联系。
57 12 7 2 2 0.564
受访专家均指出，三峡工程不可能引发九寨沟地震。
65 6 3 1 1 0.6
8月10日，《中国经营报》记者从阿坝州旅发委旅游经济研究所了解到，九寨沟地震后，该所召开紧急会议，分析地震对景区影响，在借鉴2008年汶川特大地震灾后旅游产业恢复重建积累的宝贵经验基础上，探索九寨沟灾后重振思路。
67 2 2 1 3 0.615
我国地震活动水平是比较高的，年均20次5级地震、3至4次6级地震、0.67次7级地震。
67 3 2 2 3 0.55
刘杰介绍，九寨沟7.0级地震前我国大陆7级地震平静已达24个月，6级地震平静已达8个月，2017年1月至7月也只发生了4次5级地震，地震活动水平是比较低的。
68 3 2 1 1 0.613
“短时间连续发生强震，在历史上并不是一个罕见事件，不能因此判断我国地震活动进入活跃期。”中国地震局台网中心副主任刘杰说，比如1955年4月14日四川康定7.5级地震后，15日新疆乌恰又发生了两次7.0级地震；1966年3月6日西藏扎达6.6级地震后，8日河北隆尧又出现6.8级地震。
68 6 3 3 3 0.601
目前我国大陆仍处于正常地震活动状态内。
68 5 3 2 3 0.582
九寨沟7.0级地震前，我国大陆7级地震平静已达24个月，6级地震平静8个月，2017年1—7月发生4次5级地震，地震活动水平是比较低的。
68 8 4 2 3 0.685
根据1900年以来地震活动资料，我国大陆地震活跃期是以7.5级大地震或7级强震群作为活动标志来划分的，如1920年海原8.5级大地震，1988年云南澜沧7.6级地震，2001年昆仑山口西8.1级地震。
68 7 4 1 3 0.592
“历史上，我国大陆发生7级地震是比较常见的现象。”刘杰说，国际地震界认为，2004年苏门答腊9级地震后，全球地震活动进入了相对活跃期。
68 9 4 3 3 0.81
因此九寨沟发生的7.0级地震，可以看成我国大陆的正常地震活动。
68 17 8 2 2 0.621
近年来该区域地震频发，主要是受大的板块活动和地质构造的影响，九寨沟地震也没有水库诱发型地震的特征。
68 16 8 1 2 0.431
“此外，从九寨沟到三峡工程的直线距离约700公里，其间分布着不透水性的地层，库水与九寨沟地震的构造带也不存在水力联系，因此不可能引发九寨沟地震。”陈厚群说，四川西部在区域地质背景上，本就属于地震多发地带。
68 18 9 1 4 0.669
刘杰说，地震按照发生类型来说，通常分为构造地震、诱发地震、火山地震、陷落地震、人工地震等。
68 19 9 2 4 0.387
通常认为，水库诱发地震是由于水库区有大断裂破碎带存在时，蓄水后水渗入岩层，促使岩层变形错动，从而诱发地震。
68 21 9 4 4 0.612
“大型水库因蓄水会诱发一些轻微的地震活动，但这些地震基本上分布在库区及其周边区域，不可能引起几百公里外的地震。”刘杰说，九寨沟地震属于典型构造地震，即由于地球岩层断裂，发生变位错动，在地质构造上发生巨大变化而产生的地震，它与水库诱发型地震属于不同地震发生类型，机制和原理也不同。
68 20 9 3 4 0.324
水库诱发型地震的特点一般是震级小、震源浅、波及范围小。
70 1 1 1 2 0.646
2017年8月8日至9日，我国西部发生四川九寨沟7.0级地震和新疆精河6.6级地震。
70 2 1 2 2 0.594
短时间内连续发生强震，我国地震近期是否进入活跃期？水库有可能引发大地震吗？11日，记者采访了中国工程院院士陈厚群以及中国地震台网中心副主任、研究员刘杰，专家们对我国大陆地震活动情况等社会关心的热点问题进行了解答。
70 3 2 1 3 0.668
答：我国地震活动处于正常活动水平。
70 4 2 2 3 0.563
据了解，历史上短时间内连续发生强震的情况是有的，如1955年4月14日四川康定发生7.5级地震，次日新疆乌恰便两次发生7.0级地震；1966年3月6日西藏札达发生6.6级地震，8日河北隆尧发生6.8级地震；2008年10月5日新疆乌恰发生6.8级地震、10月6日西藏当雄发生6.6级地震。
70 15 6 1 4 0.638
答：四川九寨沟7.0级地震发生后，网上出现了一些对地震形势的臆测，并将此次地震与三峡大坝相联系。
70 16 6 2 4 0.584
三峡工程不可能引发九寨沟地震。
71 1 1 1 2 0.649
8月8日21时19分，四川阿坝州九寨沟县发生7.0级地震，地震致九寨沟景区灾情严重，多个景点不同程度受损。
71 2 1 2 2 0.125
据九寨沟管理局通报，著名景点火花海出现长50米、深约12米、宽20米的决口；86版西游记取景之一——诺日朗瀑布岩体坍塌……
71 20 13 1 4 0.646
雅安地震同样是7.0级，但与此次九寨沟地震属两种类型。
71 21 13 2 4 0.07
前者属于逆断层，而后者是水平错动的走滑断层。
73 2 2 1 2 0.646
2017年8月8日至9日，我国西部发生四川九寨沟7.0级地震和新疆精河6.6级地震。
73 3 2 2 2 0.611
短时间内连续发生强震，有人担心：我国是否进入了地震活跃期？对此专家表示，我国地震活动处于正常活动水平。
73 6 4 1 2 0.615
我国地震活动水平是比较高的，年均20次5级地震、3至4次6级地震、0.67次7级地震。
73 7 4 2 2 0.55
刘杰介绍，九寨沟7.0级地震前我国大陆7级地震平静已达24个月，6级地震平静已达8个月，2017年1月至7月也只发生了4次5级地震，地震活动水平是比较低的。
73 13 7 2 3 0.632
根据1900年以来地震活动资料，我国地震活跃期是以7.5级大地震或7级强震群作为活动标志来划分的，如1920年宁夏海原8.5级大震、1988年云南澜沧7.6级地震、2001年昆仑山口西8.1级地震。
73 12 7 1 3 0.576
刘杰还告诉记者，我国发生7级地震是比较常见的现象，平均3年2次7级地震。
73 14 7 3 3 0.823
此次九寨沟7.0级地震，属于我国正常的地震活动。
73 24 12 1 2 0.652
四川九寨沟7.0级地震发生后，网上出现了一些对地震形势的臆测，并将此次地震与三峡大坝相联系。
73 25 12 2 2 0.564
受访专家均指出，三峡工程不可能引发九寨沟地震。
79 4 2 3 4 0.608
曾就汶川地震、雅安地震、鲁甸地震及南方洪涝灾害等自然灾害进行捐赠。
79 3 2 2 4 0.159
苹果公司长期以来关心灾害救援领域，支持中国公益事业的发展。
79 5 2 4 4 0.174
“我们将与苹果公司紧密合作，做好捐款使用工作，并继续紧密关注灾情发展，做好开展最有效的救援、过渡安置及灾后重建工作。”
81 7 5 1 1 0.689
在后方，四川省地震局会同中国地震台网中心地震专家坚持滚动会商，密切监视震区震情。
84 4 2 1 8 0.705
据中国地震局地震预测研究所研究员陈会忠和中国地科院地质研究员、国土资源首席科学传播专家苏德辰分析，这次地震发生在我国地震活跃的南北地震带上。
84 5 2 2 8 0.536
南北地震带是我国大地震多发的地区，近年来汶川、玉树、卢山、鲁甸、景谷等地震都甚发生在南北地震带上。
84 13 3 2 3 0.662
从具体地震带来说，这两次地震并不在同一个地震带上，九寨沟地震处于龙门山地震带，而新疆精河地震处于天山地震带。
84 12 3 1 3 0.534
中国地震台网中心研究员孙士宏分析称，从动力源上来说，这两次地震的动力源相近，中国西部地震主要成因都是受到印度板块向亚欧板块的挤压，导致青藏高原向北向东推移，从而造成青藏高原周边地震频发。
84 14 3 3 3 0.509
孙士鋐说，2008年以来，中国一直处于地震相对频发期，四川新疆连续发生较强地震也再次说明，这个频发期仍在继续。
84 30 6 4 4 0.633
其一，该地曾发生过双震型地震，即1976年8月16日、8月23日先后发生在松潘—平武的两次7.2级地震；其二，作为7.0级地震，余震完全可能达到5.0级以上，而四川九寨沟7.0级地震的余震活动较弱，说明能量还未完全释放。
84 29 6 3 4 -0.012
形成上述判断的理由主要有两个方面。
91 9 7 1 1 0.617
其中，“中国地震台网正式测定：08月08日21时19分在四川阿坝州九寨沟县(北纬33.20度，东经103.82度)发生7.0级地震，震源深度20千米”和“国家主席习近平对四川九寨沟7.0级地震作出重要指示：最大限度减少人员伤亡”等信息获得较大传播和关注。
91 24 16 1 5 0.655
中国地震台网中心研究员孙士分析，这次九寨沟地震并不在汶川地震的余震期，所以两次地震没有实际的联系。
91 25 16 2 5 0.327
四川和新疆强震不在同一个地震带，但动力源相近。
91 27 16 4 5 0.662
从具体地震带来说，这两次地震并不在同一个地震带上，九寨沟地震处于龙门山地震带，而新疆精河地震处于天山地震带。
91 26 16 3 5 0.415
中国西部地震主要成因都是受到印度板块向亚欧板块的挤压，导致青藏高原向北向东推移，从而造成青藏高原周边地震频发。
91 28 16 5 5 0.539
2008年以来，中国一直处于地震相对频发期，四川新疆连续发生较强地震也再次说明，这个频发期仍在继续。
94 6 5 1 1 0.61
据中国地震台网测定，8月8日21时19分，四川省阿坝藏族羌族自治州九寨沟县发生了7.0级地震。
96 4 2 3 4 0.608
曾就汶川地震、雅安地震、鲁甸地震及南方洪涝灾害等自然灾害进行捐赠。
96 3 2 2 4 0.159
苹果公司长期以来关心灾害救援领域，支持中国公益事业的发展。
96 5 2 4 4 0.174
“我们将与苹果公司紧密合作，做好捐款使用工作，并继续紧密关注灾情发展，做好开展最有效的救援、过渡安置及灾后重建工作。”
98 7 5 1 1 0.689
在后方，四川省地震局会同中国地震台网中心地震专家坚持滚动会商，密切监视震区震情。
