1 1 1 1 3 0.612
2017年8月8日，四川省阿坝藏族羌族自治州九寨沟县发生7.0级地震，造成重大的人员伤亡和经济损失。
1 2 1 2 3 0.152
目前，地震灾区灾后恢复重建工作已全面启动，各级国土资源主管部门要按照党中央、国务院的部署和要求，切实发挥部门优势和专业优势，全力做好地震灾区恢复重建的支持保障工作。
1 61 21 1 2 0.616
本通知仅适用于四川省九寨沟地震灾后恢复重建涉及的阿坝藏族羌族自治州九寨沟县漳扎镇、马家乡、陵江乡、黑河乡、大录乡、南坪镇、白河乡、双河镇、保华乡、罗依乡、勿角乡、玉瓦乡，松潘县川主寺镇、山巴乡、水晶乡、黄龙乡，若尔盖县包座乡，绵阳市平武县白马乡。
1 62 21 2 2 -0.135
有效期至2020年。
13 1 1 1 1 0.69
2017年8月8日21时19分，四川省阿坝藏族羌族自治州九寨沟县发生7.0级地震。
14 4 3 1 1 0.713
8月8日21时19分，四川省阿坝藏族羌族自治州九寨沟县发生7.0级地震。
22 1 1 1 2 0.702
8月8日21时19分，四川阿坝藏族羌族自治州九寨沟县（北纬33.20度，东经103.82度）发生7.0级地震。
22 2 1 2 2 -0.266
这一夜，许多人无眠。
30 5 4 1 4 0.614
中国地震局现场工作队新闻发言人雷建成在新闻发布会上介绍，此次地震九度区涉及四川省阿坝藏族羌族自治州九寨沟县漳扎镇，面积139平方千米。
30 6 4 2 4 0.543
八度区涉及九寨沟县面积778平方千米。
37 4 3 1 1 0.733
此次地震的最大烈度为九度，等震线长轴总体呈北北西走向，六度区及以上总面积为18295平方千米，共造成四川省、甘肃省8个县受灾，包括：四川省阿坝藏族羌族自治州九寨沟县、若尔盖县、红原县、松潘县，绵阳市平武县；甘肃省陇南市文县，甘南藏族自治州舟曲县、迭部县。
37 5 4 1 1 0.825
九度区涉及四川省阿坝藏族羌族自治州九寨沟县漳扎镇，面积139平方千米。
37 6 5 1 1 0.792
八度区涉及四川省阿坝藏族羌族自治州九寨沟县漳扎镇、大录乡、黑河乡、陵江乡、马家乡，面积778平方千米。
37 7 6 1 1 0.847
七度区涉及四川省阿坝藏族羌族自治州九寨沟县、若尔盖县、松潘县，绵阳市平武县，面积3372平方千米。
37 8 7 1 1 0.882
六度区涉及四川省阿坝藏族羌族自治州九寨沟县、若尔盖县、红原县、松潘县，绵阳市平武县；甘肃省陇南市文县，甘南藏族自治州舟曲县、迭部县，面积14006平方千米。
46 4 3 1 2 0.614
中国地震局现场工作队新闻发言人雷建成在新闻发布会上介绍，此次地震九度区涉及四川省阿坝藏族羌族自治州九寨沟县漳扎镇，面积139平方千米。
46 5 3 2 2 0.543
八度区涉及九寨沟县面积778平方千米。
49 4 3 1 1 0.737
此次地震的最大烈度为九度，等震线长轴总体呈北北西走向，六度区及以上总面积为18295平方千米，共造成四川省、甘肃省8个县受灾，包括四川省阿坝藏族羌族自治州九寨沟县、若尔盖县、红原县、松潘县，绵阳市平武县；甘肃省陇南市文县，甘南藏族自治州舟曲县、迭部县。
49 5 4 1 1 0.825
九度区涉及四川省阿坝藏族羌族自治州九寨沟县漳扎镇，面积139平方千米。
49 6 5 1 1 0.792
八度区涉及四川省阿坝藏族羌族自治州九寨沟县漳扎镇、大录乡、黑河乡、陵江乡、马家乡，面积778平方千米。
49 7 6 1 1 0.847
七度区涉及四川省阿坝藏族羌族自治州九寨沟县、若尔盖县、松潘县，绵阳市平武县，面积3372平方千米。
49 8 7 1 1 0.882
六度区涉及四川省阿坝藏族羌族自治州九寨沟县、若尔盖县、红原县、松潘县，绵阳市平武县；甘肃省陇南市文县，甘南藏族自治州舟曲县、迭部县，面积14006平方千米。
51 6 3 1 1 0.74
指挥部负责人说，此次地震的最大烈度为九度，等震线长轴总体呈北北西走向，六度区及以上总面积为18295平方千米，共造成四川省、甘肃省8个县受灾，包括四川省阿坝藏族羌族自治州九寨沟县、若尔盖县、红原县、松潘县，绵阳市平武县；甘肃省陇南市文县，甘南藏族自治州舟曲县、迭部县。
51 7 4 1 3 0.825
九度区涉及四川省阿坝藏族羌族自治州九寨沟县漳扎镇，面积139平方千米。
51 8 4 2 3 0.792
八度区涉及四川省阿坝藏族羌族自治州九寨沟县漳扎镇、大录乡、黑河乡、陵江乡、马家乡，面积778平方千米。
51 9 4 3 3 0.847
七度区涉及四川省阿坝藏族羌族自治州九寨沟县、若尔盖县、松潘县，绵阳市平武县，面积3372平方千米。
51 10 5 1 1 0.882
六度区涉及四川省阿坝藏族羌族自治州九寨沟县、若尔盖县、红原县、松潘县，绵阳市平武县；甘肃省陇南市文县，甘南藏族自治州舟曲县、迭部县，面积14006平方千米。
52 5 4 1 1 0.741
通报称，此次地震的最大烈度为九度，等震线长轴总体呈北北西走向，六度区及以上总面积为18295平方千米，共造成四川省、甘肃省8个县受灾，包括四川省阿坝藏族羌族自治州九寨沟县、若尔盖县、红原县、松潘县，绵阳市平武县；甘肃省陇南市文县，甘南藏族自治州舟曲县、迭部县。
52 6 5 1 1 0.825
九度区涉及四川省阿坝藏族羌族自治州九寨沟县漳扎镇，面积139平方千米。
52 7 6 1 1 0.792
八度区涉及四川省阿坝藏族羌族自治州九寨沟县漳扎镇、大录乡、黑河乡、陵江乡、马家乡，面积778平方千米。
52 8 7 1 1 0.847
七度区涉及四川省阿坝藏族羌族自治州九寨沟县、若尔盖县、松潘县，绵阳市平武县，面积3372平方千米。
52 9 8 1 1 0.882
六度区涉及四川省阿坝藏族羌族自治州九寨沟县、若尔盖县、红原县、松潘县，绵阳市平武县；甘肃省陇南市文县，甘南藏族自治州舟曲县、迭部县，面积14006平方千米。
53 3 2 1 1 0.831
根据此次发布的地震烈度图，等震线长轴总体呈北北西走向，受灾县包括四川省阿坝藏族羌族自治州九寨沟县、若尔盖县、红原县、松潘县，绵阳市平武县；甘肃省陇南市文县，甘南藏族自治州舟曲县、迭部县。
53 4 3 1 1 0.81
其中，九度区涉及四川省阿坝藏族羌族自治州九寨沟县漳扎镇，面积139平方千米。
53 5 4 1 1 0.792
八度区涉及四川省阿坝藏族羌族自治州九寨沟县漳扎镇、大录乡、黑河乡、陵江乡、马家乡，面积778平方千米。
53 6 5 1 1 0.847
七度区涉及四川省阿坝藏族羌族自治州九寨沟县、若尔盖县、松潘县，绵阳市平武县，面积3372平方千米。
53 7 6 1 1 0.882
六度区涉及四川省阿坝藏族羌族自治州九寨沟县、若尔盖县、红原县、松潘县，绵阳市平武县；甘肃省陇南市文县，甘南藏族自治州舟曲县、迭部县，面积14006平方千米。
91 1 1 1 2 0.701
8月8日晚，四川阿坝藏族羌族自治州九寨沟县发生7.0级地震。
91 2 1 2 2 0.308
九寨沟县应急办最新数据显示：截至8月10日12时，地震已致20人死亡，431人受伤。
92 2 2 1 4 0.697
8月8日晚间，四川省阿坝藏族羌族自治州九寨沟县发生了7.0级的地震。
92 3 2 2 4 0.207
震源深度20公里。
94 6 5 1 1 0.62
据中国地震台网测定，8月8日21时19分，四川省阿坝藏族羌族自治州九寨沟县发生了7.0级地震。
