1 1 1 1 3 0.683
2017年8月8日，四川省阿坝藏族羌族自治州九寨沟县发生7.0级地震，造成重大的人员伤亡和经济损失。
1 2 1 2 3 0.223
目前，地震灾区灾后恢复重建工作已全面启动，各级国土资源主管部门要按照党中央、国务院的部署和要求，切实发挥部门优势和专业优势，全力做好地震灾区恢复重建的支持保障工作。
1 61 21 1 2 0.616
本通知仅适用于四川省九寨沟地震灾后恢复重建涉及的阿坝藏族羌族自治州九寨沟县漳扎镇、马家乡、陵江乡、黑河乡、大录乡、南坪镇、白河乡、双河镇、保华乡、罗依乡、勿角乡、玉瓦乡，松潘县川主寺镇、山巴乡、水晶乡、黄龙乡，若尔盖县包座乡，绵阳市平武县白马乡。
1 62 21 2 2 -0.135
有效期至2020年。
13 1 1 1 1 0.768
2017年8月8日21时19分，四川省阿坝藏族羌族自治州九寨沟县发生7.0级地震。
14 4 3 1 1 0.792
8月8日21时19分，四川省阿坝藏族羌族自治州九寨沟县发生7.0级地震。
15 74 39 1 1 0.662
九寨沟森林派出所位于漳扎镇的甘海子村，距漳扎镇17公里。
21 1 1 1 2 0.612
重庆商报讯8月8日，21时19分，四川阿坝州九寨沟县发生7.0级地震，造成重大人员伤亡和财产损失。
21 2 1 2 2 -0.094
昨天上午，重庆火锅大联盟的几名代表携带着大家捐赠的总计18400元善款来到重庆市红十字会，希望为抗震救灾献出一份绵薄之力。
22 1 1 1 2 0.756
8月8日21时19分，四川阿坝藏族羌族自治州九寨沟县（北纬33.20度，东经103.82度）发生7.0级地震。
22 2 1 2 2 -0.278
这一夜，许多人无眠。
22 56 38 1 1 0.641
此次四川阿坝藏族羌族自治州九寨沟县7.0级地震，震源深度20公里，震中距九寨沟县39公里，距松潘县66公里，距舟曲县83公里，距文县85公里，距若尔盖县90公里，距陇南市105公里，距成都市285公里。
30 5 4 1 4 0.751
中国地震局现场工作队新闻发言人雷建成在新闻发布会上介绍，此次地震九度区涉及四川省阿坝藏族羌族自治州九寨沟县漳扎镇，面积139平方千米。
30 6 4 2 4 0.654
八度区涉及九寨沟县面积778平方千米。
30 7 4 3 4 0.492
据介绍，九寨沟7.0级地震中建筑物损毁程度远低于青海玉树7.1级、四川芦山7.0级、云南鲁甸6.5级地震，这首先与震源深度较深密不可分。
37 4 3 1 1 0.673
此次地震的最大烈度为九度，等震线长轴总体呈北北西走向，六度区及以上总面积为18295平方千米，共造成四川省、甘肃省8个县受灾，包括：四川省阿坝藏族羌族自治州九寨沟县、若尔盖县、红原县、松潘县，绵阳市平武县；甘肃省陇南市文县，甘南藏族自治州舟曲县、迭部县。
37 5 4 1 1 0.879
九度区涉及四川省阿坝藏族羌族自治州九寨沟县漳扎镇，面积139平方千米。
37 6 5 1 1 0.821
八度区涉及四川省阿坝藏族羌族自治州九寨沟县漳扎镇、大录乡、黑河乡、陵江乡、马家乡，面积778平方千米。
37 7 6 1 1 0.835
七度区涉及四川省阿坝藏族羌族自治州九寨沟县、若尔盖县、松潘县，绵阳市平武县，面积3372平方千米。
37 8 7 1 1 0.822
六度区涉及四川省阿坝藏族羌族自治州九寨沟县、若尔盖县、红原县、松潘县，绵阳市平武县；甘肃省陇南市文县，甘南藏族自治州舟曲县、迭部县，面积14006平方千米。
46 4 3 1 2 0.751
中国地震局现场工作队新闻发言人雷建成在新闻发布会上介绍，此次地震九度区涉及四川省阿坝藏族羌族自治州九寨沟县漳扎镇，面积139平方千米。
46 5 3 2 2 0.654
八度区涉及九寨沟县面积778平方千米。
47 1 1 1 1 0.625
2017年8月8日21时19分，在四川阿坝州九寨沟县附近（北纬33.20度，东经103.82度）发生7.0级左右地震，震源深度20千米。
49 4 3 1 1 0.675
此次地震的最大烈度为九度，等震线长轴总体呈北北西走向，六度区及以上总面积为18295平方千米，共造成四川省、甘肃省8个县受灾，包括四川省阿坝藏族羌族自治州九寨沟县、若尔盖县、红原县、松潘县，绵阳市平武县；甘肃省陇南市文县，甘南藏族自治州舟曲县、迭部县。
49 5 4 1 1 0.879
九度区涉及四川省阿坝藏族羌族自治州九寨沟县漳扎镇，面积139平方千米。
49 6 5 1 1 0.821
八度区涉及四川省阿坝藏族羌族自治州九寨沟县漳扎镇、大录乡、黑河乡、陵江乡、马家乡，面积778平方千米。
49 7 6 1 1 0.835
七度区涉及四川省阿坝藏族羌族自治州九寨沟县、若尔盖县、松潘县，绵阳市平武县，面积3372平方千米。
49 8 7 1 1 0.822
六度区涉及四川省阿坝藏族羌族自治州九寨沟县、若尔盖县、红原县、松潘县，绵阳市平武县；甘肃省陇南市文县，甘南藏族自治州舟曲县、迭部县，面积14006平方千米。
51 6 3 1 1 0.691
指挥部负责人说，此次地震的最大烈度为九度，等震线长轴总体呈北北西走向，六度区及以上总面积为18295平方千米，共造成四川省、甘肃省8个县受灾，包括四川省阿坝藏族羌族自治州九寨沟县、若尔盖县、红原县、松潘县，绵阳市平武县；甘肃省陇南市文县，甘南藏族自治州舟曲县、迭部县。
51 7 4 1 3 0.879
九度区涉及四川省阿坝藏族羌族自治州九寨沟县漳扎镇，面积139平方千米。
51 8 4 2 3 0.821
八度区涉及四川省阿坝藏族羌族自治州九寨沟县漳扎镇、大录乡、黑河乡、陵江乡、马家乡，面积778平方千米。
51 9 4 3 3 0.835
七度区涉及四川省阿坝藏族羌族自治州九寨沟县、若尔盖县、松潘县，绵阳市平武县，面积3372平方千米。
51 10 5 1 1 0.822
六度区涉及四川省阿坝藏族羌族自治州九寨沟县、若尔盖县、红原县、松潘县，绵阳市平武县；甘肃省陇南市文县，甘南藏族自治州舟曲县、迭部县，面积14006平方千米。
52 5 4 1 1 0.681
通报称，此次地震的最大烈度为九度，等震线长轴总体呈北北西走向，六度区及以上总面积为18295平方千米，共造成四川省、甘肃省8个县受灾，包括四川省阿坝藏族羌族自治州九寨沟县、若尔盖县、红原县、松潘县，绵阳市平武县；甘肃省陇南市文县，甘南藏族自治州舟曲县、迭部县。
52 6 5 1 1 0.879
九度区涉及四川省阿坝藏族羌族自治州九寨沟县漳扎镇，面积139平方千米。
52 7 6 1 1 0.821
八度区涉及四川省阿坝藏族羌族自治州九寨沟县漳扎镇、大录乡、黑河乡、陵江乡、马家乡，面积778平方千米。
52 8 7 1 1 0.835
七度区涉及四川省阿坝藏族羌族自治州九寨沟县、若尔盖县、松潘县，绵阳市平武县，面积3372平方千米。
52 9 8 1 1 0.822
六度区涉及四川省阿坝藏族羌族自治州九寨沟县、若尔盖县、红原县、松潘县，绵阳市平武县；甘肃省陇南市文县，甘南藏族自治州舟曲县、迭部县，面积14006平方千米。
53 3 2 1 1 0.727
根据此次发布的地震烈度图，等震线长轴总体呈北北西走向，受灾县包括四川省阿坝藏族羌族自治州九寨沟县、若尔盖县、红原县、松潘县，绵阳市平武县；甘肃省陇南市文县，甘南藏族自治州舟曲县、迭部县。
53 4 3 1 1 0.852
其中，九度区涉及四川省阿坝藏族羌族自治州九寨沟县漳扎镇，面积139平方千米。
53 5 4 1 1 0.821
八度区涉及四川省阿坝藏族羌族自治州九寨沟县漳扎镇、大录乡、黑河乡、陵江乡、马家乡，面积778平方千米。
53 6 5 1 1 0.835
七度区涉及四川省阿坝藏族羌族自治州九寨沟县、若尔盖县、松潘县，绵阳市平武县，面积3372平方千米。
53 7 6 1 1 0.822
六度区涉及四川省阿坝藏族羌族自治州九寨沟县、若尔盖县、红原县、松潘县，绵阳市平武县；甘肃省陇南市文县，甘南藏族自治州舟曲县、迭部县，面积14006平方千米。
58 7 5 1 1 0.618
尕迪彭措男住址：九寨沟县漳扎镇树正村身份证号码：513225199702232319；
60 2 2 1 2 0.624
8月8日21时19分，四川阿坝州九寨沟县发生7.0级地震。
60 3 2 2 2 0.154
截至8月12日8时0分，共记录到余震总数为2903次，其中6.0—6.9级地震0次，5.0—5.9级0次，4.0—4.9级3次，3.0—3.9级26次，目前最大余震4.8级。
84 1 1 1 3 0.606
四川阿坝州九寨沟县8月8日晚间发生7.0级地震，截至9日9时25分，地震已造成13人死亡、175人受伤（28人重伤）。
84 2 1 2 3 0.393
8月9日清晨，新疆精河县又发生6.6级地震。
88 1 1 1 2 0.634
8月8日21时19分，四川省阿坝州九寨沟县发生7.0级地震。
87 2 1 2 2 0.163
截至8月11日8时0分，共记录到余震总数为2318次，其中6.0—6.9级地震0次，5.0—5.9级0次，4.0—4.9级3次，3.0—3.9级23次，目前最大余震4.8级。
88 2 1 2 2 0.204
地震发生后，河南省应急救援协会第一时间快速反应，第一梯队和第二梯队的10名队员，都已经奔赴地震核心区。
91 1 1 1 2 0.786
8月8日晚，四川阿坝藏族羌族自治州九寨沟县发生7.0级地震。
91 2 1 2 2 0.495
九寨沟县应急办最新数据显示：截至8月10日12时，地震已致20人死亡，431人受伤。
92 2 2 1 4 0.77
8月8日晚间，四川省阿坝藏族羌族自治州九寨沟县发生了7.0级的地震。
92 3 2 2 4 0.292
震源深度20公里。
94 6 5 1 1 0.716
据中国地震台网测定，8月8日21时19分，四川省阿坝藏族羌族自治州九寨沟县发生了7.0级地震。
