0.0 0.0483564125629 0.0218716118536 0.0276042637412 0.0282972109646 0.0522073275043 0.0522073275043 0.0504040148111 0.0265095081974 0.0217178119028 0.0501291032302 0.0501291032302 0.0303235302043 0.0270754182737 0.0265770591869 0.0305309301383 0.0308998988233 0.0322059275932 0.0473042374577 0.0481637581883 0.0481637581883 0.0277792476528 0.0490204461481 0.0404277930268 0.0293429101616 0.0322918626518 0.035229763401 0.035229763401 
0.0411829102066 0.0 0.0239131869844 0.0336276829823 0.0339100273825 0.0504466252254 0.0529217860254 0.0422288607437 0.0311411060826 0.0266041628672 0.0416610294083 0.0416610294083 0.0354887258312 0.0306802783863 0.0298274629882 0.0353283212239 0.0357828324117 0.0272315755491 0.0457843999228 0.0453855189941 0.0453855189941 0.0336597801443 0.0404262377243 0.0359354511452 0.02531800444 0.035073888452 0.0396967982381 0.0396967982381 
0.0193596044183 0.0248536506745 0.0 0.0322883213119 0.0414625217958 0.0291399887412 0.0291399887412 0.0421364713894 0.0412201271305 0.0411471566815 0.0421364713894 0.0421364713894 0.0384368507843 0.0352543636527 0.0517965208846 0.0329370017106 0.0408620295062 0.028466031015 0.0398072535915 0.0393913905072 0.0392942356146 0.0423536289948 0.0289014630957 0.0409748656473 0.0317910447353 0.0349019617569 0.04490529242 0.04490529242 
0.0233062587416 0.0333372967743 0.0307982594266 0.0 0.0401737090908 0.0361078107196 0.0333372967743 0.0400154215341 0.0402389217787 0.0359005177487 0.0400154215341 0.0400154215341 0.0449722915211 0.0380421944692 0.0366878952641 0.0473309738412 0.0401586113503 0.0325613772762 0.037073435578 0.0338294467679 0.0344421673522 0.0389895337624 0.0332903153414 0.0396381747781 0.0331707664164 0.0302166183746 0.0431749311251 0.0431749311251 
0.0231272436988 0.0325420887982 0.0382842609703 0.0388889107507 0.0 0.0304674371201 0.0304674371201 0.046240530613 0.0455653903262 0.0295269866435 0.046240530613 0.046240530613 0.0387114529095 0.0425992548146 0.0430921552893 0.037673343204 0.0335393690509 0.0282870410687 0.0359466952665 0.0375444919867 0.037426911195 0.0322803603257 0.0317466864451 0.038924643082 0.0301145490606 0.0377993797764 0.0433611596291 0.0433611596291 
0.044632043263 0.0506389237119 0.0281442058022 0.0365611686266 0.0318691871481 0.0 0.0531235196262 0.0389219773954 0.0319658790052 0.0261261004216 0.0381121998529 0.0381121998529 0.0355875483239 0.0321302434037 0.0323696219272 0.037993530914 0.0347888331262 0.0257066575708 0.0461063066855 0.0450742726478 0.0450742726478 0.0331587114808 0.0444123832129 0.037486174609 0.0227293899309 0.0318611445571 0.038656752128 0.038656752128 
0.0440635721017 0.0524468938953 0.0277857375765 0.0333259259329 0.0314632744337 0.0524468938953 0.0 0.0418499212721 0.0315587347422 0.0263654311742 0.0412871853549 0.0412871853549 0.035170268767 0.0304049697875 0.0319573352555 0.0350113035459 0.0354617361906 0.0269872137864 0.0453735549223 0.0449782533402 0.0449782533402 0.0333577350719 0.0428535170926 0.0370087192281 0.0224398893446 0.0314553342799 0.0393405801568 0.0393405801568 
0.0377563074386 0.0371424707163 0.0356588110164 0.0355022096309 0.042380585094 0.0341038941888 0.0371424707163 0.0 0.0454223863599 0.0307674703659 0.0465474524551 0.0465474524551 0.0348097823948 0.0410398474377 0.0385275906755 0.0339219973296 0.0332725054401 0.0275802099055 0.0375528899545 0.0373731075987 0.0378989268907 0.0337006056876 0.0327164807562 0.0367309166709 0.0283986443593 0.0322927977641 0.042606093349 0.042606093349 
0.0211582621348 0.0291843078488 0.0371682369029 0.0380389273815 0.0444972501736 0.0298434939209 0.0298434939209 0.0483976067475 0.0 0.031769340495 0.0489707971891 0.0483976067475 0.0372040763675 0.046121081333 0.0408348865513 0.0365045458816 0.0348601395515 0.0236551098502 0.0393413081717 0.0394999442553 0.039394164659 0.0342301050015 0.0295152148252 0.0381841840823 0.0309418136927 0.0335079858745 0.0444680582201 0.0444680582201 
0.0201042405096 0.0289173334441 0.0430324175309 0.0393618879044 0.0334434049272 0.0282898658738 0.0289173334441 0.0380223549202 0.0368469445222 0.0 0.0380223549202 0.0380223549202 0.0456893369276 0.0373228429244 0.0403180398367 0.0331622359178 0.0475755376704 0.030940903587 0.0442121643706 0.0437761199094 0.0431747079777 0.0481763371839 0.0240232451482 0.0400965286385 0.0337789888063 0.0324821378667 0.0411451901589 0.0411451901589 
0.0375966236364 0.0366881613538 0.0357027266113 0.0355459323634 0.0424327788871 0.0334354843939 0.0366881613538 0.0466047779521 0.0460169426245 0.0308053620321 0.0 0.0466047779521 0.0348526523688 0.0410903900459 0.0385750393149 0.0339637739522 0.0333134821813 0.0280907519623 0.0375991382016 0.0374191344349 0.0379456012994 0.0337421096554 0.0324267284269 0.036776152617 0.0284336186987 0.0323325679466 0.0426585648667 0.0426585648667 
0.0376168847052 0.0367079328463 0.0357219670465 0.0355650883011 0.042455646192 0.0334535029973 0.0367079328463 0.0466298935748 0.0455028348527 0.0308219632453 0.0466298935748 0.0 0.0348714346934 0.0411125339285 0.0385958276584 0.0339820772544 0.033331435037 0.0281058902541 0.0376194006256 0.0374392998537 0.0379660504347 0.0337602935012 0.0324442034051 0.0367959715286 0.0284489417637 0.0323499921811 0.0426815538491 0.0426815538491 
0.0246614403565 0.033889575324 0.0353159413821 0.0433198855174 0.0385210313117 0.0338548926622 0.033889575324 0.0377933686364 0.0379097467352 0.0401404216416 0.0377933686364 0.0377933686364 0.0 0.0372746997796 0.037119318723 0.0493761359498 0.0422119765148 0.0259047696891 0.0362924942845 0.0390390510913 0.0366903891462 0.0420629882026 0.0315238959625 0.0348760524212 0.032482502244 0.0317478151779 0.0442576473248 0.0442576473248 
0.0227415911381 0.0302581248114 0.0334536003082 0.0378455515253 0.0437791606363 0.0315678047056 0.0302581248114 0.046017924489 0.0485363184223 0.0338648211288 0.046017924489 0.046017924489 0.0384964913201 0.0 0.0382308062355 0.0437424279492 0.0367160957233 0.0227804655898 0.0376318663967 0.0383413456805 0.0425274221469 0.0333576270027 0.0290991352516 0.0415243197312 0.0303288331803 0.0322906668158 0.0422868130111 0.0422868130111 
0.0221558399722 0.0291967595202 0.0487827407797 0.0362249419518 0.0439540874805 0.031564841715 0.031564841715 0.0428774317244 0.0426515017153 0.036308566426 0.0428774317244 0.0428774317244 0.0380489445549 0.0379445214671 0.0 0.0362592815952 0.0384371653064 0.0254232119646 0.0379516862456 0.0383103578333 0.0380094656195 0.0376592208785 0.0290104670089 0.0406112909087 0.0299664809494 0.0350753272622 0.0431280809783 0.0431280809783 
0.0251493662233 0.0341701630735 0.0306517576451 0.046178099418 0.0379700288878 0.0366084514853 0.0341701630735 0.037303024199 0.0376752061352 0.0295093205794 0.037303024199 0.037303024199 0.0500109876423 0.0428987089378 0.035828193305 0.0 0.0414590275387 0.0331286422508 0.0355262158216 0.0370481221411 0.0359530815338 0.0392896438147 0.0336149012155 0.0375242875588 0.0362932374242 0.0294847531285 0.0439742842847 0.0439742842847 
0.0250239858049 0.0340260223784 0.0373855411835 0.038519595604 0.0332333462083 0.0329552023426 0.0340260223784 0.0359716657357 0.0353712352218 0.0416209059376 0.0359716657357 0.0359716657357 0.0420335854737 0.0354005694694 0.0373395846766 0.0407597516416 0.0 0.0319235662266 0.0427877839767 0.0425640765732 0.0416255830241 0.0437825012547 0.0300508648445 0.039191785593 0.0321334156241 0.0318387374551 0.0442456699501 0.0442456699501 
0.0335317803558 0.033291289011 0.0334835911081 0.0401538480701 0.0360352946432 0.0313076958375 0.033291289011 0.0383348690814 0.0308579767231 0.0348002360135 0.0389964664195 0.0389964664195 0.0331636144502 0.0282382464222 0.0317519149663 0.0418733230766 0.0410424023859 0.0 0.0403254521856 0.0410213234429 0.0408265638891 0.0381331612678 0.0419718711908 0.0410503172536 0.0432188856971 0.0418439986713 0.0362290612033 0.0362290612033 
0.0359117152842 0.0408122624551 0.0341415025066 0.0333351598097 0.033389877757 0.0409431385255 0.0408122624551 0.038058799448 0.037420240767 0.036258202937 0.038058799448 0.038058799448 0.0338777252696 0.0340130978625 0.0345609668971 0.0327414601419 0.0401103517019 0.029403196659 0.0 0.0466948493052 0.0471745359664 0.0407864698744 0.0385599874714 0.036513182164 0.0287256201892 0.0296099379794 0.0400139288383 0.0400139288383 
0.036300276705 0.0401646434083 0.0335409369993 0.0301986875266 0.0346222713982 0.0397377239448 0.0401646434083 0.0376031646399 0.0372999052283 0.0356414389769 0.0376031646399 0.0376031646399 0.0361784655175 0.034404182829 0.0346357407787 0.0338975849976 0.0396126007182 0.0296946653523 0.0463577600521 0.0 0.0468339838643 0.0407209422326 0.0397581758575 0.0370788132446 0.0297376653816 0.0315821001788 0.0395136487398 0.0395136487398 
0.036415505353 0.0402921387879 0.0335644186881 0.0308432441079 0.0346234002712 0.0398638641459 0.0402921387879 0.0382532645315 0.037318101978 0.0352633671568 0.0382532645315 0.0382532645315 0.0341098345958 0.0382815363879 0.0344727906284 0.0330000869315 0.0388621546547 0.0296474949019 0.0469826498561 0.0469826498561 0.0 0.0392530776528 0.0398843809795 0.0370532794271 0.0289981061256 0.0288889455235 0.0401735198039 0.0401735198039 
0.0229120356446 0.0325980418476 0.0394655478388 0.0380885853856 0.0325762677949 0.0319908320257 0.0325980418476 0.0371070577229 0.0353730986671 0.0429245124274 0.0371070577229 0.0371070577229 0.0426584076876 0.0327561364982 0.0372591747421 0.039339993044 0.0445907049074 0.030208224925 0.044312189738 0.0445626949362 0.0428204213357 0.0 0.031546088085 0.0381192081101 0.0327954033468 0.0344089859672 0.0423871150145 0.0423871150145 
0.0434482449819 0.0420722119557 0.0289400394584 0.0349475304988 0.0344281064787 0.0460451349673 0.0450021446574 0.0387112483974 0.0327765021783 0.0230014411968 0.0383212091548 0.0383212091548 0.0343554930818 0.030706434388 0.0308438372605 0.0361692754267 0.0328891406887 0.0357299583398 0.0450189913022 0.0467554090748 0.0467554090748 0.0338998123266 0.0 0.0362542030516 0.0321457242707 0.0371873160921 0.0376369862709 0.0376369862709 
0.0327845666087 0.0342176008596 0.0375397401945 0.0380720854172 0.038621915402 0.0355586471759 0.0355586471759 0.0397646163711 0.038796683845 0.035125667399 0.0397646163711 0.0397646163711 0.0347758742372 0.0400909425691 0.0395052588564 0.0369415283454 0.0392450635107 0.0319731283195 0.0390034473332 0.0398956615204 0.0397420340361 0.0374791805278 0.0331705595109 0.0 0.0262454835759 0.0337495997602 0.0413064173531 0.0413064173531 
0.0295484707982 0.0299363149348 0.0361677038019 0.0395631567514 0.0371046164259 0.0267734475697 0.0267734475697 0.0381772860374 0.0390390526584 0.0367457289272 0.0381772860374 0.0381772860374 0.0402200517217 0.0363615054484 0.0361981416767 0.0443680688612 0.0399566702765 0.0418007997484 0.0381035234429 0.0397327960651 0.0386220647057 0.0400406948985 0.0365224633836 0.0325909478912 0.0 0.0412431482718 0.0390276630293 0.0390276630293 
0.0297285075958 0.0379141189898 0.0363006298455 0.032948031708 0.0425779199218 0.0343104233644 0.0343104233644 0.0396881906825 0.0386500457351 0.0323037553612 0.0396881906825 0.0396881906825 0.0359381052271 0.0353925090524 0.0387347223054 0.0329526615096 0.036193986593 0.0369992048015 0.0359071888338 0.0385772663565 0.035175941236 0.0384068499318 0.038626011671 0.0383141525979 0.0377050911034 0.0 0.0414839404235 0.0414839404235 
0.0261401997005 0.0345853118334 0.0376427214906 0.0379432417227 0.0393658668062 0.0335512905523 0.0345853118334 0.0422033092149 0.0413398615261 0.0329796957393 0.0422033092149 0.0422033092149 0.0403783733952 0.0373558357492 0.0383864555308 0.0396105565628 0.0405387657867 0.0258187643935 0.0391087798671 0.0389006395251 0.0394251255278 0.0381320221056 0.0315078693677 0.0377943856301 0.0287567561711 0.033434833543 0.0 0.0461074079953 
0.0261401997005 0.0345853118334 0.0376427214906 0.0379432417227 0.0393658668062 0.0335512905523 0.0345853118334 0.0422033092149 0.0413398615261 0.0329796957393 0.0422033092149 0.0422033092149 0.0403783733952 0.0373558357492 0.0383864555308 0.0396105565628 0.0405387657867 0.0258187643935 0.0391087798671 0.0389006395251 0.0394251255278 0.0381320221056 0.0315078693677 0.0377943856301 0.0287567561711 0.033434833543 0.0461074079953 0.0 
