0.0 0.0640573859591 0.0626706671635 0.0552767630429 0.0590721933761 0.0584809267277 0.0590721933761 0.0579902915843 0.0590721933761 0.0589780247025 0.0638234413568 0.0589838163475 0.0573215427225 0.0556772712831 0.0545050571125 0.0566889305227 0.0589838163475 0.0593454849991 
0.0617384484173 0.0 0.0627899777365 0.0573332574043 0.0606107484653 0.0601606499688 0.0606107484653 0.0593186858873 0.0606107484653 0.0603591859625 0.0594389759979 0.05623932736 0.0553729678164 0.05623932736 0.0555620167932 0.05623932736 0.05623932736 0.0611362791799 
0.0578058724969 0.0600912824876 0.0 0.0530019816241 0.0665421797591 0.0552645678017 0.0644930981267 0.0644930981267 0.0665654276565 0.0665654276565 0.0566751481715 0.0557313680984 0.0547256280381 0.0580528732323 0.0557224261365 0.0548305531864 0.0557313680984 0.0537076993027 
0.0527035912784 0.0567175842217 0.0547875740792 0.0 0.0497728032508 0.0631804057956 0.0669178744069 0.0633570771107 0.0669178744069 0.062892619638 0.0544305766788 0.0619124291587 0.0507586358459 0.0619124291587 0.056814670623 0.0619124291587 0.0619124291587 0.0530989960295 
0.0554661967367 0.0590484414807 0.0677383590366 0.0490162165565 0.0 0.0531096319782 0.0686743758943 0.0659595855428 0.0686743758943 0.0681816856052 0.0538639035609 0.0569138060058 0.0555840666487 0.0580018821278 0.0490764908919 0.0562354624505 0.0569138060058 0.0575417135833 
0.0563783091877 0.0601760700845 0.0577612969654 0.0638826032548 0.0545287826056 0.0 0.0545287826056 0.0699436833627 0.0545287826056 0.0703379636006 0.0609523343059 0.0575277684946 0.0563582234319 0.0575277684946 0.0600116643253 0.0575277684946 0.0575277684946 0.050500429686 
0.0548491082835 0.05839149881 0.0649220271881 0.0651674917859 0.0679103400149 0.0525187614556 0.0 0.0679103400149 0.0679103400149 0.065429737738 0.0532646413996 0.0559740028915 0.0549656668353 0.0561069118951 0.0471861989857 0.0546173958015 0.0559740028915 0.0569015339943 
0.052835400413 0.0560757038246 0.0637052622897 0.0605434601357 0.0640032957177 0.0661028841998 0.0666375683295 0.0 0.0642034573578 0.066101184038 0.0567809658002 0.0549249413497 0.0528815900344 0.0550553593804 0.0573897847341 0.0549236250471 0.0549249413497 0.0529105759987 
0.0546619647883 0.0581922687857 0.066779509574 0.0649451422789 0.0676786319929 0.0523395690332 0.0676786319929 0.0652064934558 0.0 0.0676786319929 0.0530829040575 0.0553116254514 0.0548266337194 0.0562816292654 0.0488708894459 0.0544464610298 0.0553116254514 0.0567073876848 
0.0534568823086 0.0567636454408 0.0654115570717 0.0597882004188 0.0658166610202 0.0661310461622 0.0638707635821 0.0657586564951 0.0662922613145 0.0 0.0577144003653 0.0545160489319 0.0537035312697 0.055128721793 0.0570161261461 0.0545160489319 0.0545160489319 0.0495993998161 
0.0628998621441 0.060779104379 0.0605556259382 0.0562619532198 0.0565356004202 0.0623106121173 0.0565356004202 0.0614189716426 0.0565356004202 0.062753833405 0.0 0.0581459735543 0.0569279039517 0.0581459735543 0.0602417235819 0.0581459735543 0.0581459735543 0.0536597141425 
0.0550796528072 0.0544893897899 0.0564222481986 0.0606371195984 0.0566018548791 0.0557234571186 0.0562934954887 0.0562934954887 0.0558177858749 0.0561654567032 0.0550945316819 0.0 0.0569755790024 0.0682979637293 0.0658353446393 0.0682979637293 0.0682979637293 0.053676697541 
0.0571732001684 0.057304131366 0.0591776538505 0.05309907639 0.0590445283729 0.0583088028695 0.0590445283729 0.0578907832933 0.0590968145052 0.0590968145052 0.0576143078928 0.0608562312355 0.0 0.059736133471 0.059515263628 0.0598709306905 0.0608562312355 0.0623145681529 
0.0520902517574 0.0545923931694 0.0588836320965 0.0607517442669 0.0577930093419 0.0558287933029 0.056533829547 0.056533829547 0.056904031172 0.056904031172 0.0551986789843 0.0684270699848 0.0560326278917 0.0 0.0664980900517 0.0684270699848 0.0684270699848 0.050173847745 
0.0532203548232 0.0562901582149 0.0589879551331 0.0581840373835 0.0510351243711 0.0607825389577 0.049621454117 0.0615043526455 0.051569042584 0.0614221861557 0.0596855059447 0.0688401415508 0.0582632487051 0.0694019422381 0.0 0.0692825077197 0.0626682956044 0.0492411538514 
0.0534132501724 0.0549799525443 0.0560100198417 0.0611830297751 0.0564307368897 0.056225130063 0.0554236668844 0.0567989391875 0.0554393661824 0.0566711089274 0.0555905424709 0.0689128437517 0.0565577494159 0.0689128437517 0.0668549200522 0.0 0.0689128437517 0.0516830563381 
0.0554066881031 0.0548129204006 0.0567572551512 0.0609971523389 0.0569379282459 0.056054315001 0.0566277379724 0.0566277379724 0.056149203834 0.0564989389569 0.0554216553211 0.0687034827121 0.0573138713551 0.0687034827121 0.0602887444175 0.0687034827121 0.0 0.0539954027936 
0.0607723036853 0.0649576822968 0.0596275440716 0.0570304396216 0.0627560377904 0.0536432755044 0.0627560377904 0.0594690217769 0.0627560377904 0.0560377944459 0.0557566785446 0.0588634182821 0.063978340962 0.0549182778077 0.0516422636245 0.0561714277233 0.0588634182821 0.0 
