0.0 0.0183938685093 0.0257024411263 0.0257024411263 0.031759896565 0.0307292771673 0.0307292771673 0.024728221836 0.0229268220633 0.0282022671027 0.0309439700613 0.0299350672665 0.0235228050488 0.0270235317139 0.0229268220633 0.0270235317139 0.0229268220633 0.0254506376959 0.0272565494396 0.0245375516864 0.0310797192787 0.0232580899922 0.0293299617582 0.0300920737988 0.0233724165886 0.0329527825795 0.0329527825795 0.0329527825795 0.0274651889844 0.0218796024289 0.0312291955297 0.0283389690979 0.0280226967039 0.0262194032222 0.0281016196091 0.0162712490348 0.0299217812583 0.0261378835591 
0.0264778245613 0.0 0.0254412030601 0.0254412030601 0.0245176315917 0.0191082791173 0.0191082791173 0.0231615620613 0.0379984220827 0.0240387540755 0.0193461981449 0.0278358080014 0.0219144462692 0.0406326094445 0.0379984220827 0.0406326094445 0.0379984220827 0.0255203357954 0.0406326094445 0.0238523969451 0.0270447079619 0.0148730478073 0.0320869209173 0.0231609764868 0.0225816923677 0.0221020822253 0.0221020822253 0.0221020822253 0.0237769476466 0.0263241498539 0.0309796997541 0.0399377226414 0.0264807561072 0.0184262299201 0.0245108486273 0.0410617949314 0.0180823771034 0.0227088648157 
0.0263334816804 0.0181076600158 0.0 0.0392371437152 0.0271802845557 0.0345737046624 0.0345737046624 0.0279391911824 0.0208596337167 0.0236864325704 0.0293456842803 0.0280400699507 0.0214031849366 0.0269925296999 0.0208596337167 0.0269925296999 0.0208596337167 0.0267840480634 0.0269925296999 0.0266277619423 0.0274021698373 0.0244322021093 0.0270030202652 0.0295440923982 0.0292533266871 0.0301455956956 0.0301455956956 0.0301455956956 0.0296450215845 0.0255445869066 0.0304316543993 0.025131444027 0.0270474834852 0.0204818641508 0.0295708986071 0.0262676213827 0.0270220361187 0.0233969484865 
0.0263334816804 0.0181076600158 0.0392371437152 0.0 0.0271802845557 0.0345737046624 0.0345737046624 0.0279391911824 0.0208596337167 0.0236864325704 0.0293456842803 0.0280400699507 0.0214031849366 0.0269925296999 0.0208596337167 0.0269925296999 0.0208596337167 0.0267840480634 0.0269925296999 0.0266277619423 0.0274021698373 0.0244322021093 0.0270030202652 0.0295440923982 0.0292533266871 0.0301455956956 0.0301455956956 0.0301455956956 0.0296450215845 0.0255445869066 0.0304316543993 0.025131444027 0.0270474834852 0.0204818641508 0.0295708986071 0.0262676213827 0.0270220361187 0.0233969484865 
0.0318876940168 0.0171006779002 0.0266357005496 0.0266357005496 0.0 0.0286313353764 0.0286313353764 0.0215573789649 0.0280528296134 0.0319604850846 0.0301257521622 0.0306498601441 0.0247304731264 0.0240748373625 0.0280528296134 0.0240748373625 0.0280528296134 0.0221020538231 0.0294641085294 0.0225955771609 0.0304912518616 0.0221052227982 0.0288815637989 0.0266920769196 0.0236763243467 0.0296986066653 0.0296986066653 0.0296986066653 0.0313087741566 0.0235741456651 0.0273159622379 0.0277094828085 0.0303163683945 0.0275636278692 0.0305925335714 0.0203230448515 0.0259088938824 0.0294286105121 
0.0300320115315 0.0129731198764 0.0329795013721 0.0329795013721 0.0278695301388 0.0 0.0374279079325 0.0281611268581 0.0184018201511 0.0255344803619 0.0302352647059 0.026216946702 0.0237982047908 0.0289765633554 0.0184018201511 0.0289765633554 0.0184018201511 0.0268679072126 0.0289765633554 0.0300347603149 0.0323871750361 0.0287341775831 0.0255457362241 0.0320419389541 0.025661176817 0.0301224215923 0.0301224215923 0.0301224215923 0.0272969754382 0.0238902251222 0.0324082176577 0.0212962964665 0.0292057692418 0.0218651550272 0.0289584553852 0.0184225857965 0.0323141224799 0.0223593143047 
0.0300320115315 0.0129731198764 0.0329795013721 0.0329795013721 0.0278695301388 0.0374279079325 0.0 0.0281611268581 0.0184018201511 0.0255344803619 0.0302352647059 0.026216946702 0.0237982047908 0.0289765633554 0.0184018201511 0.0289765633554 0.0184018201511 0.0268679072126 0.0289765633554 0.0300347603149 0.0323871750361 0.0287341775831 0.0255457362241 0.0320419389541 0.025661176817 0.0301224215923 0.0301224215923 0.0301224215923 0.0272969754382 0.0238902251222 0.0324082176577 0.0212962964665 0.0292057692418 0.0218651550272 0.0289584553852 0.0184225857965 0.0323141224799 0.0223593143047 
0.028036371158 0.0182426336058 0.0309178176905 0.0309178176905 0.0243433775267 0.0326698292173 0.0326698292173 0.0 0.018560516632 0.0309960893301 0.025858845006 0.0279078873762 0.024821287942 0.025762913023 0.018560516632 0.025762913023 0.018560516632 0.0267874956414 0.025762913023 0.0337550015765 0.0336091430257 0.0226711656752 0.0293785252659 0.0339795307893 0.0321537295613 0.0292339115664 0.0292339115664 0.0292339115664 0.0294021989666 0.034745975671 0.0321505312691 0.0256452923844 0.030791231369 0.0193540608415 0.0296658080504 0.0105967485334 0.031064684282 0.0161950676726 
0.0272709369544 0.0313987630035 0.0242174809653 0.0242174809653 0.0332344761876 0.0223967449008 0.0223967449008 0.0194723042634 0.0 0.0286996972503 0.0256514169931 0.027711837978 0.0190206126198 0.0281146250465 0.0455532821889 0.0281146250465 0.0455532821889 0.0163508870987 0.0330695628718 0.0263137962959 0.0277144911267 0.0159957545537 0.0335623796438 0.0207541682841 0.0211153938477 0.0259540941512 0.0259540941512 0.0259540941512 0.0290289872494 0.0198024395066 0.0265201182405 0.0378908897884 0.024985790339 0.0266974911533 0.0282183088352 0.0305515070707 0.0214695728808 0.0290718673068 
0.02891790317 0.0171232228768 0.0237054674638 0.0237054674638 0.0326401469467 0.0267903091059 0.0267903091059 0.0280324314588 0.0247402391953 0.0 0.0290734162052 0.0324610330338 0.0238068099016 0.0300235994369 0.0247402391953 0.0300235994369 0.0247402391953 0.0288005361908 0.0300235994369 0.035799988212 0.0272675473377 0.0171233091833 0.0262402980835 0.0294595028153 0.0267559052411 0.0280200339535 0.0280200339535 0.0280200339535 0.0304566791175 0.0272391193183 0.0291699490977 0.0263446260756 0.0296422843229 0.0252736056759 0.0295070935355 0.0178808498072 0.0268453177263 0.0247952537697 
0.0309670345036 0.0134496193953 0.0286638100053 0.0286638100053 0.0300273806901 0.0309603087878 0.0309603087878 0.0228246326344 0.0215813569297 0.0283750655591 0.0 0.0269403920391 0.0220959915138 0.0302347667054 0.0215813569297 0.0302347667054 0.0215813569297 0.0265415096436 0.0302347667054 0.0270154593235 0.0264452443545 0.0267916064818 0.02646992105 0.0317147208026 0.0256721026138 0.0322688586395 0.0322688586395 0.0322688586395 0.0280494403627 0.0215101290532 0.0314192370901 0.024581833637 0.0292081377084 0.0212062712757 0.0294423911357 0.0229627973528 0.0309710687798 0.0238148285895 
0.0307777790735 0.0198816145194 0.0281385829131 0.0281385829131 0.0313863997656 0.0275808136076 0.0275808136076 0.0253078404943 0.0239533451136 0.0325489211644 0.02767816953 0.0 0.021090991923 0.0290774626563 0.0239533451136 0.0290774626563 0.0239533451136 0.0216917168361 0.0314055411389 0.0232093426465 0.0292344486948 0.0212461867191 0.0279743980651 0.0289515197142 0.0275371196197 0.027685583549 0.027685583549 0.027685583549 0.0307298535383 0.0247322267605 0.0309625447573 0.0272073677809 0.0319903758501 0.0294008340836 0.0309382209729 0.0166171309384 0.027198309682 0.0257906413892 
0.0288887781518 0.0186965443158 0.0256557407545 0.0256557407545 0.0302502142482 0.0299055768922 0.0299055768922 0.0268865739046 0.0196385024047 0.0285140226933 0.0271162714732 0.0251930083356 0.0 0.0293111060154 0.0196385024047 0.0293111060154 0.0196385024047 0.0313653789646 0.0293111060154 0.0295043455784 0.0320383046765 0.0290051020008 0.0296733605748 0.029809523624 0.0251095352515 0.0304539181356 0.0304539181356 0.0304539181356 0.0269955470146 0.0260903801283 0.0301306717916 0.0282059772129 0.0318104461654 0.0205018276695 0.0262529440403 0.018097844782 0.0306116519276 0.0199185305145 
0.0264574624415 0.0276357702112 0.0257938256293 0.0257938256293 0.0234760707162 0.0290282517519 0.0290282517519 0.0222470349202 0.023141003004 0.0286672518169 0.0295793834877 0.0276888901875 0.0233667452367 0.0 0.023141003004 0.0374946718383 0.023141003004 0.0357772977724 0.0374946718383 0.0297279844881 0.0265076069355 0.0225167354822 0.0240227301811 0.0287689163013 0.0233836424764 0.0305728663923 0.0305728663923 0.0305728663923 0.0227077246714 0.0228164795565 0.0303531538601 0.0289368099851 0.0273765170767 0.0264327301078 0.0255016260751 0.0219203044565 0.0286241136869 0.0197319112412 
0.0272709369544 0.0313987630035 0.0242174809653 0.0242174809653 0.0332344761876 0.0223967449008 0.0223967449008 0.0194723042634 0.0455532821889 0.0286996972503 0.0256514169931 0.027711837978 0.0190206126198 0.0281146250465 0.0 0.0281146250465 0.0455532821889 0.0163508870987 0.0330695628718 0.0263137962959 0.0277144911267 0.0159957545537 0.0335623796438 0.0207541682841 0.0211153938477 0.0259540941512 0.0259540941512 0.0259540941512 0.0290289872494 0.0198024395066 0.0265201182405 0.0378908897884 0.024985790339 0.0266974911533 0.0282183088352 0.0305515070707 0.0214695728808 0.0290718673068 
0.0264574624415 0.0276357702112 0.0257938256293 0.0257938256293 0.0234760707162 0.0290282517519 0.0290282517519 0.0222470349202 0.023141003004 0.0286672518169 0.0295793834877 0.0276888901875 0.0233667452367 0.0374946718383 0.023141003004 0.0 0.023141003004 0.0357772977724 0.0374946718383 0.0297279844881 0.0265076069355 0.0225167354822 0.0240227301811 0.0287689163013 0.0233836424764 0.0305728663923 0.0305728663923 0.0305728663923 0.0227077246714 0.0228164795565 0.0303531538601 0.0289368099851 0.0273765170767 0.0264327301078 0.0255016260751 0.0219203044565 0.0286241136869 0.0197319112412 
0.0272709369544 0.0313987630035 0.0242174809653 0.0242174809653 0.0332344761876 0.0223967449008 0.0223967449008 0.0194723042634 0.0455532821889 0.0286996972503 0.0256514169931 0.027711837978 0.0190206126198 0.0281146250465 0.0455532821889 0.0281146250465 0.0 0.0163508870987 0.0330695628718 0.0263137962959 0.0277144911267 0.0159957545537 0.0335623796438 0.0207541682841 0.0211153938477 0.0259540941512 0.0259540941512 0.0259540941512 0.0290289872494 0.0198024395066 0.0265201182405 0.0378908897884 0.024985790339 0.0266974911533 0.0282183088352 0.0305515070707 0.0214695728808 0.0290718673068 
0.0276720313117 0.0192761161119 0.0284239661576 0.0284239661576 0.0239348642876 0.029891253951 0.029891253951 0.0256889038131 0.0149460865441 0.0305393765885 0.0288366235112 0.022939252341 0.0277685272283 0.0397323109485 0.0149460865441 0.0397323109485 0.0149460865441 0.0 0.0397323109485 0.0316928154718 0.0300604427509 0.0254913245831 0.0263413432877 0.0300326835852 0.0282068853749 0.031938416786 0.031938416786 0.031938416786 0.0241076547769 0.0256028954306 0.0312359289189 0.0232348837559 0.0297284669409 0.01257439192 0.0299921747729 0.0207461941559 0.0287617829091 0.0190535531189 
0.0258952630837 0.0268172934004 0.0250299009051 0.0250299009051 0.0278803822167 0.0281685344098 0.0281685344098 0.0215881539825 0.0264132418348 0.0278182260557 0.0287033435121 0.0290200859169 0.0226747023165 0.0363842081461 0.0264132418348 0.0363842081461 0.0264132418348 0.034717696815 0.0 0.0288475434602 0.0282240209896 0.0218498669381 0.0233112592349 0.0279168795865 0.0226910991179 0.0296674028576 0.0296674028576 0.0296674028576 0.0239190284887 0.0221407336201 0.0294541974577 0.0280798008347 0.0265657184554 0.026254860022 0.0247717897064 0.0212711001555 0.0277763655293 0.0244033681043 
0.0245960154786 0.0166094914612 0.0260515930684 0.0260515930684 0.022558641089 0.030805312826 0.030805312826 0.0298430186449 0.0221748576019 0.0349972271397 0.0270596578155 0.0226276436638 0.0240812735986 0.0304363741485 0.0221748576019 0.0304363741485 0.0221748576019 0.0292181006249 0.0304363741485 0.0 0.0314020617396 0.021402647087 0.0297487813012 0.0319996659283 0.0294254532244 0.0316278753443 0.0316278753443 0.0316278753443 0.0340739990661 0.0288953144498 0.0312516072279 0.0297399404559 0.0293256993445 0.013811049909 0.0280034257097 0.0163073530211 0.0302169342397 0.0163738647067 
0.0312426593731 0.0188861737086 0.0268857372522 0.0268857372522 0.0305282652901 0.0333128582969 0.0333128582969 0.0297988451011 0.0234218727026 0.026732169395 0.0265640876715 0.0285830635696 0.0262240865157 0.0272166925086 0.0234218727026 0.0272166925086 0.0234218727026 0.0277922627813 0.0298634748868 0.0314916589384 0.0 0.0273570508495 0.023488823377 0.0313617652933 0.0265342244654 0.028798937053 0.028798937053 0.028798937053 0.024141646637 0.0244693415445 0.0309467225886 0.0226431263936 0.0264148199359 0.0275824338146 0.0249165230307 0.0152748104374 0.0298352493276 0.0258337096915 
0.0290931050249 0.0129242925309 0.0298294145944 0.0298294145944 0.0275401873267 0.036777543871 0.036777543871 0.0250127225734 0.0168214938321 0.0208891586795 0.0334881532142 0.0258487759674 0.0295427119973 0.0287683777217 0.0168214938321 0.0287683777217 0.0168214938321 0.0293268933082 0.0287683777217 0.0267085301555 0.0340419476398 0.0 0.0183241372109 0.030323814022 0.0219707773599 0.0364198752205 0.0364198752205 0.0364198752205 0.0264419779854 0.0174148962493 0.0329193642948 0.0157275378259 0.0285145656336 0.0223365754502 0.0278545046524 0.0228378455567 0.0338022084226 0.0278721596644 
0.0308141021864 0.0234183796812 0.0276895854593 0.0276895854593 0.0302214078272 0.0274615070994 0.0274615070994 0.0272231954072 0.0296438473631 0.0268858646663 0.0277886265214 0.0285852327434 0.0253842707386 0.0257783017658 0.0296438473631 0.0257783017658 0.0296438473631 0.0254526829686 0.0257783017658 0.0311798247914 0.0245486931586 0.0153902448295 0.0 0.0276873008462 0.0258314923578 0.0287553551673 0.0287553551673 0.0287553551673 0.0318153415785 0.0283870610555 0.0274744692587 0.0354488447518 0.0278180236324 0.0197657067105 0.0277219101372 0.0189429571023 0.0257754316373 0.0236042374062 
0.0297615005212 0.0159129371876 0.0285193385264 0.0285193385264 0.0262930543151 0.032425704218 0.032425704218 0.0296408852783 0.017256465219 0.0284148482387 0.0313429602745 0.0278494762166 0.0240058825409 0.0290616405219 0.017256465219 0.0290616405219 0.017256465219 0.0273183505886 0.0290616405219 0.0315729105836 0.0308554794711 0.0239756561679 0.0260642542571 0.0 0.0299015706724 0.0307399769368 0.0307399769368 0.0307399769368 0.0263014764798 0.0295157856878 0.0333502619009 0.0232295593387 0.0300942432142 0.0194464699402 0.029539912213 0.0197888130335 0.0328481371276 0.0199112412291 
0.0257920662978 0.0173113039562 0.0315082199865 0.0315082199865 0.026022724509 0.0289752378519 0.0289752378519 0.0312957208968 0.0195895971627 0.0287951529295 0.0283087290789 0.0295558864592 0.0225621835437 0.0263565522268 0.0195895971627 0.0263565522268 0.0195895971627 0.028628281553 0.0263565522268 0.0323945646935 0.0291284925832 0.0193825946304 0.0271327612602 0.0333636697713 0.0 0.0312338738533 0.0312338738533 0.0312338738533 0.030026867214 0.0309300258687 0.0332130536207 0.0244843696263 0.0327169192259 0.0171732463538 0.0351371104629 0.0184612787803 0.0295010073283 0.0161750039515 
0.0313162133223 0.0145915395763 0.0279619277979 0.0279619277979 0.0281105400806 0.0292910510035 0.0292910510035 0.0245038974411 0.0207360879703 0.0259694665889 0.0306434154073 0.0255902066038 0.0235656954762 0.0296761273715 0.0207360879703 0.0296761273715 0.0207360879703 0.027915676829 0.0296761273715 0.0299856617738 0.0272259286469 0.0276693893903 0.02601104882 0.0295377888503 0.0268980306345 0.0 0.0363949079209 0.0363949079209 0.0276566299669 0.0255174316997 0.0308163202302 0.024466813612 0.0278313335108 0.0224421393377 0.0279252196623 0.0221580902899 0.0295283349821 0.0235907677974 
0.0313162133223 0.0145915395763 0.0279619277979 0.0279619277979 0.0281105400806 0.0292910510035 0.0292910510035 0.0245038974411 0.0207360879703 0.0259694665889 0.0306434154073 0.0255902066038 0.0235656954762 0.0296761273715 0.0207360879703 0.0296761273715 0.0207360879703 0.027915676829 0.0296761273715 0.0299856617738 0.0272259286469 0.0276693893903 0.02601104882 0.0295377888503 0.0268980306345 0.0363949079209 0.0 0.0363949079209 0.0276566299669 0.0255174316997 0.0308163202302 0.024466813612 0.0278313335108 0.0224421393377 0.0279252196623 0.0221580902899 0.0295283349821 0.0235907677974 
0.0313162133223 0.0145915395763 0.0279619277979 0.0279619277979 0.0281105400806 0.0292910510035 0.0292910510035 0.0245038974411 0.0207360879703 0.0259694665889 0.0306434154073 0.0255902066038 0.0235656954762 0.0296761273715 0.0207360879703 0.0296761273715 0.0207360879703 0.027915676829 0.0296761273715 0.0299856617738 0.0272259286469 0.0276693893903 0.02601104882 0.0295377888503 0.0268980306345 0.0363949079209 0.0363949079209 0.0 0.0276566299669 0.0255174316997 0.0308163202302 0.024466813612 0.0278313335108 0.0224421393377 0.0279252196623 0.0221580902899 0.0295283349821 0.0235907677974 
0.0277018017799 0.01665989671 0.0291838971732 0.0291838971732 0.0314519411836 0.0281713641356 0.0281713641356 0.0261563009236 0.0246150720499 0.0299588539427 0.0282700151084 0.0301459431979 0.0221706023829 0.0233933793617 0.0246150720499 0.0233933793617 0.0246150720499 0.022363409563 0.0253933213891 0.0342858564567 0.0242226362845 0.0213207921723 0.030543865191 0.0268227220454 0.0274443488549 0.0293526647877 0.0293526647877 0.0293526647877 0.0 0.0329261832475 0.0282759028927 0.0281950232162 0.0300611706532 0.0259235554656 0.0315330977195 0.0231203641875 0.0255383444653 0.0261135591127 
0.0253077813614 0.021152406272 0.028838961777 0.028838961777 0.0271585497807 0.0282750129455 0.0282750129455 0.0354478783184 0.0192564906859 0.0307273375972 0.0248618864069 0.0278240809271 0.0245728194562 0.026956108892 0.0192564906859 0.026956108892 0.0192564906859 0.0272371309121 0.026956108892 0.033343297115 0.0281556802243 0.0161034715717 0.0312533847008 0.0345196425834 0.0324199553908 0.0310580695945 0.0310580695945 0.0310580695945 0.0377598806426 0.0 0.0307042928293 0.0274568198224 0.0310858448945 0.0172875789767 0.0304943188687 0.0158203300577 0.0256215648711 0.0176441094567 
0.0296714061492 0.0204477399457 0.0282207781415 0.0282207781415 0.0258493603286 0.0315065174235 0.0315065174235 0.0269424181795 0.0211834449529 0.0270290153568 0.0298297340336 0.0286125746871 0.0233102044 0.0294560882982 0.0211834449529 0.0294560882982 0.0211834449529 0.0272953951252 0.0294560882982 0.0296221214797 0.0292496778285 0.025004187292 0.0248466945682 0.0320386254062 0.0285958901573 0.0308092382116 0.0308092382116 0.0308092382116 0.0266359620414 0.0252209698613 0.0 0.0248076669122 0.0295812449149 0.0203027566992 0.0299575581844 0.0195267540006 0.0308655217592 0.0209556151714 
0.0300298410105 0.0293997108521 0.0259927672872 0.0259927672872 0.0292451174877 0.0230909069852 0.0230909069852 0.023968879248 0.0337557366626 0.0272256493206 0.026029131329 0.0280413212621 0.0243371697585 0.0313194088298 0.0337557366626 0.0313194088298 0.0337557366626 0.0226447284681 0.0313194088298 0.0314394941401 0.0238690134732 0.0133233579351 0.0357546927173 0.0248889887318 0.0235112324079 0.0272815630557 0.0272815630557 0.0272815630557 0.0296221117586 0.0251538560618 0.0276679878224 0.0 0.0254159517011 0.0201587571694 0.0272133851179 0.0249585431302 0.0233130409191 0.0275505639889 
0.0279717111091 0.0183624347916 0.0263513010154 0.0263513010154 0.0301399306713 0.0298294798152 0.0298294798152 0.027108610169 0.0209674685508 0.0288561242132 0.0291332804514 0.0310578516294 0.025854658381 0.0279113743194 0.0209674685508 0.0279113743194 0.0209674685508 0.0272922442791 0.0279113743194 0.0292027637707 0.0262292489994 0.0227541093058 0.0264300118512 0.0303731495719 0.0295936812467 0.0292325010283 0.0292325010283 0.0292325010283 0.0297501781853 0.0268260750933 0.0310776537379 0.0239412322186 0.0 0.0236690464006 0.0347329276622 0.0180116993457 0.0312202815603 0.0237155019985 
0.0332765306492 0.0162458523531 0.0253717725767 0.0253717725767 0.0348423614682 0.0283945978511 0.0283945978511 0.0216649867642 0.0284858701985 0.0312823712815 0.026894034993 0.0362925806354 0.0211869163962 0.0342650349004 0.0284858701985 0.0342650349004 0.0284858701985 0.0146777626042 0.0350732082155 0.0174867218928 0.0348238607077 0.0226629165822 0.0238775390426 0.0249547549636 0.0197508195331 0.0299710765774 0.0299710765774 0.0299710765774 0.0326200316923 0.0189685777153 0.0271202018428 0.0241440436094 0.0300944833469 0.0 0.0289717130882 0.0153589599889 0.0269648166329 0.0293303030167 
0.0280817161877 0.017015370897 0.0288418362678 0.0288418362678 0.0304483459676 0.0296098093389 0.0296098093389 0.0261468613973 0.0237064802592 0.0287564949951 0.0293996247445 0.030069803668 0.0213614261134 0.0260287964222 0.0237064802592 0.0260287964222 0.0237064802592 0.0275649926704 0.0260555489265 0.0279170759035 0.0247690201979 0.0222521360466 0.0263680142471 0.029846869712 0.0318182156561 0.0293637652321 0.0293637652321 0.0293637652321 0.0312416171483 0.0263449018335 0.0315080390485 0.0256629086187 0.0347715923115 0.0228113628119 0.0 0.0211199025387 0.0281045492275 0.0223919885991 
0.0219159294004 0.0384209153742 0.0345323264903 0.0345323264903 0.0272636339137 0.0253896965889 0.0253896965889 0.0125887531148 0.0345951676876 0.0234879102203 0.0309058155273 0.0217689761278 0.0198484133295 0.0301564003799 0.0345951676876 0.0301564003799 0.0345951676876 0.0257001150059 0.0301564003799 0.0219123493494 0.020466516197 0.0245911083966 0.0242855953625 0.0269498306436 0.0225329609087 0.0314046659719 0.0314046659719 0.0314046659719 0.0308750909582 0.0184221321308 0.0276816341264 0.0317240953615 0.0243043819607 0.0162999236811 0.0284667977218 0.0 0.0233987887594 0.027875584152 
0.030637226949 0.0128619941983 0.02700512364 0.02700512364 0.0264220705289 0.0338549595549 0.0338549595549 0.0280543390577 0.0184811595168 0.026806973229 0.0316879844907 0.0270861254014 0.0255216478494 0.0299356006288 0.0184811595168 0.0299356006288 0.0184811595168 0.0270854117481 0.0299356006288 0.030865895331 0.0303893054974 0.0276688466949 0.0251205957632 0.034007135312 0.0273726180538 0.0318144060083 0.0318144060083 0.0318144060083 0.0259256303657 0.0226805203228 0.0332627614568 0.0225264082506 0.0320250427037 0.0217542563835 0.0287969398277 0.0177875603265 0.0 0.0212390454066 
0.031913602868 0.0192615671807 0.0278824367857 0.0278824367857 0.035787481781 0.0279339158783 0.0279339158783 0.0174405136711 0.0298416028507 0.029525087765 0.0290555627743 0.0306274275163 0.0198026197508 0.0246075563853 0.0298416028507 0.0246075563853 0.0298416028507 0.0213963168568 0.0313621433824 0.0199444968593 0.0313777129671 0.0272057066257 0.027431993537 0.0245810848493 0.0178964666312 0.030308911774 0.030308911774 0.030308911774 0.0316115695268 0.018624752626 0.0269295130554 0.031744385606 0.0290087243768 0.0282167329919 0.027359350728 0.0252691360651 0.0253266880354 0.0 
