51 1 1 1 3
近日，据美国权威影视杂志《Variety》报道，从2016年7月到2017年6月，中国的电影票房整整一年都在下降，电影制片人和电影公司开始拼命寻找答案。
51 2 1 2 3
直到《战狼2》的出现。
51 3 1 3 3
在7月28日上映以来，该片就一路创造了无数项中国电影市场记录，单片票房截稿时已经接近55亿元，单片观影人次突破1.4亿。
51 8 5 1 2
美国TheHCollective电影公司相关负责人表示，《战狼2》具备让人眼前一亮的讲故事的能力。
51 9 5 2 2
主角是个军人，影片想要向我们传达的信息是他对每个人都一视同仁，这种想法也是非常现代的，并且片中的部分对话还是用英语说的。
51 18 9 1 3
但是《Variety》指出，对于好莱坞来说，《战狼2》票房的一路高歌也为他们痴迷于提升中国对进口影片配额的行为上了一课。
51 19 9 2 3
虽然现在好莱坞电影公司与中国当局就放松对进口影片的限制的协议还在谈判中，但是这种做法是很短视的。
51 20 9 3 3
相反，想要巩固自身的好莱坞电影公司可能更需要放眼海外，比如支持中国本土电影制片人，并投资高质量的本地内容，而不仅仅是在他们自己的主力大片上。
51 18 9 1 3
但是《Variety》指出，对于好莱坞来说，《战狼2》票房的一路高歌也为他们痴迷于提升中国对进口影片配额的行为上了一课。
51 19 9 2 3
虽然现在好莱坞电影公司与中国当局就放松对进口影片的限制的协议还在谈判中，但是这种做法是很短视的。
51 20 9 3 3
相反，想要巩固自身的好莱坞电影公司可能更需要放眼海外，比如支持中国本土电影制片人，并投资高质量的本地内容，而不仅仅是在他们自己的主力大片上。
52 3 2 1 7
从2016年7月到2017年6月，中国电影票房成绩整年下滑，这令人担忧。
52 4 2 2 7
中国电影制片人和电影公司被迫开始拼命寻找答案。
52 5 2 3 7
就在这个时候，《战狼Ⅱ》横空出世，但与现在不同，之前几乎没有人看好它。
52 10 3 1 2
中国观众对这部电影爱国主义的展现和吴京精彩的打斗反响强烈。
52 11 3 2 2
“中国已经找到了自己的兰博”，“我们期待这个领域更多的电影”，亚提森格维电影公司总裁RANCEPOW认为这“显然是一个很重要的事件。”
52 15 5 1 2
对好莱坞来讲，中国对进口电影配额的限制是一大困扰。
52 16 5 2 2
好莱坞电影公司希望提高自己的底线，他们可能会更多地支持中国本土的电影制作人，并且投资高质量的电影内容，而不是死守自己的理念。
66 3 2 1 2
随着近十年来中国电影票房市场的高歌猛进，横亘在一线的中国电影公司巨头虽有波动但一直还较为稳定。
66 4 2 2 2
然而，《战狼2》票房超越《美人鱼》登顶中国电影票房冠军后，它背后以北京文化为代表的14家出品方以8亿保底发行的结果是，产业发生了变局。
70 12 5 1 1
虽然取得了上述令人满意的成功，但是中国的电影公司在更重要的一个方面多数折戟沉沙：制作出可以与好莱坞狂热爱国主义大片比肩的大制作动作片。
71 12 5 1 6
《战狼2》大获成功，背后有着多方面的支持。
71 13 5 2 6
《战狼2》由14家电影公司出品，七家发行公司发行。
71 14 5 3 6
“抱团取暖”已经成为电影界投资新趋势。
77 38 8 1 3
在中国，喜剧和爱情题材的本土影片往往能够击败同类型的好莱坞电影，因为中国影迷更喜欢在银幕上看到自己的语言或者本土文化，然而注重动作和特效的大片却能主宰中国电影市场。
77 39 8 2 3
《战狼2》可能是第一部达到好莱坞大片制作水准的中国动作影片，票房也超过了很多好莱坞大片。
77 40 8 3 3
美国电影公司是否应该为这种竞争力感到担忧呢？
77 41 9 1 3
是的，我认为他们确实应该要担忧起来。
77 42 9 2 3
如果中国电影公司招募了正确的、有经验的人——他们的市场确实也能够承担这笔费用，那么中国动作电影绝对可以在本土票房上和好莱坞电影一争高下。
77 43 9 3 3
《战狼2》就是最好的例子。
96 50 23 1 2
2013年，由于种种原因，万达在电影产业链上的思路发生变化，宋歌离开万达，并加入了光景瑞星（后更名摩天轮文化）。
96 51 23 2 2
当时的他，想做的是一家电影公司。
98 50 23 1 2
2013年，由于种种原因，万达在电影产业链上的思路发生变化，宋歌离开万达，并加入了光景瑞星（后更名摩天轮文化）。
98 51 23 2 2
当时的他，想做的是一家电影公司。
