2
59 5 3 1 1
真正的赢家是新崛起的极右翼民粹主义政党德国选择党，该党以12.6%的选票，首次进入联邦议会，这是二战以来德国极右翼政党首次闯进议会。
59 6 4 1 1
尽管默克尔明确宣布，不与选择党合作组阁，但选择党作为联邦议会中的第三大党，将会在政坛扮演一个难缠的角色，对默克尔政府内外政策的制定和实施构成严重掣肘。
3
95 1 1 1 3
据新华社，德国大选初步计票结果显示，默克尔将第四次成为德国总理，但传统两大党的得票率均低于预期。
95 2 1 2 3
反欧盟、反移民的民粹主义AfD党却迅速崛起，得票率排名第三，成为1945年以来首次进入德国联邦议会的极右翼政党。
95 3 1 3 3
欧元兑美元跌0.4%，一度跌破1.19关口；现货黄金短线跌超5美元，日元走低。
4
87 5 2 3 3
“默克尔执政的地位受到极大削弱，社民党更是遭遇历史最低点，而德国极右翼势力则有所上升。”
87 6 3 1 1
9月21日，在德国西部城市诺伊斯，德国总理、基督教民主联盟（基民盟）主席默克尔出席会议。
87 7 4 1 1
张蓓认为，德国选择党今年吸引了很多初次参加投票的选民，而相比其他西方国家的极右翼政党，该党的主张对社民党和联盟党的传统支持者都有吸引力。
87 8 5 1 1
德国选择党成立于2013年，在欧债危机背景下凭借反欧元等政治主张迅速崛起，当年首次参加大选，仅以0.3个百分点的差距未能进入联邦议院。
5
83 6 4 2 2
而极右翼民粹主义政党德国选择党获得12.6%的选票，成为第三大党，历史性地进入联邦议院。
83 7 5 1 1
在此前进行的荷兰和法国大选中，极右翼政党的表现也大大超过往届大选。
83 8 6 1 2
在3月的荷兰议会二院（众议院）选举中，首相吕特领导的自由民主党赢得150个议席中的33个，继续保持第一大党地位。
83 9 6 2 2
极右翼政党自由党虽然没有“爆冷”执政，却也赢得20个议席，在参选政党中排名第二，其影响力不容忽视。
83 10 7 1 3
在法国总统选举中，中间派候选人马克龙击败极右翼对手玛丽娜⋅勒庞，当选新一任法国总统。
2
49 7 4 1 1
初步统计结果显示，此前不被看好的社民党以36.9%的得票率拔得头筹，得票率比2013年提高4.3%；而基民盟仅获得33.6%的支持率，比2013年减少2.4%；极右翼政党选择党以6.2%的支持率首次挺进下萨克森州州议会。
49 8 5 1 2
德国联邦议会选举已过去四周，新一届德国政府仍未成功组建，组阁谈判还在进行，结果仍不明朗。
4
80 1 1 1 2
默克尔正面临着如何与小政党联合执政的艰苦斗争，德国的政治体系正处于一种不断变化的状态。
80 2 1 2 2
与此同时，随着大选后的争斗正式开始，德国高级政治家和部长们的岗位可能出现变动，以保持平衡。
80 3 2 1 2
尽管默克尔的胜利是自由派、亲欧政治家们的胜利，也是对志趣相投选民的一种安慰。
80 4 2 2 2
但是，在此次选举中，默克尔所在政党的部分选民流失到了极右翼政党的阵营。
3
53 9 3 2 2
在德国，默克尔也面临极大的挑战，右翼民粹主义政党德国选择党的异军突起，德国选择党的创始成员大多来自精英阶层，奉行反欧元、反欧洲一体化、反移民等。
53 10 4 1 3
德国选择党在这次大选中获得12.6%的选票，得票率排名第三。
53 11 4 2 3
这也是第二次世界大战结束后德国首次有极右翼政党进入联邦议院。
4
78 1 1 1 6
【本报驻德国、英国特约记者青木纪双城丁雨晴】编者按：法国国民阵线，34%的大选支持率，577个议席占8席;荷兰自由党，150个议席占20席;瑞典民主党，从2014年开始成为本国第三大党，349个议席占48席……这份“欧洲极右翼政党的优秀成绩单”上如今要新增一员：德国选择党，9月24日以12.6%的选票首次进入议会，一跃成为该国第三大政党。
78 2 1 2 6
这是德国二战后第一个在议会中取得大量议席的极右翼政党。
78 3 1 3 6
几十年来，德国对纳粹历史的反思似乎已让该国对极右势力的蛊惑具有免疫力。
78 4 1 4 6
现在，选择党的成功无疑是对德国社会的巨大冲击。
1
83 19 11 2 2
德国选择党进入德国议会可能对默克尔的亲欧路线起到干扰甚至阻挠作用，而荷兰和法国的极右翼政党也势必会挑战政府的亲欧主张。
3
68 3 2 1 3
9月25日出炉的德国大选结果颇富戏剧性。
68 4 2 2 3
默克尔领导的联盟党（基民盟/基社盟）得票率为33%，为该党在大选中得票率历史最低水平；社民党（SPD）的结果甚至更糟，得票率仅为20.5%，创二战以来最低纪录；极右翼政党“选项党”（AFD）得票率为13.5%，是二战以来德国极右翼政党获得的最高票数。
68 5 2 3 3
由于德国法律规定，获得5%以上选票的政党即可获得议会席位，本次大选过后六个党派将坐镇议会，这使组建新政府的问题变得更加复杂。
3
4 5 1 5 5
最终这次危机就集中在默克尔的连任困境，而对于德国以及欧盟来说，则是继承人的困境，环望四周，谁人可以替代默克尔呢？
4 6 2 1 5
大选之后，默克尔所在的政党联盟依然获得了多数席位，而曾经的合作伙伴社会民主党则遭遇了战后以来最惨的一次失败，社民党已经言明不会再次与默克尔组建“大联盟”，原因很简单，对社民党来说，再合作下去，可能就被默克尔给消化了，危及社民党的地位。
4 7 2 2 5
要组阁，默克尔只能跟绿党和自由民主党合作，组建多党联合政府，因为左翼政党和极右翼政党都不是合适的选择。
3
66 15 5 2 4
默克尔和联盟党的胜选基本没有悬念，但33%的得票率是60多年来最差战绩。
66 16 5 3 4
选择党则以12.6%得票率成为国会第三大党，是二战以来首个进入国会的极右翼政党。
66 17 5 4 4
此外，还有自由民主党、左翼党和绿党也跨过门槛进入国会。
1
94 8 5 2 3
另一面，极右翼政党选择党以12.6%选票大举打入联邦议院，让德国政坛平稳过渡的水面之下暗流汹涌。
3
74 10 5 2 2
不过，政党领导层心情复杂——尽管保住了第一大党的地位、连续赢得了12年来的第四场大选，但基民盟此次得票率仅为32.8%，较2013年下跌近10个百分点，书写了1949年以来的最差成绩。
74 11 6 1 2
不仅如此，基民盟还有超过100万选民“倒戈”支持了德国选择党，使之成为德意志联邦共和国历史上第一个进入议会的极右翼政党，而且一举夺下了13%的选票，成为议会第三大党。
74 12 6 2 2
在德国选择党的庆祝大会上，首席候选人亚历山大·高兰面对支持者笑容灿烂，并警告新政府成员要穿得暖和点，因为“我们会一直对你们紧追不舍”。
3
75 36 19 2 3
在此次大选中，萨克森州成了极右翼政党德国选择党的最大票仓，该党在当地的得票率超过25%。
75 37 19 3 3
相比之下，德国选择党在汉堡的得票率还不到8%。
75 38 20 1 1
文章称，2013年大选失利未进入联邦议院的德国自由民主党，此次在北莱茵-威斯特法伦州获得了其最高的地区得票率，而在梅克伦堡-前波莫瑞州的得票率最低。
3
98 18 5 4 6
AfD跃居第三大党，也是1945年以来首次进入德国联邦议会的极右翼政党。
98 19 5 5 6
值得警惕的是，至少有100万前基民盟/基社盟选民和不愿投票的选民，倒戈向AfD极右翼阵营。
98 20 5 6 6
AfD有望获得80~90个议会席位，法国极右翼政党领导人勒庞也发来“贺电”。
2
8 68 24 2 3
2017年不同于2013年，选择党赢得了足足94席，一跃成为议会第三大党；社民党加入政府，意味着这个极右翼政党将成为最大反对党，根据惯例享有一系列优待，比如议会财政委员会主席的位置，以及质询中的优先权。
8 69 24 3 3
想象一下该党党首爱丽丝·威德尔在议会中呼风唤雨的场景，侥幸渡过危机的默克尔恐怕很难笑出来。
1
81 1 1 1 2
据“德国之声”网站报道，以标榜民族主义、反难民和质疑欧洲一体化等议题而兴起的德国极右翼政党“德国选择党”（AlternativefürDeutschland，简称AfD）在大选后第二天就疑似发生“分裂”。
3
48 3 2 2 2
抗议主要是针对此次以第三大党身份进入德国联邦议会的极右翼政党德国选择党（AfD）。
48 4 3 1 2
据报道，抗议者们高举“阻止选择党”、“我们为多样性而活”等标语走过了柏林市中心的多个街区。
48 5 3 2 2
在9月25日举行的德国大选中，德国选择党以12.6%的得票率成为了德国联邦议会的第三大党，成为了二战后首个进入德国联邦议会的极右翼政党，这也意味着选择党将获得总共709名议员中的92个名额。
4
72 150 65 1 3
而2016年9月在默克尔的“政治故乡”梅克伦堡-前波莫瑞州的选举中，难民危机给默克尔带来的冲击却是十分明显。
72 151 65 2 3
高喊反移民口号的极右翼政党德国选择党在选举中大胜，默克尔领导的基民盟得票滑落到第三位。
72 152 65 3 3
德国选择党女党魁佩特里甚至宣告默克尔“已经完了”。
72 153 66 1 4
斯蒂凡⋅柯内琉斯告诉《中国新闻周刊》，难民危机是默克尔执政12年来最严峻的一场考验。
3
47 1 1 1 2
当地时间10月24日，新一届德国联邦议会将召集会议。
47 2 1 2 2
这也是9月24日德国联邦议会选举后，联邦议院的首次碰面，除了备受关注的组阁话题，德国极右翼政党选择党（AfD）的入围，以及选择党将在议会谋求要职的动向成为了舆论焦点。
47 3 2 1 1
在9月24日的议会选举中，选择党一跃成为德国第三大党，首次谋得议会席位。
5
46 1 1 1 1
新华社北京10月30日电（记者海洋）在29日刊载的《星期日图片报》一篇专访中，德国极右翼民粹主义政党德国选择党领导人阿莉塞·魏德尔立志在2021年前使该党成为执政联盟中的一员。
46 2 2 1 1
9月18日，在德国柏林，极右翼政党德国选择党领导人阿莉塞·魏德尔在新闻发布会上讲话。
46 3 3 1 2
魏德尔表示，德国选择党目前对反对党身份很满意，但该政党的长期目标是参与政府决策。
46 4 3 2 2
路透社对此评论说，完成这一目标可能需经历漫长过程，因为眼下德国全部主流政党都拒绝与德国选择党合作。
46 5 4 1 5
9月24日，德国举行联邦议院选举。
4
45 4 3 1 2
默克尔领导的基督教民主联盟(基民盟)及其姐妹党巴伐利亚基督教社会联盟(基社盟)合称联盟党。
45 5 3 2 2
在9月24日举行的新一届联邦议院选举中，联盟党虽然以33%的得票率保持最大党地位，但得票率比上届选举下跌了8.5个百分点，让默克尔陷入组阁难题。
45 6 4 1 2
得票率排在第二的社会民主党表示不会与联盟党联合执政；得票率排在第三位的极右翼政党德国选择党，持激进政治立场，不少纲领与联盟党相悖。
45 7 4 2 2
由此，与自由民主党和绿党组阁成为默克尔的唯一选项。
2
81 6 3 1 2
在24日举行的大选中，选择党成功拿下13%的选票和94个议席，成为议会第三大党和二战后第一个进入德国议会的极右翼政党。
81 7 3 2 2
英国《卫报》称，自从1949年以来，从未有一个新党派在首次进入议会时挟如此巨大的优势。
3
90 6 6 1 2
从主要政党中受益的主要是极右翼政党，他们赢得了12.6%的选票。
90 7 6 2 2
自由民主党(FDP)赢得10.7%的选票，保住了他们在新议会中的席位。
90 8 7 1 1
整体来看，我们依旧预计，尽管欧元确实存在下行风险，但对此的负面反应有限。
2
98 16 5 2 6
反欧盟、反移民的极右翼政党AfD党得票率排名第三。
98 17 5 3 6
一份提前泄露的出口民调显示，AfD获得了15%的选票，2013年大选的支持率还不足5%。
5
66 18 6 1 1
选择党原是反对德国政府拯救希腊债务危机而出现的小党，因为默克尔开放边界引进难民而崛起成为反移民、反伊斯兰、反欧洲一体化的极右翼政党。
66 19 7 1 4
这次选举结果被形容为德国的“政治地震”，默克尔“噩梦般的胜利”。
66 20 7 2 4
默克尔已表示选举结果“可以再好一些”，还说会聆听选择党支持者的声音。
66 21 7 3 4
默克尔和联盟党的得票率下跌，主要还是归咎于政府欠缺协调，而又敞开大门欢迎难民的政策。
66 22 7 4 4
难民确实成了德国和欧洲的敏感问题，尤其是犯罪和恐怖主义威胁，使得整个社会草木皆兵。
3
83 11 7 2 3
勒庞尽管败选，但也闯入了第二轮投票，并且最终获得近34%的选票。
83 12 7 3 3
相比2012年她首次参加总统选举时未能进入第二轮投票的结果，她领导的极右翼政党“国民阵线”这次显然获得了比当时更多的民意支持。
83 13 8 1 2
荷兰自由党、法国“国民阵线”和德国选择党的共同点在于反欧盟、反移民和反伊斯兰。
3
84 12 11 1 1
与此同时，其主要的对手社会民主党仅获得20.5%选票，得票率创下1933年以来最低。
84 13 12 1 1
主张反对欧盟以及移民政策的极右派势力新选择党得票率达12.6%，为逾50年来首次进入议会的极右翼政党。
84 14 13 1 1
自由民主党赢得10.7%的选票，保住了他们在新议会中的席位。
4
54 9 4 2 3
但由于得票率未超过半数，联盟党需同其他政党联合组阁。
54 10 4 3 3
根据最新形势，唯一可能的组阁方式是联盟党同自民党和绿党结成执政联盟。
54 11 5 1 4
此前荷兰大选也经历极右翼政党冲击，日前该国也终于完成“艰难”组阁，荷兰四个政党9日宣布达成联合执政协议，距议会选举结束已有208天。
54 12 5 2 4
此次荷兰多党联合执政及组阁谈判将成为二战后耗时最长的一次。
3
7 5 3 1 3
过去几年间，在历经了欧元危机、难民危机、英国退欧、极右翼政党崛起、加泰罗尼亚独立等等风波之后，欧洲各国看似家家都有一本难念的经，也抢尽了各大媒体国际新闻的版面。
7 6 3 2 3
然而德国不仅人口、经济都是当仁不让的欧洲老大，其政坛更一贯是稳定的代表。
7 7 3 3 3
默克尔连任三届德国总理，其权势不仅在欧盟内部称得上一时无两，即使放眼全球，她亦是当之无愧的强势领导者。
2
85 1 1 1 2
FX168财经报社(香港)讯在周末进行的德国大选中，总理默克尔赢得连任，但极右翼政党的支持率急升。
85 2 1 2 2
海外知名财经网站CNBC周一(9月25日)撰文称，在德国大选结果出来之后，欧元未来的命运变得更加不确定。
3
85 4 3 1 2
此外，德国新选择党(AfD)成为逾50年来首次进入议会的极右翼政党。
85 5 3 2 2
AfD得票率达到12.6%，超乎预期。
85 6 4 1 1
默克尔所属的保守派阵营的下滑至33%，较2013年前一次大选的41.5%显著下降。
2
87 1 1 1 2
新华社北京9月26日电（记者王逸君）德国大选结果25日初步揭晓，右翼民粹主义政党德国选择党异军突起，得票率排名第三。
87 2 1 2 2
这是第二次世界大战结束后德国首次有极右翼政党进入联邦议院。
3
22 10 4 3 5
在长达几个月的斡旋后，英国似乎终于准备支付600亿英镑的“分手费”，为下阶段有关贸易协议和过渡期的“脱欧”谈判打破僵局。
22 11 4 4 5
《卫报》称，德国强硬的谈判策略把特雷莎·梅逼到了角落，不过未来讨论英欧贸易安排时，德国有望态度软化。
22 12 4 5 5
文章还指出，就算德国再次举行选举，极右翼政党也不可能没有立足之地，这可能会让欧洲更加理解为何英国主张遏制人员自由流动。
3
79 31 13 3 3
甚至有极右翼政党(“德国选择党”)就抓住德国人的恐外心理主打“反移民牌”。
79 32 14 1 3
维护国内安全和打击恐怖主义也一直处于高关注度。
79 33 14 2 3
近几年，德国已遭受不少恐怖袭击，最大的一次是去年12月柏林圣诞市场的卡车撞人事件，造成12人死亡。
1
7 51 19 1 3
近年来随着欧洲经济低迷不振、难民危机和恐袭频发，欧洲各国的极右翼政党纷纷崛起。
1
7 53 19 3 3
而在东欧，已有国家的极右翼政党可以进入政府，并把自己排斥移民、仇视多元文化、甚至是种族主义新纳粹的理念付诸政策上的实施。
