55 37 24 1 1
根据属地管辖原则的相关规定，一国公民在他国发生刑事犯罪，应按照犯罪发生地国法律优先的原则进行处理，即犯罪发生地所在国具有优先管辖权。
65 43 27 1 1
根据属地管辖原则的相关规定，一国公民在他国发生刑事犯罪，应按照犯罪发生地国法律优先的原则进行处理，即犯罪发生地所在国具有优先管辖权。
78 8 4 1 1
根据属地管辖原则的相关规定，一国公民在他国发生刑事犯罪，应按照犯罪发生地国法律优先的原则进行处理，即犯罪发生地所在国具有优先管辖权。
79 14 7 1 1
根据属地管辖原则的相关规定，一国公民在他国发生刑事犯罪，应按照犯罪发生地国法律优先的原则进行处理，即犯罪发生地所在国具有优先管辖权。
81 10 8 1 3
首都经贸大学法学院教授王剑波向《法制日报》记者解释说,根据属地管辖原则,一个国家的人在别的国家实施刑事犯罪,犯罪地所属国即享有管辖权。
81 11 8 2 3
而且,由于犯罪地所属国对犯罪人的管辖通常更为便捷和有效,就会在事实上形成属地管辖优先。
81 12 8 3 3
以江歌案为例,该案发生在日本,即使案件的犯罪嫌疑人和被害人同为中国人,日本也会根据属地管辖原则,依据日本的刑事法律对其行为进行审判,日本法院如果对其作出刑事判决之后,其就要在日本服刑。
81 10 8 1 3
首都经贸大学法学院教授王剑波向《法制日报》记者解释说,根据属地管辖原则,一个国家的人在别的国家实施刑事犯罪,犯罪地所属国即享有管辖权。
81 11 8 2 3
而且,由于犯罪地所属国对犯罪人的管辖通常更为便捷和有效,就会在事实上形成属地管辖优先。
81 12 8 3 3
以江歌案为例,该案发生在日本,即使案件的犯罪嫌疑人和被害人同为中国人,日本也会根据属地管辖原则,依据日本的刑事法律对其行为进行审判,日本法院如果对其作出刑事判决之后,其就要在日本服刑。
82 3 1 3 10
为请求日本法院判决陈世峰死刑，江歌母亲日前前往日本，并于11月12日和众多留学生志愿者在东京池袋西口公园集会，征求民众署名支援。
82 4 1 4 10
该案为何要在日本审理？记者了解到，根据属地管辖原则规定，一国公民在他国发生刑事犯罪，应按照犯罪发生地国法律优先的原则进行处理。
82 5 1 5 10
陈世峰在日本是否会被判死刑？从事日本刑法研究的南开大学法学院教授郑泽善告诉记者，从目前情况来看，是否会被判死仍不好判断，“一般情况下，在日本杀害3个人才可能被判处死刑，按照惯例，凶手杀害1人一般获刑13年。”不过，这是针对犯罪嫌疑人是日本国籍的情况。
84 7 4 1 1
根据属地管辖原则的相关规定，一国公民在他国发生刑事犯罪，应按照犯罪发生地国法律优先的原则进行处理，即犯罪发生地所在国具有优先管辖权。
85 31 14 1 1
根据属地管辖原则的相关规定，一国公民在他国发生刑事犯罪，应按照犯罪发生地国法律优先的原则进行处理，即犯罪发生地所在国具有优先管辖权。
86 15 8 1 2
北京师范大学博士后、京都律师事务所刑事诉讼部齐晓伶律师表示，此案之所以在日本起诉，是因为案件发生地在日本，依据属地管辖原则，日本有管辖权。
86 16 8 2 2
在国外犯罪的中国公民，我们依据属人原则也有管辖权，但属地管辖在刑事管辖权中比属人管辖具有天然的优势地位。
90 7 5 1 2
至于为何该案要在日本审理，记者了解到，根据属地管辖原则规定，一国公民在他国发生刑事犯罪，应按照犯罪发生地国法律优先的原则进行处理。
90 8 5 2 2
具体到本案，犯罪嫌疑人陈世峰与被害人江歌同为中国人，但根据属地原则，要依据日本刑法对案件进行审理。
92 13 10 1 2
齐律师认为，此案之所以在日本起诉，是因为案件发生地在日本，依据属地管辖原则，日本有管辖权。
92 14 10 2 2
在国外犯罪的中国公民，我们依据属人原则也有管辖权，但属地管辖在刑事管辖权中比属人管辖具有天然的优势地位。
97 5 2 1 4
根据属地管辖原则的相关规定，一国公民在他国发生刑事犯罪，应按照犯罪发生地国法律优先的原则进行处理，即犯罪发生地所在国具有优先管辖权。
97 6 2 2 4
以江歌案为例，该案发生在日本，即使案件的犯罪嫌疑人和被害人同为中国人，也会根据属地原则，依据日本的刑事法律对其行为进行审判。
