2
17 7 2 1 4 0.629
当晚，范冰冰以一身白色西装霸气登场，前一天才刚刚求婚成功的李晨[微博]则陪伴出席。
17 8 2 2 4 0.436
颁奖当天恰逢是范冰冰36岁生日。
2
18 3 2 1 4 0.625
当天是范冰冰的生日，凌晨范冰冰接受李晨求婚的喜事收到众多圈内好友的祝福，此番又一举拿下金鸡奖最佳女主角，可谓是三喜临门。
18 4 2 2 4 0.455
得知自己得奖后，范冰冰谦虚表示“我觉得非常幸运”。
2
21 1 1 1 6 0.644
最近李晨求婚成功范冰冰的新闻，可谓是占据整个新闻版面。
21 2 1 2 6 0.397
一时间各路好友纷纷发过来祝福。
2
28 4 1 4 5 0.376
范冰冰立刻秒转这一微博，并写道“永远，永远……”。
28 5 1 5 5 0.675
网友们反应过来：李晨成功求婚！
3
28 13 5 1 3 0.558
两人牵手进入会场后，李晨就单膝下跪向范冰冰求婚。
28 14 5 2 3 0.605
范冰冰听到男友告白后感动落泪，接受求婚。
28 15 5 3 3 0.236
随后就透过微博向外界宣布。
1
38 1 1 1 1 0.739
范冰冰生日这天，李晨求婚成功。
3
40 12 5 1 4 0.364
一起携手走过两年半的范冰冰和李晨，这对娱乐圈模范情侣终于修成正果。
40 13 5 2 4 0.686
今日，在范冰冰36岁生日宴上，李晨求婚成功，粉红色主题的求婚仪式让网友们纷纷感叹“甜炸了”。
40 14 5 3 4 0.318
消息公布之后，娱乐圈立刻炸开了锅，陈赫[微博]连发了四个“太棒了”表示心中喜悦，舒淇[微博]也送上祝福，向太则说“我们全部人都祝福你们俩永远永远永远幸福快乐美满生活”。
