3
78 8 4 1 1
根据属地管辖原则的相关规定，一国公民在他国发生刑事犯罪，应按照犯罪发生地国法律优先的原则进行处理，即犯罪发生地所在国具有优先管辖权。
78 9 5 1 2
以江歌案为例，该案发生在日本，即使案件的犯罪嫌疑人和被害人同为中国人，也会根据属地原则，依据日本的刑事法律对其行为进行审判。
78 10 5 2 2
属地原则，也因此被称为域外犯罪选择适用管辖的“黄金原则”。
3
79 14 7 1 1
根据属地管辖原则的相关规定，一国公民在他国发生刑事犯罪，应按照犯罪发生地国法律优先的原则进行处理，即犯罪发生地所在国具有优先管辖权。
79 15 8 1 1
以江歌案为例，该案发生在日本，即使案件的犯罪嫌疑人和被害人同为中国人，也会根据属地原则，依据日本的刑事法律对其行为进行审判。
79 16 9 1 2
属地原则，也因此被称为域外犯罪选择适用管辖的“黄金原则”。
3
84 7 4 1 1
根据属地管辖原则的相关规定，一国公民在他国发生刑事犯罪，应按照犯罪发生地国法律优先的原则进行处理，即犯罪发生地所在国具有优先管辖权。
84 8 5 1 3
以江歌案为例，该案发生在日本，即使案件的犯罪嫌疑人和被害人同为中国人，也会根据属地原则，依据日本的刑事法律对其行为进行审判。
84 9 5 2 3
属地原则，也因此被称为域外犯罪选择适用管辖的“黄金原则”。
4
85 31 14 1 1
根据属地管辖原则的相关规定，一国公民在他国发生刑事犯罪，应按照犯罪发生地国法律优先的原则进行处理，即犯罪发生地所在国具有优先管辖权。
85 32 15 1 3
以江歌案为例，该案发生在日本，即使案件的犯罪嫌疑人和被害人同为中国人，也会根据属地原则，依据日本的刑事法律对其行为进行审判。
85 33 15 2 3
属地原则，也因此被称为域外犯罪选择适用管辖的“黄金原则”。
85 34 15 3 3
因此，华人在国外遭遇犯罪分子侵害时，应该及时报警，向当地司法机关陈述犯罪事实，依据当地法律使罪犯受到应有惩处。
3
97 5 2 1 4
根据属地管辖原则的相关规定，一国公民在他国发生刑事犯罪，应按照犯罪发生地国法律优先的原则进行处理，即犯罪发生地所在国具有优先管辖权。
97 6 2 2 4
以江歌案为例，该案发生在日本，即使案件的犯罪嫌疑人和被害人同为中国人，也会根据属地原则，依据日本的刑事法律对其行为进行审判。
97 7 2 3 4
属地原则，也因此被称为域外犯罪选择适用管辖的“黄金原则”。
2
92 13 10 1 2
齐律师认为，此案之所以在日本起诉，是因为案件发生地在日本，依据属地管辖原则，日本有管辖权。
92 14 10 2 2
在国外犯罪的中国公民，我们依据属人原则也有管辖权，但属地管辖在刑事管辖权中比属人管辖具有天然的优势地位。
4
55 37 24 1 1
根据属地管辖原则的相关规定，一国公民在他国发生刑事犯罪，应按照犯罪发生地国法律优先的原则进行处理，即犯罪发生地所在国具有优先管辖权。
55 38 25 1 1
以江歌案为例，该案发生在日本，即使案件的犯罪嫌疑人和被害人同为中国人，也会根据属地原则，依据日本的刑事法律对其行为进行审判。
55 39 26 1 1
但不少网友也提出了“华人犯罪，中国法律还能否对其进行追责？”的疑问。
55 40 27 1 1
关于这一问题，就江歌案件而言，根据中国刑法第十条规定，刘鑫的前男友如果在日本受到刑事处罚后，中国司法机关仍可依法对其享有追诉权。
4
65 40 27 1 1
根据属地管辖原则的相关规定，一国公民在他国发生刑事犯罪，应按照犯罪发生地国法律优先的原则进行处理，即犯罪发生地所在国具有优先管辖权。
65 41 28 1 1
以江歌案为例，该案发生在日本，即使案件的犯罪嫌疑人和被害人同为中国人，也会根据属地原则，依据日本的刑事法律对其行为进行审判。
65 42 29 1 1
但不少网友也提出了“华人犯罪，中国法律还能否对其进行追责？”的疑问。
65 43 30 1 1
关于这一问题，就江歌案件而言，根据中国刑法第十条规定，刘鑫的前男友如果在日本受到刑事处罚后，中国司法机关仍可依法对其享有追诉权。
3
90 7 5 1 2
至于为何该案要在日本审理，记者了解到，根据属地管辖原则规定，一国公民在他国发生刑事犯罪，应按照犯罪发生地国法律优先的原则进行处理。
90 8 5 2 2
具体到本案，犯罪嫌疑人陈世峰与被害人江歌同为中国人，但根据属地原则，要依据日本刑法对案件进行审理。
90 9 6 1 1
目前中日之间没有缔结引渡条约，这是否意味着嫌犯被引渡无望？黄风说，日本引渡法和中国类似，并不要求引渡一定要依据引渡条约，也可以依据互惠原则，因此在这方面并不构成法律障碍，此前两国已有依据互惠原则成功引渡的案例。
4
81 12 8 3 3
以江歌案为例,该案发生在日本,即使案件的犯罪嫌疑人和被害人同为中国人,日本也会根据属地管辖原则,依据日本的刑事法律对其行为进行审判,日本法院如果对其作出刑事判决之后,其就要在日本服刑。
81 13 9 1 1
王剑波表示,就管辖问题来说,日本具有属地管辖权。
81 14 10 1 1
江歌案发生在日本,即使案件的犯罪嫌疑人和被害人同为中国人,也会根据属地原则,依据日本的刑事法律对嫌疑人进行审判。
81 15 11 1 1
王剑波说,日本法院对被告人作出刑事判决之后,其就要在日本服刑。
4
81 8 6 1 1
据媒体报道,2017年12月11日至15日,此案将在日本开庭审判。
81 9 7 1 1
中国人民大学法学院副院长时延安告诉《法制日报》记者,针对此案,日本和中国都有刑事管辖权,日本有属地管辖权。
81 10 8 1 3
首都经贸大学法学院教授王剑波向《法制日报》记者解释说,根据属地管辖原则,一个国家的人在别的国家实施刑事犯罪,犯罪地所属国即享有管辖权。
81 11 8 2 3
而且,由于犯罪地所属国对犯罪人的管辖通常更为便捷和有效,就会在事实上形成属地管辖优先。
4
82 1 1 1 9
2016年11月3日凌晨，中国留学生江歌在日本中野家中遇害。
82 2 1 2 9
下月犯罪嫌疑人陈世峰将在东京地方裁判所受审。
82 3 1 3 9
为请求日本法院判决陈世峰死刑，江歌母亲日前前往日本，并于11月12日和众多留学生志愿者在东京池袋西口公园集会，征求民众署名支援。
82 4 1 4 9
该案为何要在日本审理？记者了解到，根据属地管辖原则规定，一国公民在他国发生刑事犯罪，应按照犯罪发生地国法律优先的原则进行处理。
2
86 15 8 1 2
北京师范大学博士后、京都律师事务所刑事诉讼部齐晓伶律师表示，此案之所以在日本起诉，是因为案件发生地在日本，依据属地管辖原则，日本有管辖权。
86 16 8 2 2
在国外犯罪的中国公民，我们依据属人原则也有管辖权，但属地管辖在刑事管辖权中比属人管辖具有天然的优势地位。
