2
10 2 2 1 3 0.616
据11月28日晚@平安朝阳对红黄蓝新天地幼儿园事件调查结果的通报，经调取涉事班级监控视频存储硬盘，发现已有损坏。
10 3 2 2 3 0.221
经专业公司技术检测，系多次强制断电所致。
3
11 3 2 1 6 0.159
田学军答：谢谢你的提问。
11 4 2 2 6 0.667
对于这个事情，北京警方已经公布了红黄蓝幼儿园事件最新的情况。
11 5 2 3 6 -0.053
儿童是祖国的花朵、民族的未来。
2
12 2 2 1 2 0.674
田学军指出，北京警方已公布红黄蓝幼儿园事件最新情况。
12 3 2 2 2 0.4
近期发生的幼儿园虐童事情，暴露出一些地方和幼儿园仍存在管理不善，制度不落实，执行不到位的问题。
1
16 1 1 1 1 0.652
央视网消息：30日，北京朝阳区红黄蓝新天地幼儿园事件调查情况公布，事件发生后，北京市纪委、市监委会同朝阳区纪委、区监委第一时间成立调查组，启动相关调查工作。
2
16 2 2 1 2 0.375
经查，朝阳区教委主任肖汶、副主任付琳，存在对民办教育机构监管缺失的问题；朝阳区教委社会力量办学管理科科长韩斌，工作中存在失察失责、履职不到位的问题。
16 3 2 2 2 0.631
针对以上情况，朝阳区纪委、区监委决定对上述责任人员予以立案调查。
2
19 5 3 1 2 0.28
据媒体周三报道，河北沧州一红黄蓝幼儿园被曝拿针扎孩子，孩子身上出现针眼。
19 6 3 2 2 0.653
家长报案后，警方连夜展开调查，案件调查中。
2
20 24 11 1 3 0.642
29日晚，朝阳区红黄蓝新天地幼儿园事件调查情况公布。
20 25 11 2 3 0.375
经查，朝阳区教委主任肖汶、副主任付琳，存在对民办教育机构监管缺失的问题；朝阳区教委社会力量办学管理科科长韩斌，工作中存在失察失责、履职不到位的问题。
1
20 26 11 3 3 0.631
针对以上情况，朝阳区纪委、区监委决定对上述责任人员予以立案调查。
2
21 6 1 6 7 0.219
目前，运河区正在全面开展幼儿园安全隐患大排查工作，要求各园所进一步做好教育教学、安全管理和师德师风建设。
21 7 1 7 7 0.67
调查处理情况将及时向社会公布。
1
23 1 1 1 1 0.606
2017年11月29日，朝阳区红黄蓝新天地幼儿园事件调查情况公布。
2
23 3 3 1 2 0.375
经查，朝阳区教委主任肖汶、副主任付琳，存在对民办教育机构监管缺失的问题；朝阳区教委社会力量办学管理科科长韩斌，工作中存在失察失责、履职不到位的问题。
23 4 3 2 2 0.631
针对以上情况，朝阳区纪委、区监委决定对上述责任人员予以立案调查。
2
24 9 6 1 2 0.302
据新京报“我们视频”报道，11月28日，河北沧州，红黄蓝幼儿园被家长曝光拿针扎孩子，孩子身上出现针眼。
24 10 6 2 2 0.653
家长报案后，警方连夜展开调查，案件调查中。
1
24 15 10 1 1 0.613
事实上，红黄蓝股价的反弹与警方对“虐童”事件调查结果的公布不无关系。
2
24 40 27 2 3 0.302
据新京报“我们视频”报道，11月28日，河北沧州，红黄蓝幼儿园被家长曝光拿针扎孩子，孩子身上出现针眼。
24 41 27 3 3 0.65
家长报案后，警方连夜展开调查，案件正在调查中。
2
25 10 7 1 2 0.375
南都记者留意到，被告在诉讼书中提出，“被告未能制定安全政策，防止在其学校发生性侵事件（sexualabuse）”。
25 11 7 2 2 0.694
据警方通报红黄蓝幼儿园事件调查结果，未发现有人对儿童实施侵害。
2
28 1 1 1 2 0.248
【红黄蓝河北再曝针扎虐童家长怒掴老师！】11月28日，河北沧州，红黄蓝幼儿园被家长曝光拿针扎孩子，孩子身上出现针眼。
28 2 1 2 2 0.653
家长报案后，警方连夜展开调查，案件调查中。
3
33 4 4 1 3 0.379
情况通报发出后，立刻在互联网上激起强烈反响。
33 5 4 2 3 0.617
与以往公共舆论事件警方通报情况时网上舆论的第一反应很相似，一些人立刻提出质疑。
33 6 4 3 3 0.077
如果仅以网上的跟帖评论和朋友圈刷屏的反应看，要解开公众的疑惑、平息人们的焦虑，仅靠这个通报显然是不够的。
2
39 1 1 1 3 0.699
朝阳警方昨晚公布“红黄蓝”新天地幼儿园事件调查情况。
39 2 1 2 3 0.309
通报称，教师刘某某用缝衣针扎不睡觉儿童以示“管教”，涉嫌虐待被看护人已被刑事拘留。
3
48 1 1 1 4 0.573
围绕北京朝阳区一红黄蓝幼儿园虐童丑闻，警方星期六开始公布第一批调查结果。
48 2 1 2 4 0.627
警方对一名幼教做出刑事拘留处理，等于说明了虐童情况的存在。
48 3 1 3 4 0.346
另外一名31岁女子被行政拘留，她向警方承认自己是“老虎团集体性侵红黄蓝幼儿”谣言的制造者。
2
52 22 8 1 2 0.648
根据公安机关通报的案件侦办情况，昨天北京市朝阳区政府新闻发言人表示，事件发生后，朝阳区政府立即约谈红黄蓝新天地幼儿园举办者，依法启动追责程序，责成举办者按程序立刻免除幼儿园园长职务，并将根据案件调查结果，严肃追究幼儿园及相关人员的责任，绝不姑息。
52 23 8 2 2 0.319
同时，朝阳区要求园方真诚与家长沟通，全力配合家长关爱好幼儿的身心健康。
2
60 66 29 1 2 0.627
问题3：虽然现在调查尚未结束，你们提到警方通知调查结果将在今晚公布。
60 67 29 2 2 0.544
如果调查结果是最坏的情况，红黄蓝将如何应对？
3
62 2 1 2 4 0.25
11月22日，十余名家长反映称，朝阳区管庄红黄蓝幼儿园（新天地分园）国际小二班的幼儿遭遇老师扎针、喂不明白色药片，并提供孩子身上多个针眼的照片。
62 3 1 3 4 0.712
目前，北京朝阳警方已介入事件调查。
62 4 1 4 4 0.497
朝阳区教育委员会工作人员11月23日也已成立工作组进驻幼儿园调查。
2
64 2 1 2 3 0.462
截至目前，1名涉嫌虐童的幼儿园老师被拘留。
64 3 1 3 3 0.691
北京市朝阳区政府新闻发言人25日表示，根据公安机关通报的案件侦办情况，可认为是一起伤害幼儿的恶劣事件，社会影响极坏。
2
66 1 1 1 2 0.635
北京警方25日晚公布红黄蓝新天地幼儿园疑似虐童事件调查情况，截至目前，1名涉嫌虐童的幼儿园老师被拘留。
66 2 1 2 2 0.691
北京市朝阳区政府新闻发言人25日表示，根据公安机关通报的案件侦办情况，可认为是一起伤害幼儿的恶劣事件，社会影响极坏。
0
2
69 1 1 1 3 0.601
新京报快讯舆论高度关注的北京市朝阳区红黄蓝新天地幼儿园虐童事件调查处置工作今日有了最新进展。
69 2 1 2 3 0.373
北京警方25日下午通报，涉事幼儿园教师刘某某（女，22岁，河北人）因涉嫌虐待被看护人罪被依法刑事拘留，编造“老虎团”人员集体猥亵幼儿虚假信息的刘某（女，31岁，北京人）被依法行政拘留。
1
70 7 4 1 1 0.659
据北京朝阳区政府新闻发言人介绍，根据公安机关通报的红黄蓝新天地幼儿园案件侦办情况，我们认为这是一起伤害幼儿的恶劣事件，社会影响极坏。
2
71 1 1 1 2 0.32
经济观察网记者吴秋婷11月22日开始，有十余名家长向朝阳警方反映，朝阳区管庄红黄蓝幼儿园（新天地分园）的幼儿遭遇老师扎针、喂不明白色药片。
71 2 1 2 2 0.612
此后警方介入调查。
1
74 24 12 1 1 0.61
针对网传有家长反映个别幼儿园内幼儿受到侵害的情况，北京市教委回应称高度重视，要求区、园积极配合公安机关做好相关事件的调查和依法依规处理。
1
74 27 15 1 1 0.707
24日上午，红黄蓝幼儿园发声明称，已配合警方提供相关监控资料及设备，涉事老师暂停职，配合公安部门调查，等待政府部门的调查取证结论。
1
76 1 1 1 1 0.659
据朝阳区政府新闻发言人介绍，根据公安机关通报的红黄蓝新天地幼儿园案件侦办情况，我们认为这是一起伤害幼儿的恶劣事件，社会影响极坏。
3
84 2 2 1 3 0.497
近两天，北京红黄蓝幼儿园一起疑似虐童事件引发关注，网上称该幼儿园存在猥亵、针扎幼儿，给幼儿喂食、注射不明药物等情况。
84 3 2 2 3 0.604
据新华社记者从北京市公安机关了解，警方正在根据家长反映情况进行调查取证。
84 4 2 3 3 0.562
目前涉事老师和保育员已暂时停职，配合警方调查。
2
87 11 7 1 2 0.454
据北京青年报，23日下午，北京朝阳区教委一工作人员回应称，目前教室内监控视频已被警方调走，班上3名涉事教师暂时停职，改由其他老师替换。
87 12 7 2 2 0.736
朝阳警方已介入事件调查。
3
88 1 1 1 3 0.437
北京市朝阳区管庄红黄蓝幼儿园(新天地分园)疑似发生“虐童事件”引发社会各界广泛关注。
88 2 1 2 3 0.612
11月22日，北京警方已接到家长报案，正根据家长反映情况进行调查取证。
88 3 1 3 3 0.535
24日，北京红黄蓝儿童教育科技发展有限公司发表声明，表示已配合警方提供相关监控资料及设备，对违法犯罪行为绝不姑息。
2
89 17 9 1 2 0.633
柳治平律师未对案件可能的结果和处罚情况进行评论。
89 18 9 2 2 0.242
截止发稿，罗森律师事务所未回复21世纪经济报道的询问。
2
92 7 4 1 2 0.649
针对近期网曝个别幼儿园存在“虐童”现象，教育部表示对此高度重视，已责成地方有关部门立即启动调查，尽快查清事实真相。
92 8 4 2 2 0.463
教育部已部署开展幼儿园办园行为专项督查，对一切损害幼儿身心健康行为的幼儿园和教职工必须进行严肃查处，对情节严重构成犯罪的，必须依法追究刑事责任。
2
93 2 2 1 2 0.668
北京红黄蓝幼儿园新天地分园涉嫌虐童事件仍在发酵，真实情况仍有待警方调查。
93 3 2 2 2 0.236
而距其仅十分钟车程的另一所幼儿园更早前也有家长反映类似情况。
1
95 11 8 1 1 0.631
目前，北京警方正在进行调查取证，涉事老师和保育员已暂时停职，配合警方调查。
1
95 14 10 1 1 0.729
红黄蓝今日（24日）就“虐童”事件发声明称，已配合警方提供了相关监控资料及设备，涉事老师暂停职，配合公安部门调查，等待政府部门的调查取证结论。
2
95 17 12 1 2 0.645
教育部官方微博@微言教育周四晚间发布微博称，对相关事件高度重视，已责成地方有关部门立即启动调查，尽快查清事实真相。
95 18 12 2 2 0.432
教育部已部署开展幼儿园办园行为专项督查，对一切损害幼儿身心健康行为的幼儿园和教职工必须进行严肃查处，对情节严重、构成犯罪的，必须依法追究刑事责任，以切实保障幼儿身心健康成长。
1
98 3 2 1 1 0.688
目前，事件真相仍在调查中。
2
100 14 6 1 4 0.637
冯俊峰：从目前调查情况看，部队和此次事件没什么关系，但这个调查也是初步的。
100 15 6 2 4 0.275
下一步，我们还将继续进行调查。
