3 63 41 1 1 0.632
值得注意的是，持股49%的北京红黄蓝儿童教育科技发展有限公司的控股股东同样名为周海英。
52 26 10 1 4 0.637
昨天下午记者来到了位于北京丰台的红黄蓝儿童教育科技发展有限公司。
52 27 10 2 4 -0.257
记者刚从电梯口出来，便被门口的保安阻拦。
62 9 3 2 2 0.628
红黄蓝是创立于1998年的早期教育机构，旗下包括了红黄蓝亲子园、红黄蓝幼儿园、竹兜早教套装三大教育品牌。
62 8 3 1 2 0.384
2017年9月27日，红黄蓝在美国纽约证券交易所挂牌上市，成为中国第一家独立上市的学前教育企业。
67 17 9 1 3 0.635
红黄蓝官方网站介绍称，红黄蓝教育（RYBEducation）成立于1998年，作为中国早期教育的开创者，以爱心和责任深耕儿童教育近20年，已发展成为中国学前教育领导品牌，在营业规模、市场份额等方面均位列中国学前教育行业第一。
67 18 9 2 3 0.338
目前红黄蓝遍布中国300多个城市，拥有1300多家亲子园和近500家高品质幼儿园，平均每周有近30万孩子及家庭走进红黄蓝。
87 32 21 1 1 0.677
成立于1998年的红黄蓝专注在0~6岁幼儿及儿童的早期教育，先后打造了红黄蓝亲子园、红黄蓝幼儿园、竹兜早教套装三个教育品牌。
2 1 1 1 2 0.494
近日，北京市红黄蓝幼儿园发生的侵害儿童事件，引起社会各界高度关注。
2 2 1 2 2 0.268
据警方情况通报，涉事人员已被依法刑事拘留，而编造“老虎团”人员集体猥亵幼儿虚假信息者也被依法行政拘留。
3 49 31 1 1 0.415
根据红黄蓝招股书，其控股股东AscendentRainbow隶属于私募投资机构上达资本，该公司由孟亮和张奕两人创立和管理。
3 55 35 2 2 0.457
目前，孟庆胜扔持有上海亮星工程设备技术有限公司50%股权，并任监事；另外，他在苏州上达股权投资基金合伙企业、义乌上达股权投资基金合伙企业均持有股份。
3 54 35 1 2 0.13
根据天眼查提供的信息，孟庆胜名下共有过8家公司，涉及机电和石化行业，但大多已经注销。
3 56 36 1 1 0.425
赵兰花名下有两家公司，她分别持有义乌上达股权投资管理有限公司和苏州上达股权投资管理有限公司50%的股份。
3 57 37 1 1 0.456
张颖名下公司则多达12家，包括义乌上达股权投资管理有限公司、汉南险峰华兴创业投资中心、上海香格俪莱投资管理有限公司等。
3 62 40 1 1 0.435
天眼查显示，义乌上达股权投资管理有限公司持有3.33%义乌夏安股权投资基金合伙企业股份，而持有该企业96.67%股份的大股东名叫周海英。
4 9 4 4 7 0.436
三是加强师德师风建设，进一步健全幼儿教师资格准入制度，严把入口关，建设一支师德高尚、热爱儿童、业务精良、结构合理的幼儿教师队伍。
4 8 4 3 7 0.329
二是进一步制定强有力的监管措施，压实监管责任，加大督察力度，督促各地严格落实《幼儿园工作规程》，督促各类幼儿园依法依规办园，切实提高保教质量。
4 10 4 5 7 0.087
四是要明确教师的行为规范。
4 12 4 7 7 0.405
五是积极推进学前教育立法，目前正进行学前教育立法调研，为学前教育依法办园、规范管理提供法治保障。
4 11 4 6 7 0.339
目前教育部正在考虑制定教师的行为规范，加强教师法治教育，提高教师法治意识和底线意识。
5 2 2 1 2 0.401
利润猛增的第三季度，带给红黄蓝的却是更多坏消息——北京红黄蓝虐童事件尘埃未定，红黄蓝河北幼儿园又曝虐童丑闻，目前河北通报红黄蓝幼儿园处置情况：幼儿园暂时关闭。
5 3 2 2 2 -0.014
而在北京方面，对于相关责任人的追责也在启动中。
6 20 6 5 5 0.407
倘若未来早教市场进一步加强准入管制，红黄蓝这种品牌幼儿园的地位反而会加强。
6 19 6 4 5 -0.004
但由于幼儿园供给的不足，家长难以找到有效替代品，即便是涉事幼儿园的父母们，恐怕也难逃“含泪继续相信他”并接受学费年年递增的命运。
6 36 13 1 1 0.442
教育行政部门亦应该汲取朝阳区教委被问责的教训，改进对幼儿园的监管执法之道。
8 2 2 1 4 0.423
记者：近日，北京红黄蓝幼儿园涉嫌侵害儿童的情况引发网络热议。
8 3 2 2 4 0.085
北京市公安局25日发布消息称，编造涉军谣言者已被行政拘留。
9 5 3 1 2 0.406
报告期内，红黄蓝直营幼儿园入学人数为21413人。
9 6 3 2 2 0.311
特许经营玩具学习中心和幼儿园的数量分别为910间和209间。
9 8 5 1 1 0.421
值得一提的是，续北京红黄蓝幼儿园新天地园区涉嫌虐童事件后，红黄蓝河北沧州一幼儿园又曝虐童，目前该幼儿园暂时关闭。
11 16 5 4 7 0.436
三是加强师德师风建设，进一步健全幼儿教师资格准入制度，严把入口关，建设一支师德高尚、热爱儿童、业务精良、结构合理的幼儿教师队伍。
11 15 5 3 7 0.329
二是进一步制定强有力的监管措施，压实监管责任，加大督察力度，督促各地严格落实《幼儿园工作规程》，督促各类幼儿园依法依规办园，切实提高保教质量。
11 17 5 5 7 0.087
四是要明确教师的行为规范。
12 12 7 1 3 0.45
加强师德师风建设，进一步健全幼儿教师资格准入制度，严把入口关，建设一支师德高尚、热爱儿童、业务精良、结构合理的幼儿教师队伍。
12 13 7 2 3 0.181
明确教师的行为规范。
13 10 5 4 7 0.436
三是加强师德师风建设，进一步健全幼儿教师资格准入制度，严把入口关，建设一支师德高尚、热爱儿童、业务精良、结构合理的幼儿教师队伍。
13 9 5 3 7 0.329
二是进一步制定强有力的监管措施，压实监管责任，加大督察力度，督促各地严格落实《幼儿园工作规程》，督促各类幼儿园依法依规办园，切实提高保教质量。
13 11 5 5 7 0.087
四是要明确教师的行为规范。
14 2 1 2 2 0.418
三色教育集团在其官方微信发表严正声明称：该涉案幼儿园与三色教育集团无任何法律及事实关系，三色教育集团旗下的“三色幼儿园”与“红黄蓝幼儿园”是完全无关的两个公司的下属幼儿园，从未有过任何的关系。
14 1 1 1 2 0.264
新浪财经讯11月30日消息，近日，红黄蓝幼儿园因虐童案成为舆论的焦点，三色幼儿园却因此无辜躺枪。
16 2 2 1 2 0.461
经查，朝阳区教委主任肖汶、副主任付琳，存在对民办教育机构监管缺失的问题；朝阳区教委社会力量办学管理科科长韩斌，工作中存在失察失责、履职不到位的问题。
16 3 2 2 2 0.194
针对以上情况，朝阳区纪委、区监委决定对上述责任人员予以立案调查。
16 4 3 1 1 0.406
目前，全市正在开展幼儿园安全隐患排查、规范幼儿园办园行为检查、师德师风教育，市、区纪委监委将继续加强监察工作，对存在的问题，发现一起查处一起。
18 8 3 3 3 0.435
部分幼儿园的监控与所在区教委、公安分局联网。
18 7 3 2 3 0.268
各区幼儿园被要求增设摄像头,加大密度,实现监控全覆盖、无死角。
18 10 4 2 2 0.426
下一步,该院将运用真实案例资料制作专门课件,针对幼儿园教师、保育员、后勤人员等加强法治宣传和警示教育。
18 9 4 1 2 0.359
“‘监控’也不是万能的,必须对幼教从业人员从内心加强法治警示教育。”河南省郑州市管城区检察院未检科科长、检察官孙永记表示,北京“红黄蓝”虐童事件发生后,该院着手调研发现,以往针对幼教领域的普法宣传,基本都是教育幼儿防范性侵害的。
18 22 13 1 2 0.46
“希望国家尽快出台‘学前教育法’,规范幼儿教育领域从业人员资质,加强国家资金扶持,加大监管力度,对幼教机构、幼教从业人员、幼儿家长等加强普法宣传教育。”已连续四年领衔提出希望国家尽快出台“学前教育法”议案的王家娟代表认为,对最小孩子的教育,理应配置最高素质的老师、保育员等从业人员。
18 23 13 2 2 0.219
我国随着生育政策的调整,幼儿数量激增,而规范化幼儿园、高素质幼教人员的数量却没能水涨船高,这是幼教领域频繁发生恶性事件的根本原因之一。
19 14 7 5 5 0.401
区教育部门对幼儿园进行暂时闭园处理，对有转园需求的幼儿安置到运河区两所公办幼儿园。
19 13 7 4 5 0.133
目前，公安机关正在进一步工作中。
20 16 9 1 5 0.568
据悉，目前红黄蓝教育机构一直采取连锁加盟模式。
20 17 9 2 5 0.145
这种模式是否和接连发生的虐童事件，存在一定的关联，还有待进一步探讨、研究。
20 25 11 2 3 0.461
经查，朝阳区教委主任肖汶、副主任付琳，存在对民办教育机构监管缺失的问题；朝阳区教委社会力量办学管理科科长韩斌，工作中存在失察失责、履职不到位的问题。
20 24 11 1 3 0.334
29日晚，朝阳区红黄蓝新天地幼儿园事件调查情况公布。
20 26 11 3 3 0.194
针对以上情况，朝阳区纪委、区监委决定对上述责任人员予以立案调查。
21 4 1 4 7 0.401
区教育部门对幼儿园进行暂时闭园处理，对有转园需求的幼儿安置到运河区两所公办幼儿园。
21 3 1 3 7 0.133
目前，公安机关正在进一步工作中。
21 5 1 5 7 0.169
孩子是家庭的未来，也是国家和民族的未来，我区将本着高度负责的精神，认真开展工作。
21 6 1 6 7 0.439
目前，运河区正在全面开展幼儿园安全隐患大排查工作，要求各园所进一步做好教育教学、安全管理和师德师风建设。
21 7 1 7 7 0.093
调查处理情况将及时向社会公布。
23 2 2 1 1 0.428
朝阳区红黄蓝新天地幼儿园事件发生后，北京市纪委、市监委会同朝阳区纪委、区监委第一时间成立调查组，启动相关调查工作。
23 3 3 1 2 0.461
经查，朝阳区教委主任肖汶、副主任付琳，存在对民办教育机构监管缺失的问题；朝阳区教委社会力量办学管理科科长韩斌，工作中存在失察失责、履职不到位的问题。
23 4 3 2 2 0.194
针对以上情况，朝阳区纪委、区监委决定对上述责任人员予以立案调查。
23 5 4 1 1 0.406
目前，全市正在开展幼儿园安全隐患排查、规范幼儿园办园行为检查、师德师风教育，市、区纪委监委将继续加强监察工作，对存在的问题，发现一起查处一起。
24 20 14 1 1 0.406
公开资料显示，高瓴资本成立于2005年，其受托管理的资金主要来自于全球性机构投资人，包括全球顶尖大学的捐赠基金、主权财富基金、养老基金及家族基金等。
30 1 1 1 1 0.414
11月29日一早，红黄蓝教育机构通过其官方微博@红黄蓝教育机构发布道歉信，称“倍感难过和耻辱，深深道歉”，并承诺对任何伤害孩子的行为零容忍。
31 9 7 1 1 0.407
积极配合政府、家长与社会各界，全力保护孩子和教职工的人身安全与合法权益不受侵害
39 20 10 1 3 0.417
北京市教委日前向16区教委下发《关于进一步加强各类幼儿园管理的通知》。
39 21 10 2 3 0.112
明确要求各区立即协商安排，为区域内每所幼儿园配备一位责任督学。
39 25 11 3 3 0.462
各区政府教育督导室要与教工委、教委等部门加强统筹，对于公办幼儿园和注册民办园，要实现挂牌督导全覆盖。
39 24 11 2 3 0.277
要制定各区幼儿园责任督学挂牌督导工作方案，落实相关工作责任。
39 26 12 1 2 0.447
西城区政府教育督导室副主任师帅告诉记者，开展学前教育责任督学挂牌督导，目的之一是建立一个幼儿园、家长、督学三方信息反馈渠道。
39 27 12 2 2 0.213
督学在推动幼儿园制定和实施工作计划时，要开展家长教育，形成话语平台，达成教育共识，这样才能实现有效沟通，从而避免和减少因沟通不畅引发的矛盾纠纷。
39 36 18 2 4 0.431
朝阳区政府立即责成朝阳公安分局、朝阳区教委等部门成立专项工作组开展调查。
39 35 18 1 4 0.243
昨日，朝阳区政府新闻发言人表示，11月27日，该区环宇幼儿园有家长向朝阳公安机关报警，反映怀疑其孩子在幼儿园遭老师针扎。
39 37 18 3 4 0.346
经警方专案组现场勘查、调查询问、调取监控录像，并由司法鉴定机构和家长认可的专业医疗机构组成专家组鉴定，排除幼儿在园内遭针扎。
39 41 21 1 1 0.401
按照教育部、市教委加强幼儿园管理相关工作部署，朝阳区将继续加大全区范围内幼儿园安全隐患的排查力度，对于涉嫌侵害未成年人的违法犯罪行为，将以零容忍的态度，发现一起，依法严肃查处一起，切实保护未成年人合法权益、保障每个孩子健康快乐成长。
41 1 1 1 1 0.429
经济观察网记者盖虹达11月27日，一位来自中国北京的红黄蓝教育（NYSE：RYB）美国证券投资者正式书面委托北京郝俊波律师事务所及其美国律师团队，拟就红黄蓝教育在美上市公司涉嫌证券欺诈令投资者受损一案提起集体诉讼。
42 1 1 1 3 0.498
“红黄蓝事件”正在催生北京幼教管理的全面升级。
42 2 1 2 3 0.413
北京市教委下发《关于进一步加强各类幼儿园管理的通知》，要求各区责成举办者依法履行办园责任，进一步明确园长的管理责任；各区要严格师资管理，加强幼儿教师准入资质审查、师德师风建设。
42 3 1 3 3 0.41
对此，专家们指出，要加强依法办园、切实保护儿童权益。
42 5 3 1 1 0.405
“加强依法办园既是幼儿园的底线要求，也是当前的现实需要。”北京教育学院副院长汤丰林表示，依法办园要求幼儿园必须遵守中国法律法规和政策的要求，全面贯彻《幼儿园工作流程》和《幼儿园工作规程》，按照法制原则，在正常合理范围内进行幼儿园事物的管理、开展常规工作，依法维护教职员工和受教育幼儿的合法权益。
42 8 5 1 3 0.452
储朝晖表示，由于目前学前教育办园主体来源比较多元化，不仅有政府办学，还有部门办园、民办园，这要求依法履行办学责任的不仅是政府举办的公办园，同时包括部门办园和民办幼儿园。
42 9 5 2 3 0.373
举办者履行办学责任，需要进一步明确园长的管理责任，包括全面管理幼儿园、履行相应法律法规和政策、制定相应工作计划和管理制度、招聘和管理教师等。
42 11 6 1 1 0.417
北京学前教育研究会近日发出倡议，保护幼儿生命安全，尊重幼儿人格尊严，维护幼儿合法权益是法律赋予幼教从业者的职业操守和道德标准，“所有幼教从业者都要坚持践行操守和标准，依法执教，依法办园，保障幼儿身心健康。”
42 12 7 1 2 0.518
如何进一步加强依法办园、切实保护儿童权益，北京青少年法律援助与研究中心研究员张雪梅给了六点建议：积极落实《依法治教实施纲要》，以多种形式加大对学校、幼儿园教职人员全员法治培训的力度，提升教师依法教育及管理的能力；学校幼儿园设立儿童权益保护机构或指定专人负责儿童保护和安全工作，和家长加强有效沟通；研究制定教育工作者保护儿童的能力素养与行为准则，引导教职员工行为规范，提升服务标准。
42 13 7 2 2 0.428
另外，建立儿童保护事件的跨部门多专业介入工作机制，组织公检法、教育、卫生、医疗、团委等相关部门和社工、法律援助律师、心理咨询人员等专业人员组成个案协调小组，为儿童和家长提供多方面服务，同时引导家长理性表达、依法维权；建立校园纠纷第三方专业调处机制，及时妥善、客观公正在家长和学校幼儿园之间进行沟通调处，化解矛盾。
42 15 9 1 1 0.41
针对备受关注的幼儿园师资问题，北京市教委表示，各区要严格师资管理，加强幼儿教师准入资质审查、师德师风建设。
42 19 11 1 1 0.433
汤丰林建议，一方面建议师范院校加强学前教育专业师资的招生培养、教师培训工作；另一方面，地方教育部门和幼儿园本身要加强对师资的培训，多管齐下，从而全面提升学前教育师资的水平。
42 20 12 1 1 0.455
北京不仅要加强幼儿教师准入资质审查，还要求加强师德师风建设，逐步提升幼儿园师资整体水平，加大各类幼儿园的全员培训力度，提升各级各类幼儿园师资队伍专业化水平。
42 22 14 1 1 0.444
北京教科院早期教育研究所所长、北京教育学会学前教育研究会秘书长苏靖建议，重视幼师职前、职后的培训，严格民办园的准入制，对园长、教师都要有更高的要求和监督举措。
45 13 8 2 4 0.404
事实上，今年4月，教育部印发的《幼儿园办园行为督导评估办法》就明确，各级教育督导机构要将幼儿园办园行为督导评估报告向社会发布，接受社会监督。
45 12 8 1 4 0.146
而为了提升责任督学的社会公信力，其督导结果反馈向社会公开也很有必要。
45 14 8 3 4 0.135
责任督学既然是督导评估的加码和升级，那对督导结果也理应做到更刚性的公开，更多体现接受社会监督的诚意。
46 13 9 1 1 0.438
同时，已责成朝阳区教委组织相关部门迅速成立专项督导组进驻幼儿园，督促园方全面排查幼儿园安全隐患，查处教育教学管理和师德师风建设情况，严明整改要求，落实整改责任，确保在园幼儿的绝对安全。
46 14 10 1 1 0.566
红黄蓝是早期教育机构，成立于1998年，在全国拥有多个亲子园、幼儿园直营园、加盟园，此次涉事的北京市朝阳区新天地分园隶属于红黄蓝旗下。
50 1 1 1 1 0.403
记者昨日从北京市教委获悉，在开展全市幼儿园安全隐患大排查工作的同时，市教委对进一步加强各级各类幼儿园管理做出工作部署，要求各区建立各级各类幼儿园办园行为动态监管档案数据库，为区域内每所幼儿园配备一位责任督学，开展挂牌督导促进规范办园。
50 2 2 1 1 0.469
近日，按照市委市政府的要求，市教委组织开展全市幼儿园安全隐患大排查工作，并就进一步加强各级各类幼儿园管理做出工作部署，保障在园儿童安全、健康成长。
50 3 3 1 1 0.443
市教委要求，各区要对区域内各级各类幼儿园开展安全大排查工作，对各级各类幼儿园在办园条件、安全卫生、保育教育、教职工队伍和内部管理等方面的办园行为进行全面检查，建立各级各类幼儿园办园行为动态监管档案数据库，形成制度体系。
50 7 5 2 2 0.403
责任督学要对其负责的幼儿园尽快开展挂牌督导，负责做好对幼儿园监管、促进幼儿园规范办园行为等工作。
50 6 5 1 2 0.108
各区要立即协商安排，为区域内每所幼儿园配备一位责任督学。
50 12 8 2 2 0.472
加大对各级各类幼儿园的全员培训力度，采取分层、分类和重点项目结合的方式，做好举办者、管理者及教师的在职继续教育培训，加强举办者与管理者依法办园的意识与能力，提升各级各类幼儿园师资队伍专业化水平。
50 11 8 1 2 0.395
各区要严格师资管理，加强幼儿教师准入资质审查、师德师风建设。
50 14 10 1 1 0.451
目前，各区按照市教委要求，正在迅速开展幼儿园安全隐患排查和治理，切实加强幼儿园监管工作，促进幼儿园规范办园行为，为孩子健康快乐成长营造良好环境。
52 4 2 2 4 0.43
同时，该幼儿园园长被朝阳区政府责成红黄蓝幼儿园举办者按照程序免职。
52 3 2 1 4 0.294
此外，利用网络编造、传播虚假信息，编造“老虎团”人员集体猥亵幼儿虚假信息的刘某也被警方行政拘留。
52 5 2 3 4 0.279
针对警方通报，红黄蓝幼儿园发表声明称将对全国1800多家园所进行排查。
52 7 3 1 4 0.402
11月25日傍晚，北京警方通报红黄蓝新天地幼儿园的调查情况称，11月22日，有朝阳区红黄蓝新天地幼儿园幼儿家长报警称，怀疑其孩子在幼儿园内受到教师侵害。
52 8 3 2 4 0.171
接警后，朝阳警方高度重视，立即成立专案组，在有关部门配合下，依法展开调查取证工作。
52 16 5 2 3 0.422
编造此谣言的金某、戴某某已被警方依法查处、教育训诫。
52 15 5 1 3 0.163
警方还称，此前网上传播的红黄蓝幼儿园第一大股东系某领导人儿子的消息，被证实纯属谣言。
52 17 5 3 3 -0.029
两人对自己造谣传谣行为均表示深刻忏悔，并亲笔写下悔过书。
52 30 11 1 2 0.428
稍晚，针对警方通报，红黄蓝教育机构发布了关于新天地幼儿园的声明。
52 31 11 2 2 0.427
这份声明中表示，开除涉事教师刘某某；立刻组织优秀教育管理团队进驻新天地幼儿园，确保幼儿园的正常运行；对全国园所进行全面排查，并筹建第三方监督机制，恳请媒体、社会各界及家长对其进行监督、提出建议。
54 1 1 1 1 0.445
据北京市教委消息，近来，按照市委市政府的要求，市教委组织开展全市幼儿园安全隐患大排查工作，并就进一步加强各级各类幼儿园管理做出工作部署，保障在园儿童安全、健康成长。
54 2 2 1 1 0.443
市教委要求，各区要对区域内各级各类幼儿园开展安全大排查工作，对各级各类幼儿园在办园条件、安全卫生、保育教育、教职工队伍和内部管理等方面的办园行为进行全面检查，建立各级各类幼儿园办园行为动态监管档案数据库，形成制度体系。
54 6 4 2 3 0.403
责任督学要对其负责的幼儿园尽快开展挂牌督导，负责做好对幼儿园监管、促进幼儿园规范办园行为等工作。
54 5 4 1 3 0.108
各区要立即协商安排，为区域内每所幼儿园配备一位责任督学。
54 7 4 3 3 0.323
各区还要指导各级各类幼儿园按照相关规定建立健全家园沟通机制，引导家长和社区有序参与园所建设与管理，并指导区域内各幼儿园尽快建立起园所突发事件应急处理机制。
54 11 5 4 4 0.472
加大对各级各类幼儿园的全员培训力度，采取分层、分类和重点项目结合的方式，做好举办者、管理者及教师的在职继续教育培训，加强举办者与管理者依法办园的意识与能力，提升各级各类幼儿园师资队伍专业化水平。
54 10 5 3 4 0.395
各区要严格师资管理，加强幼儿教师准入资质审查、师德师风建设。
54 13 7 1 1 0.451
目前，各区按照市教委要求，正在迅速开展幼儿园安全隐患排查和治理，切实加强幼儿园监管工作，促进幼儿园规范办园行为，为孩子健康快乐成长营造良好环境。
56 1 1 1 2 0.49
继上海携程亲子园的虐童案发后，近日北京管庄红黄蓝幼儿园（新天地分园）国际小二班也爆出有幼儿可能遭受虐待等问题，北京警方以及相关监管部门已经介入。
56 2 1 2 2 0.248
国务院也印发了紧急通知，部署全国范围内幼儿园的专项督导检查。
56 15 6 1 3 0.439
中国在制定的《国家中长期教育改革与发展规划纲要（2010-2020）》中指出，“严格执行幼儿教师资格标准，切实加强幼儿教师培养培训”。
56 16 6 2 3 0.203
2012年，根据《中华人民共和国教师法》，国家又制定了《幼儿园教师专业标准（试行）》，对幼儿园教师做了相应要求。
56 26 10 1 3 0.484
我们认为，我国在儿童保护与儿童教育领域需要系统性的提高。
56 27 10 2 3 0.304
首先，在儿童保护方面的无力决定了儿童教育缺乏认真和有效的监管，每一次虐待儿童事件发生后，相关老师以及相关机构得不到严厉惩罚，就难以杜绝更多悲剧发生。
56 30 11 2 4 0.436
通过降低审批门槛鼓励更多社会资本介入幼儿教育行业的同时，加强监管，严格教师资格审查。
56 29 11 1 4 0.361
因此，中国需要完善儿童保护的立法，以可执行性与威慑性来改变儿童保护缺失的文化传统，逐步形成社会规范。
56 31 11 3 4 0.403
必须提高幼儿教师的社会地位与收入水平，给予合理的社会身份。
56 32 11 4 4 0.453
最终形成国家、机构与个人的良好互动与完善的体系，提高整个社会的儿童保护与儿童教育水平。
58 6 4 1 2 0.552
幼教产业的上游是以生产面向幼教行业各类材料以及师资培训；中游就是提供幼教服务的场所设施，包括幼儿园、培训机构、托育机构和早教中心。
58 7 4 2 2 0.325
中游还可以分为两个方面，一个是0~6岁的亲子园类中心，主要是辅导家长对孩子进行早期教育，一个是面向2~6岁儿童的学前教育，这一阶段一般是家长与孩子分离，孩子跟随幼师在幼儿园学习。
58 13 9 1 1 0.539
最新的格局是：教育部门办幼儿园、集体办、民办幼儿园分别占24%、6.1%和66.4%。
58 52 31 1 2 0.419
以红黄蓝为例，直营幼儿园每年新增10-15家，而加盟幼儿园每年新增40-50家。
58 53 31 2 2 0.329
现在，红黄蓝管理的幼教场所超过1000家，在三年里翻了一番，以加盟为主的幼儿园扩张成为不可逆的趋势。
59 2 1 2 3 0.42
昨天晚上，随着警方依法对涉事幼师刘某某刑事拘留、对编造“老虎团”谣言的刘某行政拘留，红黄蓝教育机构开除涉事教师、免去新天地幼儿园园长职务，这一事件暂时告一段落。
59 1 1 1 3 0.332
这几天，北京红黄蓝幼儿园新天地园区虐童事件成了网络热点。
59 3 1 3 3 -0.08
但后续的法律问题、民事问题、善后问题等还会持续，人们对案件具体细节的追问还不会突然停止，由此引发的网络讨论一时还不会平息。
60 1 1 1 3 0.416
经济观察网记者李思红黄蓝教育（RYB.N）下属的红黄蓝幼儿园（新天地分园）被曝出多名幼儿身上有针眼，被喂食白色药片。
60 2 1 2 3 0.142
事件迅速发酵，红黄蓝股价大跌，股价一度接近腰斩。
60 13 6 2 2 0.408
红黄蓝的战略始终围绕着孩子，为孩子提供高质量的服务。
60 12 6 1 2 -0.043
魏萍还回应到，红黄蓝的战略不会因此次骚乱（注：魏萍原话用词“turmoil”）而改变。
60 27 13 1 3 0.447
红黄蓝动员所有的老师，努力将此次事件对红黄蓝幼儿园（新天地分园）现有学生和家长造成的影响降至最低。
60 28 13 2 3 0.096
我们非常重视对我们的指控，我们联系了关心事件的家长和他们的家人，为他们提供尽可能多的信息。
62 4 1 4 4 0.474
朝阳区教育委员会工作人员11月23日也已成立工作组进驻幼儿园调查。
62 3 1 3 4 0.193
目前，北京朝阳警方已介入事件调查。
62 5 2 1 3 0.441
但令人不解的是，涉嫌虐童的幼儿园母公司红黄蓝教育机构（以下简称“红黄蓝”）不仅资质齐全，还在今年9月于美国纽约证券交易所挂牌的上市公司（NYSE：RYB）。
62 6 2 2 3 0.159
且受此事件影响，11月24日，红黄蓝美股一开盘即暴跌40%。
62 22 11 1 3 0.448
那么，此次事件中的北京朝阳区红黄蓝新天地幼儿园无疑是红黄蓝的直营幼儿园。
62 23 11 2 3 0.119
根据资料显示，其法人代表为陈永春，注册资本150万元，成立日期2011年4月11日。
62 29 13 1 2 0.478
自2017年开始，美国资本市场迎来了K12培训机构的上市热潮，安博教育、博实乐教育集团、红黄蓝等培训机构在美国纷纷成功上市，在这背后是美国资本市场对于中国培训机构的看好，包括红黄蓝在内的培训机构在上市之前都得了美元的融资。
62 30 13 2 2 0.1
资料显示，红黄蓝于2008年宣布完成Hagerty公司1000万美元A轮融资；2011年11月宣布完成由纪源资本领投、银瑞达亚洲和和通集团跟投的2000万美元B轮融资。
62 32 14 2 3 0.504
既有红黄蓝自身经营利润下滑、市场份额损失、高管出走创业、资本支出增加等问题，也提到一些机构在经营上存在超范围经营的情况，包括有4家经营实体未在经营范围中列出教育培训、儿童培训等，却实际上提供这些服务。
62 31 14 1 3 0.201
红黄蓝向美国证券交易委员会提交IPO申请文件中，其招股书上多达35页的风险提示一度引发外界广泛关注。
62 33 14 3 3 0.205
另外，还有6家经营实体在未注册地点经营。
62 36 16 1 1 0.408
近年来，幼儿园曝出虐童事件的新闻屡见不鲜，仅在2017年11月，就有多地被曝光在幼儿园发生老师虐童事件，上海携程亲子园被曝教师喂孩子吃芥末；广西合浦县廉州镇小红帽幼儿园和玉林市玉州区旺卢村小天鹅腾飞幼儿园虐打儿童；北京金色摇篮幼儿园体罚儿童等。
63 8 3 3 3 0.475
北京市教委要求各区切实做好幼儿园监管工作，促进幼儿园规范办园行为，做好教育教学、安全管理和师德师风建设工作。
63 7 3 2 3 0.228
北京市教委有关负责人表示，坚决支持依法依规惩处，要求相关区、园配合司法机关对相关人员作出严肃处理并立即进行整改。
64 9 5 2 2 0.441
已责成朝阳区教委组织相关部门迅速成立专项督导组进驻幼儿园，督促园方全面排查幼儿园安全隐患，查处教育教学管理和师德师风建设情况，严明整改要求，落实整改责任，确保在园幼儿的绝对安全。
64 8 5 1 2 0.309
同时，朝阳区要求园方真诚与家长沟通，全力配合家长关爱好幼儿的身心健康。
64 11 7 1 1 0.413
记者25日从北京市教委获悉，根据公安机关通报的红黄蓝新天地幼儿园案件侦办情况，北京市教委强烈谴责涉案人员严重违反师德的行为，将切实做好幼儿家长安抚、在园幼儿的心理疏导。
64 13 8 2 3 0.475
北京市教委要求各区切实做好幼儿园监管工作，促进幼儿园规范办园行为，做好教育教学、安全管理和师德师风建设工作。
64 12 8 1 3 0.228
北京市教委有关负责人表示，坚决支持依法依规惩处，要求相关区、园配合司法机关对相关人员作出严肃处理并立即进行整改。
64 14 8 3 3 0.386
同时，指导各区教育部门切实做好幼儿家长安抚、在园幼儿的心理疏导，发现问题迅速妥善解决。
65 12 6 2 2 0.414
市教委在做好全市幼儿园安全隐患排查清理工作的基础上，做出进一步工作部署，要求各区切实做好幼儿园监管工作，促进幼儿园规范办园行为，做好教育教学、安全管理和师德师风建设工作，指导各区教育部门加大工作力度，切实做好幼儿家长安抚、在园幼儿的心理疏导，发现问题迅速妥善解决。
65 11 6 1 2 0.281
根据公安机关通报的红黄蓝新天地幼儿园案件侦办情况，昨日市教委再次回应称，强烈谴责涉案人员严重违反师德的行为，坚决支持依法依规惩处，要求相关区、园配合司法机关对相关人员作出严肃处理并立即进行整改。
65 15 8 2 3 0.441
已责成朝阳区教委组织相关部门迅速成立专项督导组进驻幼儿园，督促园方全面排查幼儿园安全隐患，查处教育教学管理和师德师风建设情况，严明整改要求，落实整改责任，确保在园幼儿的绝对安全。
65 14 8 1 3 0.274
同时，要求园方真诚与家长沟通，全力配合家长关爱好幼儿的身心健康。
65 16 8 3 3 0.287
对任何伤害幼儿的行为，以零容忍的态度，发现一起、查处一起，坚决维护未成年人合法权益，切实保障每个孩子健康快乐成长。
65 17 9 1 2 0.404
昨日晚间，红黄蓝教育机构回应称，开除涉事老师刘某某，免去新天地幼儿园园长职务。
65 18 9 2 2 0.088
并表示，必须承担责任、深刻反思，彻底调查整改。
65 37 21 1 2 0.432
另一方面，应加大教师培训和培养，强化师德师风教育，建立师德师风监督长效机制。
65 38 21 2 2 0.212
要增加家长与园方的沟通，发挥家长委员会作用，参与到幼儿园的日常管理，让家长有更多的知情权，可随时与园方沟通。
65 42 23 1 1 0.529
张雪梅建议，幼儿园设立儿童权益保护机构或指定专人负责儿童保护和安全工作，建立儿童保护跨部门工作机制，组织公检法、教育、卫生、医疗、团委等相关部门和社工、法律援助律师、心理咨询人员等专业人员成立个案协调小组，为儿童和家长提供多方面服务，同时引导家长理性表达、依法维权。
66 8 4 2 2 0.504
已责成朝阳区教委组织相关部门迅速成立专项督导组进驻幼儿园，查处教育教学管理和师德师风建设情况。
66 7 4 1 2 0.309
同时，朝阳区要求园方真诚与家长沟通，全力配合家长关爱好幼儿的身心健康。
66 9 5 1 1 0.413
记者25日从北京市教委获悉，根据公安机关通报的红黄蓝新天地幼儿园案件侦办情况，北京市教委强烈谴责涉案人员严重违反师德的行为，将切实做好幼儿家长安抚、在园幼儿的心理疏导。
67 12 6 1 2 0.504
园方回应免除园长职务全国园所排查11月25日下午，法制晚报·看法新闻记者来到了位于北京丰台的红黄蓝儿童教育科技发展有限公司，该公司位于通润商务会馆4层。
67 13 6 2 2 -0.265
记者刚从4层电梯口出来，便被门口的保安阻拦，询问记者的来意后，保安向记者表示，自己是今天刚被调来的，对具体情况并不了解。
67 22 10 3 5 0.406
相关新闻北京一幼儿园装智能摄像机家长用手机随时查看北京朝阳区红黄蓝新天地幼儿园出现幼儿疑似受老师侵害事件。
67 21 10 2 5 0.265
法制晚报·看法新闻记者在其官网中查询发现，红黄蓝幼儿园在北京共有28家，在全国境内山东省内的园所最多，达到45家。
67 23 10 4 5 0.285
幼儿教育不能实时监控的情况下，如何确保幼儿身心安全再次引发热议。
68 7 5 1 1 0.411
四、为保证整个幼儿园的稳定，立刻组织优秀教育管理团队进驻新天地幼儿园，确保幼儿园的正常运行，确保整个园所教师队伍的稳定。
69 3 1 3 3 0.465
北京市教委强烈谴责涉案人员严重违反师德的行为，红黄蓝教育机构宣布立刻免去新天地幼儿园园长职务。
69 2 1 2 3 0.353
北京警方25日下午通报，涉事幼儿园教师刘某某（女，22岁，河北人）因涉嫌虐待被看护人罪被依法刑事拘留，编造“老虎团”人员集体猥亵幼儿虚假信息的刘某（女，31岁，北京人）被依法行政拘留。
69 10 4 1 3 0.407
33岁的戴某某系广东深圳人，对红黄蓝幼儿园虐童事件比较关注，在网上查询到该幼儿园的投资人中有人名叫孟亮，就主观臆测幼儿园与某领导人有关。
69 11 4 2 3 -0.065
为在家人面前显摆自己消息灵通，他杜撰孟亮系该领导人亲属的谣言发布在家人和朋友微信群中，后被广泛转发扩散。
69 14 6 1 2 0.439
记者多方调查获知，红黄蓝幼儿园大股东孟亮系上海人，出生于1972年，美国耶鲁大学MBA毕业后，先后在瑞士信贷、摩根大通证券和德劭集团任职，2011年创立上达资本，担任管理合伙人至今。
69 15 6 2 2 0.327
其父孟庆胜生于1943年，现居上海徐汇区，常年在上海经商，作为股东曾开设过上海汤胜工贸有限公司、上海汤盛房地产发展有限公司、上海合众机电设备成套有限公司等。
70 6 3 1 1 0.436
根据公安机关通报的红黄蓝新天地幼儿园案件侦办情况，北京市教委今天发文：①强烈谴责涉案人员严重违反师德的行为，坚决支持依法依规惩处，要求相关区、园配合司法机关对相关人员作出严肃处理并立即进行整改；②在做好全市幼儿园安全隐患排查清理工作的基础上，要求各区切实做好幼儿园监管工作，促进幼儿园规范办园行为，做好教育教学、安全管理和师德师风建设工作，指导各区教育部门加大工作力度，切实做好幼儿家长安抚、在园幼儿的心理疏导，发现问题迅速妥善解决；③希望全市的教育机构引以为戒，加强师德师风建设，加强内部管理，努力让每个孩子健康、快乐成长。
70 10 5 3 3 0.441
已责成朝阳区教委组织相关部门迅速成立专项督导组进驻幼儿园，督促园方全面排查幼儿园安全隐患，查处教育教学管理和师德师风建设情况，严明整改要求，落实整改责任，确保在园幼儿的绝对安全。
70 9 5 2 3 0.274
同时，要求园方真诚与家长沟通，全力配合家长关爱好幼儿的身心健康。
74 9 5 3 3 0.462
各地教育行政部门要高度重视学前教育工作，加强对幼儿园的管理和师德师风建设。
74 8 5 2 3 0.221
这反映出一些地方和幼儿园仍存在管理不善、制度不落实、执行不到位现象。
74 12 7 1 2 0.432
通知强调，各地教育行政部门和幼儿园要进一步加强幼儿园风险管控，强化准入管理，强化技术手段监管，形成常态化监管工作机制。
74 13 7 2 2 0.241
建立和完善幼儿园突发事件应急处理问责机制，明确相关责任，对因管理不到位造成重大事故或造成恶劣社会影响的，要依法追究有关责任人责任。
74 26 14 1 1 0.414
目前，北京已在各区全面开展幼儿园安全隐患大排查工作，同时要求各园所进一步做好教育教学、安全管理和师德师风建设，并将进一步落实学前教育三期计划。
75 3 2 1 1 0.552
红黄蓝赴美上市，依然采用的是中概股常用的VIE或称协议控制模式，在美上市主体是在开曼群岛注册的红黄蓝教育公司，该公司通过相关协议完全控制着在国内经营的主体：北京红黄蓝儿童教育科技发展有限公司。
76 4 2 3 3 0.453
已责成朝阳区教委组织相关部门迅速成立专项督查组进驻幼儿园，督促园方全面排查幼儿园安全隐患，查处教育教学管理和师德师风建设情况，严明整改要求，落实整改责任，确保在园幼儿的绝对安全。
76 3 2 2 3 0.274
同时，要求园方真诚与家长沟通，全力配合家长关爱好幼儿的身心健康。
77 1 1 1 3 0.428
【北京警方通报红黄蓝幼儿园事件：涉事幼儿园教师被刑拘】2017年11月22日，有朝阳区红黄蓝新天地幼儿园幼儿家长报警称，怀疑其孩子在幼儿园内受到教师侵害。
77 2 1 2 3 0.282
11月25日，涉事幼儿园教师刘某某（女，22岁，河北省人）因涉嫌虐待被看护人罪已被依法刑事拘留。
79 2 2 1 1 0.414
市教委在做好全市幼儿园安全隐患排查清理工作的基础上，做出进一步工作部署，要求各区切实做好幼儿园监管工作，促进幼儿园规范办园行为，做好教育教学、安全管理和师德师风建设工作，指导各区教育部门加大工作力度，切实做好幼儿家长安抚、在园幼儿的心理疏导，发现问题迅速妥善解决。
79 3 3 1 1 0.449
市教委表示，希望全市的教育机构引以为戒，加强师德师风建设，加强内部管理，努力让每个孩子健康、快乐成长。
82 1 1 1 3 0.422
2017年11月22日，有朝阳区红黄蓝新天地幼儿园幼儿家长报警称，怀疑其孩子在幼儿园内受到教师侵害。
82 2 1 2 3 0.283
接警后，朝阳警方高度重视，立即成立专案组，在有关部门配合下，依法展开调查取证工作，11月25日，涉事幼儿园教师刘某某（女，22岁，河北省人）因涉嫌虐待被看护人罪已被依法刑事拘留。
83 40 37 1 1 0.408
根据上达资本（AscendentCapitalPartners）官网介绍，上达资本是一家专注于中国市场的私募股权投资管理公司，旗下管理的资产主要来自全球知名的机构投资者，包括主权财富基金，大学捐赠基金，退休基金，基金会等。
83 41 38 1 1 0.464
上达资本的投资项目，除了红黄蓝，还有大众点评、双汇母公司万洲国际等。
83 43 40 1 2 0.423
现年45岁的孟亮履历光鲜，毕业于耶鲁大学管理学院，拥有工商管理硕士学位。
83 44 40 2 2 0.261
在2011年创立上达资本之前，孟亮为对冲基金之一德劭集团（D．E．Shaw）的全球董事总经理，此外，他还曾任摩根大通（亚太）董事总经理，投资银行中国区联席主管，并担任摩根大通的亚太区并购委员会和中国业务发展委员会成员。
83 50 44 2 2 0.467
红黄蓝教育VIE架构中在国内成立的北京红黄蓝科技发展有限公司，徐小平曾担任其董事，不过在2015年10月就退出了董事名单。
83 49 44 1 2 0.092
据浙江在线2011年报道，徐小平在一场论坛上表示，学前教育领域的“红黄蓝”就是外语培训领域的“新东方”。
83 66 52 2 2 0.565
根据官网披露的信息，此后2000年，红黄蓝取得教育部门颁发的0至6岁亲子教育办学许可证，2003年，首家红黄蓝幼儿园在北京成立。
83 65 52 1 2 0.189
1998年，曹赤民在游乐场开辟出两间教室做亲子园，这也成了红黄蓝的起步期。
87 17 11 1 2 0.451
今年4月，有媒体称红黄蓝幼儿园大红门分园幼儿教师推搡、踢打孩子事件。
87 18 11 2 2 0.077
园方称涉事的两名教师和园长均已停职接受检查，并到派出所接受调查。
87 27 17 1 1 0.479
今年9月27日，红黄蓝教育机构在美国纽约证券交易所挂牌上市，成为中国首家独立上市的学前教育企业。
87 28 18 1 1 0.402
10月10日，红黄蓝教育创始人、董事长曹赤民及创始人、总裁史燕来在向全体员工的内部信中称，作为上市公司，要继续倡导行业自律，为行业健康发展贡献力量；要把孩子的快乐和家长的信任作为第一位的追求。
87 33 22 1 2 0.527
2001年，红黄蓝教育机构开始在全国拓展加盟连锁。
87 34 22 2 2 0.37
截至今年6月底，红黄蓝在中国307个城市布局，直营幼儿园80家，加盟幼儿园175家，亲子园853家。
87 35 23 1 1 0.408
快速扩张、风光上市后，红黄蓝经营方面的一些“硬伤”渐渐显现。
87 47 32 1 1 0.567
截至今年7月，红黄蓝在重庆有9家直营园和3家区县加盟园，其中9家直营园分别为：两江新区红黄蓝中华坊幼儿园、北部新区红黄蓝招商花园城幼儿园、江北红黄蓝招商江湾城幼儿园、江北红黄蓝华润中央公园幼儿园、南岸渝能国际红黄蓝幼儿园、九龙坡阳光小镇红黄蓝幼儿园、巴南区红黄蓝金源御府幼儿园、沙坪坝区大学城红黄蓝第一幼儿园。
88 3 1 3 3 0.505
24日，北京红黄蓝儿童教育科技发展有限公司发表声明，表示已配合警方提供相关监控资料及设备，对违法犯罪行为绝不姑息。
88 2 1 2 3 0.202
11月22日，北京警方已接到家长报案，正根据家长反映情况进行调查取证。
90 2 2 1 2 0.404
宣布回购前，因旗下幼儿园曝出虐童事件，红黄蓝教育在美股市场的股价重挫。
90 3 2 2 2 0.148
截至北京时间17时40分许，红黄蓝教育盘前下跌11.53美元，跌幅达43.17%，报15.11美元，已跌破发行价18.5美元。
90 24 15 2 3 0.558
红黄蓝招股书中显示，红黄蓝有4家经营实体未在经营范围中列出“教育培训”、“儿童培训”等，却实际上提供这些服务。
90 23 15 1 3 0.261
除去此次事件影响，红黄蓝本身的股票投资也存在一定风险。
90 25 15 3 3 0.384
此外，红黄蓝还有6家经营实体在未注册地点经营。
90 26 16 1 1 0.54
东方财富证券发布的研究报告对投资红黄蓝教育提示风险称，红黄蓝教育的招生、提价不及预期，扩张进程受阻，无合适并购标的。
90 27 17 1 3 0.444
红黄蓝招股书称，其净收入包括了学费、加盟费（franchisefees）、教育产品的销售收入、特许权使用费在内的收入。
90 28 17 2 3 0.307
对于直营的幼儿园，红黄蓝的学费收入在2014年-2016年分别为4360万美元、5700万美元、7320万美元。
90 52 27 2 3 0.484
红黄蓝称，公司通过完备、持续的培训体系让投资人（园长）深入了解公司企业文化，掌握园所选址装修、证照办理、教学、人事、财务、营销策划等必知必会的管理内容。
90 51 27 1 3 0.069
新京报记者登录红黄蓝官网发现，其在官网首页显眼位置就有“加盟红黄蓝”链接，点击进入后，即有各种推介。
90 53 27 3 3 0.44
红黄蓝连锁发展中心总经理胡俊高称，红黄蓝帮助近2000位投资人成功创业。
90 65 34 1 2 0.457
公开资料显示，曹赤民和史燕来在1998年创建中国第一家亲子园——红黄蓝亲子园。
90 66 34 2 2 0.583
红黄蓝称，红黄蓝亲子园填补0-3岁婴幼儿早期教育空白。
90 68 35 2 2 0.537
如何将0-6岁教育衔接起来？红黄蓝教育机构于2003年在北京右安门开办了旗下的第一家幼儿园。
90 67 35 1 2 0.271
曹赤民曾表示，在运营亲子园的过程中，发现0-6岁一体化的教育模式是最有利于孩子成长的。
90 70 37 1 2 0.46
在加入红黄蓝钱，蔺玉华从事幼儿教育40余年，曾担任沈阳军区司令部幼儿园园长。
90 71 37 2 2 -0.033
退休后，在一位朋友的介绍下，与红黄蓝总裁史燕来结识。
90 73 39 1 1 0.476
蔺玉华奠定了右安门幼儿园制度、课程，并培训出了日后红黄蓝公司许多业务骨干。
90 75 40 2 2 0.431
蔺玉华积极应对，创造性的开展学生远程教育，度过了危机。
90 74 40 1 2 0.238
2003年3月红黄蓝第一家幼儿园——北京右安门园正式开园，刚过一个月，SARS疫情爆发，幼儿园面临关闭风险。
90 77 41 2 2 0.474
其先后参与组建的红黄蓝达二十余家幼儿园。
90 76 41 1 2 0.367
此后，红黄蓝又开拓了部队园、高端园、国际园，蔺玉华都是主导者。
90 99 53 2 3 0.428
在上达资本介入、媒体报道以及政府官员视察增多后，红黄蓝的加盟幼儿园快速增长。
90 98 53 1 3 0.147
自2017年后，政府官员对红黄蓝旗下幼儿园视察也开始频繁。
90 100 53 3 3 0.218
公司招股书显示，2014年公司加盟幼儿园仅66家，2015年扩展至111家，同比增长68.18%，2016年增至162家，同比增长达45.95%。
92 1 1 1 2 0.478
关于目前社会关注的北京红黄蓝幼儿园新天地园区涉嫌存在针扎幼儿，给幼儿喂食、注射不明药物，猥亵等虐童行为，目前，幼儿家长已向警方提供了相关证据。
92 2 1 2 2 0.045
那么，事件真相究竟如何？孩子是否受到了虐待甚至性侵？警方调查有何进展？
92 5 3 1 2 0.532
作为北京红黄蓝幼儿园新天地园区业务主管部门的朝阳区教委，也已成立工作组进驻幼儿园协助警方进行调查。
92 6 3 2 2 0.408
并责成该幼儿园迅速做好自查和家长、幼儿的安抚工作。
93 42 19 1 1 0.525
朝花幼儿园是一家公办委托普惠型幼儿园，成立于2013年6月，由北京市朝阳区职业教育教产合作促进中心举办，该中心系朝阳区教委直属事业单位。
93 43 20 1 2 0.43
根据朝花幼儿园的网站介绍，该园为朝阳区学前教育体制改革试点基地，“力求打造机制灵活、管理规范、质量优异、特色鲜明的学前教育集团”。
93 44 20 2 2 0.279
目前，朝花幼儿园已在朝阳区的多个地区开办了十余家普惠型幼儿园，
94 25 10 1 3 0.562
在日本，厚生劳动省儿童虐待调查研究会、大阪儿童虐待调查研究会、全国儿童相谈所等政府部门或机构都在关注“虐童”问题。
94 26 10 2 3 0.213
自1991年开始，东京成立了虐待防止中心，开始对儿童虐待信息情报进行统计。
94 34 12 3 4 0.457
各地的非营利组织还设立儿童访谈热线，与一些儿科医生、心理医生、社会工作者联网，及时倾听虐待儿童的举报。
94 33 12 2 4 0.368
如1998年在日本成立的“儿童虐待思考协会”，就以儿童虐待为题材制成漫画，向志愿者介绍“虐童”工作现状。
94 35 12 4 4 0.337
此外，有关防止儿童虐待工作的讲座、研讨会、报告会、经验交流会、论文发表会、学会等集会也在日本全国各地经常举行。
95 13 9 2 2 0.415
责成该幼儿园迅速做好自查和家长、幼儿的安抚工作。
95 12 9 1 2 0.252
据央视报道，朝阳区政府也已成立工作组，进驻幼儿园，协助相关部门，配合警方做好调查工作。
95 23 15 1 2 0.552
红黄蓝是成立于1998年的早期教育机构，专注于0至6岁范围。
95 24 15 2 2 0.442
涉事的朝阳区新天地分园属该机构旗下品牌“红黄蓝幼儿园”，公司还拥有“亲子园”、“竹兜早教”等相关品牌。
96 2 1 2 2 0.422
同日，红黄蓝教育临时召开电话会议。
96 1 1 1 2 0.336
11月24日，因旗下幼儿园曝出虐童事件，两个月前才在美国上市的学前教育公司红黄蓝教育（股票代码:RYB）美股盘前股价一度暴跌逾40%。
96 13 8 1 2 0.445
11月22日，有幼儿家长反映北京管庄红黄蓝幼儿园（新天地分园）国际小二班的幼儿遭遇老师扎针、喂不明白色药片，并提供孩子身上多个针眼的照片。
96 14 8 2 2 0.41
多名北京红黄蓝幼儿园新天地分园孩子家长已到朝阳区管庄派出所报案。
97 3 2 1 4 0.419
北京红黄蓝幼儿园新天地园区涉嫌虐童的情况引发了网络热议。
97 4 2 2 4 -0.01
其中，关于部队的传言也引人关注。
98 1 1 1 2 0.44
携程幼儿园虐童事件风波未静，昨晚，又爆出北京管庄红黄蓝幼儿园（新天地分园）国际小二班的孩子遭老师扎针、喂不明白色药片。
98 2 1 2 2 0.32
家长还称幼儿园园长和老师涉嫌猥亵。
99 8 6 3 3 0.469
各地教育行政部门要高度重视学前教育工作，加强对幼儿园的管理和师德师风建设，牢固树立育人为本，促进幼儿健康成长的教育目标，把每一所幼儿园办成幼儿快乐成长的乐园，让家长安心，群众满意，社会放心。
99 7 6 2 3 0.124
这些事件的发生，反映出一些地方和幼儿园仍然存在管理不善，制度不落实，执行不到位的现象。
100 1 1 1 3 0.419
北京红黄蓝幼儿园新天地园区涉嫌虐童的情况引发了网络热议。
100 2 1 2 3 -0.01
其中，关于部队的传言也引人关注。
