3
19 11 7 2 5 0.332
通报称，11月27日，有沧州市运河区红黄蓝幼儿园家长报警称，怀疑其孩子在幼儿园内受到侵害。
19 12 7 3 5 0.695
接警后，运河公安分局高度重视，立即成立专案组，依法开展调查取证工作。
19 13 7 4 5 0.663
目前，公安机关正在进一步工作中。
1
19 14 7 5 5 0.215
区教育部门对幼儿园进行暂时闭园处理，对有转园需求的幼儿安置到运河区两所公办幼儿园。
3
20 3 2 2 4 0.087
11月28日，河北沧州的一家红黄蓝幼儿园又被家长曝光拿针扎孩子，孩子身上出现针眼。
20 4 2 3 4 0.633
接到家长报案后，当地警方连夜展开调查。
20 5 2 4 4 0.348
最新消息是，涉事幼儿园已经按教育部门要求暂时闭园处理。
3
21 1 1 1 7 0.306
11月27日，有沧州市运河区红黄蓝幼儿园家长报警称，怀疑其孩子在幼儿园内受到侵害。
21 2 1 2 7 0.695
接警后，运河公安分局高度重视，立即成立专案组，依法开展调查取证工作。
21 3 1 3 7 0.663
目前，公安机关正在进一步工作中。
1
21 4 1 4 7 0.215
区教育部门对幼儿园进行暂时闭园处理，对有转园需求的幼儿安置到运河区两所公办幼儿园。
2
36 10 4 1 2 0.224
针对网传涉事幼儿园“群体猥亵幼童”等内容，经查，系刘某（女，31岁，北京市人）、李某某（女，29岁，河北省人）二人编造传播。
36 11 4 2 2 0.615
刘某因虚构事实扰乱公共秩序已被行政拘留；李某某被公安机关批评教育，11月26日其已在个人微博公开致歉。
2
36 15 7 1 4 0.71
公安机关对此案正在进一步开展工作。
36 16 7 2 4 0.553
对于涉嫌侵害未成年人的违法犯罪行为，公安机关将一查到底，坚决依法严厉打击。
2
38 5 2 2 3 0.224
针对网传涉事幼儿园“群体猥亵幼童”等内容，经查，系刘某（女，31岁，北京市人）、李某某（女，29岁，河北省人）二人编造传播。
38 6 2 3 3 0.624
刘某因虚构事实扰乱公共秩序已被行政拘留；李某某被公安机关批评教育，11月25日其已在个人微博公开致歉。
2
39 13 5 1 2 0.224
针对网传涉事幼儿园“群体猥亵幼童”等内容，经查，系刘某（女，31岁，北京市人）、李某某（女，29岁，河北省人）二人编造传播。
39 14 5 2 2 0.624
刘某因虚构事实扰乱公共秩序已被行政拘留；李某某被公安机关批评教育，11月25日其已在个人微博公开致歉。
3
39 35 18 1 4 0.544
昨日，朝阳区政府新闻发言人表示，11月27日，该区环宇幼儿园有家长向朝阳公安机关报警，反映怀疑其孩子在幼儿园遭老师针扎。
39 36 18 2 4 0.675
朝阳区政府立即责成朝阳公安分局、朝阳区教委等部门成立专项工作组开展调查。
39 37 18 3 4 0.522
经警方专案组现场勘查、调查询问、调取监控录像，并由司法鉴定机构和家长认可的专业医疗机构组成专家组鉴定，排除幼儿在园内遭针扎。
2
40 11 5 1 2 0.209
针对网传涉事幼儿园“群体猥亵幼童”等内容，经查，系刘某（女，３１岁，北京市人）、李某某（女，２９岁，河北省人）二人编造传播。
40 12 5 2 2 0.623
刘某因虚构事实扰乱公共秩序已被行政拘留；李某某被公安机关批评教育，１１月２５日其已在个人微博公开致歉。
1
46 4 4 1 1 0.648
北京警方25日通报称，警方高度重视此案，并立即成立专案组，在有关部门配合下，依法展开调查取证，涉事幼儿园女教师刘某某（22岁，河北省人）因涉嫌虐待被看护人罪已被依法刑事拘留。
2
46 8 6 2 3 0.26
该人对自己编造“老虎团”人员集体猥亵幼儿虚假信息，后通过微信群传播的违法事实供认不讳，并对造成的不良影响深表悔恨。
46 9 6 3 3 0.64
目前，刘某已被警方依法行政拘留。
3
52 7 3 1 4 0.419
11月25日傍晚，北京警方通报红黄蓝新天地幼儿园的调查情况称，11月22日，有朝阳区红黄蓝新天地幼儿园幼儿家长报警称，怀疑其孩子在幼儿园内受到教师侵害。
52 8 3 2 4 0.601
接警后，朝阳警方高度重视，立即成立专案组，在有关部门配合下，依法展开调查取证工作。
52 9 3 3 4 0.451
11月25日，涉事幼儿园教师刘某某（女，22岁，河北省人）因涉嫌虐待被看护人罪已被依法刑事拘留。
1
52 10 3 4 4 0.738
公安机关正在进一步工作中。
2
52 13 4 3 4 0.26
该人对自己编造“老虎团”人员集体猥亵幼儿虚假信息，后通过微信群传播的违法事实供认不讳，并对造成的不良影响深表悔恨。
52 14 4 4 4 0.713
目前，刘某因虚构事实扰乱公共秩序，已被公安机关依法行政拘留。
3
60 24 12 1 3 0.585
我们马上向公安机关和政府部门上交了4个涉事幼儿园监控设备，以备调查和检阅。
60 25 12 2 3 0.613
同样的，被指控的教师及园长马上向公安机关报告。
60 26 12 3 3 0.226
此外，我们马上解除了涉事教师的所有职责。
3
63 1 1 1 3 0.405
经济日报北京11月25日讯记者杨学聪报道：北京警方25日公布红黄蓝新天地幼儿园疑似虐童事件调查情况称，11月22日，有朝阳区红黄蓝新天地幼儿园幼儿家长报警称，怀疑其孩子在幼儿园内受到教师侵害。
63 2 1 2 3 0.647
接警后，朝阳警方立即成立专案组，在有关部门配合下依法展开调查取证工作。
63 3 1 3 3 0.61
11月25日，涉事幼儿园教师刘某某（女，22岁，河北省人）因涉嫌虐待被看护人罪已被依法刑事拘留，公安机关正在进一步工作中。
0
3
63 6 3 1 3 0.332
北京市教委强烈谴责涉案人员严重违反师德的行为，将切实做好幼儿家长安抚、在园幼儿的心理疏导。
63 7 3 2 3 0.625
北京市教委有关负责人表示，坚决支持依法依规惩处，要求相关区、园配合司法机关对相关人员作出严肃处理并立即进行整改。
63 8 3 3 3 0.319
北京市教委要求各区切实做好幼儿园监管工作，促进幼儿园规范办园行为，做好教育教学、安全管理和师德师风建设工作。
2
63 11 4 3 4 0.265
该人承认自己编造“老虎团”人员集体猥亵幼儿虚假信息，后通过微信群传播的违法行为，并对造成的不良影响深表悔恨。
63 12 4 4 4 0.713
目前，刘某因虚构事实扰乱公共秩序，已被公安机关依法行政拘留。
2
64 4 2 1 2 0.413
北京警方25日傍晚发布消息称，11月22日，有朝阳区红黄蓝新天地幼儿园幼儿家长报警称，怀疑其孩子在幼儿园内受到教师侵害。
64 5 2 2 2 0.619
接警后，朝阳警方高度重视，立即成立专案组，在有关部门配合下依法展开调查取证工作。
1
64 6 3 1 1 0.61
11月25日，涉事幼儿园教师刘某某（女，22岁，河北省人）因涉嫌虐待被看护人罪已被依法刑事拘留，公安机关正在进一步工作中。
2
64 12 8 1 3 0.625
北京市教委有关负责人表示，坚决支持依法依规惩处，要求相关区、园配合司法机关对相关人员作出严肃处理并立即进行整改。
64 13 8 2 3 0.319
北京市教委要求各区切实做好幼儿园监管工作，促进幼儿园规范办园行为，做好教育教学、安全管理和师德师风建设工作。
2
65 5 3 1 2 0.628
昨日下午，北京警方通报称，接到报警后，朝阳警方立即成立专案组，在有关部门配合下，依法展开调查取证工作，11月25日，涉事幼儿园教师刘某某（女，22岁，河北省人）因涉嫌虐待被看护人罪已被依法刑事拘留。
65 6 3 2 2 0.738
公安机关正在进一步工作中。
0
2
65 8 4 2 3 0.26
该人对自己编造“老虎团”人员集体猥亵幼儿虚假信息，后通过微信群传播的违法事实供认不讳，并对造成的不良影响深表悔恨。
65 9 4 3 3 0.713
目前，刘某因虚构事实扰乱公共秩序，已被公安机关依法行政拘留。
2
65 11 6 1 2 0.655
根据公安机关通报的红黄蓝新天地幼儿园案件侦办情况，昨日市教委再次回应称，强烈谴责涉案人员严重违反师德的行为，坚决支持依法依规惩处，要求相关区、园配合司法机关对相关人员作出严肃处理并立即进行整改。
65 12 6 2 2 0.316
市教委在做好全市幼儿园安全隐患排查清理工作的基础上，做出进一步工作部署，要求各区切实做好幼儿园监管工作，促进幼儿园规范办园行为，做好教育教学、安全管理和师德师风建设工作，指导各区教育部门加大工作力度，切实做好幼儿家长安抚、在园幼儿的心理疏导，发现问题迅速妥善解决。
3
66 3 2 1 3 0.398
北京警方称，11月22日，有朝阳区红黄蓝新天地幼儿园幼儿家长报警称，怀疑其孩子在幼儿园内受到教师侵害。
66 4 2 2 3 0.619
接警后，朝阳警方高度重视，立即成立专案组，在有关部门配合下依法展开调查取证工作。
66 5 2 3 3 0.61
11月25日，涉事幼儿园教师刘某某（女，22岁，河北省人）因涉嫌虐待被看护人罪已被依法刑事拘留，公安机关正在进一步工作中。
0
3
66 12 6 3 5 0.265
该人承认自己编造“老虎团”人员集体猥亵幼儿虚假信息，后通过微信群传播的违法行为，并对造成的不良影响深表悔恨。
66 13 6 4 5 0.713
目前，刘某因虚构事实扰乱公共秩序，已被公安机关依法行政拘留。
66 14 6 5 5 -0.082
（据新华社）
2
70 1 1 1 2 0.452
涉事幼儿园教师刘某某（女，22岁，河北省人）因涉嫌虐待被看护人罪已被依法刑事拘留。
70 2 1 2 2 0.738
公安机关正在进一步工作中。
2
70 4 2 2 3 0.26
该人对自己编造“老虎团”人员集体猥亵幼儿虚假信息，后通过微信群传播的违法事实供认不讳，并对造成的不良影响深表悔恨。
70 5 2 3 3 0.814
目前，刘某已被公安机关依法行政拘留。
2
71 10 4 1 2 0.335
通报中称，造谣者刘某编造了“老虎团”人员集体猥亵幼儿的虚假信息，并通过微信群进行传播，造谣者刘某对违法事实供认不讳，并对造成的不良影响深表悔恨。
71 11 4 2 2 0.711
目前，刘某因为虚构事实扰乱公共秩序，已被公安机关依法行政拘留。
2
77 2 1 2 3 0.451
11月25日，涉事幼儿园教师刘某某（女，22岁，河北省人）因涉嫌虐待被看护人罪已被依法刑事拘留。
77 3 1 3 3 0.738
公安机关正在进一步工作中。
2
78 1 1 1 2 0.496
北京警方通报：11月25日，朝阳区红黄蓝新天地幼儿园教师刘某某（女，22岁，河北省人）因涉嫌虐待被看护人罪已被依法刑事拘留。
78 2 1 2 2 0.738
公安机关正在进一步工作中。
1
79 1 1 1 1 0.667
根据公安机关通报的红黄蓝新天地幼儿园案件侦办情况，市教委强烈谴责涉案人员严重违反师德的行为，坚决支持依法依规惩处，要求相关区、园配合司法机关对相关人员作出严肃处理并立即进行整改。
2
80 3 1 3 4 0.26
该人对自己编造“老虎团”人员集体猥亵幼儿虚假信息，后通过微信群传播的违法事实供认不讳，并对造成的不良影响深表悔恨。
80 4 1 4 4 0.713
目前，刘某因虚构事实扰乱公共秩序，已被公安机关依法行政拘留。
3
81 2 2 1 3 0.317
此前媒体报道，多名家长反映，北京市朝阳区管庄红黄蓝幼儿园新天地分院出现虐童事件，老师喂幼童白色药片、幼童身上有针孔，且有孩子疑似遭猥亵。
81 3 2 2 3 0.626
今日通报称，接警后，朝阳警方高度重视，立即成立专案组，在有关部门配合下，依法展开调查取证工作，11月25日，涉事幼儿园教师刘某某(女，22岁，河北省人)因涉嫌虐待被看护人罪已被依法刑事拘留。
81 4 2 3 3 0.738
公安机关正在进一步工作中。
0
2
81 6 3 2 3 0.26
该人对自己编造“老虎团”人员集体猥亵幼儿虚假信息，后通过微信群传播的违法事实供认不讳，并对造成的不良影响深表悔恨。
81 7 3 3 3 0.814
目前，刘某已被公安机关依法行政拘留。
3
82 1 1 1 3 0.362
2017年11月22日，有朝阳区红黄蓝新天地幼儿园幼儿家长报警称，怀疑其孩子在幼儿园内受到教师侵害。
82 2 1 2 3 0.628
接警后，朝阳警方高度重视，立即成立专案组，在有关部门配合下，依法展开调查取证工作，11月25日，涉事幼儿园教师刘某某（女，22岁，河北省人）因涉嫌虐待被看护人罪已被依法刑事拘留。
82 3 1 3 3 0.738
公安机关正在进一步工作中。
0
3
84 2 2 1 3 0.234
近两天，北京红黄蓝幼儿园一起疑似虐童事件引发关注，网上称该幼儿园存在猥亵、针扎幼儿，给幼儿喂食、注射不明药物等情况。
84 3 2 2 3 0.67
据新华社记者从北京市公安机关了解，警方正在根据家长反映情况进行调查取证。
84 4 2 3 3 0.537
目前涉事老师和保育员已暂时停职，配合警方调查。
