1 11 7 1 1 0.625
北京红黄蓝幼儿园涉嫌侵害儿童的情况引发网络热议，北京市公安局25日发布消息称，编造涉军谣言者已被行政拘留。
2 1 1 1 2 0.664
近日，北京市红黄蓝幼儿园发生的侵害儿童事件，引起社会各界高度关注。
2 2 1 2 2 0.503
据警方情况通报，涉事人员已被依法刑事拘留，而编造“老虎团”人员集体猥亵幼儿虚假信息者也被依法行政拘留。
5 2 2 1 2 0.657
利润猛增的第三季度，带给红黄蓝的却是更多坏消息——北京红黄蓝虐童事件尘埃未定，红黄蓝河北幼儿园又曝虐童丑闻，目前河北通报红黄蓝幼儿园处置情况：幼儿园暂时关闭。
5 3 2 2 2 -0.1
而在北京方面，对于相关责任人的追责也在启动中。
6 35 12 4 4 0.675
据报道，11月17日吉林四平红黄蓝幼儿园虐童事件的17名受害儿童已经一审胜诉获赔。
6 34 12 3 4 0.199
较之言辞谴责幼儿园导致的风险，中产阶级父母们也可以考虑勉力拿起法律武器。
7 3 2 1 2 0.696
周三，因北京红黄蓝虐童事件尚未平息，河北沧州一红黄蓝幼儿园又曝出虐童事件。
7 4 2 2 2 0.319
红黄蓝股价结束反弹，收跌8.38%。
8 2 2 1 4 0.618
记者：近日，北京红黄蓝幼儿园涉嫌侵害儿童的情况引发网络热议。
8 3 2 2 4 0.443
北京市公安局25日发布消息称，编造涉军谣言者已被行政拘留。
9 8 5 1 1 0.721
值得一提的是，续北京红黄蓝幼儿园新天地园区涉嫌虐童事件后，红黄蓝河北沧州一幼儿园又曝虐童，目前该幼儿园暂时关闭。
10 2 2 1 3 0.67
据11月28日晚@平安朝阳对红黄蓝新天地幼儿园事件调查结果的通报，经调取涉事班级监控视频存储硬盘，发现已有损坏。
10 3 2 2 3 0.229
经专业公司技术检测，系多次强制断电所致。
11 4 2 2 6 0.612
对于这个事情，北京警方已经公布了红黄蓝幼儿园事件最新的情况。
11 3 2 1 6 0.002
田学军答：谢谢你的提问。
11 5 2 3 6 0.068
儿童是祖国的花朵、民族的未来。
12 2 2 1 2 0.654
田学军指出，北京警方已公布红黄蓝幼儿园事件最新情况。
12 3 2 2 2 0.404
近期发生的幼儿园虐童事情，暴露出一些地方和幼儿园仍存在管理不善，制度不落实，执行不到位的问题。
16 1 1 1 1 0.703
央视网消息：30日，北京朝阳区红黄蓝新天地幼儿园事件调查情况公布，事件发生后，北京市纪委、市监委会同朝阳区纪委、区监委第一时间成立调查组，启动相关调查工作。
18 1 1 1 4 0.645
11月28日晚,北京市公安局朝阳分局通过“平安朝阳”官方微博,就红黄蓝新天地幼儿园事件作情况通报时表示:该园教师刘某某因部分儿童不按时睡觉,遂采用缝衣针扎的方式进行“管教”。
18 2 1 2 4 0.377
因涉嫌虐待被看护人罪,刘某某现已被刑事拘留。
19 2 1 2 2 0.714
北京红黄蓝（20.33，-1.87，-8.42%）虐童事件尚未平息，河北沧州一红黄蓝幼儿园又曝出虐童事件。
19 1 1 1 2 0.205
新浪美股北京时间30日凌晨讯，美国股市周三收盘，红黄蓝股价大跌8.38%，报20.34美元。
19 5 3 1 2 0.606
据媒体周三报道，河北沧州一红黄蓝幼儿园被曝拿针扎孩子，孩子身上出现针眼。
19 6 3 2 2 0.449
家长报案后，警方连夜展开调查，案件调查中。
19 9 6 1 1 0.61
道歉信同时提到，还有个别红黄蓝幼儿园也传出家长举报有疑似幼儿受到伤害的情况，园所已全力配合警方调查。
20 2 2 1 4 0.716
近期，朝阳区红黄蓝新天地幼儿园事件引发舆论强烈关注。
20 3 2 2 4 0.579
11月28日，河北沧州的一家红黄蓝幼儿园又被家长曝光拿针扎孩子，孩子身上出现针眼。
20 24 11 1 3 0.779
29日晚，朝阳区红黄蓝新天地幼儿园事件调查情况公布。
20 25 11 2 3 0.421
经查，朝阳区教委主任肖汶、副主任付琳，存在对民办教育机构监管缺失的问题；朝阳区教委社会力量办学管理科科长韩斌，工作中存在失察失责、履职不到位的问题。
23 1 1 1 1 0.753
2017年11月29日，朝阳区红黄蓝新天地幼儿园事件调查情况公布。
23 2 2 1 1 0.682
朝阳区红黄蓝新天地幼儿园事件发生后，北京市纪委、市监委会同朝阳区纪委、区监委第一时间成立调查组，启动相关调查工作。
24 36 25 1 2 0.618
早在11月25日，警方也曾公布“虐童”事件的进展，称涉事幼儿园22岁女教师刘某某因涉嫌虐待被看护人罪被依法刑事拘留。
24 37 25 2 2 0.73
随后，新天地幼儿园园长被免职。
25 11 7 2 2 0.64
据警方通报红黄蓝幼儿园事件调查结果，未发现有人对儿童实施侵害。
25 10 7 1 2 0.329
南都记者留意到，被告在诉讼书中提出，“被告未能制定安全政策，防止在其学校发生性侵事件（sexualabuse）”。
27 7 4 1 3 0.653
11月24日，媒体曝光了红黄蓝幼儿园的虐童事件，随后警方对红黄蓝展开调查。
27 8 4 2 3 0.224
消息曝光后，11月24日红黄蓝的ADR股价下跌了10.28美元，跌幅38%，收于16.45美元。
28 1 1 1 2 0.613
【红黄蓝河北再曝针扎虐童家长怒掴老师！】11月28日，河北沧州，红黄蓝幼儿园被家长曝光拿针扎孩子，孩子身上出现针眼。
28 2 1 2 2 0.449
家长报案后，警方连夜展开调查，案件调查中。
30 3 3 1 3 0.717
11月28日晚间，北京朝阳警方公布了对北京市朝阳区红黄蓝新天地幼儿园事件的最新调查情况:该园教师刘某某因部分儿童不按时睡觉，遂采用缝衣针扎的方式进行“管教”。
30 4 3 2 3 0.372
因涉嫌虐待被看护人罪，现刘某某已被刑事拘留。
30 6 4 1 1 0.625
此外，还有个别红黄蓝幼儿园也传出家长举报有疑似幼儿受到伤害的情况，园所已全力配合警方调查。
31 2 2 1 3 0.717
11月28日晚间，北京朝阳警方公布了对北京市朝阳区红黄蓝新天地幼儿园事件的最新调查情况：该园教师刘某某因部分儿童不按时睡觉，遂采用缝衣针扎的方式进行“管教”。
31 3 2 2 3 0.372
因涉嫌虐待被看护人罪，现刘某某已被刑事拘留。
31 5 3 1 1 0.625
此外，还有个别红黄蓝幼儿园也传出家长举报有疑似幼儿受到伤害的情况，园所已全力配合警方调查。
33 1 1 1 1 0.62
警方28日晚间对红黄蓝幼儿园虐童事件做了新的情况通报，证实该幼儿园教师刘某某因部分儿童不按时睡觉，遂采用缝衣针扎的方式进行“管教”，现刘某某已被刑事拘留。
34 3 2 1 3 0.717
11月28日晚间，北京朝阳警方公布了对北京市朝阳区红黄蓝新天地幼儿园事件的最新调查情况：该园教师刘某某因部分儿童不按时睡觉，遂采用缝衣针扎的方式进行“管教”。
34 4 2 2 3 0.372
因涉嫌虐待被看护人罪，现刘某某已被刑事拘留。
34 6 3 1 1 0.625
此外，还有个别红黄蓝幼儿园也传出家长举报有疑似幼儿受到伤害的情况，园所已全力配合警方调查。
36 1 1 1 2 0.631
经公安机关调查，朝阳区红黄蓝新天地幼儿园教师刘某某（女，22岁，河北省人）因部分儿童不按时睡觉，遂采用缝衣针扎的方式进行“管教”。
36 2 1 2 2 0.372
因涉嫌虐待被看护人罪，现刘某某已被刑事拘留。
37 3 3 1 1 0.61
道歉信同时提到，还有个别红黄蓝幼儿园也传出家长举报有疑似幼儿受到伤害的情况，园所已全力配合警方调查。
37 4 4 1 3 0.717
11月28日晚间，北京朝阳警方公布了对北京市朝阳区红黄蓝新天地幼儿园事件的最新调查情况：该园教师刘某某因部分儿童不按时睡觉，遂采用缝衣针扎的方式进行“管教”。
37 5 4 2 3 0.372
因涉嫌虐待被看护人罪，现刘某某已被刑事拘留。
37 7 5 1 1 0.625
此外，还有个别红黄蓝幼儿园也传出家长举报有疑似幼儿受到伤害的情况，园所已全力配合警方调查。
38 1 1 1 3 0.648
据新华社北京11月28日电（记者卢国强）北京警方28日晚公布朝阳区红黄蓝新天地幼儿园涉嫌伤害儿童事件调查情况。
38 2 1 2 3 0.653
警方发布消息称，经公安机关调查，朝阳区红黄蓝新天地幼儿园教师刘某某（女，22岁，河北省人）因部分儿童不按时睡觉，遂采用缝衣针扎的方式进行“管教”。
38 3 1 3 3 0.372
因涉嫌虐待被看护人罪，现刘某某已被刑事拘留。
39 1 1 1 3 0.766
朝阳警方昨晚公布“红黄蓝”新天地幼儿园事件调查情况。
39 2 1 2 3 0.421
通报称，教师刘某某用缝衣针扎不睡觉儿童以示“管教”，涉嫌虐待被看护人已被刑事拘留。
39 4 2 1 2 0.653
警方发布消息称，经公安机关调查，朝阳区红黄蓝新天地幼儿园教师刘某某（女，22岁，河北省人）因部分儿童不按时睡觉，遂采用缝衣针扎的方式进行“管教”。
39 5 2 2 2 0.372
因涉嫌虐待被看护人罪，现刘某某已被刑事拘留。
40 1 1 1 1 0.659
新华社北京１１月２８日电（记者卢国强）北京警方２８日晚公布朝阳区红黄蓝新天地幼儿园事件调查情况。
40 2 2 1 2 0.656
警方发布消息称，经公安机关调查，朝阳区红黄蓝新天地幼儿园教师刘某某（女，２２岁，河北省人）因部分儿童不按时睡觉，遂采用缝衣针扎的方式进行“管教”。
40 3 2 2 2 0.372
因涉嫌虐待被看护人罪，现刘某某已被刑事拘留。
43 1 1 1 2 0.633
近期，北京红黄蓝幼儿园“虐童”事件引发各界关注。
43 2 1 2 2 0.398
近日，美国纽约两家律师事务所宣布，将对红黄蓝幼儿园所属的公司是否涉嫌违反美国证券法进行调查。
43 7 5 1 3 0.642
如今，北京红黄蓝幼儿园被曝出“虐童”事件。
43 8 5 2 3 0.305
据央视记者了解，目前至少有两家美国纽约的律师事务所宣布对红黄蓝涉嫌违反证券法进行诉讼调查，诉因可能涉及美国证券法规定的信息披露不实等。
44 1 1 1 1 0.624
今天早晨7点44分（北京市有关部门曾密集五连发回应“虐童”事件后的第一个周一），在红黄蓝涉事幼儿园门口，陆续有家长送孩子进幼儿园。
46 1 1 1 1 0.708
中新社北京11月25日电（记者于立霄）针对北京市朝阳区管庄红黄蓝幼儿园（新天地分园）疑似发生“虐童事件”，北京警方25日通报称，涉事幼儿园女教师刘某某已被依法刑事拘留，而造谣“老虎团”人员猥亵幼童的刘某已被行政拘留。
47 1 1 1 1 0.709
11月27日，周一，深陷虐童事件的红黄蓝新天地幼儿园正常开园，有家长来此退费。
47 2 2 1 2 0.6
早上7时，法制晚报·看法新闻记者来到红黄蓝新天地幼儿园。
47 3 2 2 2 0.45
7点50分，幼儿园门口开始聚集了送孩子的家长们，对于虐童事件，家长们并不愿意多谈。
47 9 5 1 1 0.716
此前，北京朝阳警方通报红黄蓝幼儿园虐童事件，涉事幼儿园教师因涉嫌虐待被看护人罪被刑拘。
48 1 1 1 4 0.624
围绕北京朝阳区一红黄蓝幼儿园虐童丑闻，警方星期六开始公布第一批调查结果。
48 2 1 2 4 0.4
警方对一名幼教做出刑事拘留处理，等于说明了虐童情况的存在。
52 1 1 1 2 0.644
法制晚报讯（记者朱健勇李东张蕊张丽李阳煜刘艺龙武玉姗综合报道）近日，北京红黄蓝幼儿园新天地园区涉嫌虐童事件引发网络热议和市民普遍关注。
52 2 1 2 2 0.655
昨天傍晚，北京警方就该幼儿园幼儿疑似遭针扎、被喂药一事进行了通报，涉嫌虐童的幼儿园教师刘某某被刑拘。
52 4 2 2 4 0.631
同时，该幼儿园园长被朝阳区政府责成红黄蓝幼儿园举办者按照程序免职。
52 3 2 1 4 0.44
此外，利用网络编造、传播虚假信息，编造“老虎团”人员集体猥亵幼儿虚假信息的刘某也被警方行政拘留。
52 5 2 3 4 0.568
针对警方通报，红黄蓝幼儿园发表声明称将对全国1800多家园所进行排查。
52 7 3 1 4 0.728
11月25日傍晚，北京警方通报红黄蓝新天地幼儿园的调查情况称，11月22日，有朝阳区红黄蓝新天地幼儿园幼儿家长报警称，怀疑其孩子在幼儿园内受到教师侵害。
52 8 3 2 4 0.318
接警后，朝阳警方高度重视，立即成立专案组，在有关部门配合下，依法展开调查取证工作。
52 11 4 1 4 0.642
同时，朝阳警方在对朝阳区红黄蓝新天地幼儿园幼儿家长报警称怀疑其孩子在幼儿园内受教师侵害一案侦办过程中发现，有人利用网络编造、传播虚假信息，造成恶劣社会影响。
52 12 4 2 4 0.367
11月23日，警方经工作将行为人刘某（女，31岁，北京人）抓获。
52 18 6 1 2 0.643
悔过书显示，42岁的金某看到红黄蓝幼儿园虐童事件相关信息后，感觉非常气愤。
52 19 6 2 2 0.36
后看到有朋友在微信群中转发某领导人视察红黄蓝幼儿园海南分园的信息以及该幼儿园第一大股东孟亮与前述领导人同姓，于是自己主观猜测该股东系领导人儿子，并编造了相关信息发在个人朋友圈内。
52 22 8 1 2 0.649
根据公安机关通报的案件侦办情况，昨天北京市朝阳区政府新闻发言人表示，事件发生后，朝阳区政府立即约谈红黄蓝新天地幼儿园举办者，依法启动追责程序，责成举办者按程序立刻免除幼儿园园长职务，并将根据案件调查结果，严肃追究幼儿园及相关人员的责任，绝不姑息。
52 23 8 2 2 0.356
同时，朝阳区要求园方真诚与家长沟通，全力配合家长关爱好幼儿的身心健康。
52 24 9 1 2 0.724
随后，红黄蓝新天地幼儿园园长被免职。
52 25 9 2 2 0.324
同时，市教委强烈谴责涉案人员严重违反师德的行为，坚决支持依法依规惩处，要求相关区、园配合司法机关对相关人员作出严肃处理并立即进行整改。
52 30 11 1 2 0.711
稍晚，针对警方通报，红黄蓝教育机构发布了关于新天地幼儿园的声明。
52 31 11 2 2 0.457
这份声明中表示，开除涉事教师刘某某；立刻组织优秀教育管理团队进驻新天地幼儿园，确保幼儿园的正常运行；对全国园所进行全面排查，并筹建第三方监督机制，恳请媒体、社会各界及家长对其进行监督、提出建议。
55 1 1 1 1 0.76
近日，有媒体相继报道了朝阳区管庄红黄蓝幼儿园(新天地分园)存在虐童行为，事件被曝光后，朝阳区警方介入事件调查。
56 1 1 1 2 0.616
继上海携程亲子园的虐童案发后，近日北京管庄红黄蓝幼儿园（新天地分园）国际小二班也爆出有幼儿可能遭受虐待等问题，北京警方以及相关监管部门已经介入。
56 2 1 2 2 0.375
国务院也印发了紧急通知，部署全国范围内幼儿园的专项督导检查。
59 2 1 2 3 0.687
昨天晚上，随着警方依法对涉事幼师刘某某刑事拘留、对编造“老虎团”谣言的刘某行政拘留，红黄蓝教育机构开除涉事教师、免去新天地幼儿园园长职务，这一事件暂时告一段落。
59 1 1 1 3 0.546
这几天，北京红黄蓝幼儿园新天地园区虐童事件成了网络热点。
59 3 1 3 3 0.071
但后续的法律问题、民事问题、善后问题等还会持续，人们对案件具体细节的追问还不会突然停止，由此引发的网络讨论一时还不会平息。
60 1 1 1 3 0.655
经济观察网记者李思红黄蓝教育（RYB.N）下属的红黄蓝幼儿园（新天地分园）被曝出多名幼儿身上有针眼，被喂食白色药片。
60 2 1 2 3 0.315
事件迅速发酵，红黄蓝股价大跌，股价一度接近腰斩。
60 7 4 1 3 0.655
截至目前，警方对红黄蓝幼儿园（新天地分园）的调查结果尚未公布。
60 8 4 2 3 0.151
史燕来在电话会议中说，在几分钟前，接到公安机关的通知，今晚（24日）将公布调查结论。
60 22 11 1 2 0.629
从我们知道红黄蓝幼儿园（新天地分园）家长的这些指控起，我们便全面配合警方和政府有关部门了解这些针对涉事员工的指控的真相。
60 23 11 2 2 0.11
我们与所有相关部门保持持续的沟通，持续为公安机关的调查提供信息和数据，直至调查结束。
60 27 13 1 3 0.657
红黄蓝动员所有的老师，努力将此次事件对红黄蓝幼儿园（新天地分园）现有学生和家长造成的影响降至最低。
60 28 13 2 3 0.137
我们非常重视对我们的指控，我们联系了关心事件的家长和他们的家人，为他们提供尽可能多的信息。
62 2 1 2 4 0.662
11月22日，十余名家长反映称，朝阳区管庄红黄蓝幼儿园（新天地分园）国际小二班的幼儿遭遇老师扎针、喂不明白色药片，并提供孩子身上多个针眼的照片。
62 1 1 1 4 0.51
在各类虐童事件刺痛每个人的神经时，又一起幼师虐童事件浮出了水面。
62 3 1 3 4 0.512
目前，北京朝阳警方已介入事件调查。
62 22 11 1 3 0.7
那么，此次事件中的北京朝阳区红黄蓝新天地幼儿园无疑是红黄蓝的直营幼儿园。
62 23 11 2 3 0.076
根据资料显示，其法人代表为陈永春，注册资本150万元，成立日期2011年4月11日。
62 36 16 1 1 0.716
近年来，幼儿园曝出虐童事件的新闻屡见不鲜，仅在2017年11月，就有多地被曝光在幼儿园发生老师虐童事件，上海携程亲子园被曝教师喂孩子吃芥末；广西合浦县廉州镇小红帽幼儿园和玉林市玉州区旺卢村小天鹅腾飞幼儿园虐打儿童；北京金色摇篮幼儿园体罚儿童等。
63 1 1 1 3 0.735
经济日报北京11月25日讯记者杨学聪报道：北京警方25日公布红黄蓝新天地幼儿园疑似虐童事件调查情况称，11月22日，有朝阳区红黄蓝新天地幼儿园幼儿家长报警称，怀疑其孩子在幼儿园内受到教师侵害。
63 2 1 2 3 0.355
接警后，朝阳警方立即成立专案组，在有关部门配合下依法展开调查取证工作。
63 4 2 1 2 0.665
北京市朝阳区政府新闻发言人表示，事件发生后，朝阳区政府立即约谈红黄蓝新天地幼儿园举办者，依法启动追责程序，责成举办者按程序立刻免除幼儿园园长职务，并将根据案件调查结果，严肃追究幼儿园及相关人员的责任，绝不姑息。
63 5 2 2 2 0.356
同时，朝阳区要求园方真诚与家长沟通，全力配合家长关爱好幼儿的身心健康。
63 9 4 1 4 0.674
又讯记者从北京警方获悉，一名编造并传播“老虎团”人员集体猥亵红黄蓝新天地幼儿园幼儿虚假信息的人员被行政拘留。
63 10 4 2 4 0.306
11月23日，警方已将刘某（女，31岁，北京人）抓获。
64 1 1 1 3 0.69
综合新华社北京11月25日消息北京警方25日傍晚公布红黄蓝新天地幼儿园疑似虐童事件调查情况。
64 2 1 2 3 0.59
截至目前，1名涉嫌虐童的幼儿园老师被拘留。
64 4 2 1 2 0.686
北京警方25日傍晚发布消息称，11月22日，有朝阳区红黄蓝新天地幼儿园幼儿家长报警称，怀疑其孩子在幼儿园内受到教师侵害。
64 5 2 2 2 0.324
接警后，朝阳警方高度重视，立即成立专案组，在有关部门配合下依法展开调查取证工作。
64 7 4 1 1 0.668
北京市朝阳区政府发言人25日表示，事件发生后，朝阳区政府立即约谈红黄蓝新天地幼儿园举办者，依法启动追责程序，责成举办者按程序立刻免除幼儿园园长职务，并将根据案件调查结果，严肃追究幼儿园及相关人员的责任，绝不姑息。
64 11 7 1 1 0.639
记者25日从北京市教委获悉，根据公安机关通报的红黄蓝新天地幼儿园案件侦办情况，北京市教委强烈谴责涉案人员严重违反师德的行为，将切实做好幼儿家长安抚、在园幼儿的心理疏导。
65 1 1 1 3 0.722
昨日，北京警方就朝阳管庄红黄蓝幼儿园（新天地分园）幼儿被指遭针扎、喂药一事通报称，涉嫌虐童幼儿园教师被刑拘。
65 2 1 2 3 0.465
警方还通报称，有人利用网络编造、传播虚假信息，编造“老虎团”人员集体猥亵幼儿虚假信息，造成恶劣社会影响，被警方行政拘留。
65 13 7 1 1 0.667
事件发生后，朝阳区政府立即约谈红黄蓝新天地幼儿园举办者，依法启动追责程序，责成举办者按程序立刻免除幼儿园园长职务，并将根据案件调查结果，严肃追究幼儿园及相关人员的责任，绝不姑息。
65 17 9 1 2 0.731
昨日晚间，红黄蓝教育机构回应称，开除涉事老师刘某某，免去新天地幼儿园园长职务。
65 18 9 2 2 0.211
并表示，必须承担责任、深刻反思，彻底调查整改。
66 1 1 1 2 0.763
北京警方25日晚公布红黄蓝新天地幼儿园疑似虐童事件调查情况，截至目前，1名涉嫌虐童的幼儿园老师被拘留。
66 2 1 2 2 0.56
北京市朝阳区政府新闻发言人25日表示，根据公安机关通报的案件侦办情况，可认为是一起伤害幼儿的恶劣事件，社会影响极坏。
66 3 2 1 3 0.686
北京警方称，11月22日，有朝阳区红黄蓝新天地幼儿园幼儿家长报警称，怀疑其孩子在幼儿园内受到教师侵害。
66 4 2 2 3 0.324
接警后，朝阳警方高度重视，立即成立专案组，在有关部门配合下依法展开调查取证工作。
66 6 3 1 1 0.665
北京市朝阳区政府新闻发言人表示，事件发生后，朝阳区政府立即约谈红黄蓝新天地幼儿园举办者，依法启动追责程序，责成举办者按程序立刻免除幼儿园园长职务，并将根据案件调查结果，严肃追究幼儿园及相关人员的责任，绝不姑息。
66 9 5 1 1 0.639
记者25日从北京市教委获悉，根据公安机关通报的红黄蓝新天地幼儿园案件侦办情况，北京市教委强烈谴责涉案人员严重违反师德的行为，将切实做好幼儿家长安抚、在园幼儿的心理疏导。
66 10 6 1 5 0.672
北京警方25日发布消息称，在侦办朝阳区红黄蓝新天地幼儿园幼儿家长报警称怀疑其孩子在幼儿园内受教师侵害一案过程中发现，有人利用网络编造、传播虚假信息，造成恶劣社会影响。
66 11 6 2 5 0.362
11月23日，警方经工作将刘某（女，31岁，北京人）抓获。
67 1 1 1 2 0.736
11月25日傍晚，北京警方就位于朝阳区管庄的红黄蓝新天地幼儿园幼儿疑似被遭针扎、喂药一事进行了通报，涉嫌虐童的幼儿园教师刘某某被刑拘。
67 2 1 2 2 0.436
此外，利用网络编造、传播虚假信息，编造“老虎团”人员集体猥亵幼儿虚假信息的刘某，造成恶劣社会影响，被警方行政拘留。
67 4 2 2 2 0.684
同时，法制晚报·看法新闻记者查询发现，红黄蓝官网上已查不到北京新天地幼儿园内有认证刘姓教师警方通报涉事教师被刑拘11月25日傍晚，北京警方通报了红黄蓝新天地幼儿园的调查情况，具体通报如下：
67 3 2 1 2 0.568
针对警方通报，红黄蓝幼儿园发表声明称将对全国1800多家园所进行排查。
67 22 10 3 5 0.77
相关新闻北京一幼儿园装智能摄像机家长用手机随时查看北京朝阳区红黄蓝新天地幼儿园出现幼儿疑似受老师侵害事件。
67 21 10 2 5 0.371
法制晚报·看法新闻记者在其官网中查询发现，红黄蓝幼儿园在北京共有28家，在全国境内山东省内的园所最多，达到45家。
67 23 10 4 5 0.374
幼儿教育不能实时监控的情况下，如何确保幼儿身心安全再次引发热议。
68 4 2 2 2 0.733
立刻免去新天地幼儿园园长职务。
68 3 2 1 2 0.362
一、开除涉事教师刘某某，坚决支持按照法律法规处理，绝不姑息，严查到底。
69 1 1 1 3 0.721
新京报快讯舆论高度关注的北京市朝阳区红黄蓝新天地幼儿园虐童事件调查处置工作今日有了最新进展。
69 2 1 2 3 0.565
北京警方25日下午通报，涉事幼儿园教师刘某某（女，22岁，河北人）因涉嫌虐待被看护人罪被依法刑事拘留，编造“老虎团”人员集体猥亵幼儿虚假信息的刘某（女，31岁，北京人）被依法行政拘留。
69 3 1 3 3 0.65
北京市教委强烈谴责涉案人员严重违反师德的行为，红黄蓝教育机构宣布立刻免去新天地幼儿园园长职务。
69 6 3 2 5 0.603
她于11月23日下午在微信群看到红黄蓝幼儿园虐童事件相关信息后，感觉非常气愤，认为幼儿园不应该发生此类事件，会对幼儿及家长产生不良影响。
69 5 3 1 5 0.015
记者从悔过书中看到，42岁的金某系上海某影视公司总经理，上海宝山人，现居北京。
69 7 3 3 5 0.36
后看到有朋友在微信群中转发某领导人视察红黄蓝幼儿园海南分园的信息以及该幼儿园第一大股东孟亮与前述领导人同姓，于是自己主观猜测该股东系领导人儿子，并编造了相关信息发在个人朋友圈内。
69 10 4 1 3 0.606
33岁的戴某某系广东深圳人，对红黄蓝幼儿园虐童事件比较关注，在网上查询到该幼儿园的投资人中有人名叫孟亮，就主观臆测幼儿园与某领导人有关。
69 11 4 2 3 0.121
为在家人面前显摆自己消息灵通，他杜撰孟亮系该领导人亲属的谣言发布在家人和朋友微信群中，后被广泛转发扩散。
70 7 4 1 1 0.689
据北京朝阳区政府新闻发言人介绍，根据公安机关通报的红黄蓝新天地幼儿园案件侦办情况，我们认为这是一起伤害幼儿的恶劣事件，社会影响极坏。
70 8 5 1 3 0.669
事件发生后，北京朝阳区政府立即约谈红黄蓝新天地幼儿园举办者，依法启动追责程序，责成举办者按程序立刻免除幼儿园园长职务，并将根据案件调查结果，严肃追究幼儿园及相关人员的责任，绝不姑息。
70 9 5 2 3 0.276
同时，要求园方真诚与家长沟通，全力配合家长关爱好幼儿的身心健康。
71 1 1 1 2 0.709
经济观察网记者吴秋婷11月22日开始，有十余名家长向朝阳警方反映，朝阳区管庄红黄蓝幼儿园（新天地分园）的幼儿遭遇老师扎针、喂不明白色药片。
71 2 1 2 2 0.389
此后警方介入调查。
71 4 2 2 3 0.634
通报中称，红黄蓝新天地幼儿园一位刘姓教师因涉嫌虐待被看护人罪，已被依法刑事拘留。
71 3 2 1 3 0.582
11月25日下午5点，朝阳警方通过官方微博（@平安朝阳）通报了红黄蓝幼儿园虐童事件的最新调查结果。
71 5 2 3 3 0.398
通报中表示，此刘姓教师为一名女性教师，22岁，河北省人。
74 1 1 1 2 0.627
▲11月23日，红黄蓝幼儿园新天地分园保安在大门内执勤。
74 2 1 2 2 0.065
新京报记者王嘉宁摄
74 3 2 1 1 0.699
今日，北京警方就朝阳管庄红黄蓝幼儿园(新天地分园)幼儿被指遭针扎、喂药一事通报称，涉事幼儿园教师因涉嫌虐待被看护人罪被刑拘。
74 11 6 2 2 0.61
对幼儿园伤害幼儿等恶性事件，坚决发现一起，查处一起，坚决防止幼儿园伤害幼儿事件发生，切实保障幼儿安全健康。
74 10 6 1 2 0.43
通知要求，各地要按《未成年保护法》《教师法》《幼儿园管理条例》《幼儿园工作规程》和《幼儿园规范办园行为督导评估办法》有关要求，立即组织开展一次全省范围的幼儿园办园行为专项督导检查，重点检查师德师风建设情况，及时发现问题，进行整改。
74 14 8 1 2 0.737
北京红黄蓝幼儿园新天地园区涉嫌虐童事件曝出后，其中关于部队的传言也引人关注。
74 15 8 2 2 0.505
据解放军报官微消息，昨日上午，“老虎团”政委冯俊峰回应称，涉事幼儿园园长为该团退役人员家属，没有发现官兵涉及传言中的所谓猥亵等行为。
74 29 16 2 2 0.623
对于个别人士涉嫌诬告、陷害的行为，新天地幼儿园园长已向公安机关报案。
74 28 16 1 2 0.343
红黄蓝在声明中提到，如有任何违反教师师德的人员和行为，坚决奉行零容忍原则;如有任何人员发生违法犯罪行为绝不姑息;如有任何公司和幼儿园应承担的责任，绝不推脱。
76 1 1 1 1 0.691
据朝阳区政府新闻发言人介绍，根据公安机关通报的红黄蓝新天地幼儿园案件侦办情况，我们认为这是一起伤害幼儿的恶劣事件，社会影响极坏。
76 2 2 1 3 0.672
事件发生后，朝阳区政府立即约谈红黄蓝新天地幼儿园举办者，依法启动追责程序，责成举办者按程序立刻免除幼儿园园长职务，并根据案件调查结果，严肃追究幼儿园及相关人员的责任，绝不姑息。
76 3 2 2 3 0.276
同时，要求园方真诚与家长沟通，全力配合家长关爱好幼儿的身心健康。
77 1 1 1 3 0.763
【北京警方通报红黄蓝幼儿园事件：涉事幼儿园教师被刑拘】2017年11月22日，有朝阳区红黄蓝新天地幼儿园幼儿家长报警称，怀疑其孩子在幼儿园内受到教师侵害。
77 2 1 2 3 0.554
11月25日，涉事幼儿园教师刘某某（女，22岁，河北省人）因涉嫌虐待被看护人罪已被依法刑事拘留。
78 1 1 1 2 0.645
北京警方通报：11月25日，朝阳区红黄蓝新天地幼儿园教师刘某某（女，22岁，河北省人）因涉嫌虐待被看护人罪已被依法刑事拘留。
77 3 1 3 3 0.229
公安机关正在进一步工作中。
78 2 1 2 2 0.229
公安机关正在进一步工作中。
80 1 1 1 4 0.661
近日，朝阳警方在对朝阳区红黄蓝新天地幼儿园幼儿家长报警称怀疑其孩子在幼儿园内受到教师侵害一案侦办过程中发现，有人利用网络编造、传播虚假信息，造成恶劣社会影响。
80 2 1 2 4 0.367
11月23日，警方经工作将行为人刘某（女，31岁，北京人）抓获。
81 1 1 1 1 0.648
中新网11月25日电此前有媒体报道，北京市朝阳区管庄红黄蓝幼儿园新天地分院被指“虐童”，北京市公安局朝阳分局官方微博今日发布通报称，幼儿园教师刘某某因涉嫌虐待被看护人罪已被依法刑事拘留。
80 4 1 4 4 0.313
目前，刘某因虚构事实扰乱公共秩序，已被公安机关依法行政拘留。
81 2 2 1 3 0.731
此前媒体报道，多名家长反映，北京市朝阳区管庄红黄蓝幼儿园新天地分院出现虐童事件，老师喂幼童白色药片、幼童身上有针孔，且有孩子疑似遭猥亵。
81 3 2 2 3 0.523
今日通报称，接警后，朝阳警方高度重视，立即成立专案组，在有关部门配合下，依法展开调查取证工作，11月25日，涉事幼儿园教师刘某某(女，22岁，河北省人)因涉嫌虐待被看护人罪已被依法刑事拘留。
82 1 1 1 3 0.708
2017年11月22日，有朝阳区红黄蓝新天地幼儿园幼儿家长报警称，怀疑其孩子在幼儿园内受到教师侵害。
82 2 1 2 3 0.544
接警后，朝阳警方高度重视，立即成立专案组，在有关部门配合下，依法展开调查取证工作，11月25日，涉事幼儿园教师刘某某（女，22岁，河北省人）因涉嫌虐待被看护人罪已被依法刑事拘留。
84 2 2 1 3 0.668
近两天，北京红黄蓝幼儿园一起疑似虐童事件引发关注，网上称该幼儿园存在猥亵、针扎幼儿，给幼儿喂食、注射不明药物等情况。
84 3 2 2 3 0.359
据新华社记者从北京市公安机关了解，警方正在根据家长反映情况进行调查取证。
85 1 1 1 1 0.691
前段时间的携程幼儿园虐童事件还没有完全过去，最近位于北京市朝阳区管庄的红黄蓝幼儿园(新天地分园)又被爆出了猥亵儿童的丑闻，而且丑陋程度难以想象。
86 1 1 1 2 0.645
红黄蓝北京新天地幼儿园22日被爆存在“虐童”等行为，引起舆论讨伐。
86 2 1 2 2 0.161
美国股市感恩节（23日）休市翌日，北京时间24日晚10时30分开盘时，红黄蓝教育低开41%，跌破发行价18.5美元，市值仅剩4亿多美元。
87 2 2 1 1 0.656
11月23日，媒体曝出，多名北京幼儿家长反映，北京市朝阳区管庄红黄蓝幼儿园（新天地分园）国际小二班的幼儿被老师用针扎、喂成分不明的白色药片，并提供了孩子身上多个针眼的照片。
87 4 3 2 3 0.651
上海携程亲子园虐童事件还未平息，红黄蓝幼儿园虐童的消息又接连曝出。
87 3 3 1 3 0.417
旗下幼儿园被曝出虐童事件，让这家近年来快速扩张的学前教育企业，瞬间成为众矢之的。
87 5 3 3 3 0.469
虐童事件为何接连不断？
87 6 4 1 2 0.655
“遭老师扎针、注射液体，还喂孩子吃白色药片。”11月22日晚，家长声讨北京新天地红黄蓝幼儿园涉嫌虐待儿童的帖子开始在网上流传。
87 7 4 2 2 0.457
帖子声称，22日下午，该幼儿园小二班发生一起学生昏厥事件，随后学生家长在对孩子检查身体和问询时了解到学校老师不仅用针扎自家孩子，还向其喂食某种白色药片。
87 10 6 2 2 0.627
多名孩子家长已到朝阳区管庄派出所报案，还称幼儿园园长和老师涉嫌猥亵。
87 9 6 1 2 0.276
11月23日上午，有家长到幼儿园门口找学校要说法，希望见到院长，并要求看园区监控视频，但被保安拦在门外。
87 17 11 1 2 0.685
今年4月，有媒体称红黄蓝幼儿园大红门分园幼儿教师推搡、踢打孩子事件。
87 18 11 2 2 0.475
园方称涉事的两名教师和园长均已停职接受检查，并到派出所接受调查。
88 1 1 1 3 0.748
北京市朝阳区管庄红黄蓝幼儿园(新天地分园)疑似发生“虐童事件”引发社会各界广泛关注。
88 2 1 2 3 0.411
11月22日，北京警方已接到家长报案，正根据家长反映情况进行调查取证。
92 1 1 1 2 0.644
关于目前社会关注的北京红黄蓝幼儿园新天地园区涉嫌存在针扎幼儿，给幼儿喂食、注射不明药物，猥亵等虐童行为，目前，幼儿家长已向警方提供了相关证据。
92 2 1 2 2 0.426
那么，事件真相究竟如何？孩子是否受到了虐待甚至性侵？警方调查有何进展？
93 1 1 1 1 0.664
多位幼儿家长称，北京市朝阳区的朝花幼儿园万象新天园教师涉嫌用针刺幼儿、喂服不明片剂，已向附近的常营派出所报案。
93 2 2 1 2 0.73
北京红黄蓝幼儿园新天地分园涉嫌虐童事件仍在发酵，真实情况仍有待警方调查。
93 3 2 2 2 0.201
而距其仅十分钟车程的另一所幼儿园更早前也有家长反映类似情况。
93 4 3 1 1 0.669
多位幼儿家长称，北京市朝阳区的朝花幼儿园万象新天园教师涉嫌用针刺幼儿、喂服不明药片，他们已于11月16日向常营派出所报案。
94 1 1 1 1 0.735
据新华社等媒体报道，22日开始，有十多名幼儿家长反映，北京朝阳区管庄红黄蓝幼儿园（新天地分园）国际小二班的幼儿身上出现针眼，疑似遭遇老师扎针和喂食不明白色药片，朝阳警方已介入事件调查。
95 8 6 1 2 0.735
据新京报报道，22日晚开始，有十余名幼儿家长反映朝阳区管庄红黄蓝幼儿园（新天地分园）的幼儿遭遇老师扎针、喂不明白色药片。
95 9 6 2 2 0.243
一位家长称，孩子最近三四天拒绝上幼儿园，说到“老师给吃过白色药片”时家人才意识到问题。
95 16 11 2 2 0.623
对于个别人士涉嫌诬告、陷害的行为，新天地幼儿园园长已向公安机关报案。
95 15 11 1 2 0.332
声明还表示，红黄蓝决定进一步全面升级全国园所的安全管理体系。
96 13 8 1 2 0.659
11月22日，有幼儿家长反映北京管庄红黄蓝幼儿园（新天地分园）国际小二班的幼儿遭遇老师扎针、喂不明白色药片，并提供孩子身上多个针眼的照片。
96 14 8 2 2 0.717
多名北京红黄蓝幼儿园新天地分园孩子家长已到朝阳区管庄派出所报案。
97 3 2 1 4 0.721
北京红黄蓝幼儿园新天地园区涉嫌虐童的情况引发了网络热议。
97 4 2 2 4 0.123
其中，关于部队的传言也引人关注。
98 1 1 1 2 0.775
携程幼儿园虐童事件风波未静，昨晚，又爆出北京管庄红黄蓝幼儿园（新天地分园）国际小二班的孩子遭老师扎针、喂不明白色药片。
98 2 1 2 2 0.648
家长还称幼儿园园长和老师涉嫌猥亵。
100 1 1 1 3 0.721
北京红黄蓝幼儿园新天地园区涉嫌虐童的情况引发了网络热议。
100 2 1 2 3 0.123
其中，关于部队的传言也引人关注。
