3
18 6 3 1 3 0.564
据报道,北京市目前各区都对幼儿园的摄像头及监控情况进行排查,并部署加强相关安全工作。
18 7 3 2 3 0.648
各区幼儿园被要求增设摄像头,加大密度,实现监控全覆盖、无死角。
18 8 3 3 3 0.619
部分幼儿园的监控与所在区教委、公安分局联网。
0
1
19 8 5 1 1 0.615
红黄蓝还表示，“我们没有资格祈求原谅，唯有拿出实际行动”，将对幼儿园监控系统进行全面升级，确保做到无死角不间断实时监控。
2
26 10 5 1 2 0.403
记者注意到，多个区在检查中涉及技防监控覆盖问题。
26 11 5 2 2 0.647
西城区教委联合区消防队对所辖区域内的幼儿园进行严格细致的安全排查工作，据了解，西城区所有公办幼儿园均配备有专业技防监控，布防无盲区；针对部分民办园技防监控的短板，区教委将提供资金和物质保障，确保配齐技防监控。
1
30 11 9 1 1 0.722
4、对幼儿园监控系统进行全面升级，确保做到无死角不间断实时监控。
1
31 1 1 1 1 0.615
今天早上，红黄蓝教育机构通过官方微博发布道歉信，表示“我们没有资格祈求原谅，唯有拿出实际行动”，并承诺“对幼儿园监控系统进行全面升级，确保做到无死角不间断实时监控。”
1
31 10 8 1 1 0.745
对幼儿园监控系统进行全面升级，确保做到无死角不间断实时监控。
2
34 1 1 1 2 0.405
29日，针对红黄蓝新天地幼儿园事件，红黄蓝教育机构发布道歉信：我们倍感难过和耻辱，向孩子们和大家深深道歉，对不起！我们没有资格祈求原谅，唯有拿出实际行动。
34 2 1 2 2 0.731
并承诺对幼儿园监控系统进行全面升级，确保做到无死角不间断实时监控。
1
34 10 7 1 1 0.722
4、对幼儿园监控系统进行全面升级，确保做到无死角不间断实时监控。
1
37 2 2 1 1 0.615
红黄蓝还表示，“我们没有资格祈求原谅，唯有拿出实际行动”，将对幼儿园监控系统进行全面升级，确保做到无死角不间断实时监控。
1
37 12 10 1 1 0.745
4．对幼儿园监控系统进行全面升级，确保做到无死角不间断实时监控。
1
45 1 1 1 1 0.618
据新京报报道，在开展全市幼儿园安全隐患大排查工作的同时，北京市教委对进一步加强各级各类幼儿园管理做出工作部署，要求各区建立各级各类幼儿园办园行为动态监管档案数据库，幼儿园设备设施不到位、使用不规范的，即刻整改；为区域内每所幼儿园配备一位责任督学，开展挂牌督导促进规范办园。
3
45 16 9 1 3 0.295
外部监管跟进之余，目前一些幼儿园在自我管理上也有了升级。
45 17 9 2 3 0.665
据悉，北京多家幼儿园已增加摄像头，实行无死角监控，并跟教委、公安系统联网。
45 18 9 3 3 0.013
这种“技术”回应，契合了此前部分舆论的呼吁。
3
67 21 10 2 5 0.351
法制晚报·看法新闻记者在其官网中查询发现，红黄蓝幼儿园在北京共有28家，在全国境内山东省内的园所最多，达到45家。
67 22 10 3 5 0.602
相关新闻北京一幼儿园装智能摄像机家长用手机随时查看北京朝阳区红黄蓝新天地幼儿园出现幼儿疑似受老师侵害事件。
67 23 10 4 5 0.508
幼儿教育不能实时监控的情况下，如何确保幼儿身心安全再次引发热议。
2
67 25 11 1 3 0.638
该幼儿园是位于昌平区天通苑北二区的一家幼儿园，记者注意到，该幼儿园的教室外墙已装上摄像头，监控范围覆盖整个幼儿游乐场所。
67 26 11 2 3 0.25
楼道、教室内亦装有摄像头，每个角落均能覆盖。
3
67 35 14 1 3 0.417
记者从360公司了解到，目前，360公司面向全国有资质的幼儿园免费提供不限总量的摄像机。
67 36 14 2 3 0.623
特别针对北京地区幼儿园，单个幼儿园申领数量不限量，并且免费上门安装，免费技术指导，北京以外地区幼儿园摄像机快递配送并远程指导安装。
67 37 14 3 3 0.286
截止目前，全国各地已有3000余家幼儿园登记申领。
3
84 21 7 3 5 0.169
对于社会办学机构，虽不能过多干预其自主办学，但也不能连基本的安全监督都没有。
84 22 7 4 5 0.673
近期，北京新出台《北京市学前教育社区办园点安全管理工作基本要求（试行）》，里面就明确要求社区办学要在出入口及儿童活动区安装视频监控，且安排专人实时监控，及时报警，监控视频记录应保存30天。
84 23 7 5 5 0.343
如果这样的要求能推广到所有幼儿园并落实到位，再辅以教育部门的抽查压力，应该会尽可能减少虐童现象。
