1
3 33 19 1 1 0.608
北京时间11月28日深夜，郝俊波律师事务所美国律师团队已代表部分北京红黄蓝幼儿园的美股投资者将该公司及其首席执行官史燕来和另一位高管作为被告诉至美国纽约南区法院。
2
3 43 27 1 2 0.624
11月25日，新京报记者在美国罗森律师事务所官网看到，该律所正在发起对红黄蓝的诉讼调查。
3 44 27 2 2 0.214
该律所认为，红黄蓝教育公司可能发布了重大的误导性商业信息，导致投资大众利益受损。
2
3 45 28 1 2 0.682
另一家发起红黄蓝集体诉讼调查的律所为美国成美律师事务所。
3 46 28 2 2 0.328
该所官网声明显示，正在调查该公司美国证券法下所作的披露（包括但不限于其上市招股书）是否存在重大实质失实，遗漏或者误导性的内容，并准备代理该公司股东在美国启动证券法集体诉讼。
1
3 48 30 1 1 0.685
北京仁创律师事务所王旭律师解释称，根据长臂管辖权理论，美国的股民可以就股票损失对红黄蓝所属公司提起诉讼。
2
22 1 1 1 3 0.623
新京报快讯（记者刘洋）新京报记者从北京郝俊波律师事务所获悉，北京时间11月28日深夜，其美国律师团队已代表中国北京的红黄蓝幼儿园美国证券投资者将该公司及其首席执行官史燕来和另一位高管（英文全称：RYBDUCATION，INC。
22 2 1 2 3 0.216
，YANLAISHIandWEIPING）作为被告诉至美国纽约南区法院。
1
24 12 8 1 1 0.621
另外，据媒体报道，北京时间11月28日晚，北京郝俊波律师事务所美国律师团队已代表北京的红黄蓝幼儿园美国证券投资者，将该公司及其CEO史燕来和CFO魏萍作为被告诉至美国纽约南区法院。
1
24 27 19 1 1 0.629
据媒体报道，北京时间11月28日晚，北京郝俊波律师事务所美国律师团队已代表北京的红黄蓝美国证券投资者，将该公司及其CEO史燕来和CFO魏萍作为被告诉至美国纽约南区法院。
1
24 33 23 1 1 0.689
据新京报报道，美国罗森律师事务所和美国成美律师事务所调查方向多集中在信息披露是否存在重大失实，遗漏或者误导性的内容，并准备代理该公司股东在美启动证券发集体诉讼。
2
25 1 1 1 2 0.439
2017年11月27日，美国华尔街老牌律所PomerantsLLP向美国纽约南区联邦法院提出诉讼，将红黄蓝告上法庭。
25 2 1 2 2 0.671
PomerantsLLP正是北京郝俊波律师事务所的美国合作伙伴。
2
25 8 6 1 2 0.829
南都记者从北京郝俊波律师事务所的郝俊波律师处获悉，提出诉讼的PomerantzLLP正是其美国律师团队。
25 9 6 2 2 0.619
郝俊波律师还向南都记者提供了本案的起诉书。
0
1
27 1 1 1 1 0.603
新浪科技讯北京时间11月29日午间消息，据外媒报道，美国律师事务所PomerantzLLP今天宣布，对红黄蓝（NYSE：RYB）及其部分高管提起集体诉讼。
1
41 1 1 1 1 0.652
经济观察网记者盖虹达11月27日，一位来自中国北京的红黄蓝教育（NYSE：RYB）美国证券投资者正式书面委托北京郝俊波律师事务所及其美国律师团队，拟就红黄蓝教育在美上市公司涉嫌证券欺诈令投资者受损一案提起集体诉讼。
1
49 7 6 1 1 0.677
“红黄蓝事件”后，美国纽约的律师事务所为什么会发起这样的调查？什么人有资格可以作为控告主体？如果提起诉讼又将如何进行？央视记者独家对话美国成美律所事务所合伙人、律师柳治平。
1
49 18 13 1 1 0.63
柳治平律师：对。
3
53 3 2 1 3 0.243
红黄蓝幼儿园23日传出丑闻后，其在美国上市的股票24日开盘后暴跌40%。
53 4 2 2 3 0.704
多家纽约律师事务所启动了对红黄蓝的起诉准备。
53 5 2 3 3 0.13
不过，令人遗憾的是，美国的这些诉讼无法为受害儿童维护权益，而只能为股东维护权益，对红黄蓝所能追究的责任相当有限。
3
57 1 1 1 4 0.31
【学者：在美国起诉红黄蓝虽然值得一试但未必有实效】红黄蓝幼儿园传出丑闻后，其在美国上市的股票24日开盘后暴跌40%。
57 2 1 2 4 0.704
多家纽约律师事务所启动了对红黄蓝的起诉准备。
57 3 1 3 4 0.048
不过，令人遗憾的是，美国的这些诉讼无法为受害儿童维护权益，而只能为股东维护权益，所能追究的责任相当有限。
2
72 6 4 1 2 0.682
另一家发起红黄蓝集体诉讼调查的律所为美国成美律师事务所。
72 7 4 2 2 0.311
该所官网声明显示，正在调查该公司美国证券法下所作的披露(包括但是不限于其上市招股书)是否存在重大实质失实，遗漏或者误导性的内容，并准备代理该公司股东在美国启动证券法集体诉讼，向该公司索赔此等可能的证券法违规带给股东的经济损失。
2
72 10 6 1 2 0.682
北京仁创律师事务所王旭律师向新京报记者解释称，根据长臂管辖权理论，美国的股民可以就股票损失对红黄蓝所属公司提起诉讼。
72 11 6 2 2 0.095
“当被告人的住所不在法院地州，但和该州有最低联系，而且所提权利要求的产生已和这种联系有关时，就该项权利要求而言，该州对于该被告人具有属人管辖权。”
2
75 1 1 1 2 0.695
新浪财经讯洛杉矶华裔律师刘龙珠周五表示，他将作为多名受虐儿童家庭的代理律师，对红黄蓝在美上市主体发起集体诉讼。
75 2 1 2 2 0.322
刘龙珠律师对新浪财经表示，由于红黄蓝是美国上市公司，完全可以在美国对这家公司的上市主体发起诉讼，同时由于该事件引发巨大关注度，美国证监会（SEC）及美国联邦检察官办公室很有可能介入调查，这可能对红黄蓝形成致命的打击。
1
89 3 2 1 1 0.651
美国罗森律师事务所（RosenLawFirm）和美国成美律所事务所是最早宣布正式调查的两家律所。
2
89 7 5 1 2 0.603
成美律所是华人律师在纽约创立的精品律所。
89 8 5 2 2 0.522
合伙人柳治平律师向21世纪经济报道表示，这个案件与此前所有的股东权益诉讼案件不同，引发“天怒人怒”。
2
89 11 7 1 4 0.667
发布开启调查的另外一家律所为罗森律师事务所。
89 12 7 2 4 0.376
根据官网显示，是美国代理的股东代理股东诉讼案件最多的公司，此前代理希尔威金属矿业有限公司、TextainerFinancialServs。
