3
16 12 4 1 3
电影《缝纫机乐队》将于9月29日上映，同期竞争的影片还有冯小刚的《芳华》、李晨首次执导的《空天猎》等，状况可谓非常激烈。
16 13 4 2 3
大鹏透露，自己跟冯小刚、李晨三人有一个群，叫做“国庆正能量”，平时会互发一些物料，或者讨论如何让各自的电影做得更好。
16 14 4 3 3
对于票房，大鹏直言自己没什么压力，也不打算换档期，“同期的导演都是我非常好的朋友，其实不管谁的票房高对中国电影都是一件好事，毕竟类型不太一样，内容质量也都很过关。”
3
17 1 1 1 6
广州日报讯（全媒体记者黄岸）前晚，第26届金鸡百花电影节在呼和浩特市落下帷幕。
17 2 1 2 6
当晚，第31届中国电影金鸡奖揭晓。
17 3 1 3 6
《湄公河行动》夺得最佳故事片奖，邓超[微博]凭借《烈日灼心》获得最佳男主角，范冰冰[微博]凭借《我不是潘金莲》斩获最佳女主角，冯小刚[微博]时隔12年二度摘得金鸡奖最佳导演。
2
18 1 1 1 2
新浪娱乐讯9月16日，范冰冰斩获第31届中国电影金鸡奖最佳女主角，一举成为当晚焦点。
18 2 1 2 2
颁奖典礼当天，范冰冰身着白色西服套装出席典礼，尽显优雅大气。
3
18 9 3 3 5
影片中范冰冰饰演的村妇李雪莲，其出色的表演和突破性的造型均呈现出了范冰冰不同以往的另一面。
18 10 3 4 5
范冰冰也凭借李雪莲这一角色，赢得了第64届西班牙圣塞巴斯蒂安国际电影节最佳女主角、第11届亚洲电影大奖最佳女主角、第8届中国电影导演协会年度女演员，以及第53届台湾电影金马奖最佳女主角提名等多项殊荣。
18 11 3 5 5
此番斩获第31届中国电影金鸡奖最佳女主角，无疑也是对范冰冰在电影中的出色表现给予了再一次的肯定和赞赏。
2
18 10 3 4 5
范冰冰也凭借李雪莲这一角色，赢得了第64届西班牙圣塞巴斯蒂安国际电影节最佳女主角、第11届亚洲电影大奖最佳女主角、第8届中国电影导演协会年度女演员，以及第53届台湾电影金马奖最佳女主角提名等多项殊荣。
18 11 3 5 5
此番斩获第31届中国电影金鸡奖最佳女主角，无疑也是对范冰冰在电影中的出色表现给予了再一次的肯定和赞赏。
3
18 12 4 1 3
范冰冰在第64届圣塞巴斯蒂安电影节上摘得影后桂冠，是范冰冰继2010年获得东京国际电影节影后，第二次荣获国际A类电影节影后。
18 13 4 2 3
之后在第八届中国电影导演协会年度盛典上再度获得最佳女主角奖项，获得了来自中国电影行业内最高级别的表彰。
18 14 4 3 3
中国电影金鸡奖与华表奖、大众电影百花奖并称中国电影三大奖，继《手机》荣获第27届大众电影百花奖最佳女主角后，此番又斩获第31届金鸡奖最佳女主角，中国电影三大奖项荣收两个奖杯，再次获得业内专业人士的肯定。
3
18 12 4 1 3
范冰冰在第64届圣塞巴斯蒂安电影节上摘得影后桂冠，是范冰冰继2010年获得东京国际电影节影后，第二次荣获国际A类电影节影后。
18 13 4 2 3
之后在第八届中国电影导演协会年度盛典上再度获得最佳女主角奖项，获得了来自中国电影行业内最高级别的表彰。
18 14 4 3 3
中国电影金鸡奖与华表奖、大众电影百花奖并称中国电影三大奖，继《手机》荣获第27届大众电影百花奖最佳女主角后，此番又斩获第31届金鸡奖最佳女主角，中国电影三大奖项荣收两个奖杯，再次获得业内专业人士的肯定。
2
22 1 1 1 2
9月16日，第26届金鸡百花电影节在呼和浩特市举行颁奖典礼，第31届中国电影金鸡奖颁出。
22 2 1 2 2
相比较金马奖上的失利，这一次，范冰冰还是赚足了面子，再加上被求婚和过生日，可谓“三喜临门”。
2
29 1 1 1 2
中新社呼和浩特9月17日电（记者李爱平）16日晚，第31届中国电影金鸡奖在此间揭晓。
29 2 1 2 2
内地超人气影星邓超[微博]、范冰冰[微博]分别获得了最佳男女主角，冯小刚[微博]凭借电影《我不是潘金莲》斩获了最佳导演奖。
3
29 12 6 1 3
第31届中国电影金鸡奖的报名影片，来自于2015年6月1日至2017年5月15日之间。
29 13 6 2 3
从今年3月开始报名，组委会共收到264部作品，16日晚间，组委会共颁发了包括上述奖项在内的10多项大奖。
29 14 6 3 3
组委会还为牛犇、刘世龙、玛拉沁夫等三位艺术家颁发了终身成就奖。
3
29 15 7 1 3
被称为“中国奥斯卡”的中国电影金鸡奖和大众电影百花奖，是中国两大华语电影奖项。
29 16 7 2 3
2005年起，两奖隔年评选，单数年评选金鸡奖，偶数年评选百花奖。
29 17 7 3 3
下届电影节将于2018年秋季在广东省佛山市举办。
2
31 1 1 1 2
新浪娱乐讯9月16日，第31届中国电影金鸡奖揭晓，《湄公河行动》被授予最佳故事片，邓超凭《烈日灼心》获影帝，《我不是潘金莲》三奖成最大赢家，范冰冰斩获首座金鸡影后，冯小刚时隔十年二度摘得金鸡奖最佳导演，最佳男配角诞生了于和伟与王千源的双黄蛋。
31 2 1 2 2
文章以《陆垚知马俐》夺导演处女作奖。
3
32 1 1 1 3
新浪娱乐讯9月16日，范冰冰摘得第31届中国电影金鸡奖最佳女主角奖项，这一天是范冰冰的生日，也是她被男友李晨求婚的日子。
32 2 1 2 3
在获奖采访中，范冰冰表示很幸运在本命年迎来这么多喜事，至于结婚的具体事务，她表示工作太忙，还没有时间规划。
32 3 1 3 3
对于李晨导演、自己主演的《空天猎》，范冰冰表示希望李晨能凭借此片拿到导演类的奖项，还说：“一个家里一个导演就够了。”（阿辉/文）
