2
28 21 7 1 4
不仅是微博，据说明星微信朋友圈也都是李晨范冰冰订婚的各种贺词。
28 22 7 2 4
正当王祖蓝在微博表示“终于不用催婚”时，黄晓明已经第一时间在朋友圈呼吁范冰冰“快生”，范爷则回他：“你再生！”也是相当搞笑。
3
48 41 14 1 3
由李晨执导，李晨、范冰冰等主演的《空天猎》预算超了一倍多，整体两个亿的投资几乎都花在了制作上，李晨范冰冰零片酬出演。
48 42 14 2 3
范冰冰爆料当时接下这个角色是因为李晨说，我没钱找别的女演员了，要不然你就别要钱了，来演一个。
48 43 14 3 3
当时我以为就两场戏。
2
77 4 3 1 5
5月29日，李晨范冰冰先后在微博发布合影，并题词“我们”，引发网友模仿狂潮。
77 5 3 2 5
一时间，网络遍布合影，所有照片的名字都是两个字：我们。
1
81 1 1 1 1
最近，各位看官有没有对李晨范冰冰的“我们”刷屏引起审美疲劳呢？故事还没完！前晚十点半，李晨忍不住与张馨予隔空展开大战，竟然导致微博都被刷挂。
3
81 2 2 1 6
据说微博一共挂过四次，王菲离婚、文章出轨、陈赫劈腿，还有就是李晨“大战”前任。
81 3 2 2 6
有网友说，“刷十多分钟愣是刷不出来，以为掉网了或是手机又有问题，原来李晨、范冰冰又来炸锅了，我只想说一句贵圈真乱！”李晨范冰冰宣布“在一起”后，就遭张馨予闺蜜爆料范冰冰介入李晨张馨予恋情导致两人分手。
81 4 2 3 6
李晨送张馨予心形石头“示爱”的甜蜜过往，网民还记忆犹新。
