50 27 13 1 1
范冰冰：戛纳选片有自己偏好，有的电影有商业元素，但不是商业片，是用艺术电影来包装的。
50 30 15 1 3
中国艺术院线很少，银幕少，比例小。
50 31 15 2 3
没有给中国观众观看艺术电影的平台，这是一件糟糕的事。
50 32 15 3 3
需要有人扶植艺术院线，让爱艺术电影的人看到艺术电影，拍艺术电影有收入，觉得拍艺术电影在中国能活。
50 30 15 1 3
中国艺术院线很少，银幕少，比例小。
50 31 15 2 3
没有给中国观众观看艺术电影的平台，这是一件糟糕的事。
50 32 15 3 3
需要有人扶植艺术院线，让爱艺术电影的人看到艺术电影，拍艺术电影有收入，觉得拍艺术电影在中国能活。
50 33 16 1 4
我和李睿珺（《路过未来》导演）聊天，他说他拍第一个、第二个电影，都是拿着别的电影节基金来拍。
50 34 16 2 4
他想拍艺术电影，但没有人投钱。
50 35 16 3 4
他拿的，是剧本得奖的钱，拍了第一部电影。
50 35 16 3 4
他拿的，是剧本得奖的钱，拍了第一部电影。
50 36 16 4 4
他觉得没有艺术电影生存空间。
50 41 19 1 3
我支持市场细分、电影分级，艺术院线和平台搭建，如果我有力量我也愿意去做，去贡献自己的力量。
50 42 19 2 3
中国做艺术电影难，资金、发行、管理，方方面面都比商业电影难。
50 43 19 3 3
每一个热爱电影的人都应该来帮助艺术电影。
50 41 19 1 3
我支持市场细分、电影分级，艺术院线和平台搭建，如果我有力量我也愿意去做，去贡献自己的力量。
50 42 19 2 3
中国做艺术电影难，资金、发行、管理，方方面面都比商业电影难。
50 43 19 3 3
每一个热爱电影的人都应该来帮助艺术电影。
