3
77 16 7 1 3
6月1日，该片新增角色——李晨的造型师好友张帅上场，发表长文《正能量群》。
77 17 7 2 3
文中，张帅表示要为好友两肋插刀：“牛哥有点憨，但从小家里人都告诉我们不能欺负老实人！”并说出全片转折性台词：“不知道你劈腿霍先生的同时你男友还傻傻地去美国要给你买房子吗？伤心欲绝的男友来不及给你一个拥抱！”再次将劈腿帽子丢回给张馨予。
77 18 7 3 3
“霍先生”是谁?有人指出是霍建华，但遭到其经纪人否认。
3
77 16 7 1 3
6月1日，该片新增角色——李晨的造型师好友张帅上场，发表长文《正能量群》。
77 17 7 2 3
文中，张帅表示要为好友两肋插刀：“牛哥有点憨，但从小家里人都告诉我们不能欺负老实人！”并说出全片转折性台词：“不知道你劈腿霍先生的同时你男友还傻傻地去美国要给你买房子吗？伤心欲绝的男友来不及给你一个拥抱！”再次将劈腿帽子丢回给张馨予。
77 18 7 3 3
“霍先生”是谁?有人指出是霍建华，但遭到其经纪人否认。
3
80 1 1 1 3
自一张“我们”的合影起，范冰冰、李晨和张馨予就一直合力占据娱乐头条，也让一众围观网友似乎看到了一出名为“晨冰恋”的情感大剧——在网传张馨予的好友曝光范冰冰插足两人恋情、李晨好友发声指张馨予“劈腿霍先生”后，前天深夜，李晨突然发出长微博，直指自己遭遇“捆绑消费”。
80 2 1 2 3
公开信中，李晨不仅曝光“张小姐出轨”、表示希望跟她“此生不再交集”，并甜蜜力挺冰冰“从现在开始我就是要保护她”。
80 3 1 3 3
昨日，张馨予出席某活动时拒绝再谈此事，但被牵扯进此事的霍建华则通过经纪人开腔否认绯闻。
2
80 18 10 1 2
李晨好友称张馨予出轨对象为圈内男星“霍先生”，这让不少网友揣测为曾与张馨予传出过绯闻的霍建华。
80 19 10 2 2
对此，“躺枪”的霍建华通过经纪人回应称：“当然不是。”
2
81 6 2 5 6
如今，各种八卦沉渣泛起，总结如下：张馨予李晨在2013年9月分手后曾复合过；李晨在无锡拍《武媚娘传奇》时曾住在张馨予昆山的家里；复合后李晨曾买了戒指要跟张馨予求婚。
81 7 2 6 6
随后，范冰冰好友设计师张帅发文反驳“出轨说”，并在文中暗指张馨予劈腿霍先生，也疑似坐实了之前张馨予与霍建华交往的传闻。
2
90 11 5 1 2
“米妮小甜心是我”删了微博也没能免除是非。
90 12 5 2 2
昨日下午，范冰冰和李晨的共同好友张帅发长微博，为“李晨劈腿”说明真相：“你这朋友一同和你走到今天不知道你理亏吗？不知道你正劈腿霍先生的同时你男友还傻傻地去美国要给你买房子吗？伤心欲绝的男友是来不及给你一个拥抱！应该及时给你一巴掌！不至于到今天你还自我催眠自己！……”
3
91 6 4 1 3
就在张馨予连续为前任李晨与范冰冰的事“蹭头条”，李晨方面也“毫不示弱”进行反击。
91 7 4 2 3
6月1日下午，李晨的好友、圈内知名造型师李帅在微博透露，当年“张馨予在劈腿霍先生的同时，李晨还傻傻地为她在美国买房子”，称张馨予“不懂珍惜”。
91 8 4 3 3
对于“霍先生”，网友猜测指向霍建华，但此前霍建华曾否认了相关传闻。
3
91 6 4 1 3
就在张馨予连续为前任李晨与范冰冰的事“蹭头条”，李晨方面也“毫不示弱”进行反击。
91 7 4 2 3
6月1日下午，李晨的好友、圈内知名造型师李帅在微博透露，当年“张馨予在劈腿霍先生的同时，李晨还傻傻地为她在美国买房子”，称张馨予“不懂珍惜”。
91 8 4 3 3
对于“霍先生”，网友猜测指向霍建华，但此前霍建华曾否认了相关传闻。
2
95 1 1 1 2
新浪娱乐讯范冰冰[微博]、李晨[微博]、张馨予[微博]，这三个人的名字在短短几天时间内刷了群众们无数次屏，从浪漫爱情变成狗血撕X，简直已经摸不清剧情走向！现在这出狗血剧顺序倒叙加一起直播到第四集，故事从男主李晨和现任范冰冰曝光恋情开始，回溯男主和前任张馨予的旧情往事，再从前任送祝福惊天大反转为前任劈腿在先反诬现任趁机插足，“用绳命在抓马(drama)”的李晨曾与前任石头定情，海誓山盟，“天涯海角，有我相伴”，现在彻底撕破脸，变成“愿你走好，此生不再交集”，转而他对现任立下新的誓言：“保护她，用尽我一切可能！”……然而，故事还未完结。
95 2 1 2 2
孰是孰非，群众表示看不懂！传说中的霍先生是谁，没有人来解释！但这出娱乐圈狗血大剧的安利，小编虽心累，还是果断麻利吃下了！
1
95 38 15 1 1
这下轮到李晨好友坐不住了，造型师张帅先跑出来呛声，直指张馨予曾经劈腿，而自己好友痴心错付：“你朋友一同和你走到今天不知道你理亏吗？不知道你劈腿霍先生的同时你男友还傻傻的去美国要给你买房子吗？”主持人谢娜跟着跑出来煽情：“记得最难过的那段时间，周围的朋友们为了保护她，不让他上微博，微博密码也给改了。后来，他终于熬过了那段日子。”为展现苦尽甘来，谢娜顺便描写了一段李晨和冰冰在一起时幸福的模样。
3
95 39 16 1 3
李晨和小张缘尽时，坊间曾好事者多嘴：“那小姑娘其实是跟了霍先生！”于是故事中有个霍先生，他从未以真面目示人，只是被断断续续载入情节中，没有线索，没个结果。
95 40 16 2 3
后有媒体询问霍建华方面，是不是霍建华就是那个霍先生？被对方经纪人果断否认。
95 41 16 3 3
霍先生是个谜啊……然而狗血剧播到第三集，谜之霍先生居然惊人地再次出现了！而且堂而皇之出现在男主好朋友的“口供”里！这个霍先生存在感实在叫人无法忽视，可霍先生到底是谁呢？
3
95 39 16 1 3
李晨和小张缘尽时，坊间曾好事者多嘴：“那小姑娘其实是跟了霍先生！”于是故事中有个霍先生，他从未以真面目示人，只是被断断续续载入情节中，没有线索，没个结果。
95 40 16 2 3
后有媒体询问霍建华方面，是不是霍建华就是那个霍先生？被对方经纪人果断否认。
95 41 16 3 3
霍先生是个谜啊……然而狗血剧播到第三集，谜之霍先生居然惊人地再次出现了！而且堂而皇之出现在男主好朋友的“口供”里！这个霍先生存在感实在叫人无法忽视，可霍先生到底是谁呢？
3
95 39 16 1 3
李晨和小张缘尽时，坊间曾好事者多嘴：“那小姑娘其实是跟了霍先生！”于是故事中有个霍先生，他从未以真面目示人，只是被断断续续载入情节中，没有线索，没个结果。
95 40 16 2 3
后有媒体询问霍建华方面，是不是霍建华就是那个霍先生？被对方经纪人果断否认。
95 41 16 3 3
霍先生是个谜啊……然而狗血剧播到第三集，谜之霍先生居然惊人地再次出现了！而且堂而皇之出现在男主好朋友的“口供”里！这个霍先生存在感实在叫人无法忽视，可霍先生到底是谁呢？
3
96 8 4 1 5
有网友转发了李晨的长微博，并评论说“霍建华哭晕：怪我咯”。
96 9 4 2 5
原来，早在2013年李晨张馨予分手时，就有消息传出指张馨予在与李晨恋爱期间出轨，其劈腿对象是“霍先生”。
96 10 4 3 5
不少人揣测这位“霍先生”正是霍建华。
3
96 9 4 2 5
原来，早在2013年李晨张馨予分手时，就有消息传出指张馨予在与李晨恋爱期间出轨，其劈腿对象是“霍先生”。
96 10 4 3 5
不少人揣测这位“霍先生”正是霍建华。
96 11 4 4 5
今晚事件发生后，新浪娱乐也联络了霍建华经纪人，截止到发稿前对方仍未接听电话。
