3
42 1 1 1 3
新浪娱乐讯北京时间8月17日消息，据国外媒体报道，HBO热播美剧《权力的游戏》（GameofThrones）最终还是泄露了，第七季第六集的资源日前已经可以在一些网站上下载到。
42 2 1 2 3
令人啼笑皆非的是，导致《权力的游戏》泄露的并非是黑客组织，而是HBO自己。
42 3 1 3 3
HBO面向北欧各国和西班牙语系国家的两项服务HBONordic和HBOEspaña提前四天播出了第七季第六集，而且这已经是HBONordic第二次出现这样的乌龙了。
4
45 1 1 1 1
8月14日，美国HBO电视网宣布，不会与窃取其1.5TB数据的黑客展开谈判。
45 2 2 1 1
此前，外界曾疯传HBO拟向黑客支付25万美元以了结数据遭窃一事，但这家老牌电视网络媒体公司通过一份声明表示，公司没有与黑客进行沟通，也不打算在黑客每次爆料新信息时都发表评论。
45 3 3 1 2
不久前，HBO遭遇了史无前例的泄密危机。
45 4 3 2 2
名为“史密斯先生”的黑客组织声称盗取了该公司1.5TB的数据，并威胁称，若不能以此换取“价值我们6个月工资的比特币”（相当于600万美元），该组织就会泄露全部数据资料。
4
57 1 1 1 1
新浪娱乐讯据台湾媒体报道，先前入侵美国有线电视频道HBO的黑客组织，以“史密斯先生”之名，7日再度在网络上散播遭窃档案，其中包含热门美国影集《冰与火之歌：权力的游戏》（GameofThrone）最新集数剧本，要求HBO付数百万美元赎金，否则将再度流出相关文件。
57 2 2 1 1
遭流出的档案包含5集的《权力的游戏》剧本，内有即将播出的最新一集内容，另有HBO制片副总裁柯恩（LeslieCohen）长达一个月的电子邮件，以及公司内部文件，包含法律文件、执行高层的工作推荐信。
57 3 3 1 2
黑客声称，手上仍握有更多资料，包括剧本、即将播出的影集与电影、以及有损HBO的文件资料。
57 4 3 2 2
一份给HBO执行长普莱普勒（RichardPlepler）的影片中，黑客威胁若不付赎金，将进一步披露更多相关档案，且要求付“六个月的比特币薪水”的赎金，意味着至少600万美元（约人民币4千万元）。
5
3 1 1 1 2
据外媒报道，日前，FBI起诉了一名叫做BehmadMezri的伊朗男子，据悉，该名男子被控犯下攻击HBO、盗走1.5TB数据并以此进行勒索的罪行。
3 2 1 2 2
Mezri假名SkoteVashat，有迹象表明他是伊朗黑客组织TurkBlackHat的成员。
3 3 2 1 2
根据FBI的说法，Mezri不是一名普通的黑客，他曾经为伊朗军方工作过。
3 4 2 2 2
今年上半年，在成功攻破HBO网络并偷走1.5TB数据之后Mezri向后者提出了交付价值600万美元的比特币赎金的要求，不过并未得到HBO响应。
3 5 3 1 1
据了解，因为这个网络攻击，HBO的高人气电视剧--《权力的游戏》遭到提前曝光。
5
59 39 22 2 2
虽然事情发生后官方表示会调查泄露的源头，但似乎不了了之，因此有人怀疑是官方某个环节出现纰漏导致泄露，并非黑客攻击。
59 40 23 1 2
2016年年底，一家好莱坞后期制作公司被攻击，窃取了Netflix数部电视剧集。
59 41 23 2 2
因Netflix拒绝支付赎金，黑客组织TheDarkOverlord公开了Netflix热播剧《女子监狱》的最新一季资源。
59 42 24 1 2
两个多月前，迪士尼公司也曾被黑客勒索，迪士尼极力否认攻击事件并拒绝支付赎金。
59 43 24 2 2
黑客组织公开了ABC电视台尚未播出的一档真人秀节目进行报复。
3
59 34 20 1 2
HBO遭遇黑客攻击窃取资料这不是第一次了，刚才提到过2015年的时候曾经有过一次泄露，不过当时更有针对性。
59 35 20 2 2
实际上不只是HBO，很多影视娱乐行业的公司都会遭到黑客攻击，而且是资料泄露的重灾区。
59 36 21 1 2
2014年11月24日，索尼影业遭到名为GOP（和平卫士）的黑客组织攻击，该组织窃取了100GB以上数据，其中大多数是公司机密文件，包括员工信息等，造成了员工的经济和名誉损失，并且涉及到员工电子邮箱、高管薪酬以及非发行电影等等。
2
68 29 12 3 4
同时，今年以来，多家美国电视网也都遭遇类似的黑客事件。
68 30 12 4 4
比如今年4月，Netflix的《女子监狱》第五季就被黑客组织一口气泄露了10集，ABC电视网、国家地理频道等也曾遭遇相关威胁。
2
68 24 11 1 3
对此，HBO电视网并未对外公开具体被窃的内容，但已经启动调查和法律程序，保护相关资源。
68 25 11 2 3
而黑客组织则对外宣称，后续还会有更多内容公布。
2
42 4 2 1 3
这次《权力的游戏》资源泄露恰恰发生在HBO遭受黑客袭击的风口浪尖上。
42 5 2 2 3
上个月HBO电脑系统被黑，1.5T的重要数据被窃，黑客组织向HBO索取价值数百万美元的比特币作为赎金。
7
40 1 1 1 2
8月21日，外媒报道称，跟HBO死扛到底的黑客威胁要泄露《权力的游戏》第七季第七集，也就是第七季大结局。
40 2 1 2 2
黑客还特别“贴心”地温馨提示：亲，千万不要随便看网页哦，有高能剧透！
40 3 2 1 2
此外，这个名为“史密斯先生集团”的黑客组织还对互联网新闻博客Mashable表示，他们已经拿到进入HBO诸多平台的登陆凭证。
40 4 2 2 2
他们还给这个博客发送许多证据，看上去几乎HBO的每个社交账户都被拿下，密码也一一记录在案。
40 5 3 1 1
黑客还特别嚣张地称：“HBO就要狗带了。”
40 6 4 1 2
Mashable并没有用黑客提供的账号密码登陆验证其真实性，因为这是不合法的。
40 7 4 2 2
但是，此前该黑客也给Mashable提供了许多信息，因此真实性还是比较有保证的。
3
42 6 2 3 3
此前黑客组织已经泄露了多部剧集的资源，其中包括热门喜剧《抑制热情》（CurbYourEnthusiasm）。
42 7 3 1 3
不过这一次的《权力的游戏》泄露事件真的和黑客组织无关。
42 8 3 2 3
《权力的游戏》第七季第六集本来会在当地时间周日播出，但HBONordic和HBOEspaña却提前四天播出了这一集。
2
67 6 3 2 3
据悉，黑客盗取的数据资源达1.5TB。
67 7 3 3 3
目前，尚无黑客组织宣称对此负责。
4
58 1 1 1 1
新浪娱乐讯据台湾媒体报道，先前入侵美国有线电视频道HBO的黑客组织，以“史密斯先生”之名，7日再度在网络上散播遭窃档案，其中包含热门美国影集《冰与火之歌：权力游戏》（GameofThrone）最新集数剧本，要求HBO付数百万美元赎金，否则将再度流出相关文件。
58 2 2 1 1
遭流出的档案包含5集的《权力游戏》剧本，内有即将播出的最新一集内容，另有HBO制片副总裁柯恩（LeslieCohen）长达一个月的电子邮件，以及公司内部文件，包含法律文件、执行高层的工作推荐信等。
58 3 3 1 2
黑客声称，手上仍握有更多资料，包括剧本、即将播出的影集与电影、以及有损HBO的文件资料。
58 4 3 2 2
一份给HBO执行长普莱普勒（RichardPlepler）的影片中，骇客威胁若不付赎金，将进一步披露更多相关档案，且要求付“六个月的比特币薪水”的赎金，意味著至少600万美元。
