1
1 11 7 1 1 0.653
此间分析人士指出，在当前德国极右翼民粹主义崛起的背景下，无论是重新大选还是组建少数派政府，都会给未来德国政治埋下隐患。
2
17 3 2 1 2 0.67
德国大选是在整个欧洲民粹主义崛起的背景下进行的，德国选择党的崛起带来了德国政坛势力的变化。
17 4 2 2 2 0.423
联盟党、社民党和自民党等传统党派支持率下滑，无法独当大任。
2
19 11 4 3 4 0.472
继续拒绝参加新的大联合政府的社民党支持率为19.5%，跌破20%大关，这也是该党自2016年12月的最低值。
19 12 4 4 4 0.656
右翼民粹主义政党德国选择党领导层则对一旦重新大选本党可能获益最大满怀希望。
2
21 5 2 3 4 0.406
德国总理默克尔似乎准备接受他的这种大胆设想，在巴伐利亚讲话时，她表示称欧洲到了自己掌握命运的时刻。
21 6 2 4 4 0.63
但在德国组建执政联盟的协商失败后，德国和法国新政府大举推动欧洲合作的前景变得愈发黯淡。
2
27 14 6 1 3 0.61
他在发言中避开了议会第三大党德国选择党。
27 15 6 2 3 0.434
其他各政党先前都明确表态过不会与这个右翼民粹主义政党结盟。
3
31 31 10 2 5 0.433
许多观察家指出，不管是“黑黄”或“黑绿”都是不可想象的，因为这意味着德国新政府将面临瘫痪。
31 32 10 3 5 0.629
第三种选择则是德国再次举行大选。
31 33 10 4 5 0.303
但默克尔曾表示，妄谈重新大选是不负责任的行为。
2
31 35 11 1 2 0.55
《时代周报》称，最后两种情况将威胁到公民对民主的信任，只有右翼民粹政党德国选择党会获益。
31 36 11 2 2 0.677
今年大选首次进入德国联邦议院的德国选择党，要求默克尔立即辞职。
2
32 7 5 2 3 0.471
德国选民对默克尔在2015年作出的开放边境、吸收100多万难民的决定后，移民问题就成了德国国内最具争议的一个政治话题。
32 8 5 3 3 0.681
对默克尔开放边境政策的不满刺激了该国极右翼党派、德国另类选择党（AfD）的崛起。
3
32 12 8 1 4 0.432
很少有人希望进行新的大选。
32 13 8 2 4 0.669
一些主要党派担心极右翼的德国另类选择党（AfD）有可能在新的大选中赢得更多支持票。
32 14 8 3 4 0.435
在9月大选中，这个党派获得了近13%的选票，成为德国第三大党，50多年来首次进入议会。
2
33 1 1 1 2 0.602
(央视新闻客户端特稿)北京时间11月20日(星期一)凌晨，一条有关德国政坛的快讯震撼了欧洲：德国政府组阁谈判宣告破裂，德国总理默克尔陡然被置于无法组建新一届政府的境地。
33 2 1 2 2 0.506
分析认为，德国甚至可能需要重新大选。
1
38 25 14 1 1 0.65
9月的选举也看到了这样一种场景，极右翼的德国另类选择党以12.6%的支持率位居第三，第一次进入德国议会。
2
46 2 2 1 2 0.639
9月18日，在德国柏林，极右翼政党德国选择党领导人阿莉塞·魏德尔在新闻发布会上讲话。
46 3 2 2 2 -0.174
（新华/法新）
2
47 1 1 1 2 0.484
当地时间10月24日，新一届德国联邦议会将召集会议。
47 2 1 2 2 0.607
这也是9月24日德国联邦议会选举后，联邦议院的首次碰面，除了备受关注的组阁话题，德国极右翼政党选择党（AfD）的入围，以及选择党将在议会谋求要职的动向成为了舆论焦点。
2
48 2 2 1 2 0.225
据法国24小时新闻台10月23日报道，德国首都柏林于22日爆发了大规模的街头抗议，数以千计的抗议者参与到了游行与示威活动之中。
48 3 2 2 2 0.654
抗议主要是针对此次以第三大党身份进入德国联邦议会的极右翼政党德国选择党（AfD）。
2
48 4 3 1 2 0.304
据报道，抗议者们高举“阻止选择党”、“我们为多样性而活”等标语走过了柏林市中心的多个街区。
48 5 3 2 2 0.63
在9月25日举行的德国大选中，德国选择党以12.6%的得票率成为了德国联邦议会的第三大党，成为了二战后首个进入德国联邦议会的极右翼政党，这也意味着选择党将获得总共709名议员中的92个名额。
2
48 13 8 1 3 0.606
目前，德国各方也在极力阻止德国选择党的势力继续增强。
48 14 8 2 3 0.601
20日，除德国选择党以外的四个政党再次在德国总理默克尔的主持下开展组阁谈判，希望能够尽快建立联合政府。
1
48 15 8 3 3 0.195
各方当天在谈判后宣布了11月2日前再举行5轮联合谈判的日期，预计将于11月中旬达成组阁谈判的初步结果。
2
53 8 3 1 2 0.391
在英国公“投脱”欧之后，欧元区内部“脱欧”的呼声渐起，法国、意大利、荷兰等国脱欧派都获得了很多支持者。
53 9 3 2 2 0.672
在德国，默克尔也面临极大的挑战，右翼民粹主义政党德国选择党的异军突起，德国选择党的创始成员大多来自精英阶层，奉行反欧元、反欧洲一体化、反移民等。
3
53 13 5 1 3 0.394
联盟党虽然保住了议会第一大党的位置，但得票率比2013年下降8.5个百分点。
53 14 5 2 3 0.609
默克尔在组阁问题上并无多少选择，社民党已宣布不再加入执政联盟，而是寻求成为最大反对党，从而阻止德国选择党成为议会第一大反对党、发挥更大影响力。
53 15 5 3 3 0.462
与自民党和绿党组建执政联盟几乎是唯一的选择，然而绿党立场中间偏左，与联盟党和自由民主党中间偏右的立场有所差别，组阁前景尚不明朗。
2
56 19 7 1 3 0.618
在选择党崛起的背后是德国政治地理的变化，支持选择党的选票基本来自东德，有些选区，选择党成为主流的政党。
56 20 7 2 3 0.506
有的选民认为德国政府向难民撒钱，但是德国养老金领取者却没有办法买一副眼镜，普京是欧洲和平的唯一守护者，而德国依然在美国的占领之下。
3
56 23 8 2 7 0.545
二战结束之后，德国的“自我驯服”是欧洲一体化的动力，也是欧洲政治格局历史性变化的基础。
56 24 8 3 7 0.629
德国成为“经济动物”，选择党在议会中获得了94个席位，表达了与德国主流观点相左的立场。
56 25 8 4 7 0.548
未来德国在欧洲可能需要重新定位，究竟德国优先还是欧洲优先，已经成为一个问题。
1
57 5 4 1 1 0.632
在９月下旬举行的德国大选中，极右翼民粹主义政党德国选择党获得１２．６％的选票，首次进入联邦议院并成为第三大党。
3
58 4 2 1 4 0.423
当前，欧洲政治、经济与社会问题叠加交错，几乎每一次公投或选举背后，都纠缠着传统精英政治势力与日益上升的右翼民粹主义之间的较量。
58 5 2 2 4 0.615
此次德国大选过后，右翼民粹主义政党也首度成为德国议会党团的一部分。
58 6 2 3 4 0.516
右翼崛起已经成为欧洲很多国家政治色谱中最引人注目的变化，默克尔和她领导的基民盟如今同样面临这样的挑战。
1
59 5 3 1 1 0.652
真正的赢家是新崛起的极右翼民粹主义政党德国选择党，该党以12.6%的选票，首次进入联邦议会，这是二战以来德国极右翼政党首次闯进议会。
2
61 9 4 1 5 0.618
德国大选的主要看点显然是民族主义右翼的崛起，其化身就是德国新选择党（AlternativeforGermany），该党在此次选举中获得了超过13%的选票，将成为德国联邦议院中的第三大党，拥有90多个席位。
61 10 4 2 5 0.618
德国外长西格马尔-加布里尔（SigmarGabriel）称，德国新选择党进入议院意味着，“自二战结束以来，将头一次有真正的纳粹出现在德国国会大厦中”。
1
61 11 4 3 5 0.082
大多数分析人士没有把这件事看得那样严重。
2
61 12 4 4 5 0.691
但欧洲其他的极右政党必定将德国新选择党视为姐妹党。
61 13 4 5 5 0.621
法国国民阵线（NationalFront）的领袖马琳•勒庞（MarineLePen）很快就对德国新选择党在选举中取得的成功表示了祝贺。
0
2
61 14 5 1 3 0.739
德国新选择党的崛起是德国中间派进一步萎缩的部分体现。
61 15 5 2 3 0.508
德国主要的中间派政党——默克尔的基督教民主联盟（ChristianDemocraticUnion）及中左翼社会民主党（SocialDemocrat）——得票率创下自1949年以来的新低。
2
61 21 7 1 3 0.606
随着时间推移，德国新选择党已变得越来越激进。
61 22 7 2 3 0.425
这个团体最初是一个“教授党”，由一群不满于德国参与欧元区纾困的保守派知识分子组成。
1
61 23 7 3 3 0.637
但2015年的难民危机令超过100万的寻求庇护者（多数是穆斯林）进入了德国，这成为德国新选择党将自身重塑为一个反移民政党的契机。
2
61 24 8 1 3 0.682
最近，德国新选择党开始玩弄德国政治中最具煽动性的素材——这个国家的纳粹历史。
61 25 8 2 3 0.488
该党领导人之一亚历山大•高兰（AlexanderGauland）说，德国人有权为两次世界大战中的德国士兵感到骄傲。
1
61 26 8 3 3 0.639
在一些泄露出来的电子邮件中，代表德国新选择党参加本次大选的另一位首席候选人阿莉塞•魏德尔（AliceWeidel），将德国政府称为“第二次世界大战胜利国的傀儡”。
1
61 27 9 1 1 0.647
一个右翼民族主义政党进入德国联邦议院，将改变德国的政治基调，还可能使德国与欧洲其他国家的交往方式变得复杂，迫使德国政府采取更民族主义的立场。
3
61 37 12 1 3 0.378
民粹主义的抬头突显了一个事实，许多德国工人认为他们的生活标准正受到挤压，这使主张向欧洲南部慷慨解囊越来越站不住脚。
61 38 12 2 3 0.612
将德国自民党（FreeDemocrats）纳入新的执政联盟的必要性，也使得向法国妥协越来越困难。
61 39 12 3 3 0.54
德国自民党曾是欧洲一体化的拥护者，现在却持有强烈的欧洲怀疑论。
2
62 1 1 1 4 0.603
德国大选结果本周一(9月25日)出炉，德国现任总理默克尔领导的联盟党获得多数选票，保持联邦议院第一大党地位，默克尔也将迎来她的第四个任期。
62 2 1 2 4 0.455
申万宏源近日发表研报表示，默克尔如预期当选，联盟党获得组阁权，这样的结果看上去很美，但由于联盟党未获超过50%支持率，须和其他政党联合组阁。
2
62 8 2 4 5 0.381
此种情况下，最有可能的内阁组合变为联盟党+自民党+绿党的“牙买加”组合。
62 9 2 5 5 0.625
同时社民党成为议会中第一大反对党防止了另类选择党(AfD)成为主要反对党，对于避免德国政治立场过度转向形成助力。
2
62 10 3 1 2 0.465
上次选举另类选择党得票率为4.7%，自由民主党得票率为4.8%，因此皆未获得议会席位。
62 11 3 2 2 0.632
此次除去联盟党和社民党其余四大政党得票率皆有上升，另类选择党和自由民主党皆得以进入议会，开启德国政坛的多元化时代。
2
63 5 3 1 2 0.605
文章指出，德国总理默克尔组建新政府具有挑战性，其不确定性本周已经压制欧元。
63 6 3 2 2 0.22
而更为重要的是，这种情况可能还将持续数月，对于欧元多头来说无疑是一个“噩耗”！
2
64 6 3 1 2 0.664
同时，在德国总理默克尔组建新政府以开始第四个任期之际，朔伊布勒的职位变动显示德国政坛正面临转折点。
64 7 3 2 2 0.501
朔伊布勒此后将担任德国联邦议会主席一职继续发挥他的政治能量，而这一职位在议会变得碎片化，没有任何一党在大选中获得哪怕三分之一的选票之际，就显得更为重要。
2
64 27 16 1 2 0.475
与美国众议院议长的岗位类似，德国联邦议院主席被认为对公民具有高度重要性。
64 28 16 2 2 0.604
在德国选择党打破政治共识的平台，首次进入议会之际，德国联邦议院主席可以能够确定辩论和演讲的语气。
2
65 23 8 1 2 0.608
德国选择党宣传海报。
65 24 8 2 2 0.647
德国选择党在本次德国大选中获得12.6%的选票，将第一次进入德国联邦议院，并成为第三大党。
0
2
66 5 2 1 3 0.637
德国选举结果显示，反移民、反欧洲一体化的极右翼势力进入国会，显示极端保守思潮依然困扰欧洲。
66 6 2 2 3 0.461
默克尔接下来的组阁行动可能不容易，未来四年任期也不平坦，连带影响德国在欧洲联盟的领导地位。
2
69 34 8 7 8 0.356
对此，在其竞选纲领中，自民党要求那些拒绝承担难民分担义务的国家必须向一个基金缴费，这一基金用于扶持那些协助难民危机应对的、欧盟以外的接纳国和边境国。
69 35 8 8 8 0.644
可以想见，随着德国黑黄绿联盟的组建，德国在难民分摊问题上会表现出更强硬的立场，毕竟这样也有助于这些主流政党从德国选择党那里赢回一些选民。
2
70 1 1 1 3 0.607
日前，德国联邦议院选举结果出炉，德国总理默克尔领导的联盟党获得最多选票。
70 2 1 2 3 0.38
如果组阁顺利，已担任总理12年的默克尔将迎来她的“第四任期”。
1
70 4 2 1 1 0.603
随着德国政治光谱明显向右推移，一个前所未有的局面给德国乃至整个欧洲带来不可轻视的警示。
2
72 12 6 1 2 0.445
当下正朝着默克尔和德国走来的，是一个“冷战”结束以来最为不确定性的世界。
72 13 6 2 2 0.601
特朗普的美国正不断侵蚀着西方价值体系，他的当选也鼓舞着德国国内的右翼势力，民粹主义政党德国选择党将首度跻身联邦议会。
3
73 1 1 1 3 0.383
[环球网报道实习记者朱梦颖]德国大选虽已盖棺论定，但各党派内部因大选结果屡出纷争。
73 2 1 2 3 0.61
9月25日，德国选择党领导人之一弗劳克•佩特里宣布不加入选择党议会党团，而是以“无党籍”身份加入下届议会。
73 3 1 3 3 0.504
据德国《明镜》周刊网站9月26日报道，德国拜仁州基社盟党员因不满基社盟大选表现，要求该党现任主席泽霍费尔引咎辞职。
1
74 3 2 1 1 0.705
极右翼的德国选择党一跃成为德国议会第三大党。
2
76 1 1 1 2 0.598
中新网9月27日电据新加坡《联合早报》报道，9月24日的大选后，反移民、反伊斯兰、反欧洲一体化的德国选择党跃升为德国第三大党，首次在二战结束后取得议会席次。
76 2 1 2 2 0.603
一些分析人士指出，极右的选择党进入议会，将令德国的国际声誉受损。
2
77 13 7 1 2 0.633
值得警惕的是，德国右翼民粹主义政党选择党异军突起，以12.6％的选票首次进入德国联邦议院。
77 14 7 2 2 0.395
默克尔连任后，需扛起“反民粹”的大旗，抵御民粹主义在全球的升温，给跌宕的欧洲注入更多稳定的正能量。
2
79 30 13 2 3 0.234
类似家庭团聚、驱逐出境和边境控制以及对寻求庇护者的限制(默克尔和舒尔茨都反对限制)等问题持续成为头条新闻。
79 31 13 3 3 0.626
甚至有极右翼政党(“德国选择党”)就抓住德国人的恐外心理主打“反移民牌”。
2
80 11 6 2 3 0.401
此前有预测称，该党在德国不太富裕地区，尤其是前东德地区的表现良好，能获得12.6%的选票(自上次选举以来上升了7.9个百分点)。
80 12 6 3 3 0.659
德国选择党现在是德国第三大党派，并将首次进入国会。
1
80 30 14 1 1 0.652
此外，随着德国选择党和自民党迎来良好的选举结果，我们怀疑，不管哪个联盟执政，德国的欧盟政策都将更加谨慎和严格。
2
81 1 1 1 2 0.629
据“德国之声”网站报道，以标榜民族主义、反难民和质疑欧洲一体化等议题而兴起的德国极右翼政党“德国选择党”（AlternativefürDeutschland，简称AfD）在大选后第二天就疑似发生“分裂”。
81 2 1 2 2 0.309
两名党魁之一的弗劳克·佩特里（FraukePetry）当地时间9月25日上午（北京时间25日晚）宣布自己将不会加入选择党的议会党团。
1
83 1 1 1 1 0.632
随着德国总理默克尔领导的联盟党在德国联邦议院选举中获得最多选票，今年欧洲三大选举（荷兰、法国、德国）尘埃落定，亲欧政党全面胜出。
2
83 5 4 1 2 0.407
强劲的经济增长和人民普遍求稳的心态帮助默克尔领导的联盟党获得最多选票，但值得注意的是，其得票率从四年前大选的41.5%大幅下降到这次的33%，可谓“惨胜”。
83 6 4 2 2 0.614
而极右翼民粹主义政党德国选择党获得12.6%的选票，成为第三大党，历史性地进入联邦议院。
1
84 13 12 1 1 0.607
主张反对欧盟以及移民政策的极右派势力新选择党得票率达12.6%，为逾50年来首次进入议会的极右翼政党。
2
85 4 3 1 2 0.619
此外，德国新选择党(AfD)成为逾50年来首次进入议会的极右翼政党。
85 5 3 2 2 0.274
AfD得票率达到12.6%，超乎预期。
2
87 20 12 1 2 0.649
如果默克尔要利用议会制度对德国选择党念起“紧箍咒”，可以选择同传统盟友自由民主党、德国绿党联合组阁。
87 21 12 2 2 0.375
但一些分析师指出，由于绿党立场中间偏左，与联盟党和自由民主党中间偏右的立场有所差别，组阁前景尚不明朗。
1
88 33 15 1 1 0.619
新一届德国政府面临的是一个相当分裂的社会，不仅东德和西德立场分裂，东德内部也分裂：这次，德国选择党取代左党成为东德的第二大党。
2
89 1 1 1 2 0.559
事实上，当这一反移民、反欧元政党今年的支持率相比2013年增加了7.9个百分点，德国的主要政党，如默克尔的保守派政党基民盟/基社盟联盟及前联盟伙伴社民党的选票都出现大幅下降。
89 2 1 2 2 0.612
2013年正好是德国选择党成立的年份。
2
91 1 1 1 2 0.479
【环球网报道记者赵怡蓁】9月25日，德国大选结果正式出炉，德国总理默克尔将开启“第四任期”。
91 2 1 2 2 0.666
但民粹主义政党德国选择党取得了历史性突破，打破了德国的禁忌，使这个国家面临新的挑战。
2
92 1 1 1 2 0.646
中新网9月26日电据香港《文汇报》报道，德国反移民政党“德国另类选择党”(AfD)在24日举行的大选中取得历史性成功，成为二战后首个进入德国国会的极右政党兼第三大党。
92 2 1 2 2 0.408
虽然投票结果大致一如选前民调预测，但不少评论仍对AfD崛起感到震惊，形容有如德国政坛“地震”。
2
92 10 7 1 2 0.498
“德国另类选择党”预计在来届国会取得约90席，并可按得票比例获得政府拨款，对今后发展有极大帮助，不过对支持者而言，能够将反移民、反穆斯林诉求带进国会的意义更大。
92 11 7 2 2 0.613
欧洲其他极右政党也对结果表示振奋，法国国民阵线领袖勒庞祝贺“德国另类选择党”取得历史佳绩，荷兰极右自由党党魁怀尔德斯也表示，欧洲极右政党接连成为各地国会主要势力，“讯息很明确，我们不是伊斯兰国家。”
3
94 7 5 1 3 0.433
因为前搭档社民党决意成为反对党，联盟党不得不联合两个别无选择的小党派——自由民主党（FDP）和绿党——才能获过半议席。
94 8 5 2 3 0.635
另一面，极右翼政党选择党以12.6%选票大举打入联邦议院，让德国政坛平稳过渡的水面之下暗流汹涌。
94 9 5 3 3 0.353
未来欧元区国家财政统一改革以及意大利引而未发的金融、债务危机如何解决等老问题，都将面临新的挑战。
2
96 19 6 1 3 0.615
25日，德国选择党主席之一佩特里突然宣布不加入该党联邦议院党团，震惊政界。
96 20 6 2 3 0.467
“德国之声”称，佩特里不但是德国选择党的两位主席之一，也一直被视为该党内部温和派的标志性人物，与高兰德等极右派存在观点不一致。
2
97 11 8 1 2 0.316
而就在同一座城市，在一个充满蓝色和白色气球的房间里，反移民、反伊斯兰、反欧洲一体化的一群人正在欢呼鼓舞。
97 12 8 2 2 0.605
因为他们所在的德国另类选择党不仅第一次进入德国国会，而且得票率位居第三，成为二战后首个进入联邦议院的右翼民粹主义政党。
2
98 32 9 1 2 0.361
从经济数据贡献度看，德国创造的58.5%的工作岗位属于这些家族企业，德国著名的职业培训体系中81.8%的学徒属于这些企业的员工。
98 33 9 2 2 0.606
他们创造德国56%的财富。
