3
1 25 14 3 5 0.424
在税收方面，社民党主张通过增加高收入群体的税负来为中低收入群体增加保障，而联盟党则历来坚持不增加税负。
1 26 14 4 5 0.79
在移民和难民政策方面，联盟党侧重限制和减少移民和难民数量，社民党则关注保障部分难民群体的家属来德国团聚的权利。
1 27 14 5 5 0.417
德国媒体分析认为，这些分歧虽有望得到解决，但双方都需要作出较大妥协。
2
4 35 8 1 2 0.612
多党同时进入议会意味着德国社会的诸多议题已经政治化，比如难民、反恐以及德国军力的发展。
4 36 8 2 2 0.516
政治舞台上依然是默克尔的独角戏，但是德国政治已经经历了世代的更新，默克尔的第四个任期也必须将这些新的议题纳入其中，顺应德国国家地位、欧盟前景以及全球政治思潮的变迁。
3
7 40 16 1 4 0.351
绿党则正如其名，是典型的环保主义政党。
7 41 16 2 4 0.646
它提倡绿色政治、反核能、支持推动欧盟一体化、反对限制移民、呼吁保护难民等等，属于政治上不折不扣的左派。
7 42 16 3 4 0.411
不难理解，绿党所秉持的理念尽管占据道德高地，但是大都需要巨额的政府财政投入作为支撑，而对于“谁来出钱”“谁会受益”这两个公共政策领域的终极问题，绿党却始终语焉不详。
2
7 51 19 1 3 0.612
近年来随着欧洲经济低迷不振、难民危机和恐袭频发，欧洲各国的极右翼政党纷纷崛起。
7 52 19 2 3 0.208
先有英国独立党数十年磨一剑，总算引领英国脱欧公投逆势通过；再有法国国民阵线的领袖勒庞顶着“种族主义者”“民粹吹鼓手”的恶名却依然强势杀入总统选举第二轮。
2
8 13 6 2 3 0.492
考虑到之前基民盟和基社盟这对姊妹党在难民等问题上的针锋相对，默克尔此次实际上是在协调4个党，而且是4个立场悬殊、文化相左的党。
8 14 6 3 3 0.641
在政治光谱上，绿党和另外3个党分居两端，还是基社盟的“宿敌”，各方在难民限额、欧盟未来、气候变化、能源政策等关键议题上分歧巨大。
1
11 17 9 1 1 0.631
默克尔25日还列举了一些未来政府的施政要点，包括保持稳健的财政政策、减税，制定每年只接受20万移民进入德国的目标。
2
20 8 3 1 6 0.661
据海外网此前报道，当地时间19日晚，因难民接纳、欧元政策等重点问题胶着不下，德国自民党宣布退出与默克尔所在的联盟党及绿党进行的组阁谈判。
20 9 3 2 6 0.4
据报道，德国自民党党员、联邦议院议员于尔根·马滕斯21日表示，19日晚自民党宣布退出谈判前，各党仍在多达237个具体问题上存在分歧，谈判根本无法继续。
2
21 8 4 1 3 0.637
德国目前面临数月的政治僵局，就欧元区治理和欧盟防务和救济政策改革达成一致已然狭窄的窗口进一步缩小。
21 9 4 2 3 0.355
如果德国不得不重新选举，可能必须等到明年夏天才能组建成政府。
3
21 16 7 3 6 0.487
现在参与欧盟外交政策的外交人员称，可能目标过高。
21 17 7 4 6 0.728
自从2015年难民危机后，德国也一直是推动改革欧盟收容政策的力量。
21 18 7 5 6 0.411
但这些讨论现已陷入停滞，使得意大利、希腊、波兰及匈牙利等国家焦头烂额。
2
22 1 1 1 2 0.656
海外网11月22日电当地时间19日晚，因难民接纳、欧元政策等重点问题胶着不下，德国自由民主党退出了与德国总理默克尔所在联盟党及绿党的组阁谈判。
22 2 1 2 2 0.417
有媒体称，德国自由民主党此举意味着谈判破裂，可能导致德国重新大选，默克尔四连任也由此前途未卜。
3
25 19 9 1 4 0.365
另一个选择是联盟党撇开自民党，与绿党组成一个占联邦议院44％议席的少数派政府。
25 20 9 2 4 0.654
立场偏左的绿党虽然在难民政策、环保议题上与联盟党有诸多分歧，但有一定妥协空间。
25 21 9 3 4 0.191
默克尔执政12年来还没跟绿党结盟过。
3
27 28 11 1 4 0.365
另一个选择是联盟党撇开自民党，与绿党组成一个占联邦议院４４％议席的少数派政府。
27 29 11 2 4 0.654
立场偏左的绿党虽然在难民政策、环保议题上与联盟党有诸多分歧，但有一定妥协空间。
27 30 11 3 4 0.22
默克尔执政１２年来还没跟绿党结盟过。
2
28 26 17 2 3 0.509
基社盟估计，将有75万新难民涌入德国，而基民盟估计30万，绿党认为只有5万~7万。
28 27 17 3 3 0.65
自民党在此方面原本并没有相关立场，但在联盟党和绿党即将达成协议之际，自民党却表示无法接受这种难民政策安排，且不愿意在未来为这种烂政策背锅。
2
30 12 8 1 2 0.398
10月下旬以来，联盟党、自民党和绿党开始了组阁谈判的试探性对话。
30 13 8 2 2 0.744
但在财政政策、环境政策、移民政策等议题上，各方存在较大分歧。
3
31 21 7 3 5 0.256
德国电视一台表示，组阁谈判围绕12个议题展开。
31 22 7 4 5 0.682
但各方在难民、气候等政策上存在较大分歧。
31 23 7 5 5 0.776
尤其难民政策，自民党要求把大部分难民送回去，而绿党则支持难民家庭成员来德国团聚。
0
1
36 1 1 1 1 0.651
海外网11月20日电据法新社报道，默克尔所在联盟党、自民党和绿党之间的组阁谈判，由于涉及气候、难民接纳和欧元政策重点问题胶着不下，德国自由民主党因分歧退出了组阁谈判。
2
37 15 10 1 3 0.676
绿党和基社盟在难民家庭团聚问题上也存在分歧。
37 16 10 2 3 0.366
如果谈判各方达成了协议，还必须获得党内下级官员的认同。
2
39 7 4 1 3 0.691
这些政党的政策立场南辕北辙，从移民、气候保护到欧洲联盟（EU）改革等议题意见相左，因此结盟相当尴尬。
39 8 4 2 3 0.416
他们之所以需要协商结盟，是因为9月大选无法产生决定性政府。
3
39 16 8 1 3 0.463
德国选民对于2015年涌入的难民潮感到愤怒，而将反伊斯兰的德国另类选择党送进德国联邦议院，因此移民议题依旧是讨论名单上争议性最大的项目之一。
39 17 8 2 3 0.646
保守派阵营亟欲缩紧庇护政策，基督教社会党甚至想采取更严格的行动，设定移民人数上限。
39 18 8 3 3 0.361
但这是绿党最反对的，他们还想放宽寻求庇护者的家人团聚限制。
1
40 7 4 1 1 0.676
据悉，这些政党的政策立场南辕北辙，从移民、气候保护到欧洲联盟(EU)改革等议题意见相左，因此结盟相当尴尬。
2
45 11 7 1 2 0.685
不过，在难民限额、气候问题和能源政策等关键议题上，各党分歧依然巨大。
45 12 7 2 2 0.282
各党领导人定于6日晚间再度会面，而后谈判团队将就组阁细节展开进一步谈判。
2
49 3 1 3 4 0.305
谈判由默克尔领导的基督教民主联盟(简称“基民盟”)及其姊妹党基督教社会联盟(两者组成“联盟党”)，以及自由民主党(简称“自民党”)和绿党的领导人参加。
49 4 1 4 4 0.63
各党领导人就财政、欧盟事务、环境和难民等问题进行了讨论。
2
49 28 14 1 2 0.343
独立党派，今年大选基社盟在唯一的活动区域巴伐利亚遭遇历史性惨败后，基社盟和基民盟的姐妹党关系也开始动摇，“黑黄绿”联盟实际上成了四方联盟。
49 29 14 2 2 0.683
四个政党在气候保护、能源政策、农业、移民难民、税收、欧洲及货币政策等议题上均设定了各自的红线，因此组阁谈判举步维艰。
2
50 11 6 2 3 0.255
20日是四位政党领导人（联盟党包含基民盟、基社盟两个政党）首次共同举行磋商。
50 12 6 3 3 0.64
在首轮共同磋商中，各方就财政预算、难民政策、教育问题等十二大议题进行了探讨。
1
50 22 11 1 1 0.684
在难民问题上，主张收紧难民政策的基社盟和主张向难民张开双臂的绿党构成两大对立极；在气候保护问题上，绿党在竞选期间向选民承诺，2030年后不再允许新的内燃机车上路，这与主张减少行政指令干预市场经济的自民党针锋相对；在外交政策上，联盟党在上届政府期间已承诺，至2020年将国防支出占国民经济生产总值的比重提升至2%，而绿党自视为追求和平的政党，坚决反对提高军费。
2
51 10 5 1 3 0.629
在难民议题上，联盟党中的基社盟与绿党长期存在较大分歧。
51 11 5 2 3 0.246
不过，双方正试图形成共识。
2
53 4 2 1 4 0.712
2015年，欧洲难民危机爆发，默克尔决定开放边境，接受中东难民。
53 5 2 2 4 0.478
作为欧洲经济最好的国家，德国自然成为安置难民最多的国家，过去几年接受的难民超过100万。
2
53 6 2 3 4 0.66
在难民涌入之后，德国财政负担增加并由此引发一系列的社会问题。
53 7 2 4 4 0.699
一些德国民众对现行难民政策不满，默克尔支持率也出现下滑。
0
2
53 17 7 1 2 0.676
在大选之前，默克尔接受采访时坚称此前开放边境、接收难民的决定是正确的，她将继续推行开放的难民政策；并表示愿与非洲国家加强合作，严控横渡地中海进入欧洲的非法移民。
53 18 7 2 2 0.471
在内政方面，默克尔表示将改善教育、推动电动车发展，建设让民众幸福生活的德国。
2
54 1 1 1 4 0.636
欧盟几个主要成员国近期刚经历了大选洗礼，政局震荡迹象明显，德国宣布下周开启三个政党组阁谈判，多项经济政策、移民政策可能影响本国和欧盟经济一体化发展。
54 2 1 2 4 0.458
另外，荷兰艰难组阁成功，西班牙加泰罗尼亚地区公投风波也尚未平息，种种迹象都显示出各国的政治环境动荡加剧。
1
54 29 14 1 1 0.601
经历了大选的德国国内政策也在面临调整，财长卸任、移民数量设限等事件都一定程度反映出欧洲经济火车头对于社会不同声音的妥协、对区域经济凝聚推动力的下降。
2
54 30 15 1 2 0.513
8日晚，德国联盟党内部两大党派——默克尔领导的基督教民主联盟（基民盟）与巴伐利亚州州长泽霍费尔领导的巴伐利亚基督教社会联盟（基社盟）就限制每年接收包括难民在内的移民数量达成一致，为联盟党与其他两党进行组阁谈判暂时扫清了道路。
54 31 15 2 2 0.611
基社盟一直呼呼限制接收难民数量，而默克尔曾多次表示反对，为此外界一直担心两党对立立场会拖延组阁进程。
3
54 32 16 1 3 0.394
但默克尔仍会在组阁谈判上遭遇阻力。
54 33 16 2 3 0.673
自民党和绿党并不主张为接纳难民人数设置上限。
54 34 16 3 3 0.47
绿党领导人厄兹代米尔在得知联盟党内部达成协议后说，这一立场只是基民盟和基社盟的立场，但不是未来政府的立场。
2
54 38 19 2 3 0.475
这位深刻影响德国的欧洲政策、欧盟委员会主席容克口中的“理想搭档”，是欧洲融合的坚定支持者。
54 39 19 3 3 0.69
他卸任后，德国财政和经济政策、欧元区加深融合的进程均会受到负面影响。
2
54 53 28 1 4 0.618
近年来，欧洲一体化受到债务危机、难民危机和英国“脱欧”等多重打击，一度面临倒退危险。
54 54 28 2 4 0.392
但今年以来，欧洲经济复苏态势向好，亲欧政党在荷兰、法国和德国大选中全面胜出。
2
54 67 36 1 2 0.574
基社盟反对设立新的欧盟机构和职位，自由民主党也表示拒绝任何欧元区共同预算。
54 68 36 2 2 0.606
主要原因在于担心德国的资金将用于资助欧洲的“边缘”国家，而这些国家有的在难民事务上与德国唱反调，有的则继续维持高社会福利，没有按要求推进结构改革，削减政府债务。
2
54 71 38 1 3 0.608
同济大学德国研究中心副主任胡春春认为，2008年金融危机及其之后的欧债危机，暴露出欧盟许多结构性问题：比如有统一货币欧元，却无统一财政政策，无法给前者发展提供足够的支撑。
54 72 38 2 3 0.44
很多经济学家认为，这是导致欧盟内部经济发展不均日趋严重的主要原因。
1
54 78 41 1 1 0.625
德国主导下的欧盟采取紧缩财政政策，在很多经济议题上的对策相对保守，马克龙的提议可能过于激进，德国新政府恐怕不会全盘接受。
2
55 5 4 1 2 0.68
除了经济原因，２０１５年难民危机爆发后，德国也出现了对外来移民和难民的敌视和恐惧。
55 6 4 2 2 0.332
斯蒂格利茨指出，德国选择党正是利用部分民众的这种排外情绪，在竞选中提高了支持率。
1
57 7 6 1 1 0.746
他呼吁国民加强团结，同时主张实施更加严格的难民和移民政策，根据德国社会实际情况和标准，对难民和移民流入进行甄别和管控，反对经济移民。
2
59 13 7 2 3 0.295
这样，联盟党与自由民主党（得票率10.7%）、绿党(得票率8.9%)组建联合政府的可能性最大。
59 14 7 3 3 0.627
但是三个党的执政理念存在较大差异，在难民政策、税收以及如何重新整合欧洲的主张不尽相同，如何谈判达成妥协，并不容易。
3
59 19 11 1 3 0.559
究其原因，就是默克尔在应对各种危机时失去了部分民众的信任，尤其上百万难民涌入以及连续不断的恐怖袭击，严重冲击了德国社会，引起民众的不安和忧虑。
59 20 11 2 3 0.61
选择党正是利用了这一点，猛攻默克尔的难民开放政策，使得原支持联盟党的部分选民转向支持选择党。
59 21 11 3 3 0.551
默克尔能否夺回失去的选民，关系到她如何收紧移民政策，这并非易事。
2
59 23 13 1 2 0.638
法国总统马克龙上台后，提出“重塑欧洲”，建议欧盟在防务安全、移民政策、经济、一体化等领域做出重大调整。
59 24 13 2 2 0.596
默克尔新任期面临着如何与法国统一协调欧盟政策问题，这关系到法德“发动机”能否重新启动。
3
61 40 13 1 4 0.235
实现四连任是默克尔个人的胜利。
61 41 13 2 4 0.634
但她也为她的难民和欧元政策付出了代价。
61 42 13 3 4 0.188
德国现在看起来更像一个“普通”的西方国家。
2
62 12 4 1 2 0.726
自由民主党对于移民和难民政策方面一向较为鹰派，结合另类选择党进入议会或增加德国在对外政策方面的不确定性。
62 13 4 2 2 0.496
德国长久的政治稳定性出现裂痕，欧洲一体化建设或会面临更多内部阻力。
2
62 14 5 1 2 0.608
联盟党、自由民主党、绿党在经济上皆主张减税和增加就业，为经济增长提供稳定的政策环境主线条大概率不会有所改变，但难涉及到德国经济结构性改革的尝试。
62 15 5 2 2 0.418
“牙买加”组合属于经济外交移民态度等皆偏中性的组合(右下图)。
1
66 18 6 1 1 0.634
选择党原是反对德国政府拯救希腊债务危机而出现的小党，因为默克尔开放边界引进难民而崛起成为反移民、反伊斯兰、反欧洲一体化的极右翼政党。
3
66 20 7 2 4 0.175
默克尔已表示选举结果“可以再好一些”，还说会聆听选择党支持者的声音。
66 21 7 3 4 0.683
默克尔和联盟党的得票率下跌，主要还是归咎于政府欠缺协调，而又敞开大门欢迎难民的政策。
66 22 7 4 4 0.524
难民确实成了德国和欧洲的敏感问题，尤其是犯罪和恐怖主义威胁，使得整个社会草木皆兵。
3
67 9 3 4 6 0.464
选民支持率从传统大党流向小党，利益群体重新分化组合，社会阶层分化演变为政治分化，连带各种极端化社会思潮的出现，给社会带来不稳定。
67 10 3 5 6 0.646
这种分化首先反映在组建“牙买加联盟”的难度上：环境议题上，自民党认为绿党要求2030年禁售传统内燃机汽车的愿望太不现实，基社盟对此也持怀疑反对态度；在社会事务方面，基民盟和自民党反对绿党取消私人健康保险的政见；在是否给接纳难民设置上限上，争议首先存在于基民盟和它的姐妹党基社盟之间，即便默克尔同意设置上限，绿党也不会同意，而且明确反对默克尔政府暂停难民家庭来德团聚申请批准的举措，认为这不利于难民融入德国社会。
67 11 3 6 6 0.524
由分歧可见，“牙买加联盟”实际上是四个党派在协调谈判，即使组建成功，日后政策整合难度会相当大，面对议会第二大党社民党作为反对党，政策实施阻力会更大。
3
67 14 4 3 5 0.522
从个人层面来看，默克尔在难民政策上饱受争议下，还有那么多民意支持，归功于她在任的12年，德国持续稳定的经济增长和较低的失业率，社民党的功劳都被默克尔不动声色地抢去，谁会在意默克尔第三内阁中经济部长和劳工部长都是来自社民党的骨干。
67 15 4 4 5 0.612
德国两大政党的决裂，右翼民粹主义政党异军突起，首次进入联邦议会的选择党，会促使政府政策过多关注难民问题，而忽视其它重要议题：养老金、社会公正、教育、国内安全以及工作岗位。
67 16 4 5 5 0.525
政策向右偏移，不利于整个社会的协调发展。
3
67 18 5 2 8 0.332
默克尔可以连任，给欧洲一体化的支持者们一粒定心丸。
67 19 5 3 8 0.65
在野的选择党一定会充分利用议会的席位，努力左右默克尔下一任期的难民政策、欧盟改革以及欧元区的政策。
67 20 5 4 8 0.675
德法作为欧洲一体化的发动机，在难民政策上和反恐问题上存有共识，两国都对英国退欧持强硬态度。
1
67 21 5 5 8 0.586
对于欧盟改革，尽管两国在欧元区改革和预算问题上存在明显分歧，基民盟希望加强与法国合作来稳定欧元，如果社民党与基民盟能够再次组成大联盟联合执政，那么与同样属于社民党的法国总统马克龙的协调合作会相对容易一些。
2
67 25 6 1 2 0.54
总的来说，默克尔连任对欧洲的影响利大于弊，一定程度上维护了德国欧洲政策的稳定性。
67 26 6 2 2 0.625
同时，由于执政伙伴的变化，欧洲政策可能会被作为默克尔组建联合政府的交换筹码，此外，反欧洲一体化、反欧元的选择党在联邦议会一定会迫使默克尔调整当前的欧洲政策，使得默克尔应对欧洲多重危机更加束手束脚，从而放缓欧洲一体化进程。
3
69 9 3 2 4 0.499
在此次大选中，基民盟/基社盟的得票率遭遇滑铁卢，是默克尔执政以来最低水平，这不仅对默克尔在党内的权威有所削弱，也会影响新政府在欧洲政策上的施政能力。
69 10 3 3 4 0.612
由于选择党通过疑欧乃至反欧言论以及排外的立场赢得了诸多选民的支持，由此，默克尔新政府在推行欧洲政策上势必有所顾忌，必须更多顾及本国利益，以免被选择党抓住默克尔牺牲本国利益、不优先考虑本国百姓关切的口舌。
69 11 3 4 4 0.426
随着默克尔在党内和国内受到更多掣肘，她在欧盟层面的领导力和可信度无疑也会打上折扣。
3
69 24 7 2 5 0.494
在继续推进欧盟共同安全与防务政策方面，基民盟/基社盟在竞选纲领中写入了建立一个欧洲防务联盟的目标，自民党在其竞选纲领中也提出了同样的目标，甚至还明确写入了建立一支欧洲军队的目标。
69 25 7 3 5 0.626
绿党虽然反对将德国的国防支出提高到国内生产总值的2%，但也对扩建欧盟共同安全与防务政策持积极态度。
69 26 7 4 5 0.553
事实上，欧盟27国在内外安全形势严峻的背景下，总体都有进一步推进欧盟共同安全与防务政策建设的意愿。
3
69 28 8 1 8 0.53
在加强欧盟外部边境管控上，黑黄绿联盟各党有着共同的诉求。
69 29 8 2 8 0.652
马克龙提出设立欧洲申请避难局对难民身份进行审核，以及逐步建立一支欧洲边境警察队伍加强欧洲边境检查并遣返非法移民，这些建议有望得到德国新政府的积极回应。
69 30 8 3 8 0.588
但是在难民危机的应对上，黑黄绿联盟各党则立场各异。
2
69 31 8 4 8 0.708
基社盟以及自民党会要求默克尔收紧乃至彻底改变其难民政策，这会遭到默克尔以及绿党的反对。
69 32 8 5 8 0.515
但是，在欧盟内难民的公平分配上，黑黄绿联盟可能会表现得更为强硬。
3
69 33 8 6 8 0.582
默克尔在上个任期没能在欧盟内落实难民的分配机制，甚至于匈牙利拒绝接受欧洲法院做出的有关难民分配的裁决，默克尔对此已经表示，匈牙利政府的决定是“不可接受的”。
69 34 8 7 8 0.62
对此，在其竞选纲领中，自民党要求那些拒绝承担难民分担义务的国家必须向一个基金缴费，这一基金用于扶持那些协助难民危机应对的、欧盟以外的接纳国和边境国。
69 35 8 8 8 0.512
可以想见，随着德国黑黄绿联盟的组建，德国在难民分摊问题上会表现出更强硬的立场，毕竟这样也有助于这些主流政党从德国选择党那里赢回一些选民。
2
72 147 63 1 2 0.446
但“敞开大门”的政策，一年内就为德国迎来了约100万难民。
72 148 63 2 2 0.684
2016年德国科隆除夕发生的一连串涉及难民的性侵和抢劫事件，更考验着德国社会接纳难民的态度。
2
74 24 12 1 3 0.735
相比之下，基民盟内部就难民政策的争议反而更加棘手。
74 25 12 2 3 0.592
其友党、专注于巴伐利亚州的基督教社会联盟一直要求默克尔对接纳难民设置上限，并将之作为双方联合执政的条件，默克尔煞费心血和资源才成功说服对方。
2
74 27 13 1 2 0.695
相比于基民盟，社民党的难民政策更为开放，各主要政党中只有德国选择党明确反对接纳难民。
74 28 13 2 2 0.14
该党的竞选海报上印着几位金发碧眼的比基尼美女，竞选口号则是：“德国，勇敢一些！”
2
75 1 1 1 2 0.387
参考消息网9月27日报道美联社德国包岑9月25日刊文称，民族主义和反移民的德国选择党在昔日共产党执政的东德各州表现抢眼，取得了得票率第三的佳绩。
75 2 1 2 2 0.615
在这些地区，黯淡的经济前景和默克尔总理对移民敞开大门的决定引发了广泛不满。
2
76 5 3 1 2 0.326
选择党共同创办人高兰誓言“改造国家”，并称将“对付”默克尔。
76 6 3 2 2 0.664
该党表示，将对默克尔2015年采取开放政策收容外来难民的决定展开议会调查。
2
79 29 13 1 3 0.65
移民问题是2015年爆发难民危机以来，德国选民的头号关切。
79 30 13 2 3 0.556
类似家庭团聚、驱逐出境和边境控制以及对寻求庇护者的限制(默克尔和舒尔茨都反对限制)等问题持续成为头条新闻。
3
79 53 22 1 4 0.589
难民问题的处理仍然需要极高的政治技巧。
79 54 22 2 4 0.625
2015年，德国一下接收了上百万难民，默克尔政治生命因此陷入危机。
79 55 22 3 4 0.62
但随着去年3月欧盟与土耳其就难民问题达成协议，进入德国的难民大幅减少，这场政治风暴似乎慢慢平息。
1
79 56 22 4 4 0.65
不过，难民问题目前仍是德国面临的一个主要社会问题，默克尔也并未放弃德国对难民的道德责任。
0
1
79 60 24 1 1 0.604
作为欧盟的核心大国，难民问题的处理也是德国下届政府需要关心的议题，欧盟成员国在难民分摊方案上的博弈或将影响欧盟的团结，这些都让欧盟的前景看起来充满不确定。
2
87 11 6 2 3 0.566
上百万难民涌入使德国在安全、经济、文化等多维度遭受冲击，国内矛盾激化。
87 12 6 3 3 0.61
而德国选择党凭借反移民、反难民等激进主张再次崛起。
1
88 30 13 1 1 0.611
归根结底，对近年来欧洲和德国现状不满、希望求变的德国选民不在少数，选择党反欧元、反欧盟一体化、反伊斯兰教、反难民、鼓励本国人生育不依赖移民……种种体现“德国利益优先”、回归传统的主张，获得越来越多的关注。
2
89 3 2 1 2 0.462
如今，德国选择党主要以反移民(即反伊斯兰)的立场著称，但其实际上是建立在一份经济宣言上。
89 4 2 2 2 0.664
该宣言反对德国在欧元区危机最严重时期采取的政策。
2
94 8 5 2 3 0.326
另一面，极右翼政党选择党以12.6%选票大举打入联邦议院，让德国政坛平稳过渡的水面之下暗流汹涌。
94 9 5 3 3 0.638
未来欧元区国家财政统一改革以及意大利引而未发的金融、债务危机如何解决等老问题，都将面临新的挑战。
2
94 10 6 1 2 0.602
一批德国商界领袖呼吁默克尔尽快组建执政联盟，以避免政治不确定性因素损害德国的经济和营商环境。
94 11 6 2 2 0.375
荷兰国际集团经济学家CarstenBrzeski指出，“弱势的结果可能使默克尔变得比国际观察家和金融市场想象的要快。”德国智库IFO经济学家KlausWohlrabe也称，德国周日大选结果可能引发企业不确定性，9月份德国企业信心指数此前已意外转差。
2
94 24 14 1 2 0.675
自民党反对采取进一步措施在欧洲层面整合政策，加深欧洲一体化。
94 25 14 2 2 0.522
在竞选中，该党呼吁让欧洲稳定机制纾困基金逐步退场，并改变欧盟条约以允许个别国家（如希腊）退出欧元区。
1
94 35 22 1 1 0.676
实际上，在2013年成立之初，选择党的主要诉求是反对援助陷入债务危机的希腊等欧盟成员国，以及反欧元、反对欧洲一体化，此后随着默克尔2015年开放边境接纳超过150万难民，才逐渐演变为反移民立场的政党。
1
94 36 23 1 1 0.774
该党坚决反对默克尔总理接纳难民的政策，希望修改宪法，限制难民申请者的权利并立即遣返全部申请被拒者。
3
96 9 3 2 4 0.133
她已经同3位美国总统、4位法国总统、4位英国首相、6位意大利总理和7位日本首相共事过。
96 10 3 3 4 0.647
她带领欧洲应对了2008年的世界金融危机，反对俄总统普京吞并克里米亚，拒绝关闭德国边界，主张接收难民。
96 11 3 4 4 0.311
报道称，默克尔的主张可能已成为西方世界的头号声音。
3
98 13 4 3 5 0.375
特别是难民在德国已经演绎着农夫与毒蛇的故事。
98 14 4 4 5 0.634
难民问题已经影响到德国人民的安居乐业，德国选民对默克尔颇有微词。
98 15 4 5 5 0.563
如果难民在德国继续影响到社会治安甚至犯罪等，默克尔就是继续连任也将面临巨大压力。
