1
5 2 2 1 1
截至今日，腾讯已经公布了《荒岛特训》、《光荣使命》、《绝地求生：全军出击》和《绝地求生：刺激战场》四款“吃鸡”手游，《绝地求生》和《无限法则》两款“吃鸡”端游。
2
16 3 3 1 2
同日下午，腾讯正式上线首款百人战术竞技手游《光荣使命》，获马化腾在朋友圈进行推荐之余，还邀请了PDD、五五开、若风、Miss等100位主播进行跨平台同步直播，为其宣传造势。
16 4 3 2 2
再加上此前的手游《CF-荒岛特训》，目前腾讯内部已有四款“吃鸡”手游同时竞争。
3
16 29 19 1 3
而在财报之外，腾讯也给予了巨量的关注。
16 30 19 2 3
据爱范儿报道，腾讯针对《光荣使命》成立了核心项目“攻坚组”，实则此为重量级头部产品的待遇。
16 31 19 3 3
相对应的，市场、运营等部门将以最高优先级快速解决《光荣使命》在上市前的各种问题。
3
16 29 19 1 3
而在财报之外，腾讯也给予了巨量的关注。
16 30 19 2 3
据爱范儿报道，腾讯针对《光荣使命》成立了核心项目“攻坚组”，实则此为重量级头部产品的待遇。
16 31 19 3 3
相对应的，市场、运营等部门将以最高优先级快速解决《光荣使命》在上市前的各种问题。
2
16 48 32 1 2
据36氪援引某知情人士说法称，《PUBG》游戏已经基本调整完毕，“审核和游戏调整可以并行”，但可能要配合《光荣使命》一起运作。
16 49 32 2 2
腾讯具体如何解决悬在头上的达摩克里斯之剑无从得知，“吃鸡”游戏外挂猖獗、产品同质化严重、游戏操作体验差等问题却接踵而来。
1
16 51 34 1 1
从目前战况来看，腾讯仅《光荣使命》、《荒岛特训》正式上线且时间短暂，而网易的两款游戏则较早开启了不删档测试，在玩家中已形成一定影响力，二者仍将激烈酣战。
3
17 11 5 1 3
这是腾讯的狼性文化催生的内部竞争。
17 12 5 2 3
一位接近腾讯的游戏行业资深人士向第一财经记者透露，腾讯不会针对一款游戏同时上线两个产品。
17 13 5 3 3
他认为：“从目前两个概念站发布的情况来看，腾讯内部还没有平衡好，两个团队都在争PUBG正版游戏开发团队的称号。”目前腾讯已经上线了一款类似于PUBG的大逃杀游戏《光荣使命》，不过光荣使命也不是腾讯自己开发的，腾讯只是这款游戏的发行商。
3
17 25 11 1 3
自11月腾讯代理的《光荣使命》及《穿越火线手游》更新版“荒岛特训”开始预约注册以来，半个月内，两款游戏分别都取得了超过2000万用户的预约注册。
17 26 11 2 3
腾讯公司总裁刘炽平对此类射击游戏非常看好。
17 27 11 3 3
他表示：“长远来看，这类游戏才刚刚兴起，最受欢迎的射击类游戏在过去十年内没有什么大的变化，所以不难理解一些对射击类游戏的新演绎会引起用户热烈的反映，我们认为市场对这类游戏有潜在的需求。”
2
21 2 2 1 2
截止目前，《CF》手游大逃杀模式、《光荣使命》、《绝地求生》官方手游（天美工作室）这三款手游已经确定。
21 3 2 2 2
其中《CF》手游大逃杀模式已经上线，《光荣使命》本来今天不限号公测但宣布延迟，而《绝地求生》官方手游（天美工作室）则于12月1日正式发布。
2
21 2 2 1 2
截止目前，《CF》手游大逃杀模式、《光荣使命》、《绝地求生》官方手游（天美工作室）这三款手游已经确定。
21 3 2 2 2
其中《CF》手游大逃杀模式已经上线，《光荣使命》本来今天不限号公测但宣布延迟，而《绝地求生》官方手游（天美工作室）则于12月1日正式发布。
1
24 1 1 1 1
【TechWeb报道】11月28日消息，腾讯近期是中了“吃鸡”的毒，最近刚刚拿下《绝地求生》的独家代理，紧接着就一同合作推出了手机版的《PUBG》吃鸡游戏，而且还将在未来相继推出《光荣使命》和《无限法则》两款同类型游戏，玩家们都开始担心腾讯会“吃鸡”中毒。
2
26 5 3 1 2
短短一周时间内，腾讯已经密集发布《绝地求生》端游和手游、《无限法则》。
26 6 3 2 2
再加上之前的《穿越火线：荒岛特训模式》，以及本月29日正式上线的光荣使命游戏，腾讯的“吃鸡”游戏矩阵已经形成包围之势。
3
26 23 12 1 4
腾讯对《绝地求生》的重视程度，甚至远超当下的《王者荣耀》。
26 24 12 2 4
在腾讯今年三季度财报里，尚未正式上架的手游《光荣使命》已经被提及，这在往年腾讯的财报里甚为罕见。
26 25 12 3 4
腾讯执行董事刘炽平表示，生存类游戏在市场上非常受欢迎，该类游戏对腾讯而言非常重要的。
3
42 4 3 1 5
不过这次国内的各大游戏厂商反常的不顾警告，继续推出了自己公司的“吃鸡”类手游。
42 5 3 2 5
其中不乏小米、网易等大牌公司，而腾讯在这段时间内，也是公布了两款自己代理的吃鸡类手游——《光荣使命》和《穿越火线手游新内容：荒岛特训》。
42 6 3 3 5
大多数玩家仅仅以为腾讯在《绝地求生》游戏上的行动仅仅只停留在手游上。
2
50 16 6 1 2
前不久，游戏工委点名批评《绝地求生》，并对大逃杀这类“鼓励杀戮、尤其单纯以杀死其他游戏玩家扮演的角色为手段实现最终目的的游戏，总局明显持否定态度，这也使得吃鸡热度有所下降。
50 17 6 2 2
各大厂商目光转向手游端，网易、小米纷纷入局手游市场，腾讯在没有拿到《绝地求生》代理时，也后知后觉上线手游版吃鸡《光荣使命》。
2
51 15 7 1 2
在取得《绝地求生》代理权之前，腾讯在电竞方面的表现也渐渐呈现出了下滑的趋势，虽然表面上仍有多项顶级竞技游戏在手，但作为电竞中的新贵——吃鸡类型游戏却被其他厂商完全压制。
51 16 7 2 2
《荒野求生》、《终结者2：审判日》、《小米枪战》等吃鸡手游在国内外霸占下载榜前几位的时候腾讯的《光荣使命》仍然还在“限号”测试，游戏素质也于这些优秀作品有一定差距，而以吃鸡游戏为主的手游电竞比赛已经开始筹备了，腾讯在这点上已经完败于对手。
2
51 21 12 1 2
不仅局限于《绝地求生》这款游戏，腾讯的目的很可能是通过这款游戏而展开一系列同类型游戏的发展计划，在LOL刚刚加入腾讯阵营时，公司不仅仅让《英雄联盟》吸收了众多玩家，也打开了MOBA游戏的大门，为日后推出《王者荣耀》起到了至关重要的作用，同时开启了主机与手机的电竞模式。
51 22 12 2 2
《绝地求生》的加入很可能会影响到正在测试中的腾讯吃鸡手游《光荣使命》，学习了最纯正的吃鸡元素后也有了追赶《荒野行动》等一众吃鸡手游的底气与希望。
1
53 6 4 1 1
至于腾讯推出的《绝地求生》手机版游戏《光荣使命》昨日已上线，全平台累计预约玩家高达逾3000万人，市场期望新手游可望继《王者荣耀》后，再度风靡内地市场，成为腾讯另一只“金蛋”。
3
58 4 3 1 4
这样一来，腾讯已经在PC端和移动端纷纷开启了“吃鸡”节奏。
58 5 3 2 4
11月21日，腾讯自研的“吃鸡”手游《光荣使命：使命行动》也正式开启公测。
58 6 3 3 4
自11月8日腾讯开放该游戏的内侧预约后，已有超过3000万人提交了申请。
1
62 4 2 1 1
消息面上，腾讯“吃鸡”手游《光荣使命》今日公测。
2
62 27 19 1 2
但这些传言最终均未有落锤定音。
62 28 19 2 2
在11月15日公布的财报中，提到未来的游戏布局时，腾讯在财报中罕见地提及一款还未上线的游戏产品——《光荣使命》。
1
62 29 20 1 1
腾讯称，“2017年11月，我们的代理生存类射击游戏《光荣使命》及《穿越火线手游》更新版开始预约注册，两项游戏均取得热烈的反应。”而《光荣使命》，全称为《光荣使命：使命行动》（下称《光荣使命》），同日，腾讯宣布《光荣使命》将于11月21日正式启动内测。
1
62 30 21 1 1
自腾讯代理《光荣使命》消息公布后，巨人网络董事长史玉柱很快便在微博转发表示支持。
2
62 31 22 1 2
微博上有网友称《光荣使命OL》原为巨人网络与军区合作推出的射击类端游。
62 32 22 2 2
受《光荣使命》上线的利好消息影响，巨人网络（002558）在11月8日午盘封板涨停。
2
62 31 22 1 2
微博上有网友称《光荣使命OL》原为巨人网络与军区合作推出的射击类端游。
62 32 22 2 2
受《光荣使命》上线的利好消息影响，巨人网络（002558）在11月8日午盘封板涨停。
1
62 36 25 1 1
刚开启预约的《光荣使命》也受到资本市场热烈追捧，大多数机构认为，百人战术竞技将是腾讯未来持续保持股价上升的新增长点。
2
62 37 26 1 2
11月8日《光荣使命》刚开启预约，开发商巨人网络在也与资本者的互动中透露，巨人网络是《光荣使命》的开发商。
62 38 26 2 2
当日，巨人股价应声涨停，直达43.86元。
1
62 39 27 1 1
百人战术竞技对资本市场的魔力，可见一斑，而今日，由于《光荣使命》临近开测，腾讯股价再创新高，更表现出资本市场对腾讯的信心。
1
62 40 28 1 1
同花顺认为，腾讯手游《光荣使命》开启不删档预约，亚洲最大游戏公司加入战场，“百人战术竞技”市场规模持续扩大，看好FPS/TPS手游成为继《王者荣耀》等MOBA类游戏后手游市场又一爆发增长点。
1
62 41 29 1 1
目前，《光荣使命》全平台预约总人数已超过3000万，今天18：00将迎来安卓限量测试。
1
62 42 30 1 1
各方对腾讯股价的看好，多来自于《光荣使命》的付费方式。
1
62 43 31 1 1
腾讯总裁刘炽平在上周的电话会议上指出，长远维持公平及竞争的游戏体验，是战术竞技类游戏的主要元素之一——“所以大家可以合理地假设，《光荣使命》的收入是来自前期下载或者装饰类的模式，而这也是我们惯常采用的方式。”
3
62 44 32 1 3
这很可能意味着《光荣使命》会采取和《王者荣耀》一样的付费模式，以皮肤或战利品箱等非数值成长的虚拟道具，作为主要付费设计。
62 45 32 2 3
而《王者荣耀》大DAU的收入能力，以及腾讯精细化的运营方式，都已经被市场广泛认可。
62 46 32 3 3
在自己熟悉的领域，再造一个新爆款，对腾讯而言并非一件难事。
3
63 45 21 3 5
与此同时，ofo小黄车也作为游戏中可以使用的交通工具出现。
63 46 21 4 5
据了解，在腾讯即将推出的《光荣使命》中，摩拜单车也可能会亮相。
63 47 21 5 5
目前，这款游戏的预约用户已经达到2200余万。
1
64 22 15 1 1
从今年6月起，部分“吃鸡”手游开始在去年起渐有影响的手游平台TapTap上进行预约，并取得了超出所有人预期的数据，很快便有了一款预约过百万的游戏——后被证实是由巨人旗下的小怪兽团队开发的《TheLastOne：丛林大逃杀》，也就是腾讯极光代理并在近日开启预约的《光荣使命》。
2
64 62 40 1 2
在网易对两款已经上线的“吃鸡”手游进行大规模宣传的11月4日晚，腾讯也悄然上线了一个神秘手游的预告页，chiji的二级域名和预告页面上巨大的鸡的图片都显示了这是一款“吃鸡”玩法的手游，页面信息显示游戏将在11月8日零点揭晓。
64 63 40 2 2
不过仅仅一天多后，页面上的鸡的图片被修改，域名也被跳转到了名为grsm的二级域名上，而结合玩家之前发现的页面分享信息，可以确认这款游戏名为《光荣使命》。
2
64 64 41 1 2
《光荣使命》手游是由巨人开发、腾讯极光代理的，而这款游戏之前曾经在TapTap上以《丛林大逃杀：TheLastOne》的名义进行宣传，也是TapTap平台上第一款预约过百万的游戏，不过当时开发团队对外宣传是一个创业小团队，实际上却是巨人旗下一个游戏团队开发的。
64 65 41 2 2
由于巨人在几年前和南京军区合作开发过一款名为《光荣使命》的射击网游，猜测是在业务主管部门表态后将《丛林大逃杀：TheLastOne》的玩法套上了这个相对安全的IP。
2
64 64 41 1 2
《光荣使命》手游是由巨人开发、腾讯极光代理的，而这款游戏之前曾经在TapTap上以《丛林大逃杀：TheLastOne》的名义进行宣传，也是TapTap平台上第一款预约过百万的游戏，不过当时开发团队对外宣传是一个创业小团队，实际上却是巨人旗下一个游戏团队开发的。
64 65 41 2 2
由于巨人在几年前和南京军区合作开发过一款名为《光荣使命》的射击网游，猜测是在业务主管部门表态后将《丛林大逃杀：TheLastOne》的玩法套上了这个相对安全的IP。
1
64 66 42 1 1
11月8日，《光荣使命》正式宣布并开启预约，同时在一天内获得了百万预约，而CF手游新版本的预约也屡创新高，两款游戏的预约都很快超过了1000万。
1
67 1 1 1 1
在11月15日公布的财报中，提到未来的游戏布局时，腾讯在财报中罕见地提及一款还未上线的游戏产品——《光荣使命》。
1
67 2 2 1 1
腾讯称，“2017年11月，我们的代理生存类射击游戏《光荣使命》及《穿越火线手游》更新版开始预约注册，两项游戏均取得热烈的反应。”而《光荣使命》，全称为《光荣使命：使命行动》（下称《光荣使命》），同日，腾讯宣布《光荣使命》将于11月21日正式启动内测。
2
67 3 3 1 2
据界面新闻记者了解，《光荣使命：使命行动》已获得发行版号，根据根据中国音像与数字出版协会游戏出版工作委员会（游戏工委）旗下游戏产业网信息显示，过审游戏显示名称为“使命行动”，出版单位为巨人网络科技有限公司，著作权人为上海巨魂网络科技有限公司，游戏类别为移动游戏。
67 4 3 2 2
此前，巨人网络曾公开表示，腾讯发行的《光荣使命》手游正是其开发。
2
67 3 3 1 2
据界面新闻记者了解，《光荣使命：使命行动》已获得发行版号，根据根据中国音像与数字出版协会游戏出版工作委员会（游戏工委）旗下游戏产业网信息显示，过审游戏显示名称为“使命行动”，出版单位为巨人网络科技有限公司，著作权人为上海巨魂网络科技有限公司，游戏类别为移动游戏。
67 4 3 2 2
此前，巨人网络曾公开表示，腾讯发行的《光荣使命》手游正是其开发。
2
67 7 5 1 2
腾讯内部将《光荣使命》产品定位为“首款百人对抗竞技射击手游”，游戏玩法类似于韩国公司蓝洞（Bluehole）开发的网络游戏《绝地求生：大逃杀》。
67 8 5 2 2
如果你希望在手机上体验到大地图百人实时对抗的玩法，或者是像《王者荣耀》一般与微信、QQ好友共同“吃鸡”，这正是腾讯希望在《光荣使命》能达到的玩法特性。
2
67 7 5 1 2
腾讯内部将《光荣使命》产品定位为“首款百人对抗竞技射击手游”，游戏玩法类似于韩国公司蓝洞（Bluehole）开发的网络游戏《绝地求生：大逃杀》。
67 8 5 2 2
如果你希望在手机上体验到大地图百人实时对抗的玩法，或者是像《王者荣耀》一般与微信、QQ好友共同“吃鸡”，这正是腾讯希望在《光荣使命》能达到的玩法特性。
2
67 12 8 1 2
《绝地求生》在中国受到了广大玩家的追捧，成为继《王者荣耀》后，又一款现象级游戏。
67 13 8 2 2
《绝地求生》掀起的热潮扩散至手游，意味着游戏公司们热切寻找的下一个《王者荣耀》和《阴阳师》初露轮廓，而腾讯也需要应对的产品，这就是《光荣使命》。
1
67 17 10 1 1
刘炽平还提到，即将发布的代理产品《光荣使命》，以及《穿越火线》“荒岛特训”更新版，两款游戏分别都取得了超过2000万用户的预约注册，体现了市场对此类游戏的热情和兴趣。
3
67 18 11 1 3
对于腾讯而言，《光荣使命》是一款被寄予厚望的产品。
67 19 11 2 3
值得注意的是，这次《光荣使命》上线，意味着大厂在“吃鸡”品类上将直面展开竞争。
67 20 11 3 3
据《21世纪经济报道》分析，“在游戏业务上，腾讯和网易以往并没有真正的直面竞争过，“吃鸡”类游戏或称为双方真正交手的战场，这也将使游戏市场迎来前所未有的激烈竞争。
3
67 18 11 1 3
对于腾讯而言，《光荣使命》是一款被寄予厚望的产品。
67 19 11 2 3
值得注意的是，这次《光荣使命》上线，意味着大厂在“吃鸡”品类上将直面展开竞争。
67 20 11 3 3
据《21世纪经济报道》分析，“在游戏业务上，腾讯和网易以往并没有真正的直面竞争过，“吃鸡”类游戏或称为双方真正交手的战场，这也将使游戏市场迎来前所未有的激烈竞争。
3
68 10 5 1 3
当然，在这样一款能横扫大陆的爆款游戏的刺激下，国内游戏厂商早就按耐不住性子，游戏巨头网易就以两款“大逃杀”手游《荒野行动》、《终结者2：审判日》杀进“吃鸡”战场，小米也不甘示弱，联合西山居发行《小米枪战》，网易、小米入局后，《荒野行动》、《终结者2：审判日》和《小米枪战》强势攻占手游下载量排行榜前三，顺利挤出一直霸居第一的《王者荣耀》。
68 11 5 2 3
腾讯和巨人合作推出的“吃鸡”手游——《光荣使命：使命行动》已于11月8日开始预约，截至目前已有超过380万玩家预约。
68 12 5 3 3
只不过，上述几款游戏都是手游模式，给国内不能正儿八经玩上国服版“吃鸡”游戏的玩家们过过大逃杀的瘾罢了。
1
69 1 1 1 1
《绝地求生》全球走红之后，国产游戏厂商迅速跟上，目前最为热门的四大国产“吃鸡游戏”，除《小米枪战》内测时间在10月18日外，11月初的一周时间内，网易的《荒野行动》《终结者2》启动内测，腾讯的《光荣使命：使命行动》开启预约。
1
69 3 3 1 1
据《IT时报》记者观察，几款国产“吃鸡”手游都在积极整改，网易的《荒野行动》小米的《小米枪战》明确表态修改游戏确保游戏作品传递的理念符合社会主义核心价值观，腾讯的《光荣使命：使命行动》也刚刚从广电总局拿到游戏版号。
1
69 5 5 1 1
“吃鸡游戏”被诟病的只是价值观，而不是百人之中只胜一人的玩法，价值观可以通过游戏世界观的设定进行更改，“大逃杀变成军事演习，100人里活1个，就不存在价值观的导向问题了。”监管单位发声之后，《光荣使命：使命行动》仍能获得版号，对其他尚未拿到版号的游戏厂商来说，可以看作是利好信号。
2
71 21 13 1 2
关于接下来的游戏布局，腾讯在财报中罕见地提及一款还未上线的游戏产品——《光荣使命》。
71 22 13 2 2
腾讯称，“2017年11月，我们的代理生存类射击游戏《光荣使命》及《穿越火线手游》更新版开始预约注册，两项游戏均取得热烈的反应。”
2
71 21 13 1 2
关于接下来的游戏布局，腾讯在财报中罕见地提及一款还未上线的游戏产品——《光荣使命》。
71 22 13 2 2
腾讯称，“2017年11月，我们的代理生存类射击游戏《光荣使命》及《穿越火线手游》更新版开始预约注册，两项游戏均取得热烈的反应。”
1
71 23 14 1 1
而这个《光荣使命》，就是目前游戏市场上备受关注的“吃鸡”类游戏。
2
71 36 21 1 2
11月8日，腾讯正式开放《光荣使命》的内测预约，几个小时内就有超过160万玩家进行了预约。
71 37 21 2 2
另据刘炽平透露，目前《光荣使命》的预约注册用户已经超过2000万。
2
71 36 21 1 2
11月8日，腾讯正式开放《光荣使命》的内测预约，几个小时内就有超过160万玩家进行了预约。
71 37 21 2 2
另据刘炽平透露，目前《光荣使命》的预约注册用户已经超过2000万。
1
72 2 2 1 1
第一财经记者注意到，近日腾讯开启了两款“吃鸡”手游《CF：荒岛特训》、《光荣使命：使命行动》的预约。
3
72 6 4 1 3
PC端的火爆燃烧到了手机端，“吃鸡”类游戏对《王者荣耀》形成了围剿之势。
72 7 4 2 3
在苹果手机AppStore免费游戏应用排行榜里，网易和小米开发的三款“吃鸡”游戏一度超过《王者荣耀》。
72 8 4 3 3
而腾讯也在近日开启了两款吃鸡手游《CF：荒岛特训》、《光荣使命：使命行动》的预约。
1
72 31 20 1 1
目前，腾讯是以《CF》和《光荣使命》两款王牌射击类手游开启了“吃鸡”。
2
72 34 21 3 4
截至11月14日，《CF：荒岛特训》的预约人数已经超过了1000万。
72 35 21 4 4
另外一款“吃鸡”手游《光荣使命：使命行动》的定位是“腾讯首款百人对抗竞技射击手游”，截至11月14日记者截稿时止，该游戏预约人数已经突破420万。
2
78 15 6 1 2
而国内手游的王者腾讯也要捋起袖子下场“吃鸡”了。
78 16 6 2 2
腾讯已经公布了“吃鸡”类手游《光荣使命：使命行动》，虽然未正式运营，但已经可以开始预约，距离上线仅有一步之遥。
2
78 17 7 1 2
目前，网易、小米旗下的三款“吃鸡”手游，在苹果AppStore上，已经对《王者荣耀》形成了包围之势！网易的两款“吃鸡”手游登上了Top1、Top2，而《小米枪战》则在Top4紧逼《王者荣耀》。
78 18 7 2 2
当腾讯的《光荣使命》上线后，势必还会进一步分流玩家，曾经的第一手游《王者荣耀》跌出前三，恐怕并非危言耸听。
2
80 7 4 1 2
目光如炬的中国互联网巨头们自然不会错过这一风口。
80 8 4 2 2
11月8日，千呼万唤的腾讯《光荣使命：使命行动》正式开放不删档预约，截至11月8日晚22点，预约人数已超300万。
1
80 16 9 1 1
从榜单上来看，虽然前几名被几款由小游戏厂商开发的“吃鸡”手游占据，但玩家最看好的无疑还是以腾讯的《光荣使命》、网易的《荒野行动》和小米的《小米枪战》为代表的“大厂”手游。
1
80 17 10 1 1
目前，《小米枪战》已于10月18日开始安卓端单排内测，《荒野行动》安卓版于10月31日正式开始不限号测试，《光荣使命》则于11月8日正式开启不删档预约。
3
80 20 13 1 3
从日活渗透率来看，两款手游总体都呈现上升趋势，但近两日有所下降。
80 21 13 2 3
记者猜测，这可能与腾讯《光荣使命》前几日的预热有关。
80 22 13 3 3
一方面，两款游戏虽然抢占了先机，但在体验上依然存在许多不足，玩家早有怨言，《光荣使命》的出现，可能让更多不愿将就的玩家抱有“再等等看”的心态。
3
80 20 13 1 3
从日活渗透率来看，两款手游总体都呈现上升趋势，但近两日有所下降。
80 21 13 2 3
记者猜测，这可能与腾讯《光荣使命》前几日的预热有关。
80 22 13 3 3
一方面，两款游戏虽然抢占了先机，但在体验上依然存在许多不足，玩家早有怨言，《光荣使命》的出现，可能让更多不愿将就的玩家抱有“再等等看”的心态。
2
80 36 20 1 2
第一类是完全仿照《绝地求生》的独立游戏，如网易的《荒野行动》、腾讯的《光荣使命》；第二类是在现有产品中加入“大逃杀模式”，如小米的《小米枪战》、网易的《终结者2：审判日》以及新三板上市公司英雄互娱的《全民枪战2》；最后一类就是以“大逃杀模式”为基础，但在画面、风格上重新包装的独立游戏，如《GrandBattleRoyale（像素大逃杀）》。
80 37 20 2 2
其中，第一类鱼龙混杂，既有网易、腾讯等手游“大厂”，也有名不见经传的小开发商；第二类中大厂居多；第三类中则多为小游戏厂商或个人开发者。
3
80 43 24 1 3
从图上来看，两款手游的用户活跃度自10月份以来均呈现下降趋势，且10月中旬起下降速度明显加快，而这一时间点刚好是《小米枪战》开始单排内测。
80 44 24 2 3
两款游戏虽然目前在“吃鸡”手游排行上占据前两名，但随着网易《荒野行动》的完善，以及腾讯《光荣使命》的上线，日后估计也是凶多吉少。
80 45 24 3 3
最终，以“大逃杀”为噱头的宣传、推广，也只能当做是给市场做做热身运动。
1
83 1 1 1 1
昨日，腾讯最新手游《光荣使命》预约发布，正式加入战场，这也是腾讯在手游市场上首款百人对抗竞技射击手游。
1
83 6 3 1 1
参考吃鸡类产品的表现，市场对于《光荣使命》的期待度不低。
2
84 6 3 1 2
而国内游戏第一厂商腾讯公司，此前在《大逃杀》的代理权方面大获成功后，曾一度引起全国吃鸡游戏玩家都为之欢呼。
84 7 3 2 2
可惜的是，截止目前为止，虽然腾讯已经放出CF资料片《荒岛特训》，甚至还正式宣布推出光荣使命：使命行动的消息，但原来这款游戏也只是开启预约测试，腾讯游戏至今没有正式推出一款广大玩家可以马上就玩的吃鸡手游。
1
84 45 26 1 1
于是乎，在烟雾弹备受玩家讨论的同时，腾讯在推出《CF》的资料片《荒岛特训》同时，在2017年11月8日凌晨也推出了“大逃杀”手游《光荣使命》，但目前这款游戏根据官方的信息显示，依然还是处于预约状态，最近几天要成功上市已经不太可能。
2
86 9 5 1 2
3天的倒计时结束。
86 10 5 2 2
今天凌晨，腾讯的这款吃鸡游戏终于浮出了水面：百人对抗竞技射击手游《光荣使命：使命行动》正式开启，目前已有超112.8万玩家预约。
2
86 56 30 1 2
《绝地求生》较高的配置要求，使得一些PC端玩家不能现在开始入局；另一方面，在吃鸡游戏大火的现在，所有玩家都在翘首以盼，很多打着吃鸡名号的手游还未推出，就已经博得了很高的眼球关注度。
86 57 30 2 2
譬如今天腾讯刚刚推出的《光荣使命》。
3
87 1 1 1 3
续广电总局对“大逃杀”类游戏持否定态度后，腾讯决定自己推出“吃鸡”手游。
87 2 1 2 3
预热3天，腾讯于今日上线手游新作《光荣使命》。
87 3 1 3 3
而在游戏排行榜中，《王者荣耀》也已彻底被“吃鸡”类游戏围攻。
2
87 7 3 1 2
今日，chiji.qq.com的网页已无法打开。
87 8 3 2 2
腾讯官方宣布上线《光荣使命：使命行动》，并将域名改为：grsm.qq.com，这是既网易和小米后，第三个推出吃鸡类游戏的国内厂商。
3
87 11 5 1 3
有意思的是，在苹果AppStore中，吃鸡类游戏已对《王者荣耀》形成围攻夹击之势。
87 12 5 2 3
目前排在游戏榜前两位的是网易的《荒野行动》和《终结者2：审判日》，小米的《小米枪战》排在第四位，三款吃鸡游戏将排名第三《王者荣耀》夹击。
87 13 5 3 3
当《光荣使命》上线后，想必也可冲入前三，届时，《王者荣耀》恐将首次跌出Top3。
