3
3 1 1 1 3
2017年12月1日TGC（腾讯游戏嘉年华）在成都如期举行，本届嘉年华众星云集，英雄联盟》、《DNF》等中外精品之作吸引玩家关注。
3 2 1 2 3
而最令人瞩目的，当属腾讯与PUBG上午举行的合作发布会。
3 3 1 3 3
发布会围绕《绝地求生》的生态打造进行深入介绍，而腾讯光子工作室群和PUBG公司联手打造的绝地求生正版手游《绝地求生：刺激战场》作为压轴大戏最后出场，引发现场惊叹。
2
16 37 23 1 2
一方面，与《英雄联盟》、《王者荣耀》、《穿越火线》等游戏相比，《绝地求生》用户高度男性化，导致社交性特征显弱，难以圈占大量用户。
16 38 23 2 2
另一方面，按照目前99元/份的买断性售价，《绝地求生》难以为腾讯、网易带来丰裕的营收。
1
16 40 25 1 1
“每隔3到5年，行业就应该有一款现象级游戏诞生。”游戏产业观察人士罗伊认为，“此前是《魔兽世界》，然后是《英雄联盟》，以大学4年为周期来看，玩家群体更新换代，可能是《绝地求生》为代表的‘大逃杀’类型游戏崭露头角的原因之一。”
3
18 7 5 1 3
根据Gamoloco网站统计的消息，8月份，《绝地求生》在Twitch的观看时长已经超过了7300万小时，打破了《英雄联盟》一直保持的记录。
18 8 5 2 3
在此之前，《英雄联盟》已经连续称霸了34个月。
18 9 5 3 3
暴雪精心打造的《守望先锋》都没有做到的事情，让《绝地求生》这款游戏做到了。
3
18 7 5 1 3
根据Gamoloco网站统计的消息，8月份，《绝地求生》在Twitch的观看时长已经超过了7300万小时，打破了《英雄联盟》一直保持的记录。
18 8 5 2 3
在此之前，《英雄联盟》已经连续称霸了34个月。
18 9 5 3 3
暴雪精心打造的《守望先锋》都没有做到的事情，让《绝地求生》这款游戏做到了。
2
19 8 4 1 2
值得一提的是，从地图的构建来看，这模式跟《英雄联盟》中的水晶之痕有点类似。
19 9 4 2 2
《王者荣耀》这次推出的新模式或许是借鉴《英雄联盟》的统治战场模式，这两者核心玩法估计差异不大，不过实际内容还是得官方公布为准。
2
19 8 4 1 2
值得一提的是，从地图的构建来看，这模式跟《英雄联盟》中的水晶之痕有点类似。
19 9 4 2 2
《王者荣耀》这次推出的新模式或许是借鉴《英雄联盟》的统治战场模式，这两者核心玩法估计差异不大，不过实际内容还是得官方公布为准。
2
24 5 4 1 2
混战模式目前没有具体的说明出现，会不会加入单独的天梯系统也不得而知，感觉这个模式和现有的大乱斗模式一样都是偏娱乐向的游戏模式，玩家们在其中也是放松娱乐一下。
24 6 4 2 2
在MOBA游戏中加入吃鸡元素腾讯也是开了个头，不知道未来的《英雄联盟》甚至其他类型的游戏会不会也引入吃鸡元素呢？不过经过了这一段时间被吃鸡“狂轰滥炸”后有点疲劳了，这个热潮什么时候是个头呢？（潘达）
3
26 20 11 1 3
先投资、收购，再代理国服，这种似曾相识的合作模式，近年来腾讯已经多次尝试。
26 21 11 2 3
2008年腾讯宣布入股《英雄联盟》的研发商拳头公司，2011年在产品相对完善后，腾讯宣布代理《英雄联盟》，之后游戏大红大紫，腾讯迅速拿下了拳头90%的股份。
26 22 11 3 3
此后《皇室战争》的开发商Supercell也同样是类似的方式被腾讯收归囊中。
1
26 34 16 1 1
事实上，从《地下城与勇士》到《穿越火线》，从《英雄联盟》到《剑灵》，腾讯的本土化运营经验非常丰富，这也有助于《绝地求生》以合法、合规的形式落地中国市场。
2
26 35 17 1 2
此外，《绝地求生》本身就是一款由直播带热的游戏，腾讯能够为其进行直播乃至电竞比赛等一系列运营。
26 36 17 2 2
在国外，Gamoloco的数据显示，今年8月《绝地求生》在Twitch上的观看总时长达到7373万小时，将此前已连续称霸34个月的《英雄联盟》挤下神坛，成为当月Twitch上观看时长最高的游戏。
2
26 37 18 1 2
目前《绝地求生》在国内外的电竞布局已经展开，电竞豪门TeamLiquid俱乐部早早便宣布成立《PUBG》分部，在国内，各大电竞俱乐部也不甘落后，IG、1246、Snake、Newbee、OMG、TYLOO、WE皇族等传统豪门纷纷入局，其间也有不少新兴战队出现。
26 38 18 2 2
若果运营得当，《绝地求生》非常希望成为下一个《英雄联盟》，继续巩固腾讯在泛娱乐领域的霸主地位。
2
35 1 1 1 2
【PConline资讯】周杰伦是热爱游戏艺人的代表之一，不仅成为了《英雄联盟》的代言人，为其演唱了主题曲。
35 2 1 2 2
在线下还建立了自己的游戏专属主题网吧，还创建了自己的电竞战队“JTeam”。
3
50 4 2 1 3
同时腾讯也将和PUBG公司一起与各直播平台、媒体、上网服务场所等行业各界合作伙伴打造公平、健康、可持续的生态体系。
50 5 2 2 3
这也是继《英雄联盟》、《王者荣耀》之后又一款火爆游戏落入腾讯囊中。
50 6 2 3 3
此时腾讯的游戏帝国实力雄厚，不可撼动。
2
50 10 4 1 2
《英雄联盟》现在的热度已经达到了一个天花板，玩家增幅已经放缓，此时的腾讯也正有兴趣寻找新的游戏来继续占领游戏市场。
50 11 4 2 2
从腾讯2016年的财报的收入结构上显示，1520亿的收入，700亿来自游戏，占46%，腾讯依然是以游戏为重心，又怎么会放过这款当下最火热《绝地求生》呢？
2
50 29 10 1 2
腾讯游戏的氪金能力很强，《英雄联盟》、《王者荣耀》都提供了借鉴之路，英雄、以及皮肤的购买成为和两款游戏的主要收入之一。
50 30 10 2 2
而腾讯在代理国服之后，人物模型、皮肤、服装应该会成为《绝地求生》的氪金点，用户基数的庞大必定为腾讯带来新一轮的财富。
2
50 33 12 1 2
《英雄联盟》的成功为吃鸡这条赛道的玩家提供了信心。
50 34 12 2 2
从代理国服开始，腾讯先后通过股权购买拿下了拳头公司，从上游游戏开发商到下游陪玩等服务，形成了一套比较成熟的体系。
2
50 35 13 1 6
在赛事方面，《英雄联盟》的赛事体系已经相当完善，全球总决赛、全明星赛、洲际赛、地区联赛等都已经相当完善。
50 36 13 2 6
在腾讯代理《绝地求生》之前，相关赛事已经开始。
2
51 3 2 1 2
腾讯公司近些年通过自身的强大财力已经先后代理、收购了多款全球热门游戏，数年前风靡全球的《英雄联盟》以及在国内火爆异常的《地下城与勇士》，都在腾讯的加入后大放异彩，不过在那段时间腾讯也做出了并不“光彩”的事情——收购不成就会开发一款玩法相似的游戏，凭借着庞大的用户群来击败对手。
51 4 2 2 2
不过现在家大业大的腾讯已经放弃了这种做法，正常的代理和收购已经可以拿下绝大多数游戏，但这似乎在《绝地求生》中吃了亏。
3
51 5 3 1 3
与《绝地求生》的谈判似乎进行的并不顺利，曾经网络传言腾讯已经可以顺利收购这个游戏公司，但似乎遇到了难以解决的困难，谈判迟迟没有结果，直到22日才谈下《绝地求生》的独家代理权。
51 6 3 2 3
而反观网易、金山等游戏公司知道自身条件无法满足PUBG公司，于是就剑走偏锋的开发起了手机版的吃鸡游戏，并顺利打破手游被腾讯“屠榜”的局面，《王者荣耀》也失去了冠军宝座。
51 7 3 3 3
这可能也是腾讯决定与PUBG达成协议的重要因素，在《英雄联盟》、《王者荣耀》人气渐淡，《穿越火线》又被《CS：GO》等逐步赶超的时候，无论做出多大的让步，也急需把《绝地求生》拿下。
3
51 12 6 1 3
作为一款享誉全球的游戏，腾讯也是继《英雄联盟》后首次直接与国外游戏厂商进行代理合作，这种重视的程度也在一定程度上表明了腾讯的态度，游戏推出的时间并不算长，并且还存在很多漏洞，但腾讯对它的无限前景仍旧十分看好。
51 13 6 2 3
之前LOL刚刚推出后也被无数玩家吐槽各个方面都不如《DOTA》，而在腾讯投资并代理后游戏质量有了飞跃，游戏的开发和运营也得到了很大提升，成功摆脱《DOTA》的阴影成为了用户最多的MOBA游戏。
51 14 6 3 3
有了这个成功的案例，蓝洞公司和多数玩家也对腾讯代理《绝地求生》持积极态度，认为这将是一个双赢的签约。
1
51 17 8 1 1
《英雄联盟》作为全球最热门的MOBA游戏，已经发展到了第八个赛季，但是这款游戏的统治力也在逐渐下滑，S7决赛的韩国内战虽然相当精彩，但是世界玩家似乎已经对韩国战队的统治显露出了疲态，S8的符文改动直接影响了游戏节奏，部分无法适应的老玩家也选择“适时”的脱坑，而在各大游戏直播平台中，LOL的观众也渐渐少了许多。
2
51 21 12 1 2
不仅局限于《绝地求生》这款游戏，腾讯的目的很可能是通过这款游戏而展开一系列同类型游戏的发展计划，在LOL刚刚加入腾讯阵营时，公司不仅仅让《英雄联盟》吸收了众多玩家，也打开了MOBA游戏的大门，为日后推出《王者荣耀》起到了至关重要的作用，同时开启了主机与手机的电竞模式。
51 22 12 2 2
《绝地求生》的加入很可能会影响到正在测试中的腾讯吃鸡手游《光荣使命》，学习了最纯正的吃鸡元素后也有了追赶《荒野行动》等一众吃鸡手游的底气与希望。
3
51 25 15 1 3
之前腾讯代理的《地下城与勇士》就曾因为服务器质量太差而被戏称为“掉线城与虚弱勇士”，成为了当时DNF的一个经典槽点；代理《英雄联盟》后又在国服提升皮肤、英雄等价格导致玩家需要花费更多的钱去购买那些皮肤。
51 26 15 2 3
而腾讯游戏给玩家们留下最深印象可能就是充值了，随便玩个游戏不充钱就玩不痛快，有的游戏中免费玩家只能被那些人民币玩家当做游戏的一部分一样戏耍，因此《绝地求生》由腾讯代理让不喜欢内购的玩家颇为担心。
51 27 15 3 3
玩家们不仅仅在网上吐槽，甚至开始在Steam平台上无组织的对《绝地求生》打出一星评价，并在评论区中列举了腾讯代理后的多种“恶行”。
2
52 22 18 1 2
其二，再来谈谈电竞化的问题。
52 23 18 2 2
在中国如果说腾讯代表了中国80%以上的电竞，绝对没有人会反对，无论是PC端的《英雄联盟》，还是移动端的《王者荣耀》，腾讯对中国电竞市场的垄断的恐怖程度是十分可怕的，唯一能够与腾讯竞争的无论是完美，还是英雄互娱，本质上的差距不是一点半点。
1
52 25 20 1 1
再看比之上海特锦赛不知道规模和赛程要复杂及庞大了多少倍的《英雄联盟》S7赛事，从武汉，到广州，再到上海、北京，我们看到的是一路的井然有序。
1
52 26 21 1 1
腾讯在电竞方面始于对《穿越火线》的打造，盛于《英雄联盟》，一系列从城市赛、校园赛，再到QGC、TGA、WGC等大奖赛，以及最为高端的如LPL、KPL等职业联赛，腾讯对于电竞的生态产业的掌控以及经验，以及完全成熟。
2
52 48 39 1 2
首先，今年开始，一个不可忽视的话题在于，《英雄联盟》正在势弱。
52 49 39 2 2
在（《英雄联盟》的盛世危机）当中，Gamewower已经提到，《王者荣耀》的出现对于《英雄联盟》的分流是相当严重的。
2
52 48 39 1 2
首先，今年开始，一个不可忽视的话题在于，《英雄联盟》正在势弱。
52 49 39 2 2
在（《英雄联盟》的盛世危机）当中，Gamewower已经提到，《王者荣耀》的出现对于《英雄联盟》的分流是相当严重的。
1
52 50 40 1 1
而现在又加上了一个《绝地求生》，一个在品类和休闲性上，一个在同属PC平台的时间上，两者对《英雄联盟》造成了强大的挤压之势。
1
52 51 41 1 1
如果说，《王者荣耀》还因为同属自家平台，甚至比之《英雄联盟》更为嫡系，尚可接受这样的分流，那么《绝对求生》的分流是腾讯难以忍受的。
2
52 52 42 1 2
《绝对求生》的出现，让优质但数量正在减少的PC端用户再一次做出了强大的分流，再加上《英雄联盟》自身的生命周期原因。
52 53 42 2 2
因此，腾讯必须要重新找到PC端《英雄联盟》的替代品，这个替代品的选择当中，没有比直接拿下竞品代表的《绝地求生》更为合适。
2
52 52 42 1 2
《绝对求生》的出现，让优质但数量正在减少的PC端用户再一次做出了强大的分流，再加上《英雄联盟》自身的生命周期原因。
52 53 42 2 2
因此，腾讯必须要重新找到PC端《英雄联盟》的替代品，这个替代品的选择当中，没有比直接拿下竞品代表的《绝地求生》更为合适。
1
52 54 43 1 1
拿下《绝地求生》意味着在短时间之内，在PC端，腾讯将再次掌控绝对的话语权，亦如过去几年《英雄联盟》带来的绝对的效应。
2
52 68 56 1 2
最后，腾讯正在展示自己的强大。
52 69 56 2 2
无论是这一次的《绝地求生》，还是上一次的《英雄联盟》，亦或者是中间的《皇室战争》，我们发现海外一些优秀的新产品、新厂商都已经被腾讯纳入了怀抱。
1
62 14 9 1 1
在Twitch等平台，《大逃杀》的日常播放量甚至超过了万年老大《英雄联盟》。
3
63 7 3 1 3
长期被MOBA（多人在线战术竞技游戏，如《英雄联盟》《王者荣耀》）游戏把持的国内游戏市场在“吃鸡”的刺激下出现了松动。
63 8 3 2 3
网易、腾讯、完美等游戏大佬闻风而动，纷纷加入这一新兴市场的抢夺之中。
63 9 3 3 3
与此同时，“吃鸡”热也为国内电竞硬件提供商、软件开发者和网吧带来了新的增长契机。
2
63 20 8 1 2
目前，腾讯还没有公开透露任何有关代理《绝地求生》的消息。
63 21 8 2 2
上述人士称：“目前还有一些监管审批的问题。其实，比起代理引进，腾讯更倾向于游戏版权收购，将其打造成第二个《英雄联盟》。”
2
63 22 9 1 2
2015年，腾讯全资收购了《英雄联盟》开发商RiotGames100%的股份，从而奠定了其在MOBA类游戏的霸主地位。
63 23 9 2 2
在业内看来，正是这款游戏让腾讯在MOBA类游戏积累了足够的经验和技术，从而在去年开发出了爆款游戏《王者荣耀》。
2
63 53 25 1 2
对于普通玩家来说，硬件设备的高门槛使得部分玩家不得不转战网吧。
63 54 25 2 2
在采访中，北京多家连锁网吧的负责人告诉《中国经济周刊》记者，从去年底开始，来网吧要求玩《绝地求生》的用户开始增多，目前平均上座率已经达到了40%左右，直线逼近《英雄联盟》和《Dota2》的玩家人数。
1
64 20 13 1 1
近年来国内手机游戏市场蓬勃发展，但是在玩法创新上所做的努力并不多，多数是将在市场上已被验证成功的类型、题材、玩法在手机这种新终端进行重新验证，其中有些因为手机人群的规模甚至取得了更大市场成功：比如近年来颇为流行的《王者荣耀》之于《英雄联盟》那样。
2
71 6 4 1 2
其中，腾讯的老牌端游《地下城与勇士》和《英雄联盟》依然保持稳定的收入。
71 7 4 2 2
而手游方面，国民爆款游戏《王者荣耀》的营收持续增长，另据腾讯披露，《魂斗罗：归来》《经典版天龙手游》、《轩辕传奇手游》和《寻仙手游》等手游的营收增长也较明显。
1
72 11 7 1 1
11月13日晚间，第一财经记者在深圳市罗湖区一间网吧走访发现，《绝地求生：大逃杀》已经开始“攻陷”网吧，玩家数量已经逼近此前最火的游戏《英雄联盟》，“竞技区”几乎所有人都在玩《绝地求生：大逃杀》。
1
80 54 30 1 1
与《英雄联盟》（端游）之于《王者荣耀》（手游）、《穿越火线》（端游）之于《穿越火线：枪战王者》（手游）不同的是，“吃鸡”手游的诞生，是处在原版端游《绝地求生》的上升期。
2
81 45 30 1 2
不过，歪打正着的是，在游戏玩家中，占九成的恰恰是各种只能扮演绿叶的非技术熟练型菜鸟玩家们。
81 46 30 2 2
将《王者荣耀》《英雄联盟》《魔兽争霸》等技术要求极高的电竞型网游留给数以万计的职业选手，而数以亿计的业余选手们，需要一个能偶尔获得主角光环的虚拟世界。
3
86 3 2 2 4
早在今年的3月23日，韩国公司Bluehole开发了一款游戏《绝地求生大逃杀》，这款游戏在半年内引爆了全球的玩家市场。
86 4 2 3 4
Bluehole的创意总监BrendanGreene今天在推特上宣布，该游戏的全球销量，已经突破了2000万份；在欧美市场，《绝地求生》在今年第三季度超越《英雄联盟》，成为直播平台最火的游戏作品。
86 5 2 4 4
根据SteamSpy的数据，《绝地求生》已经连续34周排名Steam周销量排行榜第一。
1
86 21 11 1 1
玩家们终于等来了《英雄联盟》后的又一爆款。
3
86 26 15 1 3
而《绝地求生》与《王者荣耀》决然不同。
86 27 15 2 3
它满足的就是硬核玩家的诉求，它将直接取代《英雄联盟》的市场。
86 28 15 3 3
以《英雄联盟》为代表的MOBA游戏（多人在线战术竞技游戏）已经进入疲软期，大逃杀的竞技模式给桌游市场带来了新的可能。
3
86 26 15 1 3
而《绝地求生》与《王者荣耀》决然不同。
86 27 15 2 3
它满足的就是硬核玩家的诉求，它将直接取代《英雄联盟》的市场。
86 28 15 3 3
以《英雄联盟》为代表的MOBA游戏（多人在线战术竞技游戏）已经进入疲软期，大逃杀的竞技模式给桌游市场带来了新的可能。
1
89 30 11 1 1
《绝地求生》与《英雄联盟》、《DOTA2》这种5V5对抗赛模式不同，《绝地求生》却是一种多人游戏的竞技模式，是打破现有电竞的一种新型比赛模式，这样也丰富了比赛的观赏性；这款游戏的另外一个独特之处也在于“吃鸡”存在一定的运气成分，本身增加了游戏的真实性，也增加了观众观赏的真实性体验。
2
89 31 12 1 2
一些电竞公司已经开始对《绝地求生》的陪玩服务进行测试，电竞帮的创始人王建曾透露现在已经对“吃鸡”进行了陪玩的测试，但测试结果并没有像《英雄联盟》、《王者荣耀》那么好，这款游戏能活到最后吃鸡的概率为1%，即使有大神一起玩也不一定能吃到鸡，而玩家更看重的游戏体验，所以更多的人都选择和熟人玩。
89 32 12 2 2
一位“吃鸡”玩家也表示，“这个游戏最吸引我的是能和一群朋友一起玩，开语音交流的过程是最让我开心的时候。”
1
89 37 17 1 1
一家电脑硬件供应商透露，“自从这款游戏火了之后，他的硬件销量也在不停的增加，从三月份到现在已经翻了两翻。相比之下，《英雄联盟》对电脑硬件的要求就没有那么高，即使在《英雄联盟》最火热的时候，内存和显卡价格一直波动不大，电脑硬件基本没有影响。”
2
90 13 5 1 2
事实上，在过去的几个月里，国内网吧行业的生态环境，已经被《绝地求生》这款游戏所改变。
90 14 5 2 2
不管是街头的网吧，还是商业综合体里的电竞馆，你都能清晰感受到这股现象级游戏的流量与热度，而上一次对行业造成巨大冲击的还是《Dota》、《英雄联盟》等这样的游戏，吃鸡的热潮无处不在，游戏直播、朋友圈、各大网络社区的短视频，更是传播催化剂。
1
91 1 1 1 1
TechWeb报道11月7日消息，《绝地求生：大逃杀》绝对算得上2017年最热游戏之一，一经推出就打破了Steam上的多项纪录，还动摇了《英雄联盟》、《Dota》等MOBA游戏对网游的统治地位，“吃鸡”一时间成了众人皆知的热词。
1
92 1 1 1 1
这是《英雄联盟》、《王者荣耀》之后的又一个爆款游戏，直播、外挂、代理、网吧等等各路产业都开始扑向其中寻找机会。
2
92 5 4 1 2
这样的场景，同期发生于深圳魔杰电竞、北京网鱼网咖等地，并向二三线城市扩散。
92 6 4 2 2
此前被《英雄联盟》、《穿越火线》、《地下城与勇士》等腾讯系游戏占领的网吧市场，在这股新风潮搅动下，正逐渐撕裂、瓦解。
2
92 11 8 1 2
因为其新鲜刺激的玩法，这款售价98元人民币的游戏仅用半年时间就异军突起，迅速占领了社交媒体和斗鱼、熊猫等各大游戏直播平台。
92 12 8 2 2
根据百度指数的数据显示，其近期“绝地求生”搜索指数已经超过《英雄联盟》与《守望先锋》。
1
92 16 11 1 1
《绝地求生》流行度如火箭般蹿升，被行业认为是一起标志性事件：长期被MOBA（多人在线战术竞技游戏，以《英雄联盟》为代表）游戏把持的PC游戏市场，在以《绝地求生》为代表“大逃杀”类型冲击下，有了松动的可能。
1
92 17 12 1 1
“每隔3到5年，行业就应该有一款现象级游戏诞生。”游戏产业观察人士罗伊认为，“此前是《魔兽世界》，然后是《英雄联盟》，以大学4年为周期来看，玩家群体更新换代，可能是《绝地求生》为代表‘大逃杀’类型游戏崭露头角的原因之一。”
1
92 26 19 1 1
根据顺网科技10月31日提供的网吧指数显示，在关键词排名下的游戏榜单中，《绝地求生》排名第七，次于《英雄联盟》《穿越火线》等5款腾讯系网游与Steam平台，是唯一进入前十名的买断制付费游戏。
3
92 51 34 1 3
8月28日，国内电竞俱乐部IG通过微博宣布，将成立《绝地求生：大逃杀》分部iG.PUBG。
92 52 34 2 3
俱乐部由多名前星际争霸、守望先锋以及英雄联盟职业选手组成。
92 53 34 3 3
同期以及稍晚时候，Snake、Max、VG、JDG、OMG等电竞俱乐部也宣布将成立绝地求生分部，招募战队队员。
3
92 82 51 1 3
罗伊认为，如果腾讯不拿下《绝地求生》而拱手让给竞争对手，未来其游戏市场份额一定会被吃掉。
92 83 51 2 3
因此在投资方面，参股蓝洞作为战略防御也是有意义的。
92 84 51 3 3
“不投白不投，腾讯不投360投，不投网易投，对于腾讯负责投资和战略的人而言，他无法承担错失潜在机会的损失。”罗伊表示，“而且《英雄联盟》已经证明了，这种爆款竞技产品就是市场方向。”
3
98 6 4 1 3
这款时下Steam上最为火热的现象级游戏，在短短半年时间里创下了6项世界纪录，并制造了一波大逃杀游戏的现象级热潮。
98 7 4 2 3
它的热度蔓延至中国市场，让周杰伦、林更新等明星、电竞选手和网红主播们纷纷转战直播“吃鸡”吸引人气，堪比同为端游的《英雄联盟》和《守望先锋》。
98 8 4 3 3
而今日该消息一出，让无数觊觎“吃鸡游戏”的国内游戏开发者们心凉了一大截。
2
98 19 10 1 2
这样的现象级效应似乎让游戏厂商瞥见了彼时《英雄联盟》的盛景，它不仅是一款成功的现象级MOBA竞技类端游，也催生了同为现象级手游的《王者荣耀》的火热。
98 20 10 2 2
于是不少游戏厂商纷纷瞄准这款游戏或“吃鸡模式”，根据《绝地求生》的设计思路打造同类型的“吃鸡”游戏，。
