3
37 1 1 1 3
千龙网乌镇12月4日讯（记者陈群）12月3日下午，第四届世界互联网大会全体会议在浙江乌镇互联网国际会展中心举行。
37 2 1 2 3
会上，腾讯控股有限公司董事长兼首席执行官马化腾发表了主题演讲。
37 3 1 3 3
他表示，在数字经济发展飞速、外界掌声越来越热烈的时候，互联网公司需要更清醒地认识到自己身上的责任。
2
43 1 1 1 2
3日，在乌镇互联网国际会展中心，两位小朋友从“网络茧儿”公益主题艺术装置展旁经过。
43 2 1 2 2
新华社发
1
44 8 3 1 1
昨天下午4时，世界互联网领先科技成果发布活动在乌镇互联网国际会展中心举行。
3
46 5 5 1 3
“汪仔，我最近胃不舒服，我该怎么办？”“请问是什么时候开始的？是哪种疼痛”……昨天，在乌镇互联网国际会展中心的展览区域，机器人“汪仔”在给游客看诊。
46 6 5 2 3
在第四届世界互联网大会上，许多新科技的展出和应用，让人眼界大开。
46 7 5 3 3
从交通出行到生病诊治、城市管理，科技正在向人们展示着正在到来的未来生活。
2
65 1 1 1 2
12月3日，乌镇互联网国际会展中心。
65 2 1 2 2
摄影：黎萌
2
71 1 1 1 2
在乌镇互联网国际会展中心，第四届世界互联网大会3日10点30分在此举行开幕会。
71 2 1 2 2
经过排队、安检，媒体和嘉宾开始陆续进场，跟着记者一起来看吧！
1
72 1 1 1 1
12月3日10时30分，第四届世界互联网大会在浙江乌镇互联网国际会展中心开幕。
2
74 8 7 1 2
12月2日，记者在浙江乌镇前往乌镇互联网国际会展中心。
74 9 7 2 2
新华社记者郑焕松摄
1
75 9 7 1 1
片尾，当燕群飞临乌镇互联网国际会展中心上空，盘旋形成logo的时候，主题也呼之欲出——世界就是一个同心圆，让我们携手共建网络空间命运共同体。
3
79 1 1 1 3
12月3日上午10点30分，第四届世界互联网大会开幕式在浙江乌镇互联网国际会展中心正式召开。
79 2 1 2 3
本届大会的主题是“发展数字经济促进开放共享——携手共建网络空间命运共同体”。
79 3 1 3 3
国家主席习近平为大会发来贺信，中共中央政治局常委、中央书记处书记王沪宁发表主题演讲，来自全球80多个国家的1500位嘉宾、400余家知名互联网企业和创新型企业参与了本次大会。
2
82 2 2 1 2
乌镇互联网国际会展中心是世界互联网大会的永久场馆，位于乌镇西栅景区西北部，西临运河，东连环河路，南接西栅景区，总建筑面积约6万平方米，于2016年10月全部完工。
82 3 2 2 2
乌镇互联网国际会展中心由“普利兹克建筑奖”获得者、中国美院教授王澍先生领衔设计，是古典建筑美学与现代建筑美学的完美融合。
2
82 2 2 1 2
乌镇互联网国际会展中心是世界互联网大会的永久场馆，位于乌镇西栅景区西北部，西临运河，东连环河路，南接西栅景区，总建筑面积约6万平方米，于2016年10月全部完工。
82 3 2 2 2
乌镇互联网国际会展中心由“普利兹克建筑奖”获得者、中国美院教授王澍先生领衔设计，是古典建筑美学与现代建筑美学的完美融合。
1
92 14 7 1 1
据了解，本届大会主场馆乌镇互联网国际会展中心建筑面积8.1万平方米，由会议中心、接待中心和展览中心三大功能区组成，将最大程度满足办会、论坛、展览等需要。
2
94 3 1 3 4
来自全球1500位嘉宾、400余家知名互联网企业和创新型企业参会。
94 4 1 4 4
10:30，大会开幕式在乌镇互联网国际会展中心举行↓
1
99 1 1 1 1
【TechWeb报道】12月3日消息，从今天起到12月5日，世界互联网的关注点将落脚在乌镇，第四届世界互联网大会将于今日10时30分在浙江乌镇互联网国际会展中心开幕，全球互联网公司的科技大佬将齐聚这里，展示世界互联网最新发展趋势和前沿技术，探讨未来互联网的发展发向。
