4 3 1 3 4
本届大会主题为“发展数字经济促进开放共享——携手共建网络空间命运共同体”。
4 4 1 4 4
中国国家主席习近平给大会发来贺信，再次倡导互联网发展的“四项原则”和“五点主张”，希望推动世界各国共同搭乘互联网和数字经济发展的快车，希望大家集思广益、增进共识，深化互联网和数字经济交流合作，让互联网发展成果更好造福世界各国人民。
4 12 3 3 5
党的十八大以来，习近平总书记以宏阔视野和战略思维，高瞻远瞩地提出了网络强国战略思想，就如何认识、运用、发展、管理互联网等提出了一系列战略性、前瞻性、创造性观点，深刻回答了中国是否要发展互联网、怎样发展互联网等重大理论和实践问题，深刻揭示了互联网的本质特征、发展规律、发展路径。
4 13 3 4 5
本届盛会立足“国际、创新、未来、领先、融合”的视角，集中展示云计算、物联网、人工智能等全球互联网技术和应用创新及数字经济发展的最新成果，向世界展示中国精神、中国担当、中国力量和中国方案。
4 14 3 5 5
事实充分证明，拥有5000年文明史的中华民族，经过不屈不挠的艰苦努力，已经从互联网国际大家庭中迈向世界舞台中心。
10 15 8 1 4
12月4日，在浙江乌镇举行的第四届世界互联网大会“互联网之光”博览会以“发展数字经济促进开放共享——携手共建网络空间命运共同体”为主题，集中展示了云计算、物联网、人工智能等全球互联网技术和应用创新及数字经济发展的最新成果。
10 16 8 2 4
博览会吸引了来自全球的411家知名企业参展。
12 25 10 1 2
我们要从构建网络空间命运共同体的高度来进一步贯彻落实党的十九大精神。
12 26 10 2 2
首先把事情做好，通过发展数字经济和共享经济等，来实现十九大提出的建设网络强国、数字中国、智慧社会等目标，同时也为推动世界各国共同搭乘互联网和数字经济发展的快车创造条件。
12 28 12 1 2
习主席在给大会的贺信中指出，“中国数字经济发展将进入快车道”，对此我深有体会。
12 29 12 2 2
随着人工智能等技术的逐步普及和进入实用化，数字经济与实体经济的结合也越趋明显，不仅对消费者产品和服务带来改变，也会对制造端、供给端产生非常大的影响。
12 47 20 1 4
中共十九大制定了新时代中国特色社会主义的行动纲领和发展蓝图，提出要建设网络强国、数字中国、智慧社会，推动互联网、大数据、人工智能和实体经济深度融合，发展数字经济、共享经济，培育新增长点、形成新动能。
12 48 20 2 4
中国数字经济发展将进入快车道。
12 49 20 3 4
中国希望通过自己的努力，推动世界各国共同搭乘互联网和数字经济发展的快车。
12 48 20 2 4
中国数字经济发展将进入快车道。
12 49 20 3 4
中国希望通过自己的努力，推动世界各国共同搭乘互联网和数字经济发展的快车。
12 50 20 4 4
中国对外开放的大门不会关闭，只会越开越大。
15 5 3 1 2
“伙伴精神”“大家的事由大家商量着办”“四个共同”“共同搭乘互联网和数字经济发展的快车”……迅速成为与会嘉宾们口中的热词。
15 6 3 2 2
“中国声音”与“中国方案”赢得了与会嘉宾的广泛认同。
15 20 12 1 3
在外国嘉宾们看来，贺信中的内容体现出中国的大国风采和全球视野。
15 21 12 2 3
老挝邮政与通信部副部长本沙乐塞·肯纳翁和塞尔维亚贸易旅游与通讯部秘书塔提亚娜·马迪奇对移动支付、共享单车、“双11”等中国互联网经济中的“新名片”如数家珍。
15 22 12 3 3
塔提亚娜·马迪奇表示：“我们希望加强与中国在智慧城市、电子商务和在线旅游等方面合作，共同推进数字经济的发展。全球网络空间的治理需要国际社会的共同努力，共同建立安全与公平的新秩序。”本沙乐塞·肯纳翁则表示：“老挝也希望能够搭上互联网和数字经济发展的快车，在网络基础设施建设、数字经济发展等方面深入合作。”
15 27 15 1 1
“截至今年6月，中国互联网普及率达到54%，全球不到50%，中国数字经济占到GDP的30%，这些数据都说明，中国有能力推动世界各国共同搭乘互联网和数字经济发展的快车。”邬贺铨表示。
18 4 4 1 2
▲全国各省区市互联网发展评估排名表。
18 5 4 2 2
据介绍，该排名表的基础设施建设、创新能力、数字经济发展、互联网应用、网络安全、网络管理六项指标分别占据18%、16%、16%、25%、13%、12%的权重，是报告首次设立的指数指标体系，填补国内互联网领域综合性评估指标的空白。
21 9 6 1 1
从国内看，报告从基础设施建设、创新能力、数字经济发展、互联网应用、网络安全和网络管理等六方面对全国各省区市互联网发展成效和水平进行分析和评估，其中，广东、北京、浙江、江苏、上海分列综合指数前五位。
22 12 8 1 1
从国内看，报告从基础设施建设、创新能力、数字经济发展、互联网应用、网络安全和网络管理等六方面对全国各省区市互联网发展成效和水平进行分析和评估，其中，广东、北京、浙江、江苏、上海分列综合指数前五位。
26 12 5 3 4
其中，世界互联网发展指数指标体系包含基础设施、创新能力、产业发展、网络应用、网络安全、网络治理等六大一级指标，兼顾总量指标和人均指标，首次对38个世界主要大国和新兴经济体的互联网发展状况进行了综合评估比较。
26 13 5 4 4
中国互联网发展指数指标体系从基础设施建设、创新能力、数字经济发展、互联网应用、网络安全和网络管理等六个方面，对全国各省区市互联网发展成效和水平进行科学分析、量化评估，以更全面、科学、客观地反映各地互联网发展现状和全国互联网发展总体态势，对各地进一步推进互联网发展具有重要的指导和参考作用。
27 3 2 1 4
开幕式上，国家主席习近平发来贺信。
27 4 2 2 4
这体现了以习近平同志为核心的党中央清晰展示了坚定推进改革开放，促进数字经济发展的战略决心。
27 5 2 3 4
当前，全球互联网治理体系变革进入关键时期，我们需要同国际社会一道发扬伙伴精神，共同推进发展、维护安全、参与治理、分享成果。
27 17 6 1 1
千里之行始于足下，十九大结束之后召开的第四届世界互联网大会向世界展示了中国推进数字经济发展，邀请志同道合的伙伴共同建设网络空间命运共同体的清晰战略构想，在以习近平同志为核心的党中央领导下，中国将为推进全球网络空间治理新秩序的建设作出更大的贡献，乌镇世界互联网大会也将为推进数字经济发展，构建和平、安全、开放、合作的网络空间，建立多边、民主、透明的国际互联网治理体系，提供更多的智慧和解决方案。
33 16 9 1 1
“中国数字经济发展将进入快车道。”对于中国互联网发展，习近平给出了他的预期。
33 17 10 1 3
中国是世界上最大的互联网市场。
33 18 10 2 3
习近平指出，中国希望通过自己的努力，推动世界各国共同搭乘互联网和数字经济发展的快车。
33 19 10 3 3
习近平向世界承诺：“中国对外开放的大门不会关闭，只会越开越大。”
37 1 1 1 3
千龙网乌镇12月4日讯（记者陈群）12月3日下午，第四届世界互联网大会全体会议在浙江乌镇互联网国际会展中心举行。
37 2 1 2 3
会上，腾讯控股有限公司董事长兼首席执行官马化腾发表了主题演讲。
37 3 1 3 3
他表示，在数字经济发展飞速、外界掌声越来越热烈的时候，互联网公司需要更清醒地认识到自己身上的责任。
38 12 4 1 1
美团点评CEO王兴向《经济参考报》记者表示，中国的互联网和实体经济融合，让人切身感受到新旧动能转换，这是新时代中国数字经济发展的领先经验，对全球经济发展非常有借鉴意义。
38 16 6 1 2
本届大会上，各界人士均对数字经济发展前景寄予厚望，认为聚焦数字经济发展，既是对信息化的迎合和推动，也能产生促进经济转型升级和持续发展的内生力。
38 17 6 2 2
事实上，发展数字经济已成为全球共识。
38 18 7 1 2
目前，我国数字经济发展势头良好，2016年，我国网民达到7.5亿，数字经济规模达到22.4万亿元，占GDP的比重达到30.1%，电子商务的交易额达到26万亿元，网络零售年均增长30%。
38 19 7 2 2
与此同时，大数据、云计算、人工智能、共享经济等新技术和新业态不断涌现，不但创造出新的产业和经济增长点，还使我们的日常生活变得更加便捷和丰富多彩。
38 42 15 1 2
对于各类新技术的应用前景，浪潮集团董事长兼CEO孙丕恕向《经济参考报》记者表示，数字经济发展正在从IT(InformationTechnology)朝“新IT”(IntelligenceTechnology)发展，以人工智能为代表的智能化，正不断延伸其技术应用广度、拓展技术突破深度并不断增强技术落地的速度，推动传统社会及商业运行模式发生裂变，激发各行业、各领域智能化场景构建，加深技术与社会、商业及个体的智能化融合。
38 43 15 2 2
记者侯云龙北京报道
39 14 12 1 2
美团点评CEO王兴说，我们确实感受到互联网和实体经济深度融合所焕发出的新活力，感受到新旧动能的接续转换。
39 15 12 2 2
这是新时代中国数字经济发展的领先经验，对全球经济发展也非常有借鉴意义。
39 17 14 1 1
“习近平主席说中国数字经济发展将进入快车道，这对我们既是机遇，也是责任。”中国电子科技集团公司总经理刘烈宏说，我们希望企业之间能够联合起来建立行业自律规范，推动数字经济法律法规建设和完善，为打造支撑数字经济健康发展的良好环境共同努力。
39 18 15 1 1
“作为原创的共享经济模式，摩拜单车目前已进入全球12个国家、200个城市，展现了中国经济蓬勃发展的创新活力。正是得益于国内开放、包容的政策环境，我们才能够根植国内，走向世界。”摩拜单车联合创始人兼CEO王晓峰说：“习近平主席指出，‘中国对外开放的大门不会关闭，只会越开越大’，这为我们今后的发展注入了一剂强心针。共享经济已经成为未来全球经济增长点，我们将抓住这一机遇，让更多人加入简约、绿色、低碳的出行生活方式，享受数字经济发展带来的便利。”
39 22 19 1 1
“中国希望通过自己的努力，推动世界各国共同搭乘互联网和数字经济发展的快车。在本届世界互联网大会之后，我们希望泰国能沿着数字‘丝绸之路’，与中国一道共享互联网发展的成果和幸福。”泰国立法会秘书长万洛比埃·翁哥欧对此充满信心。
45 4 2 1 1
“全球互联网治理体系变革进入关键时期，构建网络空间命运共同体日益成为国际社会的广泛共识。”“中国希望通过自己的努力，推动世界各国共同搭乘互联网和数字经济发展的快车。”在致第四届世界互联网大会的贺信中，习近平主席深刻洞察互联网发展趋势，着眼携手共建网络命运共同体，表达了中国以开放姿态推动数字经济发展的坚定决心，赢得与会嘉宾高度认同，引发国际社会广泛关注。
45 11 4 2 5
农业经济时代，丝绸之路上的驼队往来欧亚要花上数年，路漫漫其修远兮；数字经济时代，一条正在筹划中的“数字丝绸之路”，能让要素在“弹指一挥间”完成流动。
45 12 4 3 5
从G20杭州峰会制定《二十国集团数字经济发展与合作倡议》到本次大会形成《“一带一路”数字经济国际倡议》，中国不断向世界发出深化互联网与数字经济交流合作的新邀约。
45 13 4 4 5
党的十九大报中出现“网络强国、数字中国、智慧社会”等关键词，并提出推动互联网、大数据、人工智能和实体经济深度融合，培育新增长点、形成新动能。
45 13 4 4 5
党的十九大报中出现“网络强国、数字中国、智慧社会”等关键词，并提出推动互联网、大数据、人工智能和实体经济深度融合，培育新增长点、形成新动能。
45 14 4 5 5
展望未来，中国数字经济发展将进入快车道，也必将在全球范围创造更多发展机遇。
47 20 6 1 2
在沙特通信和信息技术部副大臣穆罕默德·曼舍卡看来，中国的数字经济发展速度快，对世界经济格局的改变也具有示范效应。
47 21 6 2 2
中国作为G20成员国，秉承着合作开放的态度与其他国家合作，在加强互联互通的同时，也在推进网络安全体系的构建。
48 9 4 1 2
数字经济正在改变着我们的日常生产生活方式，带来了人类生存方式的巨大嬗变；数字经济的迅猛发展也给世界经济带来了新的发展机遇，成为世界经济增长的倍增器和新引擎。
48 10 4 2 2
只有充分认识和把握数字经济的本质、规律和发展趋势，紧紧抓住数字经济发展的大机遇，我们才能在瞬息万变的信息时代浪潮中站立潮头，迎接更加美好的数字未来。
48 14 5 4 6
数字经济作为发展最迅速、创新最活跃、辐射最广泛的经济活动，正在成为全球经济增长的新动能和新引擎，成为世界各国面向未来的战略选择，成为世界各国寻求可持续发展的重要机遇。
48 15 5 5 6
在2016年9月，二十国集团（G20）领导人杭州峰会首次提出全球性的《二十国集团数字经济发展与合作倡议》，标志着发展数字经济已成为全球共识。
48 16 5 6 6
数字经济正在并还将日益改变着资源要素的配置方式和经济发展的观念，成就着后工业时代社会文明发展的全新经济形态。
48 17 6 1 4
党的十八大以来，以习近平同志为核心的党中央始终站在新技术革命的潮头，顺应信息技术革命的新浪潮，紧跟数字经济发展的大趋势，大力促进数字经济在中国的加快发展。
48 18 6 2 4
发展数字经济也从理念不断落实到国家发展的行动议程和发展战略中。
48 25 9 1 3
更加可喜的是，中国乌镇已成为世界互联网和数字经济发展的风向标。
48 26 9 2 3
每一届论坛有明确的定位和时代发展主题。
48 27 9 3 3
本届峰会关注涉及数字经济、前沿技术、互联网与社会、网络空间治理、交流合作等前沿热点问题，经过各方面的智慧碰撞，可以预期这将进一步推动互联网全面、健康、持续、安全、文明地生存、发展，进一步惠及本国和世界各国人民，开启新时代世界互联网生存、发展宽阔之路。
51 4 3 1 2
习近平主席在贺信中提出，中国数字经济发展将进入快车道。
51 5 3 2 2
中国希望通过自己的努力，推动世界各国共同搭乘互联网和数字经济发展的快车。
51 4 3 1 2
习近平主席在贺信中提出，中国数字经济发展将进入快车道。
51 5 3 2 2
中国希望通过自己的努力，推动世界各国共同搭乘互联网和数字经济发展的快车。
56 14 4 3 4
就在第四届世界互联网大会召开前夕，中办、国办印发的《推进互联网协议第六版（ＩＰｖ６）规模部署行动计划》引起广泛关注。
56 15 4 4 4
一个矢志创新的中国，将推动数字经济发展进入快车道，创造更多互联网时代的传奇；一个对外开放的中国，将推动世界各国共同搭乘互联网和数字经济发展的快车，为深入开展网络合作创造新机遇。
59 9 8 1 2
在会见库克时，王沪宁对苹果公司为中美数字经济发展和合作发挥的作用表示肯定。
59 10 8 2 2
他说，中美在网络领域拥有广泛共同利益，双方应该维护好当前合作势头，共同构建网络空间命运共同体。
70 7 4 1 1
贺信中指出，“中共十九大制定了新时代中国特色社会主义的行动纲领和发展蓝图，提出要建设网络强国、数字中国、智慧社会，推动互联网、大数据、人工智能和实体经济深度融合，发展数字经济、共享经济，培育新增长点、形成新动能。”“中国数字经济发展将进入快车道。中国希望通过自己的努力，推动世界各国搭乘互联网和数字经济发展的快车。”这一表态让不少国外嘉宾表示钦佩，为网络空间命运共同体点赞，为新时代的“数字中国”点赞。
77 6 3 1 4
习近平强调，中共十九大制定了新时代中国特色社会主义的行动纲领和发展蓝图，提出要建设网络强国、数字中国、智慧社会，推动互联网、大数据、人工智能和实体经济深度融合，发展数字经济、共享经济，培育新增长点、形成新动能。
77 7 3 2 4
中国数字经济发展将进入快车道。
77 8 3 3 4
中国希望通过自己的努力，推动世界各国共同搭乘互联网和数字经济发展的快车。
77 7 3 2 4
中国数字经济发展将进入快车道。
77 8 3 3 4
中国希望通过自己的努力，推动世界各国共同搭乘互联网和数字经济发展的快车。
77 9 3 4 4
中国对外开放的大门不会关闭，只会越开越大。
79 6 3 1 2
中共十九大制定了新时代中国特色社会主义的行动纲领和发展蓝图，提出要建设网络强国、数字中国、智慧社会，推动互联网、大数据、人工智能和实体经济深度融合，发展数字经济、共享经济，培育新增长点、形成新动能。
79 7 3 2 2
中国数字经济发展将进入快车道，中国希望通过自己的努力，推动世界各国共同搭乘互联网和数字经济发展的快车。
92 5 3 1 4
作为本届大会的重要功能板块，第四届世界互联网大会·互联网之光博览会已于12月2日拉开帷幕。
92 6 3 2 4
博览会立足“国际、创新、未来、领先、融合”的视角，集中展示了云计算、物联网、人工智能等全球互联网技术和应用创新及数字经济发展的最新成果。
92 7 3 3 4
本届博览会设置了发展理念区、综合展区、主题展区、新产品新技术发布区、项目合作洽谈区等，凸显了全球视野、创新驱动和开放合作的特点，吸引了来自全球的411家国内外知名企业参展。
99 11 10 1 2
从第二届世界互联网大会开始，“互联网之光”博览会便成为必不可少的一个内容。
99 12 10 2 2
本届博览会以“国际、创新、未来、领先、融合”为定位，聚焦世界互联网最新发展趋势和前沿技术，集中展示了云计算、物联网、人工智能等全球互联网技术和应用创新及数字经济发展的最新成果，凸显了全球视野、创新驱动和开放合作的特点。
