2
14 14 9 1 2
杨树桢表示，世界互联网大会除了展示领先科技成果之外，也将展示理论思想成果，其中最主要的就是两大蓝皮书。
14 15 9 2 2
“今后每届世界互联网大会都将发布《世界互联网发展报告》和《中国互联网发展报告》，展现当年互联网发展的新理论和新实践、新动向和新趋势。”
1
18 6 5 1 1
第四届世界互联网大会3日至5日在乌镇召开，从大会的“互联网之光博览会”、“世界互联网领先科技成果发布活动”，再到镇上居民使用的智慧医疗，无不在勾勒互联网等新技术未来的模样。
1
18 19 18 1 1
非常值得一提的是，世界互联网大会在3日下午发布了18项代表性的世界领先科技成果。
3
41 1 1 1 3
【世界互联网大会开幕AI成数字经济突破口】第四届世界互联网大会昨日在乌镇开幕，BAT等互联网巨头均推出人工智能应用场景，包括腾讯的“腾讯觅影”（人工智能分析医学影像）、百度的DuerOS智能家居（对话式人工智能系统）、阿里的无人超市等。
41 2 1 2 3
大会评出的“世界互联网领先科技成果”囊括了一系列人工智能产品，如微软的人工智能虚拟机器人小冰、阿里云ET大脑、百度DuerOS等。
41 3 1 3 3
（上证）
2
43 36 20 1 2
12月3日下午，第四届世界互联网大会“世界互联网领先科技成果发布活动”在乌镇举行。
43 37 20 2 2
该发布活动由中国工程院院士、中国互联网协会理事长邬贺铨主持，14项成果入围年度世界互联网领先科技成果名单。
2
43 36 20 1 2
12月3日下午，第四届世界互联网大会“世界互联网领先科技成果发布活动”在乌镇举行。
43 37 20 2 2
该发布活动由中国工程院院士、中国互联网协会理事长邬贺铨主持，14项成果入围年度世界互联网领先科技成果名单。
1
44 8 3 1 1
昨天下午4时，世界互联网领先科技成果发布活动在乌镇互联网国际会展中心举行。
2
44 9 4 1 2
据介绍，现场发布的近60项的领先科技成果，是经过历时4个月的征集、推荐、投票等环节，再由“世界互联网领先科技成果推荐委员会”推荐而得。
44 10 4 2 2
发布会现场，世界首台光量子计算机、特斯拉垂直整合能源解决方案、北斗卫星导航系统、ET大脑等超级酷炫的新科技成果一一亮相。
2
44 11 5 1 4
中国南方航空公司的飞行安全监控系统也跻身于这近60项领先科技成果之列。
44 12 5 2 4
这一套智能系统可以实时警示位置、高度、时间、油量偏差；一旦“看到”火山灰，也能及时监测。
2
44 15 6 1 2
世界互联网领先科技成果发布活动现场附近，就是举行“互联网之光”博览会的展馆。
44 16 6 2 2
8个展馆内，云集了400余家全球知名的互联网企业和创新型企业，集中展示了世界互联网最新的发展趋势和前沿技术。
1
54 1 1 1 1
12月3日，2017年第四届世界互联网大会在乌镇正式开幕，在下午的世界互联网领先科技成果发布活动上，滴滴出行的“基于大数据的新一代移动出行平台”获年度全球互联网领域领先科技成果奖。
1
61 1 1 1 1
12月3日，经过第四届世界互联网大会领先科技成果推荐委员会的投票，年度18项代表性全球领先科技成果在乌镇发布，其中独立发布14项，推荐委员会发布4项。
1
61 2 2 1 1
《中国经营报》记者获悉，上述14项独立发布的领先科技成果包括：华为3GPP5G预商用系统、Arm平台安全架构、微软的人工智能小冰、北斗卫星导航系统、高通5G技术、“神威·太湖之光”超级计算机、中国量子计算技术、特斯拉能源方案、滴滴出行人工智能引擎“交通大脑”、摩拜单车、阿里巴巴ET大脑、百度对话式操作系统DuerOS、亚马逊IOT物联网、苹果AR（增强现实）。
1
70 11 7 1 1
“‘发展共同推进、安全共同维护、治理共同参与、成果共同分享’，总书记给我们指明了一个奋斗方向。”中国科学院计算技术研究所研究员、中国工程院院士倪光南认为，“连续两年致贺信，习近平总书记对于世界互联网大会非常重视，大会对于世界的影响也越来越大。经过四次大会，每一次大会都有所发展。例如去年，大会还首次发布了领先科技成果。这个发展，不仅是规模上，更有影响力上的发展。大家希望在这里找到中国答案，希望获得共同繁荣的发展。”
1
78 6 3 1 1
据悉，本届大会将充分发挥论坛、世界互联网领先科技成果发布和博览会三大功能，围绕数字经济、前沿技术、互联网与社会、网络空间治理、交流合作五大板块，精心设置了分享经济、人工智能、互联网精准扶贫、未成年人网络保护、数字丝绸之路、国际合作等20个分论坛。
1
79 27 10 1 1
据了解，本届大会继续聚焦论坛、世界互联网领先科技成果发布和博览会三大功能，侧重体现建设网络强国、“一带一路”、“互联网+行动计划”等重大战略，围绕数字经济、前沿技术、互联网与社会、网络空间治理、交流合作五大板块，精心设置了分享经济、人工智能、互联网精准扶贫、未成年人网络保护、数字丝绸之路、国际合作等20个分论坛。
2
92 11 5 1 2
作为本次大会的又一亮点，在今天下午举行的世界互联网领先科技成果发布上，大会将发布一批本年度全球互联网领域最领先的科技成果。
92 12 5 2 2
记者了解到，去年第三届世界互联网大会首次推出了这项特色活动，今年7月中旬，征集领先科技成果的通知在国家网信办官网和世界互联网大会官网首页对外界公布，共征集全球各类成果近千项，经来自全球互联网领域的40余位知名专家投票推荐，形成最终发布成果。
2
92 11 5 1 2
作为本次大会的又一亮点，在今天下午举行的世界互联网领先科技成果发布上，大会将发布一批本年度全球互联网领域最领先的科技成果。
92 12 5 2 2
记者了解到，去年第三届世界互联网大会首次推出了这项特色活动，今年7月中旬，征集领先科技成果的通知在国家网信办官网和世界互联网大会官网首页对外界公布，共征集全球各类成果近千项，经来自全球互联网领域的40余位知名专家投票推荐，形成最终发布成果。
1
100 3 2 1 1
未来三天，它将聚焦论坛、博览会、领先科技成果发布三大功能，围绕数字经济、前沿技术、互联网与社会、网络空间治理、交流合作五大板块展开交流探讨。
