4
63 1 1 1 2
中国留学生江歌日本被杀案，将于12月11日在东京开庭。
63 2 1 2 2
江歌母亲江秋莲在接受法制晚报·看法新闻记者采访时表示，她最近的身体状况非常不好，虽然还无法考虑判决之后的打算，但她表示，刑事案件结束后，会对陈世峰提起民事诉讼。
63 3 2 1 2
12月10日，江歌案开庭前一天，江歌母亲江秋莲在东京台东区立浅草公会堂召开记者见面会。
63 4 2 2 2
据媒体报道，见面会上，江秋莲身着一袭黑衣，神态疲惫，她对出席的媒体不断表示感谢，称“大家对我的帮助，让我有种不敢死的感觉。”
5
100 1 1 1 1
2016年，中国留学生江歌在日本被杀害在公寓门口，凶手是她室友刘鑫的前男友陈世峰。
100 2 2 1 3
刘鑫和江歌一同在日留学，也是很好的闺蜜。
100 3 2 2 3
刘鑫此前与前男友分手后，搬来与江歌同住，但陈世峰却尾随至公寓。
100 4 2 3 3
江歌为了保护刘鑫，单独与陈世峰在门外交涉，却不幸被残忍杀害。
100 5 3 1 2
事发后，凶手被日本警方抓捕，但刘鑫迟迟没有面对媒体以及江歌的母亲，甚至在网上，双方发生隔空冲突。
4
82 1 1 1 10
2016年11月3日凌晨，中国留学生江歌在日本中野家中遇害。
82 2 1 2 10
下月犯罪嫌疑人陈世峰将在东京地方裁判所受审。
82 3 1 3 10
为请求日本法院判决陈世峰死刑，江歌母亲日前前往日本，并于11月12日和众多留学生志愿者在东京池袋西口公园集会，征求民众署名支援。
82 4 1 4 10
该案为何要在日本审理？记者了解到，根据属地管辖原则规定，一国公民在他国发生刑事犯罪，应按照犯罪发生地国法律优先的原则进行处理。
7
72 1 1 1 2
近日，日本女留学生江歌遇害案备受关注，去年11月3日，24岁的中国留学生江歌在东京的出租方外被害，嫌疑人是其室友的前男友陈世峰。
72 2 1 2 2
该案将于12月11日在日本东京开庭审理。
72 3 2 1 2
16日晚上9点，封面新闻记者联系上江歌母亲代理律师、日本大江洋平律师事务所的大江洋平律师，就舆论关注的热点对他进行了专访。
72 4 2 2 2
据大江洋平透露，行凶刀具是一把全长19.5厘米的水果刀，刀柄上残留有陈世峰的指纹，暂未发现江歌指纹。
72 5 3 1 1
大江洋平：是的，据陈世峰供述他不是提前预谋，刀并非事先准备，而是江歌带在身上的。
72 6 4 1 2
大江洋平：在案发现场并没有发现完整刀具，只有一半，也就是残留的木质刀柄，直到现在也没有找到杀人的那柄刀刃。
72 7 4 2 2
通过比对刀柄，警方确认这个刀柄来自一把全长19.5厘米的水果刀，并有刀套。
4
47 1 1 1 2
当地时间12月11日10时（北京时间9时），中国留学生江歌在日本被害案在东京开始审理。
47 2 1 2 2
本次庭审和宣判将用时七日，即12月11日-15日、12月18日，12月20日宣判。
47 3 2 1 1
早些时候，江歌母亲江秋莲已与代理律师一同前往庭审法院，犯罪嫌疑人陈世峰的家人也将悉数到庭。
47 4 3 1 1
2016年11月3日凌晨，中国留学生江歌在其位于日本的公寓门前遇害，嫌疑人是其室友刘鑫的前男友陈世峰。
3
93 1 1 1 1
留日学生江歌被害案引发的舆论持续发酵，此事背后引申出的关乎情、法、理的争议备受社会关注。
93 2 2 1 2
2016年11月3日，中国留学生江歌在日本遇害，嫌疑人陈世峰系江歌室友刘鑫的前男友，案件将于2017年12月在东京开庭审判。
93 3 2 2 2
网络上关于刘鑫案发后的行为如今在网上引起争论。
4
62 19 10 1 1
日本东京地方裁判所官网显示，为了控制旁听人数，法院将针对每天上午9点半到场的人进行抽签，抽中旁听席位的人可进入法庭内旁听庭审。
62 20 11 1 2
今天，是中国留学生江歌遇害的第403天。
62 21 11 2 2
几天来，记者探访案发现场，采访当事人的同学朋友，并根据刘鑫和江秋莲此前在网上公开的信息记录，还原江歌遇害前最后一晚的情况。
62 22 12 1 1
2016年11月2日14点51分（编者注：以下时间皆为东京当地时间），江歌收到刘鑫发来的一条微信。
5
16 7 4 1 4
中国留学生江歌日本被杀案在12月13日进入庭审第三天。
16 8 4 2 4
因陈世峰的证人未能按时出庭，上午的庭审只进行了20多分钟就结束了。
16 9 4 3 4
陈的律师提出30项辩护理据，其中包括：江歌寓所附近有5家刀具店，邻近的新宿也有3家。
16 10 4 4 4
辩护方还是想强调，刀具是刘鑫递给江歌的，不是陈世峰的。
16 11 5 1 1
陈世峰的律师在庭上强调：1.江歌和刘鑫的生活圈有至少8家刀具店，刀不是陈世峰的；2.陈世峰寓所附近有4家干洗店，当时他是想去洗衣服，而不是带着衣服跑路；3.凶器刀柄处DNA验出人类血液；4.律师提交了陈世峰父亲的“谢罪文”。
6
88 1 1 1 3
新浪娱乐讯近日，中国留学生江歌日本被害一案受到广泛关注。
88 2 1 2 3
据日媒报道，当地时间2016年11月3日，就读于日本东京法政大学的中国留学生江歌，被闺蜜刘鑫的前男友陈世峰杀害。
88 3 1 3 3
江歌案将于2017年12月11日在东京开庭，因希望嫌疑人得到死刑判罚，被害者江歌母亲江秋莲已于近日抵达东京，与志愿者一起呼吁民众署名支援。
88 4 2 1 3
11月14日下午，就江歌一案，香港演员马浚伟[微博]微博发长文，大呼“心很痛！”他在文中安抚江歌母亲早日走出悲痛，回忆起自己母亲因病离世的痛苦，马浚伟表示亲人离世的心碎，他感同身受。
88 5 2 2 3
而对于江歌的朋友刘鑫，马浚伟认为她是有错，但是“至少她不是直接有動機、有立場去殺害或有打算去殺害或傷害江歌的”。
88 6 2 3 3
而对于“罪魁祸首”嫌疑人陈世峰，马浚伟极力谴责，十分愤怒。
4
78 1 1 1 2
法制晚报讯，中国留日学生江歌遇害案引发舆论关注。
78 2 1 2 2
12月11日至15日，该案将在东京地方裁判所公开审判。
78 3 2 1 3
据此前媒体公开报道，2016年11月3日凌晨，中国留学生江歌在日本中野家中遇害，作为江歌闺蜜，刘鑫就在一门之隔，而持刀杀人的正是刘鑫前男友陈世峰。
78 4 2 2 3
24日晚间，日本警方对外通报称，以杀人罪对中国籍男性留学生陈世峰发布逮捕令。
2
83 24 12 1 2
中国留学生江歌在日被杀案将于今年12月11日至15日在日本审判，其中的大量法律问题引发网友热议。
83 25 12 2 2
而近年来，在新西兰、美国等地，华人遭遇刑事案件时有发生，引发了一系列关于域外刑事案件管辖权的追问。
3
64 1 1 1 3
中国留学生江歌被杀案将于12月11日在日本东京开庭，江歌的母亲于10日召开小型媒体见面会。
64 2 1 2 3
江母表示并不知道刘鑫是否会出庭作证。
64 3 1 3 3
关于对嫌犯的了解，她表示只从女儿那里听说过他和刘鑫的关系，说他对刘鑫有过争吵和暴力。
7
79 1 1 1 3
近日，中国留学生江歌在日本被害案再次引发舆论关注。
79 2 1 2 3
凶手陈世峰，即江歌室友刘鑫的前男友，已经被日本警方抓捕。
79 3 1 3 3
而刘鑫迟迟没有面对媒体以及江歌的母亲，江歌的母亲则在网上公开了刘鑫的个人信息，双方在网上发生隔空冲突。
79 4 2 1 1
2016年11月3日凌晨，在日本留学的青岛女孩江歌在东京中野区的公寓门前被杀害。
79 5 3 1 2
据江母介绍，此前不久，江歌的朋友刘鑫遭到前男友陈世峰的骚扰，因此搬到江歌家同住。
79 6 3 2 2
案发之前18分钟，江歌一直在与母亲通话，她说刘鑫希望她到车站去接她回家，她于是赶往车站接回刘鑫。
79 7 4 1 3
二人抵达居住的公寓楼后，刘鑫先进入房间。
7
61 1 1 1 4
事实的归事实，情感的归情感。
61 2 1 2 4
江歌引发的舆论讨论，终究要在日本法庭上通过证据来解决。
61 3 1 3 4
口水代替不了法律，冲动代替不了事实。
61 4 1 4 4
真相是对江歌母亲最好的告慰。
61 5 2 1 3
12月11日，也就是今天，在国内引发舆论沸腾的中国留学生江歌被杀案，将在东京开庭。
61 6 2 2 3
在10日，江歌妈妈召开了小型媒体见面会，明确表示“来日本，我是努力争取陈世峰死刑的”。
61 7 2 3 3
江秋莲到达日本的这30天，主要专注于征集对犯罪嫌疑人陈世峰判处死刑的请愿签名，并频繁会见律师和检察官。
3
43 1 1 1 1
海外网12月11日电据日本共同社报道，中国留学生江歌在日本被杀一案11日在东京地方法院首次开庭，被告人陈世峰当庭否认被控罪名。
43 2 2 1 2
陈世峰称自己是为了夺下江歌所持刀具才刺了下去，之后抱有杀意刺了对方的情况属实。
43 3 2 2 2
辩护人主张第一刀是死因，所以杀人罪不成立。
4
27 1 1 1 2
12月11日，中国留学生江歌在日遇害案在日本东京开庭。
27 2 1 2 2
面对检方的指控，被告人陈世峰只承认对刘鑫的恐吓罪，不承认对江歌的故意杀人罪。
27 3 2 1 2
被告人辩护律师称，凶器是一把水果刀，案发时由刘鑫递给江歌，被告人与江歌在夺刀争执的过程中误伤江歌，致其死亡。
27 4 2 2 2
期间，江歌多次用手肘按门铃，但在屋里的刘鑫始终没有开门。
4
59 1 1 1 2
12月11日，引起舆论广泛关注的中国留学生江歌被杀案将在日本东京开庭。
59 2 1 2 2
昨日上午，江歌的母亲江秋莲在东京台东区浅草公会堂召开了小型媒体见面会。
59 3 2 1 2
“来日本，我是努力争取陈世峰死刑的。”见面会上，江秋莲声音不大，语速较慢，略显疲惫。
59 4 2 2 2
她穿一件黑色呢子大衣，和此前请愿活动时的装束一样。
5
56 1 1 1 12
2017年12月11日，东京地方法院门口已聚集了大量关心“江歌案”的媒体。
56 2 1 2 12
视觉中国图当地时间12月11日10时（北京时间9时），中国留学生江歌在日本被害案在东京开始审理。
56 3 1 3 12
本次庭审和宣判将用时七日，即12月11日-15日、12月18日，12月20日宣判。
56 4 1 4 12
早些时候，江歌母亲江秋莲已与代理律师一同前往庭审法院，犯罪嫌疑人陈世峰的家人也将悉数到庭。
56 5 1 5 12
2016年11月3日凌晨，中国留学生江歌在其位于日本的公寓门前遇害，嫌疑人是其室友刘鑫的前男友陈世峰。
4
81 1 1 1 1
近日,留日学生江歌遇害案因一段视频再次成为舆论关注焦点。
81 2 2 1 1
根据公开报道,2016年11月3日凌晨,在日本东京中野区,来自山东青岛的中国留学生江歌在其租住的公寓中遇害。
81 3 3 1 2
据日本警方公布的消息,当天,江歌头部遭利刃砍伤。
81 4 3 2 2
案发15分钟前,江歌还曾报警称公寓外有可疑人物。
6
38 1 1 1 1
当地时间12月11日10时（北京时间9时），中国留学生江歌在日本被害案在东京开始审理。
38 2 2 1 1
本次庭审和宣判将用时七日，即12月11日-15日、12月18日，12月20日宣判。
38 3 3 1 2
陈世峰否认蓄意谋杀，但承认恐吓罪。
38 4 3 2 2
律师称，刀不是陈世峰准备的，是刘鑫递给江歌的。
38 5 4 1 1
庭审中，检方指控恐吓罪和杀人罪，陈世峰的律师主张过失杀人罪。
38 6 5 1 2
据新京报报道，陈世峰否认蓄意谋杀，但承认恐吓罪。
2
62 6 3 1 2
12月11日，引起舆论广泛关注的中国留学生江歌被杀案将在日本东京开庭。
62 7 3 2 2
今日上午，江歌的母亲江秋莲在东京台东区浅草公会堂召开了小型媒体见面会。
4
14 1 1 1 4
中国留学生江歌日本被杀案在12月13日进入庭审第三天。
14 2 1 2 4
因陈世峰的证人未能按时出庭，上午的庭审只进行了20多分钟就结束了。
14 3 1 3 4
陈的律师提出30项辩护理据，其中包括：江歌寓所附近有5家刀具店，邻近的新宿也有3家。
14 4 1 4 4
辩护方还是想强调，刀具是刘鑫递给江歌的，不是陈世峰的。
9
90 1 1 1 2
新京报快讯（记者王梦遥）中国留日学生江歌遇害案引发舆论关注。
90 2 1 2 2
12月11日至15日，该案将在东京地方裁判所公开审判。
90 3 2 1 1
据此前媒体公开报道，2016年11月3日凌晨，中国留学生江歌在日本中野家中遇害，事发后日本警方对案件进行调查，24日晚间，日本警方对外通报称，以杀人罪对中国籍男性留学生陈世峰发布逮捕令，指控其杀害了中国女留学生江歌。
90 4 3 1 2
犯罪嫌疑人陈世峰将于下月受审，关于该案的一些法律问题也值得关注。
90 5 3 2 2
诸如：该案双方当事人均为中国人，为何案件要在日本审理？一旦陈世峰被法院判定为杀人凶手，他是否有可能回国执行刑罚？中国司法机关能否对凶手追责？几名国际刑法专家分析这些受人关注的法律问题。
90 6 4 1 1
北京师范大学刑事科学研究院教授、国际刑法专家黄风告诉新京报记者，目前犯罪嫌疑人陈世峰已经在日本受到刑事追诉，“如果要让他回来，需要依靠中日之间的司法合作，将其引渡或者遣返回国。但这个程序目前没有提起，而且一般来讲，日本方面可以以案件正在审理为由，拒绝中国的引渡请求。因为要在日本受审，中国司法机关无法对犯罪嫌疑人进行实际控制，目前无法行使管辖权。”
90 7 5 1 2
至于为何该案要在日本审理，记者了解到，根据属地管辖原则规定，一国公民在他国发生刑事犯罪，应按照犯罪发生地国法律优先的原则进行处理。
90 8 5 2 2
具体到本案，犯罪嫌疑人陈世峰与被害人江歌同为中国人，但根据属地原则，要依据日本刑法对案件进行审理。
90 9 6 1 1
目前中日之间没有缔结引渡条约，这是否意味着嫌犯被引渡无望？黄风说，日本引渡法和中国类似，并不要求引渡一定要依据引渡条约，也可以依据互惠原则，因此在这方面并不构成法律障碍，此前两国已有依据互惠原则成功引渡的案例。
