5
41 52 35 1 1
12月11日，江歌案将于东京公开审判。
41 53 36 1 1
江歌母亲江秋莲10日在东京台东区立浅草公会堂接受中国媒体采访表示，“我到目前为止所做的一切努力，就是为了在这次庭审中判陈世峰死刑。”
41 54 37 1 3
为了给女儿讨公道，江秋莲于2017年8月14日在国内发起签名活动，请求日本法院判处陈世峰死刑。
41 55 37 2 3
11月4日，江歌遇害一周年后，江秋莲赴日开展签名活动。
41 56 37 3 3
12月1日，她向东京地方法院提交了450多万份签名。
4
6 47 36 1 1
江歌妈妈：“我不觉得他在反省。”
6 48 37 1 1
江歌妈妈在庭上陈述，称自己认为，陈世峰完全没有反省，他的家人也从来没有一句道歉。
6 49 38 1 1
“我只觉得他在演戏。他中文只说了三个字，对不起。我不觉得他在反省。”
6 50 39 1 1
江歌妈妈表示，现在已征集到450万人签名，要求判陈世峰死刑，希望法庭严惩。
5
47 8 5 2 4
12月10日，江歌案开庭前一天，江歌母亲江秋莲在东京台东区立浅草公会堂召开记者见面会。
47 9 5 3 4
此前一天，江秋莲被检察官约见，结束后告诉澎湃新闻，刘鑫可能会出庭作证，届时法院会安排其走证人特殊通道。
47 10 5 4 4
但在10日的记者会上，江秋莲称目前不知道刘鑫是否会出庭作证，“她早就说她会出庭，但她不站到法庭之前，我不会相信。”
47 11 6 1 1
在10日的记者会上，对于判决结果，江秋莲表示，“我到目前为止所做的一切努力，就是为了在这次庭审中判陈世峰死刑。”江秋莲还表示，在日本的刑事案件结束后会对陈世峰提起民事诉讼。
47 12 7 1 1
11日7时许，开庭前夕，江歌母亲江秋莲前往女儿生前公寓进行祭拜。
6
46 63 27 1 1
据报道，开庭前江母开展的签名活动，实际签名已达20万人，网上签名超过150万人，江母在开庭前准备交给检察官或直接提交法庭，签名的诉求是判陈世峰死刑。
46 64 28 1 4
日本是司法权独立的国家，不受行政干扰，更不受社会舆论决定判决的结果。
46 65 28 2 4
日本法律规定中，赋予法官独立审理刑事案件的权利。
46 66 28 3 4
法官通过检察官、律师对证据的质证、辩论，形成法官独自判断的“心证”。
46 67 28 4 4
可以说庭审的过程，是法官“心证”形成的过程，一旦“心证”形成，决定了法官对案件的判决。
46 68 29 1 4
日本在2009年开始实施裁判员裁判制度（陪审员）。
9
27 99 64 1 1
一位负责推理小说的日本出版社编辑赶来参与庭审，想为创作找素材；另一位在日的自由记者高岛想搞清楚这个案子为什么在中国如此受关注，在他看来，这就是一个因为男女关系引发的案件，在各个国家都很普遍，不知道为什么会引起中国全民讨论；还有在日华人、研究中日死刑对比的大学教师陈海平，想通过此次庭审考察日本对待涉外案件的处理方式。
27 100 65 1 1
排队过程中，大部分人都在热烈讨论江歌案，其中“刘鑫”的出现频率不亚于被告人陈世峰。
27 101 66 1 2
相比起陈世峰是否蓄意杀人，一位20多岁的在日工作华人何女士更关心刘鑫在这个案件中的行为。
27 102 66 2 2
“这个案子受到大家关注，并不是因为要判陈世峰死刑，我在日本待了那么多年，我了解日本法律，死刑是不太可能的。大家更关注的是刘鑫这个角色。”
27 103 67 1 2
她说，2016年11月3日江歌遇害当天，正好是她的生日，所以印象深刻，但真正对这个案子特别关注，是从今年5月份江秋莲发布曝光刘鑫的文章后开始的。
27 104 67 2 2
她表示非常期待刘鑫后天（13日）出庭，到时她会请假来法院排队抽签。
27 105 68 1 2
法院最终从300多名人中抽选出31名可入场的旁听席观众，其余大部分人选择在场外等候消息。
27 106 68 2 2
中间休庭10分钟，有好几位观众第一时间出来给场外的人告知庭审细节。
27 107 69 1 1
从11号起，本案将持续审理5天，16、17日两天休庭后，18日继续开庭，最终在20日宣判。
5
41 47 31 1 1
11月24日，日本警方最终以杀人罪对陈世峰发布逮捕令。
41 48 32 1 1
12月14日，陈世峰以杀人罪被正式起诉。
41 49 33 1 2
2017年8月14日，江秋莲在国内发起签名活动，请求判决凶手死刑。
41 50 33 2 2
6天内，24万网友在线支持。
41 51 34 1 1
11月4日，江秋莲再次前往日本，征集签名要求判陈世峰死刑。
3
44 19 13 1 1
记者会上，江秋莲表示没有想过判决以后的打算，“我到目前为止所做的一切努力，就是为了在这次庭审中判陈世峰死刑。”
44 20 14 1 1
江秋莲反问回去：“我去联络他的原因是什么？我是受害方。我不知道这个法律程序，还需要受害者去求着加害者吗？”
44 21 15 1 2
一年多来，一名华人志愿者一直在协助江秋莲处理日本事务。
3
63 35 14 1 2
事情发生以来，陈家没有联系过江秋莲，也没有道过歉。
63 36 14 2 2
江秋莲说，自己无法去考虑判决之后的打算，“我到目前为止所做的一切努力，就是为了在这次庭审中判陈世峰死刑。”但她表示，刑事案件结束后，会对陈世峰提起民事诉讼。
63 37 15 1 1
如今网上流传最广的江歌的照片，背景是一处旅游景点，照片中的她戴着黑框眼镜，扎着马尾，一只手在额头处遮挡着阳光，微笑着，有着与她的年龄并不太相符的成熟与稳重。
6
34 64 47 1 1
11月24日，日本警方最终以杀人罪对陈世峰发布逮捕令。
34 65 48 1 1
12月14日，陈世峰以杀人罪被正式起诉。
34 66 49 1 2
2017年8月14日，江秋莲在国内发起签名活动，请求判决凶手死刑。
34 67 49 2 2
6天内，24万网友在线支持。
34 68 50 1 1
11月4日，江秋莲再次前往日本，征集签名要求判陈世峰死刑。
34 69 51 1 1
12月11日，江歌案将于东京公开审判。
7
44 47 36 1 1
11月24日，日本警方最终以杀人罪对陈世峰发布逮捕令。
44 48 37 1 1
12月14日，陈世峰以杀人罪被正式起诉。
44 49 38 1 2
2017年8月14日，江秋莲在国内发起签名活动，请求判决凶手死刑。
44 50 38 2 2
6天内，24万网友在线支持。
44 51 39 1 1
11月4日，江秋莲再次前往日本，征集签名要求判陈世峰死刑。
44 52 40 1 1
12月11日，江歌案在东京公开审判。
44 53 41 1 1
记者根据公开报道，整理案件的部分争论点如下。
6
54 31 22 1 1
11月24日，日本警方最终以杀人罪对陈世峰发布逮捕令。
54 32 23 1 1
12月14日，陈世峰以杀人罪被正式起诉。
54 33 24 1 2
2017年8月14日，江秋莲在国内发起签名活动，请求判决凶手死刑。
54 34 24 2 2
6天内，24万网友在线支持。
54 35 25 1 1
11月4日，江秋莲再次前往日本，征集签名要求判陈世峰死刑。
54 36 26 1 1
12月11日，江歌案于东京公开审判。
6
58 45 35 1 1
11月24日，日本警方最终以杀人罪对陈世峰发布逮捕令。
58 46 36 1 1
12月14日，陈世峰以杀人罪被正式起诉。
58 47 37 1 2
2017年8月14日，江秋莲在国内发起签名活动，请求判决凶手死刑。
58 48 37 2 2
6天内，24万网友在线支持。
58 49 38 1 1
11月4日，江秋莲再次前往日本，征集签名要求判陈世峰死刑。
58 50 39 1 1
12月11日，江歌案将于东京公开审判。
7
66 44 33 1 1
11月24日，日本警方最终以杀人罪对陈世峰发布逮捕令。
66 45 34 1 1
12月14日，陈世峰以杀人罪被正式起诉。
66 46 35 1 2
2017年8月14日，江秋莲在国内发起签名活动，请求判决凶手死刑。
66 47 35 2 2
6天内，24万网友在线支持。
66 48 36 1 1
11月4日，江秋莲再次前往日本，征集签名要求判陈世峰死刑。
66 49 37 1 1
12月11日，江歌案将于东京公开审判。
66 50 38 1 1
记者根据公开报道，整理案件的部分争论点如下。
7
67 42 31 1 1
11月24日，日本警方最终以杀人罪对陈世峰发布逮捕令。
67 43 32 1 1
12月14日，陈世峰以杀人罪被正式起诉。
67 44 33 1 2
2017年8月14日，江秋莲在国内发起签名活动，请求判决凶手死刑。
67 45 33 2 2
6天内，24万网友在线支持。
67 46 34 1 1
11月4日，江秋莲再次前往日本，征集签名要求判陈世峰死刑。
67 47 35 1 1
12月11日，江歌案将于东京公开审判。
67 48 36 1 1
澎湃新闻根据公开报道，整理案件的部分争论点如下。
4
56 9 1 9 12
12月10日，江歌案开庭前一天，江歌母亲江秋莲在东京台东区立浅草公会堂召开记者见面会。
56 10 1 10 12
此前一天，江秋莲被检察官约见，结束后告诉澎湃新闻，刘鑫可能会出庭作证，届时法院会安排其走证人特殊通道。
56 11 1 11 12
但在10日的记者会上，江秋莲称目前不知道刘鑫是否会出庭作证，“她早就说她会出庭，但她不站到法庭之前，我不会相信。”在10日的记者会上，对于判决结果，江秋莲表示，“我到目前为止所做的一切努力，就是为了在这次庭审中判陈世峰死刑。”江秋莲还表示，在日本的刑事案件结束后会对陈世峰提起民事诉讼。
56 12 1 12 12
11日7时许，开庭前夕，江歌母亲江秋莲前往女儿生前公寓进行祭拜。
3
58 23 16 2 2
记者会上，江秋莲表示没有想过判决以后的打算，“我到目前为止所做的一切努力，就是为了在这次庭审中判陈世峰死刑。”
58 24 17 1 2
“我明天见到陈世峰会是什么样子，要说什么话，我没有办法去预测。”但江秋莲表示，在日本的刑事案件结束后会对陈世峰提起民事诉讼。
58 25 17 2 2
她说，案发至今没有联络过陈世峰家属，“我是受害者，为什么要去求加害者？”
3
66 22 14 2 2
记者会上，江秋莲表示没有想过判决以后的打算，“我到目前为止所做的一切努力，就是为了在这次庭审中判陈世峰死刑。”
66 23 15 1 2
“我明天见到陈世峰会是什么样子，要说什么话，我没有办法去预测。”但江秋莲表示，在日本的刑事案件结束后会对陈世峰提起民事诉讼。
66 24 15 2 2
她说，案发至今没有联络过陈世峰家属，“我是受害者，为什么要去求加害者？”
3
67 19 11 2 2
记者会上，江秋莲表示没有想过判决以后的打算，“我到目前为止所做的一切努力，就是为了在这次庭审中判陈世峰死刑。”
67 20 12 1 2
“我明天见到陈世峰会是什么样子，要说什么话，我没有办法去预测。”但江秋莲表示，在日本的刑事案件结束后会对陈世峰提起民事诉讼。
67 21 12 2 2
她说，案发至今没有联络过陈世峰家属，“我是受害者，为什么要去求加害者？”
6
53 64 28 1 1
据报道，开庭前江母开展的签名活动，实际签名已达20万人，网上签名超过150万人，江母在开庭前准备交给检察官或直接提交法庭，签名的诉求是判陈世峰死刑。
53 65 29 1 4
日本是司法权独立的国家，不受行政干扰，更不受社会舆论决定判决的结果。
53 66 29 2 4
日本法律规定中，赋予法官独立审理刑事案件的权利。
53 67 29 3 4
法官通过检察官、律师对证据的质证、辩论，形成法官独自判断的“心证”。
53 68 29 4 4
可以说庭审的过程，是法官“心证”形成的过程，一旦“心证”形成，决定了法官对案件的判决。
53 69 30 1 4
日本在2009年开始实施裁判员裁判制度（陪审员）。
5
18 47 19 1 1
听闻消息后，一位20多岁的在日工作华人何女士表示，对陈世峰的说法半信半疑，“真相要看法院最终判决”。
18 48 20 1 1
同样在法院门口打听消息的林颖娴则想法不同，在她朴素的观念里，不管怎么样杀人，杀人本身就是严重错误，应该受到严重的惩罚。
18 49 21 1 1
12月11日法庭外聚集大量的媒体和等待抽签的旁听人员。
18 50 22 1 2
相比起陈世峰是否蓄意杀人，何女士更关心刘鑫在这个案件中的行为。
18 51 22 2 2
“这个案子受到大家关注，并不是因为要判陈世峰死刑，我在日本待了那么多年，我了解日本法律，死刑是不太可能的。大家更关注的是刘鑫这个角色。”
3
37 48 20 1 1
同样在法院门口打听消息的林颖娴则想法不同，在她朴素的观念里，不管怎么样杀人，杀人本身就是严重错误，应该受到严重的惩罚。
37 49 21 1 2
相比起陈世峰是否蓄意杀人，何女士更关心刘鑫在这个案件中的行为。
37 50 21 2 2
“这个案子受到大家关注，并不是因为要判陈世峰死刑，我在日本待了那么多年，我了解日本法律，死刑是不太可能的。大家更关注的是刘鑫这个角色。”
