4
27 1 1 1 2
12月11日，中国留学生江歌在日遇害案在日本东京开庭。
27 2 1 2 2
面对检方的指控，被告人陈世峰只承认对刘鑫的恐吓罪，不承认对江歌的故意杀人罪。
27 3 2 1 2
被告人辩护律师称，凶器是一把水果刀，案发时由刘鑫递给江歌，被告人与江歌在夺刀争执的过程中误伤江歌，致其死亡。
27 4 2 2 2
期间，江歌多次用手肘按门铃，但在屋里的刘鑫始终没有开门。
3
46 55 24 3 4
因此，日本实行国选律师制度，为确有经济困难的被告人提供法律服务，律师费用由国家支付。
46 56 24 4 4
如果有经济条件，可以自费聘请律师。
46 57 25 1 4
据媒体报道，被告人陈世峰已聘请律师作为代理人，为其提供法律服务。
3
46 91 41 1 2
日本目前的法律体系，没有规定江母有权向刘鑫提出损害赔偿。
46 92 41 2 2
但江母现阶段可利用日本的法律救济政策，维护自己的合法权益。
46 93 42 1 1
尽管日本法律没有规定刑诉附带民诉，但江母有权在庭审结束前，向被告人陈世峰提起损害赔偿。
3
46 8 4 2 3
对犯“杀人罪”的被告人进行审理时，法官关注的重心是：一，导致杀人犯罪的“因果关系”是否存在；二，被告人在实施犯罪时是否是“故意”杀人。
46 9 4 3 3
法庭庭审时经常听到的一个专业词汇是被告人是否有“杀意”，指的就是“故意杀人”；三，杀人“动机”是什么，即杀人的目的，比如抢劫财物而杀人等。
46 10 5 1 2
本案中被害人江歌有没有不当言行，是促使被告人陈世峰实施“故意”杀人行为的决定因素。
9
27 99 64 1 1
一位负责推理小说的日本出版社编辑赶来参与庭审，想为创作找素材；另一位在日的自由记者高岛想搞清楚这个案子为什么在中国如此受关注，在他看来，这就是一个因为男女关系引发的案件，在各个国家都很普遍，不知道为什么会引起中国全民讨论；还有在日华人、研究中日死刑对比的大学教师陈海平，想通过此次庭审考察日本对待涉外案件的处理方式。
27 100 65 1 1
排队过程中，大部分人都在热烈讨论江歌案，其中“刘鑫”的出现频率不亚于被告人陈世峰。
27 101 66 1 2
相比起陈世峰是否蓄意杀人，一位20多岁的在日工作华人何女士更关心刘鑫在这个案件中的行为。
27 102 66 2 2
“这个案子受到大家关注，并不是因为要判陈世峰死刑，我在日本待了那么多年，我了解日本法律，死刑是不太可能的。大家更关注的是刘鑫这个角色。”
27 103 67 1 2
她说，2016年11月3日江歌遇害当天，正好是她的生日，所以印象深刻，但真正对这个案子特别关注，是从今年5月份江秋莲发布曝光刘鑫的文章后开始的。
27 104 67 2 2
她表示非常期待刘鑫后天（13日）出庭，到时她会请假来法院排队抽签。
27 105 68 1 2
法院最终从300多名人中抽选出31名可入场的旁听席观众，其余大部分人选择在场外等候消息。
27 106 68 2 2
中间休庭10分钟，有好几位观众第一时间出来给场外的人告知庭审细节。
27 107 69 1 1
从11号起，本案将持续审理5天，16、17日两天休庭后，18日继续开庭，最终在20日宣判。
3
46 52 23 1 1
5，被告人接受公正审理的权利与日本律师制度。
46 53 24 1 4
被告人陈世峰要承担刑事责任毫无疑问。
46 54 24 2 4
根据日本法律规定，刑事案件的审理必须由律师出庭为其辩护，没有律师出庭，不能开庭审理。
3
46 25 11 2 5
其中被告人陈世峰行凶的一把19.5公分长的水果刀的归属至关重要。
46 26 11 3 5
根据日本刑法规定，超过6公分的刀具，未经允许，不得随身携带。
46 27 11 4 5
假如陈世峰随身携带禁止刀具，则违反日本刑法的规定，陈世峰用此行凶，同时犯有“凶器准备罪”。
4
46 18 8 1 2
因此，日本检察官可能会指控陈世峰残杀江歌存在“因果关系”。
46 19 8 2 2
但辩护方可能从陈世峰与江歌间并不存在个人恩怨出发，得出陈世峰是“激情杀人”，不存在“因果关系”。
46 20 9 1 3
针对“因果关系”，目前提出的证据，主要是被告人陈世峰的笔供，刘鑫的证言及相关微信记录。
46 21 9 2 3
刘鑫的证言很关键，比如，刘鑫证明陈世峰除威胁过她也威胁过江歌，或微信中也有类似留言，同时江歌也曾接到过陈世峰的威胁性微信的话，是有证据力度的。
5
18 1 1 1 3
中国女留学生江歌在日本遇害案12月11日在日本东京开庭审理，检察官以两项罪名起诉被告人陈世峰。
18 2 1 2 3
一是恐吓罪，二是故意杀人罪。
18 3 1 3 3
对于恐吓罪，双方没有异议，对于故意杀人罪，被告人持不同意见。
18 4 2 1 2
争论点在于，检方认为被告人想和前女友刘鑫复合，认为江歌碍事，遂起杀意。
18 5 2 2 2
被告人的辩护律师称陈世峰找江歌，是因为江歌和刘鑫关系好，想去找江歌商量如何能和刘鑫复合，但在争执过程中失手伤了江歌，江歌倒地不动后，陈世峰害怕承担后续治疗费，给家里增添负担，于是杀了江歌。
7
31 53 33 1 3
虽然案子已经开审，但这仅仅是第一天，庭审要一直延续到15日，宣判要到20日。
31 54 33 2 3
对江歌母亲江秋莲，对关系此事真相的公众，甚至对刘鑫本人，还需要继续等待。
31 55 33 3 3
（□王言虎）
31 56 34 1 2
江歌案在日本东京地方法庭开庭审理，从前方报道情况看，被告人陈世峰及其辩护律师提供了不少生猛“爆料”。
31 57 34 2 2
比如，陈世峰陈述作为凶器的水果刀，是刘鑫从房间里拿出来递给江歌的，并且迅速关上了房门；陈世峰的律师说，江歌用肘部多次按门铃，但是刘鑫都没有给江歌开门，等等。
31 58 35 1 1
意味着刘鑫就是江歌之死的“罪魁祸首”，她不仅对室友江歌“见死不救”，还说谎话、作伪证，在人设上low到了极点。
31 59 36 1 1
也难怪，这些信息一经曝光，便引来无数网友新一轮的道德谴责，在他们的眼中，仿佛看到了法槌落地有声。
7
41 20 9 1 1
陈世峰律师称，医检结果证明致命的是第一刀，而这一刀是无意过失导致的。
41 21 10 1 3
庭审中还展示了更多证据。
41 22 10 2 3
在警方提供的报警电话录音中，能听到刘鑫用中文说了一句“门锁了，你不要骂了”。
41 23 10 3 3
在被害人江歌家中发现有威士忌酒瓶，瓶口处存有被告人陈世峰的DNA。
41 24 11 1 2
江歌母亲坐在原告席，起先比较平静，后来开始哭泣。
41 25 11 2 2
当听到江歌衣服上的14处伤痕和血痕陈述时，她哭了出来，用拳头捂嘴，尽力控制住自己的声音。
41 26 12 1 1
据透露，刘鑫在13日将作为证人出席。
3
46 78 33 2 2
在这样的环境下，征集签名影响法官判处被告人陈世峰死刑是不可能的。
46 79 34 1 1
综上并结合之前实际案例，笔者认为审理被告人陈世峰的合议庭，根据证据确定被告人主观上是否有“杀意”，和对被害人江歌残忍的杀害结果，最终做出的判决不会是死刑，判处10年到15年的有期徒刑可能性较大。
46 80 35 1 1
由于中日间没有司法合作关系，陈世峰被判刑后，不能被引渡回国，在日本的监狱服刑，刑满释放后，直接被遣返回中国。
5
53 1 1 1 1
提要：日本法律重“教育”而非“惩罚”，江歌案中被告人不会被判死刑，判处10年到15年有期徒刑的可能性较大；日本法律没有规定刑诉附带民诉，但江母可在庭审结束前，向被告人提起损害赔偿，也可表明保留民事赔偿诉讼权利，待被告人刑满回国，根据中国法律提起民事诉讼赔偿。
53 2 2 1 2
12月11日，中国在日留学生江歌被害案中的被告人陈世峰在日本东京地方法院初次接受开庭审理。
53 3 2 2 2
此前围绕江歌案的审理、江母的救济措施，以及本案关系人刘鑫的责任等问题，曾引发舆论热议。
53 4 3 1 1
作为驻日本的中国律师，笔者想凭借近20年的实务执业经验，从律师角度，分析一下陈世峰在日本接受刑事审判的走向及此案带来的提示。
53 5 4 1 3
陈世峰以杀人罪被起诉。
4
27 64 43 1 2
关于被告人陈世峰脸上的伤痕，法医从照片判断为指甲抓伤，与刀伤不同。
27 65 43 2 2
除此之外，被告人身上没有刀伤，只有脖子上有被刀鞘和刀锋擦到的痕迹。
27 66 44 1 2
辩方律师询问法医，江歌左手的刀伤是否可能是当刀握在她手里，被告人从她手里夺走刀时留下的刀痕。
27 67 44 2 2
法医回答，刀痕更像是当刀刺过来时，因躲闪而留下的刀痕。
3
25 7 4 1 1
检方指控陈世峰涉嫌杀人罪和恐吓罪，被告人陈世峰只承认恐吓罪。
25 8 5 1 1
据悉，陈世峰曾拿刘鑫裸照威胁过刘鑫。
25 9 6 1 1
在11日下午的庭审中，日本东京地方法院庭上公布了江歌的尸检报告。
5
93 32 22 1 1
“如果按照中国法律，刘鑫是受益人，负有补偿义务。”丁金坤表示，首先是被告人陈世峰赔偿江母，如果没有赔偿或者赔偿不足的，因为江歌是为保护刘鑫而死，刘鑫有适当补偿江母的义务。
93 33 23 1 2
根据《民法总则》第183条规定：“因保护他人民事权益使自己受到损害的，由侵权人承担民事责任，受益人可以给予适当补偿。
93 34 23 2 2
没有侵权人、侵权人逃逸或者无力承担民事责任，受害人请求补偿的，受益人应当给予适当补偿。
93 35 24 1 1
丁金坤同时表示，在其印象中，日本法律没有上述补偿的制度，而是侵权人直接给予赔偿。
93 36 25 1 1
“对于刘鑫来说，无论是作为受害人还是证人，应该是不承担赔偿责任的，也无法定义务。”彭新林指出，尚未见到日本相关法律规定，但作出自愿补偿也没问题。
6
6 1 1 1 1
12月15日，江歌案庭审进入第五日。
6 2 2 1 3
今日庭审流程内容和昨日下午一样，是对本案被告人陈世峰的讯问。
6 3 2 2 3
江母今日出庭念陈情书。
6 4 2 3 3
然而在上午第一阶段庭审过程中，当辩方律师在问到陈世峰的赔偿意愿时，法庭现场突然发生意外状况导致紧急休庭。
6 5 3 1 1
今日庭审持续半天，是该案在东京地方裁判所426号法庭的最后一场庭审。
6 6 4 1 1
115日上午庭审第一阶段，谈及陈世峰对受害人家属赔偿的事宜，此时江歌妈妈情绪激动晕倒，致紧急休庭。
2
27 43 30 1 2
12月11日上午10点，被告人陈世峰出现在法庭上，身着蓝色上衣、黑色裤子，头发打了发胶，面部白净，似乎比一年前报道中的照片更胖了一些。
27 44 30 2 2
澎湃新闻观察到，他在上午的庭审中，始终面无表情；到了下午举证质证环节，一直皱着眉，几次摘下眼镜又戴上。
4
53 19 9 1 2
因此，日本检察官可能会指控陈世峰残杀江歌存在“因果关系”。
53 20 9 2 2
但辩护方可能从陈世峰与江歌间并不存在个人恩怨出发，得出陈世峰是“激情杀人”，不存在“因果关系”。
53 21 10 1 3
针对“因果关系”，目前提出的证据，主要是被告人陈世峰的笔供，刘鑫的证言及相关微信记录。
53 22 10 2 3
刘鑫的证言很关键，比如，刘鑫证明陈世峰除威胁过她也威胁过江歌，或微信中也有类似留言，同时江歌也曾接到过陈世峰的威胁性微信的话，是有证据力度的。
4
46 1 1 1 2
12月11日，中国在日留学生江歌被害案中的被告人陈世峰在日本东京地方法院初次接受开庭审理。
46 2 1 2 2
此前围绕江歌案的审理、江母的救济措施，以及本案关系人刘鑫的责任等问题，曾引发舆论热议。
46 3 2 1 1
作为驻日本的中国律师，笔者想凭借近20年的实务执业经验，从律师角度，分析一下陈世峰在日本接受刑事审判的走向及此案带来的提示。
46 4 3 1 3
陈世峰以杀人罪被起诉。
3
43 1 1 1 1
海外网12月11日电据日本共同社报道，中国留学生江歌在日本被杀一案11日在东京地方法院首次开庭，被告人陈世峰当庭否认被控罪名。
43 2 2 1 2
陈世峰称自己是为了夺下江歌所持刀具才刺了下去，之后抱有杀意刺了对方的情况属实。
43 3 2 2 2
辩护人主张第一刀是死因，所以杀人罪不成立。
3
53 9 5 2 3
对犯“杀人罪”的被告人进行审理时，法官关注的重心是：一，导致杀人犯罪的“因果关系”是否存在；二，被告人在实施犯罪时是否是“故意”杀人。
53 10 5 3 3
法庭庭审时经常听到的一个专业词汇是被告人是否有“杀意”，指的就是“故意杀人”；三，杀人“动机”是什么，即杀人的目的，比如抢劫财物而杀人等。
53 11 6 1 2
本案中被害人江歌有没有不当言行，是促使被告人陈世峰实施“故意”杀人行为的决定因素。
3
53 53 24 1 1
5，被告人接受公正审理的权利与日本律师制度。
53 54 25 1 4
被告人陈世峰要承担刑事责任毫无疑问。
53 55 25 2 4
根据日本法律规定，刑事案件的审理必须由律师出庭为其辩护，没有律师出庭，不能开庭审理。
3
53 92 42 1 2
日本目前的法律体系，没有规定江母有权向刘鑫提出损害赔偿。
53 93 42 2 2
但江母现阶段可利用日本的法律救济政策，维护自己的合法权益。
53 94 43 1 1
尽管日本法律没有规定刑诉附带民诉，但江母有权在庭审结束前，向被告人陈世峰提起损害赔偿。
3
53 26 12 2 5
其中被告人陈世峰行凶的一把19.5公分长的水果刀的归属至关重要。
53 27 12 3 5
根据日本刑法规定，超过6公分的刀具，未经允许，不得随身携带。
53 28 12 4 5
假如陈世峰随身携带禁止刀具，则违反日本刑法的规定，陈世峰用此行凶，同时犯有“凶器准备罪”。
3
34 22 12 2 2
在被害人江歌家中发现有威士忌酒瓶，瓶口处存有被告人陈世峰的DNA。
34 23 13 1 2
江歌母亲坐在原告席，起先比较平静，后来开始哭泣。
34 24 13 2 2
当听到江歌衣服上的14处伤痕和血痕陈述时，她哭了出来，用拳头捂嘴，尽力控制住自己的声音。
3
53 79 34 2 2
在这样的环境下，征集签名影响法官判处被告人陈世峰死刑是不可能的。
53 80 35 1 1
综上并结合之前实际案例，笔者认为审理被告人陈世峰的合议庭，根据证据确定被告人主观上是否有“杀意”，和对被害人江歌残忍的杀害结果，最终做出的判决不会是死刑，判处10年到15年的有期徒刑可能性较大。
53 81 36 1 1
由于中日间没有司法合作关系，陈世峰被判刑后，不能被引渡回国，在日本的监狱服刑，刑满释放后，直接被遣返回中国。
7
18 38 14 6 6
当天陈世峰家人未出现在现场。
18 39 15 1 1
有旁听观众走出法庭后称，在上午的庭审中陈世峰全程面无表情。
18 40 16 1 3
今日早上7点，江歌母亲江秋莲携一束鲜花，到江歌遇害公寓门前祭拜，跪拜时姿势庄重，手掌、额头触地，数秒后起身，双目含泪。
18 41 16 2 3
随后前往律所与律师会合，上午10点开庭后出现在旁听席中，在检方出示证据时，情绪非常激动。
18 42 16 3 3
坐在被告席的陈世峰全程没有与其对视。
18 43 17 1 2
今天早上7点开始，便陆续有媒体和在日华人聚在法院门口，等候排队取号抽签。
18 44 17 2 2
排队过程中，大部分人都在热烈讨论江歌案，其中“刘鑫”的出现频率不亚于被告人陈世峰。
3
53 56 25 3 4
因此，日本实行国选律师制度，为确有经济困难的被告人提供法律服务，律师费用由国家支付。
53 57 25 4 4
如果有经济条件，可以自费聘请律师。
53 58 26 1 4
据媒体报道，被告人陈世峰已聘请律师作为代理人，为其提供法律服务。
