4
95 4 2 1 4
Statista表示，iPhoneX的制造成本为370.25美元，而六年前的iPhone4s成本仅为196美元。
95 5 2 2 4
在六年的时间里，iPhone手机的成本就上涨了89%。
95 6 2 3 4
无论是内存还是闪存的价格，都不是六年前能够匹敌的。
95 7 2 4 4
不过相比起成本的上涨，iPhone的价格只涨了68%，这或许可以让许多果粉感到宽心。
2
96 1 1 1 2
苹果在9月12日发布的iPhoneX是有史以来最昂贵的iPhone，起价999美元（约合6624元）。
96 2 1 2 2
制造商说这样的定价是由高制造成本所决定的。
4
96 3 2 1 2
自9月首次发布以来，关于iPhoneX价格是否合理的问题一直是人们热烈讨论的话题。
96 4 2 2 2
有些人认为手机不应该花1000美元，而另一些人则指出iPhoneX有很多技术含量。
96 5 3 1 3
近日，Statista发布了一张展示iPhone各机型成本价变化的图表，iPhoneX的制造成本约为370美元（约合2454元）。
96 6 3 2 3
因此，最新款iPhone的制造成本几乎是iPhone4S（196美元或约合1300元）的2倍，而iPhone4S被认为是该公司最好的机型之一。
4
96 7 3 3 3
最便宜的型号是iPhoneSE，制造成本是160美元，iPhoneX的制造成本是其两倍多。
96 8 4 1 3
苹果发布的iPhoneX有两个卖点：面部识别和全面屏。
96 9 4 2 3
它在每一个上市的市场上都能立即卖出。
96 10 4 3 3
所以虽然iPhoneX的价格很高，但它仍然非常成功。
4
97 1 1 1 2
在iPhoneX发布和上市之后，关于这部手机成本的争论就没有停下来过，毕竟这部手机8388元的起售价格确实是比过去高出不少。
97 2 1 2 2
那么我们不如抛开印象，来看看实打实的数据，iPhone系列这么多年来的成本和售价究竟是个什么关系。
97 3 2 1 1
调查机构Statista近日发布了自iPhone4s以来各代iPhone的制造成本，可以看到他们给出iPhoneX的制造成本为370.25美元（约合人民币2451元），这个数字和此前其他机构给出的结果基本一致，而6年前那部经典的iPhone4s成本为196美元（约合人民币1300元），六年间，iPhone的成本上涨了足足89%。
97 4 3 1 1
至于成本都上涨在哪了其实比较好理解，iPhoneX的工艺显然是iPhone4s难以比拟的，而在SoC、内存、闪存的规格上也有了长足的进步，iPhoneX采用的OLED屏幕也是相当奢侈的部件。
2
97 5 4 1 2
总的来说，当iPhone的外观设计出现较大的改变时，成本往往就会上涨不少。
97 6 4 2 2
这一点在iPhoneSE上能够很好地体现，这款手机成本竟然比iPhone4s还要低36美元，显然是因为它采用了和iPhone5s完全一样的外观、主板和屏幕，还有和iPhone6s完全一样的硬件配置，这节省了不少开发、制造成本。
4
100 1 1 1 2
中关村在线消息：众所周知，近两年智能手机的元器件成本与制造成本呈飞速上涨的趋势，致使一些原本走性价比路线的手机品牌也被迫提高产品售价，否则就该成赔本赚吆喝了。
100 2 1 2 2
就如此前一加手机CEO刘作虎在微博上感慨的那样，“手机元器件成本比深圳房价涨得还快”。
100 3 2 1 2
智能手机的制造成本究竟涨得有多邪乎，我们通过数据来说话。
100 4 2 2 2
根据国外媒体的报道，拿苹果的iPhone为例，六年前的iPhone4s，每台制造成本为196美元（折合人民币约1300元），而今年刚刚推出的iPhoneX，其制造成本已经飞涨到每台370.25美元（折合人民币约2451元）。
1
100 5 3 1 1
然而也不乏有新机比旧机制造成本低的例子存在，比如去年苹果发布的“廉价iPhone”——iPhoneSE，其制造成本就比iPhone4s还要低，而这很大程度上是由于iPhoneSE采用的是iPhone5s的模具，且制造工艺更加成熟、简单。
