1 5 3 2 4 0.622
根据两国外交部门达成的共识，中韩两军将就“萨德”有关问题进行沟通。
1 4 3 1 4 0.395
吴谦：关于“萨德”问题，中方坚决反对在韩部署“萨德”系统的立场没有改变。
1 6 3 3 4 0.218
但“解铃还须系铃人”，停止“萨德”部署进程，撤除“萨德”装备才是解决问题的根本之道。
4 5 3 2 2 0.723
康京和也表示：“（韩中）双方于10月31日就克服当前影响韩中关系发展的困难问题发表了共同新闻稿，对此韩方非常珍惜。韩方愿按照共同新闻稿和两国领导人不久前会晤时达成的共识，进一步加强双方高层往来，密切人文交流，推动韩中关系尽快全面正常化并在各领域取得更加丰硕的合作成果”。
4 4 3 1 2 0.506
根据中国外交部当天发布的消息，王毅外长向康京和表示，“中方重视韩方关于不考虑追加‘萨德’系统、不加入美国反导体系、不发展韩美日三方军事同盟的表态以及无意损害中方安全利益的表态，希望韩方继续妥善处理‘萨德’问题”。
4 16 13 1 1 0.685
中国外交部发言人连日来也多次谈及“萨德”问题，重申妥善处理“萨德”问题、扫除中韩关系发展的障碍是两国的共同意愿，也符合双方的共同利益，希望韩方为两国关系的全面改善和发展创造条件。
5 23 7 4 5 0.639
希望韩方把上述承诺落到实处，妥善处理相关问题，推动中韩关系早日重回平稳健康发展轨道。
5 22 7 3 5 0.323
中方一贯反对美国在韩国部署“萨德”系统。
5 24 7 5 5 -0.02
（编译/海外网刘强）
6 23 8 4 5 0.639
希望韩方把上述承诺落到实处，妥善处理相关问题，推动中韩关系早日重回平稳健康发展轨道。
6 22 8 3 5 0.323
中方一贯反对美国在韩国部署“萨德”系统。
6 24 8 5 5 -0.02
（编译/海外网刘强）
9 2 1 2 4 0.61
韩国外交部当天在介绍此访成果时说，韩中外长在5个多小时里，开诚布公地深入讨论了韩中关系发展方向、朝鲜半岛问题等共同关心的事宜，并就推进文在寅总统下月访华达成共识。
9 1 1 1 4 0.419
[韩媒评估韩中外长深谈成果“萨德”问题仍是核心议题]韩国外长康京和23日结束任上的首次访华之行。
9 3 1 3 4 0.359
但不少韩媒注意到，敦促韩方信守有关“萨德”的“三不一限”承诺，是中方传递的重要信息。
10 3 2 2 3 0.625
双方就两国关系、文在寅总统访华以及半岛核问题进行了讨论。
10 2 2 1 3 0.522
问：昨日，中韩两国外长举行会谈。
10 4 2 3 3 0.437
中方能否介绍此次会谈取得了哪些成果？
10 6 3 2 3 0.668
中韩外长就如何确保中韩关系稳固改善和向前发展进行了比较充分的讨论。
10 5 3 1 3 0.465
答：关于昨天王毅部长同韩国外长康京和会谈的情况，我们已经在外交部网站发布了比较详细的消息。
10 7 3 3 3 0.525
当然，双方也就共同关心的问题、如朝鲜半岛局势充分交换了意见。
10 8 4 1 8 0.662
我在这里再强调一下，王毅部长指出，中韩两国是搬不走的邻居，中韩关系发展符合两国人民的共同愿望。
10 9 4 2 8 0.459
事实上，中韩建交25年来，在绝大部分时间内，两国关系都是好的。
10 12 4 5 8 0.617
双方应共同努力，进一步增进相互了解，最大限度减少分歧，为两国关系全面恢复发展创造条件。
10 11 4 4 8 0.484
王毅外长昨天也强调，中方重视韩方关于不考虑追加“萨德”系统、不加入美国反导系统、不发展韩美日三方军事同盟的表态以及无意损害中方安全利益的表态，希望韩方继续妥善处理好“萨德”问题。
10 13 4 6 8 0.593
双方应以建交25周年和下一步高层往来为契机，总结经验，并对未来两国关系发展作出战略性规划。
11 4 2 2 3 0.625
双方就两国关系、文在寅总统访华以及半岛核问题进行了讨论。
11 3 2 1 3 0.488
问：昨日（22日），中韩两国外长举行会谈。
11 5 2 3 3 0.437
中方能否介绍此次会谈取得了哪些成果？
11 7 3 2 3 0.668
中韩外长就如何确保中韩关系稳固改善和向前发展进行了比较充分的讨论。
11 6 3 1 3 0.449
答：关于昨天（22日）王毅部长同韩国外长康京和会谈的情况，我们已经在外交部网站发布了比较详细的消息。
11 8 3 3 3 0.525
当然，双方也就共同关心的问题、如朝鲜半岛局势充分交换了意见。
11 9 4 1 8 0.662
我在这里再强调一下，王毅部长指出，中韩两国是搬不走的邻居，中韩关系发展符合两国人民的共同愿望。
11 10 4 2 8 0.459
事实上，中韩建交25年来，在绝大部分时间内，两国关系都是好的。
11 13 4 5 8 0.617
双方应共同努力，进一步增进相互了解，最大限度减少分歧，为两国关系全面恢复发展创造条件。
11 12 4 4 8 0.492
王毅外长昨天（22日）也强调，中方重视韩方关于不考虑追加“萨德”系统、不加入美国反导系统、不发展韩美日三方军事同盟的表态以及无意损害中方安全利益的表态，希望韩方继续妥善处理好“萨德”问题。
11 14 4 6 8 0.593
双方应以建交25周年和下一步高层往来为契机，总结经验，并对未来两国关系发展作出战略性规划。
12 5 4 1 1 0.712
康京和表示，韩方希望与中方保持沟通，努力解决两国关系中存在的难题，推动两国关系取得实质性改善。
12 57 33 1 1 0.6
10月31日，中韩两国外交部同时在官网发布消息称，双方商定通过两军渠道，将就“萨德”有关问题进行沟通。
13 1 1 1 2 0.602
央视网消息：对于中韩外长22日在北京举行的会谈，中国外交部发言人陆慷在23日下午举行的外交部例行记者会上表示，两国外长就如何确保中韩关系稳固改善和向前发展进行了充分讨论。
13 2 1 2 2 0.636
中方希望韩方继续妥善处理“萨德”问题，为两国关系的全面改善和发展创造条件。
13 3 2 1 2 0.639
外交部发言人陆慷：“王毅部长指出，中韩是搬不走的邻居，发展一个好的中韩关系，符合两国和两国人民的共同愿望。事实上，中韩建交25年在绝大部分时间内两国关系都是好的，后来由于众所周知‘萨德’的原因，中韩关系遇到困难。”陆慷表示，王毅外长在会谈中强调，中方重视韩方关于不考虑追加“萨德”系统，不加入美国反导系统，不发展韩美日三方军事同盟的表态，以及无意损害中方安全利益的表态。
13 4 2 2 2 0.546
外交部发言人陆慷：“我们希望韩方能够继续妥善处理好这个问题，双方要共同努力，进一步增加相互了解，最大限度地减少分歧，这样才能为两国关系的全面改善和发展创造条件。”
14 2 1 2 2 0.683
23日，中国外交部发言人陆慷在外交部例行记者会上介绍称，中韩外长就如何确保中韩关系稳步改善、向前发展进行了充分讨论，双方也就朝鲜半岛局势等共同关心的问题充分交换了意见。
14 1 1 1 2 0.552
【环球时报-环球网报道记者白云怡】据韩联社22日报道，中韩外长22日在北京钓鱼台国宾馆举行会谈，双方就韩中关系以及“萨德”等共同关心的问题交换意见。
14 5 3 1 2 0.681
“王毅部长指出，中韩是搬不走的邻居，发展一个好的中韩关系符合两国和两国人民的共同愿望。事实上中韩建交25年以来，绝大多数时间两国关系都是好的。”陆慷介绍说，中韩双方都同意以建交25周年和下一步高层往来为契机，对未来两国关系发展作出战略性规划。
14 6 3 2 2 0.495
希望双方加强各领域各层级交流沟通，加强“一带一路”框架下的战略对接与务实合作，加强在促进区域经济一体化方面的协调配合。
15 2 1 2 3 0.676
围绕“萨德”出现对立的中韩两国在10月底刚刚就修复双边关系达成一致。
15 1 1 1 3 0.336
参考消息网11月23日报道中国外交部长王毅11月22日在北京与到访的韩国外交部长官康京和举行会谈。
15 3 1 3 3 0.611
在韩国总统文在寅12月访华之前，两国外长就加紧改善双边关系达成共识。
15 8 4 1 3 0.637
报道称，韩国也在某些方面必须加紧改善中韩关系。
15 9 4 2 3 0.441
文在寅政府要想解决最优先的朝鲜核导问题，中国的作用不可或缺。
17 6 3 1 1 0.714
中韩两国外长，北京举行会谈，就在当前形势下如何改善和发展中韩关系以及共同关心的问题交换意见。
17 12 6 2 2 0.609
希望双方以两国领导人达成的共识为基础，尽全力在各个领域实现两国关系的正常化。
17 11 6 1 2 0.532
韩国外长康京和表示，中韩双方发表共同新闻稿，是值得珍惜的成果。
18 4 2 2 10 0.602
希望韩国为消除中韩关系发展的“拦路虎”和“绊脚石”作出努力。
18 3 2 1 10 0.429
王毅表示，部署“萨德”损害中国战略安全利益，不是邻国相处之道，也不是战略伙伴应有之义。
18 5 2 3 10 0.712
康京和表示，韩方希望与中方保持沟通，努力解决两国关系中存在的难题，推动两国关系取得实质性改善。
18 6 2 4 10 0.208
第二次是9月20日，中国外交部长王毅在纽约出席联合国大会期间，会见了韩国外长康京和。
18 8 2 6 10 0.603
中方敦促韩方正视中方的正当关切，尽快妥善处理这一问题，切实搬开阻碍两国关系发展的绊脚石。
18 7 2 5 10 0.456
王毅：坚决反对在韩部署“萨德”王毅表示，中方理解韩方维护国家安全的需要，但我们坚决反对在韩部署“萨德”系统，因为此举超出韩国自身防卫，直接损害中方的战略安全利益。
18 9 2 7 10 0.636
韩外长：力寻解决“萨德”问题办法康京和表示，韩中建交25年来两国关系取得巨大进展，也经历一些曲折。
18 10 2 8 10 0.645
韩方愿与中方加强沟通，争取找到妥善解决“萨德”问题的办法，推动双边关系重新恢复活力和动力。
18 11 2 9 10 0.75
双方同意推动各领域交流回到正轨10月31日，中韩双方曾同时发布消息，介绍两国外交部门之间就中韩关系进行沟通的情况，阐述了双方在“萨德”等问题上的立场，同意推动各领域交流合作早日回到正常发展轨道。
18 12 2 10 10 0.747
韩国释放调整两国关系积极信号
18 18 4 1 5 0.655
中国国际问题研究院国际战略研究所副所长苏晓晖：“中韩之间的沟通会聚焦在几个层面，第一个层面是大家最关注的层面，就是中韩关系未来的走向，我们看到在10月31日的时候，中韩同时发布消息稿，为未来中韩关系的发展进行了新的定位，所以此次康京和访问，是试图推动中韩关系进一步的转圜，使两国关系升温。而促进双方之间的这种高层的往来，恐怕也是康京和此行的一个重要的目的。”专家认为，中韩建交25年，两国关系总体稳定，但也有些波折。
18 19 4 2 5 0.446
近一年多以来，由于韩国部署“萨德”系统，中韩关系遭受挑战。
19 5 3 2 2 0.653
不久前，中韩双方就阶段性处理“萨德”问题达成一些共识，希望韩方作出切实努力，继续妥善处理相关问题，同中方一道推动两国关系改善发展。
19 4 3 1 2 0.354
陆慷回应说，中方反对美国在韩国部署“萨德”反导系统的立场是一贯的，没有变化。
21 3 2 2 2 0.66
不久前，中韩双方就阶段性处理萨徳问题达成一些共识，希望韩方切实作出努力，继续妥善处理相关问题，同中方一道推动两国关系改善发展。
21 2 2 1 2 0.367
答：中方反对美国在韩国部署“萨德”反导系统的立场是一贯的，没有变化。
22 5 2 3 4 0.609
此次访问时机重要，真心希望成为两国关系改善和进一步强化合作的契机。
22 4 2 2 4 0.313
她说，很高兴在上任5个月后到访中国并同王毅外长举行会谈，虽然此行时间短暂，但有很多话要说，特别希望就文在寅总统访华相关事项进行深入探讨。
22 6 2 4 4 0.644
《韩民族日报》评论说，两国冰封的关系正式开始回暖，但要经过预计于12月举行的领导人会谈，才能知道韩中关系的准确坐标。
24 3 2 1 1 0.647
11月16日，韩国媒体《亚洲经济》发布消息称，“随着韩中两国就尽快推动各领域交流合作早日回到正常发展轨道达成一致，受萨德措施影响最深的大众文化界也将迎来久违的春天。目前，韩国文娱界正与中方企业接触，就有望于明年展开的各项合作进行洽谈。”
24 7 5 1 1 0.68
10月31日，新华社发布微博称“中韩双方沟通，同意推动各个领域交流合作早日回到正常发展轨道。”
24 8 6 1 2 0.808
报道指出，中韩双方表示高度重视中韩关系，愿根据双边共同文件的精神，推动中韩战略合作伙伴关系发展。
24 9 6 2 2 0.651
加强两国交流合作符合双方共同利益，同意推动各个领域交流合作早日回到正常发展轨道。
24 12 9 1 1 0.675
外交部发言人耿爽更是直言，“我没有听说过你提到的所谓文化方面的禁令，因此也就不存在解禁的问题。至于中韩关系，中韩两国领导人刚刚在越南岘港举行了会晤，双方都发了消息。双方在会晤中同意要尽快克服障碍，推动中韩关系健康稳定向前发展。本着这一精神，中方将同韩方一道努力，推动双方各领域交流合作尽快回到健康的轨道上来。”
25 1 1 1 1 0.619
韩国外长康京和今日访华，让我们关注中韩关系今后的发展。
25 9 4 3 4 0.627
在过去25年里，中韩两国已经建立起密切的双边关系。
25 8 4 2 4 0.558
自1992年建交以来，中韩两国在互利合作的旗帜下开展交流。
25 10 4 4 4 0.614
但是，值得注意的是，在全世界范围内，我们还很难找到另一个双边关系，像中韩关系这样，双边贸易超过2000亿美元，双方首脑频繁会晤，但双边关系却仍然严重受制于外部因素的影响。
25 11 5 1 3 0.662
美韩决定在半岛部署“萨德”，严重影响了中韩关系发展的大局，导致曾经顺畅的中韩关系“如芒在背”。
25 12 5 2 3 0.529
今年10月底，中韩两国政府就“萨德”问题同时做出表态。
25 15 6 2 2 0.707
在此共识的基础上，双方共同努力，推动双边关系早日回到正常发展轨道。
25 14 6 1 2 0.586
与此同时，中韩双方商定通过两军渠道就“萨德”有关问题进行沟通，确保目前在韩部署的“萨德”系统不损害中方战略安全利益。
25 18 7 3 3 0.607
这需要中韩两国军方通过技术手段确保实现双方的共识，妥善处理技术问题，防止“萨德”给中韩关系发展留下后患。
25 17 7 2 3 0.264
要解决地区的安全困境问题，需要美韩确保“萨德”仅用于应对朝鲜核导问题，从技术上予以严格限制其雷达的检测范围，确保其不编入全球导弹防御系统。
25 24 9 2 3 0.751
我认为，中韩关系与美韩关系之间的关系是动态的，存在多种可能。
25 23 9 1 3 0.451
中国虽不介意韩美同盟的存在，但是坚决反对美国借助核问题加剧地区局势的紧张，坚决反对韩国加强美韩同盟的同时侵害中国的安全利益。
25 25 9 3 3 0.326
往坏了去，有可能倒向相克关系;往好了走，可以发展为一种相生的关系。
25 27 10 2 3 0.734
韩国曾经相对均衡地处理了韩美关系和韩中关系。
25 26 10 1 3 0.436
归根结底，能够维持相生关系的一个前提是，任何一个双边的举动不伤害第三方的利益，不被第三方解读为针对第三方。
25 28 10 3 3 0.577
在韩中关系发展上获得重大进展的同时，韩国稳定并发展了韩美关系，实现了经济学上讲的“帕累托改进”，即在不损害任何一方的情况下增进一方的福利。
25 29 11 1 3 0.671
下一个25年的中韩关系，需要努力发展成为一种相对自主的双边关系，是由中韩两国国民和领导人共同引导和发展的自变量，而不是韩美关系、朝核问题的因变量。
25 30 11 2 3 0.517
中韩应共同构建地区新秩序。
28 22 9 2 4 0.628
至于中韩关系，中韩两国领导人刚刚在越南岘港举行了会晤，双方都发了消息。
28 21 9 1 4 0.485
对于“中国政府是否已经解除因‘萨德’问题对韩国文化产品采取的非正式进口禁令，中韩文化娱乐业合作未来前景如何”，外交部发言人耿爽11月13日指出：我没有听说过你提到的所谓文化方面的禁令，因此也就不存在解禁的问题。
28 23 9 3 4 0.73
双方在会晤中同意要尽快克服障碍，推动中韩关系健康稳定向前发展。
28 24 9 4 4 0.59
本着这一精神，中方将同韩方一道努力，推动双方各领域交流合作尽快回到健康的轨道上来。
29 11 6 1 3 0.677
答：妥善处理“萨德”问题，扫除中韩关系发展的障碍是两国的共同意愿，也符合双方的共同利益。
29 12 6 2 3 0.58
两国通过外交渠道就有关问题进行了沟通，也达成了一些共识。
29 15 7 2 3 0.646
高层交往对两国关系发展具有重要引领作用。
29 14 7 1 3 0.455
两国领导人刚刚进行了两次会面。
29 16 7 3 3 0.701
希望双方根据两国领导人会面达成的重要共识，不断推动两国关系的改善和发展。
31 36 17 1 3 0.677
答：妥善处理“萨德”问题，扫除中韩关系发展的障碍是两国的共同意愿，也符合双方的共同利益。
31 37 17 2 3 0.58
两国通过外交渠道就有关问题进行了沟通，也达成了一些共识。
31 40 18 2 3 0.646
高层交往对两国关系发展具有重要引领作用。
31 39 18 1 3 0.455
两国领导人刚刚进行了两次会面。
31 41 18 3 3 0.701
希望双方根据两国领导人会面达成的重要共识，不断推动两国关系的改善和发展。
32 3 3 1 1 0.723
中国外交部称，中韩“双方认为加强两国交流合作符合双方共同利益，同意推动各个领域交流合作早日回到正常发展轨道”。
32 6 5 1 1 0.684
妥善处理“萨德”问题、扫除中韩关系发展障碍，是中韩两国的共同意愿，符合两国的共同利益。
32 9 8 1 2 0.648
2015年12月20日，中韩自贸协定的生效标志着双边经济合作迈向了历史新高点。
32 10 8 2 2 0.536
当时中韩媒体都认为，自贸协定促进了中韩经济和产业链的全面融合，推进了区域经济一体化，对亚洲发展繁荣和全球经济复苏都将起到重要作用。
32 13 10 1 2 0.645
而就在中韩两国国民为此欢欣鼓舞的时候，韩国政府部署“萨德”系统的决定中断了两国全面战略合作伙伴关系的迅猛发展势头。
32 14 10 2 2 0.627
致力于中韩友好关系深入发展的两国政治界、经济界以及民间友好人士无不为之扼腕叹息。
32 22 15 2 2 0.661
中韩友好关系的恢复和发展符合历史潮流，是两国人民的共同愿望。
32 21 15 1 2 -0.02
青山遮不住，毕竟东流去。
32 24 17 1 2 0.616
既然1992年中韩两国能够由互不往来发展成为建交国，进而成为战略合作伙伴国关系，那么在“命运共同体”这种新的国际观指导下，中韩关系就更没有理由不朝着“共同发展”、“和平发展”的方向前进。
32 25 17 2 2 0.222
（吕超/辽宁社会科学院朝鲜韩国研究中心主任）
33 2 2 1 3 0.606
文在寅表示，有必要继续保持重视韩美关系的传统立场。
33 3 2 2 3 0.37
不过，也要采取平衡外交。
33 4 2 3 3 0.631
既重视韩美关系，也要与中国建立更加深厚的友谊。
33 5 3 1 2 0.634
文在寅说，中韩关系极其重要。
33 6 3 2 2 0.483
不仅与中国的经贸合作非常重要，在和平解决朝核问题方面，与中方的战略合作也变得愈加重要。
33 15 6 4 4 0.639
希望韩方把上述承诺落到实处，妥善处理相关问题，推动中韩关系早日重回平稳健康发展轨道。
33 14 6 3 4 0.323
中方一贯反对美国在韩国部署“萨德”系统。
33 16 7 1 2 0.748
据中国外交部10月31日消息，中韩双方日前就中韩关系进行沟通，双方商定通过两军渠道就“萨德”有关问题进行沟通，同意推动各个领域交流合作早日回到正常发展轨道。
33 17 7 2 2 -0.02
（编译/海外网刘强）
34 3 2 2 2 0.649
据预测，若康京和访华成行，双方将就中韩发布“有关双边关系的沟通结果”的后续措施、总统文在寅访华、遏制朝鲜新一轮挑衅及管控半岛局势等交换意见。
34 2 2 1 2 0.267
据韩联社11月2日报道，康京和将于8日至15日陪同总统文在寅访问印尼、越南和菲律宾三国，然后很可能于本月中下旬访问中国。
34 8 5 1 2 0.737
报道称，中韩两国10月31日表示，将努力修补双方之间的关系。
34 9 5 2 2 0.344
这场争执起始于2016年7月，当时韩国决定安装美国“萨德”反导系统，而中国则称此举破坏其国家安全。
34 13 7 2 2 0.659
上个月，首尔和北京续签了货币互换协议，两国国防部长举行了双边会谈。
34 12 7 1 2 0.494
报道称，然而，受到这一争端影响的一些韩国企业的股票最近反而上涨了，从而表明投资者开始押注两国之间的关系回暖。
36 4 2 1 2 0.726
10月31日，中韩两国外交部分别发布消息，双方就“萨德”等问题进行沟通，同意推动中韩各领域交流合作早日回到正常发展轨道。
36 5 2 2 2 0.495
早日跨过“萨德”这道坎，有助于中韩关系走出阴霾。
36 11 6 1 3 0.604
中韩两国一衣带水、文化交融、经济往来密切。
36 12 6 2 3 0.382
一年多来，因“萨德”问题，韩国企业和国民经济遭受重挫，民间交流遭受影响。
36 16 7 3 3 0.632
期待中韩关系早日重回平稳健康的发展轨道。
36 15 7 2 3 0.47
双方都希望保持半岛和平稳定，坚持通过对话协商解决问题，实现半岛无核化目标。
37 1 1 1 3 0.74
10月31日，中韩同步发布两国外交部门就双边关系、朝鲜半岛问题等进行沟通的情况。
37 2 1 2 3 0.713
韩方对此反应积极，认为两国将恢复高层交往以及各领域的交流合作，中韩关系有望早日回到正常发展轨道。
37 3 1 3 3 0.674
中方则强调，妥善处理“萨德”问题、扫除中韩关系发展障碍，是两国共同意愿，也符合双方共同利益。
37 4 2 1 5 0.625
事实上，中韩自1992年8月24日建交以来，两国友好合作关系在各个领域都取得快速发展。
37 5 2 2 5 0.633
政治上，两国领导人经常互访或在国际多边活动中会晤，增进了相互理解和信任，推动了两国关系的发展。
37 6 2 3 5 0.561
经济上，两国互利合作不断深化，互为重要的贸易伙伴。
37 10 3 2 3 0.637
经过双方多次深入交流，才取得当前的进展，让双边关系和民间交往看到曙光。
37 9 3 1 3 0.53
然而，自去年以来，中韩关系受到“萨德”问题严重影响。
37 11 3 3 3 0.512
如何相处不仅是中韩面临的问题，也是国际关系必须解决的难题。
37 13 4 2 2 0.64
中韩关系演变再次证明，新型国际关系所包涵的相互尊重、公平正义、合作共赢三重要义是国家间和谐共处、关系长远发展的基础。
37 12 4 1 2 0.555
中共十九大报告指出，中国特色大国外交要推动构建新型国际关系。
37 25 7 3 4 0.602
合作符合两国和两国人民的共同利益。
37 24 7 2 4 0.523
中韩互为近邻，将彼此视为重要合作伙伴。
37 26 7 4 4 0.595
中韩能克服重重困难进行沟通，直面问题，反映出两国间相互依存。
37 27 8 1 2 0.618
当前，中韩关系向好趋势来之不易，需要韩方将有关表态落到实处，与中方相向而行，共同推动和平国际环境和稳定国际秩序的建设。
37 28 8 2 2 0.232
（作者苏晓晖为中国国际问题研究院国际战略研究所副所长）
38 13 6 1 2 0.717
10月31日上午，中韩发布了双方就两国关系等进行沟通的消息稿。
38 14 6 2 2 0.702
中国外交部发言人华春莹当天表示，妥善处理“萨德”问题、扫除中韩关系发展障碍，是两国共同意愿，也符合双方共同利益。
38 15 7 1 2 0.762
关于中方对改善中韩关系有何期待，华春莹说，中韩关系的改善和发展符合双方共同利益，希望韩方将有关表态落到实处，与中方一道共同努力，推动双边关系早日回到正常发展轨道。
38 16 7 2 2 0.622
“一段时间以来，由于‘萨德’问题，中韩两国人民间的感情和关系受到了一定影响。我们希望双方妥处‘萨德’问题，推动两国在各领域的交流合作回到正常发展轨道，相信这对改善两国民意基础具有积极意义。”
39 4 3 1 1 0.774
据报道，南官杓表示，两国就举行元首会谈达成一致是落实中韩就双边关系沟通结果的第一步，标志着两国将尽早恢复各领域的交流与合作，推动中韩关系早日回到正常发展轨道。
39 13 8 4 4 0.68
中韩正加快为“萨德”矛盾画句号，考虑改善双边关系。
39 12 8 3 4 0.427
特别是外长亲口表示韩美日安全合作不会发展成三方军事同盟，这一点非常罕见。
39 17 11 1 1 0.628
报道称，在中韩商定在下月APEC领导人会议期间举行元首会谈的情况下，双方将就稳定管理半岛局势、以和平和外交手段解决朝核问题等合作方案深入交换意见。
40 1 1 1 1 0.639
参考消息网11月1日报道外媒称，中韩两国外交部31日同时在官网发布就双边关系的沟通结果，因“萨德”入韩引发的两国矛盾迎来破冰。
40 2 2 1 3 0.629
据韩联社10月31日报道，中韩两国外交部称，中韩双方日前通过韩国国家安保室第二次长南官杓同中国外交部部长助理孔铉佑之间的渠道等，就半岛问题等进行了外交部门间沟通。
40 3 2 2 3 0.812
双方表示高度重视中韩关系，愿根据双边共同文件的精神，推动中韩战略合作伙伴关系发展。
40 4 2 3 3 0.675
双方认为加强两国交流合作符合双方共同利益，同意推动各个领域交流合作早日回到正常发展轨道。
40 14 7 2 5 0.646
该协议消除了北京和首尔关系中的一个重大障碍。
40 13 7 1 5 0.404
报道称，这项协议是在中韩官员的低调协商后公布的。
40 15 7 3 5 0.227
中国一直强烈抗议美国在韩国部署“萨德”。
41 2 2 1 1 0.785
据韩联社10月31日报道，南官杓表示，两国就举行元首会谈达成一致是落实中韩就双边关系沟通结果的第一步，标志着两国将尽早恢复各领域的交流与合作，推动中韩关系早日回到正常发展轨道。
41 11 7 4 4 0.68
中韩正加快为“萨德”矛盾画句号，考虑改善双边关系。
41 10 7 3 4 0.427
特别是外长亲口表示韩美日安全合作不会发展成三方军事同盟，这一点非常罕见。
41 15 10 1 1 0.628
报道称，在中韩商定在下月APEC领导人会议期间举行元首会谈的情况下，双方将就稳定管理半岛局势、以和平和外交手段解决朝核问题等合作方案深入交换意见。
41 16 11 1 2 0.647
韩国外交部发言人鲁圭德31日在首尔的例行记者会上就韩中当天公布有关双边关系的沟通结果表示，这是双方为反映各自立场和关切尽最大努力的结果。
41 17 11 2 2 0.171
（韩联社）
42 3 2 1 3 0.604
中国外交部网站10月31日消息称，中韩双方日前通过中国外交部部长助理孔铉佑同韩国国家安保室第二次长南官杓之间的渠道等，就半岛问题等进行了外交部门间沟通。
42 4 2 2 3 0.46
双方再次确认实现半岛无核化、和平解决朝核问题的原则，重申继续通过一切外交手段推动解决朝核问题。
42 9 4 1 4 0.629
韩国近期围绕“萨德”及其安全问题向中国发出积极信号，希望中韩关系能平稳回暖。
42 10 4 2 4 0.474
吉林大学行政学院国际政治系教授郭锐认为，虽然韩国态度和行动都较以往更加积极，但半岛局势、美国对韩国的压力等都会影响到未来中韩关系的发展。
42 11 4 3 4 0.625
郭锐称，中韩关系依然有诸多不确定性。
42 12 4 4 4 0.28
韩方所释放的信号需要被谨慎看待。
42 14 5 2 8 0.636
旅美经济学博士金钟评论称，朴槿惠在任期间和中国签订了双边贸易投资协议，加强经济联系。
42 13 5 1 8 0.46
韩国一直都在中美两国之间“两头押宝”。
42 15 5 3 8 0.349
但是政治上却和美日靠近，开始部署萨德。
42 26 6 6 8 0.641
因此，文在寅政府希望通过改善中韩关系促进韩国经济的发展。
42 25 6 5 8 0.152
另据韩国进出口银行数据，今年上半年韩国对中国投资额较去年同期减少31%。
42 27 6 7 8 0.167
郭锐同时指出，文在寅需要为下一届的总统选举做打算。
42 29 7 1 2 0.608
中国从地区安全和稳定的角度推动中韩战略合作伙伴关系发展，但韩国更多的去考量自身利益，最终造成地区军备竞赛并进一步加剧半岛局势紧张。
42 30 7 2 2 0.543
郭锐指出，如果韩国依然只从自身安全角度去考量地区局势，那么中韩关系难以进入良性循环。
42 32 8 2 4 0.644
韩国政府应该意识到良好的中韩关系有利于东北亚局势的改善，“不清不楚”的中韩关系必定有损韩国的国家利益。
42 31 8 1 4 0.302
韩国态度正朝着积极的方向发展，这一姿态值得肯定。
42 33 8 3 4 0.603
中韩各个领域交流合作能否早日回到正常发展轨道还需看文在寅政府的努力。
42 34 8 4 4 -0.016
（综编/海外网戴尚昀）
43 2 1 2 5 0.616
日前，两国就朝鲜半岛问题进行了外交部门间沟通。
43 1 1 1 5 0.471
近一年多来，中韩关系围绕“萨德”问题面临困难。
43 3 1 3 5 0.429
韩方认识到中方在“萨德”问题上的立场和关切，明确表示在韩国部署的“萨德”系统按照其本来的部署目的，不损害中方战略安全利益。
43 7 2 2 2 0.65
尤其是，每当回顾中韩建交以来双边关系取得的长足进展，两国友好人士都深感遗憾。
43 6 2 1 2 0.561
应当看到，“萨德”问题是中韩关系的一个痛点。
43 8 3 1 5 0.702
中韩两国1992年8月建交以来，两国友好合作关系呈现出政治、经济、人文齐头并进的局面。
43 9 3 2 5 0.657
政治上，两国建立了战略合作伙伴关系，在地区及国际事务中保持密切协调与合作。
43 10 3 3 5 0.287
经济上，中国是韩国最大贸易伙伴、最大出口市场和进口来源国，韩国是中国第三大贸易伙伴国。
43 12 3 5 5 0.641
中韩关系跨越式发展给两国和两国人民带来巨大福祉，也为地区和平稳定繁荣作出了重要贡献。
43 11 3 4 5 0.217
人文上，“汉风”“韩风”劲吹两国，两国在对方国家留学生人数均居对方国家留学生人数之首。
43 15 4 3 3 0.632
“萨德”问题成为影响中韩关系发展的实质性障碍。
43 14 4 2 3 0.387
这一极具争议的举动，在韩国国内引发反对声浪，中韩关系也因此陷入低谷。
43 16 5 1 6 0.62
妥善处理“萨德”问题，才可能使中韩关系回到正常发展轨道。
43 17 5 2 6 0.334
近来，一些积极迹象有所呈现。
43 19 5 4 6 0.814
在两国外交部门的沟通中，双方均高度重视双边关系，愿根据双边共同文件的精神，推动中韩战略合作伙伴关系发展。
43 18 5 3 6 0.551
文在寅当选韩国总统后，对华态度友好积极，重视中方利益关系，表现出妥善处理“萨德”问题的积极意愿。
43 20 5 5 6 0.467
韩方再次表明：韩国不加入美国反导体系的现有立场没有变化；韩美日安全合作不会发展成为三方军事同盟；韩国政府未考虑追加部署“萨德”系统。
43 30 6 9 9 0.603
中韩双方妥善处理“萨德”问题，能为双方加强在半岛等问题上的沟通合作提供契机。
43 29 6 8 9 0.44
中方期待韩方在本地区维护和平、促进发展方面发挥更加负责任的作用。
43 32 7 2 4 0.607
中韩双方决定将继续通过两军渠道就此进行沟通，中国将继续坚定维护国家战略安全利益。
43 31 7 1 4 0.398
历史和现实的多重因素相互交缠，又事关地缘政治和地区安全格局，导致根本解决“萨德”问题需要一个复杂过程。
43 33 7 3 4 0.301
中国决不会以牺牲别国利益为代价来发展自己，也决不放弃自己的正当权益。
44 1 1 1 1 0.763
10月31日上午，中韩双方同时发布消息，介绍两国外交部门之间就中韩关系进行沟通的情况，阐述了双方在“萨德”等问题上的立场，同意推动各领域交流合作早日回到正常发展轨道。
44 9 5 2 2 0.646
希望韩方说到做到，使两国关系早日重回平稳健康的发展轨道。
44 8 5 1 2 0.53
中韩关系的“钥匙”依旧在韩方手中。
45 12 6 1 2 0.812
双方表示高度重视中韩关系，愿根据双边共同文件的精神，推动中韩战略合作伙伴关系发展。
45 13 6 2 2 0.675
双方认为，加强两国交流合作符合双方共同利益，同意推动各个领域交流合作早日回到正常发展轨道。
46 1 1 1 2 0.604
参考消息网11月1日报道韩媒称，中韩两国外交部10月31日同时在官网发布双边关系沟通结果，两国长达一年三个月之久的“萨德”矛盾终于找到突破口。
46 2 1 2 2 0.551
从韩国决定部署“萨德”至今，两国关系确实经历了一番坎坷与曲折。
46 11 7 1 1 0.68
报道称，时至今日，中韩两国同时公布双边关系沟通结果，终于走出阴霾迎来曙光。
47 10 7 1 2 0.734
韩联社称，中韩两国外交部31日同时在官网发布就双边关系的沟通结果。
47 11 7 2 2 0.675
双方认为加强两国交流合作符合双方共同利益，同意推动各个领域交流合作早日回到正常发展轨道。
47 16 12 1 1 0.604
她同时强调：希望韩方把上述承诺落到实处，妥善处理相关问题，推动中韩关系早日重回平稳健康发展轨道。
47 28 21 1 1 0.778
“双方表示高度重视中韩关系，愿根据双边共同文件的精神，推动中韩战略合作伙伴关系发展。双方认为加强两国交流合作符合双方共同利益，同意推动各个领域交流合作早日回到正常发展轨道。”
48 7 3 1 2 0.701
妥处“萨德”问题、扫除中韩关系发展障碍，是两国共同意愿，也符合双方共同利益。
48 8 3 2 2 0.777
希望中韩双方共同努力，推动双边关系早日回到正常发展轨道。
48 9 4 1 4 0.71
答：今天上午，中韩发布了双方就两国关系等进行沟通的消息稿。
48 10 4 2 4 0.026
相信你已经注意到并且仔细阅读了。
48 11 4 3 4 0.668
我想说的是，妥处“萨德”问题、扫除中韩关系发展障碍，是两国共同意愿，也符合双方共同利益。
48 12 4 4 4 0.565
双方日前通过中国外交部部长助理孔铉佑同韩国国家安保室第二次长南官杓之间的渠道等，就有关问题等进行了外交部门间沟通，并达成了共识。
48 13 5 1 1 0.704
如果说有何期待，我刚才回答记者提问时已经提到，中韩关系的改善和发展符合双方共同利益，希望韩方将有关表态落到实处，与中方一道共同努力，推动双边关系早日回到正常发展轨道。
48 15 6 2 2 0.612
我们希望双方妥处“萨德”问题，推动两国在各领域的交流合作回到正常发展轨道，相信这对改善两国民意基础具有积极意义。
48 14 6 1 2 0.525
答：大家都看到，一段时间以来，由于“萨德”问题，中韩两国人民间的感情和关系受到了一定影响。
48 16 7 1 2 0.72
问：今天上午发布的中韩双方就中韩关系等进行沟通的消息稿中提到，中韩双方同意推动各个领域交流合作早日回到正常发展轨道。
48 17 7 2 2 0.173
请问下一步会有哪些措施来落实？
48 18 8 1 2 0.737
答：中韩双方推动双边关系早日回到正常发展轨道，推动各领域合作回到正常轨道，符合双方共同的愿望，也符合双方共同的利益。
48 19 8 2 2 0.554
我们希望韩方能够将有关表态落到实处，为推动双方在各领域交流合作创造良好的条件。
49 4 2 1 2 0.701
妥处“萨德”问题、扫除中韩关系发展障碍，是两国共同意愿，也符合双方共同利益。
49 5 2 2 2 0.777
希望中韩双方共同努力，推动双边关系早日回到正常发展轨道。
49 6 3 1 4 0.71
答：今天上午，中韩发布了双方就两国关系等进行沟通的消息稿。
49 7 3 2 4 0.026
相信你已经注意到并且仔细阅读了。
49 8 3 3 4 0.668
我想说的是，妥处“萨德”问题、扫除中韩关系发展障碍，是两国共同意愿，也符合双方共同利益。
49 9 3 4 4 0.565
双方日前通过中国外交部部长助理孔铉佑同韩国国家安保室第二次长南官杓之间的渠道等，就有关问题等进行了外交部门间沟通，并达成了共识。
49 10 4 1 1 0.704
如果说有何期待，我刚才回答记者提问时已经提到，中韩关系的改善和发展符合双方共同利益，希望韩方将有关表态落到实处，与中方一道共同努力，推动双边关系早日回到正常发展轨道。
49 12 5 2 2 0.612
我们希望双方妥处“萨德”问题，推动两国在各领域的交流合作回到正常发展轨道，相信这对改善两国民意基础具有积极意义。
49 11 5 1 2 0.525
答：大家都看到，一段时间以来，由于“萨德”问题，中韩两国人民间的感情和关系受到了一定影响。
49 13 6 1 4 0.637
答：中方一向主张国与国之间应在相互尊重、平等互利基础上发展关系。
49 14 6 2 4 0.339
我们反对并且长期以来也一直呼吁国际社会全面解除对古巴的制裁。
49 16 6 4 4 0.63
我们也希望美古之间在相互尊重基础上发展双方关系。
49 15 6 3 4 0.309
中方将继续坚持这一立场。
49 30 15 1 2 0.72
问：今天上午发布的中韩双方就中韩关系等进行沟通的消息稿中提到，中韩双方同意推动各个领域交流合作早日回到正常发展轨道。
49 31 15 2 2 0.173
请问下一步会有哪些措施来落实？
49 32 16 1 2 0.737
答：中韩双方推动双边关系早日回到正常发展轨道，推动各领域合作回到正常轨道，符合双方共同的愿望，也符合双方共同的利益。
49 33 16 2 2 0.554
我们希望韩方能够将有关表态落到实处，为推动双方在各领域交流合作创造良好的条件。
50 1 1 1 1 0.762
31日上午，中韩双方同时发布消息，介绍两国外交部门之间就中韩关系进行沟通的情况，阐述了双方在“萨德”等问题上的立场，同意推动各领域交流合作早日回到正常发展轨道。
50 6 3 1 3 0.705
中韩互为近邻和重要合作伙伴，发展两国友好关系、促进双方合作交流，符合两国和两国人民共同利益。
50 7 3 2 3 0.394
今年5月韩国新政府执政以来，对华态度友好积极，韩国总统、外长、驻华大使纷纷就“萨德”问题发声，展现积极姿态。
50 9 4 1 4 0.631
一方面，加强两国交流合作符合中韩的共同利益。
50 10 4 2 4 0.557
相信随着有关敏感问题的妥善处理和两国民众感情的逐步改善，中韩之间的务实交流合作将有序恢复，并取得新的发展。
50 18 7 2 2 0.646
希望韩方说到做到，使两国关系早日重回平稳健康的发展轨道。
50 17 7 1 2 0.547
如今，改善和发展中韩关系的“钥匙”依旧在韩方手中。
51 1 1 1 1 0.774
新华社北京10月31日电（记者闫子敏）外交部发言人华春莹31日针对中韩双方就中韩关系等进行沟通一事表示，妥处“萨德”问题、扫除中韩关系发展障碍，符合双方共同利益，希望中韩共同努力，推动双边关系早日回到正常发展轨道。
51 5 3 1 2 0.693
华春莹说，妥处“萨德”问题、扫除中韩关系发展障碍，是两国共同意愿，也符合双方共同利益。
51 6 3 2 2 0.777
希望中韩双方共同努力，推动双边关系早日回到正常发展轨道。
52 1 1 1 2 0.627
对于中韩双方日前就“萨德”、朝核等热点问题进行沟通一事，中国国际问题研究院国际战略研究所副所长苏晓晖在接受央视记者专访时表示，这是中韩双方释放希望双边关系向好发展的积极信号。
52 2 1 2 2 0.626
而针对双方关系中的杂音，中韩也将继续展开沟通，妥善管控分歧。
52 3 2 1 1 0.797
中韩双方就中韩关系进行外交部门间沟通，释放愿推动中韩战略合作伙伴关系发展的信号。
52 4 3 1 3 0.726
苏晓晖表示，此次沟通展示了中韩双方对发展双边关系的重视。
52 5 3 2 3 0.613
韩国方面看到“萨德”问题确实影响了中韩双边关系的发展，同时“萨德”问题也是中方的重要关切。
52 6 3 3 3 0.356
认识到这一问题的严重性后，韩国必然要进行某种程度的调整。
52 16 7 1 2 0.607
苏晓晖认为，从目前来看，中韩双方已经确定了目标，就是要继续保持双边关系向好发展。
52 17 7 2 2 0.367
在这样一个意愿的基础上，双方也将就一系列问题进行沟通。
53 5 3 1 2 0.693
华春莹说，妥处“萨德”问题、扫除中韩关系发展障碍，是两国共同意愿，也符合双方共同利益。
53 6 3 2 2 0.777
希望中韩双方共同努力，推动双边关系早日回到正常发展轨道。
54 2 2 1 3 0.752
中韩两国外交部31日同时在官网发布就双边关系的沟通结果。
54 3 2 2 3 0.835
两国外交部表示，中韩两国高度重视双边关系，愿根据双边共同文件的精神，推动中韩战略合作伙伴关系发展。
54 4 2 3 3 0.675
双方认为加强两国交流合作符合双方共同利益，同意推动各个领域交流合作早日回到正常发展轨道。
55 1 1 1 2 0.691
海外网10月31日电“双方认为加强两国交流合作符合双方共同利益，同意推动各个领域交流合作早日回到正常发展轨道。”跟据中国外交部31日消息，这是中国外交部部长助理孔铉佑同韩国国家安保室第二次长南官杓进行外交部门间沟通后作出的表态。
55 2 1 2 2 0.275
当天，韩国各大媒体对此纷纷报道，引发韩国社会高度关注。
55 3 2 1 4 0.658
韩联社称，中韩两国同时公布双边关系沟通结果，意味着两国“走出‘萨德’阴霾迎来曙光。”报道称，从韩国决定部署“萨德”至今，两国关系经历了一番坎坷与曲折。
55 4 2 2 4 0.24
现在，两国长达1年3个月之久的“萨德”矛盾终于找到突破口。
55 15 5 3 3 0.704
中韩关系陷入寒冬。
55 14 5 2 3 0.32
对此，中方表示强烈反对；今年4月26日凌晨，“萨德”系统组件运往星州高尔夫球场进行部署，中韩关系再度降温；7月29日，文在寅下令与美方商讨剩余“萨德”发射车部署事宜；9月7日，驻韩美军把4辆“萨德”发射车运入星州基地。
55 25 9 4 5 0.639
希望韩方把上述承诺落到实处，妥善处理相关问题，推动中韩关系早日重回平稳健康发展轨道。
55 24 9 3 5 0.323
中方一贯反对美国在韩国部署“萨德”系统。
55 26 9 5 5 -0.02
（编译/海外网刘强）
56 1 1 1 1 0.655
参考消息网10月31日报道外媒称，中韩两国外交部当日同时在官网发布就双边关系的沟通结果，因“萨德”入韩引发的两国矛盾迎来“破冰”。
56 3 2 2 3 0.812
双方表示高度重视中韩关系，愿根据双边共同文件的精神，推动中韩战略合作伙伴关系发展。
56 2 2 1 3 0.561
据韩联社、路透社等媒体10月31日报道，中国外交部网站新闻稿称，中韩双方日前通过中国外交部部长助理孔铉佑同韩国国家安保室第二次长南官杓之间的渠道等，就朝鲜半岛问题等进行了外交部门间沟通。
56 4 2 3 3 0.675
双方认为加强两国交流合作符合双方共同利益，同意推动各个领域交流合作早日回到正常发展轨道。
57 1 1 1 1 0.602
据外交部31日消息，中韩双方日前通过中国外交部部长助理孔铉佑同韩国国家安保室第二次长南官杓之间的渠道等，就朝鲜半岛问题等进行了外交部门间沟通。
57 10 5 1 2 0.812
双方表示高度重视中韩关系，愿根据双边共同文件的精神，推动中韩战略合作伙伴关系发展。
57 11 5 2 2 0.675
双方认为加强两国交流合作符合双方共同利益，同意推动各个领域交流合作早日回到正常发展轨道。
58 1 1 1 1 0.602
据外交部31日消息，中韩双方日前通过中国外交部部长助理孔铉佑同韩国国家安保室第二次长南官杓之间的渠道等，就朝鲜半岛问题等进行了外交部门间沟通。
58 10 5 1 2 0.812
双方表示高度重视中韩关系，愿根据双边共同文件的精神，推动中韩战略合作伙伴关系发展。
58 11 5 2 2 0.675
双方认为加强两国交流合作符合双方共同利益，同意推动各个领域交流合作早日回到正常发展轨道。
58 14 7 2 2 0.639
希望韩方把上述承诺落到实处，妥善处理相关问题，推动中韩关系早日重回平稳健康发展轨道。
58 13 7 1 2 0.383
中国外交部发言人华春莹30日在例行记者会上表示，中方重视韩方这三方面的表态。
59 11 6 1 2 0.812
双方表示高度重视中韩关系，愿根据双边共同文件的精神，推动中韩战略合作伙伴关系发展。
59 12 6 2 2 0.675
双方认为加强两国交流合作符合双方共同利益，同意推动各个领域交流合作早日回到正常发展轨道。
60 10 5 1 2 0.812
双方表示高度重视中韩关系，愿根据双边共同文件的精神，推动中韩战略合作伙伴关系发展。
60 11 5 2 2 0.675
双方认为加强两国交流合作符合双方共同利益，同意推动各个领域交流合作早日回到正常发展轨道。
61 6 3 3 3 0.639
希望韩方把上述承诺落到实处，妥善处理相关问题，推动中韩关系早日重回平稳健康发展轨道。
61 5 3 2 3 0.323
中方一贯反对美国在韩国部署“萨德”系统。
62 10 5 1 2 0.812
双方表示高度重视中韩关系，愿根据双边共同文件的精神，推动中韩战略合作伙伴关系发展。
62 11 5 2 2 0.675
双方认为加强两国交流合作符合双方共同利益，同意推动各个领域交流合作早日回到正常发展轨道。
63 12 8 2 2 0.63
为推动两国关系面向未来发展，近期有望就此发布消息。
63 11 8 1 2 0.524
康京和在回答议员提问时说，韩国新政府上台后，中韩两国元首于7月举行会谈，之后双方进行各级别沟通，为解决当前困难持续付出努力。
63 20 14 1 2 0.604
据悉，双方力争在元首会谈前妥善解决两国关系的最大绊脚石——“萨德”问题，再在元首会谈上重点讨论共建面向未来的伙伴关系。
63 21 14 2 2 0.461
因此，若能妥善解决“萨德”问题，两国很可能在元首会谈中不再提“萨德”。
63 26 17 3 4 0.618
王毅指出，相信卢英敏就任后两国关系能取得进展，期待日后再次会晤。
63 25 17 2 4 0.444
王毅对卢英敏就任驻华大使表示欢迎，并高度评价卢英敏有关两国友好的观点。
63 27 17 4 4 0.271
王毅与卢英敏短暂会晤后，还参观了参加义卖活动的三个韩企展区。
63 28 18 1 3 0.634
近期，种种迹象表明中韩关系回暖。
63 29 18 2 3 0.088
中国河北省一家旅行社在网上刊登招募韩国随团游客的广告。
63 40 21 1 1 0.72
之前，中国外交部发言人耿爽在26日召开的例行记者会上表示：“我们愿同韩方共同努力，克服目前两国关系发展中面临的一些障碍，推动两国关系健康稳定向前发展。”这表明了改善两国关系的意图。
63 49 26 3 6 0.653
两国关系破冰的迹象在多方出现。
63 48 26 2 6 0.098
27日在北京举行的开天节活动上，中国派遣了副部长级官员参加，与去年派遣副司长级官员参加该活动的做法形成了鲜明对比。
63 50 26 4 6 0.542
10月13日两国延长货币互换协议后，24日又在菲律宾成功举行中韩防长会谈。
63 66 34 1 1 0.65
据悉，在中韩两国推进元首会谈的过程中，正就包括“萨德”问题在内的两国关系正常化进行磋商。
64 10 5 1 2 0.812
双方表示高度重视中韩关系，愿根据双边共同文件的精神，推动中韩战略合作伙伴关系发展。
64 11 5 2 2 0.675
双方认为加强两国交流合作符合双方共同利益，同意推动各个领域交流合作早日回到正常发展轨道。
65 3 2 1 4 0.633
自“萨德”问题搅乱中韩关系之后，两国外交部门的这种呼应相当罕见。
65 4 2 2 4 0.485
当天，康京和还证实了韩中进行沟通的传言，并称近期有望就此发布相关消息。
65 16 6 1 4 0.615
韩联社30日的报道称，虽然现在还没有具体实际成果，但各地方希望借韩中元首会谈实现韩中关系破冰的氛围十分浓厚。
65 17 6 2 4 0.123
据京畿道地方政府介绍，最近中国山东省的14名公务员抵达京畿道人才开发院进行研修，而上次出现类似情况已经是“许久以前”。
65 20 7 1 2 0.687
“韩中关系会否迎来大变化？能否解决绊脚石备受瞩目”，韩国News1网站30日的报道称，因“萨德”问题而产生矛盾的韩中两国，最近正在为改善双边关系而开始磋商，如果韩中能就元首会谈达成一致，那么两国关系改善的可能性大增。
65 21 7 2 2 0.667
最近两国高层人士开始接触，实际也反映了韩中关系氛围的某种变化。
68 5 2 3 3 0.639
希望韩方把上述承诺落到实处，妥善处理相关问题，推动中韩关系早日重回平稳健康发展轨道。
68 4 2 2 3 0.323
中方一贯反对美国在韩国部署“萨德”系统。
69 4 3 2 2 0.639
希望韩方把上述承诺落到实处，妥善处理相关问题，推动中韩关系早日重回平稳健康发展轨道。
69 3 3 1 2 0.35
华春莹在30日的外交部例行记者会上说，中方一贯反对美国在韩国部署"萨德"系统。
70 6 3 2 2 0.639
希望韩方把上述承诺落到实处，妥善处理相关问题，推动中韩关系早日重回平稳健康发展轨道。
70 5 3 1 2 0.355
“我们重视韩方这三方面的表态。”华春莹表示，中方一贯反对美国在韩国部署“萨德”系统。
72 15 4 4 4 0.766
我们希望中韩双方共同努力，推动双边关系早日回到健康稳定发展的轨道。
72 14 4 3 4 0.427
中国外交部发言人耿爽27日在例行记者会上表示，关于中韩元首会面，目前没有要发布的消息。
72 21 6 2 4 0.631
社评称，韩中两国关系已走到低谷，若任其继续恶化下去，对两国都不利。
72 20 6 1 4 0.359
而与《朝鲜日报》《中央日报》并称韩国三大报媒的《东亚日报》27日社评的标题是“韩中关系改善，是时候为两国利益找叠合点了”。
72 22 6 3 4 0.342
但如果韩国单方面表达“歉意”，这不符合互惠平等的外交原则。
72 24 7 1 4 0.612
吕超27日表示，韩国正想办法促成文在寅访华，中国也希望两国关系健康发展。
72 25 7 2 4 0.482
但“萨德”是横在中韩之间最关键的问题，若不解决这一问题，即使文在寅访华也不会对中韩关系有实质性促进。
79 5 5 1 1 0.728
分析人士说，中国同意延长中韩货币互换协议，表明两国经济关系回暖。
79 11 10 1 1 0.707
分析认为，在韩中两国围绕“萨德”入韩矛盾升级的背景下，双方续签货币互换协议具有加强双边经济合作的象征性意义。
79 12 11 1 2 0.7
韩联社10月13日还报道称，韩中两国就续签560亿美元货币互换协议达成协议后，韩国政府表示希望在其他领域也能尽早搞活韩中交流合作关系。
79 13 11 2 2 0.388
韩国外交部发言人13日在例行记者会上被问及韩元人民币互换协议延长三年如何影响“萨德”、朝核等问题时作出上述回答。
82 1 1 1 3 0.646
[环球网综合报道]中韩货币互换协议于10日午夜到期，在两国关系紧张时期，该协议能否续签引发关注。
82 2 1 2 3 0.494
据韩联社报道，韩国银行（央行）11日表示，韩中货币互换协议期满后续签谈判未果。
85 6 4 1 2 0.61
国民之党党首安哲秀敦促积极落实韩中货币互换协议续签一事，称能否续签将成为恢复韩中关系的试金石。
85 7 4 2 2 0.53
文在寅就此表示，虽然很难在双方正式公布前下定论，但对货币互换协议的续签是两国关系得到改善的信号表示认同。
86 1 1 1 1 0.635
[环球网报道记者李婷婷]据韩联社9月25日报道，在中韩关系因“萨德”入韩陷入僵局的情况下，2018年平昌冬奥会能否为两国关系带来转机受到关注。
86 3 2 2 2 0.624
据观测，若中方届时能访韩并会晤文在寅，双方有可能为缓和中韩关系进行磋商并作出重要决定。
86 2 2 1 2 0.29
报道称，韩国总统文在寅7月访德时曾邀请中方在平昌冬奥会期间访问韩国。
86 8 4 3 3 0.631
乐天方面期待平昌冬奥会成为缓和两国关系的转折点。
86 7 4 2 3 0.253
乐天玛特撤出中国市场，乐天旗下其他子公司在华经营也全面受阻。
93 4 3 1 3 0.605
近年来，中韩经贸关系发展总体是平稳的，但是，中韩合作与交流也是需要民意基础的。
93 5 3 2 3 0.551
韩方部署“萨德”反导系统的举措，严重损害中国的战略安全利益，伤害了中国人民的友好感情，必然会对两国经贸领域合作的健康发展造成不利影响。
93 6 3 3 3 0.616
希望韩方尊重中方重大利益和正当关切，妥善处理有关问题，为两国经贸合作健康稳定发展创造良好的气氛和环境。
95 1 1 1 2 0.605
因为“萨德”部署风波，中韩间的紧张关系不可避免地影响到了两国贸易。
95 2 1 2 2 0.19
不过，这种影响很可能只是单方面的。
