3
3 15 7 1 3 0.348
鉴于韩方态度的朝暮不一，我们对中韩关系改善的前景比前些日子更悲观了。
3 16 7 2 3 0.631
尽管文在寅总统不久之后就将访华，但是两国关系今后的波折恐难避免。
3 17 7 3 3 0.301
我们在此提醒中韩两国的企业，不要对两国合作恢复的速度估计过高，以免遭遇新的寒流时蒙受损失。
1
4 3 2 1 1 0.637
11月22日，康京和曾到访中国，并与中国外交部长王毅举行会晤，商讨韩国总统文在寅访华相关事宜及“萨德”等半岛热点问题。
2
12 43 24 1 2 0.725
最终，6月18日，文在寅不顾国会的意见，依法任命康京和为韩国外长。
12 44 24 2 2 0.386
康京和火线履职，成为韩国首位女性外长。
2
12 58 34 1 2 0.272
这一举动被韩媒视为韩在“萨德”问题上口气变软，中韩关系出现回暖迹象。
12 59 34 2 2 0.709
而这一次康京和访华，也被韩媒视作为文在寅12月访华打前站。
2
15 2 1 2 3 0.363
围绕“萨德”出现对立的中韩两国在10月底刚刚就修复双边关系达成一致。
15 3 1 3 3 0.688
在韩国总统文在寅12月访华之前，两国外长就加紧改善双边关系达成共识。
2
15 13 5 3 4 0.39
文在寅提醒美国政府：“不能在未征求韩国同意之前采取军事行动”。
15 14 5 4 4 0.671
报道称，最近，文在寅政府明显十分在意中国。
2
29 3 2 1 2 0.62
问：据中国媒体报道，昨天李克强总理会见韩国总统文在寅时表示，中韩日前就阶段性处理“萨德”问题达成一些共识。
29 4 2 2 2 -0.023
请介绍“阶段性处理”的内涵及具体内容。
2
31 11 7 1 2 0.62
问：据中国媒体报道，昨天李克强总理会见韩国总统文在寅时表示，中韩日前就阶段性处理“萨德”问题达成一些共识。
31 12 7 2 2 -0.023
请介绍“阶段性处理”的内涵及具体内容。
2
36 6 3 1 2 0.337
自去年7月朴槿惠政府宣布部署“萨德”反导系统以来，中韩关系跌入冰点。
36 7 3 2 2 0.65
文在寅今年5月就任韩国总统以来表示，希望尽快妥处“萨德”问题，推动中韩关系转圜。
1
39 9 7 1 1 0.665
韩国外长康京和30日在国会表示，“我们正寻求在APEC领导人会议期间推动中韩领导人会谈”，并“努力促成文在寅总统年内访华”。
1
41 7 6 1 1 0.665
韩国外长康京和30日在国会表示，“我们正寻求在APEC领导人会议期间推动中韩领导人会谈”，并“努力促成文在寅总统年内访华”。
2
42 1 1 1 2 0.741
2017年7月6日，国家主席习近平在柏林会见韩国总统文在寅。
42 2 1 2 2 0.084
（图源：新华网）
2
46 6 4 1 2 0.65
报道称，文在寅就任总统后，各界期待中韩关系有望迎来转机，因为文在寅在竞选时一直对“萨德”入韩采取谨慎态度。
46 7 4 2 2 0.443
韩国新政府成立后不久，文在寅指示细查四辆“萨德”发射车入境的全过程，6月底，文在寅还决定对“萨德”全部用地实施环评，并把最终部署“萨德”系统的时期推迟至2018年以后。
1
63 14 10 1 1 0.714
就总统文在寅何时访华的提问，康京和表示，今年7月中韩元首在二十国集团（G20）峰会期间会晤并商定文在寅在方便的时候访华，双方正在据此协调访问日程。
2
72 10 3 4 5 0.297
不过，青瓦台却认为使用“歉意”一词欠妥，等于承认不顾民众反对执意部署“萨德”的决定是错误的。
72 11 3 5 5 0.711
报道称，韩国政府向中国作出上述表态的时期，很可能是下月文在寅总统出访东南亚之前，青瓦台希望借此让韩中首脑在APEC峰会期间举行会晤，进而促成文在寅总统年内访华。
2
84 2 2 1 3 0.613
14日，文在寅在青瓦台接受了美国有线电视新闻网（CNN）的专访，青瓦台28日公开了部分采访内容。
84 3 2 2 3 0.568
文在寅在采访中表示，中韩合作在解决朝核问题上十分紧要，韩方将付诸更多的努力。
2
84 5 3 1 2 0.723
据报道，朝鲜战争期间，文在寅的父母为躲避战乱从朝鲜南下，文在寅出生在韩国一个难民收容所里。
84 6 3 2 2 0.469
文在寅表示，正因为此所以更愿促进朝韩关系的发展实现共同繁荣，最终实现统一。
2
86 2 2 1 2 0.712
报道称，韩国总统文在寅7月访德时曾邀请中方在平昌冬奥会期间访问韩国。
86 3 2 2 2 0.559
据观测，若中方届时能访韩并会晤文在寅，双方有可能为缓和中韩关系进行磋商并作出重要决定。
2
98 11 6 1 2 0.359
在一个多月后的4月26日，驻韩美军将引进的装备运至星州高尔夫球场，计划在韩国新政府上台前迅速完成“萨德”部署，在野党方面甚至批判称这种行为与“钉子户”无异。
98 12 6 2 2 0.632
当时最有力的候选人、韩国现任总统文在寅也对部署“萨德”一事持否定态度。
