3
10 2 2 1 3 0.35
问：昨日，中韩两国外长举行会谈。
10 3 2 2 3 0.634
双方就两国关系、文在寅总统访华以及半岛核问题进行了讨论。
10 4 2 3 3 0.256
中方能否介绍此次会谈取得了哪些成果？
3
11 3 2 1 3 0.302
问：昨日（22日），中韩两国外长举行会谈。
11 4 2 2 3 0.634
双方就两国关系、文在寅总统访华以及半岛核问题进行了讨论。
11 5 2 3 3 0.256
中方能否介绍此次会谈取得了哪些成果？
3
36 1 1 1 3 0.535
参考消息网11月2日报道据外交部31日消息，中韩双方日前通过中国外交部部长助理孔铉佑同韩国国家安保室第二次长南官杓之间的渠道等，就朝鲜半岛问题等进行了外交部门间沟通。
36 2 1 2 3 0.606
双方再次确认实现朝鲜半岛无核化、和平解决朝核问题的原则，重申继续通过一切外交手段推动解决朝核问题。
36 3 1 3 3 0.261
双方表示为此进一步加强战略沟通和合作。
2
37 1 1 1 3 0.613
10月31日，中韩同步发布两国外交部门就双边关系、朝鲜半岛问题等进行沟通的情况。
37 2 1 2 3 0.327
韩方对此反应积极，认为两国将恢复高层交往以及各领域的交流合作，中韩关系有望早日回到正常发展轨道。
1
39 16 10 1 1 0.643
另据报道，朝核六方会谈韩方团长、韩国外交部朝鲜半岛和平交涉本部长李度勋当天下午启程前往北京，将同中方团长、中国外交部朝鲜半岛事务特别代表孔铉佑会晤。
1
41 14 9 1 1 0.639
另据韩联社报道，朝核六方会谈韩方团长、韩国外交部朝鲜半岛和平交涉本部长李度勋当天下午启程前往北京，将同中方团长、中国外交部朝鲜半岛事务特别代表孔铉佑会晤。
3
43 1 1 1 5 0.305
近一年多来，中韩关系围绕“萨德”问题面临困难。
43 2 1 2 5 0.641
日前，两国就朝鲜半岛问题进行了外交部门间沟通。
43 3 1 3 5 0.344
韩方认识到中方在“萨德”问题上的立场和关切，明确表示在韩国部署的“萨德”系统按照其本来的部署目的，不损害中方战略安全利益。
3
43 27 6 6 9 0.331
中方一贯坚持以对话解决争端、以协商化解分歧，统筹应对传统和非传统安全威胁。
43 28 6 7 9 0.743
尤其是在朝鲜半岛问题上，中韩拥有共同利益，均主张实现朝鲜半岛无核化、和平解决朝核问题。
43 29 6 8 9 0.341
中方期待韩方在本地区维护和平、促进发展方面发挥更加负责任的作用。
2
44 4 3 1 2 0.676
中韩在朝鲜半岛问题上有着共同利益，都主张推动半岛无核化，维护半岛和平稳定，坚持通过对话协商解决问题。
44 5 3 2 2 0.456
妥善处理“萨德”问题，将为双方加强在半岛问题上的战略沟通和合作提供契机。
2
45 1 1 1 2 0.207
本报北京10月31日电（中国青年报·中青在线记者陈小茹）10月31日上午，中国外交部部长助理孔铉佑与韩国国家安保室第二次长南官杓，在北京举行了会谈。
45 2 1 2 2 0.632
双方就朝鲜半岛问题等进行了外交部门间沟通。
2
45 4 3 1 2 0.615
根据中国外交部发布的消息，中韩双方再次确认实现朝鲜半岛无核化、和平解决朝核问题的原则，重申继续通过一切外交手段推动解决朝核问题。
45 5 3 2 2 0.261
双方表示为此进一步加强战略沟通和合作。
3
50 10 4 2 4 0.297
相信随着有关敏感问题的妥善处理和两国民众感情的逐步改善，中韩之间的务实交流合作将有序恢复，并取得新的发展。
50 11 4 3 4 0.656
另一方面，中韩在朝鲜半岛问题上有着共同利益，都主张推动半岛无核化，维护半岛和平稳定，坚持通过对话协商解决问题。
50 12 4 4 4 0.443
妥善处理“萨德”问题，也将为双方加强在半岛问题上的战略沟通和合作提供契机。
2
57 2 2 1 2 0.606
双方再次确认实现朝鲜半岛无核化、和平解决朝核问题的原则，重申继续通过一切外交手段推动解决朝核问题。
57 3 2 2 2 0.261
双方表示为此进一步加强战略沟通和合作。
2
58 2 2 1 2 0.606
双方再次确认实现朝鲜半岛无核化、和平解决朝核问题的原则，重申继续通过一切外交手段推动解决朝核问题。
58 3 2 2 2 0.261
双方表示为此进一步加强战略沟通和合作。
2
59 3 3 1 2 0.608
根据中国外交部发布的消息：中韩双方再次确认实现朝鲜半岛无核化、和平解决朝核问题的原则，重申继续通过一切外交手段推动解决朝核问题。
59 4 3 2 2 0.261
双方表示为此进一步加强战略沟通和合作。
2
60 2 2 1 2 0.606
双方再次确认实现朝鲜半岛无核化、和平解决朝核问题的原则，重申继续通过一切外交手段推动解决朝核问题。
60 3 2 2 2 0.261
双方表示为此进一步加强战略沟通和合作。
2
62 2 2 1 2 0.606
双方再次确认实现朝鲜半岛无核化、和平解决朝核问题的原则，重申继续通过一切外交手段推动解决朝核问题。
62 3 2 2 2 0.261
双方表示为此进一步加强战略沟通和合作。
1
64 1 1 1 1 0.604
中韩双方日前通过中国外交部部长助理孔铉佑同韩国国家安保室第二次长南官杓之间的渠道等，就朝鲜半岛问题等进行了外交部门间沟通。
2
64 2 2 1 2 0.606
双方再次确认实现朝鲜半岛无核化、和平解决朝核问题的原则，重申继续通过一切外交手段推动解决朝核问题。
64 3 2 2 2 0.261
双方表示为此进一步加强战略沟通和合作。
