36 9 4 2 2 0.61
韩国外长康京和10月30日作出“三不”承诺，即韩国政府不加入美国导弹防御体系的现有立场没有改变；韩美日安全合作不会发展成为三方军事同盟；韩国政府未考虑追加部署“萨德”反导系统。
36 8 4 1 2 0.212
近期，韩方多次表态，显示了对中方关切的重视。
45 10 5 1 2 0.629
中方就构建反导体系、追加部署“萨德”、韩美日军事合作等阐明了中国政府的立场和关切。
45 11 5 2 2 0.29
韩方再次表明韩国政府此前公开阐述的立场。
56 9 5 1 2 0.605
新闻稿声明，中方就构建反导体系、追加部署“萨德”、韩美日军事合作等阐明了中国政府的立场和关切。
56 10 5 2 2 0.29
韩方再次表明韩国政府此前公开阐述的立场。
57 8 4 1 2 0.629
中方就构建反导体系、追加部署“萨德”、韩美日军事合作等阐明了中国政府的立场和关切。
57 9 4 2 2 0.29
韩方再次表明韩国政府此前公开阐述的立场。
58 8 4 1 2 0.629
中方就构建反导体系、追加部署“萨德”、韩美日军事合作等阐明了中国政府的立场和关切。
58 9 4 2 2 0.29
韩方再次表明韩国政府此前公开阐述的立场。
58 12 6 1 1 0.615
韩国外交部长官康京和30日在接受国会质询时说，目前韩国没有考虑追加部署“萨德”反导系统，韩国政府对于不加入美国导弹防御体系的现有立场没有改变，并正在努力构建“韩国型导弹防御体系”，韩美日三国间的安保合作范围是针对朝鲜核导威胁增强遏制力和有效应对能力，不会发展成三方军事同盟。
59 9 5 1 2 0.629
中方就构建反导体系、追加部署“萨德”、韩美日军事合作等阐明了中国政府的立场和关切。
59 10 5 2 2 0.29
韩方再次表明韩国政府此前公开阐述的立场。
60 8 4 1 2 0.629
中方就构建反导体系、追加部署“萨德”、韩美日军事合作等阐明了中国政府的立场和关切。
60 9 4 2 2 0.29
韩方再次表明韩国政府此前公开阐述的立场。
62 8 4 1 2 0.629
中方就构建反导体系、追加部署“萨德”、韩美日军事合作等阐明了中国政府的立场和关切。
62 9 4 2 2 0.29
韩方再次表明韩国政府此前公开阐述的立场。
64 8 4 1 2 0.629
中方就构建反导体系、追加部署“萨德”、韩美日军事合作等阐明了中国政府的立场和关切。
64 9 4 2 2 0.29
韩方再次表明韩国政府此前公开阐述的立场。
