34 13 7 2 2 0.674
上个月，首尔和北京续签了货币互换协议，两国国防部长举行了双边会谈。
34 12 7 1 2 0.209
报道称，然而，受到这一争端影响的一些韩国企业的股票最近反而上涨了，从而表明投资者开始押注两国之间的关系回暖。
63 50 26 4 6 0.619
10月13日两国延长货币互换协议后，24日又在菲律宾成功举行中韩防长会谈。
63 49 26 3 6 0.238
两国关系破冰的迹象在多方出现。
63 51 26 5 6 0.099
同一天，中国某旅行社发出了募集赴韩团体游客的广告。
71 3 2 1 2 0.651
▲当地时间10月12日，在美国华盛顿，韩国央行行长李柱烈（右）和副总理金东兖宣布韩中决定续签货币互换协议。
71 4 2 2 2 0.129
（韩联社）
79 1 1 1 1 0.625
参考消息网10月14日报道外媒称，韩国13日说，该国已与中国就延长两国央行间的货币互换协议达成一致。
79 2 2 1 1 0.637
据路透社10月13日报道，韩国财政部和韩国银行（央行）说，本应于10日到期的560亿美元的货币互换协议将再延长三年。
79 5 5 1 1 0.629
分析人士说，中国同意延长中韩货币互换协议，表明两国经济关系回暖。
79 7 7 1 1 0.677
另据韩联社10月13日报道，据韩国银行13日消息，韩中决定续签货币互换协议，合同条件不变，期限为三年，规模为560亿美元。
79 8 8 1 2 0.617
报道称，韩国央行行长李柱烈和韩国负责经济事务的副总理金东兖当地时间12日在美国华盛顿会见记者时表示，韩中已于协议期满的10日就续签货币互换协议达成一致，之后经技术方面的研究后于当天公布于众。
79 9 8 2 2 0.374
李柱烈和金东兖为出席国际货币基金组织和世界银行年会等系列国际会议正在美国访问。
79 10 9 1 1 0.628
报道称，韩中两国于2009年4月签署货币互换协议后，曾两次续签，协议于本月10日到期，此前双方并未公开谈判进程和是否续签等细节，引发众多猜测。
79 12 11 1 2 0.656
韩联社10月13日还报道称，韩中两国就续签560亿美元货币互换协议达成协议后，韩国政府表示希望在其他领域也能尽早搞活韩中交流合作关系。
79 13 11 2 2 0.452
韩国外交部发言人13日在例行记者会上被问及韩元人民币互换协议延长三年如何影响“萨德”、朝核等问题时作出上述回答。
80 1 1 1 2 0.684
参考消息网10月12日报道英媒称，中国和韩国未能续签560亿美元的货币互换协议。
80 2 1 2 2 0.182
目前两国之间围绕首尔方面安装有争议的美国反导系统一事出现外交紧张。
80 5 3 1 1 0.617
韩国官员表示，正在继续同中方进行续签货币互换协议的谈判，尽管专家们仍质疑挽救该协议的可能性。
80 7 5 1 1 0.608
报道称，韩国官员已表示希望续签这一货币互换协议，该协议被视为一个金融安全网，有助于韩元在受到外部冲击的情况下企稳。
80 8 6 1 1 0.684
“续签这个货币互换协议对韩国经济有利，”韩国财政部长金东兖表示。
80 9 7 1 3 0.684
报道称，两国最初在2009年签署了价值260亿美元的货币互换协议，以抵御全球金融危机。
80 10 7 2 3 0.479
该协议在2011年扩大至560亿美元，而且自那以来已续签两次。
80 11 7 3 3 0.67
此前它是韩国最大的货币互换协议，占其全部互换安排约45%。
81 1 1 1 2 0.684
参考消息网10月12日报道英媒称，中国和韩国未能续签560亿美元的货币互换协议。
81 2 1 2 2 0.182
目前两国之间围绕首尔方面安装有争议的美国反导系统一事出现外交紧张。
81 5 3 1 1 0.617
韩国官员表示，正在继续同中方进行续签货币互换协议的谈判，尽管专家们仍质疑挽救该协议的可能性。
81 7 5 1 1 0.608
报道称，韩国官员已表示希望续签这一货币互换协议，该协议被视为一个金融安全网，有助于韩元在受到外部冲击的情况下企稳。
81 8 6 1 1 0.684
“续签这个货币互换协议对韩国经济有利，”韩国财政部长金东兖表示。
81 9 7 1 3 0.684
报道称，两国最初在2009年签署了价值260亿美元的货币互换协议，以抵御全球金融危机。
81 10 7 2 3 0.479
该协议在2011年扩大至560亿美元，而且自那以来已续签两次。
81 11 7 3 3 0.67
此前它是韩国最大的货币互换协议，占其全部互换安排约45%。
82 1 1 1 3 0.696
[环球网综合报道]中韩货币互换协议于10日午夜到期，在两国关系紧张时期，该协议能否续签引发关注。
82 2 1 2 3 0.682
据韩联社报道，韩国银行（央行）11日表示，韩中货币互换协议期满后续签谈判未果。
82 3 1 3 3 0.516
韩国多名政府官员暗示，虽然协议到期，但双方可能会继续协商相关事宜。
82 11 5 1 2 0.642
韩中两国于2009年4月签署货币互换协议后，曾两次续签，规模达560亿美元。
82 12 5 2 2 0.571
货币互换协议终止后韩国和中国的进出口企业可能享受不到在跨境贸易结算方面的优惠。
83 4 2 1 4 0.666
据韩国《每日经济》9日报道，韩中两国于2009年4月签署货币互换协议后，曾两次续签协议，规模达3600亿元人民币。
83 5 2 2 4 0.537
换币协议，是在像金融危机等急需外汇的时刻，协定双方中央银行之间互相借贷货币的协定，相当于紧急情况下用来灭火的一种保护装置。
83 10 3 3 5 0.61
报道称，据观察，在货币互换协议10日到期后，韩中双方可能会继续进行谈判讨论续签问题。
83 9 3 2 5 0.365
就“协议到期后，韩中将延续现有谈判，还是开启新协议签署事宜”的提问，李柱烈重申，从多方面考虑，还是在一定时间内不透露相关情况为好。
83 11 3 4 5 0.36
另有分析认为，从央行和企划财政部方面谨慎少言、保持“低调”的态度来看，韩中仍有续签协议的可能性。
83 16 4 4 5 0.607
由于担心韩中货币互换协议到期不能延长，韩国金融市场的紧张情绪正在加剧。
83 15 4 3 5 0.28
在美国针对韩国产品提高贸易壁垒的情况下，中国也成为韩国经济的巨大变数。
83 17 4 5 5 0.157
多数意见认为，这都是韩国部署“萨德”引发的后续效果。
85 6 4 1 2 0.612
国民之党党首安哲秀敦促积极落实韩中货币互换协议续签一事，称能否续签将成为恢复韩中关系的试金石。
85 7 4 2 2 0.509
文在寅就此表示，虽然很难在双方正式公布前下定论，但对货币互换协议的续签是两国关系得到改善的信号表示认同。
