3
1 4 3 1 4 0.288
吴谦：关于“萨德”问题，中方坚决反对在韩部署“萨德”系统的立场没有改变。
1 5 3 2 4 0.628
根据两国外交部门达成的共识，中韩两军将就“萨德”有关问题进行沟通。
1 6 3 3 4 0.161
但“解铃还须系铃人”，停止“萨德”部署进程，撤除“萨德”装备才是解决问题的根本之道。
3
18 14 3 2 5 0.316
中方从维护国家安全的立场出发，重申反对在韩国部署“萨德”系统。
18 15 3 3 5 0.673
双方商定通过两军渠道，就中方关切的“萨德”有关问题进行沟通。
18 16 3 4 5 0.274
韩国外长康京和访华，引发外界高度关注。
3
29 11 6 1 3 0.388
答：妥善处理“萨德”问题，扫除中韩关系发展的障碍是两国的共同意愿，也符合双方的共同利益。
29 12 6 2 3 0.628
两国通过外交渠道就有关问题进行了沟通，也达成了一些共识。
29 13 6 3 3 0.49
据我了解，在达成一些共识之后，双方仍保持着密切沟通。
3
31 36 17 1 3 0.388
答：妥善处理“萨德”问题，扫除中韩关系发展的障碍是两国的共同意愿，也符合双方的共同利益。
31 37 17 2 3 0.628
两国通过外交渠道就有关问题进行了沟通，也达成了一些共识。
31 38 17 3 3 0.49
据我了解，在达成一些共识之后，双方仍保持着密切沟通。
2
33 16 7 1 2 0.649
据中国外交部10月31日消息，中韩双方日前就中韩关系进行沟通，双方商定通过两军渠道就“萨德”有关问题进行沟通，同意推动各个领域交流合作早日回到正常发展轨道。
33 17 7 2 2 -0.145
（编译/海外网刘强）
2
36 2 1 2 3 0.456
双方再次确认实现朝鲜半岛无核化、和平解决朝核问题的原则，重申继续通过一切外交手段推动解决朝核问题。
36 3 1 3 3 0.65
双方表示为此进一步加强战略沟通和合作。
2
37 1 1 1 3 0.643
10月31日，中韩同步发布两国外交部门就双边关系、朝鲜半岛问题等进行沟通的情况。
37 2 1 2 3 0.484
韩方对此反应积极，认为两国将恢复高层交往以及各领域的交流合作，中韩关系有望早日回到正常发展轨道。
2
40 7 3 3 4 0.426
同时，中方注意到韩方表明的立场，希望韩方妥善处理有关问题。
40 8 3 4 4 0.673
双方商定通过两军渠道，就中方关切的“萨德”有关问题进行沟通。
2
40 9 4 1 2 0.451
另外，双方再次确认实现半岛无核化、和平解决朝核问题的原则，重申继续通过一切外交手段推动解决朝核问题。
40 10 4 2 2 0.65
双方表示为此进一步加强战略沟通和合作。
2
42 4 2 2 3 0.454
双方再次确认实现半岛无核化、和平解决朝核问题的原则，重申继续通过一切外交手段推动解决朝核问题。
42 5 2 3 3 0.65
双方表示为此进一步加强战略沟通和合作。
3
43 1 1 1 5 0.241
近一年多来，中韩关系围绕“萨德”问题面临困难。
43 2 1 2 5 0.638
日前，两国就朝鲜半岛问题进行了外交部门间沟通。
43 3 1 3 5 0.337
韩方认识到中方在“萨德”问题上的立场和关切，明确表示在韩国部署的“萨德”系统按照其本来的部署目的，不损害中方战略安全利益。
2
44 6 4 1 2 0.228
同时也需要认识到，这次共识的达成并不意味着“萨德”问题已从根本上得到解决。
44 7 4 2 2 0.663
中方在沟通中重申反对在韩国部署“萨德”系统的立场，目前双方已商定通过两军渠道就有关问题进行沟通，中方必然会在后续沟通中进一步向韩方表达关切。
2
45 1 1 1 2 0.18
本报北京10月31日电（中国青年报·中青在线记者陈小茹）10月31日上午，中国外交部部长助理孔铉佑与韩国国家安保室第二次长南官杓，在北京举行了会谈。
45 2 1 2 2 0.713
双方就朝鲜半岛问题等进行了外交部门间沟通。
2
45 4 3 1 2 0.479
根据中国外交部发布的消息，中韩双方再次确认实现朝鲜半岛无核化、和平解决朝核问题的原则，重申继续通过一切外交手段推动解决朝核问题。
45 5 3 2 2 0.65
双方表示为此进一步加强战略沟通和合作。
2
45 8 4 3 4 0.426
同时，中方注意到韩方表明的立场，希望韩方妥善处理有关问题。
45 9 4 4 4 0.673
双方商定通过两军渠道，就中方关切的“萨德”有关问题进行沟通。
2
47 5 3 3 4 0.426
同时，中方注意到韩方表明的立场，希望韩方妥善处理有关问题。
47 6 3 4 4 0.673
双方商定通过两军渠道，就中方关切的“萨德”有关问题进行沟通。
2
48 11 4 3 4 0.317
我想说的是，妥处“萨德”问题、扫除中韩关系发展障碍，是两国共同意愿，也符合双方共同利益。
48 12 4 4 4 0.647
双方日前通过中国外交部部长助理孔铉佑同韩国国家安保室第二次长南官杓之间的渠道等，就有关问题等进行了外交部门间沟通，并达成了共识。
2
49 8 3 3 4 0.317
我想说的是，妥处“萨德”问题、扫除中韩关系发展障碍，是两国共同意愿，也符合双方共同利益。
49 9 3 4 4 0.647
双方日前通过中国外交部部长助理孔铉佑同韩国国家安保室第二次长南官杓之间的渠道等，就有关问题等进行了外交部门间沟通，并达成了共识。
2
49 44 23 1 2 0.617
此次绑架事件发生后，中国外交部、驻巴基斯坦使领馆立即启动应急机制，同巴方始终保持密切沟通配合，全力开展营救。
49 45 23 2 2 0.206
中方希巴方继续全力缉凶，早日将凶手绳之以法。
2
50 13 5 1 2 0.228
同时也需要认识到，这次共识的达成并不意味着“萨德”问题已从根本上得到解决。
50 14 5 2 2 0.663
中方在沟通中重申反对在韩国部署“萨德”系统的立场，目前双方已商定通过两军渠道就有关问题进行沟通，中方必然会在后续沟通中进一步向韩方表达关切。
2
52 11 5 1 2 0.515
对于此次沟通，中方表示，注意到韩方表明的立场，希望韩方妥善处理有关问题。
52 12 5 2 2 0.673
双方商定通过两军渠道，就中方关切的“萨德”有关问题进行沟通。
2
56 6 3 2 3 0.432
中方注意到韩方表明的立场，希望韩方妥善处理有关问题。
56 7 3 3 3 0.673
双方商定通过两军渠道，就中方关切的“萨德”有关问题进行沟通。
2
57 2 2 1 2 0.456
双方再次确认实现朝鲜半岛无核化、和平解决朝核问题的原则，重申继续通过一切外交手段推动解决朝核问题。
57 3 2 2 2 0.65
双方表示为此进一步加强战略沟通和合作。
2
57 6 3 3 4 0.426
同时，中方注意到韩方表明的立场，希望韩方妥善处理有关问题。
57 7 3 4 4 0.673
双方商定通过两军渠道，就中方关切的“萨德”有关问题进行沟通。
2
58 2 2 1 2 0.456
双方再次确认实现朝鲜半岛无核化、和平解决朝核问题的原则，重申继续通过一切外交手段推动解决朝核问题。
58 3 2 2 2 0.65
双方表示为此进一步加强战略沟通和合作。
2
58 6 3 3 4 0.426
同时，中方注意到韩方表明的立场，希望韩方妥善处理有关问题。
58 7 3 4 4 0.673
双方商定通过两军渠道，就中方关切的“萨德”有关问题进行沟通。
2
59 3 3 1 2 0.477
根据中国外交部发布的消息：中韩双方再次确认实现朝鲜半岛无核化、和平解决朝核问题的原则，重申继续通过一切外交手段推动解决朝核问题。
59 4 3 2 2 0.65
双方表示为此进一步加强战略沟通和合作。
2
59 7 4 3 4 0.426
同时，中方注意到韩方表明的立场，希望韩方妥善处理有关问题。
59 8 4 4 4 0.673
双方商定通过两军渠道，就中方关切的“萨德”有关问题进行沟通。
2
60 2 2 1 2 0.456
双方再次确认实现朝鲜半岛无核化、和平解决朝核问题的原则，重申继续通过一切外交手段推动解决朝核问题。
60 3 2 2 2 0.65
双方表示为此进一步加强战略沟通和合作。
2
60 6 3 3 4 0.426
同时，中方注意到韩方表明的立场，希望韩方妥善处理有关问题。
60 7 3 4 4 0.673
双方商定通过两军渠道，就中方关切的“萨德”有关问题进行沟通。
2
62 2 2 1 2 0.456
双方再次确认实现朝鲜半岛无核化、和平解决朝核问题的原则，重申继续通过一切外交手段推动解决朝核问题。
62 3 2 2 2 0.65
双方表示为此进一步加强战略沟通和合作。
2
62 6 3 3 4 0.426
同时，中方注意到韩方表明的立场，希望韩方妥善处理有关问题。
62 7 3 4 4 0.673
双方商定通过两军渠道，就中方关切的“萨德”有关问题进行沟通。
1
64 1 1 1 1 0.606
中韩双方日前通过中国外交部部长助理孔铉佑同韩国国家安保室第二次长南官杓之间的渠道等，就朝鲜半岛问题等进行了外交部门间沟通。
2
64 2 2 1 2 0.456
双方再次确认实现朝鲜半岛无核化、和平解决朝核问题的原则，重申继续通过一切外交手段推动解决朝核问题。
64 3 2 2 2 0.65
双方表示为此进一步加强战略沟通和合作。
2
64 6 3 3 4 0.426
同时，中方注意到韩方表明的立场，希望韩方妥善处理有关问题。
64 7 3 4 4 0.673
双方商定通过两军渠道，就中方关切的“萨德”有关问题进行沟通。
