1
2 2 2 1 1 0.633
韩亚航空方面表示，这将是中方反制“萨德”入韩而禁售韩国团体游产品后，第一批中国团体游客访问韩国。
2
4 1 1 1 2 0.638
11月27日，韩国外长康京和在国会外委会全会答议员问时称，韩国政府并没有限制运用“萨德”反导系统的想法，“萨德”系统的运用问题由韩美同盟内部决定。
4 2 1 2 2 0.359
康京和的这一新表态立即令外界舆论开始担心中韩“萨德”问题能否得以“封印”。
1
4 3 2 1 1 0.601
11月22日，康京和曾到访中国，并与中国外交部长王毅举行会晤，商讨韩国总统文在寅访华相关事宜及“萨德”等半岛热点问题。
2
5 16 6 1 4 0.603
据央视网报道，韩国外交部长官康京和本月21日起展开对中国的访问。
5 17 6 2 4 0.509
外交部长王毅22日在北京钓鱼台国宾馆同韩国外长康京和举行会谈。
2
5 20 7 1 5 0.683
据海外网早前报道，10月30日上午，韩国外长康京和在接受国会质询时表示，韩国政府不加入美国反导体系的现有立场没有变化；韩美日安全合作不会发展成为三方军事同盟；韩国政府未考虑追加部署“萨德”系统。
5 21 7 2 5 0.445
当天，中国外交部发言人华春莹回应称，我们重视韩方这三方面的表态。
2
5 22 7 3 5 0.65
中方一贯反对美国在韩国部署“萨德”系统。
5 23 7 4 5 0.34
希望韩方把上述承诺落到实处，妥善处理相关问题，推动中韩关系早日重回平稳健康发展轨道。
2
6 16 7 1 4 0.603
据央视网报道，韩国外交部长官康京和本月21日起展开对中国的访问。
6 17 7 2 4 0.509
外交部长王毅22日在北京钓鱼台国宾馆同韩国外长康京和举行会谈。
2
6 20 8 1 5 0.675
据海外网早前报道，30日上午，韩国外长康京和在接受国会质询时表示，韩国政府不加入美国反导体系的现有立场没有变化；韩美日安全合作不会发展成为三方军事同盟；韩国政府未考虑追加部署“萨德”系统。
6 21 8 2 5 0.445
当天，中国外交部发言人华春莹回应称，我们重视韩方这三方面的表态。
2
6 22 8 3 5 0.65
中方一贯反对美国在韩国部署“萨德”系统。
6 23 8 4 5 0.34
希望韩方把上述承诺落到实处，妥善处理相关问题，推动中韩关系早日重回平稳健康发展轨道。
2
7 1 1 1 3 0.626
韩国《中央日报》24日刊发多篇报道，引述匿名韩国政府高官的话称，中国提议就“萨德”问题早日进行中韩军事磋商，还对“萨德”提出三个要求，包括对“萨德”雷达设立隔离墙，以防止探测中国腹地。
7 2 1 2 3 0.622
韩国政府24日否认上述说法。
1
7 3 1 3 3 0.242
中国军事专家杨承军24日评价，韩媒所谓中国的三大要求“幼稚可笑”，根本没有可操作性。
2
7 4 2 1 2 0.612
《中央日报》24日的报道称，有韩国高官23日在北京表示，中国希望早日就“萨德”问题进行军事部门的磋商，自己回国后将向韩国国防部转达。
7 5 2 2 2 0.419
报道还称，此前的韩中外长会上，王毅外长用“言必行，行必果”来强调韩方在“萨德”问题上的承诺，这被解读为中方要求韩方采取实际行动证明“萨德”无意损害中国安全利益。
3
7 8 3 3 6 0.287
报道还采访韩国专家认为，中方的“要求”无论从技术还是军事层面，可能性都“很低”。
7 9 3 4 6 0.618
首先，“萨德”系统属于驻韩美军资产，韩国政府无权使用和管理。
7 10 3 5 6 0.509
“萨德”管辖权首先在驻韩美军司令，其次属于美国战略司令部。
2
7 13 4 2 3 0.494
韩国国防部发言人文尚均24日称，目前尚无就“萨德”问题与中方军方对话的计划。
7 14 4 3 3 0.634
韩国《世界日报》24日称，针对“萨德”问题，韩国政府立场是“先首脑会谈，后军事沟通”。
2
8 1 1 1 3 0.62
【环球时报记者郭媛丹张静】韩国《中央日报》24日刊发多篇报道，引述匿名韩国政府高官的话称，中国提议就“萨德”问题早日进行中韩军事磋商，还对“萨德”提出三个要求，包括对“萨德”雷达设立隔离墙，以防止探测中国腹地。
8 2 1 2 3 0.622
韩国政府24日否认上述说法。
1
8 3 1 3 3 0.242
中国军事专家杨承军24日评价，韩媒所谓中国的三大要求“幼稚可笑”，根本没有可操作性。
2
8 4 2 1 8 0.612
《中央日报》24日的报道称，有韩国高官23日在北京表示，中国希望早日就“萨德”问题进行军事部门的磋商，自己回国后将向韩国国防部转达。
8 5 2 2 8 0.419
报道还称，此前的韩中外长会上，王毅外长用“言必行，行必果”来强调韩方在“萨德”问题上的承诺，这被解读为中方要求韩方采取实际行动证明“萨德”无意损害中国安全利益。
3
8 8 2 5 8 0.287
报道还采访韩国专家认为，中方的“要求”无论从技术还是军事层面，可能性都“很低”。
8 9 2 6 8 0.618
首先，“萨德”系统属于驻韩美军资产，韩国政府无权使用和管理。
8 10 2 7 8 0.509
“萨德”管辖权首先在驻韩美军司令，其次属于美国战略司令部。
2
8 13 3 2 3 0.494
韩国国防部发言人文尚均24日称，目前尚无就“萨德”问题与中方军方对话的计划。
8 14 3 3 3 0.634
韩国《世界日报》24日称，针对“萨德”问题，韩国政府立场是“先首脑会谈，后军事沟通”。
2
24 1 1 1 2 0.627
自去年7、8月份，新闻报道韩国决定在国内部署美国的萨德系统以来，关于中方针对韩方采取“限韩令”的消息就不胫而走。
24 2 1 2 2 -0.104
网上“风浪”一波接一波，各大卫视、视频网站也“动作”频频。
2
26 5 4 1 3 0.639
报道称，在中国游客重返韩国之际，韩国旅游行业也开始寻求行业自律。
26 6 4 2 3 0.383
11月17日，70多家专门面向中国游客营业的旅行社和韩国旅行行业协会（KATA）举行座谈会，讨论了拒绝低价倾销和人头税的问题。
3
30 3 2 1 3 0.269
乐天从2008年起在中国大规模扩张。
30 4 2 2 3 0.666
不过，今年2月乐天集团与韩国政府签署换地协议，同意让出集团属下的高尔夫球场土地，以便美国部署“萨德”反导弹系统。
30 5 2 3 3 0.39
此举引发中国强烈不满，乐天在中国的业务也因此受到重创。
2
33 7 4 1 3 0.648
美国总统特朗普7日将对韩国进行国事访问。
33 8 4 2 3 0.521
对此，文在寅表示，在朝鲜半岛局势高度紧张之际，特朗普访韩之行将对韩国国民起到安抚作用，并缓和半岛紧张氛围。
2
33 12 6 1 4 0.683
据海外网早前报道，10月30日上午，韩国外长康京和在接受国会质询时表示，韩国政府不加入美国反导体系的现有立场没有变化；韩美日安全合作不会发展成为三方军事同盟；韩国政府未考虑追加部署“萨德”系统。
33 13 6 2 4 0.445
当天，中国外交部发言人华春莹回应称，我们重视韩方这三方面的表态。
2
33 14 6 3 4 0.65
中方一贯反对美国在韩国部署“萨德”系统。
33 15 6 4 4 0.34
希望韩方把上述承诺落到实处，妥善处理相关问题，推动中韩关系早日重回平稳健康发展轨道。
2
36 8 4 1 2 0.309
近期，韩方多次表态，显示了对中方关切的重视。
36 9 4 2 2 0.63
韩国外长康京和10月30日作出“三不”承诺，即韩国政府不加入美国导弹防御体系的现有立场没有改变；韩美日安全合作不会发展成为三方军事同盟；韩国政府未考虑追加部署“萨德”反导系统。
3
38 2 2 1 3 0.352
据韩联社报道，韩国财经界人士1日表示，虽然很难给出准确数字，但预计乐天集团的损失将达到2万亿韩元(约合人民币118.65亿元)。
38 3 2 2 3 0.653
据报道，韩国部署“萨德”系统以来，乐天遭受的损失十分惨重。
38 4 2 3 3 0.43
韩国业界推测，乐天免税店约损失5000亿韩元，乐天不同星级酒店的入住率也下降了15%-30%左右，损失数百亿韩元，在华乐天玛特的情况更加严峻，不得不宣布出售全部在华超市，撤出中国市场。
3
40 14 7 2 5 0.266
该协议消除了北京和首尔关系中的一个重大障碍。
40 15 7 3 5 0.656
中国一直强烈抗议美国在韩国部署“萨德”。
40 16 7 4 5 0.206
中国担心这会损害它的国家安全。
2
42 1 1 1 2 0.609
2017年7月6日，国家主席习近平在柏林会见韩国总统文在寅。
42 2 1 2 2 -0.157
（图源：新华网）
2
42 6 3 1 3 0.706
韩国外长康京和10月30日对韩国国会表示，韩国不考虑追加部署“萨德”反导系统。
42 7 3 2 3 0.483
韩国驻华大使卢英敏也在10月赴京履新时也称中国就像韩国的“亲人”。
2
43 13 4 1 3 0.733
然而，去年7月，韩国时任政府不顾包括中方在内有关国家明确反对，同意美国在韩国部署“萨德”系统。
43 14 4 2 3 0.388
这一极具争议的举动，在韩国国内引发反对声浪，中韩关系也因此陷入低谷。
2
45 10 5 1 2 0.448
中方就构建反导体系、追加部署“萨德”、韩美日军事合作等阐明了中国政府的立场和关切。
45 11 5 2 2 0.653
韩方再次表明韩国政府此前公开阐述的立场。
1
45 16 9 1 1 0.653
韩国外长康京和10月30日在出席韩国国会外交统一委员会外交部国政监查时表示，不考虑追加部署“萨德”反导系统，韩国政府不参与美国构筑的导弹防御系统的立场不变，韩美日安全合作不会发展成军事同盟。
2
46 3 2 1 2 0.612
据韩联社10月31日报道，前总统朴槿惠执政的去年7月8日，韩美正式宣布双方决定在半岛部署“萨德”系统，以应对朝鲜接连试射导弹。
46 4 2 2 2 0.396
对此，中方表示强烈反对，中韩围绕“萨德”的矛盾由此而生。
2
46 8 5 1 2 0.548
报道称，文在寅7月29日下令与美方商讨剩余“萨德”发射车部署事宜，9月7日驻韩美军把四辆“萨德”发射车运入星洲基地。
46 9 5 2 2 0.657
中方对韩国政府推翻此前的涉萨承诺表示强烈反对。
3
50 6 3 1 3 0.273
中韩互为近邻和重要合作伙伴，发展两国友好关系、促进双方合作交流，符合两国和两国人民共同利益。
50 7 3 2 3 0.672
今年5月韩国新政府执政以来，对华态度友好积极，韩国总统、外长、驻华大使纷纷就“萨德”问题发声，展现积极姿态。
50 8 3 3 3 0.183
这次双方就妥善处理“萨德”问题达成阶段性共识，无疑是一个双赢的结果。
2
54 5 3 1 2 0.705
韩国部署“萨德”系统后，韩国旅游业首当其冲遭受重创。
54 6 3 2 2 0.523
随着两国关系“破冰”，韩国旅游业对中国游客赴韩充满期待。
2
54 17 6 3 4 0.232
各大航空公司转而开发东南亚、日本等地航线。
54 18 6 4 4 0.612
韩国一家航空公司相关人士表示，随着两国关系回暖，中国游客有望重新选择韩国，航空公司也会考虑恢复减少航班的中国航线。
2
55 22 9 1 5 0.643
30日上午，韩国外长康京和在接受国会质询时表示，韩国政府不加入美国反导体系的现有立场没有变化；韩美日安全合作不会发展成为三方军事同盟；韩国政府未考虑追加部署“萨德”系统。
55 23 9 2 5 0.445
当天，中国外交部发言人华春莹回应称，我们重视韩方这三方面的表态。
2
55 24 9 3 5 0.65
中方一贯反对美国在韩国部署“萨德”系统。
55 25 9 4 5 0.34
希望韩方把上述承诺落到实处，妥善处理相关问题，推动中韩关系早日重回平稳健康发展轨道。
2
56 9 5 1 2 0.447
新闻稿声明，中方就构建反导体系、追加部署“萨德”、韩美日军事合作等阐明了中国政府的立场和关切。
56 10 5 2 2 0.653
韩方再次表明韩国政府此前公开阐述的立场。
2
57 8 4 1 2 0.448
中方就构建反导体系、追加部署“萨德”、韩美日军事合作等阐明了中国政府的立场和关切。
57 9 4 2 2 0.653
韩方再次表明韩国政府此前公开阐述的立场。
2
58 8 4 1 2 0.448
中方就构建反导体系、追加部署“萨德”、韩美日军事合作等阐明了中国政府的立场和关切。
58 9 4 2 2 0.653
韩方再次表明韩国政府此前公开阐述的立场。
2
59 9 5 1 2 0.448
中方就构建反导体系、追加部署“萨德”、韩美日军事合作等阐明了中国政府的立场和关切。
59 10 5 2 2 0.653
韩方再次表明韩国政府此前公开阐述的立场。
2
59 14 8 1 2 0.481
2016年7月，美韩就部署萨德系统达成一致；2017年4月26日凌晨，韩美将“萨德”发射车、火控雷达整机、作战指控站等部分组件运入“萨德”部署地星州高尔夫球场；9月7日，第二批4辆“萨德”发射车进入星州基地，意味着“萨德”系统正式在韩国完成部署。
59 15 8 2 2 0.65
不过，韩国外长康京和10月30日在出席韩国国会外交统一委员会外交部国政监查时表示，不考虑追加部署“萨德”反导系统，韩国政府不参与美国构筑的导弹防御系统的立场不变，韩美日安全合作不会发展成军事同盟。
2
60 8 4 1 2 0.448
中方就构建反导体系、追加部署“萨德”、韩美日军事合作等阐明了中国政府的立场和关切。
60 9 4 2 2 0.653
韩方再次表明韩国政府此前公开阐述的立场。
1
61 1 1 1 1 0.641
新华社首尔10月31日报道，韩国外交部长官康京和30日在接受国会质询时说，目前韩国没有考虑追加部署“萨德”反导系统。
3
61 4 3 1 3 0.454
对此，在30日的中国外交部例行记者会上，发言人华春莹表示，中方重视韩方这三方面的表态。
61 5 3 2 3 0.65
中方一贯反对美国在韩国部署“萨德”系统。
61 6 3 3 3 0.34
希望韩方把上述承诺落到实处，妥善处理相关问题，推动中韩关系早日重回平稳健康发展轨道。
2
62 8 4 1 2 0.448
中方就构建反导体系、追加部署“萨德”、韩美日军事合作等阐明了中国政府的立场和关切。
62 9 4 2 2 0.653
韩方再次表明韩国政府此前公开阐述的立场。
2
63 4 3 1 2 0.645
此前，美国在韩国部署“萨德”，引发中国强烈抗议。
63 5 3 2 2 0.275
中国怀疑这是美国主导的导弹防御系统的一部分，声称这不利于其战略安全利益。
3
63 31 19 1 5 0.494
另据韩国《中央日报》网站10月28日报道，27日晚，韩国驻华大使馆在北京举行了国庆节招待会。
63 32 19 2 5 0.603
在这个既有韩国建军节，又有开天节的10月，韩国各海外使领馆邀请所驻国家高层官员等内外宾客共同举行活动。
63 33 19 3 5 0.336
虽然是礼节性的活动，但今年在韩国驻华大使馆举行的招待会却受到格外关注。
2
63 53 27 1 2 0.649
美国参议院东亚小组委员会主席科里·加德纳预测，韩国因为“萨德”蒙受的损失大约在120亿美元。
63 54 27 2 2 0.57
韩国央行则预测，“萨德”问题将把韩国经济增长率拉低0.4个百分点。
1
63 60 30 1 1 0.633
美国参议院外交关系委员会东亚小组委员会主席科里·加德纳表示：“根据韩方的数据，中国因‘萨德’部署而对韩国采取的报复行为，让韩国最多损失了120亿美元。”
2
64 8 4 1 2 0.448
中方就构建反导体系、追加部署“萨德”、韩美日军事合作等阐明了中国政府的立场和关切。
64 9 4 2 2 0.653
韩方再次表明韩国政府此前公开阐述的立场。
2
65 1 1 1 2 0.657
【环球时报综合报道】韩国政府不加入美国反导系统的现有立场没有变化、韩美日安全合作不会发展成为三方军事同盟、韩国政府不考虑追加部署“萨德”系统——韩国外长康京和30日在国会就重大问题做出严肃表态。
65 2 1 2 2 0.214
这些都是中国非常关注的问题，数小时之后，中国外交部发言人华春莹在例行记者会上说：“我们重视韩方这三方面的表态。”
1
67 1 1 1 1 0.634
据韩联社10月30日报道，韩国外交部长康京和30日在出席国会外交统一委员会外交部国政监查时表示，不考虑追加部署“萨德”反导系统。
2
68 1 1 1 2 0.637
中国网新闻10月30日讯在30日的外交部例行记者会上，有记者问，10月30日上午，韩国外长康京和在接受国会质询时表示，韩国政府不加入美国反导体系的现有立场没有变化；韩美日安全合作不会发展成为三方军事同盟；韩国政府未考虑追加部署“萨德”系统。
68 2 1 2 2 0.206
中方对此有何评论？
3
68 3 2 1 3 0.491
外交部发言人华春莹表示，中方重视韩方这三方面的表态。
68 4 2 2 3 0.65
中方一贯反对美国在韩国部署“萨德”系统。
68 5 2 3 3 0.34
希望韩方把上述承诺落到实处，妥善处理相关问题，推动中韩关系早日重回平稳健康发展轨道。
1
69 1 1 1 1 0.686
韩国外长康京和30日接受韩国国会质询时表示，韩国政府不加入美国反导体系的现有立场没有变化：韩美日安全合作不会发展成为三方军事同盟；韩国政府未考虑追加部署“萨德”系统。
2
70 3 2 1 2 0.639
有记者提问，10月30日上午，韩国外长康京和在接受国会质询时表示，韩国政府不加入美国反导体系的现有立场没有变化；韩美日安全合作不会发展成为三方军事同盟；韩国政府未考虑追加部署“萨德”系统。
70 4 2 2 2 0.168
中方对此有何回应？
2
71 1 1 1 2 0.642
韩媒称，韩国政府宣布在半岛部署“萨德”反导系统后，中韩关系陷入僵局。
71 2 1 2 2 0.366
但近日，两国关系现回暖迹象，流通业和旅游业界对中国游客的期待进一步加深。
2
71 3 2 1 2 0.63
▲当地时间10月12日，在美国华盛顿，韩国央行行长李柱烈（右）和副总理金东兖宣布韩中决定续签货币互换协议。
71 4 2 2 2 0.161
（韩联社）
2
71 8 4 1 3 0.66
报道称，27日，韩国驻华使馆举行“韩国开天节及国军日纪念活动”，中国外交部部长助理陈晓东代表中国政府出席。
71 9 4 2 3 0.453
值得一提的是，去年中方并未派有关人士参加，而今年却派外交部部长助理出席。
2
72 5 2 1 2 0.624
《东亚日报》27日引述韩国政府消息人士的话称，陷入僵局的韩中关系近期迎来“转暖迹象”，先是中方外交官向韩方传递出“拟促成韩中首脑会谈”的意向，而韩国政府也在通过多方渠道积极向中国表达早日举行两国首脑会谈的意愿。
72 6 2 2 2 0.532
但前提是，韩国政府首先就“萨德”部署问题向中国表达“歉意”。
2
72 7 3 1 5 0.647
报道称，中国驻韩国外交官近期会见韩方人士时透露，韩国政府应首先表达诚意，比如对外明确表态理解中方对“萨德”入韩问题的忧虑等，这样两国首脑会谈方能促成。
72 8 3 2 5 0.55
《东亚日报》称，对于中方的要求，韩国政府多次召集外交、安保等部门负责人开会商讨。
2
77 26 10 1 2 0.607
不过，虽然部署“萨德”令韩国业界忧心忡忡，韩国政府却对民意置若罔闻。
77 27 10 2 2 0.618
7月29日凌晨，韩国总统文在寅下令，立即与美国协商关于韩美间战略遏制力的强化方案，其中包括追加部署剩余的4辆“萨德”发射车。
0
2
81 80 44 1 2 0.626
8月29日，在韩国首尔，民众手举反对部署“萨德”的标语抗议示威。
81 81 44 2 2 -0.016
新华社发
2
83 11 3 4 5 0.234
另有分析认为，从央行和企划财政部方面谨慎少言、保持“低调”的态度来看，韩中仍有续签协议的可能性。
83 12 3 5 5 0.6
韩政府有关人士表示，协议到期日并非谈判的最后期限。
2
86 2 2 1 2 0.657
报道称，韩国总统文在寅7月访德时曾邀请中方在平昌冬奥会期间访问韩国。
86 3 2 2 2 0.433
据观测，若中方届时能访韩并会晤文在寅，双方有可能为缓和中韩关系进行磋商并作出重要决定。
2
86 4 3 1 2 0.556
目前，韩国部署“萨德”给进军中国的韩企带来重创，因此韩国财经界普遍期盼平昌冬奥会能成为缓和两国关系的重大契机。
86 5 3 2 2 0.641
韩国财经界一位负责人24日表示，希望平昌冬奥会有助于消除韩国经济所面临的各种利空因素。
2
86 14 7 1 2 0.626
针对韩国部署“萨德”系统的做法，中国外交部发言人耿爽曾表示，中方坚决反对美国在韩国部署“萨德”系统的立场是一贯和明确的。
86 15 7 2 2 0.249
部署“萨德”解决不了韩方的安全关切，解决不了朝鲜半岛有关问题，只会使问题变得更加复杂。
1
87 20 8 1 1 0.623
据韩联社15日报道，当天韩国现代经济研究院发表的《萨德矛盾长期化导致韩国观光产业损失规模预测》报告书中指出，今年3月到7月，中国访韩游客同比锐减40%，韩国旅游业遭受重创。
2
91 1 1 1 3 0.623
海外网9月18日电据韩国银行18日发布的统计数据显示，受韩国部署“萨德”一事的影响，韩国出口文化产品创利规模再受挫。
91 2 1 2 3 0.283
2017年1到6月韩国音像及相关服务收支顺差仅为1.799亿美元。
1
92 1 1 1 1 0.606
[环球网综合报道]数据显示，受韩国政府执意部署“萨德”反导系统影响，韩国企业对中国市场的投资大幅缩水，今年上半年减少了近一半。
2
94 4 2 1 2 0.61
据韩国《亚洲经济》9月13日报道，据业界当日消息，因“萨德”矛盾使中韩两国关系恶化，游客减少赴韩后，韩国免税店业绩急转直下。
94 5 2 2 2 0.244
预计今年中国国庆长假期间，免税店针对中国游客的销售或同比减少30%以上。
1
98 3 2 1 1 0.717
据韩国《中央日报》网站9月9日报道，韩国世宗研究所统一战略研究室室长郑成长表示，“奥巴马政府已经在2014年向朴槿惠政府提议购入‘萨德’，但是当时韩国政府因1.5万亿韩元的价格过高，加之担心中国反对，拒绝了奥巴马政府的提议”。
2
98 7 4 2 3 0.179
有人称，“萨德”X波段雷达发射的电磁波对人体和农作物危害甚大。
98 8 4 3 3 0.671
韩国外国语大学国际地区研究生院教授朴宰适（音）表示，“对于部署‘萨德’一事，韩国国内的舆论正式开始分裂。”同年9月30日，韩国国防部将“萨德”部署地点移至星州高尔夫场，这是因为宣布将在星山炮台部署“萨德”之后，政府无法说服韩国国内反对的呼声。
2
99 1 1 1 2 0.723
反对“萨德”的韩国民众8日在韩国总统府青瓦台门前举行抗议活动，敦促政府撤除“萨德”。
99 2 1 2 2 0.443
此前一天，美韩完成“萨德”系统在韩“临时”部署。
2
99 24 13 1 2 0.63
分析人士指出，文在寅上台后，韩国周边外交形势错综复杂，其外交安保政策备受关注。
99 25 13 2 2 0.376
然而，从上台伊始的“四强外交”口号，到近期的对美一边倒政策；从主张对话改善韩朝关系，到要求采取切断对朝原油供应的最严厉制裁；文在寅的外交安保政策与其对待“萨德”的立场一样，摇摆不定，甚至前后矛盾。
1
99 27 15 1 1 0.621
文在寅声称，朝鲜的核导威胁不断升级，加剧了韩国的安保严峻形势，因此部署“萨德”是现阶段韩国政府所能采取的最佳措施。
1
100 1 1 1 1 0.645
韩国总统文在寅8日向媒体记者发送“立场文件”，就“萨德”部署表态称，这是目前韩国政府能采取的最佳措施。
