3
1 4 3 1 4 0.581
吴谦：关于“萨德”问题，中方坚决反对在韩部署“萨德”系统的立场没有改变。
1 5 3 2 4 0.659
根据两国外交部门达成的共识，中韩两军将就“萨德”有关问题进行沟通。
1 6 3 3 4 0.334
但“解铃还须系铃人”，停止“萨德”部署进程，撤除“萨德”装备才是解决问题的根本之道。
2
4 4 3 1 2 0.601
根据中国外交部当天发布的消息，王毅外长向康京和表示，“中方重视韩方关于不考虑追加‘萨德’系统、不加入美国反导体系、不发展韩美日三方军事同盟的表态以及无意损害中方安全利益的表态，希望韩方继续妥善处理‘萨德’问题”。
4 5 3 2 2 0.646
康京和也表示：“（韩中）双方于10月31日就克服当前影响韩中关系发展的困难问题发表了共同新闻稿，对此韩方非常珍惜。韩方愿按照共同新闻稿和两国领导人不久前会晤时达成的共识，进一步加强双方高层往来，密切人文交流，推动韩中关系尽快全面正常化并在各领域取得更加丰硕的合作成果”。
0
1
4 7 5 1 1 0.632
由于两国外长会晤中数次重申“临时部署的‘萨德’系统不会损害中方的安全利益”，因而，在两国外长会谈之后，中韩两国主流媒体在报道两国“涉萨”共识时均使用了“三不一限”承诺，认为两国很可能已在“萨德”运用问题上取得共识。
2
4 10 8 1 2 0.666
在11月22日两国外长会晤后，中国外交部发布的消息显示，“（中韩）双方就阶段性处理‘萨德’问题达成一些共识”。
4 11 8 2 2 0.36
对此，康京和27日在韩国国会上表示：“‘阶段性’处理不是今后‘分阶段’处理，而是在当前情况下，在现阶段妥善管控分歧。”
1
4 15 12 1 1 0.64
韩国方面有关“萨德”问题的承诺是中韩关系打破僵局的重要基础，中方希望韩方高度重视这一基础对两国关系发展的长期意义，王毅外长也多次强调希望韩方“言必信、行必果”，继续妥善处理“萨德”问题。
1
4 16 13 1 1 0.68
中国外交部发言人连日来也多次谈及“萨德”问题，重申妥善处理“萨德”问题、扫除中韩关系发展的障碍是两国的共同意愿，也符合双方的共同利益，希望韩方为两国关系的全面改善和发展创造条件。
3
5 9 4 2 4 0.23
该团计划12月从大同乘火车出发到威海坐船前往仁川和首尔观光，具体日程有待协调。
5 10 4 3 4 0.628
报道还指出，该公司所在集团曾打算3月组织1.2万人来韩旅游，但因中韩两国“萨德”矛盾发酵而告吹。
5 11 4 4 4 0.553
仁川观光公社认为，该集团重新提出赴韩游提议，得益于中韩关系的解冻迹象。
3
5 22 7 3 5 0.473
中方一贯反对美国在韩国部署“萨德”系统。
5 23 7 4 5 0.663
希望韩方把上述承诺落到实处，妥善处理相关问题，推动中韩关系早日重回平稳健康发展轨道。
5 24 7 5 5 -0.064
（编译/海外网刘强）
3
6 22 8 3 5 0.473
中方一贯反对美国在韩国部署“萨德”系统。
6 23 8 4 5 0.663
希望韩方把上述承诺落到实处，妥善处理相关问题，推动中韩关系早日重回平稳健康发展轨道。
6 24 8 5 5 -0.064
（编译/海外网刘强）
3
9 1 1 1 4 0.516
[韩媒评估韩中外长深谈成果“萨德”问题仍是核心议题]韩国外长康京和23日结束任上的首次访华之行。
9 2 1 2 4 0.638
韩国外交部当天在介绍此访成果时说，韩中外长在5个多小时里，开诚布公地深入讨论了韩中关系发展方向、朝鲜半岛问题等共同关心的事宜，并就推进文在寅总统下月访华达成共识。
9 3 1 3 4 0.435
但不少韩媒注意到，敦促韩方信守有关“萨德”的“三不一限”承诺，是中方传递的重要信息。
1
10 1 1 1 1 0.605
中国网新闻11月23日讯据外交部网站消息，外交部发言人陆慷今日在例行记者会上表示，中方重视韩方关于不考虑追加“萨德”系统、不加入美国反导系统、不发展韩美日三方军事同盟的表态以及无意损害中方安全利益的表态，希望韩方继续妥善处理好“萨德”问题。
2
10 2 2 1 3 0.637
问：昨日，中韩两国外长举行会谈。
10 3 2 2 3 0.634
双方就两国关系、文在寅总统访华以及半岛核问题进行了讨论。
1
10 4 2 3 3 0.4
中方能否介绍此次会谈取得了哪些成果？
3
10 5 3 1 3 0.466
答：关于昨天王毅部长同韩国外长康京和会谈的情况，我们已经在外交部网站发布了比较详细的消息。
10 6 3 2 3 0.681
中韩外长就如何确保中韩关系稳固改善和向前发展进行了比较充分的讨论。
10 7 3 3 3 0.406
当然，双方也就共同关心的问题、如朝鲜半岛局势充分交换了意见。
2
10 8 4 1 8 0.703
我在这里再强调一下，王毅部长指出，中韩两国是搬不走的邻居，中韩关系发展符合两国人民的共同愿望。
10 9 4 2 8 0.484
事实上，中韩建交25年来，在绝大部分时间内，两国关系都是好的。
3
11 3 2 1 3 0.578
问：昨日（22日），中韩两国外长举行会谈。
11 4 2 2 3 0.634
双方就两国关系、文在寅总统访华以及半岛核问题进行了讨论。
11 5 2 3 3 0.4
中方能否介绍此次会谈取得了哪些成果？
3
11 6 3 1 3 0.442
答：关于昨天（22日）王毅部长同韩国外长康京和会谈的情况，我们已经在外交部网站发布了比较详细的消息。
11 7 3 2 3 0.681
中韩外长就如何确保中韩关系稳固改善和向前发展进行了比较充分的讨论。
11 8 3 3 3 0.406
当然，双方也就共同关心的问题、如朝鲜半岛局势充分交换了意见。
2
11 9 4 1 8 0.703
我在这里再强调一下，王毅部长指出，中韩两国是搬不走的邻居，中韩关系发展符合两国人民的共同愿望。
11 10 4 2 8 0.484
事实上，中韩建交25年来，在绝大部分时间内，两国关系都是好的。
1
12 5 4 1 1 0.662
康京和表示，韩方希望与中方保持沟通，努力解决两国关系中存在的难题，推动两国关系取得实质性改善。
1
12 57 33 1 1 0.622
10月31日，中韩两国外交部同时在官网发布消息称，双方商定通过两军渠道，将就“萨德”有关问题进行沟通。
2
12 58 34 1 2 0.68
这一举动被韩媒视为韩在“萨德”问题上口气变软，中韩关系出现回暖迹象。
12 59 34 2 2 0.483
而这一次康京和访华，也被韩媒视作为文在寅12月访华打前站。
2
13 1 1 1 2 0.654
央视网消息：对于中韩外长22日在北京举行的会谈，中国外交部发言人陆慷在23日下午举行的外交部例行记者会上表示，两国外长就如何确保中韩关系稳固改善和向前发展进行了充分讨论。
13 2 1 2 2 0.65
中方希望韩方继续妥善处理“萨德”问题，为两国关系的全面改善和发展创造条件。
0
2
13 3 2 1 2 0.713
外交部发言人陆慷：“王毅部长指出，中韩是搬不走的邻居，发展一个好的中韩关系，符合两国和两国人民的共同愿望。事实上，中韩建交25年在绝大部分时间内两国关系都是好的，后来由于众所周知‘萨德’的原因，中韩关系遇到困难。”陆慷表示，王毅外长在会谈中强调，中方重视韩方关于不考虑追加“萨德”系统，不加入美国反导系统，不发展韩美日三方军事同盟的表态，以及无意损害中方安全利益的表态。
13 4 2 2 2 0.501
外交部发言人陆慷：“我们希望韩方能够继续妥善处理好这个问题，双方要共同努力，进一步增加相互了解，最大限度地减少分歧，这样才能为两国关系的全面改善和发展创造条件。”
2
14 1 1 1 2 0.61
【环球时报-环球网报道记者白云怡】据韩联社22日报道，中韩外长22日在北京钓鱼台国宾馆举行会谈，双方就韩中关系以及“萨德”等共同关心的问题交换意见。
14 2 1 2 2 0.662
23日，中国外交部发言人陆慷在外交部例行记者会上介绍称，中韩外长就如何确保中韩关系稳步改善、向前发展进行了充分讨论，双方也就朝鲜半岛局势等共同关心的问题充分交换了意见。
0
2
14 3 2 1 2 0.604
据陆慷介绍，王毅外长在会谈中强调，中方重视韩方关于不考虑追加萨德系统、不加入美国反导体系、不发展韩美日三方军事同盟的表态以及无意损害中方安全利益的表态，希望韩方继续妥善处理“萨德”问题。
14 4 2 2 2 0.468
“双方要共同努力，进一步增加相互了解，最大限度减少分歧，这样才能为两国关系全面改善和发展创造条件”。
2
14 5 3 1 2 0.674
“王毅部长指出，中韩是搬不走的邻居，发展一个好的中韩关系符合两国和两国人民的共同愿望。事实上中韩建交25年以来，绝大多数时间两国关系都是好的。”陆慷介绍说，中韩双方都同意以建交25周年和下一步高层往来为契机，对未来两国关系发展作出战略性规划。
14 6 3 2 2 0.334
希望双方加强各领域各层级交流沟通，加强“一带一路”框架下的战略对接与务实合作，加强在促进区域经济一体化方面的协调配合。
3
15 1 1 1 3 0.401
参考消息网11月23日报道中国外交部长王毅11月22日在北京与到访的韩国外交部长官康京和举行会谈。
15 2 1 2 3 0.751
围绕“萨德”出现对立的中韩两国在10月底刚刚就修复双边关系达成一致。
15 3 1 3 3 0.663
在韩国总统文在寅12月访华之前，两国外长就加紧改善双边关系达成共识。
0
2
15 6 3 1 2 0.474
10月底，韩国向中国表明“不会追加部署‘萨德’”、“不参加美国的导弹防御（MD）系统”，与中国在改善双边关系方面达成一致。
15 7 3 2 2 0.615
王毅称“中方重视韩方的表态”，要求康京和遵守承诺，在韩国部署“萨德”问题上一直持批判立场的中国显露出积极改善中韩关系的姿态，
2
15 8 4 1 3 0.646
报道称，韩国也在某些方面必须加紧改善中韩关系。
15 9 4 2 3 0.447
文在寅政府要想解决最优先的朝鲜核导问题，中国的作用不可或缺。
2
16 1 1 1 2 0.582
央视网消息：在昨天下午的中国外交部例行记者会上，有媒体关注中韩双方会否讨论“萨德”问题。
16 2 1 2 2 0.63
对此，发言人陆慷表示，中方反对美国在韩国部署“萨德”反导系统的立场是一贯的，没有变化，不久前，中韩双方就阶段性处理“萨德”问题达成一些共识，希望韩方切实作出努力，继续妥善处理相关问题，同中方一道推动两国关系改善发展。
1
17 6 3 1 1 0.714
中韩两国外长，北京举行会谈，就在当前形势下如何改善和发展中韩关系以及共同关心的问题交换意见。
3
18 3 2 1 10 0.4
王毅表示，部署“萨德”损害中国战略安全利益，不是邻国相处之道，也不是战略伙伴应有之义。
18 4 2 2 10 0.609
希望韩国为消除中韩关系发展的“拦路虎”和“绊脚石”作出努力。
18 5 2 3 10 0.662
康京和表示，韩方希望与中方保持沟通，努力解决两国关系中存在的难题，推动两国关系取得实质性改善。
1
18 6 2 4 10 0.236
第二次是9月20日，中国外交部长王毅在纽约出席联合国大会期间，会见了韩国外长康京和。
3
18 7 2 5 10 0.561
王毅：坚决反对在韩部署“萨德”王毅表示，中方理解韩方维护国家安全的需要，但我们坚决反对在韩部署“萨德”系统，因为此举超出韩国自身防卫，直接损害中方的战略安全利益。
18 8 2 6 10 0.651
中方敦促韩方正视中方的正当关切，尽快妥善处理这一问题，切实搬开阻碍两国关系发展的绊脚石。
18 9 2 7 10 0.747
韩外长：力寻解决“萨德”问题办法康京和表示，韩中建交25年来两国关系取得巨大进展，也经历一些曲折。
1
18 10 2 8 10 0.576
韩方愿与中方加强沟通，争取找到妥善解决“萨德”问题的办法，推动双边关系重新恢复活力和动力。
2
18 11 2 9 10 0.678
双方同意推动各领域交流回到正轨10月31日，中韩双方曾同时发布消息，介绍两国外交部门之间就中韩关系进行沟通的情况，阐述了双方在“萨德”等问题上的立场，同意推动各领域交流合作早日回到正常发展轨道。
18 12 2 10 10 0.723
韩国释放调整两国关系积极信号
0
2
18 18 4 1 5 0.614
中国国际问题研究院国际战略研究所副所长苏晓晖：“中韩之间的沟通会聚焦在几个层面，第一个层面是大家最关注的层面，就是中韩关系未来的走向，我们看到在10月31日的时候，中韩同时发布消息稿，为未来中韩关系的发展进行了新的定位，所以此次康京和访问，是试图推动中韩关系进一步的转圜，使两国关系升温。而促进双方之间的这种高层的往来，恐怕也是康京和此行的一个重要的目的。”专家认为，中韩建交25年，两国关系总体稳定，但也有些波折。
18 19 4 2 5 0.566
近一年多以来，由于韩国部署“萨德”系统，中韩关系遭受挑战。
2
19 4 3 1 2 0.445
陆慷回应说，中方反对美国在韩国部署“萨德”反导系统的立场是一贯的，没有变化。
19 5 3 2 2 0.664
不久前，中韩双方就阶段性处理“萨德”问题达成一些共识，希望韩方作出切实努力，继续妥善处理相关问题，同中方一道推动两国关系改善发展。
2
21 2 2 1 2 0.465
答：中方反对美国在韩国部署“萨德”反导系统的立场是一贯的，没有变化。
21 3 2 2 2 0.645
不久前，中韩双方就阶段性处理萨徳问题达成一些共识，希望韩方切实作出努力，继续妥善处理相关问题，同中方一道推动两国关系改善发展。
2
22 5 2 3 4 0.561
此次访问时机重要，真心希望成为两国关系改善和进一步强化合作的契机。
22 6 2 4 4 0.675
《韩民族日报》评论说，两国冰封的关系正式开始回暖，但要经过预计于12月举行的领导人会谈，才能知道韩中关系的准确坐标。
2
22 7 3 1 3 0.645
针对“萨德”问题，康京和说，韩中已经决定“暂时封存‘萨德’问题”，韩方已经做好从最高领导人角度全方位改善两国关系的准备。
22 8 3 2 3 0.572
韩联社称，针对中方接二连三提到“萨德”问题，康京和说：“将继续就此问题与中方进行协调磋商。”韩国《中央日报》报道说，此次韩中外长会面，除文在寅12月访华相关事宜外，还将就和平解决朝核问题的方案深入交换意见。
1
24 7 5 1 1 0.62
10月31日，新华社发布微博称“中韩双方沟通，同意推动各个领域交流合作早日回到正常发展轨道。”
2
24 8 6 1 2 0.733
报道指出，中韩双方表示高度重视中韩关系，愿根据双边共同文件的精神，推动中韩战略合作伙伴关系发展。
24 9 6 2 2 0.508
加强两国交流合作符合双方共同利益，同意推动各个领域交流合作早日回到正常发展轨道。
1
24 12 9 1 1 0.616
外交部发言人耿爽更是直言，“我没有听说过你提到的所谓文化方面的禁令，因此也就不存在解禁的问题。至于中韩关系，中韩两国领导人刚刚在越南岘港举行了会晤，双方都发了消息。双方在会晤中同意要尽快克服障碍，推动中韩关系健康稳定向前发展。本着这一精神，中方将同韩方一道努力，推动双方各领域交流合作尽快回到健康的轨道上来。”
2
24 16 11 1 3 0.636
2016年5月，韩美正式宣布在韩部署“萨德”反导系统。
24 17 11 2 3 0.603
8月，韩国不顾中国反对强行安装萨德反导弹系统，中韩关系亮起红灯。
1
24 18 11 3 3 0.496
因韩国部署萨德而起的“限韩令”，虽未曾现于公文之上，但涉及中韩合作的经济、贸易、文旅等政策均有所调整，关于“限韩令”的消息不胫而走。
1
25 1 1 1 1 0.694
韩国外长康京和今日访华，让我们关注中韩关系今后的发展。
2
25 11 5 1 3 0.778
美韩决定在半岛部署“萨德”，严重影响了中韩关系发展的大局，导致曾经顺畅的中韩关系“如芒在背”。
25 12 5 2 3 0.636
今年10月底，中韩两国政府就“萨德”问题同时做出表态。
1
25 13 5 3 3 0.541
韩国方面表示，不加入美国反导体系，不将韩美日安全合作发展成三方军事同盟，不追加部署“萨德”系统。
2
25 14 6 1 2 0.662
与此同时，中韩双方商定通过两军渠道就“萨德”有关问题进行沟通，确保目前在韩部署的“萨德”系统不损害中方战略安全利益。
25 15 6 2 2 0.532
在此共识的基础上，双方共同努力，推动双边关系早日回到正常发展轨道。
2
25 17 7 2 3 0.215
要解决地区的安全困境问题，需要美韩确保“萨德”仅用于应对朝鲜核导问题，从技术上予以严格限制其雷达的检测范围，确保其不编入全球导弹防御系统。
25 18 7 3 3 0.624
这需要中韩两国军方通过技术手段确保实现双方的共识，妥善处理技术问题，防止“萨德”给中韩关系发展留下后患。
3
25 20 8 2 4 -0.011
其实，并非如此。
25 21 8 3 4 0.678
中国尊重韩美同盟存在的客观现实，积极评价韩美同盟曾经在牵制韩国不发动武力“北进统一”的历史作用。
25 22 8 4 4 0.311
但是，中国把同盟关系看做一种冷战时期的、落后于时代发展的思维方式。
3
25 23 9 1 3 0.466
中国虽不介意韩美同盟的存在，但是坚决反对美国借助核问题加剧地区局势的紧张，坚决反对韩国加强美韩同盟的同时侵害中国的安全利益。
25 24 9 2 3 0.73
我认为，中韩关系与美韩关系之间的关系是动态的，存在多种可能。
25 25 9 3 3 0.248
往坏了去，有可能倒向相克关系;往好了走，可以发展为一种相生的关系。
3
25 26 10 1 3 0.265
归根结底，能够维持相生关系的一个前提是，任何一个双边的举动不伤害第三方的利益，不被第三方解读为针对第三方。
25 27 10 2 3 0.846
韩国曾经相对均衡地处理了韩美关系和韩中关系。
25 28 10 3 3 0.515
在韩中关系发展上获得重大进展的同时，韩国稳定并发展了韩美关系，实现了经济学上讲的“帕累托改进”，即在不损害任何一方的情况下增进一方的福利。
2
25 29 11 1 3 0.637
下一个25年的中韩关系，需要努力发展成为一种相对自主的双边关系，是由中韩两国国民和领导人共同引导和发展的自变量，而不是韩美关系、朝核问题的因变量。
25 30 11 2 3 0.46
中韩应共同构建地区新秩序。
2
28 1 1 1 2 0.617
海外网11月19日电随着中韩两国就尽快推动各领域交流合作早日回到正常发展轨道达成一致，韩媒称，此前受“萨德”影响最深的韩国大众文化界也将迎来久违的春天，“韩流或于明年大肆‘入侵’中国”。
28 2 1 2 2 0.355
目前，韩国文娱界正与中国企业接触，就有望于明年展开的各项合作进行洽谈。
3
28 21 9 1 4 0.503
对于“中国政府是否已经解除因‘萨德’问题对韩国文化产品采取的非正式进口禁令，中韩文化娱乐业合作未来前景如何”，外交部发言人耿爽11月13日指出：我没有听说过你提到的所谓文化方面的禁令，因此也就不存在解禁的问题。
28 22 9 2 4 0.683
至于中韩关系，中韩两国领导人刚刚在越南岘港举行了会晤，双方都发了消息。
28 23 9 3 4 0.626
双方在会晤中同意要尽快克服障碍，推动中韩关系健康稳定向前发展。
1
28 24 9 4 4 0.443
本着这一精神，中方将同韩方一道努力，推动双方各领域交流合作尽快回到健康的轨道上来。
2
29 5 3 1 2 0.604
答：10月31日，我的同事已经就中韩双方围绕“萨德”问题进行沟通的情况作了介绍。
29 6 3 2 2 0.532
中韩双方当时也就有关问题各自发布了消息，阐述了立场。
2
29 11 6 1 3 0.664
答：妥善处理“萨德”问题，扫除中韩关系发展的障碍是两国的共同意愿，也符合双方的共同利益。
29 12 6 2 3 0.507
两国通过外交渠道就有关问题进行了沟通，也达成了一些共识。
2
29 15 7 2 3 0.591
高层交往对两国关系发展具有重要引领作用。
29 16 7 3 3 0.608
希望双方根据两国领导人会面达成的重要共识，不断推动两国关系的改善和发展。
2
31 13 8 1 2 0.604
答：10月31日，我的同事已经就中韩双方围绕“萨德”问题进行沟通的情况作了介绍。
31 14 8 2 2 0.532
中韩双方当时也就有关问题各自发布了消息，阐述了立场。
2
31 36 17 1 3 0.664
答：妥善处理“萨德”问题，扫除中韩关系发展的障碍是两国的共同意愿，也符合双方的共同利益。
31 37 17 2 3 0.507
两国通过外交渠道就有关问题进行了沟通，也达成了一些共识。
2
31 40 18 2 3 0.591
高层交往对两国关系发展具有重要引领作用。
31 41 18 3 3 0.608
希望双方根据两国领导人会面达成的重要共识，不断推动两国关系的改善和发展。
1
32 2 2 1 1 0.649
据媒体报道，中韩两国外交部门围绕“萨德”问题进行了沟通，并确认了韩方此前所做的三项承诺，即不加入美国反导体系，不追加部署“萨德”系统，韩美日安全合作不会发展成为三方军事同盟。
1
32 3 3 1 1 0.616
中国外交部称，中韩“双方认为加强两国交流合作符合双方共同利益，同意推动各个领域交流合作早日回到正常发展轨道”。
1
32 6 5 1 1 0.715
妥善处理“萨德”问题、扫除中韩关系发展障碍，是中韩两国的共同意愿，符合两国的共同利益。
2
32 13 10 1 2 0.688
而就在中韩两国国民为此欢欣鼓舞的时候，韩国政府部署“萨德”系统的决定中断了两国全面战略合作伙伴关系的迅猛发展势头。
32 14 10 2 2 0.577
致力于中韩友好关系深入发展的两国政治界、经济界以及民间友好人士无不为之扼腕叹息。
2
32 21 15 1 2 -0.056
青山遮不住，毕竟东流去。
32 22 15 2 2 0.648
中韩友好关系的恢复和发展符合历史潮流，是两国人民的共同愿望。
1
33 1 1 1 1 0.604
海外网11月4日电据韩联社报道，3日下午，韩国总统文在寅在青瓦台接受新加坡亚洲新闻台（CNA）采访，就韩美日合作、特朗普访韩、中韩关系等问题发表了看法。
2
33 2 2 1 3 0.666
文在寅表示，有必要继续保持重视韩美关系的传统立场。
33 3 2 2 3 0.314
不过，也要采取平衡外交。
1
33 4 2 3 3 0.634
既重视韩美关系，也要与中国建立更加深厚的友谊。
2
33 5 3 1 2 0.712
文在寅说，中韩关系极其重要。
33 6 3 2 2 0.394
不仅与中国的经贸合作非常重要，在和平解决朝核问题方面，与中方的战略合作也变得愈加重要。
3
33 7 4 1 3 0.29
美国总统特朗普7日将对韩国进行国事访问。
33 8 4 2 3 0.611
对此，文在寅表示，在朝鲜半岛局势高度紧张之际，特朗普访韩之行将对韩国国民起到安抚作用，并缓和半岛紧张氛围。
33 9 4 3 3 0.33
他期待特朗普此行成为解决朝核问题的决定性契机。
2
33 10 5 1 2 0.666
文在寅还表示，不期望韩美日合作结成军事同盟。
33 11 5 2 2 0.247
他批评道，若日本借朝核问题走军事大国化之路，这对东盟国家而言，也并不是一件希望发生的事情。
2
33 14 6 3 4 0.473
中方一贯反对美国在韩国部署“萨德”系统。
33 15 6 4 4 0.663
希望韩方把上述承诺落到实处，妥善处理相关问题，推动中韩关系早日重回平稳健康发展轨道。
2
33 16 7 1 2 0.726
据中国外交部10月31日消息，中韩双方日前就中韩关系进行沟通，双方商定通过两军渠道就“萨德”有关问题进行沟通，同意推动各个领域交流合作早日回到正常发展轨道。
33 17 7 2 2 -0.064
（编译/海外网刘强）
2
34 2 2 1 2 0.327
据韩联社11月2日报道，康京和将于8日至15日陪同总统文在寅访问印尼、越南和菲律宾三国，然后很可能于本月中下旬访问中国。
34 3 2 2 2 0.601
据预测，若康京和访华成行，双方将就中韩发布“有关双边关系的沟通结果”的后续措施、总统文在寅访华、遏制朝鲜新一轮挑衅及管控半岛局势等交换意见。
2
34 8 5 1 2 0.695
报道称，中韩两国10月31日表示，将努力修补双方之间的关系。
34 9 5 2 2 0.336
这场争执起始于2016年7月，当时韩国决定安装美国“萨德”反导系统，而中国则称此举破坏其国家安全。
2
36 4 2 1 2 0.721
10月31日，中韩两国外交部分别发布消息，双方就“萨德”等问题进行沟通，同意推动中韩各领域交流合作早日回到正常发展轨道。
36 5 2 2 2 0.632
早日跨过“萨德”这道坎，有助于中韩关系走出阴霾。
0
2
36 6 3 1 2 0.537
自去年7月朴槿惠政府宣布部署“萨德”反导系统以来，中韩关系跌入冰点。
36 7 3 2 2 0.7
文在寅今年5月就任韩国总统以来表示，希望尽快妥处“萨德”问题，推动中韩关系转圜。
2
36 15 7 2 3 0.414
双方都希望保持半岛和平稳定，坚持通过对话协商解决问题，实现半岛无核化目标。
36 16 7 3 3 0.684
期待中韩关系早日重回平稳健康的发展轨道。
2
37 1 1 1 3 0.698
10月31日，中韩同步发布两国外交部门就双边关系、朝鲜半岛问题等进行沟通的情况。
37 2 1 2 3 0.669
韩方对此反应积极，认为两国将恢复高层交往以及各领域的交流合作，中韩关系有望早日回到正常发展轨道。
1
37 3 1 3 3 0.665
中方则强调，妥善处理“萨德”问题、扫除中韩关系发展障碍，是两国共同意愿，也符合双方共同利益。
0
2
37 4 2 1 5 0.637
事实上，中韩自1992年8月24日建交以来，两国友好合作关系在各个领域都取得快速发展。
37 5 2 2 5 0.506
政治上，两国领导人经常互访或在国际多边活动中会晤，增进了相互理解和信任，推动了两国关系的发展。
2
37 25 7 3 4 0.499
合作符合两国和两国人民的共同利益。
37 26 7 4 4 0.612
中韩能克服重重困难进行沟通，直面问题，反映出两国间相互依存。
2
38 13 6 1 2 0.698
10月31日上午，中韩发布了双方就两国关系等进行沟通的消息稿。
38 14 6 2 2 0.703
中国外交部发言人华春莹当天表示，妥善处理“萨德”问题、扫除中韩关系发展障碍，是两国共同意愿，也符合双方共同利益。
0
2
38 15 7 1 2 0.711
关于中方对改善中韩关系有何期待，华春莹说，中韩关系的改善和发展符合双方共同利益，希望韩方将有关表态落到实处，与中方一道共同努力，推动双边关系早日回到正常发展轨道。
38 16 7 2 2 0.643
“一段时间以来，由于‘萨德’问题，中韩两国人民间的感情和关系受到了一定影响。我们希望双方妥处‘萨德’问题，推动两国在各领域的交流合作回到正常发展轨道，相信这对改善两国民意基础具有积极意义。”
0
1
39 4 3 1 1 0.722
据报道，南官杓表示，两国就举行元首会谈达成一致是落实中韩就双边关系沟通结果的第一步，标志着两国将尽早恢复各领域的交流与合作，推动中韩关系早日回到正常发展轨道。
2
39 12 8 3 4 0.5
特别是外长亲口表示韩美日安全合作不会发展成三方军事同盟，这一点非常罕见。
39 13 8 4 4 0.74
中韩正加快为“萨德”矛盾画句号，考虑改善双边关系。
1
40 1 1 1 1 0.717
参考消息网11月1日报道外媒称，中韩两国外交部31日同时在官网发布就双边关系的沟通结果，因“萨德”入韩引发的两国矛盾迎来破冰。
2
40 2 2 1 3 0.645
据韩联社10月31日报道，中韩两国外交部称，中韩双方日前通过韩国国家安保室第二次长南官杓同中国外交部部长助理孔铉佑之间的渠道等，就半岛问题等进行了外交部门间沟通。
40 3 2 2 3 0.703
双方表示高度重视中韩关系，愿根据双边共同文件的精神，推动中韩战略合作伙伴关系发展。
1
40 4 2 3 3 0.517
双方认为加强两国交流合作符合双方共同利益，同意推动各个领域交流合作早日回到正常发展轨道。
1
40 11 5 1 1 0.639
报道称，由此，韩国去年7月公布“萨德”入韩决定后，中方采取的反制措施有望松绑，两国“萨德”矛盾有望缓解。
1
41 2 2 1 1 0.739
据韩联社10月31日报道，南官杓表示，两国就举行元首会谈达成一致是落实中韩就双边关系沟通结果的第一步，标志着两国将尽早恢复各领域的交流与合作，推动中韩关系早日回到正常发展轨道。
2
41 10 7 3 4 0.5
特别是外长亲口表示韩美日安全合作不会发展成三方军事同盟，这一点非常罕见。
41 11 7 4 4 0.74
中韩正加快为“萨德”矛盾画句号，考虑改善双边关系。
2
42 9 4 1 4 0.69
韩国近期围绕“萨德”及其安全问题向中国发出积极信号，希望中韩关系能平稳回暖。
42 10 4 2 4 0.413
吉林大学行政学院国际政治系教授郭锐认为，虽然韩国态度和行动都较以往更加积极，但半岛局势、美国对韩国的压力等都会影响到未来中韩关系的发展。
2
42 11 4 3 4 0.677
郭锐称，中韩关系依然有诸多不确定性。
42 12 4 4 4 0.234
韩方所释放的信号需要被谨慎看待。
3
42 16 5 4 8 0.46
文在寅上任后和美国总统特朗普就半岛问题多有分歧，而和中国在政治上争取缓解矛盾，建立合作以遏制美国特朗普的军事冒险冲动。
42 17 5 5 8 0.604
郭锐也指出，紧靠美国、维持韩美关系为文在寅政府所重视。
42 18 5 6 8 0.473
“萨德”的部署可被视为韩国政府捆绑美国并强化同盟关系的一种策略。
3
42 25 6 5 8 0.166
另据韩国进出口银行数据，今年上半年韩国对中国投资额较去年同期减少31%。
42 26 6 6 8 0.672
因此，文在寅政府希望通过改善中韩关系促进韩国经济的发展。
42 27 6 7 8 0.133
郭锐同时指出，文在寅需要为下一届的总统选举做打算。
3
42 31 8 1 4 0.271
韩国态度正朝着积极的方向发展，这一姿态值得肯定。
42 32 8 2 4 0.672
韩国政府应该意识到良好的中韩关系有利于东北亚局势的改善，“不清不楚”的中韩关系必定有损韩国的国家利益。
42 33 8 3 4 0.597
中韩各个领域交流合作能否早日回到正常发展轨道还需看文在寅政府的努力。
3
43 1 1 1 5 0.567
近一年多来，中韩关系围绕“萨德”问题面临困难。
43 2 1 2 5 0.619
日前，两国就朝鲜半岛问题进行了外交部门间沟通。
43 3 1 3 5 0.46
韩方认识到中方在“萨德”问题上的立场和关切，明确表示在韩国部署的“萨德”系统按照其本来的部署目的，不损害中方战略安全利益。
2
43 6 2 1 2 0.622
应当看到，“萨德”问题是中韩关系的一个痛点。
43 7 2 2 2 0.651
尤其是，每当回顾中韩建交以来双边关系取得的长足进展，两国友好人士都深感遗憾。
0
2
43 8 3 1 5 0.685
中韩两国1992年8月建交以来，两国友好合作关系呈现出政治、经济、人文齐头并进的局面。
43 9 3 2 5 0.464
政治上，两国建立了战略合作伙伴关系，在地区及国际事务中保持密切协调与合作。
2
43 14 4 2 3 0.433
这一极具争议的举动，在韩国国内引发反对声浪，中韩关系也因此陷入低谷。
43 15 4 3 3 0.687
“萨德”问题成为影响中韩关系发展的实质性障碍。
2
43 16 5 1 6 0.7
妥善处理“萨德”问题，才可能使中韩关系回到正常发展轨道。
43 17 5 2 6 0.266
近来，一些积极迹象有所呈现。
2
43 18 5 3 6 0.603
文在寅当选韩国总统后，对华态度友好积极，重视中方利益关系，表现出妥善处理“萨德”问题的积极意愿。
43 19 5 4 6 0.664
在两国外交部门的沟通中，双方均高度重视双边关系，愿根据双边共同文件的精神，推动中韩战略合作伙伴关系发展。
1
43 20 5 5 6 0.552
韩方再次表明：韩国不加入美国反导体系的现有立场没有变化；韩美日安全合作不会发展成为三方军事同盟；韩国政府未考虑追加部署“萨德”系统。
1
44 1 1 1 1 0.716
10月31日上午，中韩双方同时发布消息，介绍两国外交部门之间就中韩关系进行沟通的情况，阐述了双方在“萨德”等问题上的立场，同意推动各领域交流合作早日回到正常发展轨道。
2
44 2 2 1 2 0.667
过去一年多来，中韩关系陷入低潮，症结就在于韩方同意美国在韩部署“萨德”反导系统。
44 3 2 2 2 0.416
这次双方就妥善处理“萨德”问题达成阶段性共识，无疑是一个双赢的结果。
2
44 8 5 1 2 0.661
中韩关系的“钥匙”依旧在韩方手中。
44 9 5 2 2 0.651
希望韩方说到做到，使两国关系早日重回平稳健康的发展轨道。
0
2
45 12 6 1 2 0.703
双方表示高度重视中韩关系，愿根据双边共同文件的精神，推动中韩战略合作伙伴关系发展。
45 13 6 2 2 0.516
双方认为，加强两国交流合作符合双方共同利益，同意推动各个领域交流合作早日回到正常发展轨道。
1
45 14 7 1 1 0.681
中韩外交部同时公布上述沟通结果后，韩联社31日上午即发评论称，“因‘萨德’入韩引发的两国矛盾迎来破冰”，并称两国有关“萨德”的矛盾缓解，有望走出阴霾、迎来曙光。
2
46 1 1 1 2 0.681
参考消息网11月1日报道韩媒称，中韩两国外交部10月31日同时在官网发布双边关系沟通结果，两国长达一年三个月之久的“萨德”矛盾终于找到突破口。
46 2 1 2 2 0.611
从韩国决定部署“萨德”至今，两国关系确实经历了一番坎坷与曲折。
0
1
46 5 3 1 1 0.635
报道称，在中方强烈反对“萨德”入韩的背景下，韩美今年4月26日凌晨将“萨德”发射车、火控雷达整机、作战指控站等部分组件运入“萨德”部署地星州高尔夫球场，让中韩关系再度降温。
2
46 6 4 1 2 0.631
报道称，文在寅就任总统后，各界期待中韩关系有望迎来转机，因为文在寅在竞选时一直对“萨德”入韩采取谨慎态度。
46 7 4 2 2 0.39
韩国新政府成立后不久，文在寅指示细查四辆“萨德”发射车入境的全过程，6月底，文在寅还决定对“萨德”全部用地实施环评，并把最终部署“萨德”系统的时期推迟至2018年以后。
1
46 11 7 1 1 0.668
报道称，时至今日，中韩两国同时公布双边关系沟通结果，终于走出阴霾迎来曙光。
1
47 8 5 1 1 0.633
“中韩关系迎来分水岭。”今天韩国各大新闻门户网站的头版，几乎全都被中韩关系新动向的报道占据。
2
47 10 7 1 2 0.708
韩联社称，中韩两国外交部31日同时在官网发布就双边关系的沟通结果。
47 11 7 2 2 0.517
双方认为加强两国交流合作符合双方共同利益，同意推动各个领域交流合作早日回到正常发展轨道。
1
47 16 12 1 1 0.628
她同时强调：希望韩方把上述承诺落到实处，妥善处理相关问题，推动中韩关系早日重回平稳健康发展轨道。
1
47 22 17 1 1 0.665
《韩民族新闻》10月30日报道称，最近韩国企业界“处处均能感知到韩中关系逐渐进入破冰解冻期的征兆”。
1
47 28 21 1 1 0.642
“双方表示高度重视中韩关系，愿根据双边共同文件的精神，推动中韩战略合作伙伴关系发展。双方认为加强两国交流合作符合双方共同利益，同意推动各个领域交流合作早日回到正常发展轨道。”
2
47 30 23 1 2 0.439
而着眼两国关系的下一步，不少韩国媒体已经又开始了“畅想”。
47 31 23 2 2 0.643
如韩国《先驱经济报》评论说，中韩关系迎来2.0时代，对中韩关系前景充满期待。
2
48 7 3 1 2 0.681
妥处“萨德”问题、扫除中韩关系发展障碍，是两国共同意愿，也符合双方共同利益。
48 8 3 2 2 0.688
希望中韩双方共同努力，推动双边关系早日回到正常发展轨道。
0
2
48 9 4 1 4 0.697
答：今天上午，中韩发布了双方就两国关系等进行沟通的消息稿。
48 10 4 2 4 0.05
相信你已经注意到并且仔细阅读了。
2
48 11 4 3 4 0.627
我想说的是，妥处“萨德”问题、扫除中韩关系发展障碍，是两国共同意愿，也符合双方共同利益。
48 12 4 4 4 0.476
双方日前通过中国外交部部长助理孔铉佑同韩国国家安保室第二次长南官杓之间的渠道等，就有关问题等进行了外交部门间沟通，并达成了共识。
1
48 13 5 1 1 0.637
如果说有何期待，我刚才回答记者提问时已经提到，中韩关系的改善和发展符合双方共同利益，希望韩方将有关表态落到实处，与中方一道共同努力，推动双边关系早日回到正常发展轨道。
2
48 14 6 1 2 0.578
答：大家都看到，一段时间以来，由于“萨德”问题，中韩两国人民间的感情和关系受到了一定影响。
48 15 6 2 2 0.604
我们希望双方妥处“萨德”问题，推动两国在各领域的交流合作回到正常发展轨道，相信这对改善两国民意基础具有积极意义。
2
48 16 7 1 2 0.679
问：今天上午发布的中韩双方就中韩关系等进行沟通的消息稿中提到，中韩双方同意推动各个领域交流合作早日回到正常发展轨道。
48 17 7 2 2 0.092
请问下一步会有哪些措施来落实？
2
48 18 8 1 2 0.602
答：中韩双方推动双边关系早日回到正常发展轨道，推动各领域合作回到正常轨道，符合双方共同的愿望，也符合双方共同的利益。
48 19 8 2 2 0.416
我们希望韩方能够将有关表态落到实处，为推动双方在各领域交流合作创造良好的条件。
2
49 4 2 1 2 0.681
妥处“萨德”问题、扫除中韩关系发展障碍，是两国共同意愿，也符合双方共同利益。
49 5 2 2 2 0.688
希望中韩双方共同努力，推动双边关系早日回到正常发展轨道。
0
2
49 6 3 1 4 0.697
答：今天上午，中韩发布了双方就两国关系等进行沟通的消息稿。
49 7 3 2 4 0.05
相信你已经注意到并且仔细阅读了。
2
49 8 3 3 4 0.627
我想说的是，妥处“萨德”问题、扫除中韩关系发展障碍，是两国共同意愿，也符合双方共同利益。
49 9 3 4 4 0.476
双方日前通过中国外交部部长助理孔铉佑同韩国国家安保室第二次长南官杓之间的渠道等，就有关问题等进行了外交部门间沟通，并达成了共识。
1
49 10 4 1 1 0.637
如果说有何期待，我刚才回答记者提问时已经提到，中韩关系的改善和发展符合双方共同利益，希望韩方将有关表态落到实处，与中方一道共同努力，推动双边关系早日回到正常发展轨道。
2
49 11 5 1 2 0.578
答：大家都看到，一段时间以来，由于“萨德”问题，中韩两国人民间的感情和关系受到了一定影响。
49 12 5 2 2 0.604
我们希望双方妥处“萨德”问题，推动两国在各领域的交流合作回到正常发展轨道，相信这对改善两国民意基础具有积极意义。
2
49 30 15 1 2 0.679
问：今天上午发布的中韩双方就中韩关系等进行沟通的消息稿中提到，中韩双方同意推动各个领域交流合作早日回到正常发展轨道。
49 31 15 2 2 0.092
请问下一步会有哪些措施来落实？
2
49 32 16 1 2 0.602
答：中韩双方推动双边关系早日回到正常发展轨道，推动各领域合作回到正常轨道，符合双方共同的愿望，也符合双方共同的利益。
49 33 16 2 2 0.416
我们希望韩方能够将有关表态落到实处，为推动双方在各领域交流合作创造良好的条件。
1
50 1 1 1 1 0.714
31日上午，中韩双方同时发布消息，介绍两国外交部门之间就中韩关系进行沟通的情况，阐述了双方在“萨德”等问题上的立场，同意推动各领域交流合作早日回到正常发展轨道。
2
50 2 2 1 4 0.667
过去一年多来，中韩关系陷入低潮，症结就在于韩方同意美国在韩部署“萨德”反导系统。
50 3 2 2 4 -0.058
解铃还需系铃人。
2
50 6 3 1 3 0.622
中韩互为近邻和重要合作伙伴，发展两国友好关系、促进双方合作交流，符合两国和两国人民共同利益。
50 7 3 2 3 0.488
今年5月韩国新政府执政以来，对华态度友好积极，韩国总统、外长、驻华大使纷纷就“萨德”问题发声，展现积极姿态。
2
50 17 7 1 2 0.62
如今，改善和发展中韩关系的“钥匙”依旧在韩方手中。
50 18 7 2 2 0.651
希望韩方说到做到，使两国关系早日重回平稳健康的发展轨道。
0
1
51 1 1 1 1 0.777
新华社北京10月31日电（记者闫子敏）外交部发言人华春莹31日针对中韩双方就中韩关系等进行沟通一事表示，妥处“萨德”问题、扫除中韩关系发展障碍，符合双方共同利益，希望中韩共同努力，推动双边关系早日回到正常发展轨道。
2
51 5 3 1 2 0.675
华春莹说，妥处“萨德”问题、扫除中韩关系发展障碍，是两国共同意愿，也符合双方共同利益。
51 6 3 2 2 0.688
希望中韩双方共同努力，推动双边关系早日回到正常发展轨道。
0
1
52 3 2 1 1 0.781
中韩双方就中韩关系进行外交部门间沟通，释放愿推动中韩战略合作伙伴关系发展的信号。
2
52 4 3 1 3 0.645
苏晓晖表示，此次沟通展示了中韩双方对发展双边关系的重视。
52 5 3 2 3 0.642
韩国方面看到“萨德”问题确实影响了中韩双边关系的发展，同时“萨德”问题也是中方的重要关切。
1
52 6 3 3 3 0.262
认识到这一问题的严重性后，韩国必然要进行某种程度的调整。
2
53 5 3 1 2 0.675
华春莹说，妥处“萨德”问题、扫除中韩关系发展障碍，是两国共同意愿，也符合双方共同利益。
53 6 3 2 2 0.688
希望中韩双方共同努力，推动双边关系早日回到正常发展轨道。
0
2
54 2 2 1 3 0.724
中韩两国外交部31日同时在官网发布就双边关系的沟通结果。
54 3 2 2 3 0.752
两国外交部表示，中韩两国高度重视双边关系，愿根据双边共同文件的精神，推动中韩战略合作伙伴关系发展。
1
54 4 2 3 3 0.517
双方认为加强两国交流合作符合双方共同利益，同意推动各个领域交流合作早日回到正常发展轨道。
2
54 5 3 1 2 0.443
韩国部署“萨德”系统后，韩国旅游业首当其冲遭受重创。
54 6 3 2 2 0.733
随着两国关系“破冰”，韩国旅游业对中国游客赴韩充满期待。
3
54 12 5 1 3 0.173
韩国旅游行业协会相关人士表示，专门承办中国游客赴韩游的旅行社中五成以上停业，除部分接待印尼、马来西亚等东南亚游客的旅行社外，大部分业绩不佳。
54 13 5 2 3 0.658
据报道，随着两国关系回暖，中国团体游客选择赴韩旅游的可能性较大。
54 14 5 3 3 0.379
再加上2018年2月韩国将举行平昌冬奥会，这有望带动韩国国内旅游业绩早日从经营危机的泥淖中走出来。
2
55 3 2 1 4 0.706
韩联社称，中韩两国同时公布双边关系沟通结果，意味着两国“走出‘萨德’阴霾迎来曙光。”报道称，从韩国决定部署“萨德”至今，两国关系经历了一番坎坷与曲折。
55 4 2 2 4 0.367
现在，两国长达1年3个月之久的“萨德”矛盾终于找到突破口。
2
55 5 2 3 4 0.646
韩国《中央日报》表示，经历了最糟糕的“萨德”矛盾后，中韩两国关系进入“解冻期”。
55 6 2 4 4 0.548
韩国纽西斯通讯社则援引青瓦台高官消息称，“中韩关系即将迎来令人期待的面貌。”
2
55 7 3 1 5 0.608
近日，随着中韩关系改善信号的不断出现，韩国业界对重启中韩交流的期盼日益高涨，众多商家摩拳擦掌迎接中国游客重返。
55 8 3 2 5 0.378
韩联社称，韩国免税店销售收入70%以上依赖中国游客，在“萨德”风波中首当其冲，损失之惨重，可以用“陷入生存危机”来形容。
2
55 13 5 1 3 0.61
去年7月8日，韩美正式宣布双方决定在半岛部署“萨德”。
55 14 5 2 3 0.53
对此，中方表示强烈反对；今年4月26日凌晨，“萨德”系统组件运往星州高尔夫球场进行部署，中韩关系再度降温；7月29日，文在寅下令与美方商讨剩余“萨德”发射车部署事宜；9月7日，驻韩美军把4辆“萨德”发射车运入星州基地。
1
55 15 5 3 3 0.814
中韩关系陷入寒冬。
2
55 16 6 1 3 0.604
“萨德”风波发酵后，中国赴韩游客锐减，中韩交流遇冷，韩国多个领域遭受重创。
55 17 6 2 3 0.309
据韩联社报道，今年1～7月访韩中国游客人次仅为776万，较去年同比减少20.9%。
3
55 24 9 3 5 0.473
中方一贯反对美国在韩国部署“萨德”系统。
55 25 9 4 5 0.663
希望韩方把上述承诺落到实处，妥善处理相关问题，推动中韩关系早日重回平稳健康发展轨道。
55 26 9 5 5 -0.064
（编译/海外网刘强）
1
56 1 1 1 1 0.725
参考消息网10月31日报道外媒称，中韩两国外交部当日同时在官网发布就双边关系的沟通结果，因“萨德”入韩引发的两国矛盾迎来“破冰”。
3
56 2 2 1 3 0.54
据韩联社、路透社等媒体10月31日报道，中国外交部网站新闻稿称，中韩双方日前通过中国外交部部长助理孔铉佑同韩国国家安保室第二次长南官杓之间的渠道等，就朝鲜半岛问题等进行了外交部门间沟通。
56 3 2 2 3 0.703
双方表示高度重视中韩关系，愿根据双边共同文件的精神，推动中韩战略合作伙伴关系发展。
56 4 2 3 3 0.517
双方认为加强两国交流合作符合双方共同利益，同意推动各个领域交流合作早日回到正常发展轨道。
2
57 10 5 1 2 0.703
双方表示高度重视中韩关系，愿根据双边共同文件的精神，推动中韩战略合作伙伴关系发展。
57 11 5 2 2 0.517
双方认为加强两国交流合作符合双方共同利益，同意推动各个领域交流合作早日回到正常发展轨道。
2
58 10 5 1 2 0.703
双方表示高度重视中韩关系，愿根据双边共同文件的精神，推动中韩战略合作伙伴关系发展。
58 11 5 2 2 0.517
双方认为加强两国交流合作符合双方共同利益，同意推动各个领域交流合作早日回到正常发展轨道。
2
58 13 7 1 2 0.448
中国外交部发言人华春莹30日在例行记者会上表示，中方重视韩方这三方面的表态。
58 14 7 2 2 0.663
希望韩方把上述承诺落到实处，妥善处理相关问题，推动中韩关系早日重回平稳健康发展轨道。
2
59 11 6 1 2 0.703
双方表示高度重视中韩关系，愿根据双边共同文件的精神，推动中韩战略合作伙伴关系发展。
59 12 6 2 2 0.517
双方认为加强两国交流合作符合双方共同利益，同意推动各个领域交流合作早日回到正常发展轨道。
1
59 13 7 1 1 0.683
31日上午，中韩外交部同时公布上述沟通结果后，韩联社即发评论称“因‘萨德’入韩引发的两国矛盾迎来破冰”，称两国的“萨德”矛盾有望缓解，有望走出阴霾迎来曙光。
2
60 10 5 1 2 0.703
双方表示高度重视中韩关系，愿根据双边共同文件的精神，推动中韩战略合作伙伴关系发展。
60 11 5 2 2 0.517
双方认为加强两国交流合作符合双方共同利益，同意推动各个领域交流合作早日回到正常发展轨道。
2
61 5 3 2 3 0.473
中方一贯反对美国在韩国部署“萨德”系统。
61 6 3 3 3 0.663
希望韩方把上述承诺落到实处，妥善处理相关问题，推动中韩关系早日重回平稳健康发展轨道。
2
62 10 5 1 2 0.703
双方表示高度重视中韩关系，愿根据双边共同文件的精神，推动中韩战略合作伙伴关系发展。
62 11 5 2 2 0.517
双方认为加强两国交流合作符合双方共同利益，同意推动各个领域交流合作早日回到正常发展轨道。
1
63 15 11 1 1 0.615
被问及在中韩推进元首会谈过程中中方就“萨德”部署提出的要求时，康京和表示不宜公开两国元首会谈的细节。
2
63 20 14 1 2 0.617
据悉，双方力争在元首会谈前妥善解决两国关系的最大绊脚石——“萨德”问题，再在元首会谈上重点讨论共建面向未来的伙伴关系。
63 21 14 2 2 0.531
因此，若能妥善解决“萨德”问题，两国很可能在元首会谈中不再提“萨德”。
3
63 25 17 2 4 0.506
王毅对卢英敏就任驻华大使表示欢迎，并高度评价卢英敏有关两国友好的观点。
63 26 17 3 4 0.614
王毅指出，相信卢英敏就任后两国关系能取得进展，期待日后再次会晤。
63 27 17 4 4 0.324
王毅与卢英敏短暂会晤后，还参观了参加义卖活动的三个韩企展区。
2
63 28 18 1 3 0.692
近期，种种迹象表明中韩关系回暖。
63 29 18 2 3 0.146
中国河北省一家旅行社在网上刊登招募韩国随团游客的广告。
1
63 40 21 1 1 0.64
之前，中国外交部发言人耿爽在26日召开的例行记者会上表示：“我们愿同韩方共同努力，克服目前两国关系发展中面临的一些障碍，推动两国关系健康稳定向前发展。”这表明了改善两国关系的意图。
2
63 45 25 1 2 0.378
李度勋今年9月被任命为韩方团长，孔铉佑8月初任中方团长。
63 46 25 2 2 0.696
9月下旬，“萨德”入韩引发的中韩两国矛盾出现破冰迹象，两国新任团长的首次会晤能否令两国在朝核问题上的合作提速受到关注。
3
63 48 26 2 6 -0.029
27日在北京举行的开天节活动上，中国派遣了副部长级官员参加，与去年派遣副司长级官员参加该活动的做法形成了鲜明对比。
63 49 26 3 6 0.685
两国关系破冰的迹象在多方出现。
63 50 26 4 6 0.57
10月13日两国延长货币互换协议后，24日又在菲律宾成功举行中韩防长会谈。
1
63 66 34 1 1 0.692
据悉，在中韩两国推进元首会谈的过程中，正就包括“萨德”问题在内的两国关系正常化进行磋商。
2
64 10 5 1 2 0.703
双方表示高度重视中韩关系，愿根据双边共同文件的精神，推动中韩战略合作伙伴关系发展。
64 11 5 2 2 0.517
双方认为加强两国交流合作符合双方共同利益，同意推动各个领域交流合作早日回到正常发展轨道。
2
65 3 2 1 4 0.733
自“萨德”问题搅乱中韩关系之后，两国外交部门的这种呼应相当罕见。
65 4 2 2 4 0.498
当天，康京和还证实了韩中进行沟通的传言，并称近期有望就此发布相关消息。
2
65 5 2 3 4 0.66
这更点燃了韩国舆论对韩中关系改善的期待，韩国《中央日报》认为，韩中关系“可能迎来分水岭”。
65 6 2 4 4 0.672
韩联社以“中韩能解开‘萨德’心结？各地方政府期待感爆棚”为题报道称，随着最近韩中关系改善的信号不断出现，韩国各地方政府重启中韩交流的期待感越来越热烈。
0
2
65 8 3 2 3 0.431
青瓦台另一人士表示，考虑到元首会谈的筹备日程等，预计两国就解决“萨德”问题的协调结果将于本周出炉并公布于众。
65 9 3 3 3 0.635
据悉，双方力争在元首会谈前妥善解决两国关系的最大绊脚石——“萨德”问题。
2
65 12 5 1 4 0.707
“备受‘萨德’问题困扰的韩中关系，本周可能迎来分水岭”，韩国《中央日报》30日称，青瓦台外交安保室和外交部正在为争取中韩元首会谈与中方进行最后磋商。
65 13 5 2 4 0.462
此前因为韩国部署“萨德”，中国关闭了中韩官方和民间交流的窗口，但最近态度明显出现转向。
2
65 16 6 1 4 0.62
韩联社30日的报道称，虽然现在还没有具体实际成果，但各地方希望借韩中元首会谈实现韩中关系破冰的氛围十分浓厚。
65 17 6 2 4 0.079
据京畿道地方政府介绍，最近中国山东省的14名公务员抵达京畿道人才开发院进行研修，而上次出现类似情况已经是“许久以前”。
2
65 20 7 1 2 0.734
“韩中关系会否迎来大变化？能否解决绊脚石备受瞩目”，韩国News1网站30日的报道称，因“萨德”问题而产生矛盾的韩中两国，最近正在为改善双边关系而开始磋商，如果韩中能就元首会谈达成一致，那么两国关系改善的可能性大增。
65 21 7 2 2 0.639
最近两国高层人士开始接触，实际也反映了韩中关系氛围的某种变化。
0
3
65 22 8 1 7 0.213
韩国一些商家甚至提前进行准备。
65 23 8 2 7 0.633
韩国首尔经济TV报道称，最近随着韩中关系破冰模式出现，流通业界的期待增加。
65 24 8 3 7 0.493
特别是11月11日“光棍节”临近，这有望成为感知两国关系变化的试验场。
2
65 29 9 1 3 0.668
《韩民族新闻》30日的报道称，最近韩国相关业界处处均能感知到韩中关系逐渐进入破冰解冻期的征兆。
65 30 9 2 3 0.357
近期，中国最大的在线旅行网站携程向乐天酒店提议进行实务协商，以恢复中断的韩国旅游商品合作。
2
68 4 2 2 3 0.473
中方一贯反对美国在韩国部署“萨德”系统。
68 5 2 3 3 0.663
希望韩方把上述承诺落到实处，妥善处理相关问题，推动中韩关系早日重回平稳健康发展轨道。
2
69 3 3 1 2 0.464
华春莹在30日的外交部例行记者会上说，中方一贯反对美国在韩国部署"萨德"系统。
69 4 3 2 2 0.663
希望韩方把上述承诺落到实处，妥善处理相关问题，推动中韩关系早日重回平稳健康发展轨道。
2
70 5 3 1 2 0.463
“我们重视韩方这三方面的表态。”华春莹表示，中方一贯反对美国在韩国部署“萨德”系统。
70 6 3 2 2 0.663
希望韩方把上述承诺落到实处，妥善处理相关问题，推动中韩关系早日重回平稳健康发展轨道。
2
71 1 1 1 2 0.657
韩媒称，韩国政府宣布在半岛部署“萨德”反导系统后，中韩关系陷入僵局。
71 2 1 2 2 0.574
但近日，两国关系现回暖迹象，流通业和旅游业界对中国游客的期待进一步加深。
2
72 5 2 1 2 0.633
《东亚日报》27日引述韩国政府消息人士的话称，陷入僵局的韩中关系近期迎来“转暖迹象”，先是中方外交官向韩方传递出“拟促成韩中首脑会谈”的意向，而韩国政府也在通过多方渠道积极向中国表达早日举行两国首脑会谈的意愿。
72 6 2 2 2 0.403
但前提是，韩国政府首先就“萨德”部署问题向中国表达“歉意”。
2
72 14 4 3 4 0.426
中国外交部发言人耿爽27日在例行记者会上表示，关于中韩元首会面，目前没有要发布的消息。
72 15 4 4 4 0.659
我们希望中韩双方共同努力，推动双边关系早日回到健康稳定发展的轨道。
3
72 20 6 1 4 0.411
而与《朝鲜日报》《中央日报》并称韩国三大报媒的《东亚日报》27日社评的标题是“韩中关系改善，是时候为两国利益找叠合点了”。
72 21 6 2 4 0.668
社评称，韩中两国关系已走到低谷，若任其继续恶化下去，对两国都不利。
72 22 6 3 4 0.323
但如果韩国单方面表达“歉意”，这不符合互惠平等的外交原则。
2
77 28 11 1 2 0.604
7月29日，中国外交部发言人耿爽在答记者问时表示，中方强烈敦促韩美双方正视中方利益关切，停止“萨德”有关部署进程，撤除相关设备。
77 29 11 2 2 -0.08
（综编/海外网杨佳）
1
79 5 5 1 1 0.687
分析人士说，中国同意延长中韩货币互换协议，表明两国经济关系回暖。
1
79 11 10 1 1 0.705
分析认为，在韩中两国围绕“萨德”入韩矛盾升级的背景下，双方续签货币互换协议具有加强双边经济合作的象征性意义。
2
79 12 11 1 2 0.7
韩联社10月13日还报道称，韩中两国就续签560亿美元货币互换协议达成协议后，韩国政府表示希望在其他领域也能尽早搞活韩中交流合作关系。
79 13 11 2 2 0.437
韩国外交部发言人13日在例行记者会上被问及韩元人民币互换协议延长三年如何影响“萨德”、朝核等问题时作出上述回答。
1
81 34 21 1 1 0.612
参考消息网10月11日报道韩媒称，韩国新任驻华大使卢英敏10日表示，不能任由驻韩美军部署“萨德”反导系统引发的韩中矛盾照此发展下去。
3
81 62 37 2 4 0.038
到2020年，首尔市内酒店客房数量将是10年前的三倍以上。
81 63 37 3 4 0.64
但韩美决定部署“萨德”反导系统后，中国赴韩游客锐减致酒店业陷入前所未有的危机。
81 64 37 4 4 0.342
10月1日，号称“韩国最大酒店”的首尔龙城酒店即将开张，业界担心客房供给过剩问题将更加严重。
2
82 1 1 1 3 0.608
[环球网综合报道]中韩货币互换协议于10日午夜到期，在两国关系紧张时期，该协议能否续签引发关注。
82 2 1 2 3 0.511
据韩联社报道，韩国银行（央行）11日表示，韩中货币互换协议期满后续签谈判未果。
3
83 19 5 2 8 0.36
中韩换币规模比重很大，占到韩国与外国签订的换币协定总额的45.8%。
83 20 5 3 8 0.65
韩美、韩日之间的换币协定已先后于2010年和2015年到期，中韩换币是唯一的基轴货币互换，因此意义更大。
83 21 5 4 8 0.0
虽然目前韩国外汇储备号称创下3848.4亿美元的历史最高纪录，但不能让人放心。
1
84 1 1 1 1 0.658
[环球网报道记者李婷婷]据韩联社9月28日报道，韩国总统文在寅28日表示，韩方高度重视解决“萨德”问题，愿推动中韩关系进一步改善发展。
1
85 3 2 1 1 0.632
[环球网综合报道]据韩联社27日报道，韩国在野党国民之党首席发言人孙今柱27日表示，文在寅当天在青瓦台会晤在野四党代表时表示，关乎韩中关系的“萨德”问题已进入最后阶段，预计短期内韩中关系有望取得可视性成果，但受“萨德”影响的不止经济领域。
2
85 6 4 1 2 0.641
国民之党党首安哲秀敦促积极落实韩中货币互换协议续签一事，称能否续签将成为恢复韩中关系的试金石。
85 7 4 2 2 0.452
文在寅就此表示，虽然很难在双方正式公布前下定论，但对货币互换协议的续签是两国关系得到改善的信号表示认同。
1
86 1 1 1 1 0.716
[环球网报道记者李婷婷]据韩联社9月25日报道，在中韩关系因“萨德”入韩陷入僵局的情况下，2018年平昌冬奥会能否为两国关系带来转机受到关注。
2
86 2 2 1 2 0.436
报道称，韩国总统文在寅7月访德时曾邀请中方在平昌冬奥会期间访问韩国。
86 3 2 2 2 0.688
据观测，若中方届时能访韩并会晤文在寅，双方有可能为缓和中韩关系进行磋商并作出重要决定。
2
86 7 4 2 3 0.241
乐天玛特撤出中国市场，乐天旗下其他子公司在华经营也全面受阻。
86 8 4 3 3 0.623
乐天方面期待平昌冬奥会成为缓和两国关系的转折点。
2
87 18 7 1 2 0.612
受“萨德”风波影响，中韩关系紧张加剧，韩国旅游业等多个领域遭受重创。
87 19 7 2 2 0.297
韩联社称，近日韩国现代经济研究院给“萨德”损失算了一笔经济账，结果令人吃惊：若“萨德”风波持续，韩国年内中国游客数将锐减798.9万，随之蒙受的直接损失高达18.1兆韩元（约合人民币1086亿元），而且预计会有40.2万个岗位就此消失！
3
88 2 1 2 4 0.038
到2020年，首尔市内酒店客房数量将是10年前的三倍以上。
88 3 1 3 4 0.64
但韩美决定部署“萨德”反导系统后，中国赴韩游客锐减致酒店业陷入前所未有的危机。
88 4 1 4 4 0.342
10月1日，号称“韩国最大酒店”的首尔龙城酒店即将开张，业界担心客房供给过剩问题将更加严重。
3
90 1 1 1 3 0.315
海外网8月20日电近年来，大量中国游客来韩国旅游，刺激了当地酒店业的快速发展。
90 2 1 2 3 0.605
但在韩美决定部署“萨德”反导系统后，来韩的中国团体游客便开始锐减，致酒店业陷入前所未有的危机。
90 3 1 3 3 0.369
10月1日，号称“韩国最大酒店”的首尔龙城酒店即将开张，韩国业界担心客房供给过剩问题将更加严重。
2
94 4 2 1 2 0.678
据韩国《亚洲经济》9月13日报道，据业界当日消息，因“萨德”矛盾使中韩两国关系恶化，游客减少赴韩后，韩国免税店业绩急转直下。
94 5 2 2 2 0.156
预计今年中国国庆长假期间，免税店针对中国游客的销售或同比减少30%以上。
2
95 1 1 1 2 0.696
因为“萨德”部署风波，中韩间的紧张关系不可避免地影响到了两国贸易。
95 2 1 2 2 0.106
不过，这种影响很可能只是单方面的。
2
99 1 1 1 2 0.408
反对“萨德”的韩国民众8日在韩国总统府青瓦台门前举行抗议活动，敦促政府撤除“萨德”。
99 2 1 2 2 0.636
此前一天，美韩完成“萨德”系统在韩“临时”部署。
