34 28 17 1 2
江秋莲表示，目前最大诉求是判处陈世峰死刑，不判死刑，杀人犯不会知道生命的珍贵。
34 29 17 2 2
正因为知道判死刑的概率小，所以做了万分的努力。
38 23 16 1 1
上海瀛泰律师事务所合伙人赵骏告诉澎湃新闻记者，日本的法院不大可能判处陈世峰死刑，他估计量刑可能是无期徒刑。
41 54 37 1 3
为了给女儿讨公道，江秋莲于2017年8月14日在国内发起签名活动，请求日本法院判处陈世峰死刑。
41 55 37 2 3
11月4日，江歌遇害一周年后，江秋莲赴日开展签名活动。
41 56 37 3 3
12月1日，她向东京地方法院提交了450多万份签名。
44 15 11 1 3
为了给女儿讨公道，江秋莲于2017年8月14日在国内发起签名活动，请求日本法院判处陈世峰死刑。
44 16 11 2 3
11月4日，江歌遇害一周年后，江秋莲赴日开展签名活动。
44 17 11 3 3
12月1日，她向东京地方法院提交450多万份签名。
55 12 10 1 3
为了给女儿讨公道，江秋莲于2017年8月14日在国内发起签名活动，请求日本法院判处陈世峰死刑。
55 13 10 2 3
11月4日，江歌遇害一周年后，江秋莲赴日开展签名活动。
55 14 10 3 3
12月1日，她向东京地方法院提交450多万份签名。
58 18 14 1 3
为了给女儿讨公道，江秋莲于2017年8月14日在国内发起签名活动，请求日本法院判处陈世峰死刑。
58 19 14 2 3
11月4日，江歌遇害一周年后，江秋莲赴日开展签名活动。
58 20 14 3 3
12月1日，她向东京地方法院提交450多万份签名。
65 16 12 1 3
为了给女儿讨公道，江秋莲于2017年8月14日在国内发起签名活动，请求日本法院判处陈世峰死刑。
65 17 12 2 3
11月4日，江歌遇害一周年后，江秋莲赴日开展签名活动。
65 18 12 3 3
12月1日，她向东京地方法院提交450多万份签名。
66 17 12 1 3
为了给女儿讨公道，江秋莲于2017年8月14日在国内发起签名活动，请求日本法院判处陈世峰死刑。
66 18 12 2 3
11月4日，江歌遇害一周年后，江秋莲赴日开展签名活动。
66 19 12 3 3
12月1日，她向东京地方法院提交450多万份签名。
67 14 9 1 3
为了给女儿讨公道，江秋莲于2017年8月14日在国内发起签名活动，请求日本法院判处陈世峰死刑。
67 15 9 2 3
11月4日，江歌遇害一周年后，江秋莲赴日开展签名活动。
67 16 9 3 3
12月1日，她向东京地方法院提交450多万份签名。
78 20 10 1 2
江歌母亲江秋莲于当地时间11月4日抵达东京，继续开展签名请愿活动，以期当地法院判处陈世峰死刑。
78 21 10 2 2
那么，请愿活动对判决结果会有什么影响？
85 10 4 1 3
有信息称，该案将于今年12月11日在日本开庭审理。
85 11 4 2 3
根据日本法律，犯罪嫌疑人陈世峰可能不会面临死刑指控，这让江秋莲不能接受。
85 12 4 3 3
从本月4日起，江秋莲在日本街头公开征集签名，呼吁判处陈世峰死刑。
86 21 11 1 3
目前，网友十分关注“江歌案”的一点就是，江歌案的犯罪嫌疑人陈世峰将在日本受审。
86 22 11 2 3
然而，根据日本的相关法律，陈世峰将很难被判死刑，因此，江歌母亲在日本街头及网络征集签名判处陈世峰死刑。
86 23 11 3 3
但北京师范大学刑事科学研究院教授黄风表示，法院在量刑的时候主要考虑的是事实和证据，以及法律的具体规定。
