9 30 15 1 3
12月14日，“江歌案”在日庭审进入第四天。
9 31 15 2 3
今天，犯罪嫌疑人陈世峰将首次在法庭上回答检方和法官的提问。
9 32 15 3 3
（澎湃新闻记者邓雅菲）
11 45 22 1 3
12月14日，“江歌案”在日庭审进入第四天。
11 46 22 2 3
今天，犯罪嫌疑人陈世峰将首次在法庭上回答检方和法官的提问。
11 47 22 3 3
（澎湃新闻记者邓雅菲）
28 1 1 1 3
12月11日，中国女留学生江歌遇害一案在日本东京开庭审理。
28 2 1 2 3
江歌的妈妈，原、被告双方的律师以及犯罪嫌疑人陈世峰及其家人悉数到庭。
28 3 1 3 3
中日两国的媒体记者也旁听了庭审。
28 4 2 1 1
开庭第一日，犯罪嫌疑人陈世峰终于露面到庭，控辩双方就其犯罪事实有哪些分歧？“江歌案”中的谜团是否已经解开？我们带您速览今日庭审要点。
45 2 2 1 2
今天一早，已经先期抵达日本的江歌妈妈江秋莲来到江歌遇害的公寓对女儿进行祭奠。
45 3 2 2 2
日前她对法制晚报·看法新闻记者介绍，除了刑事诉讼之外，还将会对嫌疑人陈世峰提起民事诉讼。
47 3 2 1 1
早些时候，江歌母亲江秋莲已与代理律师一同前往庭审法院，犯罪嫌疑人陈世峰的家人也将悉数到庭。
51 1 1 1 2
[环球网报道赴东京地方法院庭审现场特约记者蒋丰]中国女留学生江歌被杀一案12月11日在日本东京开庭审理。
51 2 1 2 2
江歌的妈妈，原告和被告的律师以及犯罪嫌疑人陈世峰的家人均到庭。
54 5 2 1 3
环球网综合报道中国女留学生江歌被杀一案12月11日在日本东京开庭审理。
54 6 2 2 3
江歌的妈妈，原告和被告的律师以及犯罪嫌疑人陈世峰的家人均到庭。
54 7 2 3 3
澎湃新闻记者称，江歌的妈妈含泪出庭。
56 3 1 3 12
本次庭审和宣判将用时七日，即12月11日-15日、12月18日，12月20日宣判。
56 4 1 4 12
早些时候，江歌母亲江秋莲已与代理律师一同前往庭审法院，犯罪嫌疑人陈世峰的家人也将悉数到庭。
56 5 1 5 12
2016年11月3日凌晨，中国留学生江歌在其位于日本的公寓门前遇害，嫌疑人是其室友刘鑫的前男友陈世峰。
57 1 1 1 2
中国女留学生江歌被杀一案12月11日在日本东京开庭审理。
57 2 1 2 2
江歌的妈妈，原告和被告的律师以及犯罪嫌疑人陈世峰的家人均到庭。
57 27 8 1 2
中国女留学生江歌被杀一案12月11日在日本东京开庭审理。
57 28 8 2 2
江歌的妈妈，原告和被告的律师以及犯罪嫌疑人陈世峰的家人均到庭。
59 7 4 1 2
江秋莲到日本这30天以来，主要专注于征集对犯罪嫌疑人陈世峰判处死刑的请愿签名，并频繁会见律师和检察官。
59 8 4 2 2
对更换律师的传闻，她不愿透露更多细节。
61 5 2 1 3
12月11日，也就是今天，在国内引发舆论沸腾的中国留学生江歌被杀案，将在东京开庭。
61 6 2 2 3
在10日，江歌妈妈召开了小型媒体见面会，明确表示“来日本，我是努力争取陈世峰死刑的”。
61 7 2 3 3
江秋莲到达日本的这30天，主要专注于征集对犯罪嫌疑人陈世峰判处死刑的请愿签名，并频繁会见律师和检察官。
62 11 6 1 2
江秋莲到日本这30天以来，主要专注于征集对犯罪嫌疑人陈世峰判处死刑的请愿签名，并频繁会见律师和检察官。
62 12 6 2 2
她确认了更换律师的传闻，但不愿透露更多细节。
62 103 53 1 2
对于江歌的死，江歌妈妈江秋莲、嫌疑人陈世峰、重要证人刘鑫各有说法。
62 104 53 2 2
那道江歌最终没能进去的家门，也变成了一道“罗生门”。
69 2 1 2 5
此案于去年11月在东京发生。
69 3 1 3 5
江为保护刘鑫，遭犯罪嫌疑人陈世峰杀害。
69 4 1 4 5
12月11日，该案将在东京地方法院开庭审理。
69 6 2 1 5
读各种报道，江母“失独”，以及刘鑫对江母刻意回避的态度，激起国内舆论对刘鑫普遍的谴责以及对江母的同情。
69 7 2 2 5
另一方面，今年8月开始，江母开展征集要求判处嫌疑人陈世峰死刑的签名活动。
69 8 2 3 5
这个活动引起国内普遍关注。
78 6 3 1 2
犯罪嫌疑人陈世峰将于下月受审，关于该案的一些法律问题也值得关注。
78 7 3 2 2
诸如：该案双方当事人均为中国人，为何案件要在日本审理？刘鑫可以拒绝出庭作证吗？一旦陈世峰被法院判定为杀人凶手，他是否有可能回国执行刑罚？中国司法机关能否对凶手追责？
78 11 6 1 3
嫌疑人陈世峰已在日本受到刑事追诉，如果要让他回来，需要依靠中日间的司法合作，将其引渡或遣返回国。
78 12 6 2 3
但这个程序目前没有提起，而且一般来讲，日本方面可以案件正在审理为由，拒绝中国的引渡请求。
78 13 6 3 3
因为要在日本受审，中国司法机关无法对犯罪嫌疑人进行实际控制，目前无法行使管辖权。
78 15 8 1 1
郑泽善说，从目前情况来看，犯罪嫌疑人陈世峰是否会被判死刑仍不好判断，“即便被判死刑，中间可能也需要很长时间，日本对待死刑非常慎重，需要证据完全确凿、没有任何疑点，这要靠充分的调查。”
78 38 18 1 3
“一旦法庭经审理认定犯罪嫌疑人陈世峰为凶手，中国法律还能否对其进行追责？”针对不少网友的进一步追问，法律上也有明确规定。
78 39 18 2 3
依据我国刑法第十条规定：凡在中华人民共和国领域外犯罪，依照本法应当负刑事责任的，虽然经过外国审判，仍然可以依照本法追究，但是在外国已经受过刑罚处罚的，可以免除或者减轻处罚。
78 40 18 3 3
就江歌案件而言，刘鑫的前男友如果在日本受到刑事处罚后，我国司法机关仍可依法对其享有追诉权。
79 10 5 1 2
2016年12月14日，日本警方对杀害江歌的嫌疑人陈世峰以杀人罪正式起诉。
79 11 5 2 2
据报道，陈世峰杀害江歌一案将于当地时间12月11日至15日，在东京地方裁判所公开审判。
81 6 5 1 2
据媒体报道,犯罪嫌疑人陈世峰为山西人,日本东京大东文化大学大学院汉语研究科学生,系江歌同住室友刘鑫的前男友,疑因拒绝刘鑫提出分手要求,多次前往江歌与刘鑫的住处对二人进行骚扰。
81 7 5 2 2
事发当晚,江歌在东京都中野车站接回同住的刘鑫时,在公寓楼门口遇到陈世峰,双方发生了争吵,继而遭到其杀害。
82 1 1 1 10
2016年11月3日凌晨，中国留学生江歌在日本中野家中遇害。
82 2 1 2 10
下月犯罪嫌疑人陈世峰将在东京地方裁判所受审。
82 3 1 3 10
为请求日本法院判决陈世峰死刑，江歌母亲日前前往日本，并于11月12日和众多留学生志愿者在东京池袋西口公园集会，征求民众署名支援。
82 5 1 5 10
陈世峰在日本是否会被判死刑？从事日本刑法研究的南开大学法学院教授郑泽善告诉记者，从目前情况来看，是否会被判死仍不好判断，“一般情况下，在日本杀害3个人才可能被判处死刑，按照惯例，凶手杀害1人一般获刑13年。”不过，这是针对犯罪嫌疑人是日本国籍的情况。
82 6 1 6 10
一旦法庭经审理认定犯罪嫌疑人陈世峰为凶手，中国司法机关能否对凶手继续追责？依据我国刑法第十条规定：凡在中华人民共和国领域外犯罪，依照本法应当负刑事责任的，虽然经过外国审判，仍然可以依照本法追究。
82 7 1 7 10
就江歌案件而言，陈世峰如果在日本受到刑事处罚后，我国司法机关仍可依法对其享有追诉权。
83 30 17 1 1
从目前情况来看，犯罪嫌疑人陈世峰是否会被判死刑仍不好判断，“即便被判死刑，中间可能也需要很长时间，日本对待死刑非常慎重，需要证据完全确凿、没有任何疑点，这要靠充分的调查。”
85 10 4 1 3
有信息称，该案将于今年12月11日在日本开庭审理。
85 11 4 2 3
根据日本法律，犯罪嫌疑人陈世峰可能不会面临死刑指控，这让江秋莲不能接受。
85 12 4 3 3
从本月4日起，江秋莲在日本街头公开征集签名，呼吁判处陈世峰死刑。
86 21 11 1 3
目前，网友十分关注“江歌案”的一点就是，江歌案的犯罪嫌疑人陈世峰将在日本受审。
86 22 11 2 3
然而，根据日本的相关法律，陈世峰将很难被判死刑，因此，江歌母亲在日本街头及网络征集签名判处陈世峰死刑。
86 23 11 3 3
但北京师范大学刑事科学研究院教授黄风表示，法院在量刑的时候主要考虑的是事实和证据，以及法律的具体规定。
88 4 2 1 3
11月14日下午，就江歌一案，香港演员马浚伟[微博]微博发长文，大呼“心很痛！”他在文中安抚江歌母亲早日走出悲痛，回忆起自己母亲因病离世的痛苦，马浚伟表示亲人离世的心碎，他感同身受。
88 5 2 2 3
而对于江歌的朋友刘鑫，马浚伟认为她是有错，但是“至少她不是直接有動機、有立場去殺害或有打算去殺害或傷害江歌的”。
88 6 2 3 3
而对于“罪魁祸首”嫌疑人陈世峰，马浚伟极力谴责，十分愤怒。
90 4 3 1 2
犯罪嫌疑人陈世峰将于下月受审，关于该案的一些法律问题也值得关注。
90 5 3 2 2
诸如：该案双方当事人均为中国人，为何案件要在日本审理？一旦陈世峰被法院判定为杀人凶手，他是否有可能回国执行刑罚？中国司法机关能否对凶手追责？几名国际刑法专家分析这些受人关注的法律问题。
90 6 4 1 1
北京师范大学刑事科学研究院教授、国际刑法专家黄风告诉新京报记者，目前犯罪嫌疑人陈世峰已经在日本受到刑事追诉，“如果要让他回来，需要依靠中日之间的司法合作，将其引渡或者遣返回国。但这个程序目前没有提起，而且一般来讲，日本方面可以以案件正在审理为由，拒绝中国的引渡请求。因为要在日本受审，中国司法机关无法对犯罪嫌疑人进行实际控制，目前无法行使管辖权。”
90 7 5 1 2
至于为何该案要在日本审理，记者了解到，根据属地管辖原则规定，一国公民在他国发生刑事犯罪，应按照犯罪发生地国法律优先的原则进行处理。
90 8 5 2 2
具体到本案，犯罪嫌疑人陈世峰与被害人江歌同为中国人，但根据属地原则，要依据日本刑法对案件进行审理。
90 14 9 1 1
郑泽善说，从目前情况来看，犯罪嫌疑人陈世峰是否会被判死仍不好判断，“即便被判死刑，中间可能也需要很长时间，日本对待死刑非常慎重，需要证据完全确凿、没有任何疑点，这要靠充分的调查。”
90 16 11 1 1
江歌案庭审临近，江歌母亲前往日本举行请愿署名活动，请求法院判决犯罪嫌疑人陈世峰死刑。
90 19 14 1 1
一旦法庭经审理认定犯罪嫌疑人陈世峰为凶手，中国司法机关能否对凶手继续追责？黄风称，如果凶手在日本执行刑罚完毕并被遣返回国，按照中国刑法规定，中国公民在境外犯罪，有可能在国内面临重新审判。
91 19 8 1 3
事实上，从案发以来，舆论已经经历过几次反复。
91 20 8 2 3
2016年11月3日，江歌在租住公寓前被杀，网络上充斥的是铺天盖地对留学生群体生活混乱的指责；其后，案发第42天，犯罪嫌疑人陈世峰被日本警方以杀人罪提起公诉，网络舆论则又倒向对陈变态行径的讨伐。
91 21 8 3 3
而现在，江母与刘鑫会面，舆论又纷纷指向刘鑫的不仁不义：为朋友两肋插刀，朋友却在岁月静好。
92 6 4 1 1
案发第42天，犯罪嫌疑人陈世峰被日本警方以杀人罪提起公诉，网络舆论瞬间倒向对陈世峰的口诛笔伐，呵责其行径颇为变态。
93 2 2 1 2
2016年11月3日，中国留学生江歌在日本遇害，嫌疑人陈世峰系江歌室友刘鑫的前男友，案件将于2017年12月在东京开庭审判。
93 3 2 2 2
网络上关于刘鑫案发后的行为如今在网上引起争论。
