20 1 1 1 5
在12日上午的江歌遇害案第二次开庭审理中，江歌的母亲江秋莲作为证人出席，接受了检方、辩方律师和法官的提问。
20 2 1 2 5
江秋莲情绪稳定，用词严谨，专注认真地回答了每一个问题。
21 1 1 1 4
今天上午，在日留学生江歌遇害案在东京进行第二次开庭审理。
21 2 1 2 4
在上午的庭审中，江歌的母亲江秋莲作为证人出席，接受了检方、辩护律师和法官的提问。
21 3 1 3 4
江秋莲情绪稳定，用词严谨，专注认真的回答了每一个问题。
58 1 1 1 1
12月10日，江歌的母亲江秋莲在东京浅草公会堂接受媒体采访时，哽咽落泪。
58 11 9 1 1
12月10日，江歌的母亲江秋莲在东京浅草公会堂接受媒体采访。
59 1 1 1 2
12月11日，引起舆论广泛关注的中国留学生江歌被杀案将在日本东京开庭。
59 2 1 2 2
昨日上午，江歌的母亲江秋莲在东京台东区浅草公会堂召开了小型媒体见面会。
62 6 3 1 2
12月11日，引起舆论广泛关注的中国留学生江歌被杀案将在日本东京开庭。
62 7 3 2 2
今日上午，江歌的母亲江秋莲在东京台东区浅草公会堂召开了小型媒体见面会。
64 1 1 1 3
中国留学生江歌被杀案将于12月11日在日本东京开庭，江歌的母亲于10日召开小型媒体见面会。
64 2 1 2 3
江母表示并不知道刘鑫是否会出庭作证。
64 3 1 3 3
关于对嫌犯的了解，她表示只从女儿那里听说过他和刘鑫的关系，说他对刘鑫有过争吵和暴力。
65 4 4 1 2
12月10日，江歌的母亲江秋莲在东京池袋的浅草公会堂接受媒体采访时，哽咽落泪。
65 5 4 2 2
图片来源：澎湃新闻姚为摄
65 9 7 1 2
12月10日，江歌的母亲江秋莲在东京池袋的浅草公会堂接受媒体采访。
65 10 7 2 2
图片来源：澎湃新闻姚为摄
66 1 1 1 2
12月10日，江歌的母亲江秋莲在东京池袋的浅草公会堂接受媒体采访时，哽咽落泪。
66 2 1 2 2
本文图均为姚为图
66 5 4 1 1
12月10日，江歌的母亲江秋莲在东京池袋的浅草公会堂接受媒体采访。
75 8 4 1 2
很多人都这么说，首先这么说的，是江歌的母亲。
75 9 4 2 2
然而，这么说显然是不正确的，江歌的死和刘鑫有很大的关系，但不只是江歌没想到，谁也不会想到陈世峰会做出如此极端的行为，江歌不是为刘鑫赴死的。
75 10 5 1 2
从江歌生前和刘鑫的交流上看，二人的感情不错，当刘鑫被前男友纠缠，江歌站出来为刘鑫挡驾，这是日常生活中常见的为闺蜜抵挡渣男的情节。
75 11 5 2 2
江歌生前曾经在电话里和她母亲提过这件事，江歌的母亲在接受采访时说，根本想不到陈世峰会杀人，提醒她们小心些，大不了是怕他急了会动手打人。
75 18 7 1 2
江歌的母亲明确地说，如果江歌明知面临危险，那么她不会去为刘鑫挡刀的，“她没有那么高尚，她没有那么伟大”。
75 19 7 2 2
当她这么说的时候，就自相矛盾了，当然她是意识不到的。
75 23 9 1 1
江歌的母亲称刘鑫在屋里反锁了房门，堵死了江歌逃生的路，否则江歌就可以进门并锁上门，再或者，如果江歌不在车站等刘鑫，早就回家了。
75 29 12 1 3
刘鑫说，她在听到外面江歌的尖叫后，试图开门，但开到一半，门就被撞回来了。
75 30 12 2 3
江歌的母亲语带讥讽地说，难道是江歌在外面把门关上的吗？是陈世峰把门关上，不让她出来的吗？这仍然是一厢情愿的假想，据此并不能完全推导出刘鑫在这个细节上撒谎了。
75 31 12 3 3
因为，当时陈世峰在行凶，搏斗中撞到门上，是可能的。
75 36 15 1 2
这就要区分刘鑫在整个事件中的两重责任，法律的和道义的。
75 37 15 2 2
在法律上，刘鑫不是凶手，但她作为证人，有责任配合调查，这是她想推卸也推卸不了的；道义上，江歌之死由她而起，她的确负有道义上的责任，应该对江歌的母亲有所交代。
75 38 16 1 3
但是，道义上的责任是非强制性的。
75 39 16 2 3
对刘鑫而言，这是一种“我不杀伯仁，伯仁却因我而死”的境地，最佳的方式是刘鑫主动对江歌的母亲表示歉意、同情，甚至在某种程度上替代江歌的位置，反之，如果她不这样做，江歌母亲会感到失望、心寒，但没有权利强制要求刘鑫做什么。
75 40 16 3 3
这是人与人之间关系的常理。
75 41 17 1 3
刘鑫一直没有面对江歌的母亲，固然主要责任在刘鑫，但江歌的母亲也不是没有责任。
75 42 17 2 3
据刘鑫说，案发后的一些天，她都在配合警察调查取证，包括江歌的葬礼，也是警察不同意她出席。
75 43 17 3 3
这是具有可信性的，毕竟这么严重的命案发生，刘鑫是关键证人，配合警察工作，没有完全的行动自由，是可以理解的。
75 44 18 1 2
江歌的母亲在案件侦破阶段，就发微博称，怀疑作案的是刘鑫的前男友，还发出了刘鑫的照片。
75 45 18 2 2
这就把刘鑫推到了风口，刘鑫对此表达了不满。
75 46 19 1 4
之后江歌的母亲持续地发微信给刘鑫，这些话现在都在网上公布了。
75 47 19 2 4
说实在话，她提给刘鑫的问题其实应由负责破案的警察来回答的，至于她追问的当晚的“真相”，跟案件侦破比起来，并不是重要的问题。
75 50 20 1 3
后来，江歌的母亲为了逼刘鑫来见她，在网上发布刘鑫和家人的信息，并打印出来在刘鑫家附近四处张贴。
75 51 20 2 3
当时，她提出的说法是“江歌的冤魂等你作证”，可是，案件尚未开庭，何来作证一说？刘鑫至今也没有拒绝出庭作证。
75 52 20 3 3
刘鑫之母口出“是你女儿命短”的恶言，是在江母张贴其私人信息之后，虽然有错，但事出有因。
75 54 22 1 3
以上所说，有显得残忍之处。
75 55 22 2 3
江歌的母亲中年丧女，悲痛可以理解，遭遇值得同情，然而也要知道，她的想法在悲伤情绪的支配下，偏离了正常轨道。
75 56 22 3 3
正确的做法是帮助她、安抚她，让她回到正常的生活，而不是附和她，让她在偏激的方向上越走越远。
75 60 25 1 1
比如“宇宙第一网红”咪蒙，她对案发后刘鑫的表现做了这样的概括：“迅速地把她（江歌）妈妈拉黑，欢天喜地地烫头发，买新的包，和朋友出去吃饭，自拍发朋友圈。如果她妈妈找上门来，就骂她女儿命短，撇清所有关系。”这是赤裸裸的无耻的断章取义，刘鑫并没有拉黑江歌的母亲，“骂她女儿短命”是发生在江歌母亲四处张贴刘家信息之后，前面说了，话说得不对，但事出有因。
79 1 1 1 3
近日，中国留学生江歌在日本被害案再次引发舆论关注。
79 2 1 2 3
凶手陈世峰，即江歌室友刘鑫的前男友，已经被日本警方抓捕。
79 3 1 3 3
而刘鑫迟迟没有面对媒体以及江歌的母亲，江歌的母亲则在网上公开了刘鑫的个人信息，双方在网上发生隔空冲突。
85 1 1 1 2
当国内的舆论处在一片对刘鑫的讨伐声中时，江歌的母亲江秋莲正在日本街头征集网友签名，呼吁判处凶手陈世峰死刑。
85 2 1 2 2
此刻的她，最揪心的是：按照日本法律，那个残忍杀害自己独生女儿的凶手陈世峰可能不会被判死刑。
86 1 1 1 2
11月11号，一段留日遇害女学生江歌的母亲和刘鑫（江歌室友）会面采访的视频经网络公布。
86 2 1 2 2
一时间，“江歌遇害案”再次成为舆论的焦点。
87 11 4 1 3
目前，为寻求判决杀人犯陈世峰死刑，江歌的母亲正在日本征集在日华人和当地民众的签名。
87 12 4 2 3
江歌的母亲在日期间，获得在日华人团体的帮助。
87 13 4 3 3
每一个了解该案件的人都为这个失去女儿的母亲而动容。
87 11 4 1 3
目前，为寻求判决杀人犯陈世峰死刑，江歌的母亲正在日本征集在日华人和当地民众的签名。
87 12 4 2 3
江歌的母亲在日期间，获得在日华人团体的帮助。
87 13 4 3 3
每一个了解该案件的人都为这个失去女儿的母亲而动容。
89 10 7 1 1
江歌的母亲独自把江歌抚养长大，含辛茹苦的供养她上大学，用拆迁款送江歌去日本留学，却落得和女儿阴阳两隔的下场。
93 7 5 1 2
据日本警方调查结论，犯罪嫌疑人为与江歌同住女孩刘鑫的前男友陈世峰。
93 8 5 2 2
据媒体报道，事发后，刘鑫迟迟没有面对媒体以及江歌的母亲，双方甚至在网上发生隔空冲突。
93 21 13 1 1
“从江歌的母亲来讲，争议点在于其将刘鑫的个人信息公布于网络上，根据刑法修正案九以及两高的司法解释，江歌母亲的行为面临触法风险。”彭新林表示，根据司法解释规定，非法获取、出售或者提供公民个人信息达到一定数量即可入罪。
98 11 6 1 2
刘鑫的做法显然没有违反法律，她不能为江歌的死承担责任，在法律和道德上都如此。
98 12 6 2 2
问题在于，她是否必须去安慰江歌的母亲，当她和父母在微信上拉黑江歌母亲，并且可能在电话里与她吵嘴，说了不敬之语的时候，这个家庭是否已经处在道德上“十恶不赦”的位置？
100 5 3 1 2
事发后，凶手被日本警方抓捕，但刘鑫迟迟没有面对媒体以及江歌的母亲，甚至在网上，双方发生隔空冲突。
100 6 3 2 2
无奈之下，江歌母亲在网上公开刘鑫的全部个人信息，引发了网民的大规模人肉。
100 9 6 1 1
江歌因刘鑫而死，但刘鑫却一度“拉黑”江歌的母亲，这让网友们很难接受。
