2
36 28 21 1 2
A：刘鑫在接受新京报采访时回忆，听到江歌第一声尖叫就去推门，推开30公分被一股力推了回来，第二次再推就推不动了。
36 29 21 2 2
她说，“我没有堵住门，第一时间去开门了，门从外面被反推了回来，再也没推开。”她还表示，“警察来了之后，我是直接开的门。”刘鑫说，直到警察到来，她都没有出门看一眼。
3
36 38 27 1 3
B：江秋莲在微博文章中写道，所有在日本居住的人都知道，日本房子隔音很差，刘鑫不会什么都没听见。
36 39 27 2 3
她在两人见面时问刘鑫，“江歌第一声尖叫你就推门了？”刘鑫给出了肯定的回答。
36 40 27 3 3
刘鑫在面对江秋莲时表示，“（我）报完警之后，能听到门外有窸窸窣窣很小的声音。”
2
44 54 42 1 2
A：刘鑫在接受采访时回忆，听到江歌第一声尖叫就去推门，推开30公分被一股力推了回来，第二次再推就推不动了。
44 55 42 2 2
她说，“我没有堵住门，第一时间去开门了，门从外面被反推了回来，再也没推开。”她还表示，“警察来了之后，我是直接开的门。”刘鑫说，直到警察到来，她都没有出门看一眼。
3
44 64 48 1 3
B：江秋莲在微博文章中写道，所有在日本居住的人都知道，日本房子隔音很差，刘鑫不会什么都没听见。
44 65 48 2 3
她在两人见面时问刘鑫，“江歌第一声尖叫你就推门了？”刘鑫给出了肯定的回答。
44 66 48 3 3
刘鑫在面对江秋莲时表示，“（我）报完警之后，能听到门外有窸窸窣窣很小的声音。”
2
55 20 14 1 2
刘鑫在接受新京报采访时回忆，听到江歌第一声尖叫就去推门，推开30公分被一股力推了回来，第二次再推就推不动了。
55 21 14 2 2
她还表示，“警察来了之后，我是直接开的门。”刘鑫说，直到警察到来，她都没有出门看一眼。
3
55 27 18 1 3
但江秋莲此前在微博文章中写道，所有在日本居住的人都知道，日本房子隔音很差，刘鑫不会什么都没听见。
55 28 18 2 3
她在两人见面时问刘鑫，“江歌第一声尖叫你就推门了？”刘鑫给出了肯定的回答。
55 29 18 3 3
刘鑫在面对江秋莲时表示，“（我）报完警之后，能听到门外有窸窸窣窣很小的声音。”
2
58 51 40 1 2
A：刘鑫在接受新京报采访时回忆，听到江歌第一声尖叫就去推门，推开30公分被一股力推了回来，第二次再推就推不动了。
58 52 40 2 2
她说，“我没有堵住门，第一时间去开门了，门从外面被反推了回来，再也没推开。”她还表示，“警察来了之后，我是直接开的门。”刘鑫说，直到警察到来，她都没有出门看一眼。
3
58 61 46 1 3
B：江秋莲在微博文章中写道，所有在日本居住的人都知道，日本房子隔音很差，刘鑫不会什么都没听见。
58 62 46 2 3
她在两人见面时问刘鑫，“江歌第一声尖叫你就推门了？”刘鑫给出了肯定的回答。
58 63 46 3 3
刘鑫在面对江秋莲时表示，“（我）报完警之后，能听到门外有窸窸窣窣很小的声音。”
2
65 26 17 1 2
刘鑫在接受新京报采访时回忆，听到江歌第一声尖叫就去推门，推开30公分被一股力推了回来，第二次再推就推不动了。
65 27 17 2 2
她还表示，“警察来了之后，我是直接开的门。”刘鑫说，直到警察到来，她都没有出门看一眼。
3
65 33 21 1 3
但江秋莲此前在微博文章中写道，所有在日本居住的人都知道，日本房子隔音很差，刘鑫不会什么都没听见。
65 34 21 2 3
她在两人见面时问刘鑫，“江歌第一声尖叫你就推门了？”刘鑫给出了肯定的回答。
65 35 21 3 3
刘鑫在面对江秋莲时表示，“（我）报完警之后，能听到门外有窸窸窣窣很小的声音。”
2
66 51 39 1 2
A：刘鑫在接受采访时回忆，听到江歌第一声尖叫就去推门，推开30公分被一股力推了回来，第二次再推就推不动了。
66 52 39 2 2
她说，“我没有堵住门，第一时间去开门了，门从外面被反推了回来，再也没推开。”她还表示，“警察来了之后，我是直接开的门。”刘鑫说，直到警察到来，她都没有出门看一眼。
3
66 61 45 1 3
B：江秋莲在微博文章中写道，所有在日本居住的人都知道，日本房子隔音很差，刘鑫不会什么都没听见。
66 62 45 2 3
她在两人见面时问刘鑫，“江歌第一声尖叫你就推门了？”刘鑫给出了肯定的回答。
66 63 45 3 3
刘鑫在面对江秋莲时表示，“（我）报完警之后，能听到门外有窸窸窣窣很小的声音。”
2
67 49 37 1 2
A：刘鑫在接受新京报采访时回忆，听到江歌第一声尖叫就去推门，推开30公分被一股力推了回来，第二次再推就推不动了。
67 50 37 2 2
她说，“我没有堵住门，第一时间去开门了，门从外面被反推了回来，再也没推开。”她还表示，“警察来了之后，我是直接开的门。”刘鑫说，直到警察到来，她都没有出门看一眼。
3
67 59 43 1 3
B：江秋莲在微博文章中写道，所有在日本居住的人都知道，日本房子隔音很差，刘鑫不会什么都没听见。
67 60 43 2 3
她在两人见面时问刘鑫，“江歌第一声尖叫你就推门了？”刘鑫给出了肯定的回答。
67 61 43 3 3
刘鑫在面对江秋莲时表示，“（我）报完警之后，能听到门外有窸窸窣窣很小的声音。”
