6
7 10 4 2 2
失去格林对特雷莎·梅来说是一个打击，因为格林几十年来一直是她的朋友和强有力的盟友，并且在英国内阁中执行她的政策。
7 11 5 1 2
随着英国脱欧谈判进入最敏感的阶段，围绕特雷莎·梅领导地位的风暴也加剧了。
7 12 5 2 2
欧盟将12月4日设立为截止日期，要求特雷莎·梅就陷入僵局的脱欧法案提供更好的解决法案，其内容包括脱欧分手费，对欧盟公民权利的法律保护，以及避免英国和爱尔兰出现新的边境。
7 13 6 1 1
如果特雷莎·梅不能说服其他27个欧盟国相信，她在这第三个问题上提供的新建议是可以被接受的话，那么她将不被允许开始谈判与欧盟就新的自由贸易协定，或者是企业渴望的脱欧过渡时期。
7 14 7 1 2
双方都希望，谈判能从脱欧条款转移到第二阶段，转移到12月14日欧洲领导人峰会对英国与欧盟未来关系的焦点上来。
7 15 7 2 2
英国官员担心，如果在年底前没有达成脱欧协议，谈判将面临破裂。
2
7 20 9 2 2
该信还指出，如果不同意这些条款，欧盟就不能从英国支付的600亿欧元（710亿美元）的脱欧分手费中获得一分钱。
7 21 10 1 2
12月3日，英国内阁大臣亨特（JeremyHunt）证实，有报道称，特雷莎·梅正计划允许欧洲央行在英国脱欧后，在保护在英欧盟公民的权利方面发挥作用。
5
11 1 1 1 1
爱尔兰新任副总理柯文尼（SimonCoveney）表示，爱尔兰无意推迟英国脱欧谈判，但他也警告称，爱尔兰与北爱尔兰边境问题没有取得足够的进展。
11 2 2 1 2
虽然爱尔兰没有在寻找“完整的细节”，但其正在就边境问题寻找可能的解决办法。
11 3 2 2 2
柯文尼发表此番言论的一周后，英国和欧盟就将决定是否推进脱欧谈判至下一阶段。
11 4 3 1 1
12月4日，英国首相特雷莎·梅（TheresaMay）将与欧盟委员会主席容克（Jean-ClaudeJuncker）进行午餐会，以评估以下三方面的谈判是否取得了足够进展：公民的三大核心权利、脱欧分手费以及爱尔兰和北爱尔兰的边境问题。
11 5 4 1 1
其他27个成员国将于12月6日举行会议，决定是否进行第二阶段的会谈。
10
11 21 12 1 2
英国首相特雷莎·梅将与欧盟委员会主席容克共进午餐，该计划被广泛认为是特雷莎·梅说服欧盟推动脱欧谈判的一个机会。
11 22 12 2 2
和爱尔兰边境问题一样，欧盟认为其他要解决的问题还包括英国向欧盟支付的脱欧分手费，以及居住在英国的欧盟公民地位问题。
11 23 13 1 1
在与特雷莎·梅进行午餐会之前，容克还将会见欧洲议员，可能就英国提供的公民权利展开谈论。
11 24 14 1 4
上周，英国的脱欧分手费的谈判取得了一定进展。
11 25 14 2 4
英国向欧盟提出的脱欧费用为500亿欧元（440亿英镑）。
11 26 14 3 4
不过，一些支持英国脱欧的人士认为，这一数字过高了。
11 27 14 4 4
12月3日，一个支持“硬脱欧”的活动团体“脱欧就是脱欧”（LeaveMeansLeave）向首相特雷莎·梅发出了一封公开信，敦促她不要在没有达成一系列协议的情况下解决脱欧法案。
11 28 15 1 3
12月1日，欧洲理事会主席图斯克（DonaldTusk）表示，欧盟完全支持爱尔兰不要硬边境的要求。
11 29 15 2 3
他表示，爱尔兰的要求就是欧盟的要求。
11 30 15 3 3
图斯克还表示，在脱欧谈判进入下一阶段之前，他将与爱尔兰总理进行磋商。
6
16 5 4 1 1
“基于英国准备完全遵守脱欧分手费的承诺，而英国与爱尔兰有很大机会不久就能够对爱尔兰边界问题达成妥协，我们现在认为英国与欧盟到2019年3月在没有达成未来贸易协议情况下分手的风险下降，”Berenberg分析师称。
16 6 5 1 1
路透在11月27日至30日进行调查，绝大多数受访分析师认为，脱欧谈判最后应该会达成英国欧盟自由贸易协定，结果与先前几次调查一致。
16 7 6 1 1
“如果英国谈判代表没有谈成自贸协议，或者双方未能至少同意就谈判进行会谈，那么他们就是失职，”德国商业银行的PeterDixon表示。
16 8 7 1 1
这项调查发现，第二种最可能的结果是英国在没有达成协议的情况下退出欧盟，根据世界贸易组织(WTO)的基本原则与欧洲进行贸易。
16 9 8 1 2
第三种最可能的结果则是利用欧洲经济区(EEA)成员的身份，英国缴纳费用，以保持欧盟单一市场的全面准入。
16 10 8 2 2
可能性最低的选项是撤销脱欧决定。
2
17 18 9 1 2
企业都要求能在12月就边境问题达成协议，而英镑也因该协议有望达成而出现反弹。
17 19 9 2 2
11月30日，因脱欧分手费达成了大致协议，脱欧谈判因此取得一定突破，英镑一度上涨1%至1.3549美元。
4
22 1 1 1 2
多家英国媒体11月29日称，英国与欧盟已在“脱欧分手费”问题的谈判中取得较大进展。
22 2 1 2 2
据估计，英国可能将向欧盟支付大约500亿英镑（约合674亿美元）。
22 3 2 1 2
《卫报》说，英国在“分手费”谈判中向欧盟让步，欧盟官员不愿讨论“分手费”的具体金额，预计最终可能在530亿至580亿英镑（约合714亿至781亿美元）之间。
22 4 2 2 2
《每日电讯报》则说，英欧在“分手费”上已达成协议，最终金额取决于用何种方式计算，估计在450亿至550亿欧元（约合534亿至652亿美元）之间。
6
25 1 1 1 2
英国伦敦主要的街道上的圣诞彩灯。
25 2 1 2 2
新华社发
25 3 2 1 2
多家英国媒体11月29日称，英国与欧盟已在“脱欧分手费”问题的谈判中取得较大进展。
25 4 2 2 2
据估计，英国可能将向欧盟支付大约500亿英镑（约合674亿美元）。
25 5 3 1 2
分析人士指出，如果消息属实，这将是“脱欧”谈判正式启动以来英欧双方取得的第一个实质性进展。
25 6 3 2 2
尽管如此，这一史无前例的谈判仍有许多“硬骨头”要啃。
3
27 1 1 1 2
多家英国媒体11月29日称，英国与欧盟就“脱欧分手费”的谈判取得较大进展，为“脱欧”谈判进入第二阶段扫清了一大障碍。
27 2 1 2 2
但舆论普遍认为，另一核心议题英国与爱尔兰边界问题可能成为“脱欧”谈判进程中新的“拦路虎”，这为即将迎来关键期——欧盟“最后期限”的“脱欧”谈判增添变数。
27 3 2 1 1
12月4日是欧盟为英国“脱欧”谈判设定的“最后期限”，届时英国首相特雷莎·梅将与欧盟委员会主席容克举行关键性会谈，努力就“脱欧分手费”一事达成共识，为启动第二阶段“脱欧”谈判扫清一大障碍。
4
28 1 1 1 2
多家英国媒体11月29日称，英国与欧盟已在“脱欧分手费”问题的谈判中取得较大进展。
28 2 1 2 2
据估计，英国可能将向欧盟支付大约500亿英镑(约合674亿美元)。
28 3 2 1 2
分析人士指出，如果消息属实，这将是“脱欧”谈判正式启动以来英欧双方取得的第一个实质性进展。
28 4 2 2 2
尽管如此，这一史无前例的谈判仍有许多“硬骨头”要啃。
2
30 7 5 1 1
不过据FX678观察，据泰晤士报报道，英国正接近就北爱尔兰边界问题达成协议，英国官员本周做出提案避免在爱尔兰出现“硬边界”，欧盟领袖们正准备在有关边界谈判接近达成协议后，提供英国退欧两年的过渡期协议。
30 8 6 1 1
英国脱欧分手费似有着落，虽然爱尔兰边境问题仍棘手，但对于最终脱欧协议的达成而言，迈出了最为重要的一步。
3
32 1 1 1 3
央视网消息：有英国媒体28号报道称，英国与欧盟已就“脱欧分手费”达成协议，称英国最终支付给欧盟的“分手费”可能在450至550亿欧元之间，约合3524至4307亿元人民币之间。
32 2 1 2 3
如果消息属实，这将是今年年初“脱欧”谈判正式启动以来英欧双方取得的第一个实质性进展。
32 3 1 3 3
但在29号，英国和欧盟两方面都否认双方已经就“分手费”达成一致。
5
34 1 1 1 2
央视网消息：29号，正在科特迪瓦参加会议的英国外交大臣鲍里斯·约翰逊表示，他希望12月欧盟冬季峰会后脱欧谈判能够进入下一阶段。
34 2 1 2 2
那么在脱欧谈判的第一阶段，除了分手费之外，双方还在谈些什么呢？来看报道。
34 3 2 1 2
根据今年4月底欧盟通过的英国“脱欧”谈判指导方针，“脱欧”谈判将分阶段进行，其中第一阶段的重点是公民权利、“脱欧分手费”以及英国与爱尔兰的边界安排。
34 4 2 2 2
方针强调，只有在第一阶段谈判取得“充分进展”后，才能开启第二阶段关于欧盟和英国未来关系的商讨，也就是鲍里斯·约翰逊所提到的“正式谈判”。
34 5 3 1 4
而在第一阶段谈判中，主要包括三大核心议题。
4
34 6 3 2 4
首先是公民权利问题。
34 7 3 3 4
英国“脱欧”可能影响约300万在英国生活的欧盟其他国家公民，如何保证他们的权利和地位是欧盟对英谈判的首要议题。
34 8 3 4 4
欧盟指导方针特别提到，必须保证这些公民在连续5年合法居留之后获得永久居留权的权利，而且“公民应该能够通过顺利和简单的行政程序行使权利”。
34 9 4 1 4
另一个棘手的难题是英国应支付的“脱欧分手费”。
3
37 1 1 1 1
英国"脱欧"谈判进展得似乎不太顺利，昨天（29日）英国媒体传出，外界极为瞩目的"脱欧分手费"已达成协议，称英国最终支付给欧盟的"分手费"可能在450至550亿欧元，约合3524至4307亿元人民币之间。不过，英国和欧盟当天均否认双方已经就"分手费"达成一致。
37 2 2 1 2
欧盟首席谈判代表巴尼耶昨天在德国柏林指出，欧盟与英国尚未就分手费等关键问题达成一致，将在下周的会议上继续就此进行谈判。
37 3 2 2 2
巴尼耶说，"我想指出的是，脱欧法案、爱尔兰边界和公民权利这三个项目，尚未如我所愿那样达成一致。我们还需要继续努力，希望很快能在下个星期看到就英国有序脱欧的基本原则达成一致意见。"
4
40 1 1 1 3
有英国媒体28日报道称，英国与欧盟已就“脱欧分手费”达成协议，称英国最终支付给欧盟的“分手费”可能在450至550亿欧元之间，约合3524至4307亿元人民币之间。
40 2 1 2 3
如果消息属实，这将是今年年初“脱欧”谈判正式启动以来英欧双方取得的第一个实质性进展。
40 3 1 3 3
但在29日，英国和欧盟两方面都否认双方已经就“分手费”达成一致。
40 4 2 1 3
29日，英国首相特雷莎·梅的发言人拒绝对媒体发布的有关脱欧“分手费”的消息发表评论，并称消息只是“推测”。
7
40 15 6 1 2
据一些英国和欧洲媒体报道，最终英国的“脱欧分手费”可能在450至550亿欧元之间，而欧盟此前要求的“分手费”为600亿欧元。
40 16 6 2 2
那么如此巨额的分手费是如何算出来的呢？
40 17 7 1 3
欧盟首席谈判代表米歇尔·巴尼耶曾透露过欧盟正在考量的计算方法。
40 18 7 2 3
若欧盟其他国家同意这一计算方法，届时该计算方案将形成最终“脱欧”法案。
40 19 7 3 3
不过这一考量方法关键的变量是英国“脱欧”时，该国占欧盟资产与负债份额，但这一变量有很大的不可控性。
40 20 8 1 1
一名叫亚历克斯·巴克的记者在给英国一智库写了一个名叫“一张六百亿的脱欧账单”的报告，依据欧盟委员会的内部数据，并用不同方式反复演算后得出了需要支付六百亿的账单结论，这与布鲁塞尔的计算结果相距不远。
40 21 9 1 5
第一，以往作出的支付承诺。
3
43 1 1 1 2
据新华社电多家英国媒体29日称，英国与欧盟就“脱欧分手费”的谈判取得较大进展，英国将向欧盟支付约500亿英镑。
43 2 1 2 2
这将是今年年初“脱欧”谈判正式启动以来英欧双方取得的第一个实质性进展。
43 3 2 1 2
《卫报》报道说，英国在“分手费”谈判中向欧盟让步，最终将支付约500亿英镑。
4
44 1 1 1 1
FX168财经报社（香港）讯法国兴业银行（SocGen）周三（11月29日）发布客户报告称，此前媒体报道称，欧盟与英国在脱欧分手费用上达成了一致，这是一大利好因素，但绝非关键点。
44 2 2 1 1
该行分析师指出：“在英国举行公投的前三十年，英镑兑美元平均被高估了14%。而在公投之后，英镑又转入了被低估的境遇，平均约为12%。除了与欧盟的谈判之外，爱尔兰与英国的边境问题才是下一步走势的关键。”
44 3 3 1 1
该行分析师补充道：“考虑到近期一直处于被低估的状态，任何出现的利好消息都会激发英镑强势反弹。”
44 4 4 1 1
北京时间03：33，英镑/美元报1.3425。
4
45 1 1 1 1
周三（11月29日）英镑周三涨至两个月高位，此前欧盟外交官称，英国就脱欧事宜已经向欧盟要求“靠拢”，但关键问题仍存分歧的忧虑限制英镑涨幅。
45 2 2 1 2
有位英国政府官员质疑《每日电讯报》有关英国脱欧分手费最终的金额可能在450-550亿欧元之间的报道。
45 3 2 2 2
投资者将此分手费金额看做是一个压力释放，提振英镑从周二低位大涨逾1.5%，自10月初以来首次升至1.34美元之上。
45 4 3 1 1
ColumbiaThreadneedleInvestments副全球首席信息官MarkBurgess称，“昨晚的消息明显是个好消息，如果未来30-40年支付约400或者500亿欧元，换来一个好的贸易协议，那么英国经济前景将好于之前，但我仍认为脱欧将产生负面影响。”
3
47 1 1 1 2
据英国媒体和欧洲国家一些媒体报道，英国政府即将与欧盟就“脱欧分手费”达成协议，数额在400-500亿英镑之间，是之前英国政府同意支付数额的2到3倍。
47 2 1 2 2
这一消息尚未得到官方证实。
47 3 2 1 2
欧盟谈判代表巴尼尔29号在受访时表示，有关分手费的谈判还在进行中。
3
48 1 1 1 2
新华社伦敦１１月２９日电（记者桂涛）多家英国媒体２９日称，英国与欧盟就“脱欧分手费”的谈判取得较大进展，英国将向欧盟支付约５００亿英镑。
48 2 1 2 2
这将是今年年初“脱欧”谈判正式启动以来英欧双方取得的第一个实质性进展。
48 3 2 1 2
《卫报》报道说，英国在“分手费”谈判中向欧盟让步，最终将支付约５００亿英镑。
6
51 1 1 1 1
英国和欧盟就脱欧法案中的分手费问题达成了初步协议，扫清了脱欧谈判的一大障碍，但这却也意味着，爱尔兰边境的棘手问题已经成为脱欧谈判的又一个主要障碍。
51 2 2 1 2
据一位知情人士透露，尽管欧洲各国政府尚未就此签署相关协议，但谈判代表已经就英国的脱欧分手费达成初步协议。
51 3 2 2 2
对于提出的分手费数字是否过高，从而导致脱欧谈判破裂，欧盟领导人对此拥有最终的话语权。
51 4 3 1 1
一些不愿意透露姓名的英国官员表示，最终的协议尚未敲定，但欧洲脱欧部门在声明中表示，将以近期的势头为基础进行密集的谈判。
51 5 4 1 3
最近几个月来，脱欧谈判一直在进行但几乎陷入僵局，这意味着关键的贸易问题谈判还没有开始。
51 6 4 2 3
贸易条款将适用于英国脱欧后的情况，现在距离英国在2019年3月正式脱欧，已经只剩下不到16个月的时间。
2
51 12 7 1 2
脱欧法案取得进展是英国愿意支付部分费用后的结果，比如英国作为欧盟成员国的预算费用，以及未来养老金等其他负债。
51 13 7 2 2
英国《金融时报》报道称，欧盟要求英国至少支付600亿欧元（710亿美元）的脱欧分手费，而拟议中协议的部分内容是，英国的支付时间横跨几年，使其最终应该支付的数字变得难以计算。
3
51 18 10 1 2
爱尔兰对这一阶段的脱欧谈判具有有效否决权。
51 19 10 2 2
如果不满意英国如何避免硬边界的提议，那么在12月的峰会上，爱尔兰可以阻止让脱欧谈判的主题从脱欧分手费转向贸易。
51 20 11 1 3
爱尔兰外长柯文尼（SimonCoveney）表示，英国和欧盟的团队正在讨论边境问题上的承诺，这将使谈判能够推进到讨论贸易的阶段。
4
51 25 13 1 2
据英国《每日电讯报》报道，这项脱欧法案基于这样一个原则：英国的脱欧分手费将位于450亿欧元-550亿欧元（合530亿-650亿美元）之间。
51 26 13 2 2
《每日电讯报》报道称，这一数字使其背后的目的变得模糊不清。
51 27 14 1 3
《金融时报》援引匿名外交官的话表示，英国已经接受了高达1000亿欧元的债务，这些债务的时间跨度为几十年，最终的净支付可能不及这一数字的一半。
51 28 14 2 3
《金融时报》还表示，这些费用将不会一次性支付，但会在未来数年到期后逐步支付。
6
51 29 14 3 3
比如，在前欧盟雇员的养老金问题上，将继续按年支付，直到最后一个接受者去世。
51 30 15 1 2
两名熟悉谈判的欧洲政府官员向彭博表示，欧盟预期报出400亿欧元的脱欧分手费，但没有详细说明这一数字是否足够。
51 31 15 2 2
另一位欧盟政府官员表示，援引《每日电讯报》提出的分手费范围符合欧盟的预期。
51 32 16 1 4
据另一位知情人士透露，英国在金融结算方面一直很有建设性。
51 33 16 2 4
他们都要求不要透露自己的姓名，因为谈判尚未最终敲定，而且此事也非常敏感。
51 34 16 3 4
欧盟官员表示，欧洲方面可能会帮助掩盖这一法案。
5
53 1 1 1 1
据英国媒体援引英国和欧盟双方的消息人士的话称，英国和欧盟已经就所谓的英国脱欧“分手费”达成了一项协议，这为英国退欧的进程扫除了一大障碍。
53 2 2 1 4
英国每日电讯报指出，最终的分手费还未完全确定，预计将介于450亿欧元和550亿欧元之间。
53 3 2 2 4
不过，英国政府官员向路透社表示，“不承认”英国《每日电讯报》关于英国脱欧费用的报道。
53 4 2 3 4
而据英国《金融时报》援引外交官员称，英国同意履行欧盟1000亿欧元的债务，最终净支付额将少于该债务的一半。
53 5 2 4 4
英国与欧盟就英国脱欧分手费用达成协议的消息公布后，英镑兑美元跌幅收窄后大涨，截至28日纽约汇市尾市，1英镑兑换1.3376美元。
4
57 1 1 1 1
欧盟消息人士周二称，英国已提出支付欧盟要求的英国脱欧分手费金额中的大部分，使得双方接近就阻碍二者启动未来自贸协定谈判的一个关键问题达成一致。
57 2 2 1 1
据英国报纸报导，英国同意支付的金额约为500亿欧元，相当于欧盟要求英国支付金额的大部分。
57 3 3 1 2
一位英国政府官员称，他们“并不认可”对协商的这一叙述。
57 4 3 2 2
英国首相特雷莎·梅（TheresaMay）于周一出访布鲁塞尔。
6
60 1 1 1 2
周二（11月28）英镑兑美元在纽约盘时段快速反弹近百点，因英国每日电讯报报道，英国与欧盟据称就脱欧分手费达成一致。
60 2 1 2 2
英镑兑美元现交投于1.3320一线，涨0.03%。
60 3 2 1 2
稍早交易时段，英镑兑美元一度跌逾0.5%，因美元走强，且爱尔兰边境问题成为脱欧前景中新的不确定性因素。
60 4 2 2 2
而脱欧谈判的一大主要分歧点，脱欧分手费问题若能达成一致，将很大程度化解市场对脱欧谈判不确定性的担忧。
60 5 3 1 1
瑞穗银行对冲基金销售部门主管NeilJones表示，投资者之前对英国退欧议案的前景相当乐观，打算推高英镑，但爱尔兰边境问题终止了这一势头。
60 6 4 1 2
市场原本对下月进行的英国脱欧谈判会取得突破的希望增强。
5
63 7 6 1 2
阿泽维多指出，英国对外贸易中已有大约半数采用世贸条款。
63 8 6 2 2
英国希望与第三国家签署自由贸易协议，但在英国完成脱欧谈判之前，它无法与其他国家签署自由贸易协议。
63 9 7 1 3
欧盟领导人将于下月开会，就何时与英国开始进行贸易谈判进行磋商。
63 10 7 2 3
欧盟坚持英国必须先就脱欧分手费与爱尔兰边界问题达成协议之后，才进行贸易谈判。
63 11 7 3 3
（实习编辑：周思敏审核：田瑞哲）
3
65 16 5 1 3
此外，英国和欧盟之间就脱欧分手费尚未达成一致意见。
65 17 5 2 3
虽然英国愿意支付预算费用，适当提高脱欧分手费，但还远远达不到欧盟的要求。
65 18 5 3 3
未来英国将继续与欧盟就脱欧进行谈判，谈判的内容包括脱欧分手费以及贸易协议。
7
87 10 7 1 2
英国脱欧事务大臣戴维斯周二表示，达成协议是谈判最可能出现的结果。
87 11 7 2 2
但他还表示，英国政府已经为无协议脱欧作好了准备。
87 12 8 1 3
特雷莎梅周一（11月20日）与内阁高层官员开会，讨论如何回应欧盟的要求。
87 13 8 2 3
欧盟要求英国更具体说明该国打算支付多少脱欧分手费。
87 14 8 3 3
特雷莎梅这次与官员们会谈，外界预计她对欧盟分手费的开价，将超过她9月在佛罗伦萨发表演说时所做的承诺。
87 15 9 1 2
有媒体报导称，内阁官员已同意给出高于特雷莎梅当前承诺的报价，不过并不统一。
87 16 9 2 2
有分析人士称，这将会限制英镑的任何上涨空间。
6
95 1 1 1 1
中新网11月19日电据外媒报道，欧洲理事会主席图斯克日前表示，脱欧谈判若要进入下一阶段，英国必须在12月初针对分手费议题上表态，欧盟才能对过渡时期及未来双方新关系提出方向。
95 2 2 1 1
英国脱欧谈判展开半年以来进展缓慢，图斯克(DonaldTusk)17日与英国首相特蕾莎·梅会面，双方讨论脱欧谈判时程，这次欧盟对英国提出时间表压力。
95 3 3 1 1
图斯克指出，英国若想谈判进入讨论下一阶段，也就是双方开始讨论未来贸易关系安排，那么英国必须在12月初之前有更多进展，他才能提出进一步指示。
95 4 4 1 1
据悉，欧盟目前与英国的谈判3大核心议题为分手费、公民权利及爱尔兰边界，其中分手费问题双方差距大，欧盟态度是双方若要在12月的会议前达成“足够的进展”，英国需在未来2周内说明立场，否则就得做出让步。
95 5 5 1 1
英国脱欧分手费到底多少？有消息称，欧盟方面认为英国应该承担会员国时期的财务责任高达600亿欧元。
95 6 6 1 1
不过，虽然脱欧谈判进展缓慢，但欧盟方面既定执行欧盟机构搬迁计划，欧盟即将在11月20日投票，决定英国脱欧后欧洲银行及药品2大管理局新总部落脚何处，目前共有19个城市争取欧洲药品管理局进驻、8个城市希望欧洲银行管理局能搬到当地。
