5
22 5 3 1 5
分析人士指出，如果消息属实，这将是“脱欧”谈判正式启动以来英欧双方取得的第一个实质性进展。
22 6 3 2 5
尽管如此，这一史无前例的谈判仍有许多“硬骨头”要啃。
22 7 3 3 5
最近几天，爱尔兰边界问题和双方公民权利问题已取代“分手费”问题，成为舆论关注的焦点。
22 8 3 4 5
特别是爱尔兰边界问题，预计将成为下一阶段谈判的重点。
22 9 3 5 5
■据新华社
4
23 6 4 1 2
依照规程，英国定于２０１９年３月２９日正式退出欧盟。
23 7 4 2 2
欧盟要求英国在１２月４日以前就“分手费”、在英欧盟公民权利以及英国与爱尔兰边界这三大议题拿出“可接受”的方案，才能着手商谈英国与欧盟之间后续的贸易协议。
23 8 5 1 2
英国媒体报道，英欧双方已就“分手费”基本达成一致：英国将支付欧盟大约４５０亿至５５０亿欧元。
23 9 5 2 2
巴尼耶说，“分手费”金额没有最终确定。
6
25 1 1 1 2
英国伦敦主要的街道上的圣诞彩灯。
25 2 1 2 2
新华社发
25 3 2 1 2
多家英国媒体11月29日称，英国与欧盟已在“脱欧分手费”问题的谈判中取得较大进展。
25 4 2 2 2
据估计，英国可能将向欧盟支付大约500亿英镑（约合674亿美元）。
25 5 3 1 2
分析人士指出，如果消息属实，这将是“脱欧”谈判正式启动以来英欧双方取得的第一个实质性进展。
25 6 3 2 2
尽管如此，这一史无前例的谈判仍有许多“硬骨头”要啃。
2
25 12 8 2 2
伦敦政治经济学院教授伊安·贝格在接受记者采访时说，英国和欧盟可能就“分手费”达成一个书面协议，但英国真正付出的费用可能要比这一数字高出许多，因为这笔费用后可能藏着许多“附加条件”。
25 13 9 1 1
“这也是英欧双方为何目前还不谈论这一具体数字的原因。”贝格说。
3
25 19 12 1 3
此前，英欧双方在英国是否支付“分手费”及支付数额方面有明显分歧。
25 20 12 2 3
今年9月，英国首相特雷莎·梅曾承诺在两年内继续向欧盟支付总计200亿欧元（约合237亿美元），以作为“脱欧”过渡期内英国继续留在欧洲共同市场的代价。
25 21 12 3 3
而据一些欧洲媒体报道，欧盟方面此前索要的“分手费”金额高达1000亿欧元。
4
25 31 18 1 1
但如果英国与爱尔兰之间维持现在的“软”边界，英国“脱欧”后就无法阻止来自欧盟其他国家的移民通过爱尔兰边界进入英国。
25 32 19 1 3
此前几轮“脱欧”谈判中，英欧双方都没有针对这一问题提出明确的解决方案。
25 33 19 2 3
欧盟方面坚持，这一问题不解决，英国最关心的关于“脱欧”后贸易问题的谈判就无法展开。
25 34 19 3 3
新华社记者桂涛
3
27 4 3 1 3
随着“最后期限”日益临近，英国《每日电讯报》11月28日爆料称，英欧双方已就“分手费”问题达成协议，最终金额取决于使用何种方式计算，估计在450亿至500亿欧元之间。
27 5 3 2 3
《金融时报》11月29日引述多名了解谈判的外交官的话说，欧盟要求英国支付的“分手费”接近1000亿欧元，但在扣除各种减免费用之后，英方实际支付的金额将不到这一数字的一半。
27 6 3 3 3
《卫报》则称，英国在“分手费”谈判中向欧盟让步，但目前，欧盟官员不愿讨论这笔费用具体金额。
3
27 7 4 1 3
所谓“分手费”，指的是财务结算安排，英国作为欧盟一分子，在脱离之前有责任承担欧盟的财政预算，主要包括英国过去承诺协助冰岛纾缓财困的借贷保证金、对欧盟官员支付的退休金、已同意的基建开支及结构性基金等。
27 8 4 2 3
自谈判启动以来，英欧双方在英国是否支付“分手费”以及支付数额等问题上分歧较为明显。
27 9 4 3 3
今年9月，特雷莎·梅曾承诺继续向欧盟支付两年总额为200亿欧元的款项，以作为“脱欧”过渡期内英国继续留在欧洲共同市场的代价。
2
27 10 5 1 2
路透社11月29日称，欧盟首席英国“脱欧”谈判代表巴尼耶当天拒绝就“分手费”一事发表评论，只是表示“我们仍在继续工作”，希望尽快与英国就“脱欧”条款细节达成共识。
27 11 5 2 2
此间舆论普遍认为，英欧双方就“分手费”达成共识，意味着“脱欧”谈判取得了一定进展。
3
27 21 10 1 3
英欧双方此前均未向外界透露“分手费”具体金额。
27 22 10 2 3
有分析认为，对欧盟和英国来说，“分手费”金额不仅涉及实际利益，更牵连政治因素。
27 23 10 3 3
欧盟通过强硬态度除了要维护欧盟立法的尊严，还有一个目的，那就是向有意脱欧者示警，告诫其要为自己的鲁莽行为付出巨大代价。
4
28 1 1 1 2
多家英国媒体11月29日称，英国与欧盟已在“脱欧分手费”问题的谈判中取得较大进展。
28 2 1 2 2
据估计，英国可能将向欧盟支付大约500亿英镑(约合674亿美元)。
28 3 2 1 2
分析人士指出，如果消息属实，这将是“脱欧”谈判正式启动以来英欧双方取得的第一个实质性进展。
28 4 2 2 2
尽管如此，这一史无前例的谈判仍有许多“硬骨头”要啃。
2
28 10 7 2 2
伦敦政治经济学院教授伊安⋅贝格在接受新华社记者采访时说，英国和欧盟可能就“分手费”达成一个书面协议，但英国真正付出的费用可能要比这一数字高出许多，因为这笔费用后可能藏着许多“附加条件”。
28 11 8 1 1
“这也是英欧双方为何目前还不谈论这一具体数字的原因。”贝格说。
3
28 17 11 1 3
此前，英欧双方在英国是否支付“分手费”及支付数额方面有明显分歧。
28 18 11 2 3
今年9月，英国首相特雷莎⋅梅曾承诺在两年内继续向欧盟支付总计200亿欧元(约合237亿美元)，以作为“脱欧”过渡期内英国继续留在欧洲共同市场的代价。
28 19 11 3 3
而据一些欧洲媒体报道，欧盟方面此前索要的“分手费”金额高达1000亿欧元。
3
28 29 17 1 1
但如果英国与爱尔兰之间维持现在的“软”边界，英国“脱欧”后就无法阻止来自欧盟其他国家的移民通过爱尔兰边界进入英国。
28 30 18 1 2
此前几轮“脱欧”谈判中，英欧双方都没有针对这一问题提出明确的解决方案。
28 31 18 2 2
欧盟方面坚持，这一问题不解决，英国最关心的关于“脱欧”后贸易问题的谈判就无法展开。
3
32 1 1 1 3
央视网消息：有英国媒体28号报道称，英国与欧盟已就“脱欧分手费”达成协议，称英国最终支付给欧盟的“分手费”可能在450至550亿欧元之间，约合3524至4307亿元人民币之间。
32 2 1 2 3
如果消息属实，这将是今年年初“脱欧”谈判正式启动以来英欧双方取得的第一个实质性进展。
32 3 1 3 3
但在29号，英国和欧盟两方面都否认双方已经就“分手费”达成一致。
4
40 1 1 1 3
有英国媒体28日报道称，英国与欧盟已就“脱欧分手费”达成协议，称英国最终支付给欧盟的“分手费”可能在450至550亿欧元之间，约合3524至4307亿元人民币之间。
40 2 1 2 3
如果消息属实，这将是今年年初“脱欧”谈判正式启动以来英欧双方取得的第一个实质性进展。
40 3 1 3 3
但在29日，英国和欧盟两方面都否认双方已经就“分手费”达成一致。
40 4 2 1 3
29日，英国首相特雷莎·梅的发言人拒绝对媒体发布的有关脱欧“分手费”的消息发表评论，并称消息只是“推测”。
3
43 1 1 1 2
据新华社电多家英国媒体29日称，英国与欧盟就“脱欧分手费”的谈判取得较大进展，英国将向欧盟支付约500亿英镑。
43 2 1 2 2
这将是今年年初“脱欧”谈判正式启动以来英欧双方取得的第一个实质性进展。
43 3 2 1 2
《卫报》报道说，英国在“分手费”谈判中向欧盟让步，最终将支付约500亿英镑。
6
43 7 5 1 1
新华社记者29日向英国外交部求证，一名发言人并未回应“分手费”的具体数额，仅表示谈判仍在进行，双方正在探索如何保持谈判中已经出现的积极势头，将谈判推进至下一阶段。
43 8 6 1 2
所谓“分手费”涵盖英国籍前欧盟工作人员退休金、在英欧盟机构搬迁费用以及英国对欧盟财政的承诺等内容。
43 9 6 2 2
英欧双方围绕英国是否支付“分手费”以及支付数额问题分歧较为明显。
43 10 7 1 1
英欧双方此前均未向外界透露“分手费”具体金额。
43 11 8 1 2
今年9月，英国首相特雷莎·梅曾承诺继续向欧盟支付两年总额为200亿欧元的款项，以作为“脱欧”过渡期内英国继续留在欧洲共同市场的代价。
43 12 8 2 2
一些欧洲媒体则测算，欧盟方面索要的“分手费”金额高达1000亿欧元。
3
48 1 1 1 2
新华社伦敦１１月２９日电（记者桂涛）多家英国媒体２９日称，英国与欧盟就“脱欧分手费”的谈判取得较大进展，英国将向欧盟支付约５００亿英镑。
48 2 1 2 2
这将是今年年初“脱欧”谈判正式启动以来英欧双方取得的第一个实质性进展。
48 3 2 1 2
《卫报》报道说，英国在“分手费”谈判中向欧盟让步，最终将支付约５００亿英镑。
6
48 7 5 1 1
新华社记者２９日向英国外交部求证，一名发言人并未回应“分手费”的具体数额，仅表示谈判仍在进行，双方正在探索如何保持谈判中已经出现的积极势头，将谈判推进至下一阶段。
48 8 6 1 2
所谓“分手费”涵盖英国籍前欧盟工作人员退休金、在英欧盟机构搬迁费用以及英国对欧盟财政的承诺等内容。
48 9 6 2 2
英欧双方围绕英国是否支付“分手费”以及支付数额问题分歧较为明显。
48 10 7 1 1
英欧双方此前均未向外界透露“分手费”具体金额。
48 11 8 1 2
今年９月，英国首相特雷莎·梅曾承诺继续向欧盟支付两年总额为２００亿欧元的款项，以作为“脱欧”过渡期内英国继续留在欧洲共同市场的代价。
48 12 8 2 2
一些欧洲媒体则测算，欧盟方面索要的“分手费”金额高达１０００亿欧元。
5
49 1 1 1 1
据外媒报道，欧盟首席“脱欧”谈判代表米歇尔•巴尼耶29日表示，他希望在12月14至15日举行的欧盟峰会之前，英欧双方能够就“脱欧”账单达成协议，届时他将可以向各成员国领导人做出报告。
49 2 2 1 2
巴尼耶说，对于财政解决方案达成协议，将意味着英欧双方迈出非常关键的一步。
49 3 2 2 2
巴尼耶同时也表示，目前关于这项协议的谈判仍在进行中。
49 4 3 1 2
按照计划，英国首相特雷莎•梅与欧盟委员会主席容克将于12月4日进行关键性会谈。
49 5 3 2 2
（央视记者刘婵娟）
3
50 1 1 1 1
新浪美股讯北京时间11月29日午间路透社柏林消息，欧盟首席英国脱欧谈判代表巴尼耶周三表示，他“仍在继续工作”，争取与英国就退出欧盟的条款细节达成共识。
50 2 2 1 1
巴尼耶当天在柏林安全会议上发表了演讲，随后在被问及有关英国退欧分手费及其他双方难以达成共识的问题时，他表示，“我们仍在工作。（这是）我唯一能做的评论”。
50 3 3 1 3
此前英国《电讯报》网站报道称，英欧双方消息人士向媒体证实，英欧代表上周在布鲁塞尔举行的一次会议上就“脱欧”账单达成一致。
6
54 1 1 1 1
中新网11月29日电据英国《每日电讯报》28日报道，英国和欧盟的“脱欧”谈判代表已经就“分手费”数额达成一致。
54 2 2 1 1
据报道，欧盟委员会主席容克即将与英国首相特蕾莎·梅在12月4日举行关键会谈，如果“分手费”问题在会议之前落实，那么英欧双方在12月的新一轮“脱欧”谈判将有望取得实质性进展。
54 3 3 1 2
《每日电讯报》援引消息人士的话称，“分手费”可能会在450亿到550亿欧元之间，这取决于双方如何通过商定的方法来计算数额。
54 4 3 2 2
这也是在英国首席“脱欧”谈判员罗宾斯（OliverRobbins）的带领下与欧盟相关代表于上周末在布鲁塞尔达成的协议。
54 5 4 1 2
据悉，英欧双方已经展开了六轮“脱欧”谈判均未实质性进展，而“分手费”是争论的焦点之一。
54 6 4 2 2
英国曾提出向欧盟支付200亿欧元，但欧盟方面则要求至少为600亿欧元。
6
55 1 1 1 1
【环球网报道记者朱梦颖】据英国多家媒体报道，英国与欧盟已就“分手费”达成协议，双方启动贸易谈判前仅剩下北爱尔兰边界问题这一主要障碍。
55 2 2 1 3
英国《电讯报》网站11月28日报道称，英欧双方消息人士向媒体证实，英欧代表上周在布鲁塞尔举行的一次会议上就“脱欧”账单达成一致。
55 3 2 2 3
最终数额将在450亿欧元至550亿欧元之间。
55 4 2 3 3
英国首相特雷莎·梅与欧盟委员会主席容克将于下周一(12月4日)举行关键性会谈，就欧盟要求的600亿欧元的财政解决方案达成原则性协议。
55 5 3 1 2
《金融时报》消息称，英国政府同意承担高达1000亿欧元的债务。
55 6 3 2 2
不过，这笔金额经过重组后可能减半。
4
55 7 4 1 2
美国彭博社也表示，虽然英欧双方并未签署协议，但谈判代表已就财务问题达成初步协议。
55 8 4 2 2
如果消息属实，那么在启动拖延依旧的贸易谈判前将只剩下一个主要障碍：北爱尔兰边界问题。
55 9 5 1 2
另据德国《明镜周刊》消息，欧盟委员会并未对这些报道作出回应。
55 10 5 2 2
不过，欧盟方面也表示双方在财政问题上已有所行动。
6
79 14 8 1 1
目前，英国保守党一些高层都敦促特雷莎·梅利用这一时机，依靠德国政局的不稳定性来为自身赢得更多谈判的好处。
79 15 9 1 1
近日，保守党前领袖?伊恩·邓肯·史密斯（IainDuncanSmith）直接对特雷莎·梅表示，让她“抓紧德国现在政局混乱的时机。”
79 16 10 1 1
但也有保守党高层对此提出不同的看法，认为默克尔如果不能保持在德国政局的掌控力，德国、乃至欧盟的政局都将面临不确定性，那么也会影响脱欧谈判的进度，从而让英国难以如计划在2019年3月离开欧盟。
79 17 11 1 1
究竟哪一方的看法更正确？这样看来，德国的政局难题不止难倒了默克尔，也将难倒特雷莎·梅。
79 18 12 1 2
据路透援引相关官员消息称，最早可能在下周举行一次英欧双方高层会晤。
79 19 12 2 2
汇通网提醒投资者，届时密切关注双方高层会晤进展，尤其是特雷莎·梅透露出的脱欧条件意向，从而可一窥12月脱欧谈判前景。
