2
13 18 14 1 2 0.7
11月13日，环保部和河北省人民政府签署《推进雄安新区生态环境保护工作战略合作协议》。
13 19 14 2 2 0.488
尤艳馨表示，下一步环保部将加强对雄安新区的规划指导，加强雄安新区生态空间管控，对重要生态区域进行强制性的保护，为构建新区打好基础。
2
18 11 6 2 3 0.444
目前，“腾讯觅影”已与全国多个省市10多家三甲医院建立了联合实验室，与全国近百家医院达成合作意向。
18 12 6 3 3 0.685
作为医疗影像国家人工智能开放创新平台，腾讯近日与河北省签署全面医疗战略合作协议，以科技助力河北医疗的进步和提升。
2
18 28 15 1 2 0.626
光启集团总裁刘若鹏介绍，“光启集团自今年9月进驻雄安以来，已经与中国电信集团、河北敬业集团等5家企业签订战略合作协议，全面布局军民融合、警民合作、智慧城市等相关垂直细分领域。
18 29 15 2 2 0.368
光启目前已经掌握的三大核心技术——隐身新材料技术、新型空间技术、无线互联技术都会在雄安落地，为全面解决城市生态环境、生活便利及生活安全问题提供解决方案。
2
24 1 1 1 2 0.74
近日，腾讯集团董事会主席马化腾签署了《雄安新区与腾讯公司金融科技战略合作协议》，为腾讯与雄安的合作拉开了帷幕。
24 2 1 2 2 0.475
腾讯宣布，在雄安新区发起“艺术行动”，将在雄安试点以互联网方式普及中国青少年艺术教育，同时，腾讯基金会将捐款2000万元。
3
24 4 2 2 4 0.36
腾讯早在9月26日就率先在雄安新区注册成立了分公司。
24 5 2 3 4 0.621
11月8日，阿里巴巴集团与雄安新区签署战略合作协议，阿里巴巴雄安技术有限公司、蚂蚁金服雄安数字技术有限公司和菜鸟雄安网络科技有限公司“落地”雄安新区。
24 6 2 4 4 0.477
此外，根据雄安新区管委会公布的消息，包括百度、京东金融等互联网公司也将进入雄安新区。
3
26 11 6 1 4 0.567
进入11月以来，“BTA”三大互联网公司纷纷宣布与雄安新区展开合作。
26 12 6 2 4 0.732
11月8日，雄安新区与阿里巴巴集团、蚂蚁金服集团签署战略合作协议。
26 13 6 3 4 0.51
11月16日，李彦宏在2017百度世界大会上宣布，百度无人驾驶系统Apollo将携手雄安在智能交通领域合作，共同将雄安打造成全球领先的智能出行城市。
1
26 14 6 4 4 0.652
11月23日，马化腾在河北石家庄签订了一份《雄安新区与腾讯公司金融科技战略合作协议》，并成立腾讯(雄安)金融科技实验室。
2
34 4 4 1 2 0.732
11月8日，雄安新区与阿里巴巴集团、蚂蚁金服集团签署战略合作协议。
34 5 4 2 2 0.344
马云在签约仪式上说：“阿里巴巴的出发点不是到雄安做生意，而是拿出最先进的技术实力和创新资源，将雄安新区打造成未来城市的标杆和中国样本。”
1
34 7 6 1 1 0.673
11月23日，腾讯集团董事会主席兼首席执行官马化腾在河北石家庄签订了一份《雄安新区与腾讯公司金融科技战略合作协议》，并成立腾讯（雄安）金融科技实验室，为腾讯与雄安的合作正式拉开帷幕。
1
35 1 1 1 1 0.69
11月23日，腾讯集团董事会主席兼首席执行官马化腾在河北石家庄签订了一份《雄安新区与腾讯公司金融科技战略合作协议》，为腾讯与雄安的合作拉开帷幕。
3
35 20 10 1 3 0.506
今年4月1日以来，腾讯高度关注雄安新区的发展，腾讯与雄安新区的合作也一直走在国内互联网企业的前列。
35 21 10 2 3 0.691
7月27日，腾讯与雄安新区管委会后签订了合作备忘录。
35 22 10 3 3 0.46
随后，腾讯成为雄安新区管委会核准的首批入区企业之一，河北雄安新区腾讯计算机系统有限公司已于9月26日完成注册，是首家在雄安新区注册的大型互联网企业。
2
35 23 11 1 2 0.764
当日，腾讯还与雄安新区签署了“金融科技战略合作协议”，成立腾讯（雄安）金融科技实验室；与河北省签约全面医疗战略合作协议，以科技助力河北医疗的进步和提升。
35 24 11 2 2 0.387
金融科技实验室在雄安落地之后，从云计算到区块链，腾讯领先的大数据风控体系、基于腾讯云的区块链BaaS服务等金融科技黑科技都将在雄安先行先试，拓展从民生到企业、政府管理的不同场景。
1
40 1 1 1 1 0.69
11月23日，腾讯集团董事会主席兼首席执行官马化腾在河北石家庄签订了一份《雄安新区与腾讯公司金融科技战略合作协议》，为腾讯与雄安的合作拉开帷幕。
2
40 29 14 1 2 0.691
7月27日，腾讯与雄安新区管委会后签订了合作备忘录。
40 30 14 2 2 0.46
随后，腾讯成为雄安新区管委会核准的首批入区企业之一，河北雄安新区腾讯计算机系统有限公司已于9月26日完成注册，是首家在雄安新区注册的大型互联网企业。
2
40 31 15 1 2 0.73
但第一家与雄安新区签署战略合作协议的企业并不是腾讯，而是阿里巴巴。
40 32 15 2 2 -0.016
时间是11月8日，当时，马云、彭蕾亲自披挂上阵，跑到了雄安。
1
40 33 16 1 1 0.645
11月8日，阿里巴巴集团与河北雄安新区管委会签署战略合作协议，双方将携手打造以云计算为基础设施、物联网为城市神经网络，城市大脑为人工智能中枢的未来智能城市。
1
40 47 26 1 1 0.747
23日上午，腾讯和雄安新区签署“金融科技战略合作协议”，成立腾讯（雄安）金融科技实验室；与河北省签约全面医疗战略合作协议，以科技助力河北医疗的进步和提升。
1
40 48 27 1 1 0.663
11月23日上午，雄安新区管委会和省卫计委、省中医药管理局、河北医科大学在石家庄分别与腾讯公司签署战略合作协议，全面深入开展金融科技和医疗领域合作。
2
40 55 32 1 2 0.604
10月14日，雄安新区与百度集团举行对接座谈，双方就大数据、人工智能、云计算等潜在合作领域进行对接。
40 56 32 2 2 0.394
河北省委常委、副省长，雄安新区党工委书记、管委会主任陈刚表示，欢迎百度在雄安新区筹建国家级人工智能实验室，特别是建设无人驾驶高新产业示范区。
2
41 3 3 1 2 0.732
11月8日，雄安新区与阿里巴巴集团、蚂蚁金服集团签署战略合作协议。
41 4 3 2 2 0.344
马云在签约仪式上说：“阿里巴巴的出发点不是到雄安做生意，而是拿出最先进的技术实力和创新资源，将雄安新区打造成未来城市的标杆和中国样本。”
1
41 6 5 1 1 0.673
11月23日，腾讯集团董事会主席兼首席执行官马化腾在河北石家庄签订了一份《雄安新区与腾讯公司金融科技战略合作协议》，并成立腾讯（雄安）金融科技实验室，为腾讯与雄安的合作正式拉开帷幕。
1
41 19 14 1 1 0.614
实际上，在10月中旬，雄安新区就与百度公司举行对接座谈，双方就大数据、人工智能、云计算等潜在合作领域进行对接。
1
42 4 3 1 1 0.621
环保部规划财务司负责人尤艳馨介绍，环保部近期已经与河北省人民政府签署推动雄安新区生态环境保护工作的战略合作协议，目前正在组建环保部雄安新区生态环境保护技术咨询委员会。
1
43 1 1 1 1 0.667
11月23日上午，雄安新区管委会和河北省卫计委、河北省中医药管理局、河北医科大学在石家庄分别与腾讯公司签署战略合作协议，全面深入开展金融科技和医疗领域合作。
2
43 26 15 1 2 0.772
今年6月，阿里巴巴与河北建投集团签署战略合作框架协议，双方除将继续进行用电合作，保障张北数据中心长期稳定运行之外，还将积极开展云计算基础设施构建。
43 27 15 2 2 0.528
双方将共同推进新型智慧城市及雄安新区智慧基础设施建设、互联网信用及小贷合作方面的金融创新、精准扶贫等。
1
43 32 19 1 1 0.629
紧接着7月份，保定市与百度在北京签署共建智能交通示范城市的战略合作协议，保定市政府党组副书记王林和百度董事会副主席、集团总裁兼首席运营官陆奇代表双方签约。
1
45 17 15 1 1 0.716
今年11月13日，环保部与河北省政府签署了《推进雄安新区生态环境保护工作战略合作协议》。
1
46 11 8 1 1 0.705
而此前，万科已经与住建部科技与产业化发展中心签订了《全面推进城乡建设领域绿色发展研究及推广合作框架协议》，并与环保部环境发展中心、中国节能签订了《关于合作推进环保部技术评估与转化平台落地雄安新区的框架协议书》。
2
47 6 3 2 3 0.484
成立了由环保部部长李干杰任组长，其他各位副部长任副组长推进雄安新区生态环境保护工作领导小组，建立了推进雄安新区生态环境保护工作领导小组机制，并且印发了关于近期推进雄安新区生态环境保护的实施方案，明确了近期雄安新区生态环境保护工作的任务和时限。
47 7 3 3 3 0.667
11月13日，环保部和河北省人民政府签署了战略合作协议，目前正在组建环保部雄安新区生态环境保护的技术咨询委员会。
2
48 4 2 2 3 0.452
印发《关于近期推进雄安新区生态环境保护工作的实施方案》，明确了近期雄安新区生态环境保护工作的任务和时限。
48 5 2 3 3 0.605
11月13号，环保部和河北省人民政府签署了推动雄安新区生态环境保护工作的战略合作协议，目前正在组建环境保护部雄安新区生态环境保护技术咨询委员会。
2
50 1 1 1 2 0.65
据雄安发布消息，11月23日上午，雄安新区管委会和省卫计委、省中医药管理局、河北医科大学在石家庄分别与腾讯公司(00700-HK)签署战略合作协议，全面深入开展金融科技和医疗领域合作。
50 2 1 2 2 0.328
河北省委书记王东峰，省委副书记、省长许勤，腾讯公司董事局主席兼首席执行官马化腾，腾讯公司党委书记兼高级副总裁郭凯天出席签约仪式。
1
51 6 3 1 1 0.663
11月23日上午，雄安新区管委会和省卫计委、省中医药管理局、河北医科大学在石家庄分别与腾讯公司签署战略合作协议，全面深入开展金融科技和医疗领域合作。
3
52 4 2 3 5 0.309
二是印发长江经济带生态环境保护规划，把共抓大保护、不搞大开发的理念落实为路线图施工图。
52 5 2 4 5 0.652
三是编制雄安新区生态环境保护规划，支持建设绿色宜居雄安，全面推进雄安新区生态环境保护工作，启动实施一批治污工作，11月13日，环保部与河北省人民政府签署战略合作协议。
52 6 2 5 5 0.565
四是按照全面建设社会主义现代化国家进程，启动中长期生态环境保护规划战略研究。
3
60 22 12 1 3 0.395
事实上，雄安新区造林项目的准备工作早已启动。
60 23 12 2 3 0.608
9月20日，雄安新区管委会发布消息称，雄安新区围绕生态优先、绿色发展的理念，启动秋冬季合作造林实验工作，计划造林1万亩。
60 24 12 3 3 0.454
初步选定容城县平王乡仇小王村南保静公路北侧175亩地块作为合作造林实验区，待实验结束后，编制《雄安新区植树造林工作手册》，为指导秋冬季植树造林提供政策、机制和技术支撑。
2
60 39 22 1 2 0.736
11月13日，环保部又与河北省政府签署了推进雄安新区生态环境保护工作战略合作协议。
60 40 22 2 2 0.538
环保部部长李干杰在签署仪式上表示，环保部高度重视雄安新区生态环境保护，将其作为一项重大政治任务，成立推进雄安新区生态环境保护工作领导小组，有关司局相继开展新区环境评估、白洋淀治理、生态保护红线划定等工作。
2
61 26 15 1 4 0.622
2015年9月，先河正源与雄县人民政府签署了合作框架协议，推进雄县包装印刷行业VOCs污染综合治理及资源化利用。
61 27 15 2 4 0.702
根据合作框架协议，先河正源将与雄县辖区内包装印刷企业开展VOCs污染第三方治理合作。
1
61 28 15 3 4 0.59
为推进该合作框架协议的落地，2016年5月，先河正源在雄县工商行政管理局登记设立全资子公司保定先河正源环境资源科技有限公司。
2
82 2 2 1 2 0.642
根据协议，双方将结合数据思想和阿里巴巴计算能力，推进“数字雄安”项目建设；合作建设雄安“城市在线”，打造全球物联网示范标杆。
82 3 2 2 2 0.476
双方共同研究制定完整统一的数据城市规范标准和模型，建立互联互通标准，打造世界物联网标准应用示范城市。
3
82 7 5 1 3 0.337
最近的一次就在10月14日，当时是蚂蚁金服副总裁、阿里巴巴集团合伙人彭翼捷带队去了雄安新区，主要是汇报区块链建设方案。
82 8 5 2 3 0.785
希望双方全面签署区块链合作的协议，共同推进区块链创新应用。
82 9 5 3 3 0.452
就在这次会面中，相关部门表示，蚂蚁金服团队为雄安设计的区块链建设方案契合新区的规划建设发展方向，把区块链应用于数字雄安，包括智慧城市，再延伸到整个城市的进程管理，整个思路清楚。
3
85 2 2 1 3 0.388
在会谈中，党晓龙表示，中船重工旗下有中国重工、中国动力、中电广通等上市公司，希望中船重工把在京的上市公司总部迁往雄安新区，为疏解北京非首都功能作出更大贡献。
85 3 2 2 3 0.605
希望中船重工与雄安新区深化沟通交流并建立紧密的合作关系，在科技创新平台建设、科技力量布局、人才培养、智慧城市建设、大数据云计算等方面加强对接、深度合作，推进双方实现军民融合发展。
85 4 2 3 3 0.529
雄安新区将加强规划衔接，优化空间布局，为中船重工在畿发展提供全方位支持。
1
89 34 20 1 1 0.625
此外，作为京津冀协同发展的核心组成部分之一，雄安新区在协作推动绿色发展和生态建设方面也屡有动作，河北与北京、天津就雄安新区签署的合作协议均重点提及。
2
91 2 2 1 2 0.732
11月8日，雄安新区与阿里巴巴集团、蚂蚁金服集团签署战略合作协议。
91 3 2 2 2 0.501
当天，阿里巴巴集团同时宣布，三家子公司已在雄安新区完成注册，分别为阿里巴巴雄安技术有限公司、蚂蚁金服雄安数字技术有限公司和菜鸟雄安网络科技有限公司。
2
93 3 2 1 2 0.789
阿里巴巴成为雄安新区在十九大后签署战略合作协议的第一家企业。
93 4 2 2 2 0.359
马云11月8日表示：阿里巴巴的出发点不是到雄安做生意，而是拿出最先进的技术实力和创新资源，将雄安新区打造成未来城市的标杆和中国样本。
1
93 8 6 1 1 0.694
王东峰表示，阿里巴巴集团与雄安新区签署协议、务实合作，贯彻了国家重大战略，也充分体现了阿里巴巴的社会责任。
1
95 1 1 1 1 0.761
11月8日，阿里巴巴集团与河北雄安新区管委会签署战略合作协议。
2
95 2 2 1 2 0.73
11月8日，阿里巴巴集团与雄安新区签署战略合作协议，双方将携手将雄安新区打造成为一座“在线”的城市。
95 3 2 2 2 0.456
河北省委书记王东峰、省长许勤，阿里巴巴董事局主席马云、蚂蚁金服董事长彭蕾等共同见证了协议的签署。
2
95 4 3 1 2 0.627
11月8日，阿里集团与雄安新区签署战略合作协议，双方将携手打造以云计算为基础设施、物联网为城市神经网络、城市大脑为人工智能中枢的未来智能城市。
95 5 3 2 2 0.701
阿里成为十九大后与雄安新区签署战略合作协议的第一家企业，将助力雄安新区成为一座“在线”的城市。
0
1
95 6 4 1 1 0.699
河北省委书记王东峰称，阿里集团与雄安新区签署协议、务实合作，贯彻了国家重大战略，也充分体现阿里巴巴的社会责任。
1
96 1 1 1 1 0.629
阿里巴巴今日宣布与雄安新区签约，成为中国第一家与雄安展开全面深度合作的大型互联网企业。
2
96 2 2 1 2 0.763
11月8日，阿里巴巴集团与河北雄安新区管委会签署了战略合作协议。
96 3 2 2 2 0.464
河北省委书记王东峰、省长许勤与阿里巴巴董事局马云、蚂蚁金服董事长彭蕾等共同见证协议的签署。
1
97 1 1 1 1 0.609
本报河北雄安11月8日电记者雷汉发报道：河北雄安新区管委会今天与阿里巴巴集团签署战略合作协议，双方决定携手打造以“云计算”为基础设施、“物联网”为城市神经网络、“城市大脑”为人工智能中枢的未来智能城市。
2
97 2 2 1 2 0.642
根据协议，双方将结合数据思想和阿里巴巴计算能力，推进“数字雄安”项目建设；合作建设雄安“城市在线”，打造全球物联网示范标杆。
97 3 2 2 2 0.476
双方共同研究制定完整统一的数据城市规范标准和模型，建立互联互通标准，打造世界物联网标准应用示范城市。
1
99 8 3 1 1 0.679
对于此次的签约，王东峰表示，阿里巴巴集团与雄安新区签署协议、务实合作，贯彻了国家重大战略，也充分体现阿里巴巴的社会责任。
