2 1 1 1 2 0.648
据“雄安发布”微信公众号消息，北京与雄安新区之间将新建一条高速公路，不但可以实现雄安新区与北京的高速联系，承载未来交通，还可以一定程度缓解北京西南方向既有交通压力。
2 2 1 2 2 0.329
根据该高速公路（北京段）工程可行性研究报告编制招标公告，项目已具备招标条件，目前正对该项目的可行性研究报告编制进行公开招标。
3 4 2 3 3 0.684
目前，雄安新区规划编制进入关键时期，我们不仅要规划好雄安新区，还要高标准建设好雄安新区，需要像大连理工这样的国内外一流高校，参与到雄安新区的发展之中。
3 3 2 2 3 0.565
雄安新区坚持“世界眼光、国际标准、中国特色、高点定位”的要求，建设一座以智慧、绿色、创新为主要发展特点的城市。
3 9 4 1 1 0.841
王寒松表示，设立雄安新区是国家战略，大连理工大学将在教育和科技两个方面与雄安新区进行积极对接，全方位支持雄安新区的规划建设发展。
4 3 2 1 2 0.628
陈刚指出，规划建设雄安新区，是习近平总书记亲自谋划推动的历史性伟大工程，是千年大计、国家大事。
4 4 2 2 2 0.547
雄安新区设立半年多来，在习近平总书记的亲切关怀和亲自指导推动下，在党中央、国务院和省委的坚强领导下，规划工作取得了阶段性成果。
4 5 3 1 3 0.707
陈刚强调，雄安新区要认真贯彻党中央、国务院和省委的决策部署，切实以党的十九大精神引领新区规划建设各项工作，把规划建设雄安新区作为一项重大的政治任务，强化责任担当，严守工作纪律，认真研究体制机制，精心设计、精打细算，稳扎稳打推进雄安新区各项工作。
4 6 3 2 3 0.558
雄安新区规划一旦批下来，就将进入“实战”阶段，要有足够的工作准备、思想准备和队伍准备，高标准建设雄安新区。
5 2 2 1 3 0.63
京安高速公路是实现雄安新区与北京的高速联系，承载未来雄安新区-北京的交通，同时可一定程度缓解北京西南方向既有交通压力。
5 3 2 2 3 0.101
投标文件递交的截止时间为2017年12月13日9时30分（北京时间），地点为北京市丰台区六里桥南里甲9号首发大厦C座一层会议室。
9 1 1 1 2 0.754
据雄安新区网消息，北京与雄安新区之间将新建一条京安高速公路，预期2020年建成。
8 2 1 2 2 0.397
据悉，联通资本是联通内部选定的体制改革试点，还被认为是央企经营体制改革的试验田。
9 2 1 2 2 0.252
目前这条高速路的北京段工程已在开展前期筹备工作。
9 9 4 1 2 0.748
京安高速建成后，将会实现雄安新区与北京的高速联系，承载未来雄安新区—北京的交通，以利于新区的开发和人才引进。
9 10 4 2 2 0.635
根据前述规划，河北还将通过大广高速白洋淀支线东延、荣乌高速改线，建设徐新、容固等公路项目，完善雄安新区周边路网。
10 1 1 1 2 0.702
【国家电网服务雄安新区电网发展投资将超千亿】《国家电网报》信息称，11月30日，国家电网公司董事长、党组书记舒印彪与雄安新区临时党委副书记党晓龙在北京举行了会谈。
10 2 1 2 2 0.599
舒印彪表示，未来，包括完善主网架的投资在内，国家电网公司服务雄安新区电网发展的投资将超过1000亿元。
11 1 1 1 1 0.738
经济日报-中国经济网雄安12月1日讯（记者宋雅静）下午两点，“雄安发布”发文称，雄安提出全面推进体制机制改革创新，启动“廉洁雄安”创新建设，坚持无禁区、全覆盖、零容忍惩治腐败，为圆满完成新区历史使命提供坚强保证。
11 2 2 1 1 0.776
日前，雄安新区党工委印发《关于深化全面从严治党创新建设廉洁雄安的实施意见》，意见指出深化全面从严治党创新建设廉洁雄安，将全力推动雄安新区政治生态、廉洁治理、营商环境、创新活力、市场机制、执法监督等达到一流标准，让政治清明、廉洁高效成为雄安新区的核心竞争力和响亮的品牌，为实现新区规划建设良好开局和持续健康发展提供有力保障。
11 7 4 1 2 0.604
加强廉洁治理能力建设。
11 8 4 2 2 0.411
制定雄安新区全面从严治党党委主体责任清单和纪委监督责任清单，建立健全落实“两个责任”清单的机制制度，以严肃问责推动责任落实；建立集纪检、监察、经侦、审计四项职能于一体的集成化监督审查办案机制，健全监督执纪常态机制，坚持无禁区、全覆盖、零容忍惩治腐败；建立防止利益冲突机制，重点解决公共资源配置、公共资产交易、公共资金拨付、公共产品供给、公共权力行使等领域的利益冲突问题；建立“保廉激励”机制，创建“无红包示范区”，构建“亲”“清”政商关系。
11 9 5 1 2 0.616
加强廉洁高效政务建设。
11 10 5 2 2 0.493
转变政府职能，推动简政放权，深化政务公开，压缩权力寻租空间，强化权力制约监督，建设规范、透明、廉洁、高效政务体系，构建源头防腐的政务运行新机制，推动营商环境国际化。
11 13 7 1 3 0.604
加强廉洁共建共享机制建设。
11 14 7 2 3 0.386
拓展社会监督渠道，维护各类市场主体和人民群众利益，推进监督制约体系社会化。
12 1 1 1 2 0.604
中国证券网讯据雄安发布12月1日消息，近日，中国雄安建设投资集团有限公司（简称雄安集团）联合深圳市建筑科学研究院、深圳市远致投资有限公司共同注册成立雄安绿研智库有限公司，注册资本为5000万元。
12 2 1 2 2 0.303
其中，雄安集团出资2000万元，为最大股东。
13 2 1 2 2 0.744
以“建设世界一流绿色宜居新城，打造生态文明建设雄安样板”为目标的新区建设，其生态环保规划尤为引人瞩目。
13 1 1 1 2 0.553
坐落在河北保定、囊括了“华北之肾”白洋淀的雄安新区，吸引了全世界的目光。
13 3 2 1 1 0.706
11月23日，环保部环境规划副院长兼总工程师王金南表示，雄安新区生态环保规划稿已经完成初步方案，正在等待专家认证以及和雄安新区总体规划进行对接。
13 4 3 1 1 0.686
据环保部规划财务司司长尤艳馨在11月23日的发布会上介绍，环保部对雄安的工作特别重视，成立了由李干杰部长任组长，部里面其他各位副部长任副组长推进雄安新区生态环境保护工作领导小组，建立了推进雄安新区生态环境保护工作领导小组机制，并且印发了关于近期推进雄安新区生态环境保护的实施方案。
13 5 4 1 1 0.628
尤艳馨介绍，目前涉及雄安新区的生态环保规划有两个顶层设计，一是河北省环保厅委托环保部环境规划院编制的《雄安新区生态环保规划》，另一个是河北省发改委委托中科院生态中心牵头、环保部环境规划院参与编制的《白洋淀生态环境治理保护规划》。
13 7 6 1 1 0.729
王金南城，目前《雄安新区生态环保规划》已经形成初步方案，已通过中咨公司专家评审，接下来将上报给雄安新区生态环境保护工作领导小组、等待认证，以及和雄安新区总规划进行全面对接。
13 10 8 1 1 0.684
王金南介绍，《雄安新区生态环保规划》的基本出发点是坚持世界眼光、国际标准、中国特色、高点定位的要求，以建设世界一流、绿色生态宜居新城为目标，坚持生态优先、绿色发展为基本原则，以“资源、生态、环境负面清单”来优化新区发展，以白洋淀生态保护建设为基础，优化新区布局，以新区环境质量改善来推动京津冀环境质量改善，以绿色基础设施和智慧环保服务提升整个新区的绿色建设水平，雄安新区的建设和运营将始终坚持绿色发展理念，将新区建设成具有世界影响和竞争力、人与自然和谐共生的新区。
13 11 9 1 1 0.692
“总体上来说，《雄安新区生态环保规划》具体落实党中央对雄安新区的规划建设总体要求，特别是习近平总数据对雄安新区总规划的指示。”王金南表示。
13 18 14 1 2 0.716
11月13日，环保部和河北省人民政府签署《推进雄安新区生态环境保护工作战略合作协议》。
13 19 14 2 2 0.731
尤艳馨表示，下一步环保部将加强对雄安新区的规划指导，加强雄安新区生态空间管控，对重要生态区域进行强制性的保护，为构建新区打好基础。
14 1 1 1 1 0.641
本报讯北京与河北雄安新区之间将新建一条京安高速公路，不但可以实现雄安新区与北京的高速联系，承载未来交通，还可以一定程度缓解北京西南方向既有交通压力。
15 1 1 1 4 0.649
【北京至雄安将建京安高速全长约28公里】北京与河北雄安新区之间将新建一条京安高速公路，不但可以实现雄安新区与北京的高速联系，承载未来交通，还可以一定程度缓解北京西南方向既有交通压力。
15 2 1 2 4 0.309
项目已具备招标条件，目前正对该项目的可行性研究报告编制进行公开招标。
16 1 1 1 1 0.715
由建筑材料工业技术情报研究所、建筑材料工业技术监督研究中心等机构及企业联合编撰《雄安新区绿色建设设计选材指南》已启动产品征集，征集活动截止日为2018年5月30日，此举意味着雄安新区的建设即将次第展开。
15 4 1 4 4 -0.009
（北京日报）
17 2 2 1 2 0.616
据“雄安发布”消息，利用全球样板提供技术支撑，打造“采灌均衡、深浅联用、清洁高效、永续开发”的地热资源，是雄安新区第二阶段地质调查工作主要任务之一。
17 3 2 2 2 0.518
在第一阶段工作结束后，按照雄安新区地质调查总体方案要求，将在第二阶段进一步勘查评价地热资源开发潜力。
18 1 1 1 1 0.613
日前，首批国家人工智能开放创新平台公布，四大平台包括：依托百度公司建设自动驾驶国家人工智能开放创新平台，依托阿里云公司建设城市大脑国家人工智能开放创新平台，依托腾讯公司建设医疗影像国家人工智能开放创新平台，依托科大讯飞公司建设智能语音国家人工智能开放创新平台。
18 5 4 1 2 0.67
今年9月，腾讯率先在雄安新区注册成立了分公司，成为首家在雄安新区注册的大型互联网企业。
18 6 4 2 2 0.637
“雄安新区坚持创新驱动的发展理念，与腾讯的发展方向高度契合，腾讯要和雄安‘高频互动’。”腾讯公司董事会主席兼首席执行官马化腾表示。
18 8 5 2 3 0.645
而腾讯将在雄安推进的创新，包括金融创新、城市创新、文化创新、产业创新、人才创新，打造数字生态共同体，共创美好生活。
18 7 5 1 3 0.529
马化腾说，雄安是一个全新的创新实验平台，各界都高度关注互联网公司在雄安的一举一动。
18 9 5 3 3 0.315
“通过数字经济提升人民的幸福感和获得感，是非常重要的内容。在衣食住行、医疗、教育、文化艺术等领域，腾讯都可以用自己的科技能力和连接力量去促进提升。”
18 12 6 3 3 0.661
作为医疗影像国家人工智能开放创新平台，腾讯近日与河北省签署全面医疗战略合作协议，以科技助力河北医疗的进步和提升。
18 11 6 2 3 0.25
目前，“腾讯觅影”已与全国多个省市10多家三甲医院建立了联合实验室，与全国近百家医院达成合作意向。
18 14 7 2 4 0.613
百度董事长兼CEO李彦宏透露，百度无人驾驶系统Apollo将携手雄安在智能交通领域合作，共同将雄安打造成全球领先的智能出行城市。
18 13 7 1 4 0.533
日前，国家工商总局公告显示，百度雄安科技有限公司注册已获预核准。
18 15 7 3 4 0.519
在“Apollo+雄安”模式下，雄安有望成为第一个没有拥堵、拥有先进的智能交通管理系统、不再需要交管部门大量人力上路管理的城市，并将会为未来零拥堵的智慧出行城市树立标杆。
18 16 7 4 4 0.716
雄安新区则表示，欢迎百度在雄安新区筹建国家级人工智能实验室，特别是建设无人驾驶高新产业示范区。
18 18 9 1 3 0.65
本月上旬，阿里巴巴集团宣布，三家子公司已在雄安完成注册，分别为阿里巴巴雄安技术有限公司、蚂蚁金服雄安数字技术有限公司和菜鸟雄安网络科技有限公司，涵盖了科技、金融、物流三个领域。
18 19 9 2 3 0.628
阿里集团将在云计算、大数据、智慧物流、金融科技和电子商务等领域与雄安新区开展深度合作。
18 20 9 3 3 0.549
集团董事局主席马云强调，阿里巴巴的出发点不是到雄安做生意，而是拿出最先进的技术实力和创新资源，将雄安新区打造成未来城市的标杆和中国样本。
18 24 12 1 1 0.677
今年10月，上市公司华讯方舟公告称，总部将迁入雄安新区，雄安新区管委会为华讯方舟在雄安新区内提供合适地块建设华讯方舟总部大厦，这是首家宣布将总部迁入雄安的上市公司。
18 26 13 2 2 0.726
根据合作备忘录，双方将在雄安新区建设太赫兹科技创新研究院和军民融合园，在保定布局配套产业，引导全球太赫兹领域企业加速聚集发展。
18 25 13 1 2 0.166
华讯方舟是一家国家级高新技术企业，在太赫兹领域处于国际领先地位，拥有多项世界第一的技术成果和最多的知识产权。
18 28 15 1 2 0.622
光启集团总裁刘若鹏介绍，“光启集团自今年9月进驻雄安以来，已经与中国电信集团、河北敬业集团等5家企业签订战略合作协议，全面布局军民融合、警民合作、智慧城市等相关垂直细分领域。
18 29 15 2 2 0.481
光启目前已经掌握的三大核心技术——隐身新材料技术、新型空间技术、无线互联技术都会在雄安落地，为全面解决城市生态环境、生活便利及生活安全问题提供解决方案。
18 31 17 1 1 0.687
“雄安将成为光启创新发展的一个新引擎。”雄安光启超材料前沿技术研究院副院长赵同胤表示，光启将加快推进尖端技术转化成生产力，形成产业吸引和产业链聚集效应，打造以雄安为中心、辐射全国的军民融合新体系和新标杆。
19 5 2 4 4 0.693
雄安新区水热型地热资源绝大部分用于供暖。
19 4 2 3 4 0.251
自南西向北东，地下水源热泵适宜性逐渐变好，雄安新区的核心区均为适宜区和较适宜区；土壤源热泵仅在北部部分区域出现较适宜区，核心区大部分为适宜区。
19 8 4 1 1 0.625
据了解，雄安新区的地热勘查将以“构建绿色透明雄安，打造地热利用样板”为目标，开展雄安新区浅层地温能调查、容城地热田整装勘查、雄县地热田整装勘查、高阳地热田整装勘查、地热资源勘查开发及科学利用示范等项目，大力发展探测技术、评价技术和开发利用技术，促进浅层地温能高效利用产业、地热供暖产业和地热综合利用产业发展。
20 1 1 1 3 0.712
【建材行业启动雄安绿色建设选材工作】目前，建筑材料工业技术情报研究所、建筑材料工业技术监督研究中心正联合相关管理部门、科研院所等编撰《雄安新区绿色建设设计选材指南》，同时也已启动《雄安新区绿色建设设计选材指南》产品征集，征集活动截止日为2018年5月30日。
20 2 1 2 3 0.602
意向征集的建材范围为适合雄安新区建设的各类建材产品。
20 3 1 3 3 -0.194
（上证）
21 1 1 1 1 0.614
近日，雄安新区首批3个3500米深度地热勘探钻孔顺利开钻，标志着雄安新区深部地热勘查工作正式启动。
22 1 1 1 1 0.614
近日，雄安新区首批3个3500米深度地热勘探钻孔顺利开钻，标志着雄安新区深部地热勘查工作正式启动。
24 1 1 1 2 0.655
近日，腾讯集团董事会主席马化腾签署了《雄安新区与腾讯公司金融科技战略合作协议》，为腾讯与雄安的合作拉开了帷幕。
24 2 1 2 2 0.633
腾讯宣布，在雄安新区发起“艺术行动”，将在雄安试点以互联网方式普及中国青少年艺术教育，同时，腾讯基金会将捐款2000万元。
24 5 2 3 4 0.792
11月8日，阿里巴巴集团与雄安新区签署战略合作协议，阿里巴巴雄安技术有限公司、蚂蚁金服雄安数字技术有限公司和菜鸟雄安网络科技有限公司“落地”雄安新区。
24 4 2 2 4 0.532
腾讯早在9月26日就率先在雄安新区注册成立了分公司。
24 6 2 4 4 0.761
此外，根据雄安新区管委会公布的消息，包括百度、京东金融等互联网公司也将进入雄安新区。
24 7 3 1 6 0.655
互联网巨头为何纷纷在雄安新区提前布局？互联网业界普遍认为，雄安新区将成为创新的“试验场”。
24 8 3 2 6 0.425
马化腾表示，腾讯要与雄安“高频互动”。
24 10 3 4 6 0.655
腾讯在雄安新区将在金融、城市、文化、产业、人才五个方面尝试创新。
24 9 3 3 6 0.564
雄安是一个全新的创新实验平台，各界都高度关注互联网公司在雄安的一举一动。
24 11 3 5 6 0.596
比如，腾讯金融科技实验室在雄安落地之后，腾讯的大数据风控体系、基于腾讯云的区块链服务等金融科技都将在雄安先行先试，拓展从民生到企业、政府管理的不同场景。
26 11 6 1 4 0.621
进入11月以来，“BTA”三大互联网公司纷纷宣布与雄安新区展开合作。
26 12 6 2 4 0.667
11月8日，雄安新区与阿里巴巴集团、蚂蚁金服集团签署战略合作协议。
26 13 6 3 4 0.625
11月16日，李彦宏在2017百度世界大会上宣布，百度无人驾驶系统Apollo将携手雄安在智能交通领域合作，共同将雄安打造成全球领先的智能出行城市。
26 14 6 4 4 0.677
11月23日，马化腾在河北石家庄签订了一份《雄安新区与腾讯公司金融科技战略合作协议》，并成立腾讯(雄安)金融科技实验室。
27 1 1 1 1 0.631
11月27日，澎湃新闻获悉，未来北京与河北雄安新区之间将新建一条“京安”高速公路，不但可以实现雄安新区与北京的高速联系，承载未来交通，还可以一定程度缓解北京西南方向既有交通压力。
28 6 3 2 2 0.726
同时还将构建鲜活农产品一小时服务供应基地，服务北京和雄安新区发展。
28 5 3 1 2 0.501
该项目致力于打造一二三产深度融合的冷链产业平台，重点发展现代商贸流通体系，构建从农田到餐桌全程可追溯的食品安全闭环链条。
34 4 4 1 2 0.667
11月8日，雄安新区与阿里巴巴集团、蚂蚁金服集团签署战略合作协议。
34 5 4 2 2 0.476
马云在签约仪式上说：“阿里巴巴的出发点不是到雄安做生意，而是拿出最先进的技术实力和创新资源，将雄安新区打造成未来城市的标杆和中国样本。”
34 6 5 1 1 0.624
11月16日，百度集团董事长李彦宏在2017百度世界大会上宣布，百度无人驾驶系统Apollo将携手雄安在智能交通领域合作，共同将雄安打造成全球领先的智能出行城市。
34 7 6 1 1 0.644
11月23日，腾讯集团董事会主席兼首席执行官马化腾在河北石家庄签订了一份《雄安新区与腾讯公司金融科技战略合作协议》，并成立腾讯（雄安）金融科技实验室，为腾讯与雄安的合作正式拉开帷幕。
35 1 1 1 1 0.624
11月23日，腾讯集团董事会主席兼首席执行官马化腾在河北石家庄签订了一份《雄安新区与腾讯公司金融科技战略合作协议》，为腾讯与雄安的合作拉开帷幕。
35 5 3 1 3 0.605
早在今年9月26日，腾讯就率先在雄安新区注册成立了分公司，是首家在雄安新区注册的大型互联网企业。
35 6 3 2 3 0.484
一个多月后，随着马化腾的出现和此次腾讯在雄安的一系列举措，腾讯在未来雄安新区的作为渐显轮廓。
35 16 8 1 3 0.705
谈到腾讯和雄安，马化腾认为，“雄安新区坚持创新驱动的发展理念与腾讯高度契合”，腾讯将和雄安“高频互动”。
35 17 8 2 3 0.564
雄安是一个全新的创新实验平台，各界都高度关注互联网公司在雄安的一举一动。
35 18 8 3 3 0.631
对于腾讯将在雄安推进的创新，马化腾归纳为五个方面：金融创新、城市创新、文化创新、产业创新、人才创新。
35 19 9 1 1 0.665
马化腾表示，腾讯愿充分发挥金融大数据、金融云、区块链和人工智能等方面的核心技术能力，以业内最全面的综合数据资源，全面融入雄安战略发展规划，助力雄安发展。
35 20 10 1 3 0.703
今年4月1日以来，腾讯高度关注雄安新区的发展，腾讯与雄安新区的合作也一直走在国内互联网企业的前列。
35 21 10 2 3 0.719
7月27日，腾讯与雄安新区管委会后签订了合作备忘录。
35 22 10 3 3 0.727
随后，腾讯成为雄安新区管委会核准的首批入区企业之一，河北雄安新区腾讯计算机系统有限公司已于9月26日完成注册，是首家在雄安新区注册的大型互联网企业。
35 23 11 1 2 0.72
当日，腾讯还与雄安新区签署了“金融科技战略合作协议”，成立腾讯（雄安）金融科技实验室；与河北省签约全面医疗战略合作协议，以科技助力河北医疗的进步和提升。
35 24 11 2 2 0.577
金融科技实验室在雄安落地之后，从云计算到区块链，腾讯领先的大数据风控体系、基于腾讯云的区块链BaaS服务等金融科技黑科技都将在雄安先行先试，拓展从民生到企业、政府管理的不同场景。
37 14 7 1 2 0.808
“设立雄安新区的消息一公布，中国农业银行就对金融助力雄安新区建设进行了专题研究。农行将把雄安新区作为金融改革创新实验区，在产品创新、业务模式、管理方式等方面进行大胆探索。”农行雄安分行筹备组组长李军，对农行助力新区建设信心满满。
37 15 7 2 2 0.654
他表示，农行将大力推进“数字金融”“智慧金融”建设，为打造雄安新区“智慧之城”做出应有贡献。
37 29 14 1 2 0.687
工行雄安新区筹备组李向品告诉记者，围绕新区建设“数字雄安、智慧新区”的定位，工行调动了北京、广州、上海几大研发中心的科技力量，基于区块链、云计算和大数据技术，已经开始设计和搭建具有新区特色的信息系统。
37 30 14 2 2 0.391
区块链技术具有“多方共识、不可篡改、交易溯源”的特点，在确保信息可信、安全、可追溯等方面具有传统技术架构不可比拟的优势，将成为新区金融服务体系建设的核心技术之一，而工行在这方面的研发和实践走在了前面。
39 2 2 1 5 0.606
据报道称，目前雄安新区涉及生态环境保护的规划有两个：一是河北省环保厅委托环保部环境规划院牵头编制的雄安新区生态环境保护规划；另一个是河北省发改委委托中科院生态中心牵头，环保部环境规划院参与编制的白洋淀生态环境治理和保护规划。
39 3 2 2 5 0.583
在11月23日，环保部规划财务司负责人在环保部例行新闻发布会上表示，环保部组织编制的雄安新区生态环境保护规划，已通过中咨公司专家评审。
39 4 2 3 5 0.653
目前正在组建环境保护部雄安新区生态环境保护的技术咨询委员会。
39 5 2 4 5 0.111
就目前常规的基建程序来看，环保一向是基建的前期工作的核心环节。
39 10 3 4 5 0.692
该项目是雄安新区面向全国乃至世界的窗口，承担着雄安新区政务服务、规划展示、会议举办、企业办公等多项功能，是雄安新区功能定位与发展理念的率先呈现。
39 9 3 3 5 0.589
项目内容包括规划展示中心、会议培训中心、政务服务中心、企业办公、周转用房、雄安新区管委会办公场所、中国雄安建设投资集团办公场所和相关配套设施。
39 11 3 5 5 0.674
如此的信息进一步表明雄安新区的基建有望迅速拉开序幕。
40 1 1 1 1 0.624
11月23日，腾讯集团董事会主席兼首席执行官马化腾在河北石家庄签订了一份《雄安新区与腾讯公司金融科技战略合作协议》，为腾讯与雄安的合作拉开帷幕。
40 2 2 1 2 0.605
早在今年9月26日，腾讯就率先在雄安新区注册成立了分公司，是首家在雄安新区注册的大型互联网企业。
40 3 2 2 2 0.484
一个多月后，随着马化腾的出现和此次腾讯在雄安的一系列举措，腾讯在未来雄安新区的作为渐显轮廓。
40 26 13 1 3 0.761
今年4月，党中央、国务院宣布设立河北雄安新区，明确了雄安新区是千年大计、国家大事的定位。
40 27 13 2 3 0.091
众多企业纷纷赶来“报道”。
40 29 14 1 2 0.719
7月27日，腾讯与雄安新区管委会后签订了合作备忘录。
40 30 14 2 2 0.727
随后，腾讯成为雄安新区管委会核准的首批入区企业之一，河北雄安新区腾讯计算机系统有限公司已于9月26日完成注册，是首家在雄安新区注册的大型互联网企业。
40 33 16 1 1 0.708
11月8日，阿里巴巴集团与河北雄安新区管委会签署战略合作协议，双方将携手打造以云计算为基础设施、物联网为城市神经网络，城市大脑为人工智能中枢的未来智能城市。
40 34 17 1 1 0.68
这是继9月29日阿里巴巴宣布将在雄安新区成立三家子公司，全面参与雄安建设，服务国家“千年大计”之后，实质性的一步。
40 38 20 1 1 0.675
在签约仪式现场，阿里巴巴宣布三家雄安子公司——阿里巴巴雄安技术有限公司、蚂蚁金服雄安数字技术有限公司和菜鸟雄安网络科技有限公司已经注册完成。
40 41 22 2 2 0.671
阿里表示，作为第一家与雄安新区展开深度合作的大型互联网企业，它将在云计算、大数据、智慧物流、金融科技和电子商务等领域，投入最顶尖的技术和创新资源，全力助推雄安新区这一“千年大计、国家大事”的建设，把雄安新区打造成未来城市的标杆和中国样本。
40 40 22 1 2 0.487
国家在建设雄安新区、引进企业方面有一个硬性的标准，就是这些企业必须是高新、高端产业。
40 42 23 1 3 0.699
马化腾则认为，雄安新区坚持创新驱动的发展理念与腾讯高度契合。
40 43 23 2 3 0.657
对于落实十九大对发展数字经济和智慧社会方面的要求，雄安新区将是重要的创新实验平台，通过技术与制度的创新，未来雄安新区将成为我国向全世界输出数字化转型升级的样本。
40 44 23 3 3 0.567
根据以上考虑，腾讯今后在雄安的业务可以归纳为五个创新：金融创新、城市创新、文化创新、产业创新、人才创新。
40 45 24 1 1 0.683
“几个月以来，腾讯和雄安新区保持高频互动，包括我自己和公司相关高管，在不同场合和国家发改委、河北省以及相关专家围绕雄安新区建设多次交流过看法。河北雄安新区腾讯计算机系统有限公司也完成了企业注册。”
40 46 25 1 1 0.743
当前，雄安正在建设“数字雄安”，推进“数字金融生活城市”项目，马化腾说，腾讯愿充分发挥金融大数据、金融云、区块链和人工智能等方面的核心技术能力，全面融入雄安战略发展规划，助力雄安发展。
40 47 26 1 1 0.732
23日上午，腾讯和雄安新区签署“金融科技战略合作协议”，成立腾讯（雄安）金融科技实验室；与河北省签约全面医疗战略合作协议，以科技助力河北医疗的进步和提升。
40 48 27 1 1 0.68
11月23日上午，雄安新区管委会和省卫计委、省中医药管理局、河北医科大学在石家庄分别与腾讯公司签署战略合作协议，全面深入开展金融科技和医疗领域合作。
40 55 32 1 2 0.668
10月14日，雄安新区与百度集团举行对接座谈，双方就大数据、人工智能、云计算等潜在合作领域进行对接。
40 56 32 2 2 0.714
河北省委常委、副省长，雄安新区党工委书记、管委会主任陈刚表示，欢迎百度在雄安新区筹建国家级人工智能实验室，特别是建设无人驾驶高新产业示范区。
40 57 33 1 1 0.6
在14日的对接座谈会上，百度集团总裁兼首席运营官陆奇表示，百度在云计算、边缘计算、大数据、人工智能、自动驾驶等领域具有世界领先的技术与应用，希望与雄安新区在智能城市规划设计、信息基础设施建设、智能产业试点示范等领域深化合作。
40 58 34 1 4 0.718
陈刚表示，雄安新区的建设需要在信息化和智慧城市等融合发展方面实现突破。
40 59 34 2 4 0.612
雄安新区未来将实现以智能公共交通为主、无人驾驶私家车个性化出行为辅的出行方式，以此构成新区的路网结构和空间分配模式。
40 60 34 3 4 0.393
未来，雄安新区规划建设的一个核心理念是把城市还给人，按照人的尺度来设计，把路面、空间还给人，改变传统的按照汽车尺度来设计城市、道路的做法。
40 63 36 1 1 0.623
9月28日，雄安新区管委会发布消息称，按照严控入区产业的原则，经过管委会审核，阿里巴巴、腾讯、百度、京东金融、360奇虎、深圳光启、国开投、中国电信、中国人保等公司在新区设立48家企业。
40 67 38 2 2 0.661
雄安新区管委会表示，高端、高新产业将是新区产业的主流，随着诸如深圳光启等一大批企业的进入将会极大地带动新区产业结构的调整。
40 66 38 1 2 0.124
这48家企业中，中央企业有19家，民营企业有21家；来自北京的企业24家，来自深圳的企业13家。
41 3 3 1 2 0.667
11月8日，雄安新区与阿里巴巴集团、蚂蚁金服集团签署战略合作协议。
41 4 3 2 2 0.476
马云在签约仪式上说：“阿里巴巴的出发点不是到雄安做生意，而是拿出最先进的技术实力和创新资源，将雄安新区打造成未来城市的标杆和中国样本。”
41 5 4 1 1 0.624
11月16日，百度集团董事长李彦宏在2017百度世界大会上宣布，百度无人驾驶系统Apollo将携手雄安在智能交通领域合作，共同将雄安打造成全球领先的智能出行城市。
41 6 5 1 1 0.644
11月23日，腾讯集团董事会主席兼首席执行官马化腾在河北石家庄签订了一份《雄安新区与腾讯公司金融科技战略合作协议》，并成立腾讯（雄安）金融科技实验室，为腾讯与雄安的合作正式拉开帷幕。
41 7 6 1 1 0.605
根据协议，阿里巴巴将在云计算、大数据、智慧物流、金融科技和电子商务等领域，为雄安新区投入技术和创新资源。
41 8 7 1 2 0.635
具体来说，蚂蚁金服将在城市基础设施、环境、产业，城市运营、管理，创新活力塑造等方面与雄安新区展开合作。
41 9 7 2 2 0.745
双方将共建蚂蚁金服雄安金融科技创新中心，支持雄安新区打造金融科技示范区，搭建区块链基础设施平台等。
41 19 14 1 1 0.609
实际上，在10月中旬，雄安新区就与百度公司举行对接座谈，双方就大数据、人工智能、云计算等潜在合作领域进行对接。
41 20 15 1 1 0.779
河北省委常委、副省长，雄安新区党工委书记、管委会主任陈刚在座谈会上表示，雄安新区未来将实现以智能公共交通为主、无人驾驶私家车个性化出行为辅的出行方式，以此构成未来雄安新区的路网结构和空间分配模式。
41 26 19 1 2 0.739
谈及腾讯与雄安，马化腾表示，雄安新区坚持创新驱动的发展理念与腾讯高度契合，腾讯将要和雄安“高频互动”。
41 27 19 2 2 0.681
雄安新区是重要的创新实验平台，通过技术与制度的创新，未来雄安新区将成为中国向全世界输出数字化转型升级的样本。
41 28 20 1 1 0.681
“腾讯愿充分发挥金融大数据、金融云、区块链和人工智能等方面的核心技术能力，全面融入雄安战略发展规划，助力雄安发展。”马化腾说。
41 32 23 1 2 0.637
此外，腾讯在雄安新区发起了“艺术行动”，宣布将从雄安试点用互联网方式普及中国青少年艺术教育，并逐步推广。
41 33 23 2 2 0.583
未来还将依托“粤港澳湾区青年营”等项目，邀请雄安新区中学生走进深圳，与粤港澳大湾区同龄人共同探索科技未来。
42 2 2 1 2 0.66
环保部环境规划院院长王金南表示，规划以白洋淀生态环境保护建设为基础优化新区布局，以新区环境质量改善来推动整个白洋淀，乃至京津冀的环境质量改善。
42 3 2 2 2 0.61
通过坚守生态空间、系统保护修复、改善环境质量、实施绿色先导、打造智慧环保、创新体制机制六个方面，把雄安新区建设成为绿色低碳、信息智能、宜居宜业、具有世界影响力和竞争力、人与自然和谐共生的现代化绿色新区。
42 4 3 1 1 0.745
环保部规划财务司负责人尤艳馨介绍，环保部近期已经与河北省人民政府签署推动雄安新区生态环境保护工作的战略合作协议，目前正在组建环保部雄安新区生态环境保护技术咨询委员会。
43 1 1 1 1 0.682
11月23日上午，雄安新区管委会和河北省卫计委、河北省中医药管理局、河北医科大学在石家庄分别与腾讯公司签署战略合作协议，全面深入开展金融科技和医疗领域合作。
43 2 2 1 3 0.672
据雄安发布微信公众号消息，河北省委书记王东峰指出，腾讯公司坚持创新发展，市场竞争力不断提升，与河北有着良好的合作关系。
43 3 2 2 3 0.658
当前，河北正处在历史性窗口期和战略性机遇期，特别是高起点规划、高标准建设雄安新区这一千年大计、国家大事，为河北与腾讯公司的合作提供了广阔空间。
43 4 2 3 3 0.798
希望腾讯公司积极参与雄安新区智慧城市建设，扩大在河北的投资发展。
43 5 3 1 1 0.716
马化腾称，希望与河北在数字金融、智慧城市、智慧医疗等方面深化合作，为雄安新区规划建设、保障改善民生作出积极贡献。
43 6 4 1 1 0.739
作为雄安新区管委会核准的第一批入区企业之一，河北雄安新区腾讯计算机系统有限公司已于9月26日在河北省保定工商局完成注册。
43 11 8 1 3 0.647
9月28日，河北雄安新区管委会发布消息称，按照严控入区产业的原则，经过审核，首批获批阿里巴巴、腾讯、百度、京东金融、360奇虎、国开投、中国电信、中国人保等在新区设立48家企业。
43 12 8 2 3 0.522
目前获批落户雄安新区的48家企业全部为高端、高新企业。
43 14 9 1 5 0.669
阿里巴巴和京东从农村电商领域较早进入雄安新区。
43 15 9 2 5 0.472
其中，阿里巴巴农村淘宝2014年推出了“千县万村”电商发展战略。
43 20 11 1 1 0.677
阿里巴巴乡村事业部北方大区业务部区域经理高士新曾表示，雄安新区容城和安新的村淘运营中心也在战略规划之中。
43 25 14 1 1 0.615
除了电子商务，阿里巴巴还在雄安的智慧基础设施建设方面有所行动。
43 27 15 2 2 0.708
双方将共同推进新型智慧城市及雄安新区智慧基础设施建设、互联网信用及小贷合作方面的金融创新、精准扶贫等。
43 26 15 1 2 0.575
今年6月，阿里巴巴与河北建投集团签署战略合作框架协议，双方除将继续进行用电合作，保障张北数据中心长期稳定运行之外，还将积极开展云计算基础设施构建。
45 1 1 1 2 0.767
涉及雄安新区生态环境建设的两大规划已基本完成，环保部已协调财政部安排专项资金5亿元，实施雄安新区“洗脸工程”，支持雄安新区正在开展的环境综合整治。
45 2 1 2 2 0.312
此外，中编办已经批准环境保护部6个区域督查中心更名为区域督察局，由原来的事业单位改为行政编制。
45 3 2 1 1 0.698
在11月23日举行的环保部例行新闻发布会上，环保部规划财务司负责人尤艳馨透露，涉及雄安新区生态环境建设的两大规划已基本完成，将建设成为人与自然和谐共生的现代化绿色新区。
45 4 3 1 2 0.729
尤艳馨说，环保部已协调财政部安排专项资金5亿元，实施雄安新区“洗脸工程”，支持雄安新区正在开展的环境综合整治。
45 5 3 2 2 0.608
环保部率先在雄安新区开展土壤污染状况的详查，优先完成新区的医院、学校这些建设用地的土壤污染状况的调查。
45 12 10 1 1 0.731
王金南透露，雄安新区的环保规划，具体落实党中央关于雄安新区的规划建设总体要求，目前规划正等待专家论证，以及与雄安新区总体规划全面对接工作。
45 15 13 1 1 0.622
“以白洋淀生态环境保护建设为基础，优化新区布局，以新区的环境质量改善来推动整个白洋淀，乃至京津冀的环境质量改善。把新区建设成为绿色低碳、信息智能、宜居、具有世界影响力和竞争力的人与自然和谐共生的现代化绿色新区。”王金南说。
45 17 15 1 1 0.703
今年11月13日，环保部与河北省政府签署了《推进雄安新区生态环境保护工作战略合作协议》。
45 18 16 1 1 0.639
环保部部长李干杰表示，下一步将扎实推进协议的落实，着力支持白洋淀流域环境整治、雄安新区生态保护与修复、区域污染协同防治、“三线一单”管控体系建设、监测和执法监管体系建设、环境安全防控体系建设、生态环境管理机制创新、绿色环保产业发展。
46 1 1 1 1 0.744
继雄安万科建筑研究中心于10月底在雄安新区雄县揭牌并投入运营后，又一家龙头房企正式介入了雄安新区的建设。
46 7 5 1 1 0.692
中国建筑表示，该项目是雄安新区面向全国乃至世界的窗口，承担着雄安新区政务服务、规划展示、会议举办、企业办公等多项功能，是雄安新区功能定位与发展理念的率先呈现。
46 11 8 1 1 0.711
而此前，万科已经与住建部科技与产业化发展中心签订了《全面推进城乡建设领域绿色发展研究及推广合作框架协议》，并与环保部环境发展中心、中国节能签订了《关于合作推进环保部技术评估与转化平台落地雄安新区的框架协议书》。
47 3 2 1 2 0.676
尤艳馨介绍，党中央、国务院决定设立雄安新区，并且高度重视新区的生态环境保护工作。
47 4 2 2 2 0.566
环保部积极配合协助支持河北省和雄安新区做好相关工作，主要做了三方面工作。
47 6 3 2 3 0.696
成立了由环保部部长李干杰任组长，其他各位副部长任副组长推进雄安新区生态环境保护工作领导小组，建立了推进雄安新区生态环境保护工作领导小组机制，并且印发了关于近期推进雄安新区生态环境保护的实施方案，明确了近期雄安新区生态环境保护工作的任务和时限。
47 5 3 1 3 0.402
加强领导建立工作机制。
47 7 3 3 3 0.701
11月13日，环保部和河北省人民政府签署了战略合作协议，目前正在组建环保部雄安新区生态环境保护的技术咨询委员会。
47 10 4 3 4 0.608
环保部率先在雄安新区开展土壤污染状况的详查，优先完成新区的医院、学校这些建设用地的土壤污染状况的调查。
47 9 4 2 4 0.543
中央财政在中央水污染防治专项资金中安排了5亿专项资金，支持雄安新区正在开展的环境综合整治工作。
47 11 4 4 4 0.706
此外，今年5月份以来，环保部会同河北省人民政府抽调精干力量，对雄安新区开展环保督察。
47 13 5 2 3 0.669
目前雄安新区涉及生态环境保护的规划有两个，一是河北省环保厅委托环保部环境规划院牵头编制的雄安新区生态环境保护规划。
47 12 5 1 3 0.333
系统谋划做好顶层设计，发挥好指导和技术支撑作用。
47 14 5 3 3 0.542
二是河北省发改委委托中科院生态中心牵头，环保部环境规划院参与编制的白洋淀生态环境治理和保护规划。
48 3 2 1 3 0.652
据环保部规划财务司巡视员兼副司长尤艳馨介绍，环保部认真贯彻落实党中央、国务院的部署，积极配合协助支持河北省和雄安新区做好相关工作，成立了由李干杰部长任组长，其他各位部领导任副组长的“推进雄安新区生态环境保护工作领导小组”，建立了推进雄安新区生态环境保护工作领导小组机制。
48 4 2 2 3 0.672
印发《关于近期推进雄安新区生态环境保护工作的实施方案》，明确了近期雄安新区生态环境保护工作的任务和时限。
48 5 2 3 3 0.746
11月13号，环保部和河北省人民政府签署了推动雄安新区生态环境保护工作的战略合作协议，目前正在组建环境保护部雄安新区生态环境保护技术咨询委员会。
48 6 3 1 1 0.628
尤艳馨透露，中央财政已在中央水污染防治专项资金中安排了5亿专项资金，支持雄安新区开展环境综合整治工作，并且环保部已率先在雄安新区开展土壤污染状况详查，优先完成新区的医院、学校等建设用地的土壤污染状况调查。
48 8 5 1 2 0.641
目前，雄安新区涉及生态环境保护的规划有两个，一个是河北省环保厅委托环保部环境规划院牵头编制《雄安新区生态环境保护规划》。
48 9 5 2 2 0.504
第二个是河北省发改委委托中科院生态中心牵头，环保部环境规划院参与编制的《白洋淀生态环境治理和保护规划》。
48 12 7 2 3 0.631
以白洋淀生态环境保护建设为基础优化新区布局，以新区环境质量改善来推动整个白洋淀乃至京津冀的环境质量改善。
48 11 7 1 3 0.517
王金南称，《雄安新区生态环境保护规划》最基本出发点就是坚持“世界眼光、国际标准、中国特色、高点定位”的要求，以建设世界一流、绿色生态、宜居新城为目标，坚持生态优先、绿色发展为基本原则，以“三线一单”，即资源、生态、环境这“三线”和负面清单，促进优化整个新区的发展。
48 13 7 3 3 0.663
以绿色基础设施和智慧环保服务提升整个新区的绿色建设水平。
48 14 8 1 1 0.602
“我们希望在新区建设和运营过程当中始终坚持绿色发展。”王金南说，“通过坚守生态空间、系统保护修复、改善环境质量、实施绿色先导、打造智慧环保、创新体制机制这六个方面，把新区建设成为绿色低碳、信息智能、宜居宜业、具有世界影响力和竞争力、人与自然和谐共生的现代化绿色新区。”
49 1 1 1 2 0.621
经济观察网记者董瑞强11月23日上午，环保部规划财务司负责人尤艳馨在环保部11月例行新闻发布会上透露，中央财政在中央水污染防治专项资金中安排了5亿元实施雄安新区“洗脸工程”，支持雄安新区正在开展的环境综合整治工作。
49 2 1 2 2 0.601
环保部还率先在雄安新区开展土壤污染状况的详查，优先完成新区的医院、学校这些建设用地的土壤污染状况的调查。
49 3 2 1 1 0.611
尤艳馨表示，今年以来，环保部制定了《关于近期推进雄安新区生态环境保护工作的实施方案》，成立雄安新区生态环境保护工作领导小组，加强领导建立工作机制，优先解决突出环境问题，系统谋划做好顶层设计，发挥好指导和技术支撑作用。
49 4 3 1 2 0.657
“雄安新区涉及生态环境保护的规划有两个：一是河北省环保厅委托环保部环境规划院牵头编制的雄安新区生态环境保护规划，二是河北省发改委委托中科院生态中心牵头，环保部环境规划院参与编制的白洋淀生态环境治理和保护规划。”尤艳馨透露，目前雄安新区生态环境保护规划已通过中咨公司专家评审。
49 5 3 2 2 0.714
现在正在组建环保部雄安新区生态环境保护技术咨询委员会。
49 7 4 2 2 0.625
环保督察严厉打击了雄安新区各种环境违法行为，推动了新区环境质量改善。
49 6 4 1 2 0.439
据尤艳馨介绍，今年5月份以来，环保部会同河北省政府对雄安新区开展环保督察，共清理“散乱污”企业12098家，交办674个案件，目前已完成了636个案件，有38个正在整改中。
49 9 6 1 2 0.619
对于雄安新区生态环境保护规划的进展情况，环保部环境规划院院长王金南表示，在接到规划编制任务的第一时间，环境规划院就联合中科院、北京大学、清华大学，组织力量，奔赴雄安新区开展规划调研，在规划调研基础上形成初步方案。
49 10 6 2 2 0.613
目前规划正等待专家论证，以及与雄安新区总体规划全面对接工作。
49 11 7 1 1 0.685
王金南介绍，雄安新区生态环境保护规划，专门以“三线一单”（资源、生态、环境这三线和负面清单）来优化新区发展；以白洋淀生态环境保护建设为基础，优化新区布局；以新区环境质量改善来推动白洋淀乃至京津冀环境质量改善；以绿色基础设施和智慧环保服务提升新区绿色建设水平，在新区建设运营中始终坚持绿色发展。
50 1 1 1 2 0.682
据雄安发布消息，11月23日上午，雄安新区管委会和省卫计委、省中医药管理局、河北医科大学在石家庄分别与腾讯公司(00700-HK)签署战略合作协议，全面深入开展金融科技和医疗领域合作。
50 2 1 2 2 0.357
河北省委书记王东峰，省委副书记、省长许勤，腾讯公司董事局主席兼首席执行官马化腾，腾讯公司党委书记兼高级副总裁郭凯天出席签约仪式。
50 5 2 3 4 0.658
当前，河北正处在历史性窗口期和战略性机遇期，特别是高起点规划、高标准建设雄安新区这一千年大计、国家大事，为河北与腾讯公司的合作提供了广阔空间。
50 4 2 2 4 0.54
王东峰指出，腾讯公司坚持创新发展，市场竞争力不断提升，与河北有着良好的合作关系。
50 6 2 4 4 0.798
希望腾讯公司积极参与雄安新区智慧城市建设，扩大在河北的投资发展。
50 7 3 1 1 0.717
马化腾介绍了腾讯公司的发展情况，希望与河北在数字金融、智慧城市、智慧医疗等方面深化合作，为雄安新区规划建设、保障改善民生作出积极贡献。
51 3 1 3 4 0.658
当前，河北正处在历史性窗口期和战略性机遇期，特别是高起点规划、高标准建设雄安新区这一千年大计、国家大事，为河北与腾讯公司的合作提供了广阔空间。
51 2 1 2 4 0.54
王东峰指出，腾讯公司坚持创新发展，市场竞争力不断提升，与河北有着良好的合作关系。
51 4 1 4 4 0.798
希望腾讯公司积极参与雄安新区智慧城市建设，扩大在河北的投资发展。
51 5 2 1 1 0.717
马化腾介绍了腾讯公司的发展情况，希望与河北在数字金融、智慧城市、智慧医疗等方面深化合作，为雄安新区规划建设、保障改善民生作出积极贡献。
51 6 3 1 1 0.68
11月23日上午，雄安新区管委会和省卫计委、省中医药管理局、河北医科大学在石家庄分别与腾讯公司签署战略合作协议，全面深入开展金融科技和医疗领域合作。
52 5 2 4 5 0.789
三是编制雄安新区生态环境保护规划，支持建设绿色宜居雄安，全面推进雄安新区生态环境保护工作，启动实施一批治污工作，11月13日，环保部与河北省人民政府签署战略合作协议。
52 4 2 3 5 0.353
二是印发长江经济带生态环境保护规划，把共抓大保护、不搞大开发的理念落实为路线图施工图。
52 6 2 5 5 0.598
四是按照全面建设社会主义现代化国家进程，启动中长期生态环境保护规划战略研究。
53 2 1 2 2 0.642
消息面，环保部称，全面推进雄安新区生态环境保护工作，已启动实施一批治污工作。
53 1 1 1 2 0.39
雄安概念股盘中异动，首创股份直线拉升涨逾5%。
54 1 1 1 1 0.598
中新社北京11月22日电(记者刘辰瑶)雄安新区的重要工程—雄安市民服务中心项目中标单位22日揭晓。
54 4 3 2 2 0.692
该项目是雄安新区面向全国乃至世界的窗口，承担着雄安新区政务服务、规划展示、会议举办、企业办公等多项功能，是雄安新区功能定位与发展理念的率先呈现。
54 3 3 1 2 0.212
该项目总投资额8亿元人民币，总建筑面积9.96万平方米，规划总用地24.24公顷。
55 4 2 2 2 0.692
该项目是雄安新区面向全国乃至世界的窗口，承担着雄安新区政务服务、规划展示、会议举办、企业办公等多项功能，是雄安新区功能定位与发展理念的率先呈现。
55 3 2 1 2 0.549
该项目总投资额8亿元，总建筑面积9.96万平方米，规划总用地24.24公顷，位于容城东部，小白塔及马庄村界内，项目内容包括规划展示中心、会议培训中心、政务服务中心、企业办公、周转用房、雄安新区管委会办公场所、中国雄安建设投资集团有限公司办公场所和相关配套设施。
55 9 5 1 1 0.718
雄安新区是千年大计、国家大事，中国建筑将雄安新区开发建设视为一项责无旁贷的政治任务，积极开展战略对接，服务国家区域发展战略，并充分发挥自身产业链条完善、资源要素齐全、能够为我国新型城镇化建设提供一揽子服务的比较优势，以最高端资源、最优秀产能，在供给端全面服务满足好新区规划建设需求，打造标杆工程，助力雄安新区成为城市建设的典范。
55 10 6 1 1 0.752
本次中标雄安市民服务中心项目，吹响了中国建筑参与雄安新区开发建设的冲锋号，中国建筑将勇为主力、争当先锋，积极贯彻十九大精神，落实新发展理念，创新管理机制，提供智慧运营服务，充分展现雄安新区绿色生态宜居新城区、开放发展先行区、协调发展示范区与创新驱动引领区的功能定位和与规划理念。
56 4 4 1 1 0.64
中建总公司介绍，该项目承担着雄安新区政务服务、规划展示、会议举办、企业办公等多项功能，是雄安新区功能定位与发展理念的率先呈现。
56 5 5 1 2 0.655
雄安市民服务中心项目将采用投资、施工、运营、基金管理一体化模式，由雄安建设投资集团与中国建筑联合体共同设立基金并负责基金的管理。
56 6 5 2 2 0.526
中国建筑为项目提供一体化产品解决方案，以项目投资商、建造商、发展商与后期运营服务商的角色，为雄安市民服务中心的全生命周期建设以及长期稳定运营发挥重要作用。
56 9 8 1 1 0.614
来自雄安新区官方微信“雄安发布”的信息称，11月13日，雄安新区“千年秀林”栽下了第一棵树，9号地块万亩合作造林工程正式启动，涉及雄县雄州镇、容城县平王乡两个乡镇8个村。
56 12 9 3 3 0.73
雄安新区的规划将为中国将来的城市规划提供范式。
56 11 9 2 3 0.07
每一个组团相对独立，组团内部有住宅区、有产业区、有公共服务设施。
58 1 1 1 2 0.695
11月20日，中国铁路规划经济研究院发布了北京至雄安新区城际铁路雄安站建筑概念设计方案征集第一次澄清文件。
58 2 1 2 2 0.155
文件中明确了雄安站车场规模为6台12线，根据该文件，未来将至少有4条高铁从雄安站经过，分别为京雄城际、津九联络线、京港台高铁以及石雄城际。
59 1 1 1 3 0.672
【雄安新区首家智库公司成立经营范围为环保低碳技术等咨询】据国家企业信用信息公示系统显示，近日，深圳两家公司及雄安建投集团共同出资成立了雄安绿研智库有限公司。
59 2 1 2 3 0.45
绿研智库的注册资本为5000万人民币，经营范围为环保低碳技术和管理咨询，低碳产业技术咨询，行业标准化服务咨询，会展、会议服务等。
60 8 5 1 2 0.675
火热的造林项目背后，是今年4月雄安新区设立时，习近平总书记对雄安提出的“生态任务”—构建蓝绿交织、清新明亮、水城共融的生态城市。
60 9 5 2 2 0.588
而中央对雄安新区的战略定位中，排在第一位的也是建设“绿色生态宜居新城区”。
60 10 6 1 2 0.644
10月19日下午，河北省委常委、副省长，雄安新区党工委书记、管委会主任陈刚表示，新区注重生态绿地和水域的蓝绿空间比例，目前设定的比例不低于70%，并划定了开放边界和生态红线。
60 11 6 2 2 0.438
这意味着，雄安新区基础设施、生产生活占地不能超过30%。
60 14 8 2 3 0.668
中国交建表示，公司在全力支持和主动服务雄安新区规划建设的征程上迈出了实质性的一步。
60 13 8 1 3 0.136
时代周报记者发现，中国交建联合体承担了面积最大、造价最高的第四标段施工任务，该标段面积为3359.8亩，造价9448万元。
60 15 8 3 3 0.133
而第一标段的中国建筑联合体面积最小，为1077.5亩，造价2775.5万元。
60 17 9 2 2 0.632
据雄安新区管委会官方微信“雄安发布”报道称，造林项目定位为城市组团之间的重要生态缓冲区和生态福利空间共享区，主要种植以常绿松柏类、长寿树种为基调树种。
60 16 9 1 2 0.228
据悉，9号地块一区造林项目总面积9934.6亩，涉及雄县雄州镇、容城县平王乡两个乡镇8个村。
60 22 12 1 3 0.618
事实上，雄安新区造林项目的准备工作早已启动。
60 23 12 2 3 0.79
9月20日，雄安新区管委会发布消息称，雄安新区围绕生态优先、绿色发展的理念，启动秋冬季合作造林实验工作，计划造林1万亩。
60 24 12 3 3 0.605
初步选定容城县平王乡仇小王村南保静公路北侧175亩地块作为合作造林实验区，待实验结束后，编制《雄安新区植树造林工作手册》，为指导秋冬季植树造林提供政策、机制和技术支撑。
60 32 17 1 1 0.685
此次雄安“第一标”，被认为是雄安新区多维度推动绿色智慧新城建设的一个标志。
60 35 20 1 2 0.694
据雄安发布报道，雄安新区共关停散乱污企业10661家。
60 36 20 2 2 0.367
到今年底，雄安新区乡（镇）及村庄生活垃圾无害化处理率达到100%，新区及白洋淀流域上游两侧城乡垃圾无害化处理率达到75%以上。
60 39 22 1 2 0.748
11月13日，环保部又与河北省政府签署了推进雄安新区生态环境保护工作战略合作协议。
60 40 22 2 2 0.702
环保部部长李干杰在签署仪式上表示，环保部高度重视雄安新区生态环境保护，将其作为一项重大政治任务，成立推进雄安新区生态环境保护工作领导小组，有关司局相继开展新区环境评估、白洋淀治理、生态保护红线划定等工作。
60 42 24 1 2 0.665
根据中国金融学会绿色金融专业委员会主任马骏发布的《雄安新区绿色金融规划报告》，雄安新区绿色投融资需求主要源于三大方面：污染治理、生态修复及保护性开发；绿色智慧城市的基础设施建设和绿色建筑；清洁能源及资源节约利用。
60 43 24 2 2 0.445
根据估算，未来五年内，雄安新区绿色投资需求可能达到一万亿元，需求带动下的发展将产生巨大的内生动力。
61 3 2 1 2 0.745
雄安新区的建设为公司发展带来历史性机遇。
61 4 2 2 2 0.724
李玉国透露，公司将积极为雄安新区生态环境综合治理工作提供整体方案。
61 28 15 3 4 0.618
为推进该合作框架协议的落地，2016年5月，先河正源在雄县工商行政管理局登记设立全资子公司保定先河正源环境资源科技有限公司。
61 27 15 2 4 0.543
根据合作框架协议，先河正源将与雄县辖区内包装印刷企业开展VOCs污染第三方治理合作。
61 29 15 4 4 0.463
“公司VOCs治理技术在包装印刷行业准备比较充分，同时在油气回收、制药行业等领域进行探索，未来重点瞄准产业集群区域VOCs治理新模式。”李玉国说。
61 32 18 1 1 0.64
公司将加强与相关部门合作，积极运作成立环保产业基金，孵化一批环保高科技企业，打造以先河为龙头的环保产业集群。
61 35 20 1 2 0.641
建设雄安新区为公司带来历史性的发展机遇，李玉国称之为“天时地利人和”。
61 36 20 2 2 0.668
先河环保作为河北省环保产业唯一家A股上市平台，公司在雄安新区设立了VOCs有机物治理公司开展业务，未来将全面推进公司网格化监测、大气治理业务。
64 1 1 1 2 0.659
经济日报-中国经济网北京11月18日讯雄安新区建设规划带来了千载难逢的发展机遇。
64 2 1 2 2 0.573
对于工程机械行业而言，庞大的基础设施建设，包括公路建设、铁路建设、地下管廊建设、地热开发建设、机场建设、轨道交通建设等规划建设将会给各类工程机械、工程车辆企业带来重大的发展机遇。
64 3 2 1 1 0.656
据介绍，为助力雄安新区建设，由河北省建设机械协会主办，河北省机械工业企业管理协会、河北省招标投标协会、河北省拍卖行业协会等单位协办，德维斯国际展览（北京）有限公司承办的“2018雄安工程机械、建筑机械、工程车辆展览会”（简称：CXEMExpo雄安工程机械展）将于2018年4月18-20日在雄安新区雄县包装机械广场举办。
64 4 3 1 6 0.624
据悉，该届展会以“助力绿色雄安新区建设”为主题，预设展示面积近20000平米。
64 5 3 2 6 0.404
由于场地面积有限，组委会将重点邀请一批市场应用广、需求拉动效应明显，具有节能环保、绿色制造、减震降噪等技术特点的工程机械、建设机械、工程车辆企业参展。
64 8 3 5 6 0.607
为工程机械制造企业参与雄安新区建设搭建一个集交流、展示、商贸洽谈为一体的高端平台。
64 7 3 4 6 0.525
主办方将广泛邀请各央企驻雄安新区机构、各公路/交通建设单位、建筑公司、工程公司、房地产商、租赁公司、经销代理商等业界人士前来参观采购。
64 9 3 6 6 -0.194
（满珠）
66 1 1 1 1 0.623
人民网北京11月16日电，近日，记者从国网河北电力了解到，雄安新区电网迁改项目ERP系统适应性调整建设工作顺利完成。
65 3 1 3 3 -0.188
（央广）
66 2 2 1 1 0.651
“该系统可以全面支撑雄安新区电网迁改工程的采购需求提报、合同管理、合同履约、项目竣工转资等业务的开展，有力支撑了雄安新区电网建设工作。”国网河北电力的相关负责人表示。
67 2 1 2 2 0.799
王晓初表示，中国联通将积极响应国家京津冀协同发展战略，超前规划和建设雄安新区信息网络服务体系，不遗余力做好新区通信网络建设工作，为雄安新区建设和发展提供全面优质的服务。
67 1 1 1 2 0.444
e公司记者从中国联通获悉，11月13日，河北省委书记王东峰、省长许勤在石家庄会见中国联通董事长王晓初。
68 1 1 1 2 0.71
【国研中心副主任：无人驾驶技术可考虑在雄安新区先行先试】在今日举行的第八届财新峰会上，国务院发展研究中心副主任、京津冀协同发展专家咨询委员会委员张军扩表示，推动雄安新区创新发展的关键是处理好政府与市场的关系。
68 2 1 2 2 0.581
在雄安发展初期，政府的作用更加重要，政府应着力完善推动创新发展的制度和政策环境，一些高科技创新成果的商业化，比如高科技医疗技术、无人驾驶技术等，可以考虑在雄安新区先行先试。
69 1 1 1 2 0.666
在11月16日举行的第八届财新峰会上，国务院发展研究中心副主任、京津冀协同发展专家咨询委员会委员张军扩表示，推动雄安新区创新发展的关键是处理好政府与市场的关系。
69 2 1 2 2 0.581
在雄安发展初期，政府的作用更加重要，政府应着力完善推动创新发展的制度和政策环境，一些高科技创新成果的商业化，比如高科技医疗技术、无人驾驶技术等，可以考虑在雄安新区先行先试。
69 8 5 2 5 0.61
政府可以组织有关的专家学者及产业界人士，在认真分析研判世界科技创新发展趋势、方向，京津冀创新要素禀赋及产业现状的基础上，提出雄安新区土洞创新发展应当重点努力的领域或者方向。
69 7 5 1 5 0.314
一是产业政策的强力推动和引导。
69 9 5 3 5 0.052
这样做，一是可以对社会资本起到参考和引导作用。
71 2 1 2 4 0.656
目前，雄安新区九号地块一区秋冬季造林项目已经开工。
71 1 1 1 4 0.499
央视网消息：根据雄安新区生态建设要求，预计在2030年，新区蓝绿空间占比大于70%，森林覆盖率达到40%以上。
71 3 1 3 4 0.395
雄安新区九号地块一区总面积约一万亩，涉及雄县雄州镇、容城县平王乡两个乡镇共8个村。
73 1 1 1 2 0.808
中新网雄安11月15日电(张帆)记者从河北雄安新区管委会获悉，雄安新区“千年秀林”工程已开始植树，这标志着雄安新区围绕生态优先、绿色发展的理念，依法依规启动秋冬季合作造林工作已经开始。
73 2 1 2 2 0.192
据悉，该工程将种植90多万亩各类树木。
74 1 1 1 1 0.685
习近平总书记对雄安新区的建设提出明确要求，要坚持生态优先、绿色发展，划定开发边界和生态红线，实现两线合一，着力建设绿色、森林、智慧、水城一体的新区。
74 2 2 1 1 0.735
为贯彻习总书记指示，雄安新区围绕生态优先、绿色发展的理念，依法依规启动秋冬季合作造林工作，计划造林1万亩。
74 15 11 2 2 0.802
雄安发布图
74 14 11 1 2 -0.104
扫描二维码后能详细了解到苗木的来源、规格、坐标等情况。
74 16 12 1 1 0.726
雄安新区管委会有关负责人表示，新区坚持改革创新，正在探索一套适合新区造林特点的经营机制、模式、技术。
74 29 21 1 1 0.723
“千年秀林”，干群一心，雄安新区正在朝着“创建良性致富生态，共建共享新区发展成果”迈进。
76 1 1 1 2 0.616
中国证券网讯（记者刘武）农业部官网信息显示，近日，农业部党组成员、中国农业科学院院长唐华俊赴河北省衡水市和雄安新区专题调研农业科技创新与绿色发展情况。
75 1 1 1 1 0.592
【威海广泰：北京新机场和雄安新区市场已取得初步订单】威海广泰日前在互动平台表示，北京新机场和雄安新区的市场公司早已开始联系，且已取得初步订单。
76 2 1 2 2 0.674
唐华俊考察了雄县创新农业科技示范园区，深入了解当地农业农村工作和农业科技发展情况，以及雄安新区建设对农业科技的需求。
76 3 2 1 2 0.683
唐华俊表示，中国农科院要认真贯彻落实中央关于建设雄安新区的决策部署，立足农业科研国家队的职责使命，加强前瞻性调研与工作对接，根据新区总体方案与工作需求，强化农业科技支撑。
76 4 2 2 2 0.604
要科学做好农业农村发展区域布局，探索发展绿色农业、智慧农业、都市农业的新业态、新模式、新技术，有针对性地开展土地、税收等农业发展特殊支持政策研究，以实际行动积极参与雄安新区建设。
76 5 3 1 1 0.663
他还表示，中国农科院要按照中央统一部署，加强农业政策创设、区域布局和先进技术研发与应用，以实际行动积极参与支持雄安新区建设，服从服务于国家发展大局。
77 1 1 1 2 0.687
据《上海证券报》报道，蔡奇在《党的十九大报告辅导读本》撰文指出，党中央已明确雄安新区规划建设目标，即到2020年，雄安新区对外骨干交通路网基本建成，起步区基础设施建设和产业布局框架基本形成，白洋淀环境综合治理和生态修复取得明显进展，新区雏形初步显现。
77 2 1 2 2 0.416
到2030年，雄安要建成为一座绿色低碳、信息智能、宜居宜业，具有较强竞争力和影响力，人与自然和谐共处的现代化新城。
78 5 4 1 1 0.743
法制晚报·看法新闻记者了解到，目前雄安新区工委党校将采取与省委党校合作办学，到年底前以雄安新区星期天党校的形式，持续深入地学习贯彻党的十九大精神，系统掌握深刻理解习近平新时代中国特色社会主义思想，尽快提升各级领导干部的理论水平和完成规划建设雄安新区的各方面素质能力。
78 6 5 1 1 0.652
未来，新区工委党校建设将按照“三步走”的规划稳步推进，还将建立全新的体制机制和办学模式，充分利用社会各方面的师资资源，积极探索智能网络办学形式，面向雄安、面向全国、面向全球引进教师，开展培训和广泛交流。
79 1 1 1 2 0.712
日前，围绕新区规划建设需求，雄安新区依法依规启动了临时办公区建设前期临时占地工作。
79 2 1 2 2 0.128
该临时办公区位于容城县城东侧，临时占用容城县马庄村、白塔村、东关村部分土地约1000亩，建筑面积约10万平方米。
79 46 29 1 1 0.665
雄安新区各级干部对《瞭望》新闻周刊记者表示，新区人民深明大义，干群一心众志成城，临时办公区占地顺利完成，实现了新区开工建设的良好开局，新区的美好蓝图正在徐徐展开。
79 48 31 1 4 0.637
陈刚说，完成好建设雄安新区这个历史重任，必须认真落实新发展理念，创新发展模式。
79 49 31 2 4 0.212
绝不能搞土地财政，不走房地产主导的城市发展老路。
80 1 1 1 3 0.629
11月12日，中共河北雄安新区工委党校正式成立，揭牌仪式暨十九大精神县级干部培训班开班式隆重举行。
80 2 1 2 3 0.677
省委常委、副省长，雄安新区党工委书记、管委会主任陈刚与省委党校常务副校长魏四海一起，共同为雄安新区工委党校揭牌。
80 3 1 3 3 0.556
雄安新区工委党校由陈刚担任校长，雄安新区党工委副书记、管委会常务副主任刘宝玲担任常务副校长，雄安新区临时党委委员、筹委会副主任牛景峰任副校长，省委党校副校长李胜茹任副校长，并成立新区党校校委会。
80 5 2 2 2 0.628
大会由刘宝玲主持，省委党校有关领导、雄安新区及各部门负责同志、三县全体县级干部，省委政法委驻新区工作组、省市公安驻新区联合工作组等有关部门出席大会。
80 4 2 1 2 0.159
成立大会上，陈刚发表了讲话。
80 7 3 2 2 0.642
雄安新区是习近平总书记亲自谋划、亲自决策、亲自推动的一项具有重大历史意义的战略工程，我们作为雄安新区的第一批建设者，怀着对中华民族伟大复兴中国梦的执着追求，承载着新区125万老百姓沉甸甸的寄托，开始了雄安新区规划建设，我们要切实担负起这个责任。
80 6 3 1 2 0.577
“在新区上下持续掀起学习宣传贯彻十九大精神高潮之际，在省委的领导下，在省委组织部、省委党校的指导支持下，雄安新区工委党校正式成立了。在雄安新区的发展历史上，今天注定是一个值得纪念的日子。”陈刚指出，习近平总书记在党的十九大报告中宣告中国特色社会主义进入新时代，为我们勾画了实现中华民族伟大复兴中国梦的伟大愿景。
80 16 5 3 3 0.668
雄安新区工委党校将伴随着雄安成长，伴随着雄安事业成长，伴随着雄安每一位干部成长。
80 15 5 2 3 0.18
这些态度和作风要靠各级党委领导班子一级带着一级干，一级做给一级看，也需要通过雄安新区工委党校这样的平台，让每一位干部提高认识、提高站位，做到“只争朝夕”，让每一位干部提高能力、提高水平，做到“必作于细”。
80 24 6 8 10 0.636
新区推进“三项行动”工作以来，新区的干部精神状态在转变，老百姓支持新区发展建设的意愿在提高。
80 23 6 7 10 0.13
不干半点马克思主义都没有，不干就不能当雄安干部；要坚持以人民为中心的发展思想，努力成为老百姓的贴心人。
80 25 6 9 10 0.508
一段时间以来，雄安新区实行了最严格的管控措施，但老百姓克服各种困难，大力支持新区建设。
80 26 6 10 10 0.689
雄安新区党校举办十九大精神县级干部培训班，就是要进一步树立和强化以人民为中心的发展思想。
80 30 9 1 2 0.758
据悉，目前雄安新区工委党校将采取与省委党校合作办学，到年底前以雄安新区星期天党校的形式，持续深入地学习贯彻党的十九大精神，系统掌握深刻理解习近平新时代中国特色社会主义思想，尽快提升各级领导干部的理论水平和完成规划建设雄安新区的各方面素质能力。
80 31 9 2 2 0.652
未来，新区工委党校建设将按照“三步走”的规划稳步推进，还将建立全新的体制机制和办学模式，充分利用社会各方面的师资资源，积极探索智能网络办学形式，面向雄安、面向全国、面向全球引进教师，开展培训和广泛交流。
81 1 1 1 3 0.753
【雄安新区2020年将建成对外交通骨干路网】从河北省政府近日召开的京津冀协同发展新闻发布会上获悉，河北省将全力推进京津冀交通强国示范区和交通强省建设。
81 2 1 2 3 0.434
到2020年，与京津差距明显缩小，基本建成安全可靠、便捷高效、经济适用、绿色环保的现代综合交通运输体系。
82 1 1 1 1 0.674
【PConline资讯】11月8日，河北雄安新区管委会与阿里巴巴集团签署战略合作协议，双方决定携手打造以“云计算”为基础设施、“物联网”为城市神经网络、“城市大脑”为人工智能中枢的未来智能城市。
81 3 1 3 3 0.141
（中国交通新闻网）
82 2 2 1 2 0.7
根据协议，双方将结合数据思想和阿里巴巴计算能力，推进“数字雄安”项目建设；合作建设雄安“城市在线”，打造全球物联网示范标杆。
82 3 2 2 2 0.474
双方共同研究制定完整统一的数据城市规范标准和模型，建立互联互通标准，打造世界物联网标准应用示范城市。
82 4 3 1 2 0.659
河北省委书记王东峰表示，希望阿里巴巴集团在智慧城市、产业转型升级、国际人才引进、互联网职业培训、农业供给侧结构性改革、战略性新兴产业发展、创新社会治理、发展奥运经济等方面与河北开展全面合作。
82 5 3 2 2 0.517
河北将不断优化营商环境，创造良好发展条件。
82 6 4 1 1 0.799
据了解，今年4月雄安新区设立至今，阿里巴巴和蚂蚁金服的高管们已经前后5次与雄安新区方面进行洽谈，商议雄安新区发展大计。
82 8 5 2 3 0.632
希望双方全面签署区块链合作的协议，共同推进区块链创新应用。
82 7 5 1 3 0.445
最近的一次就在10月14日，当时是蚂蚁金服副总裁、阿里巴巴集团合伙人彭翼捷带队去了雄安新区，主要是汇报区块链建设方案。
82 9 5 3 3 0.632
就在这次会面中，相关部门表示，蚂蚁金服团队为雄安设计的区块链建设方案契合新区的规划建设发展方向，把区块链应用于数字雄安，包括智慧城市，再延伸到整个城市的进程管理，整个思路清楚。
82 11 6 2 2 0.623
在国家给雄安新区布置的7个重点任务，其中5个和科技、互联网领域密切相关：建设绿色智慧新城，发展高端高新产业，提供优质公共服务，构建快捷高效交通网，扩大全方位对外开放。
82 10 6 1 2 0.585
与深圳、浦东相同，雄安新区的城市定位也体现着这个时代的中国特色。
82 12 7 1 3 0.678
中央在今年5月提出建设雄安新区时就指出，雄安要建设成绿色智慧新城，建成国际一流、绿色、现代、智慧城市。
82 13 7 2 3 0.637
当时就有专家指出，当前我国智慧城市推进缓慢，雄安新区有望成为领头羊，在智慧城市建设中发挥引领作用。
82 14 7 3 3 0.734
阿里巴巴并非第一家提出助力雄安建设智慧城市的企业，就在上个月，360集团就已经在雄安成立控股子公司，提出将聚焦智慧城市建设，同月，中国电信也和东土科技签署合作协议，提出要共同推动智慧城市信息技术等重点应用在雄安新区形成示范。
83 1 1 1 5 0.727
【雄安新区临时党委副书记：希望中船重工把在京上市公司总部迁往雄安】中船重工消息，11月10日，中船重工党组书记、董事长胡问鸣在集团总部会见了来访的雄安新区临时党委副书记、河北省口岸办公室主任党晓龙，双方就加快落实相关项目、推动雄安新区建设深入交流。
83 2 1 2 5 0.465
党晓龙表示，中船重工旗下有中国重工、中国动力、中电广通等上市公司，希望中船重工把在京的上市公司总部迁往雄安新区，为疏解北京非首都功能作出更大贡献。
83 4 1 4 5 0.628
资料显示，中船重工是雄安新区设立以后，首家宣布迁址雄安的央企。
83 3 1 3 5 0.255
胡问鸣介绍，中船重工以迁企入畿的实际行动响应国家号召。
83 5 1 5 5 -0.021
（中国证券网）
84 1 1 1 1 0.649
11月11日，河北雄安新区管委会负责人透露，雄安新区目前已经制定了庞大且系统的征迁安置政策体系，尚需进一步完善并走相关法律程序。
85 1 1 1 1 0.652
中国证券网讯（记者刘武）中船重工11月10日晚间发布消息，当日，中船重工党组书记、董事长胡问鸣在集团总部会见了来访的雄安新区临时党委副书记、河北省口岸办公室主任党晓龙，双方就加快落实相关项目、推动雄安新区建设深入交流。
85 3 2 2 3 0.68
希望中船重工与雄安新区深化沟通交流并建立紧密的合作关系，在科技创新平台建设、科技力量布局、人才培养、智慧城市建设、大数据云计算等方面加强对接、深度合作，推进双方实现军民融合发展。
85 2 2 1 3 0.431
在会谈中，党晓龙表示，中船重工旗下有中国重工、中国动力、中电广通等上市公司，希望中船重工把在京的上市公司总部迁往雄安新区，为疏解北京非首都功能作出更大贡献。
85 4 2 3 3 0.761
雄安新区将加强规划衔接，优化空间布局，为中船重工在畿发展提供全方位支持。
85 5 3 1 1 0.709
据胡问鸣介绍，中船重工将继续发挥自身优势，在环境工程、军民融合产业、新能源产业等方面与雄安新区深度合作，在雄安设立海洋防务装备智能化和信息技术研究院等科研机构，设立职业技能院校，为经济发展培养工匠人才，建立高端产业研发基地，推动雄安新区基础设施建设和高科技产业发展。
85 7 4 2 2 0.604
今年，中船重工与中科大在量子技术应用方面加强合作，成立三个联合实验室，共同推动我国量子信息技术发展。
85 6 4 1 2 0.549
他还介绍，中船重工以迁企入畿的实际行动响应国家号召，将集团七大动力产业注入保定风帆股份公司，重组后的中国船舶重工动力股份公司扎根保定，将长城电子总部由北京迁入河北海洋装备科技产业园。
85 8 5 1 1 0.628
资料显示，中船重工是雄安新区设立以后，首家宣布迁址雄安的央企。
86 1 1 1 4 0.741
【雄安新区与国家开发投资公司对接国投所属三企业率先获批入驻】11月10日上午，国家开发投资公司董事长王会生一行到访雄安新区，与新区进行对接座谈。
86 2 1 2 4 0.689
王会生表示，中共中央、国务院做出设立雄安新区的决定后，国投高度重视，并在第一时间成立了国投雄安工作领导小组和办公室，积极对接雄安新区。
86 3 1 3 4 0.603
目前，国投所属京津冀产业协同发展投资基金（有限合伙）等三家企业率先获批在新区入驻。
86 4 1 4 4 0.714
国投将积极发挥优势，在金融服务业、高端高新产业、生态环保、工程服务等领域支持雄安新区建设。
87 1 1 1 2 0.684
11月10日上午，国家开发投资公司董事长王会生一行到访雄安新区，与新区进行对接座谈。
87 2 1 2 2 0.591
省委常委、副省长，雄安新区党工委书记、管委会主任陈刚主持对接座谈会。
87 3 2 1 5 0.635
陈刚感谢国家开发投资公司为支持雄安新区做了大量基础性的服务工作。
87 4 2 2 5 0.628
陈刚指出，规划建设雄安新区，是习近平总书记亲自谋划推动的历史性伟大工程，是千年大计、国家大事。
87 5 2 3 5 0.711
党的十九大把雄安新区写入报告，进一步体现了以习近平同志为核心的党中央对雄安新区规划建设的高度重视和殷切期望。
87 6 2 4 5 0.572
国投全力支持雄安新区建设，是自觉践行“四个意识”的具体体现。
87 7 2 5 5 0.679
雄安新区将建成落实五大发展理念的创新示范区，希望国投发挥优势，在投资、金融板块架构的搭建、优势产业等方面深化合作。
87 8 3 1 3 0.764
王会生表示，中共中央、国务院做出设立雄安新区的决定后，国投高度重视，并在第一时间提出支持雄安新区建设，成立了国投雄安工作领导小组和办公室，积极对接雄安新区。
87 9 3 2 3 0.603
目前，国投所属京津冀产业协同发展投资基金（有限合伙）等三家企业率先获批在新区入驻。
87 10 3 3 3 0.759
国投将积极发挥优势，在金融服务业、高端高新产业、生态环保、工程服务等领域支持雄安新区建设，共同推进新区的建设和发展。
88 1 1 1 4 0.738
【建筑央企开启雄安新区建设拓展增量市场】中国交建、中国铁建、中国中铁、中国建筑等建筑央企在“雄安第一标”河北雄安新区9号地块一区造林项目等招标中榜上有名，打响建设雄安“第一枪”。
88 2 1 2 4 0.65
分析师预计，央企将是雄安基建的主力，由央企牵头，联合相关专业民营企业进行建设，可能是雄安新区未来多领域基建建设的思路。
88 3 1 3 4 0.551
而雄安地区基建将为建筑央企打开新的增量市场。
89 2 2 1 1 0.662
近日，被称为“雄安第一标”的河北雄安新区9号地块一区造林项目和雄安市民服务中心项目的评标结果揭晓，中国建筑、中国中铁、中国铁建、中国交建等央企成功入围。
89 3 3 1 2 0.626
10月30日，雄安新区9号地块一区造林项目和雄安市民服务中心项目，在河北省公共资源交易中心雄安分中心顺利开标。
89 4 3 2 2 0.376
作为雄安新区首个公开招标项目，引起全国广泛关注，吸引了来自北京、天津、河北等22个省市，约100家投标人参与。
89 7 4 3 3 0.64
雄安“第一枪”围绕环境建设打响，也预示着未来的建设过程中，雄安或将推出更多绿色发展理念的创新举措。
89 6 4 2 3 0.562
分析人士指出，与深圳、浦东相比，雄安的规划建设的一个重要区别在于环境建设，其规划建设更多考虑到区域生态承载力和生态环境联防联治。
89 10 6 2 2 0.667
雄安新区管委会表示，该项目建成后，将成为雄安新区城市组团之间的生态缓冲区和生态福利空间共享区，并形成以近自然林为主，景观游憩相结合的生态景观片林。
89 9 6 1 2 0.357
其中，造林项目涉及雄县雄州镇、容城县平王乡两个乡镇8个村，占地9934.6亩，将分2017年秋季种植和2018年春季种植两期实施，预计2018年4月底完成。
89 21 12 3 3 0.74
由招标人与中标人共同设立基金，除投资本项目外，还将为雄安市民服务中心引入符合雄安新区产业规划和发展方向的创新型企业。
89 20 12 2 3 0.469
据新华社报道，该项目创新投资建设运营模式，通过公开招标确定具备投资能力、施工资质、运营能力和基金管理能力的投标人。
89 22 13 1 1 0.736
雄安新区建设七个方面重点任务中，第一条就是建设绿色智慧新城，此次雄安“第一标”聚焦，被认为是雄安新区多维度推动绿色智慧新城建设的一个标志。
89 23 14 1 2 0.644
此前，雄安新区党工委副书记、管委会常务副主任刘宝玲曾公开表示，新区确定了白洋淀生态修复的三大目标，一些治理项目已经开工实施。
89 24 14 2 2 0.595
同时，新区还将开展大规模植树造林，建设平原近自然森林，从人工林逐渐演替为天然林，构建绿色生态新格局。
89 31 17 1 1 0.763
21世纪经济报道记者注意到，作为雄安新区开发建设的主要载体和运作平台，此次项目招标人雄安建投集团在雄安新区绿色智慧新城建设的动作频频。
89 32 18 1 1 0.618
10月上旬，雄安建投集团成立后的首次对外投资，就是与深圳市远致投资有限公司、上市公司建科院三方共同投资成立雄安绿色发展研究有限公司。
89 33 19 1 1 0.6
根据建科院发布的公告，雄安绿色发展研究有限公司主要业务是城市生态建设和绿色发展模式研究和咨询，绿色产业经济研究和咨询，绿色发展的政策研究和咨询等。
89 34 20 1 1 0.771
此外，作为京津冀协同发展的核心组成部分之一，雄安新区在协作推动绿色发展和生态建设方面也屡有动作，河北与北京、天津就雄安新区签署的合作协议均重点提及。
89 35 21 1 1 0.676
其中，京冀两地8月签署的《关于共同推进河北雄安新区规划建设战略合作协议》中就提出，将从形成一体化的环境准入和退出机制、深化区域大气污染联防联控协作、打造京津保生态过渡带森林和湿地群、推进大清河流域综合治理等方面，共同推进生态环境联防联治等工作。
90 1 1 1 2 0.825
【雄安新区与阿里巴巴举行对接会共同打造未来智能城市】11月8日，雄安新区与阿里巴巴集团举行对接会，双方就阿里巴巴支持新区建设绿色智慧新城、发展高新产业和创新社会治理等进行对接。
90 2 1 2 2 0.766
雄安新区党工委书记、管委会主任陈刚主持会议，陈刚指出，双方将共同推进“数字雄安”项目建设，探索构建雄安数字城市标准，为未来智能城市、科技金融创新等提供基础设施，推动医疗、交通、安全等民生社会治理领域创新服务。
91 1 1 1 1 0.251
中新社北京11月9日电(夏宾)雄安新区成立已7个月有余，曾经只是白洋淀周围的小县城，现在换了模样。
91 2 2 1 2 0.667
11月8日，雄安新区与阿里巴巴集团、蚂蚁金服集团签署战略合作协议。
91 3 2 2 2 0.702
当天，阿里巴巴集团同时宣布，三家子公司已在雄安新区完成注册，分别为阿里巴巴雄安技术有限公司、蚂蚁金服雄安数字技术有限公司和菜鸟雄安网络科技有限公司。
91 6 5 1 1 0.617
阿里巴巴只是中国企业“抱团”进驻雄安新区的一个缩影。
91 7 6 1 1 0.611
雄安新区管委会在9月28日公布了一则“重磅”消息：首批获批落户雄安新区企业的名单，包括阿里巴巴、腾讯、百度、京东金融、深圳光启、中国电信、中国人保等48家企业。
91 9 8 1 1 0.729
以腾讯系的“河北雄安新区腾讯计算机系统有限公司”为例，腾讯称，公司将围绕金融创新、文化创新、产业创新、人才创新、城市创新等“五大创新”领域与雄安新区展开合作。
91 10 9 1 1 0.651
京东金融则设立河北雄安海益同展信息科技有限公司和河北雄安京东金信投资管理有限公司两家子公司。
91 17 14 2 2 0.621
其中，要推动创新要素集聚，把创新驱动作为雄安新区发展的根本动力，努力打造创新高地和科技新城。
91 16 14 1 2 0.51
此外，中国国家发改委新闻发言人严鹏程此前表示，谋划好、建设好雄安新区是一个庞大的系统工程，需要集中各方智慧、汇聚各方资源。
92 2 2 1 2 0.712
9月29日，阿里方面发布消息称，该公司将在雄安新区成立三家子公司，全面参与“智能雄安“建设。
92 3 2 2 2 0.521
三家子公司分别为“阿里巴巴(雄安)人工智能技术有限公司”、“蚂蚁金服(雄安)数字有限公司”和“菜鸟科技(雄安)网络有限公司”，注册资本累计达1.6亿元。
92 6 5 1 1 0.606
据了解，阿里和蚂蚁金服将其率先应用区块链技术于雄安的建设，并将打通交通、能源、供水等民生基础设施，连通到阿里云ET城市大脑。
93 1 1 1 2 0.679
阿里巴巴成为第一家与雄安新区开展深度合作的大型互联网企业。
93 2 1 2 2 0.487
马云表示，阿里巴巴有幸参与雄安新区建设，不仅是阿里巴巴努力的结果，更是因为国家发展和互联网时代带来的机会。
93 3 2 1 2 0.661
阿里巴巴成为雄安新区在十九大后签署战略合作协议的第一家企业。
93 4 2 2 2 0.544
马云11月8日表示：阿里巴巴的出发点不是到雄安做生意，而是拿出最先进的技术实力和创新资源，将雄安新区打造成未来城市的标杆和中国样本。
93 5 3 1 1 0.637
阿里巴巴也是第一家与雄安新区开展深度合作的大型互联网企业，将在云计算、大数据、智慧物流、金融科技和电子商务等领域，投入最顶尖的技术和创新资源，全力助推雄安新区这一“千年大计、国家大事”的建设。
93 6 4 1 1 0.669
当天，阿里巴巴集团同时宣布，三家子公司已在雄安完成注册，分别为阿里巴巴雄安技术有限公司、蚂蚁金服雄安数字技术有限公司和菜鸟雄安网络科技有限公司。
93 8 6 1 1 0.613
王东峰表示，阿里巴巴集团与雄安新区签署协议、务实合作，贯彻了国家重大战略，也充分体现了阿里巴巴的社会责任。
93 11 8 1 1 0.638
通过与阿里巴巴的全面合作，雄安将成为一座“信任之城”，阿里巴巴与蚂蚁金服将率先应用区块链技术于雄安的建设，让整个城市运转更公正真实可信。
94 1 1 1 2 0.684
近期，备受瞩目“雄安第一标”——河北雄安新区9号地块一区造林项目和雄安市民服务中心项目的评标结果揭晓！中国建筑、中国中铁、中国铁建、中国交建等央企榜上有名，打响建设雄安“第一枪”！雄安新区九号地块一区造林项目涉及雄县雄州镇、容城县平王乡两个乡镇8个村，占地9934.6亩，将分2017年秋季种植和2018年春季种植两期实施，预计2018年4月底完成。
94 2 1 2 2 0.532
雄安市民服务中心位于容城县小白塔及马庄村界内，主要承担政务服务、规划展示、会议服务、企业服务等职能，预计2018年2月底完成。
94 3 2 1 2 0.683
党的十九大报告提出，“以疏解北京非首都功能为‘牛鼻子’推动京津冀协同发展，高起点规划、高标准建设雄安新区”。
94 4 2 2 2 0.623
河北雄安新区9号地块一区造林项目作为雄安“第一标”，将成为建设森林城市，实现蓝绿交织、清新明亮生态环境的重要举措，将成为城市组团之间的重要生态缓冲区和生态福利空间共享区，形成以近自然林为主，景观游憩相结合的生态景观片林。
94 5 3 1 3 0.716
雄安新区建设“第一标”的落定，揭开了新区建设的序幕。
94 6 3 2 3 0.558
众多央企榜上有名，也标志着新区建设的“国家队”正式组建，新区的建设速度值得期待。
95 1 1 1 1 0.718
11月8日，阿里巴巴集团与河北雄安新区管委会签署战略合作协议。
95 2 2 1 2 0.723
11月8日，阿里巴巴集团与雄安新区签署战略合作协议，双方将携手将雄安新区打造成为一座“在线”的城市。
95 3 2 2 2 0.467
河北省委书记王东峰、省长许勤，阿里巴巴董事局主席马云、蚂蚁金服董事长彭蕾等共同见证了协议的签署。
95 4 3 1 2 0.679
11月8日，阿里集团与雄安新区签署战略合作协议，双方将携手打造以云计算为基础设施、物联网为城市神经网络、城市大脑为人工智能中枢的未来智能城市。
95 5 3 2 2 0.713
阿里成为十九大后与雄安新区签署战略合作协议的第一家企业，将助力雄安新区成为一座“在线”的城市。
95 6 4 1 1 0.688
河北省委书记王东峰称，阿里集团与雄安新区签署协议、务实合作，贯彻了国家重大战略，也充分体现阿里巴巴的社会责任。
95 8 6 1 1 0.665
当天，阿里集团宣布，三家子公司已在雄安完成注册，分别为阿里巴巴雄安技术有限公司、蚂蚁金服雄安数字技术有限公司和菜鸟雄安网络科技有限公司。
95 12 8 2 2 0.627
在云计算基础设施层面，该项合作将结合数据思想和阿里计算能力，推进“数字雄安”项目建设，为未来智能城市、科技金融创新等提供云计算基础设施，推动医疗、交通、安全、能源、环保等民生社会治理领域创新服务。
95 11 8 1 2 0.585
据介绍通过与阿里的全面合作，雄安新区将成为一座“在线”的城市。
95 14 9 2 2 0.601
通过完善的城市立体感知网络，实现对雄安全面感知，助力智能生活、自动驾驶、城市运营等数字产业孵化落地。
95 13 9 1 2 0.534
物联网技术将让雄安新区的城市部件和活动实时在线，构建交通、能源、供水等民生基础设施的“神经网络”。
95 17 11 1 2 0.681
从规划阶段就使用人工智能进行辅助，雄安新区开创了城市建设新模式。
95 18 11 2 2 0.397
以人工智能技术为基础，居住密度、娱乐设施、路政资源、商业医疗教育等城市资源将得到最合理的分配，城市功能得以最大限度发挥。
95 19 12 1 2 0.675
同日，阿里还宣布菜鸟智慧物流将在雄安新区落地。
95 20 12 2 2 0.626
包括在雄安建设“智慧物流未来中心”，将雄安建设成为世界智慧物流科技和人才硅谷；在雄安建设北方智慧物流的决策“大脑”，利用物联网和大数据，打造数字、安全、信用的智慧物流中枢体系。
95 24 15 1 2 0.626
此外，通过与阿里的全面合作，雄安还将成为一座“信任之城”，阿里与蚂蚁金服将其率先应用区块链技术于雄安的建设，让整个城市运转更公正真实可信。
95 25 15 2 2 -0.167
（记者杨砺）
96 1 1 1 1 0.705
阿里巴巴今日宣布与雄安新区签约，成为中国第一家与雄安展开全面深度合作的大型互联网企业。
96 2 2 1 2 0.711
11月8日，阿里巴巴集团与河北雄安新区管委会签署了战略合作协议。
96 3 2 2 2 0.48
河北省委书记王东峰、省长许勤与阿里巴巴董事局马云、蚂蚁金服董事长彭蕾等共同见证协议的签署。
96 4 3 1 1 0.665
阿里巴巴集团也宣布，三家子公司已在雄安完成注册，分别为阿里巴巴雄安技术有限公司、蚂蚁金服雄安数字技术有限公司和菜鸟雄安网络科技有限公司。
96 5 4 1 2 0.608
阿里巴巴表示，将在云计算、大数据、智慧物流、普惠金融和电子商务等领域全力助推雄安新区。
96 6 4 2 2 0.418
通过与阿里巴巴的全面合作，雄安将成为一座代表未来的“在线之城”、“信任之城”。
97 1 1 1 1 0.704
本报河北雄安11月8日电记者雷汉发报道：河北雄安新区管委会今天与阿里巴巴集团签署战略合作协议，双方决定携手打造以“云计算”为基础设施、“物联网”为城市神经网络、“城市大脑”为人工智能中枢的未来智能城市。
97 2 2 1 2 0.7
根据协议，双方将结合数据思想和阿里巴巴计算能力，推进“数字雄安”项目建设；合作建设雄安“城市在线”，打造全球物联网示范标杆。
97 3 2 2 2 0.474
双方共同研究制定完整统一的数据城市规范标准和模型，建立互联互通标准，打造世界物联网标准应用示范城市。
98 2 2 1 1 0.65
根据签约协议，阿里巴巴将在云计算、大数据、智慧物流、金融科技和电子商务等领域，为雄安新区投入技术和创新资源；蚂蚁金服将在城市基础设施、环境、产业，城市运营、管理，创新活力的塑造等方面与雄安新区展开合作。
98 5 5 1 1 0.729
双方还将共建蚂蚁金服雄安金融科技创新中心，以筹办前沿技术实验室为起点，合力打造开放平台，积极引入生态合作伙伴，支持雄安新区打造金融科技示范区，搭建区块链基础设施平台等。
99 2 1 2 3 0.632
11月8日，河北省委书记王东峰、省长许勤，阿里巴巴董事局主席马云，蚂蚁金服董事长彭蕾等共同见证了阿里巴巴与雄安新区战略合作协议的签署。
99 1 1 1 3 0.352
北京商报讯（记者吴文治实习记者曾纯之）面对“千年大计，国家大事”的雄安新区，阿里的野心无法按捺。
99 3 1 3 3 0.667
与此同时，阿里巴巴集团宣布，三家子公司已在雄安完成注册，分别为阿里巴巴雄安技术有限公司、蚂蚁金服雄安数字技术有限公司和菜鸟雄安网络科技有限公司。
100 3 2 1 2 0.635
据悉，双方将全力推进人工智能、区块链、生物识别等数字技术领域的立体合作，助力雄安建设成为移动智慧城市未来的“样板间”，具体包括协同治理信用、普惠民生绿色、金融科技创新等方面。
100 4 2 2 2 0.733
此前，阿里巴巴集团已在雄安新区已经了成立三家子公司：“阿里巴巴雄安技术有限公司”、“蚂蚁金服雄安数字技术有限公司”和“菜鸟雄安网络科技有限公司”，全面参与雄安建设。
100 7 3 3 3 0.694
据了解，双方将共建蚂蚁金服雄安金融科技创新中心，筹办前沿技术实验室，支持雄安打造金融科技示范区，搭建区块链基础设施平台等。
100 6 3 2 3 0.531
不久前蚂蚁金服对外披露的“BASIC”（区块链、人工智能、安全、物联网和云计算）科技战略将在雄安全面布局应用。
100 8 4 1 1 0.606
依托人工智能、物联网、生物识别等创新科技，雄安新区将打造更智慧的政务服务、公共服务及民生服务。
