35 2 2 1 3 0.686
当天，马化腾出席了“2017中国国际数字经济峰会”并发表了主题演讲——《新时代的数字经济思考和探索》。
35 3 2 2 3 0.096
在石家庄，河北省委书记王东峰、省长许勤、常务副省长袁桐利和副省长兼雄安新区管委会主任陈刚等与马化腾进行了会谈。
35 9 5 1 2 0.689
从年初至今，马化腾已经多次提到数字经济，对于数字经济的思考也日益深入。
35 10 5 2 2 0.417
这次在河北，其又进一步提出了“数字生态共同体“的概念。
35 11 6 1 3 0.641
马化腾说，观察到数字经济的内容在不断丰富，与其他经济部门的关系日益紧密和共生共赢，所以提出“数字生态共同体”。
35 12 6 2 3 0.308
今年的数博会上，他曾用“实、新、通”来总结数字经济的特点，如今将其迭代为“高、深、快”：关注度高，融合度深，增长速度快。
35 13 6 3 3 0.603
马化腾表示，数字经济将成为中国领先全球，率先打开第四次工业革命之门的钥匙。
37 1 1 1 2 0.649
党的十九大报告指出，深化金融体制改革，增强金融服务实体经济能力。
36 4 1 4 4 0.215
在2030年雄安新区蓝绿空间占比大于70%，森林覆盖率达到40%以上，超过全国平均水平约1倍。
37 2 1 2 2 0.532
着力加快建设实体经济、科技创新、现代金融、人力资源协同发展的产业体系。
40 9 7 1 3 0.704
其次，河北省数字经济发展的最大动力来源于传统产业与互联网的加速融合。
40 10 7 2 3 0.469
今年前9个月河北省数字经济中增速最快的三个行业是医疗、教育和大文化产业。
40 11 7 3 3 0.679
这三个产业也是在数字经济中占比最大的，是带动河北省数字经济整体发展的火车头。
40 46 25 1 1 0.602
当前，雄安正在建设“数字雄安”，推进“数字金融生活城市”项目，马化腾说，腾讯愿充分发挥金融大数据、金融云、区块链和人工智能等方面的核心技术能力，全面融入雄安战略发展规划，助力雄安发展。
