3
3 2 2 1 3 0.235
在听取了大连理工大学基本情况介绍和与雄安的合作设想后，陈刚表示，积极参与雄安新区的规划建设，大连理工大学做了很认真的思考，很充分的准备，也表达了希望与雄安合作的真诚愿望，让我们感到了浓浓的暖意。
3 3 2 2 3 0.664
雄安新区坚持“世界眼光、国际标准、中国特色、高点定位”的要求，建设一座以智慧、绿色、创新为主要发展特点的城市。
3 4 2 3 3 0.457
目前，雄安新区规划编制进入关键时期，我们不仅要规划好雄安新区，还要高标准建设好雄安新区，需要像大连理工这样的国内外一流高校，参与到雄安新区的发展之中。
2
13 1 1 1 2 0.511
坐落在河北保定、囊括了“华北之肾”白洋淀的雄安新区，吸引了全世界的目光。
13 2 1 2 2 0.601
以“建设世界一流绿色宜居新城，打造生态文明建设雄安样板”为目标的新区建设，其生态环保规划尤为引人瞩目。
2
16 6 4 1 2 0.464
我们认为，从投资角度来看，从“千年大计”、“对标深圳特区、浦东新区”等定位可以看出，雄安概念是近年难得一见的投资主题，比肩“一带一路”、“供给侧”等主题，因此一旦新区建设全面展开，对于相关行业的上市公司而言将是一个千载难逢的发展机遇。
16 7 4 2 2 0.667
雄安新区建设将加大环保方面的投入，海绵城市、智慧城市、智慧交通等概念将会应用于新区城市建设之中，因此与之相关的绿色建材行业龙头，如海螺水泥(600585.SH)、北新建材(000786.SZ)、国统股份(002205.SZ)和东方雨虹(002271.SZ)等值得关注。
1
18 1 1 1 1 0.611
日前，首批国家人工智能开放创新平台公布，四大平台包括：依托百度公司建设自动驾驶国家人工智能开放创新平台，依托阿里云公司建设城市大脑国家人工智能开放创新平台，依托腾讯公司建设医疗影像国家人工智能开放创新平台，依托科大讯飞公司建设智能语音国家人工智能开放创新平台。
3
18 7 5 1 3 0.421
马化腾说，雄安是一个全新的创新实验平台，各界都高度关注互联网公司在雄安的一举一动。
18 8 5 2 3 0.634
而腾讯将在雄安推进的创新，包括金融创新、城市创新、文化创新、产业创新、人才创新，打造数字生态共同体，共创美好生活。
18 9 5 3 3 0.421
“通过数字经济提升人民的幸福感和获得感，是非常重要的内容。在衣食住行、医疗、教育、文化艺术等领域，腾讯都可以用自己的科技能力和连接力量去促进提升。”
3
18 14 7 2 4 0.582
百度董事长兼CEO李彦宏透露，百度无人驾驶系统Apollo将携手雄安在智能交通领域合作，共同将雄安打造成全球领先的智能出行城市。
18 15 7 3 4 0.687
在“Apollo+雄安”模式下，雄安有望成为第一个没有拥堵、拥有先进的智能交通管理系统、不再需要交管部门大量人力上路管理的城市，并将会为未来零拥堵的智慧出行城市树立标杆。
18 16 7 4 4 0.537
雄安新区则表示，欢迎百度在雄安新区筹建国家级人工智能实验室，特别是建设无人驾驶高新产业示范区。
1
18 17 8 1 1 0.697
阿里云ET城市大脑是目前全球最大规模的人工智能公共系统，可以对整个城市进行全局实时分析，自动调配公共资源，修正城市运行中的Bug，成为未来城市的基础设施。
3
18 18 9 1 3 0.593
本月上旬，阿里巴巴集团宣布，三家子公司已在雄安完成注册，分别为阿里巴巴雄安技术有限公司、蚂蚁金服雄安数字技术有限公司和菜鸟雄安网络科技有限公司，涵盖了科技、金融、物流三个领域。
18 19 9 2 3 0.645
阿里集团将在云计算、大数据、智慧物流、金融科技和电子商务等领域与雄安新区开展深度合作。
18 20 9 3 3 0.556
集团董事局主席马云强调，阿里巴巴的出发点不是到雄安做生意，而是拿出最先进的技术实力和创新资源，将雄安新区打造成未来城市的标杆和中国样本。
3
24 9 3 3 6 0.468
雄安是一个全新的创新实验平台，各界都高度关注互联网公司在雄安的一举一动。
24 10 3 4 6 0.644
腾讯在雄安新区将在金融、城市、文化、产业、人才五个方面尝试创新。
24 11 3 5 6 0.611
比如，腾讯金融科技实验室在雄安落地之后，腾讯的大数据风控体系、基于腾讯云的区块链服务等金融科技都将在雄安先行先试，拓展从民生到企业、政府管理的不同场景。
1
24 12 3 6 6 0.472
腾讯集团副总程武则表示，腾讯在河北雄安端村学校发起的“艺术行动”，是以雄安新区为试点地区，携手腾讯课堂等产品，打磨线上+线下艺术教育的新模式，并逐步推广。
2
28 1 1 1 2 0.691
11月26日，京津冀城市生活智慧港项目在高碑店市开工。
28 2 1 2 2 0.467
该项目总投资150亿元，由保定市政府、高碑店市政府、北京二商集团和汇通图腾国际物流有限公司共同发起推动，重点生产供给安全食品、营养食品、保健食品及高品质农副产品，将辐射10余个省份。
2
35 23 11 1 2 0.468
当日，腾讯还与雄安新区签署了“金融科技战略合作协议”，成立腾讯（雄安）金融科技实验室；与河北省签约全面医疗战略合作协议，以科技助力河北医疗的进步和提升。
35 24 11 2 2 0.634
金融科技实验室在雄安落地之后，从云计算到区块链，腾讯领先的大数据风控体系、基于腾讯云的区块链BaaS服务等金融科技黑科技都将在雄安先行先试，拓展从民生到企业、政府管理的不同场景。
3
37 20 10 1 3 0.575
中行雄安新区筹备组副组长杜雅红介绍，机器人引导服务只是中行科技创新的一个小产品。
37 21 10 2 3 0.638
在雄安新区中行打造“智慧银行”的过程中，将逐步引入中行最先进的智能设备，汇集中行科技创新最新理念，精准对接新区需求，不断打造新平台、新产品、新机制、新管理，着力打造出个性化、定制化金融服务。
37 22 10 3 3 0.309
中行专门成立了中行雄安新区决策委员会，涉及新区事项“特事特办”，直接提交委员会审议通过执行，这是银行业在决策机制、决策效率、决策层级取得的重大创新和突破。
2
37 29 14 1 2 0.654
工行雄安新区筹备组李向品告诉记者，围绕新区建设“数字雄安、智慧新区”的定位，工行调动了北京、广州、上海几大研发中心的科技力量，基于区块链、云计算和大数据技术，已经开始设计和搭建具有新区特色的信息系统。
37 30 14 2 2 0.474
区块链技术具有“多方共识、不可篡改、交易溯源”的特点，在确保信息可信、安全、可追溯等方面具有传统技术架构不可比拟的优势，将成为新区金融服务体系建设的核心技术之一，而工行在这方面的研发和实践走在了前面。
2
37 32 15 2 3 0.559
比如，建立智能化客户识别响应机制和精准营销服务体系，在雄安新区推广和优化了16类、28项服务新功能。
37 33 15 3 3 0.609
特别是多点投放智能化便携服务终端、全功能金融服务车等设施，实现了对新区广大农村客户的全天候零距离服务。
3
39 9 3 3 5 0.529
项目内容包括规划展示中心、会议培训中心、政务服务中心、企业办公、周转用房、雄安新区管委会办公场所、中国雄安建设投资集团办公场所和相关配套设施。
39 10 3 4 5 0.608
该项目是雄安新区面向全国乃至世界的窗口，承担着雄安新区政务服务、规划展示、会议举办、企业办公等多项功能，是雄安新区功能定位与发展理念的率先呈现。
39 11 3 5 5 0.354
如此的信息进一步表明雄安新区的基建有望迅速拉开序幕。
3
40 22 12 3 6 0.484
现在高铁时速250公里，以这个距离为半径画一个围绕北京的一小时高铁经济圈，可以覆盖天津和承德、廊坊、保定、唐山、张家口、衡水、沧州等河北省的重要城市。
40 23 12 4 6 0.632
在全国范围内，处在北上广深这些中心城市一小时高铁经济圈内的城市数字经济增速显著高于其他城市。
40 24 12 5 6 0.27
高铁通、物流通、人流通；互联网通，信息通、服务通、人心通。
1
40 33 16 1 1 0.696
11月8日，阿里巴巴集团与河北雄安新区管委会签署战略合作协议，双方将携手打造以云计算为基础设施、物联网为城市神经网络，城市大脑为人工智能中枢的未来智能城市。
1
40 39 21 1 1 0.602
马云表示，阿里会把最先进的技术实力和创新资源，将雄安新区打造成未来城市的标杆和中国样本。
2
40 40 22 1 2 0.51
国家在建设雄安新区、引进企业方面有一个硬性的标准，就是这些企业必须是高新、高端产业。
40 41 22 2 2 0.703
阿里表示，作为第一家与雄安新区展开深度合作的大型互联网企业，它将在云计算、大数据、智慧物流、金融科技和电子商务等领域，投入最顶尖的技术和创新资源，全力助推雄安新区这一“千年大计、国家大事”的建设，把雄安新区打造成未来城市的标杆和中国样本。
2
40 43 23 2 3 0.55
对于落实十九大对发展数字经济和智慧社会方面的要求，雄安新区将是重要的创新实验平台，通过技术与制度的创新，未来雄安新区将成为我国向全世界输出数字化转型升级的样本。
40 44 23 3 3 0.617
根据以上考虑，腾讯今后在雄安的业务可以归纳为五个创新：金融创新、城市创新、文化创新、产业创新、人才创新。
1
40 46 25 1 1 0.609
当前，雄安正在建设“数字雄安”，推进“数字金融生活城市”项目，马化腾说，腾讯愿充分发挥金融大数据、金融云、区块链和人工智能等方面的核心技术能力，全面融入雄安战略发展规划，助力雄安发展。
1
40 49 28 1 1 0.627
金融科技实验室在雄安落地之后，从云计算到区块链，腾讯领先的大数据风控体系、基于腾讯云的区块链BaaS（blockchainasaservice）服务等金融科技黑科技都将在雄安先行先试，拓展从民生到企业、政府管理的不同场景。
1
40 57 33 1 1 0.614
在14日的对接座谈会上，百度集团总裁兼首席运营官陆奇表示，百度在云计算、边缘计算、大数据、人工智能、自动驾驶等领域具有世界领先的技术与应用，希望与雄安新区在智能城市规划设计、信息基础设施建设、智能产业试点示范等领域深化合作。
2
40 58 34 1 4 0.686
陈刚表示，雄安新区的建设需要在信息化和智慧城市等融合发展方面实现突破。
40 59 34 2 4 0.597
雄安新区未来将实现以智能公共交通为主、无人驾驶私家车个性化出行为辅的出行方式，以此构成新区的路网结构和空间分配模式。
2
40 60 34 3 4 0.516
未来，雄安新区规划建设的一个核心理念是把城市还给人，按照人的尺度来设计，把路面、空间还给人，改变传统的按照汽车尺度来设计城市、道路的做法。
40 61 34 4 4 0.636
百度在智慧城市建设以及大数据、自动驾驶等方面具有领先优势，欢迎百度在雄安新区筹建开放的、国际化的国家级人工智能实验室以及高端应用研究机构，特别是建设无人驾驶高新产业示范区。
2
40 69 40 1 2 0.656
在规划中，一个新的移动智慧城市“样板间”呼之欲出。
40 70 40 2 2 0.576
技术加持和场景创新，都将在未来的雄安找到身影，包括智能抄表、无感停车以及未来酒店、信用无人超市、信用图书馆等等。
1
41 7 6 1 1 0.647
根据协议，阿里巴巴将在云计算、大数据、智慧物流、金融科技和电子商务等领域，为雄安新区投入技术和创新资源。
2
41 8 7 1 2 0.67
具体来说，蚂蚁金服将在城市基础设施、环境、产业，城市运营、管理，创新活力塑造等方面与雄安新区展开合作。
41 9 7 2 2 0.672
双方将共建蚂蚁金服雄安金融科技创新中心，支持雄安新区打造金融科技示范区，搭建区块链基础设施平台等。
0
2
41 11 9 1 2 0.342
雄安还将是一座“在线之城”。
41 12 9 2 2 0.734
阿里巴巴将打通雄安新区交通、能源、供水等民生基础设施的“神经网络”，连通到阿里云ET城市大脑，让城市能够自我调节，形成良好互动。
2
41 13 10 1 2 0.26
机器人也会成为雄安人的好伙伴。
41 14 10 2 2 0.603
在菜鸟网络的机器人仓库里，自动化流水线、AGV机器人、机械臂等设备，在算法的驱动下将提升物流运行效率。
2
41 21 16 1 2 0.525
陈刚还提到，未来雄安新区规划建设的一个核心理念是把城市还给人。
41 22 16 2 2 0.637
百度在智慧城市建设以及大数据、自动驾驶等方面具有领先优势，希望百度在雄安新区筹建开放的、国际化的国家级人工智能实验室和高端应用研究机构，特别是建设无人驾驶高新产业的示范区。
1
41 29 21 1 1 0.627
金融科技实验室在雄安落地之后，从云计算到区块链，腾讯领先的大数据风控体系、基于腾讯云的区块链BaaS（blockchainasaservice）服务等金融科技黑科技都将在雄安先行先试，拓展从民生到企业、政府管理的不同场景。
2
41 32 23 1 2 0.453
此外，腾讯在雄安新区发起了“艺术行动”，宣布将从雄安试点用互联网方式普及中国青少年艺术教育，并逐步推广。
41 33 23 2 2 0.601
未来还将依托“粤港澳湾区青年营”等项目，邀请雄安新区中学生走进深圳，与粤港澳大湾区同龄人共同探索科技未来。
2
42 2 2 1 2 0.457
环保部环境规划院院长王金南表示，规划以白洋淀生态环境保护建设为基础优化新区布局，以新区环境质量改善来推动整个白洋淀，乃至京津冀的环境质量改善。
42 3 2 2 2 0.611
通过坚守生态空间、系统保护修复、改善环境质量、实施绿色先导、打造智慧环保、创新体制机制六个方面，把雄安新区建设成为绿色低碳、信息智能、宜居宜业、具有世界影响力和竞争力、人与自然和谐共生的现代化绿色新区。
2
43 3 2 2 3 0.507
当前，河北正处在历史性窗口期和战略性机遇期，特别是高起点规划、高标准建设雄安新区这一千年大计、国家大事，为河北与腾讯公司的合作提供了广阔空间。
43 4 2 3 3 0.662
希望腾讯公司积极参与雄安新区智慧城市建设，扩大在河北的投资发展。
1
43 5 3 1 1 0.639
马化腾称，希望与河北在数字金融、智慧城市、智慧医疗等方面深化合作，为雄安新区规划建设、保障改善民生作出积极贡献。
1
43 19 10 1 1 0.603
今年，阿里巴巴农村淘宝雄县服务中心还成立了创业孵化中心，将引进更多阿里资源，如淘宝大学、1688产业带、跨境电商、物流建设等，打造创客空间，让更多优秀的农民参与进来。
2
43 26 15 1 2 0.463
今年6月，阿里巴巴与河北建投集团签署战略合作框架协议，双方除将继续进行用电合作，保障张北数据中心长期稳定运行之外，还将积极开展云计算基础设施构建。
43 27 15 2 2 0.693
双方将共同推进新型智慧城市及雄安新区智慧基础设施建设、互联网信用及小贷合作方面的金融创新、精准扶贫等。
1
43 28 16 1 1 0.653
张北数据中心是阿里巴巴集团投资180亿元倾力打造的顶级云计算数据中心，为“云上河北”和京津冀协同发展提供计算能力，并支持全国200多万家中小企业的创新发展。
1
46 7 5 1 1 0.607
中国建筑表示，该项目是雄安新区面向全国乃至世界的窗口，承担着雄安新区政务服务、规划展示、会议举办、企业办公等多项功能，是雄安新区功能定位与发展理念的率先呈现。
2
48 12 7 2 3 0.476
以白洋淀生态环境保护建设为基础优化新区布局，以新区环境质量改善来推动整个白洋淀乃至京津冀的环境质量改善。
48 13 7 3 3 0.686
以绿色基础设施和智慧环保服务提升整个新区的绿色建设水平。
1
48 14 8 1 1 0.606
“我们希望在新区建设和运营过程当中始终坚持绿色发展。”王金南说，“通过坚守生态空间、系统保护修复、改善环境质量、实施绿色先导、打造智慧环保、创新体制机制这六个方面，把新区建设成为绿色低碳、信息智能、宜居宜业、具有世界影响力和竞争力、人与自然和谐共生的现代化绿色新区。”
2
50 5 2 3 4 0.507
当前，河北正处在历史性窗口期和战略性机遇期，特别是高起点规划、高标准建设雄安新区这一千年大计、国家大事，为河北与腾讯公司的合作提供了广阔空间。
50 6 2 4 4 0.662
希望腾讯公司积极参与雄安新区智慧城市建设，扩大在河北的投资发展。
1
50 7 3 1 1 0.643
马化腾介绍了腾讯公司的发展情况，希望与河北在数字金融、智慧城市、智慧医疗等方面深化合作，为雄安新区规划建设、保障改善民生作出积极贡献。
2
51 3 1 3 4 0.507
当前，河北正处在历史性窗口期和战略性机遇期，特别是高起点规划、高标准建设雄安新区这一千年大计、国家大事，为河北与腾讯公司的合作提供了广阔空间。
51 4 1 4 4 0.662
希望腾讯公司积极参与雄安新区智慧城市建设，扩大在河北的投资发展。
1
51 5 2 1 1 0.643
马化腾介绍了腾讯公司的发展情况，希望与河北在数字金融、智慧城市、智慧医疗等方面深化合作，为雄安新区规划建设、保障改善民生作出积极贡献。
2
54 3 3 1 2 0.262
该项目总投资额8亿元人民币，总建筑面积9.96万平方米，规划总用地24.24公顷。
54 4 3 2 2 0.608
该项目是雄安新区面向全国乃至世界的窗口，承担着雄安新区政务服务、规划展示、会议举办、企业办公等多项功能，是雄安新区功能定位与发展理念的率先呈现。
1
54 7 5 1 1 0.61
此外，中国建筑还将依托自身在物业开发、城市运营、创意设计及现代服务等方面的优势，在项目基金管理、装配式产品建设、政府公共服务设施、写字楼、配套商业及公寓板块的开发运营等方面提供卓越的系统化、全流程服务，为雄安市民服务中心引入符合雄安新区产业规划和发展方向的创新型企业。
2
55 3 2 1 2 0.521
该项目总投资额8亿元，总建筑面积9.96万平方米，规划总用地24.24公顷，位于容城东部，小白塔及马庄村界内，项目内容包括规划展示中心、会议培训中心、政务服务中心、企业办公、周转用房、雄安新区管委会办公场所、中国雄安建设投资集团有限公司办公场所和相关配套设施。
55 4 2 2 2 0.608
该项目是雄安新区面向全国乃至世界的窗口，承担着雄安新区政务服务、规划展示、会议举办、企业办公等多项功能，是雄安新区功能定位与发展理念的率先呈现。
2
55 6 3 2 3 0.551
中国建筑为项目提供一体化产品解决方案，以项目投资商、建造商、发展商与后期运营服务商的角色，为雄安市民服务中心的全生命周期建设以及长期稳定运营发挥重要作用。
55 7 3 3 3 0.61
此外，中国建筑还将依托自身在物业开发、城市运营、创意设计及现代服务等方面的优势，在项目基金管理、装配式产品建设、政府公共服务设施、写字楼、配套商业及公寓板块的开发运营等方面提供卓越的系统化、全流程服务，为雄安市民服务中心引入符合雄安新区产业规划和发展方向的创新型企业。
1
55 9 5 1 1 0.641
雄安新区是千年大计、国家大事，中国建筑将雄安新区开发建设视为一项责无旁贷的政治任务，积极开展战略对接，服务国家区域发展战略，并充分发挥自身产业链条完善、资源要素齐全、能够为我国新型城镇化建设提供一揽子服务的比较优势，以最高端资源、最优秀产能，在供给端全面服务满足好新区规划建设需求，打造标杆工程，助力雄安新区成为城市建设的典范。
1
55 10 6 1 1 0.616
本次中标雄安市民服务中心项目，吹响了中国建筑参与雄安新区开发建设的冲锋号，中国建筑将勇为主力、争当先锋，积极贯彻十九大精神，落实新发展理念，创新管理机制，提供智慧运营服务，充分展现雄安新区绿色生态宜居新城区、开放发展先行区、协调发展示范区与创新驱动引领区的功能定位和与规划理念。
2
56 11 9 2 3 0.359
每一个组团相对独立，组团内部有住宅区、有产业区、有公共服务设施。
56 12 9 3 3 0.62
雄安新区的规划将为中国将来的城市规划提供范式。
2
60 42 24 1 2 0.609
根据中国金融学会绿色金融专业委员会主任马骏发布的《雄安新区绿色金融规划报告》，雄安新区绿色投融资需求主要源于三大方面：污染治理、生态修复及保护性开发；绿色智慧城市的基础设施建设和绿色建筑；清洁能源及资源节约利用。
60 43 24 2 2 0.489
根据估算，未来五年内，雄安新区绿色投资需求可能达到一万亿元，需求带动下的发展将产生巨大的内生动力。
3
64 7 3 4 6 0.511
主办方将广泛邀请各央企驻雄安新区机构、各公路/交通建设单位、建筑公司、工程公司、房地产商、租赁公司、经销代理商等业界人士前来参观采购。
64 8 3 5 6 0.602
为工程机械制造企业参与雄安新区建设搭建一个集交流、展示、商贸洽谈为一体的高端平台。
64 9 3 6 6 -0.109
（满珠）
2
71 6 3 1 2 0.623
雄安新区造林项目构建的是平原地区大面积异龄、复层、混交近自然森林，造林完成后，这些森林将成为城市组团之间的重要生态缓冲区和生态福利空间共享区。
71 7 3 2 2 -0.145
（央视记者钮立华胡向春）
1
79 10 6 1 1 0.627
将要建设的新区临时办公区坚持“适用、经济、绿色、美观”的设计理念，主要功能包括：新区党工委、管委会及部分入驻企业的临时办公，新区规划建设成果展示、政务服务、会议、接待、便民服务和未来低碳智慧城市生活体验等。
3
80 9 4 2 6 0.256
要实现这一目标，需要全党全国各族人民的共同努力。
80 10 4 3 6 0.661
设立雄安新区是千年大计、国家大事，不仅仅是建一个城市。
80 11 4 4 6 0.308
从某种意义上说，它是承载着中国建设社会主义现代化强国梦想的重托，是中华民族伟大复兴的一个标志。
1
82 1 1 1 1 0.68
【PConline资讯】11月8日，河北雄安新区管委会与阿里巴巴集团签署战略合作协议，双方决定携手打造以“云计算”为基础设施、“物联网”为城市神经网络、“城市大脑”为人工智能中枢的未来智能城市。
2
82 2 2 1 2 0.623
根据协议，双方将结合数据思想和阿里巴巴计算能力，推进“数字雄安”项目建设；合作建设雄安“城市在线”，打造全球物联网示范标杆。
82 3 2 2 2 0.602
双方共同研究制定完整统一的数据城市规范标准和模型，建立互联互通标准，打造世界物联网标准应用示范城市。
0
2
82 4 3 1 2 0.61
河北省委书记王东峰表示，希望阿里巴巴集团在智慧城市、产业转型升级、国际人才引进、互联网职业培训、农业供给侧结构性改革、战略性新兴产业发展、创新社会治理、发展奥运经济等方面与河北开展全面合作。
82 5 3 2 2 0.421
河北将不断优化营商环境，创造良好发展条件。
2
82 8 5 2 3 0.416
希望双方全面签署区块链合作的协议，共同推进区块链创新应用。
82 9 5 3 3 0.614
就在这次会面中，相关部门表示，蚂蚁金服团队为雄安设计的区块链建设方案契合新区的规划建设发展方向，把区块链应用于数字雄安，包括智慧城市，再延伸到整个城市的进程管理，整个思路清楚。
2
82 10 6 1 2 0.63
与深圳、浦东相同，雄安新区的城市定位也体现着这个时代的中国特色。
82 11 6 2 2 0.701
在国家给雄安新区布置的7个重点任务，其中5个和科技、互联网领域密切相关：建设绿色智慧新城，发展高端高新产业，提供优质公共服务，构建快捷高效交通网，扩大全方位对外开放。
0
2
82 12 7 1 3 0.735
中央在今年5月提出建设雄安新区时就指出，雄安要建设成绿色智慧新城，建成国际一流、绿色、现代、智慧城市。
82 13 7 2 3 0.723
当时就有专家指出，当前我国智慧城市推进缓慢，雄安新区有望成为领头羊，在智慧城市建设中发挥引领作用。
1
82 14 7 3 3 0.688
阿里巴巴并非第一家提出助力雄安建设智慧城市的企业，就在上个月，360集团就已经在雄安成立控股子公司，提出将聚焦智慧城市建设，同月，中国电信也和东土科技签署合作协议，提出要共同推动智慧城市信息技术等重点应用在雄安新区形成示范。
0
3
85 2 2 1 3 0.39
在会谈中，党晓龙表示，中船重工旗下有中国重工、中国动力、中电广通等上市公司，希望中船重工把在京的上市公司总部迁往雄安新区，为疏解北京非首都功能作出更大贡献。
85 3 2 2 3 0.602
希望中船重工与雄安新区深化沟通交流并建立紧密的合作关系，在科技创新平台建设、科技力量布局、人才培养、智慧城市建设、大数据云计算等方面加强对接、深度合作，推进双方实现军民融合发展。
85 4 2 3 3 0.518
雄安新区将加强规划衔接，优化空间布局，为中船重工在畿发展提供全方位支持。
2
86 3 1 3 4 0.496
目前，国投所属京津冀产业协同发展投资基金（有限合伙）等三家企业率先获批在新区入驻。
86 4 1 4 4 0.627
国投将积极发挥优势，在金融服务业、高端高新产业、生态环保、工程服务等领域支持雄安新区建设。
2
87 9 3 2 3 0.496
目前，国投所属京津冀产业协同发展投资基金（有限合伙）等三家企业率先获批在新区入驻。
87 10 3 3 3 0.619
国投将积极发挥优势，在金融服务业、高端高新产业、生态环保、工程服务等领域支持雄安新区建设，共同推进新区的建设和发展。
2
88 1 1 1 4 0.604
【建筑央企开启雄安新区建设拓展增量市场】中国交建、中国铁建、中国中铁、中国建筑等建筑央企在“雄安第一标”河北雄安新区9号地块一区造林项目等招标中榜上有名，打响建设雄安“第一枪”。
88 2 1 2 4 0.537
分析师预计，央企将是雄安基建的主力，由央企牵头，联合相关专业民营企业进行建设，可能是雄安新区未来多领域基建建设的思路。
2
89 13 8 2 3 0.36
五个标段的第一中标候选人分别是：中国建筑联合体、北京正和恒基、中国铁建联合体、中国交建联合体、中国中铁联合体。
89 14 8 3 3 0.618
包括中国城市建设研究院、中国城市规划设计研究院、国家林业局调查规划设计院等机构和企业也参与其中。
1
89 22 13 1 1 0.659
雄安新区建设七个方面重点任务中，第一条就是建设绿色智慧新城，此次雄安“第一标”聚焦，被认为是雄安新区多维度推动绿色智慧新城建设的一个标志。
1
89 31 17 1 1 0.618
21世纪经济报道记者注意到，作为雄安新区开发建设的主要载体和运作平台，此次项目招标人雄安建投集团在雄安新区绿色智慧新城建设的动作频频。
2
90 1 1 1 2 0.666
【雄安新区与阿里巴巴举行对接会共同打造未来智能城市】11月8日，雄安新区与阿里巴巴集团举行对接会，双方就阿里巴巴支持新区建设绿色智慧新城、发展高新产业和创新社会治理等进行对接。
90 2 1 2 2 0.668
雄安新区党工委书记、管委会主任陈刚主持会议，陈刚指出，双方将共同推进“数字雄安”项目建设，探索构建雄安数字城市标准，为未来智能城市、科技金融创新等提供基础设施，推动医疗、交通、安全等民生社会治理领域创新服务。
0
1
91 9 8 1 1 0.608
以腾讯系的“河北雄安新区腾讯计算机系统有限公司”为例，腾讯称，公司将围绕金融创新、文化创新、产业创新、人才创新、城市创新等“五大创新”领域与雄安新区展开合作。
1
92 6 5 1 1 0.691
据了解，阿里和蚂蚁金服将其率先应用区块链技术于雄安的建设，并将打通交通、能源、供水等民生基础设施，连通到阿里云ET城市大脑。
1
93 5 3 1 1 0.673
阿里巴巴也是第一家与雄安新区开展深度合作的大型互联网企业，将在云计算、大数据、智慧物流、金融科技和电子商务等领域，投入最顶尖的技术和创新资源，全力助推雄安新区这一“千年大计、国家大事”的建设。
2
93 9 7 1 2 0.422
马云表示，阿里巴巴有幸参与雄安新区建设，不仅是阿里巴巴努力的结果，更是因为国家发展和互联网时代带来的机会。
93 10 7 2 2 0.601
雄安新区是“千年大计、国家大事”，这是一座创造未来的城市，代表着21世纪城市发展的趋势，所以阿里巴巴非常重视这次合作。
1
93 11 8 1 1 0.634
通过与阿里巴巴的全面合作，雄安将成为一座“信任之城”，阿里巴巴与蚂蚁金服将率先应用区块链技术于雄安的建设，让整个城市运转更公正真实可信。
2
93 12 9 1 2 0.342
雄安还将是一座“在线之城”。
93 13 9 2 2 0.721
阿里巴巴将打造全球物联网示范标杆，打通交通、能源、供水等民生基础设施的“神经网络”，连通到阿里云ET城市大脑，让城市能够自我调节、与市民良好互动。
2
94 3 2 1 2 0.52
党的十九大报告提出，“以疏解北京非首都功能为‘牛鼻子’推动京津冀协同发展，高起点规划、高标准建设雄安新区”。
94 4 2 2 2 0.643
河北雄安新区9号地块一区造林项目作为雄安“第一标”，将成为建设森林城市，实现蓝绿交织、清新明亮生态环境的重要举措，将成为城市组团之间的重要生态缓冲区和生态福利空间共享区，形成以近自然林为主，景观游憩相结合的生态景观片林。
2
94 6 3 2 3 0.409
众多央企榜上有名，也标志着新区建设的“国家队”正式组建，新区的建设速度值得期待。
94 7 3 3 3 0.61
雄安新区是一个高起点的国际级新区，将建设成一座绿色生态环保的智慧城市，在建设初期基建行业以及建材行业将率先受益，园林、环保行业也将获得极大的发展空间，建议关注中国建筑(601668.SH)、中国中铁(601390.SH)、冀东水泥(000401.SZ)以及金隅股份(601992.SH)等行业龙头公司。
2
95 4 3 1 2 0.692
11月8日，阿里集团与雄安新区签署战略合作协议，双方将携手打造以云计算为基础设施、物联网为城市神经网络、城市大脑为人工智能中枢的未来智能城市。
95 5 3 2 2 0.585
阿里成为十九大后与雄安新区签署战略合作协议的第一家企业，将助力雄安新区成为一座“在线”的城市。
2
95 9 7 1 2 0.427
马云表示，阿里有幸参与雄安新区建设，不仅是阿里努力的结果，更是因为国家发展和互联网时代带来的机会。
95 10 7 2 2 0.601
雄安新区是“千年大计、国家大事”，这是一座创造未来的城市，代表着21世纪城市发展的趋势，所以阿里巴巴非常重视这次合作。
2
95 11 8 1 2 0.58
据介绍通过与阿里的全面合作，雄安新区将成为一座“在线”的城市。
95 12 8 2 2 0.655
在云计算基础设施层面，该项合作将结合数据思想和阿里计算能力，推进“数字雄安”项目建设，为未来智能城市、科技金融创新等提供云计算基础设施，推动医疗、交通、安全、能源、环保等民生社会治理领域创新服务。
2
95 13 9 1 2 0.686
物联网技术将让雄安新区的城市部件和活动实时在线，构建交通、能源、供水等民生基础设施的“神经网络”。
95 14 9 2 2 0.704
通过完善的城市立体感知网络，实现对雄安全面感知，助力智能生活、自动驾驶、城市运营等数字产业孵化落地。
0
2
95 15 10 1 2 0.738
“城市大脑”将成为整个城市的人工智能中枢。
95 16 10 2 2 0.722
该项合作将推进雄安“城市大脑”建设，通过把城市的交通、能源、供水等民生基础设施的“神经网络”，连通到ET城市大脑，让城市能够自我调节、与人类良好互动。
0
2
95 17 11 1 2 0.619
从规划阶段就使用人工智能进行辅助，雄安新区开创了城市建设新模式。
95 18 11 2 2 0.593
以人工智能技术为基础，居住密度、娱乐设施、路政资源、商业医疗教育等城市资源将得到最合理的分配，城市功能得以最大限度发挥。
2
95 19 12 1 2 0.591
同日，阿里还宣布菜鸟智慧物流将在雄安新区落地。
95 20 12 2 2 0.763
包括在雄安建设“智慧物流未来中心”，将雄安建设成为世界智慧物流科技和人才硅谷；在雄安建设北方智慧物流的决策“大脑”，利用物联网和大数据，打造数字、安全、信用的智慧物流中枢体系。
1
95 21 13 1 1 0.728
在智慧物流的驱动下，菜鸟也将参与规划设计“雄安城市物流大脑”和“雄安公共配送物流体系”，对整个城市物流流程进行动态监控、管理和优化，构建端到端的数字供应链。
2
95 22 14 1 2 0.543
随着物流体量的快速增长，以技术驱动的智慧物流已经成为必需的解决方案。
95 23 14 2 2 0.68
在菜鸟智慧物流的推动下，全国智能仓库遍地开花，流水线、机器人、机械臂已经成为物流业的生力军。
2
95 24 15 1 2 0.61
此外，通过与阿里的全面合作，雄安还将成为一座“信任之城”，阿里与蚂蚁金服将其率先应用区块链技术于雄安的建设，让整个城市运转更公正真实可信。
95 25 15 2 2 -0.185
（记者杨砺）
2
96 5 4 1 2 0.647
阿里巴巴表示，将在云计算、大数据、智慧物流、普惠金融和电子商务等领域全力助推雄安新区。
96 6 4 2 2 0.472
通过与阿里巴巴的全面合作，雄安将成为一座代表未来的“在线之城”、“信任之城”。
1
97 1 1 1 1 0.644
本报河北雄安11月8日电记者雷汉发报道：河北雄安新区管委会今天与阿里巴巴集团签署战略合作协议，双方决定携手打造以“云计算”为基础设施、“物联网”为城市神经网络、“城市大脑”为人工智能中枢的未来智能城市。
2
97 2 2 1 2 0.623
根据协议，双方将结合数据思想和阿里巴巴计算能力，推进“数字雄安”项目建设；合作建设雄安“城市在线”，打造全球物联网示范标杆。
97 3 2 2 2 0.602
双方共同研究制定完整统一的数据城市规范标准和模型，建立互联互通标准，打造世界物联网标准应用示范城市。
0
1
98 2 2 1 1 0.684
根据签约协议，阿里巴巴将在云计算、大数据、智慧物流、金融科技和电子商务等领域，为雄安新区投入技术和创新资源；蚂蚁金服将在城市基础设施、环境、产业，城市运营、管理，创新活力的塑造等方面与雄安新区展开合作。
1
98 5 5 1 1 0.65
双方还将共建蚂蚁金服雄安金融科技创新中心，以筹办前沿技术实验室为起点，合力打造开放平台，积极引入生态合作伙伴，支持雄安新区打造金融科技示范区，搭建区块链基础设施平台等。
2
98 6 6 1 2 0.574
其中，底层技术区块链将应用于雄安新区的建设，打造“信任之城”，并有望率先在租房场景中加以试水。
98 7 6 2 2 0.613
蚂蚁金服方面表示，通过区块链以及金融云、信用、生物识别、金融智能、风控安全等领域合作，最终将雄安新区建设成为“协同治理信用之城、普惠民生绿色之城、金融科技创新之城”。
2
99 4 2 1 4 0.636
据了解，阿里巴巴将在云计算、大数据、智慧物流、金融科技和电子商务等领域，投入最顶尖的技术和创新资源，全力助推雄安新区的建设。
99 5 2 2 4 0.597
具体而言，阿里巴巴与蚂蚁金服将其率先应用区块链技术于雄安的建设，让整个城市运转更公正真实可信。
2
99 6 2 3 4 0.749
阿里巴巴将打通交通、能源、供水等民生基础设施，连通到阿里云ET城市大脑，实现城市的物联网，让城市能够自我调节、与市民良好互动。
99 7 2 4 4 0.616
此外，菜鸟网络机器人仓库里的自动化流水线、AGV机器人、机械臂等设备，在算法的驱动下提升物流运行效率。
0
2
99 9 4 1 2 0.422
马云表示，阿里巴巴有幸参与雄安新区建设，不仅是阿里巴巴努力的结果，更是因为国家发展和互联网时代带来的机会。
99 10 4 2 2 0.601
雄安新区是“千年大计、国家大事”，这是一座创造未来的城市，代表着21世纪城市发展的趋势，所以阿里巴巴非常重视这次合作。
2
100 3 2 1 2 0.678
据悉，双方将全力推进人工智能、区块链、生物识别等数字技术领域的立体合作，助力雄安建设成为移动智慧城市未来的“样板间”，具体包括协同治理信用、普惠民生绿色、金融科技创新等方面。
100 4 2 2 2 0.55
此前，阿里巴巴集团已在雄安新区已经了成立三家子公司：“阿里巴巴雄安技术有限公司”、“蚂蚁金服雄安数字技术有限公司”和“菜鸟雄安网络科技有限公司”，全面参与雄安建设。
2
100 5 3 1 3 0.656
蚂蚁金服与雄安的战略合作，不仅包括城市基础设施、环境、产业层面，还包括城市运营管理、创新活力塑造等方面。
100 6 3 2 3 0.532
不久前蚂蚁金服对外披露的“BASIC”（区块链、人工智能、安全、物联网和云计算）科技战略将在雄安全面布局应用。
1
100 7 3 3 3 0.648
据了解，双方将共建蚂蚁金服雄安金融科技创新中心，筹办前沿技术实验室，支持雄安打造金融科技示范区，搭建区块链基础设施平台等。
1
100 8 4 1 1 0.647
依托人工智能、物联网、生物识别等创新科技，雄安新区将打造更智慧的政务服务、公共服务及民生服务。
2
100 9 5 1 2 0.712
值得一提的是，阿里巴巴还将和雄安新区打造全球物联网示范标杆，打通交通、能源、供水等民生基础设施的“神经网络”，连通到“ET城市大脑”。
100 10 5 2 2 0.691
未来，人工智能还将助力智能生活、自动驾驶、城市运营等数字产业孵化落地。
0
