1
64 36 18 1 2
在王宝强事件中，许多吃瓜群众深深相信的还是那句好话——娱乐圈水太深。甚至有不少人，至今仍将王宝强想象成一个神机妙算，一切尽在掌握中的世外高人，仿佛一切都是王宝强利益的计算，精心的炒作。人心的凉薄，莫过于此。其实王宝强离婚事件演绎至今，细节早已大白于公众。事发突然之下，王宝强毫无准备，出自本能的第一反应是微博公开。这种做法难言对错，但将悲愤之下的声讨，想象成心机深沉的炒作与算计，未免太高估王宝强的权谋，却又太低估人心的温良。
1
100 11 6 1 1
即使没有离婚事件，《大闹天竺》拿下贺岁档10亿票房，依然是大概率事件。从类型上看，《大闹天竺》是王宝强最擅长的公路冒险喜剧，公开资料显示，这部由《泰囧》编剧完成的作品，讲述唐宇及手下吴天、陈杰一同前往印度寻找父亲留下的遗嘱，在新德里遇到美女沙丽，在陌生的印度展开一场冒险之旅的故事。
1
82 1 1 1 4
新浪娱乐讯王宝强[微博]离婚事件仍持续发酵中。近来，微博博主关爱八卦成长协会通过平台发文，透露有王宝强身边人向其再爆新料，称早在离婚事件爆发的大半年之前，王宝强同马蓉便已分居生活，并且分居的时候就想过离婚，但彼时想离婚的原因纯粹是因为两人经常吵架、感情不和。爆料人另表示，王、马二人动了离婚念头后，马蓉甚至对王宝强提出财产要九一分，她拿九成的要求，后经朋友劝解，二人并未真正走出分手那一步。直至后来宝强通过手机内容发现了马蓉出轨经纪人宋喆，才最终决定发布公开声明、离婚。
1
41 57 38 1 1
当年的喜剧明星王宝强、出现在朝阳法院门口憔悴的王宝强，与并未出庭、却出现在聊天记录中被全民围观的“亲爱的”马蓉，最终将这场离婚大戏，演成了一个时代寓言。8月14日，王宝强发离婚声明的那一刻也许不会想到，他与马蓉离婚这只蝴蝶的翅膀，会扇动起一场全民直播与“全民离婚”的风暴。王宝强在整个离婚事件中，似乎一直是个输家，那么昨天的两场庭审之后，他能用法律赢回公道吗？事实是：即使全民支持王宝强，法律也自有其逻辑，结局未必会如吃瓜群众的期待，但另一场法院外的审判却已有定论。
1
36 1 1 1 1
王宝强[微博]离婚事件自声明发出到现在，已经快2个月了，但是关于宝强或者马蓉的消息，还是能分分钟就占领热搜榜。18日下午，朝阳法院对王宝强诉马蓉离婚案以及马蓉诉王宝强侵犯名誉权一案举行了庭前会议。朝阳法院门口围观了上千名群众。下午的一点一刻，王宝强乘坐一辆红色汽车，在律师张起淮的陪同下，进入了法院。庭前会议马蓉此前就向法院提交了申请不公开审理，并且不出庭。
1
100 49 29 2 2
一个成功的明星，往往善于将人生中的八卦事件，转化为提升人气和关注度的演艺跳板，而一个好的演员，则会将生命中的那些崎岖不平，全都转化为生命体悟的一部分，从而让那些生命中的不堪，化作其演技深度提升的垫脚石。明星人设时代，每个明星都必须经营自身的个人品牌，离婚事件没有毁掉王宝强现实中的傻根人设，但却毁掉了其赖以成名的傻根角色类型，这对王宝强反而是个机会，而这需要王宝强突破过往的演绎路径，像许三多和傻根一样完成一次不计回报的演技探索，才有可能完成王宝强的蜕变。王宝强能否由此完成演技涅槃，为中国电影奉献下一个影帝王宝强，而不仅是一个票房明星或者综艺大咖王宝强？相对于《大闹天竺》最终能否超越《美人鱼》票房，这或许才是王宝强离婚事件后，真正有价值的提问。有空的时候，我们聊聊中国电影。（声明：本文仅代表作者观点，不代表新浪网立场。
1
97 17 15 2 2
法律业内人士分析称，由于房产不在王宝强名下，因此，如果没有法院的相关裁定，王宝强在案件宣判前可能要持续在外“漂泊”。据王宝强的朋友透露，王宝强最在意的是两个孩子的抚养权问题，也将孩子的抚养权问题写在了离婚起诉书的诉讼请求中。据说离婚事件曝光后，宝宝一直没有与儿女见面，如今开学在即，宝宝似乎很担心儿女的学业。
1
27 138 51 1 3
因为主角是王宝强，这起离婚事件掀起了无人能预料的舆论巨浪。
1
11 4 3 1 1
虽然警方通报没有具名，但网友确定，宋某就是王宝强前经纪人宋喆。消息即出，网上一片兴奋，网友纷纷留言叫好。宋喆，受到舆论关注，不是因为他经纪人身份，而是在王宝强与马蓉离婚事件中，扮演的角色。
1
100 45 26 1 1
实际上，王宝强在《树先生》中已经做了很好的示范，一部看似延续小人物设定的荒诞喜剧，被王宝强演出了癫狂中的人生况味，角色深度远超以往，更令他首次尝到影帝滋味。由此看来，王宝强未来发展最正确的答案或许是：下一个葛优。在凭借《活着》成为影帝之前，葛优也曾在很长时间之内，陷入《编辑部的故事》式的喜剧咖设定中，直到《活着》技惊四座，葛优才真正以实力派影帝的身份为观众熟知，在此之后，葛优再回到自己熟悉的喜剧领域，就更加游刃有余。从某种角度上说，离婚事件无形中为王宝强关上了其最驾轻就熟的小人物喜剧的门，但也为王宝强的演技未来又打开一扇窗。
1
96 2 1 2 3
8月26日，王宝强离婚事件后首次更新微博，晒出和刘国梁王楠等人合照，配文称：“奥运精神，兄弟之情，举杯同庆，其乐融融。”照片中王宝强和刘国梁互相搭肩，对着镜头微笑，但胡子拉碴略显苍老。对此，网友纷纷留言称：“你叫王坚强，满满正能量！”“宝强，加油我们支持你。”“宝宝喜欢你开心地笑加油。”
1
34 1 1 1 4
新浪娱乐讯日前，王宝强[微博]离婚一案首次开庭审理，再次令王宝强和马蓉离婚事件成为舆论关注的焦点。而此前有新闻媒体刊发记者评论，暗批王宝强是在自曝家丑毁三观，这番言论也引发不少热议。今日，乒乓球冠军王楠的老公郭斌，以王宝强好友的身份，发微博点名该媒体记者，表示”谁会愿意朝心里插上一辈子都会痛的狠狠一刀！然后再来个花式包装。
1
64 32 17 1 4
第三，王宝强提出的索赔金额，和他在离婚事件中遭受的损失比起来，并不算高。如果要炒作的话，哪怕是借着舆论对马蓉的声讨叫高10倍，也更合理一点。
1
84 1 1 1 1
新浪娱乐讯离婚事件后，王宝强微博再次发声：“今天的事，明天就是小事；今年的事，明年就是故事；今生的事，来生就是传说！即今日起，我从头再来！为了我的孩子和父母以及关心爱我的朋友，我要站起来！我会一如既往的认真工作！把每一部作品诚意回馈给观众。更要把我的儿女保护好，给他俩更好的教育，培养成社会有用人才。感谢大家支持！”。
1
38 1 1 1 2
新浪娱乐讯王宝强[微博]离婚事件在经历2个多月的发酵后，终于开庭审理，与马蓉的大战即将收官。昨天王宝强代理律师透露了案件中的诸多细节，其中还涉及到了有关卷款的内容，马蓉再度被推上舆论的风口浪尖，而宋喆在被王宝强解除经纪人职务后，近期几乎没了踪影，外界开始将目光转向了宝宝的新女经纪人。而王宝强公开宣布解除宋喆的经纪人职务后，任命了旗下公司宝亿嵘的CEO任晓妍担任经纪人，协助处理工作上的事务，但她本人一直保持低调，少有亮相。
1
100 10 5 1 1
离婚事件和《大闹天竺》由此成为王宝强宿命般的事业分水岭，失去了婚姻的王宝强却正在一步步走向事业的巅峰，这或许才是现实版悲喜交加的人间喜剧。
1
98 2 1 2 3
视频一出便引发网友热议。对此，董浩稍后发表《明天，太阳照常升起》的文章，反问网友：“说正能量的人反倒成了不应该？”8月24日晚，董浩通过微博对评价“王马”离婚被批作出回应，连用反问的形式回应称：“难道在这个社会，说正能量的人反倒成了不应该？”“难道靠八卦能实现中国梦吗？”并再度评论王宝强离婚事件，称：“给他们留一些自我三思的时间。能让他们为孩子，为未来多做一些考虑。毕竟孩子是无辜的！”同时也呼吁：“媒体人对社会公德多一些引领，多一些责任吧！”（我是弥尔）
1
26 1 1 1 2
明星离婚事件时有发生，归根结底，主要是因为这个圈子诱惑太多，这些诱惑来自名声、金钱和女色。
1
79 1 1 1 1
新京报讯10月10日，身陷离婚门的王宝强[微博]首次在公众面前现身，表示将自己的离婚事件交由法律解决，同时他表态相信法律的公正，对此，不少吃瓜群众纷纷表示，看到王宝强新片的制片人不是马蓉也就“放心了”。但话说回来，王宝强的离婚官司到底怎么样了啊？据悉，王宝强与马蓉的离婚官司将于10月18日第一次“过堂”——法院于当天组织双方召开庭前会议并进行证据交换。同时，最高院前不久关于婚姻一方在离婚期间转移财产将有可能被判净身出户的案例指导，也可能会被这个官司所参考。
1
32 1 1 1 2
10月31日，菏泽巨野县法院对此前就王宝强[微博]马蓉离婚事件微博发布的言论作出声明。声明称：“2016年10月29日，我院官方微博发布了涉及某知名演员离婚案件的不当言论，造成了不良的社会影响。在此，我院表示诚恳的歉意！欢迎大家继续批评指正。”
