1
69 4 2 1 1
据王宝强律师透露，由于离婚官司的特殊性，王宝强将亲自出庭，而马蓉之前申请本人不到庭参与庭审。今年8月14日凌晨，王宝强大半夜发布微博，指责妻子马蓉与经纪人宋喆存在婚外不正当两性关系，并决定解除与马蓉的婚姻关系，停止与宋喆的合作，一时间，这篇长微博在网上惊起千层浪，王宝强、马蓉和宋喆瞬间成为热搜人物，甚至夫妻两人的孩子也一时间成“网红”。8月15日上午，王宝强来到北京朝阳法院，起诉其妻马蓉要求离婚。在诉状中王宝强要求解除双方婚姻关系，判令婚生子女均由其抚养，马蓉依法支付抚养费至孩子年满18周岁，依法分割夫妻共同财产。
1
10 4 1 4 7
早在一年前，王宝强婚变消息刚传出的时候，就有热心观众建议宝宝：针对前经纪人宋喆转移公司财产的行为，以“职务侵占罪”向公安机关报案。现在看来，宝宝和他的律师团队采纳了这个建议。
1
16 1 1 1 1
新浪娱乐讯9月13日，据北京青年报报道，王宝强前经纪人宋喆因涉王宝强离婚案相关问题于近日被警方抓获，罪名可能是涉嫌职务侵占，但目前还没有更准确的信息披露。对此新浪娱乐向律师姚雪了解，职务侵占是指公司、企业或者其他单位的人员，利用职务上的便利，将本单位财物非法占为己有，数额较大的行为。
1
90 3 2 1 3
宋喆是演员王宝强的前经纪人。本月早些时候，王宝强与妻子马蓉的离婚案已在朝阳法院立案。王宝强在其实名认证的个人微博中声称“因马蓉与我经纪人宋喆的婚外不正当两性关系，严重伤害了婚姻、破坏了家庭，郑重决定解除我与马蓉的婚姻关系”。
1
88 17 8 1 1
杨慧的代理律师谭耀光最后一个进入法庭，其庭前说此次案件杨慧的诉求一是离婚，二是分产，涉及车、房、股权等“常规财产”，具体多少钱需要法院评估。8月14日凌晨，知名艺人王宝强爆料妻子马蓉和其经纪人宋喆出轨并转移自己财产，并于次日正式起诉离婚。而重案组37号了解到，早在王宝强爆料数月前，宋喆妻子已向朝阳法院起诉离婚，并申请诉前保全，冻结宋喆名下224万元存款。
1
18 1 1 1 1
北京青年报记者今日获悉，王宝强前经纪人宋喆因涉王宝强离婚案相关问题于近日被警方抓获。2016年8月14日，王宝强突发离婚声明，称妻子马蓉出轨自己的经纪人宋喆，并决定解除与马蓉的婚姻关系，停止与宋喆的合作。
1
89 1 1 1 3
新浪娱乐讯8月29日下午，王宝强前经纪人宋喆和前妻杨慧的离婚诉讼在北京朝阳法院开庭审理，由于是王宝强离婚事件的主要当事人之一，宋喆在事件爆发后亦引起社会各界的高度关注，但是，当天除了杨慧，并未见到宋喆身影。随后朝阳法院也作出了官方说明，表示宋喆方面以涉及个人隐私为由，申请不公开审理，另外由其代理律师递交了一份由自己签字的书面意见，目前该案尚在进一步审理中。
1
72 1 1 1 3
新京报快讯（记者王巍）明天下午，王宝强起诉马蓉离婚及马蓉起诉王宝强名誉侵权两个案件将相继在朝阳法院开庭审理。据王宝强律师透露，王宝强将亲自出庭。此外，在离婚诉状递交后后，王宝强一方新增诉讼请求，要求马蓉支付精神抚慰金。今年8月14日凌晨，王宝强发布微博，指责妻子马蓉与经纪人宋喆存在婚外不正当两性关系，并决定解除与马蓉的婚姻关系，停止与宋喆的合作。
1
93 1 1 1 3
8月15日，王宝强正式到北京朝阳法院向妻子马蓉提出了离婚，并曝光了其经纪人宋喆与妻子马蓉有不当关系。14天来，马蓉和宋喆陷入了的是非漩涡。
1
77 5 3 1 2
8月14日，王宝强凌晨于微博发布离婚声明，直指妻子马蓉与自己经纪人宋喆婚内出轨，一下在网络炸开了锅。15日，他在朝阳法院起诉离婚，争夺子女抚养权并要求分割夫妻共同财产；16日，马蓉委托律师以侵犯名誉权为由将王宝强告上法庭，要求其删除14日的离婚声明。当时就有律师受访时告诉记者，这个离婚案复杂程度已经赢过当年的李阳离婚案；其财产分割复杂程度及牵涉当事人关系之混乱程度，足够其在庭上打一番持久战了。而常与法院打交道的法律界从业人士指出，事件正处于舆论风口浪尖，加上案件过于复杂，需做大量前期调查。另外，王宝强的离婚诉讼和马蓉的名誉权诉讼，两起案件都属于民事诉讼范畴，在王宝强的离婚诉讼中，涉及财产转移的部分是关键，如果证据充分，进入司法程序，那便成为刑事案件。
1
75 28 14 1 5
张起淮还独家披露了王宝强公开离婚案之前的一些内幕：一天，王宝强工作回来回到家里，发现马蓉的两个手机正在充电。夫妻间嘛，王宝强偶而拿起马蓉手机看了一下，才吃惊地发现妻子马蓉与经纪人宋喆有许多龌龊的内容。当时，王宝强气得浑身发抖。
1
11 4 3 1 1
虽然警方通报没有具名，但网友确定，宋某就是王宝强前经纪人宋喆。消息即出，网上一片兴奋，网友纷纷留言叫好。宋喆，受到舆论关注，不是因为他经纪人身份，而是在王宝强与马蓉离婚事件中，扮演的角色。
1
73 13 7 1 1
也正是如此，曾有网友断言这一切也许是王宝强为了炒作他自导自演的新片《大闹天竺》，不过对此王宝强方面回应说：“王宝强离婚案是真实的。他绝没有拿离婚案来炒作自己的电影。离婚与新片亳无任何关系。据我了解，王宝强发现马蓉除了出轨之外，还有更多违法行为。在已经逼得没有办法的情况下，才公开发表声明，才正式通过法律起诉马蓉。”也许前面提到的四个二就是指目前所掌握的关于难民营违法行为吧。当然，当媒体问道““王宝强在声明中，指责马蓉与经纪人宋喆有不当男女关系，有证据吗？”王宝强方面回应称：“经过调查，有关马蓉与宋喆出轨之事有事实证据的。会在18日下午的法庭上出示。让事实证据说话。”也许只有等到明天下午，这一切可能才会真正地揭晓。不过在揭晓之前，谁又敢打包票说马蓉不会有其他方面的证据呢？、如果到时真的拿出一些不利王宝强的证据，真不知道以后大家还会不会喜欢这个在戏里看着很憨厚，实则是一个非常精明的艺人。马蓉，你准备好了吗？（声明：本文仅代表作者观点，不代表新浪网立场。
1
12 7 4 2 5
而王宝强在离婚官司的审理过程中发现，除前经纪人宋喆涉嫌侵占他的财产之外，还有一位姓王的公司同事，也涉嫌侵犯其私人财产。于是，王宝强委托代理律师张起淮，以非法侵占公民财产为由向警方报了案。报悉，警方为此已先后传唤了多人，进行仔细调查取证。而日前，宋喆和王某某已被警方控制。
1
85 1 1 1 3
新京报快讯（记者王巍）8月29日，王宝强[微博]前经纪人宋喆与妻子杨慧的离婚案开庭。8月30日，网上流传疑似马蓉床照，有网友称照片是杨慧在开庭过程中向法院提交的证据。记者今天向知情人士了解到，该照片并不是马蓉床照，杨慧也并未在此次庭审中提供所谓马蓉床照。据媒体报道，8月30日晚，有网友在微博曝光“马蓉床照”，照片中的女性疑似王宝强的妻子马蓉。
1
88 1 1 1 3
8月29日下午三点，王宝强经纪人宋喆和妻子杨慧离婚案，在朝阳法院的南磨房法庭开庭审理。因宋喆申请，该案未公开审理。重案组37号获悉，宋喆代理律师向法庭主张称，宋喆不同意离婚。庭后，宋喆妻子杨慧激动表示，“不管对方是否同意，我们的感情已经破裂而且没有办法一起生活。”杨慧代理人表示提交了“宋喆和马姓案外人不正当关系”的证据，“庭审很顺利”。
1
82 1 1 1 4
新浪娱乐讯王宝强[微博]离婚事件仍持续发酵中。近来，微博博主关爱八卦成长协会通过平台发文，透露有王宝强身边人向其再爆新料，称早在离婚事件爆发的大半年之前，王宝强同马蓉便已分居生活，并且分居的时候就想过离婚，但彼时想离婚的原因纯粹是因为两人经常吵架、感情不和。爆料人另表示，王、马二人动了离婚念头后，马蓉甚至对王宝强提出财产要九一分，她拿九成的要求，后经朋友劝解，二人并未真正走出分手那一步。直至后来宝强通过手机内容发现了马蓉出轨经纪人宋喆，才最终决定发布公开声明、离婚。
1
13 4 2 2 3
今年五月，有媒体目击马蓉妈和宋喆爸现身民政局办理离婚手续。有知情人士透露，此事属实，双方办理离婚手续目的很可能是为了转移财产。回到今年八月底的二审，如果马蓉不同意离婚，法院该如何判决？有媒体联系咨询律师后得出，法院是否判决离婚要看双方是否感情真的破裂，现在有很多事实表面双方感情已经破裂了，因此法院不会听从马蓉的一面之词，很有可能判决离婚。值得一提的是，今日有媒体证实，王宝强经纪人宋喆涉嫌职务侵占罪已经被抓，这又是怎么一回事？据法律界人士分析，宋喆是王宝强经纪人，对公司经营参与度很高，虽然《婚姻法》对于第三者没有有刑事处罚，但如果宋喆如果利用职务便利转移了王宝强的财产，肯定会面临刑事处罚。
1
14 1 1 1 4
时隔一年，王宝强离婚案又有新进展。重案组37号（微信ID：zhonganzu37）了解到，9月11日，王宝强前经纪人宋喆已经因涉嫌职务侵占被警方控制。王宝强的离婚案件，庭审程序已经基本进行完毕，目前尚未宣判。据探员了解，王宝强离婚官司牵扯出刑事案件，在此前的司法案例中非常少见。
1
80 5 3 2 3
因为马蓉不仅与王宝强经纪人宋喆有不正当两性关系，还被爆出有转移隐藏、转移夫妻共同财产的行为。而王宝强更是被曝光借钱交诉讼费。
