1
3 13 8 1 1
我国在司法审判中，有先刑后民的惯例，即“在民事诉讼活动中，发现涉嫌刑事犯罪时，应当在侦查机关对涉嫌刑事犯罪的事实查清后，由法院先对刑事犯罪进行审理，再就涉及的民事责任进行审理。或者由法院在审理刑事犯罪的同时，附带审理民事责任部分。在此之前不应当单独就其中的民事责任进行审理判决。”在宋喆涉嫌职务侵占的刑事案件没有审结之前，王宝强离婚案为何能在年底宣判？对此，法制晚报·看法新闻记者采访了王宝强的代理律师张起淮。张起淮律师表示，目前审理的王宝强离婚案主要是两人的人身关系，不是以财产分割为前提的。如果双方符合离婚的条件，可以先解除人身关系，即王宝强和马蓉的夫妻关系。财产分割部分可以另行起诉，如果宋喆职务侵占的罪名成立，涉及的王宝强的财产或者说王宝强马蓉夫妻的共同财产，可以另行起诉分割。
1
63 12 8 1 2
根据《中华人民共和国婚姻法》第四十六条第（二）项的规定，有配偶者与他人同居而导致与配偶离婚的，无过错方有权请求损害赔偿。“无过错方可以要求对方承担精神损害赔偿，但是‘出轨’的法定过错直接导致财产分割的减少或净身出户，是不可能的。”张向龙律师说。张向龙律师表示，在公开判决的离婚官司中，出轨方有被法院判处支付6万元精神抚慰金的先例。
1
79 11 6 1 1
据悉，王宝强起诉马蓉的离婚案件与马蓉起诉王宝强的名誉侵权案件均定在10月18日在法院进行第一次开庭，当天，法院计划安排进行庭前会议，组织双方进行证据交换。从目前双方的准备情况来看，离婚案的证据会比名誉侵权案的证据要多一些，离婚案的证据中涉及财产分割以及孩子抚养等诸多问题，如无意外，也将是一场“持久战”。
1
63 10 6 1 1
王宝强代理律师张起淮16日接受媒体采访时表示，经过调查，有关马蓉与宋喆出轨，王宝强有事实证据，会在今日的法庭上出示，让事实证据说话。那么，如果“出轨”实锤放出，对于大众十分关心的财产分割问题，将带来怎样的影响？天津击水律师事务所婚姻法务部部长张向龙律师说：“首先应该明确的是，法律意义上的‘出轨’与道德上的‘出轨’略有不同。一夜情、婚外情、开房的证据只能证明婚姻是否破裂，而出轨的证据则需要提供‘对方在有配偶的情况下，与他人同居’。‘同居’是指持续了一段时间的共同生活，王宝强方面是否能够拿出这个证据非常关键。”
1
92 9 3 2 5
杨慧便主动请律师与宋喆的家人秘密沟通。但因涉及财产分割上的分歧，老人家又坚持认为儿子宋喆没有出轨。
1
92 1 1 1 3
封面新闻讯（记者杜恩湖北京现场报道）8月29日中午，封面新闻记者在北京获悉：备受关注的王宝强[微博]离婚案的另一当事人宋喆和杨慧的离婚案，将于今天下午在北京开庭。封面新闻记者今天中午在北京独家了解到重要信息：杨慧起诉宋喆离婚案开庭前24小时，杨慧曾委托代理律师北京市恒嘉律师事务所谭耀光律师与宋喆家人秘密沟通，杨慧为了息诉止争，商议是否可以协议离婚。但双方最终因财产分割上分歧较大，以及宋喆家人否认宋喆出轨王宝强妻子马蓉，没有达成一致意见。
1
39 21 8 2 2
而法院庭前会议公告，此前一直被群众提出讨论的“马蓉疑似有转移共同财产行为”，首次以“原告主张的事实”形式出现。戚律师谈到，其实财产转移和财产分割是可以放在一起看的，既然王宝强主张马蓉有转移夫妻共同财产的行为，就要拿出相应证据。“法律来讲确实可以少分甚至是不分，如果确实有这样的情况，则要看转移财产的恶性程度。”戚律师表示，在这个问题上，外界可能存在理解上的误差。
1
77 5 3 1 2
8月14日，王宝强凌晨于微博发布离婚声明，直指妻子马蓉与自己经纪人宋喆婚内出轨，一下在网络炸开了锅。15日，他在朝阳法院起诉离婚，争夺子女抚养权并要求分割夫妻共同财产；16日，马蓉委托律师以侵犯名誉权为由将王宝强告上法庭，要求其删除14日的离婚声明。当时就有律师受访时告诉记者，这个离婚案复杂程度已经赢过当年的李阳离婚案；其财产分割复杂程度及牵涉当事人关系之混乱程度，足够其在庭上打一番持久战了。而常与法院打交道的法律界从业人士指出，事件正处于舆论风口浪尖，加上案件过于复杂，需做大量前期调查。另外，王宝强的离婚诉讼和马蓉的名誉权诉讼，两起案件都属于民事诉讼范畴，在王宝强的离婚诉讼中，涉及财产转移的部分是关键，如果证据充分，进入司法程序，那便成为刑事案件。
1
45 1 1 1 3
备受关注的王宝强与马蓉离婚案，昨天下午在北京朝阳法院开庭。而马蓉诉王宝强名誉侵权案，则在离婚案之后的下午4时开庭。有意思的是，夫妻俩的两场官司，在同一个法院、同一天下午开庭。18日下午1时许，王宝强出现在北京朝阳法院，他低头一言不发。开庭前，王宝强的代理律师张起淮接受成都商报记者采访时表示，王宝强最近的状态很好，开庭前还在忙工作。王宝强之所以会亲自出庭，是因为两个官司都涉及他，加上离婚案的证据比名誉侵权案的证据要多一些，还涉及财产分割以及孩子抚养等诸多问题。
1
55 1 1 1 3
新浪娱乐讯18日下午，王宝强[微博]和马蓉的离婚诉讼案与马蓉诉王宝强名誉侵权案在北京朝阳法院首次开庭审理，当天王宝强亲自出庭，马蓉未出庭。据媒体获悉，王宝强和马蓉离婚案除财产分割和争夺孩子抚养权之外，王宝强一方还要求马蓉支付的精神抚慰金仅为10万元，而王宝强将向法院提交包括聊天记录等马蓉与宋喆“出轨”的相关证据。但庭审结束后，新浪娱乐联系王宝强律师张起淮，对方没有就案件进展作出任何回应。
1
63 15 9 2 3
也就是说，“婚外情”等证据只能成为酌定的情节，而不是法定的证据。就算王宝强能够拿出马蓉法律定义上的出轨证据，也只能申请精神损害赔偿，而不是直接影响财产分割，要求马蓉少分或不分财产。
1
3 18 11 1 1
“换句话说，王宝强和马蓉的婚姻关系已经这样，就是先把婚姻关系解除了，不能因为财产分割的问题，该离的婚不离。”张起淮律师说。针对先离婚后分割财产的做法，北京国锦律师事务所周海山律师表示，在婚姻关系有争议期间，也就是诉讼期间，夫妻双方收入属于夫妻共同财产。
1
47 16 7 1 3
其次，在法庭认定夫妻感情破裂的前提下，将面临财产分割问题。双方有约定的，约定优先；反之，按法律规定分割。如果双方不能达成分配协议，就要进行评估后由双方竞价获得，“比如，一套房子我出500万元归我，另一方说我出600万元归我，则出价多者取得。”
1
23 1 1 1 4
新浪娱乐讯马蓉王宝强[微博]离婚案至今已持续大半年，马蓉一直低调隐藏行踪。但今日马蓉被曝光最新动态，再次引发舆论激荡。有媒体拍到马蓉宋喆共用豪车，而马蓉母亲由宋喆父亲接送，去民政局，疑似办理离婚财产分割手续。随后有媒体人爆料称“这不是给马蓉办离婚财产分割，而是马蓉母亲和宋喆父亲办理离婚手续，此举是为了转移财产。”此番爆料也令马蓉王宝强离婚案更加复杂。王宝强律师随后否认马蓉王宝强已经办理了离婚手续，但并未就“马蓉母亲和宋喆父亲办理离婚手续”的爆料发表评论。
1
77 23 10 3 3
有媒体获悉，这起婚变事件已进入法律程序，樊馨蔓聘请了两名律师，准备到法院起诉张纪中。据报道，张纪中与樊馨蔓共同成立的纪中文化原本已经在新三板披露挂牌说明书，但是离婚案一来，挂牌工作就陷入停顿，因为离婚涉及财产分割，纪中文化的股权也存在变数。
1
63 35 21 1 2
王宝强的代理律师张起淮之前对媒体透露，由于离婚案和名誉侵权案同时开打，这两个官司都涉及王宝强。加上离婚案的证据会比名誉侵权案的证据要多一些，离婚案还涉及财产分割以及孩子抚养等诸多问题，由于离婚官司的特殊性，王宝强本人将亲自出庭。
1
48 35 24 2 3
法院在分割共同财产考虑很多因素，法律规定本身的分配原则是照顾女方和抚养子女的一方，根据生活和收入状况进行分割，可以看到，指导案例中的裁判结果不是“净身出户”，只是对发现的转移部分的19.5万财产进行了再分配，转移的一方被少分。因此，无论是整体分割以及就转移这一项财产分割，都不是公众理解上的一分都不得的“净身出户”。究竟什么情况会“少分”、”不分“呢?孙铭溪认为，这是得看过错的程度，比如隐匿财产的情况比较严重，有些可能造成了无法挽回的损失，就可能少分很多甚至不分。
1
46 21 8 2 2
而法院庭前会议公告，此前一直被群众提出讨论的“马蓉疑似有转移共同财产行为”，首次以“原告主张的事实”形式出现。戚律师谈到，其实财产转移和财产分割是可以放在一起看的，既然王宝强主张马蓉有转移夫妻共同财产的行为，就要拿出相应证据。“法律来讲确实可以少分甚至是不分，如果确实有这样的情况，则要看转移财产的恶性程度。”戚律师表示，在这个问题上，外界可能存在理解上的误差。
1
48 44 31 1 2
离婚对夫妻共同财产分割的基础在于婚姻关系中的夫妻共同财产制度，该制度旨在将夫妻双方的婚后所得纳入到夫妻共同体内，将夫妻双方婚前的差异最小化，维持和谐美满的夫妻关系。故夫妻双方对于夫妻共同财产均有不可剥夺的权利，而财产的所有权是不受财产所有者品格的影响的，因而法律难以强加剥夺。
1
75 16 10 1 2
即将开庭，王宝强是一种什么样的态度？张起淮向华西都市报记者介绍，由于离婚案和名誉侵权案同时开打，这两个官司都涉及到王宝强。加上离婚案的证据会比名誉侵权案的证据要多一些，离婚案还涉及财产分割以及孩子抚养等诸多问题，由于离婚官司的特殊性，王宝强本人将亲自出庭。
