1
37 11 6 1 1
但目前没有一个参与协商的政党想要走到重新选举这一步，因为外界预测德国新选择党(AfD)在9月24日全国性选举挤身国会之后，重新选举可能会获得更多席次。
1
61 1 1 1 1
拉赫曼：德国新选择党表现强劲，说明德国失去了对民粹主义的免疫力，看起来更像一个“普通”的西方国家了。
2
61 9 4 1 5
德国大选的主要看点显然是民族主义右翼的崛起，其化身就是德国新选择党（AlternativeforGermany），该党在此次选举中获得了超过13%的选票，将成为德国联邦议院中的第三大党，拥有90多个席位。
61 10 4 2 5
德国外长西格马尔-加布里尔（SigmarGabriel）称，德国新选择党进入议院意味着，“自二战结束以来，将头一次有真正的纳粹出现在德国国会大厦中”。
3
61 9 4 1 5
德国大选的主要看点显然是民族主义右翼的崛起，其化身就是德国新选择党（AlternativeforGermany），该党在此次选举中获得了超过13%的选票，将成为德国联邦议院中的第三大党，拥有90多个席位。
61 10 4 2 5
德国外长西格马尔-加布里尔（SigmarGabriel）称，德国新选择党进入议院意味着，“自二战结束以来，将头一次有真正的纳粹出现在德国国会大厦中”。
61 11 4 3 5
大多数分析人士没有把这件事看得那样严重。
3
61 11 4 3 5
大多数分析人士没有把这件事看得那样严重。
61 12 4 4 5
但欧洲其他的极右政党必定将德国新选择党视为姐妹党。
61 13 4 5 5
法国国民阵线（NationalFront）的领袖马琳•勒庞（MarineLePen）很快就对德国新选择党在选举中取得的成功表示了祝贺。
2
61 12 4 4 5
但欧洲其他的极右政党必定将德国新选择党视为姐妹党。
61 13 4 5 5
法国国民阵线（NationalFront）的领袖马琳•勒庞（MarineLePen）很快就对德国新选择党在选举中取得的成功表示了祝贺。
3
61 14 5 1 3
德国新选择党的崛起是德国中间派进一步萎缩的部分体现。
61 15 5 2 3
德国主要的中间派政党——默克尔的基督教民主联盟（ChristianDemocraticUnion）及中左翼社会民主党（SocialDemocrat）——得票率创下自1949年以来的新低。
61 16 5 3 3
再加上极左政党德国左派党（DieLinke）得票率略高于9%，意味着超过五分之一的德国人把票投给了民粹主义反建制政党。
3
61 17 6 1 4
德国民粹主义政党所获的支持率仍然远低于特朗普的高得票率（每次都接近50%）、退欧公投中退欧选项得票率以及法国总统大选第一轮选举中民众对极右或极左候选人的支持率。
61 18 6 2 4
但民粹主义者、特别是德国新选择党的强劲表现，使人们无法再一厢情愿地认为，“历史的重负”意味着德国不会受到极端主义的影响。
61 19 6 3 4
正相反，竞选活动暴露出的潜在的反建制怒火，令许多德国问题观察人士感到震撼。
3
61 21 7 1 3
随着时间推移，德国新选择党已变得越来越激进。
61 22 7 2 3
这个团体最初是一个“教授党”，由一群不满于德国参与欧元区纾困的保守派知识分子组成。
61 23 7 3 3
但2015年的难民危机令超过100万的寻求庇护者（多数是穆斯林）进入了德国，这成为德国新选择党将自身重塑为一个反移民政党的契机。
3
61 21 7 1 3
随着时间推移，德国新选择党已变得越来越激进。
61 22 7 2 3
这个团体最初是一个“教授党”，由一群不满于德国参与欧元区纾困的保守派知识分子组成。
61 23 7 3 3
但2015年的难民危机令超过100万的寻求庇护者（多数是穆斯林）进入了德国，这成为德国新选择党将自身重塑为一个反移民政党的契机。
3
61 24 8 1 3
最近，德国新选择党开始玩弄德国政治中最具煽动性的素材——这个国家的纳粹历史。
61 25 8 2 3
该党领导人之一亚历山大•高兰（AlexanderGauland）说，德国人有权为两次世界大战中的德国士兵感到骄傲。
61 26 8 3 3
在一些泄露出来的电子邮件中，代表德国新选择党参加本次大选的另一位首席候选人阿莉塞•魏德尔（AliceWeidel），将德国政府称为“第二次世界大战胜利国的傀儡”。
3
61 24 8 1 3
最近，德国新选择党开始玩弄德国政治中最具煽动性的素材——这个国家的纳粹历史。
61 25 8 2 3
该党领导人之一亚历山大•高兰（AlexanderGauland）说，德国人有权为两次世界大战中的德国士兵感到骄傲。
61 26 8 3 3
在一些泄露出来的电子邮件中，代表德国新选择党参加本次大选的另一位首席候选人阿莉塞•魏德尔（AliceWeidel），将德国政府称为“第二次世界大战胜利国的傀儡”。
2
85 4 3 1 2
此外，德国新选择党(AfD)成为逾50年来首次进入议会的极右翼政党。
85 5 3 2 2
AfD得票率达到12.6%，超乎预期。
