2
5 7 3 1 2
当然，该机是不支持FaeID的，而全面屏设计也让它不支持指纹识别。
5 8 3 2 2
系统方面这款山寨产品也对iPhoneX的iOS11进行了模仿，在屏幕底部出现了一条触控的黑线，实际操作手感不知道怎么样。
2
24 18 12 1 2
iPhoneX用FaceID取代了传统指纹识别，不过依然有不少人怀念指纹识别。
24 19 12 2 2
凯基证券的分析师郭明池认为苹果正在致力于研究屏下指纹识别技术，如果能够实现，新的iPhone将能同时拥有指纹识别和面部识别。
2
24 18 12 1 2
iPhoneX用FaceID取代了传统指纹识别，不过依然有不少人怀念指纹识别。
24 19 12 2 2
凯基证券的分析师郭明池认为苹果正在致力于研究屏下指纹识别技术，如果能够实现，新的iPhone将能同时拥有指纹识别和面部识别。
2
28 11 5 1 2
配合全屏幕，iPhoneX去掉了Home键，采用了面部识别FaceID。
28 12 5 2 2
虽然相比于已经成熟的第二代指纹识别，FaceID在速度上并没有优势，但使用起来更显得自然。
3
32 4 2 1 3
据称，明年的三款新iPhone将有两款使用OLED屏，其屏幕尺寸分别为5.8英寸和6.2英寸，将支持人脸识别，机身配色也是传统的颜色。
32 5 2 2 3
除此外，苹果还将推出低价版的iPhone，根据以往的传闻该机应该为低价版iPhoneX，而该版本将提供多达7种的机身配色，但会采用指纹识别还是改用人脸识别目前还没有定案。
32 6 2 3 3
当然，苹果目前的倾向是做成全面屏加3D结构光的FaceID。
2
39 1 1 1 2
从手机工业设计及颜值出发，将logo与指纹识别二合一显然能够让手机外观更加简洁…避免满目疮痍的感觉。
39 2 1 2 2
锤子推出坚果Pro2的一大亮点就是采用了这种设计，保留指纹识别功能的同时又没多多开孔！那为什么同样重视设计的苹果没有采用这项技术呢？我认为有以下这几点原因：
2
39 1 1 1 2
从手机工业设计及颜值出发，将logo与指纹识别二合一显然能够让手机外观更加简洁…避免满目疮痍的感觉。
39 2 1 2 2
锤子推出坚果Pro2的一大亮点就是采用了这种设计，保留指纹识别功能的同时又没多多开孔！那为什么同样重视设计的苹果没有采用这项技术呢？我认为有以下这几点原因：
2
39 3 2 1 2
说到成本，此前很多同学应该也看了，iPhoneX的维修费用可是很惊人的，屏幕2288元，其他部件损坏甚至需要4588元，这已经相当于一部Android旗舰的价格了。
39 4 2 2 2
那么在背部“不得不”给摄像头开孔的前提下，再给指纹识别开孔，显然会进一步增加成本，并且产能也有可能面临除原深感摄像头系统之外的新压力。
3
39 7 4 1 3
作为一项“重要”更新，iPhoneX支持无线充电，手机背部玻璃面板下方就是无线充电线圈，这显然没有给指纹识别留下空间（除非继续增加手机厚度）。
39 8 4 2 3
通过此前拆解，可以看到在玻璃面板下方其实还有一个金属框架，而为了保证无线充电，金属框架也被挖出了一个区域。
39 9 4 3 3
从这个角度来看，加入后置指纹识别，会让iPhoneX的重量、厚度再上一个台阶！
3
39 7 4 1 3
作为一项“重要”更新，iPhoneX支持无线充电，手机背部玻璃面板下方就是无线充电线圈，这显然没有给指纹识别留下空间（除非继续增加手机厚度）。
39 8 4 2 3
通过此前拆解，可以看到在玻璃面板下方其实还有一个金属框架，而为了保证无线充电，金属框架也被挖出了一个区域。
39 9 4 3 3
从这个角度来看，加入后置指纹识别，会让iPhoneX的重量、厚度再上一个台阶！
2
39 10 5 1 2
此外，iPhoneX采用了“双层主板”+“双电池”的内部设计，可以说苹果为了充分利用有限空间已经是绞尽脑汁了。
39 11 5 2 2
如果再挤进去一个指纹识别…我的天呐！
3
39 17 8 1 3
最后再来展望一下，有没有“不打孔”的指纹识别？有屏下指纹解锁，目前高通已经推出了这一解决方案，此前笔者在展会上也体验过某些OEM厂商准备的“原型机”。
39 18 8 2 3
讲真，诸如超声波等屏下指纹解锁方案还不够成熟，反应速度、延迟让人难以接受。
39 19 8 3 3
想象一下，手机解个锁要等上三四秒你就明白了！所以从目前来看，面部识别是一种值得推广的解锁技术，当然如果能够与指纹识别并存就更好了！两者相互弥补，像戴手套无法解锁、手指潮湿无法解锁的尴尬就不存在了。
3
39 17 8 1 3
最后再来展望一下，有没有“不打孔”的指纹识别？有屏下指纹解锁，目前高通已经推出了这一解决方案，此前笔者在展会上也体验过某些OEM厂商准备的“原型机”。
39 18 8 2 3
讲真，诸如超声波等屏下指纹解锁方案还不够成熟，反应速度、延迟让人难以接受。
39 19 8 3 3
想象一下，手机解个锁要等上三四秒你就明白了！所以从目前来看，面部识别是一种值得推广的解锁技术，当然如果能够与指纹识别并存就更好了！两者相互弥补，像戴手套无法解锁、手指潮湿无法解锁的尴尬就不存在了。
1
51 1 1 1 1
今年最热门的iPhoneX比起之前几代苹果手机有了重大的变化，取消物理Home键和指纹识别，启用全新的OLED全面屏，搭载人脸识别和无线充电，虽然很多预订iPhoneX的果粉还没拿到手机，但这不妨碍大家期待明年的iPhone还会有什么惊喜，而最近也有许多关于苹果手机未来的传闻。
2
51 7 7 1 2
iPhoneX用人脸识别取代了传统的指纹识别，不过依然有不少人怀念指纹识别。
51 8 7 2 2
凯基证券的分析师郭明池也提到苹果正在致力于研究屏下指纹识别技术，如果能够实现，新的iPhone将能同时拥有指纹识别和面部识别。
2
51 7 7 1 2
iPhoneX用人脸识别取代了传统的指纹识别，不过依然有不少人怀念指纹识别。
51 8 7 2 2
凯基证券的分析师郭明池也提到苹果正在致力于研究屏下指纹识别技术，如果能够实现，新的iPhone将能同时拥有指纹识别和面部识别。
3
56 8 4 2 5
他们的办法是在一个房间安装多个不同角度摄像头，人进去几秒钟就能采集完毕，这些照片将被算法处理，用于制作一个3D面具。
56 9 4 3 5
虽然破解了FaceID，但他们认为面部识别依旧比指纹识别更安全。
56 10 4 4 5
从远处捕捉照片比获得指纹容易，但这仍然是一个非常复杂的复制过程，普通用户不需要担心。
2
85 31 13 1 2
2013年，iPhone5s开始引领正面按压式指纹识别手机风潮。
85 32 13 2 2
2014年iPhone6真正让“抢购iPhone”成了一种现象级的狂欢。
3
92 35 17 1 3
iPhoneX取消了Home键，采用了面部识别FaceID，那这个面部识别到底好不好用呢？从笔者目前的使用情况来看，iPhoneX面部识别的表现尚可。
92 36 17 2 3
虽然相比于已经成熟的第二代指纹识别，FaceID在速度上并没有优势，但使用起来更显得自然。
92 37 17 3 3
而且iOS系统之后的更新一定会基于iPhoneX进行，所以在这方面来看，FaceID面部识别的速度和安全性都是无需考虑的问题。
2
98 26 12 1 2
FaceID的出现让我们认识到了一种新的手机解锁方式，但这同时也让我们不得不放弃TouchID上的指纹识别方式，FaceID+TouchID的双识别方案一时间成了大家对未来iPhone发展的愿望，不过这对于高屏占比的iPhoneX而言显然是矛盾的。
98 27 12 2 2
那么，苹果在未来真的拿不出两全其美的iPhone吗？从目前网络上曝光的消息看，这倒是未必。
2
98 28 13 1 5
在FaceID推出之前，屏下指纹识别方案是大家猜测苹果今年会在iPhoneX上用于替换TouchID+Home键的最佳方案，但出于开发与专利上的原因，所以屏下指纹识别无缘与我们见面。
98 29 13 2 5
不过，从外媒IDB的猜测看，今年5月、9月苹果在美国专利和商标局申请并通过了编号为NO。
2
98 35 14 3 4
而后两项专利表明，苹果将会通过超声波脉冲传感器探测用户手指输入的压力，从而通过超声波元件来获得用户手指触摸的压力和超声波信号，而这枚超声波传感器可以适用于屏幕表面或下方，所以这枚传感器将可能会被堆叠在3DTouch面板的下方。
98 36 14 4 4
看来，今年的iPhone虽然无缘屏下指纹识别，但拥有双认证方式的iPhone在未来也并非不可能。
