28 13 6 1 3
背面来看，苹果的三款新手机都采用了双面玻璃+金属边框的设计，但是iPhoneX的摄像头降噪麦克和闪光灯集成在于一起。
28 14 6 2 3
三款手机拍照对比之下，iPhoneX的画面相当纯净，而iPhone8和iPhone8Plus都有不同程度的噪点，经过实测发现，iPhone8Plus在这种暗光环境下有很大几率不开启长焦镜头，因为长焦镜头没有光学防抖会更加模糊，但相比iPhone7Plus有小小的提升，能够接受的弱光程度比之前强了。
28 15 6 3 3
而iPhoneX则毫不犹豫地开启了长焦镜头，长焦端有OIS光学防抖就是任性，画质就说明了一切。
28 13 6 1 3
背面来看，苹果的三款新手机都采用了双面玻璃+金属边框的设计，但是iPhoneX的摄像头降噪麦克和闪光灯集成在于一起。
28 14 6 2 3
三款手机拍照对比之下，iPhoneX的画面相当纯净，而iPhone8和iPhone8Plus都有不同程度的噪点，经过实测发现，iPhone8Plus在这种暗光环境下有很大几率不开启长焦镜头，因为长焦镜头没有光学防抖会更加模糊，但相比iPhone7Plus有小小的提升，能够接受的弱光程度比之前强了。
28 15 6 3 3
而iPhoneX则毫不犹豫地开启了长焦镜头，长焦端有OIS光学防抖就是任性，画质就说明了一切。
71 1 1 1 1
来自国外网友DanProvost的实际测试表明，iPhoneX的长焦镜头在低光环境下可以更好的工作，它甚至可以在iPhone7Plus所需的四分之一光线环境下工作。
71 2 2 1 1
即使是经常使用苹果手机的朋友可能也不一定知道，iPhone在拍照时会自行决定长焦镜头的使用时机，即便是您已经在相机应用程序中选择了它。
71 3 3 1 1
iPhone拍照在放大到2倍时，相机并不总是切换到长焦镜头，在某些情况下（通常是光线较暗的情况下），您将会看到来自广角镜头的裁剪图像。
71 5 5 1 1
长焦镜头使用了更小的光圈，因此需要更多的光线，所以苹果让iPhone自身来判定光线是否足够，从而启动长焦镜头。
71 6 6 1 1
为了看看iPhoneX长焦镜头的表现，DanProvost使用了上代旗舰iPhone7Plus和IPX来进行对比测试。
71 9 9 1 1
从一个完全黑暗的房间开始，DanProvost缓慢地提高了光线水平，并观察了长焦镜头在每台相机上的开启时间。
71 10 10 1 1
结果表明两代旗舰的差距很明显，iPhoneX在16lux的光线亮度环境下开启了长焦镜头，而iPhone7Plus则需要88lux。
71 11 11 1 1
DanProvost表示，iPhoneX的长焦镜头改进明显，在他使用的几个星期中，他的手机很少出现之前的2倍裁剪照片了。
92 74 39 1 2
可以看到，iPhoneX的画面相当纯净，而iPhone8和iPhone8Plus都有不同程度的噪点，经过实测发现，iPhone8Plus在这种暗光环境下有很大几率不开启长焦镜头，因为长焦镜头没有光学防抖会更加模糊，但相比iPhone7Plus有小小的提升，能够接受的弱光程度比之前强了。
92 75 39 2 2
而iPhoneX则毫不犹豫地开启了长焦镜头，长焦端有OIS光学防抖就是任性，画质就说明了一切。
92 74 39 1 2
可以看到，iPhoneX的画面相当纯净，而iPhone8和iPhone8Plus都有不同程度的噪点，经过实测发现，iPhone8Plus在这种暗光环境下有很大几率不开启长焦镜头，因为长焦镜头没有光学防抖会更加模糊，但相比iPhone7Plus有小小的提升，能够接受的弱光程度比之前强了。
92 75 39 2 2
而iPhoneX则毫不犹豫地开启了长焦镜头，长焦端有OIS光学防抖就是任性，画质就说明了一切。
