6
78 33 13 1 3
此次预算案虽然旨在改善英国经济的中长期增长动力，但是其短期经济风险仍是市场关注的焦点。
78 34 13 2 3
各方预计，2017年英国经济增速将下降至1.5%，而且这并非谷底。
78 35 13 3 3
即使得到英国政府新预算案的支持，英国预算责任办公室仍然预测2018年英国经济增速将下降至1.4%，2019年和2020年将进一步下探至1.3%。
78 36 14 1 3
令市场欣慰的是，虽然面临经济增长困境且新预算案加大了政府开支，但英国财政健康度将在近期有所提升。
78 37 14 2 3
预计周期调整后公共部门借款占GDP规模将在今年达到峰值的2.3%，并在2018年和2019年下降至1.8%和1.5%；债务占GDP比重也将从2017年的86.5%，至2022年、2023年逐步下滑至79.1%。
78 38 14 3 3
(经济日报驻伦敦记者蒋华栋)
4
45 1 1 1 1
周三（11月29日）英镑周三涨至两个月高位，此前欧盟外交官称，英国就脱欧事宜已经向欧盟要求“靠拢”，但关键问题仍存分歧的忧虑限制英镑涨幅。
45 2 2 1 2
有位英国政府官员质疑《每日电讯报》有关英国脱欧分手费最终的金额可能在450-550亿欧元之间的报道。
45 3 2 2 2
投资者将此分手费金额看做是一个压力释放，提振英镑从周二低位大涨逾1.5%，自10月初以来首次升至1.34美元之上。
45 4 3 1 1
ColumbiaThreadneedleInvestments副全球首席信息官MarkBurgess称，“昨晚的消息明显是个好消息，如果未来30-40年支付约400或者500亿欧元，换来一个好的贸易协议，那么英国经济前景将好于之前，但我仍认为脱欧将产生负面影响。”
2
27 12 6 1 2
11月28日，英国央行公布一份针对英国7家银行的金融稳定报告称，“无协议脱欧”很可能会打击英国经济增长，并导致英镑暴跌，但英国的银行届时能够应对难题。
27 13 6 2 2
英国央行行长卡尼称，英国最大几家银行都通过了银行系统压力测试，同时各方正在努力避免“无协议脱欧”。
3
78 6 3 1 3
哈蒙德表示，未来英国经济的发展充满了变数，既有机遇也有挑战。
78 7 3 2 3
变数来源之一就是脱欧谈判。
78 8 3 3 3
他表示，当前谈判处于关键期，英国致力与欧盟建立深入的特殊伙伴关系，但是也必须对所有可能的结果作好充分准备。
2
67 6 2 2 2
英国政府表示，这一宣布是对脱欧后英国经济增长巨大的信心投票。
67 7 3 1 2
就在几天前，官方预测机构预算责任办公室宣布大幅下调英国经济增速和生产率预期。
5
1 6 5 1 2
继１１月份英国央行加息之后，英国工业联合会预计未来还会有三次加息，各上调２５个基点，可能分别在２０１８年第三季度、２０１９年第二季度和第三季度。
1 7 5 2 2
尽管届时基准利率将达到１．２５％的水平，但央行４３５０亿英镑的资产购买计划仍将持续，因此货币政策在预测期内仍将保持宽松。
1 8 6 1 3
该机构还称，英国居民消费价格指数已于１０月达到３％的高点，此后通胀率将逐步下降。
1 9 6 2 3
不过，工资增长率估计只会温和回升，民众生活将继续承压。
1 10 6 3 3
脱欧谈判可能的混乱结果会进一步扰乱经济和金融市场，英国经济依然面临很高的下行风险。
5
78 9 4 1 2
此次秋季预算案显示，当前英国为确保脱欧过渡期稳定已经投入了7亿英镑，并计划在未来两年内继续投入30亿英镑。
78 10 4 2 2
哈蒙德表示，如果未来事态发展超出预期，财政部将随时增加相关开支以应对脱欧冲击。
78 11 5 1 1
如果说，上述资金准备是应对脱欧不确定性冲击的短期计划，此次预算案的核心则是通过大规模政府开支，建立适应当前产业革命需要的英国经济，着眼脱欧之后的长期发展需要。
78 12 6 1 2
哈蒙德表示，当前全球经济处于新一轮技术变革时期，英国再次处于技术变革的前沿。
78 13 6 2 2
此次预算案将重点巩固英国的技术优势，建立专业人才储备，并提高总体劳动生产率。
7
81 1 1 1 1
金融危机以来最大幅度的经济增速下修，令英国脱欧后的首份预算案蒙上阴影。
81 2 2 1 1
英国预算责任办公室（OBR）将今年该国经济增长预期从此前的2%大幅下调到1.5%。
81 3 3 1 1
同时，英国财政大臣哈蒙德（PhilipHammond）承诺，将通过一揽子投资、改革和首次购房者的税收减免来稳定和修复英国房地产市场。
81 4 4 1 3
除了将今年经济增速从2%调降到1.5%，OBR对未来几年英国的经济增长预测也要比今年3月时悲观得多。
81 5 4 2 3
该机构预测到2020年英国经济增速将继续回落到1.3%，2021年再升到1.5%。
81 6 4 3 3
今年3月，该机构曾预测2021年英国经济增速将达到2.1%。
81 7 5 1 2
OBR预测称，因为生产力增长放缓，未来5年英国经济增速都将大幅放缓。
3
1 1 1 1 1
新华社伦敦１２月４日电（记者温希强）英国工业联合会４日发布的最新英国经济预测显示，受到脱欧不确定性等因素影响，英国２０１８年经济增长仍将低迷，至２０１９年英国央行还将加息三次。
1 2 2 1 1
该机构预计，截至２０１９年底，英国季度国内生产总值环比增速将低于０．３％，几乎是２０１３年以来的一半。
1 3 3 1 1
据预测，２０１７年和２０１８年英国国内生产总值将都增长１．５％，２０１９年增速将降至１．３％。
4
14 1 1 1 3
最近数月英镑的韧性令人影响深刻。
14 2 1 2 3
虽然英国国内政治动荡不安，脱欧谈判艰难，且增长疲弱，但英镑依然广泛持稳。
14 3 1 3 3
英国脱离欧盟后英国经济前景面临巨大的不确定性，但对于英镑前景有理由谨慎乐观。
14 4 2 1 2
英镑的本周表现抢眼，因英国与欧盟的分手费已经达成一致，且英国与爱尔兰就边境问题达成一项协议。
2
30 9 7 1 1
因此英镑兑美元年底目标1.36-1.37有望达成，且明年料涨至1.40上方，因共识预期显示未来数年英国经济表现疲软，但该行认为共识预期过于悲观，英国经济增长料强于共识预期。
30 10 8 1 2
当前英镑可能仍受支撑。
4
76 23 15 1 1
另外，为了保证英国经济未来的竞争力，哈蒙德宣布将投入23亿英镑用于研发。
76 24 16 1 3
哈蒙德还宣布，英国还将在未来两年额外拨出30亿英镑为脱欧做准备，以备不时之需。
76 25 16 2 3
但这对英国财政部来说并非易事，因为经济增长放缓意味着国家税收收入减少，财政赤字压力骤然增加。
76 26 16 3 3
毕竟，英国到目前为止已为脱欧投入了7亿英镑。
5
12 7 4 2 3
这项在线调查由英国一家调查公司(Survation)开展，自11月30日至12月1日期间，一共采访了1003名英国成年人。
12 8 4 3 3
有竞选分析师在Twitter上表示，这是民意调查人员“首次为第2次英国脱欧公投提供数据支持”。
12 9 5 1 1
自2016年公投以来，英国脱欧的高调反对者——从法国总统马克龙，到英国前首相布莱尔，以及亿万富翁投资者乔治•索罗斯(GeorgeSoros)——都暗示，英国可能会改变主意，以避免对英国经济造成灾难性影响。
12 10 6 1 2
布莱尔亦在周日(12月3日)对英国广播公司(BBC)表示，英国很有可能会改变脱离欧盟的想法。
12 11 6 2 2
“这(英国脱欧)其实是可逆的，”布莱尔表示，“而且，英国政府寻求谈判的可能性是不存在的，他们试图通过谈判摆脱单一市场的困境，同时又想重新创造所有的好处。这根本不会发生。”（编译/海外网刘亚伟）
2
1 4 4 1 2
该机构首席经济学家雷恩·牛顿－史密斯表示，继２０１７年经济放缓后，２０１８年英国经济仍将低迷。
1 5 4 2 2
“预计国内需求将继续疲软，家庭支出将继续承受实际工资下降的压力，而脱欧的不确定性将继续对商业投资形成障碍。”他表示，“政府新公布的产业发展战略将有助于缓解经济下滑的压力，但这需要一个成功的脱欧协议配合。”
3
23 1 1 1 1
英国“脱欧”谈判的欧洲联盟首席代表米歇尔·巴尼耶２９日警告欧盟企业，无论谈判结果如何，与“脱欧”后的英国做生意难免会有摩擦，而英国经济将损失更多。
23 2 2 1 2
巴尼耶２９日在德国首都柏林面见德国企业界人士。
23 3 2 2 2
德国商界普遍担忧英国“脱欧”带来负面影响，源于英国是德国第三大出口目的国家和第五大贸易伙伴。
4
20 4 3 2 2
北京时间1日8时06分，英镑对美元汇率报1.3532美元，涨幅0.12%。
20 5 4 1 2
FXTM富拓分析师AlexGurr指出，真正的关键位在1.3588美元，这是多头想要攻占的目标。
20 6 4 2 2
如果空头重获控制权并推动该汇率下跌，那么初步支撑位在1.3339美元，然后是1.3256美元。
20 7 5 1 1
他认为，市场目前仍在观望英国经济接下去的表现，因为双方会展开某些类型的贸易谈判，预计谈判结果得到真正落实会耗时很久，英镑对美元汇率将继续震荡前行。
3
74 1 1 1 1
参考消息网11月24日报道法媒称，英国经济面临脱欧冲击以及生产力低于预期这一状况之际，当局明显下调从2017年到2021年的增长预期。
74 2 2 1 1
据法新社11月22日报道，22日，英国财政大臣菲利普·哈蒙德在提交预算案时公布了预算责任司的新预测。
74 3 3 1 2
预算责任司对2017年至2021年经济活动的看法显然更加悲观。
2
61 12 1 12 21
事实上，英国硬脱欧伴随全球经济严重萧条，不当行为成本加大，都会导致银行资本缓冲大幅削减，拖累英国经济。
61 13 1 13 21
在这之后随即而来的是一年内反周期资本缓冲增加，为抵御宏观经济风险，资本充足率从0.5%的提高幅度将上调至1.0%。
2
81 11 7 1 2
鉴于今年第三季度英国经济表现好于市场预期，这样幅度的下调多少令外界有些意外。
81 12 7 2 2
英国国家统计局的数据显示，得益于英国服务业和制造业的良好表现，今年第三季度英国经济增长0.4%，高于第二季度的0.3%。
4
42 23 11 1 1
在这一新战略中，政府虽然主要通过与企业合作的方式参与经济活动，但是特雷莎·梅政府国家干预的主张非常明显。
42 24 12 1 3
产业战略是特雷莎·梅自2016年年中上任以来一直强调的施政纲领。
42 25 12 2 3
通过更为强势的政府干预，提高经济的效率和实现公平是这一战略的指导思想。
42 26 12 3 3
正如首相梅在战略文件中所说：“英国政府在必要的时候要以政府战略干预方式介入英国经济发展，确保经济的稳健和公平。”
2
30 13 10 1 1
英国与欧盟就分手费达成初步协议的消息几未影响英国经济，但对于已将大量利空计价在内的英镑而言，二者谈判的破冰具有深远的政治影响。
30 14 11 1 1
英国和欧盟将就脱欧过渡协议达成君子协定，对英镑而言将是较大的利好触发器，因此对年底将涨至1.36的目标更有信心。
2
76 12 8 1 1
哈蒙德坚持称，英国经济“处于一个转折点”，他承诺预算案中的投资部分将有助于创造“一个充满新机遇的未来”。
76 13 9 1 2
在预算案中，哈蒙德还宣布了一系列稳定英国楼市的新政。
3
47 4 2 2 2
而在英国方面，反对党议员强烈质疑分手费的支付，认为这证明，脱欧派在公投前欺骗了选民，在脱欧派的竞选活动中，他们向选民承诺的是每年可以省下多少钱，投入到国内的医疗和教育等公共领域，而不是在英国经济持续低迷的时期，向欧盟支付数百亿英镑的分手费。
47 5 3 1 2
12月底前，英国和欧盟有望结束第一阶段共7个轮回的脱欧谈判，如果英国和欧盟在分手费和北爱边境检查以及欧盟在英移民的权益上达成协议，脱欧谈判有望推进到第二阶段，也就是针对英欧贸易关系展开谈判。
47 6 3 2 2
（央视记者孔琳琳）
5
76 1 1 1 1
金融危机以来最大幅度的经济增速下修预期，令英国脱欧后的首份预算案蒙上阴影。
76 2 2 1 1
英国预算责任办公室（OBR）将今年该国经济增长预期从此前的2%大幅下调到1.5%。
76 3 3 1 1
同时，英国财政大臣哈蒙德承诺，将通过一揽子投资、改革和首次购房者的税收减免来稳定和修复英国房地产市场。
76 4 4 1 2
除了将今年经济增速从2%调降到1.5%，OBR对未来几年英国的经济增长预测也要比今年3月时悲观得多。
76 5 4 2 2
该机构预测，到2020年，英国经济增速将继续回落到1.3%，2021年反弹到1.5%，相比之下，该机构今年3月的预测是，英国经济增速到2021年将达到2.1%。
4
91 14 5 5 5
政界被分裂成了主要由工党和民主党代表的软脱欧派，与主要由保守党代表的硬脱欧派，两派在制定脱欧政策方面一直僵持不下。
91 15 6 1 5
而这种僵局对欧盟是有利的。
91 16 6 2 5
任何一个想要把英国的商业资源吸引到自己境内的欧盟国家都会想尽办法拖延脱欧谈判。
91 17 6 3 5
脱欧进程越不确定，商界对英国经济的信心就越受挫，也越有可能离开英国转移至欧洲。
3
77 6 6 1 1
哈蒙德在22日的预算报告中调低了英国GDP增长预期，预计2017年为1.4%，低于春季预算预测的2.2%；2018年为1.7%，低于此前的2.1%；2019年和2020年则与此前预测维持一致，均为2.1%；2021年为2%。
77 7 7 1 2
同日，独立的预算责任办公室（OBR）发布的增长前景更为悲观。
77 8 7 2 2
OBR大幅下调了此前增长预测，预计今年经济增长仅1.5%，明年增长率将下滑至1.4%，2019年为1.3%，这将是自2009年金融危机之后英国经济增长的最低水平。
5
78 1 1 1 2
此次预算案的核心是通过大规模政府开支，建立适应当前产业革命需要的英国经济，着眼脱欧之后的长期发展需要。
78 2 1 2 2
重点巩固英国的技术优势，建立专业人才储备，并提高总体劳动生产率。
78 3 2 1 3
日前，英国财政大臣哈蒙德公布了最新秋季预算。
78 4 2 2 3
此次预算不仅是英国新政府的首份预算，也是脱欧谈判关键时期的首份秋季预算。
78 5 2 3 3
因此，新政府如何应对脱欧之后英国经济的未来发展成为此次预算的核心主题。
4
76 6 5 1 2
OBR称，由于生产力增长放缓，未来5年英国经济增速将大幅放缓。
76 7 5 2 2
这样的预测也意味着，英国家庭可能面临薪酬水平增长前所未有的长时间停滞。
76 8 6 1 2
OBR主席乔特称，经济增长乏力将限制生活水平的提高。
76 9 6 2 2
相关机构测算，英国的薪酬水平到2020年中才能恢复到2008年时的水平，这是前所未有的。
2
76 10 7 1 2
鉴于今年第三季度英国经济表现好于市场预期，如此幅度的预期下调多少令外界有些意外。
76 11 7 2 2
英国国家统计局的数据显示，得益于英国服务业和制造业的良好表现，今年第三季度英国经济增长0.4%，高于第二季度的0.3%。
2
81 13 8 1 1
哈蒙德坚持称，英国经济“处于一个转折点”，他承诺预算案中的投资部分将有助于创造“一个充满新机遇的未来”。
81 14 9 1 2
在预算案中，哈蒙德宣布了一系列稳定英国楼市的新政。
