城市 0.0 0.313626265085 0.105263157895 0.289925184343 0.906298757889 0.641987454494 0.0185185185185 0.0
2016年 0.0 0.19387805478 0.157894736842 0.296475079403 0.966469997503 0.662826079385 0.0 0.0
明确 0.0 0.168333802748 0.105263157895 0.212177324763 0.950287579243 0.552384713918 0.0 0.0
中心 0.0 0.305834943675 0.105263157895 0.446444195601 0.924626436136 0.72753817279 0.0185185185185 0.0
独家 0.0 0.233077573036 0.105263157895 0.160527552579 0.716531130798 0.549081398404 0.00925925925926 0.0
疾病 0.0 0.234147815783 0.105263157895 0.364069138827 0.972138208537 0.734646952369 0.0 0.0
证券 0.0 0.209688504288 0.105263157895 0.122280934305 0.6945755392 0.570451574266 0.0 0.0
国际 0.0 0.152580094932 0.105263157895 0.275907971432 0.984736079387 0.670192651252 0.0 0.0
疫苗 0.0 0.0 0.105263157895 0.310206162928 0.98060449906 0.995182156989 1.0 0.0
国内 0.0 0.323287827249 0.105263157895 0.307041060351 1.0 0.749697750609 0.0185185185185 0.0
疾控 0.0 0.268678396971 0.105263157895 0.518452840046 0.889033823853 0.685585152125 0.00925925925926 0.0
之前 0.0 0.155727186655 0.105263157895 0.515236103144 0.856297967658 0.598100519501 0.0 0.0
成人 0.0 0.222697316308 0.105263157895 0.433293239415 0.919519078116 0.492833604173 0.00925925925926 0.0
已经 0.0 0.268418089103 0.105263157895 0.344444290391 0.956483341624 0.795958642818 0.0 0.0
8月 0.0 0.182576701596 0.0 0.452353006895 0.919190475262 0.601785252537 0.0 0.0
美年 0.0 0.31755052412 0.105263157895 0.474868178242 0.454516162303 0.536691444133 0.0277777777778 0.0
减少 0.0 0.162903821085 0.105263157895 0.616505006691 0.797389025444 0.468305750528 0.0 0.0
主任 0.0 0.220964281239 0.105263157895 0.374783642254 0.838696769818 0.574119262684 0.0 0.0
阿里 0.0 0.201019247788 0.105263157895 0.294286740566 0.882525763458 0.488187529454 0.0 0.0
取得 0.0 0.181700415825 0.105263157895 0.133196982957 0.935028505906 0.522140445055 0.00925925925926 0.0
默沙 0.0 0.300714567334 0.105263157895 0.182864197595 0.897399762553 0.442437284121 0.00925925925926 0.0
目前 0.0 0.180549941163 0.105263157895 0.326186374557 0.99119343354 0.835549206917 0.0 0.0
妇科 0.0 0.163835479789 0.105263157895 0.226637113418 0.92950543945 0.505777707563 0.0 0.0
群体 0.0 0.186364003813 0.105263157895 0.611746456859 0.913178089703 0.431963928742 0.0 0.0
包括 0.0 0.202541609903 0.105263157895 0.295774728644 0.985211695665 0.720811195735 0.0 0.0
定期 0.0 0.170693893862 0.105263157895 0.403524552198 0.876600331184 0.477110587972 0.00925925925926 0.0
男性 0.0 0.352005435455 0.105263157895 0.575622733104 0.864954773825 0.639760762481 0.00925925925926 0.0
人员 0.0 0.291346966295 0.105263157895 0.324224880819 0.904384197397 0.62533263821 0.0 0.0
推荐 0.0 0.204971281967 0.105263157895 0.36805725712 0.914044365446 0.595544427534 0.0 0.0
成为 0.0 0.183838674583 0.105263157895 0.293386208549 0.970204384587 0.668314238161 0.0 0.0
生物 0.0 1.0 0.105263157895 0.159066720025 0.841749270905 0.794932760919 0.175925925926 0.0
发病 0.0 0.215513531911 0.105263157895 0.543053823017 0.814766885318 0.565863175246 0.0 0.0
风险 0.0 0.204000019493 0.105263157895 0.449853131827 0.924182918355 0.595783014081 0.00925925925926 0.0
年轻 0.0 0.194087549589 0.105263157895 0.544990147078 0.856660722131 0.542298119678 0.00925925925926 0.0
妇女 0.0 0.212775868508 0.105263157895 0.491156314015 0.874470873731 0.609054020552 0.0 0.0
批准 0.0 0.204695872053 0.105263157895 0.417125336085 0.95363322103 0.633071886139 0.00925925925926 0.0
发展 0.0 0.202609728507 0.105263157895 0.165058194958 0.964367710816 0.599931856262 0.0 0.0
进行 0.0 0.236099233656 0.105263157895 0.355209851916 0.978083871808 0.818674954084 0.0 0.0
财经 0.0 0.213953488372 0.105263157895 0.1660169524 0.763578910678 0.314327678405 0.0 0.0
筛查 0.0 0.353964512673 0.105263157895 0.414377992488 0.86813851267 0.703877502866 0.00925925925926 0.0
进口 0.0 0.305160189863 0.105263157895 0.250197790243 0.941770828017 0.512976847644 0.0277777777778 0.0
基因型 0.0 0.320641398111 0.263157894737 0.436507151808 0.682277556448 0.479850855733 0.0 0.0
有效 0.0 0.201978749843 0.105263157895 0.262024876605 0.969556382533 0.650757911362 0.0 0.0
希瑞适 0.0 0.285472435679 0.263157894737 0.362876700849 0.949372280603 0.63393570466 0.0 0.0
在线 0.0 0.209169546707 0.105263157895 0.21992232522 0.833679816306 0.508673714577 0.00925925925926 0.0
社区 0.0 0.398991604879 0.105263157895 0.435331690064 0.894776474084 0.595164935171 0.0185185185185 0.0
性生活 0.0 0.216687237695 0.263157894737 0.510254897212 0.834968978299 0.550414081388 0.0 0.0
年龄段 0.0 0.162087782806 0.263157894737 0.334436885968 0.939785370891 0.569200044541 0.0 0.0
增加 0.0 0.191955603301 0.105263157895 0.433927201572 0.968368775035 0.523592894787 0.0 0.0
接受 0.0 0.182503952472 0.105263157895 0.351804077654 0.907281351246 0.600556657087 0.0 0.0
基础 0.0 0.171170764716 0.105263157895 0.330780390955 0.987331603421 0.454184332538 0.0 0.0
显示 0.0 0.224680059079 0.105263157895 0.350160884126 0.982572230447 0.603867504977 0.0 0.0
湖南省 0.0 0.227156045431 0.263157894737 0.565948725169 0.728184321881 0.560630133409 0.0 0.0
医学 0.0 0.187155851389 0.105263157895 0.534620523932 0.909967910203 0.596462949185 0.0 0.0
协议 0.0 0.291131324383 0.105263157895 0.191242367184 0.699614127649 0.537968963113 0.00925925925926 0.0
中标 0.0 0.19868641056 0.105263157895 0.162665307329 0.86538793005 0.571455114112 0.0 0.0
工作 0.0 0.316053563863 0.105263157895 0.211147375206 0.955037031715 0.735327042373 0.00925925925926 0.0
乳头瘤 0.0 0.167019741577 0.263157894737 0.289033252143 0.972687931664 0.395802459375 0.00925925925926 0.0
年龄 0.0 0.291758792503 0.105263157895 0.483781716847 0.897698844387 0.680636995108 0.0 0.0
医院 0.0 0.355179336786 0.105263157895 0.383389247718 0.898531198426 0.790290600416 0.0277777777778 0.0
企业 0.0 0.217580914675 0.105263157895 0.194025819075 0.878653329108 0.652228703706 0.0 0.0
讨论 0.0 0.135688383126 0.105263157895 0.166841073239 0.802690613127 0.101816923309 0.0 0.0
昨日 0.0 0.19367550621 0.105263157895 0.541978571867 0.727222198794 0.590888939256 0.0185185185185 0.0
持续 0.0 0.199163551186 0.105263157895 0.166261756816 0.941144296699 0.563409358727 0.0 0.0
新发 0.0 0.205713845214 0.105263157895 0.333150572812 0.923515216624 0.408305977037 0.0 0.0
6月 0.0 0.15195729638 0.0 0.444943016876 0.92283795056 0.427585674939 0.0 0.0
达到 0.0 0.176394898064 0.105263157895 0.42689571232 0.952577490161 0.583433277144 0.0 0.0
进展 0.0 0.200243364187 0.105263157895 0.203190181044 0.922626939907 0.51631782459 0.0 0.0
宫颈癌 0.0 0.463132212813 0.263157894737 0.327245290117 0.973096662492 0.934006879141 0.648148148148 0.0
陆续 0.0 0.212854792812 0.105263157895 0.377194916168 0.953357886595 0.595214120318 0.0277777777778 0.0
了解 0.0 0.2042021406 0.105263157895 0.456307081731 0.949426397681 0.584973858117 0.037037037037 0.0
用于 0.0 0.171501946855 0.105263157895 0.279389685844 0.965265784886 0.485202009745 0.0 0.0
护士 0.0 0.423400698826 0.105263157895 0.537262465368 0.646158585856 0.648807367831 0.0 0.0
亚型 0.0 0.306867259352 0.105263157895 0.493019009855 0.896953339088 0.577412092803 0.0 0.0
需求 0.0 0.2 0.105263157895 0.28944666539 0.96483338069 0.610372112454 0.0 0.0
种类 0.0 0.162903821085 0.105263157895 0.538415767586 0.859115465836 0.38823342897 0.0 0.0
消息 0.0 0.167153026019 0.105263157895 0.437339411539 0.943851807061 0.613517050894 0.0277777777778 0.0
18型 0.0 0.218604651163 0.0526315789474 0.41222884628 0.923544722332 0.486023646347 0.0 0.0
不良 0.0 0.250621263207 0.105263157895 0.307319311644 0.860195317112 0.52959203292 0.0 0.0
主要 0.0 0.217427841525 0.105263157895 0.459741875872 0.94555970125 0.684837854298 0.0 0.0
重庆 1.0 0.226801263249 0.105263157895 0.236423512562 0.918055485457 0.587335642577 0.0185185185185 0.0
影响 0.0 0.170536392583 0.105263157895 0.327735157899 0.983783917779 0.599251207222 0.0 0.0
湿疣 0.0 0.182039421988 0.105263157895 0.513307129128 0.892925594247 0.497556215027 0.0 0.0
发现 0.0 0.208163285197 0.105263157895 0.454239337782 0.900288704528 0.650644885362 0.0 0.0
至少 0.0 0.181282556806 0.105263157895 0.576735688764 0.912691381147 0.526788282936 0.0 0.0
大陆 0.0 0.319542110589 0.105263157895 0.189320471526 0.852006573314 0.479611631068 0.00925925925926 0.0
肿瘤 0.0 0.216916566955 0.105263157895 0.341965989873 0.858253752518 0.646814952955 0.0 0.0
广州 1.0 0.268364165491 0.105263157895 0.58789415451 0.889751299964 0.659868114841 0.037037037037 0.0
地区 0.0 0.193559370103 0.105263157895 0.351067000502 0.985625011533 0.653658239436 0.00925925925926 0.0
专家 0.0 0.260465116279 0.105263157895 0.344932548292 0.904147316529 0.682274323582 0.00925925925926 0.0
5月 0.0 0.13169632353 0.0 0.106753366586 0.934399996088 0.489536726975 0.0 0.0
药品 0.0 0.338062260314 0.105263157895 0.20315477612 0.946513519665 0.55293666341 0.0185185185185 0.0
选择 0.0 0.171170764716 0.105263157895 0.231549627707 0.981890815681 0.665747696791 0.0 0.0
平台 0.0 0.23788979725 0.105263157895 0.364519180588 0.949042312022 0.663038041355 0.0 0.0
四价 0.0 0.31264990457 0.105263157895 0.359951516015 0.98395203228 0.69126241122 0.0925925925926 0.0
程序 0.0 0.20602881796 0.105263157895 0.376138273445 0.945187480367 0.55398036722 0.0 0.0
宫颈 0.0 0.265784681494 0.105263157895 0.33245462995 0.878284875343 0.706181672364 0.0277777777778 0.0
病毒 0.0 0.211732261598 0.105263157895 0.332945219628 0.984664287937 0.748980999197 0.0185185185185 0.0
配送 0.0 0.175971441255 0.105263157895 0.462054503053 0.907563214749 0.571316925522 0.00925925925926 0.0
控制 0.0 0.212740214933 0.105263157895 0.37564839177 0.93315891012 0.457571233549 0.0 0.0
中国 0.0 0.293224305499 0.105263157895 0.269598777415 0.984468565735 0.814279334235 0.037037037037 0.0
监督 0.0 0.16185942572 0.105263157895 0.174096220378 0.926905832134 0.218504094284 0.0 0.0
正式 0.0 0.215633385015 0.105263157895 0.22135714967 0.963066869427 0.614827559998 0.0185185185185 0.0
病例 0.0 0.279725568016 0.105263157895 0.386838383332 0.938653747275 0.536168759596 0.0 0.0
相关 0.0 0.223951466412 0.105263157895 0.31698593319 0.985070979498 0.803556058657 0.0 0.0
云南 0.0 0.250901012067 0.105263157895 0.161978984724 0.85712970972 0.499508959749 0.0277777777778 0.0
市场 0.0 0.550913178936 0.105263157895 0.169014437142 0.919398653382 0.819706987594 0.0925925925926 0.0
表示 0.0 0.308969023774 0.105263157895 0.304273298592 0.992712251626 0.748300898829 0.0 0.0
覆盖 0.0 0.255202428478 0.105263157895 0.48187785784 0.95783626474 0.642667931504 0.0 0.0
项目 0.0 0.20872768427 0.105263157895 0.47477586933 0.923967146267 0.603996305897 0.0 0.0
对象 0.0 0.181282556806 0.105263157895 0.198590882997 0.90261770671 0.430556282609 0.0 0.0
注意 0.0 0.167153026019 0.105263157895 0.302044699649 0.92651283742 0.605799345372 0.0277777777778 0.0
问题 0.0 0.197544485295 0.105263157895 0.358242583174 0.921057624452 0.667794462146 0.00925925925926 0.0
9价 0.0 0.20872768427 0.0 0.417920031174 0.957857137889 0.540988336216 0.00925925925926 0.0
完成 0.0 0.13023255814 0.105263157895 0.1660169524 0.763578910678 0.0431624180648 0.0 0.0
股吧 0.0 0.314492027492 0.105263157895 0.459219131788 0.886903361065 0.807356914906 0.037037037037 0.0
市民 0.0 0.169495483165 0.105263157895 0.29697201913 0.966402187161 0.621178195654 0.0 0.0
计划 0.0 0.22006597395 0.105263157895 0.529681269189 0.952912959248 0.651457617147 0.00925925925926 0.0
机构 0.0 0.209042958535 0.105263157895 0.196616169027 0.981738213268 0.603445518246 0.037037037037 0.0
获得 0.0 0.335051136802 0.105263157895 0.325453236554 0.973207325694 1.0 0.435185185185 0.0
接种 0.0 0.252087041357 0.105263157895 0.205583089084 0.959833742335 0.680139896817 0.0277777777778 0.0
进入 0.0 0.17728955383 0.105263157895 0.337049805644 0.957925710209 0.624547497102 0.0 0.0
情况 0.0 0.382266011949 0.105263157895 0.500742968463 0.931275530321 0.682907615797 0.00925925925926 0.0
二价 0.0 0.437485717128 0.105263157895 1.0 0.0 0.565665468704 0.00925925925926 0.0
马丁 0.0 0.383459577382 0.105263157895 0.395706129606 0.953253959884 0.795698775858 0.0277777777778 0.0
健康 0.0 0.135176397782 0.105263157895 0.45365460405 0.903041933478 0.41127308621 0.0 0.0
参与 0.0 0.210497888126 0.0 0.364827334148 0.881030289837 0.368742803424 0.0277777777778 0.0
9-25 0.0 0.179594609926 0.105263157895 0.404894522636 0.875501962071 0.53683432752 0.0 0.0
降低 0.0 0.28725186212 0.105263157895 0.426646442529 0.928152314654 0.755456266794 0.0 0.0
需要 0.0 0.188287841188 0.105263157895 0.342477392228 0.973385903563 0.599495136033 0.0 0.0
数据 0.0 0.143521287358 0.105263157895 0.303393606127 0.913077347623 0.383490690738 0.0 0.0
死亡 0.0 0.156431959262 0.105263157895 0.206935948505 0.938480040351 0.404648568498 0.0 0.0
高发 0.0 0.325804783888 0.105263157895 0.382425421939 0.922535662529 0.709754526204 0.0277777777778 0.0
门诊 0.0 0.364223452417 0.105263157895 0.130643600829 0.87399099265 0.570780798249 0.0185185185185 0.0
签发 0.0 0.194058653629 0.0 0.489465954635 0.849871411315 0.398881139489 0.0 0.0
HPV6 0.0 0.244838835498 0.105263157895 0.371916617714 0.972245363699 0.743240676779 0.00925925925926 0.0
第一 0.0 0.196877541847 0.105263157895 0.300601459144 0.957464373276 0.594146378682 0.0 0.0
第三 0.0 0.236275731477 0.105263157895 0.464542071934 0.850886800847 0.545593124468 0.0 0.0
怀孕 0.0 0.250878278683 0.105263157895 0.494451822512 0.914109722188 0.747561193283 0.0 0.0
免疫 0.0 0.170134952318 0.105263157895 0.369747201862 0.940686814553 0.583212313715 0.0 0.0
范围 0.0 0.212379325653 0.105263157895 0.106104356629 0.918367827043 0.664811443493 0.00925925925926 0.0
有望 0.0 0.247904647949 0.263157894737 0.28251213496 0.628197228249 0.452628800304 0.0 0.0
招投标 0.0 0.217967975078 0.105263157895 0.330897896159 0.958412202461 0.646595920985 0.0 0.0
超过 0.0 0.132657342655 0.105263157895 0.162404559694 0.826770105594 0.146542221954 0.0 0.0
新浪 0.0 0.236275731477 0.105263157895 0.305617653503 0.867878693168 0.710131719097 0.0 0.0
治疗 0.0 0.247030371755 0.105263157895 0.350059384738 0.942260515173 0.594128265912 0.0 0.0
内地 0.0 0.181282556806 0.263157894737 0.402690641804 0.882093874529 0.574416798119 0.0 0.0
安全性 0.0 0.244248669499 0.105263157895 0.200432245913 0.893671024382 0.239733402338 0.00925925925926 0.0
东四 0.0 0.187484844688 0.263157894737 0.349122652484 0.939104855022 0.464132732271 0.00925925925926 0.0
佳达修 1.0 0.295269569135 0.105263157895 0.356981376912 0.92245513212 0.618412408311 0.0 0.0
病变 0.0 0.147014131537 0.105263157895 0.346680413329 0.926295928356 0.589171982576 0.0 0.0
新闻 0.0 0.216182244423 0.421052631579 0.203830057876 0.829123068281 0.47519985187 0.0 0.0
有限公司 0.0 0.207950945988 0.105263157895 0.337378955282 0.837599797579 0.578786869463 0.0 0.0
行为 0.0 0.20767497172 0.105263157895 0.479857786541 0.894549557103 0.594408484871 0.0 0.0
发生 0.0 0.275922879571 0.105263157895 0.389603921231 0.941662427794 0.662644209528 0.0 0.0
介绍 0.0 0.227935944571 0.105263157895 0.379544288925 0.903983039578 0.657978658497 0.0 0.0
检测 0.0 0.201125648541 0.105263157895 0.313829531379 0.941425361038 0.532561714244 0.0 0.0
世界 0.0 0.231277378212 0.105263157895 0.413735918505 0.944964982136 0.675712441421 0.0185185185185 0.0
价格 0.0 0.181282556806 0.105263157895 0.206752715222 0.954557351053 0.621749881555 0.0 0.0
存在 0.0 0.182566588587 0.105263157895 0.50904215142 0.865981618037 0.617714847162 0.0 0.0
是否 0.0 0.228091829152 0.105263157895 0.364333094141 0.876523843258 0.551111140692 0.0 0.0
效果 0.0 0.319282189217 0.105263157895 0.477551400154 0.918320371786 0.660938661848 0.0 0.0
保护 0.0 0.162087782806 0.105263157895 0.283998047669 0.903610486127 0.578550768618 0.0 0.0
获悉 0.0 0.345225666771 0.105263157895 0.423756535402 0.953964736088 0.721851908596 0.00925925925926 0.0
临床 0.0 0.235677738786 0.105263157895 0.306398387235 0.938961052342 0.643138203633 0.0185185185185 0.0
北京 1.0 0.290727845948 0.105263157895 0.210714074866 0.74859208408 0.658926135408 0.0 0.0
行业 0.0 0.425550375912 0.105263157895 0.344041183366 0.920992342662 0.784817742726 0.0833333333333 0.0
预约 0.0 0.174808179777 0.105263157895 0.43126854349 0.824641625468 0.647930052116 0.0185185185185 0.0
今天 0.0 0.206311344919 0.105263157895 0.38648613568 0.85726699786 0.649753901416 0.0 0.0
生活 0.0 0.215817128381 0.105263157895 0.334082842675 0.987878986585 0.823102745205 0.12962962963 0.0
上市 2.0 0.148259688949 0.105263157895 0.414853478478 0.913004443946 0.410505679187 0.0 0.0
引发 0.0 0.277550330078 0.105263157895 0.522184183683 0.695480200125 0.56463943828 0.00925925925926 0.0
沃森 0.0 0.226760129586 0.105263157895 0.32801834559 0.97229784008 0.671570401899 0.0 0.0
我国 0.0 0.166466992631 0.105263157895 0.496058865456 0.907404590018 0.47560720218 0.0 0.0
每年 0.0 0.209426216536 0.105263157895 0.221478289193 0.948354746943 0.561803331187 0.00925925925926 0.0
供应 0.0 0.200702622947 0.105263157895 0.279533610152 0.987223330256 0.694398358861 0.0 0.0
今年 0.0 0.261474190724 0.105263157895 0.461946162266 0.92709851627 0.712439135935 0.0 0.0
咨询 0.0 0.182473463322 0.578947368421 0.279115075968 0.912983710756 0.525596797054 0.0 0.0
葛兰素史克 0.0 0.200243364187 0.105263157895 0.115721851539 0.72324137572 0.552336837522 0.0 0.0
公告 0.0 0.191955603301 0.105263157895 0.372307259811 0.920414143048 0.608520430452 0.0185185185185 0.0
左右 0.0 0.188178088367 0.105263157895 0.13808168078 0.897612773259 0.325935978096 0.0 0.0
食品 0.0 0.270352795563 0.105263157895 0.475918491312 0.921226879183 0.795285168699 0.0 0.0
时间 0.0 0.296970226734 0.105263157895 0.361419581488 0.956585522378 0.626848173607 0.0 0.0
引起 0.0 0.193316507572 0.105263157895 0.305272790586 0.958737870287 0.651323028998 0.0 0.0
研究 0.0 0.295710750458 0.105263157895 0.412868635091 0.935889740509 0.692616761073 0.0 0.0
预计 0.0 0.213885024033 0.105263157895 0.258913613916 0.975241193738 0.755408820143 0.037037037037 0.0
2017年 0.0 0.157246013746 0.105263157895 0.337403879664 0.94447030636 0.49215728616 0.0 0.0
医疗 0.0 0.215760513785 0.157894736842 0.200984798139 0.932858155265 0.635529880134 0.0 0.0
评论 0.0 0.294619041652 0.105263157895 0.398298311246 0.903876758565 0.694473162486 0.00925925925926 0.0
下午 0.0 0.133126313144 0.105263157895 0.463867534576 0.863159254799 0.388695679719 0.0 0.0
智飞 0.0 0.177206798608 0.105263157895 0.368347730286 0.912123019625 0.596988043374 0.0 0.0
管理 0.0 0.831807614303 0.105263157895 0.167028138338 0.791885835176 0.688671767707 0.148148148148 0.0
销售 0.0 0.200497010565 0.105263157895 0.319425496065 0.956650233237 0.475914766145 0.0 0.0
9月 0.0 0.452629207544 0.105263157895 0.193857010329 0.928118483685 0.740516980295 0.00925925925926 0.0
医生 0.0 0.182297523106 0.0 0.184624295514 0.897096851198 0.56448526461 0.0 0.0
明年 0.0 0.216182244423 0.105263157895 0.452044950793 0.874230459317 0.688318053748 0.0 0.0
记者 0.0 0.182297523106 0.105263157895 0.419793905405 0.885095346716 0.55540090623 0.0277777777778 0.0
预防 0.0 0.288460012426 0.105263157895 0.358467923501 0.967889649606 0.856567119364 0.00925925925926 0.0
体检 0.0 0.203528256445 0.105263157895 0.350808304514 0.977640705455 0.87547390653 0.00925925925926 0.0
全球 0.0 0.273645211854 0.105263157895 0.455623602595 0.665982460177 0.599053648216 0.0 0.0
湖南 0.0 0.242398759213 0.105263157895 0.329790414746 0.993231671614 0.684671674875 0.0 0.0
上午 0.0 0.24105194317 0.105263157895 0.590728202938 0.832041214556 0.617876380405 0.0648148148148 0.0
国家 0.0 0.199939218891 0.105263157895 0.517745894759 0.768607363811 0.565949103043 0.0 0.0
发布 0.0 0.285270671022 0.105263157895 0.326148652797 0.998637063793 0.744881873491 0.0 0.0
试验 0.0 0.165366576136 0.105263157895 0.278640054758 0.986118868316 0.590779986473 0.0 0.0
发病率 0.0 0.219293605306 0.105263157895 0.438192572062 0.92518353605 0.536601205564 0.00925925925926 0.0
全国 0.0 0.19448668248 0.263157894737 0.39725850511 0.865593257783 0.499805349552 0.0 0.0
年底 0.0 0.211155676476 0.105263157895 0.32924262803 0.964192560276 0.639179372758 0.00925925925926 0.0
上海 0.0 0.174808179777 0.105263157895 0.357233711056 0.952629820935 0.47488009787 0.0462962962963 0.0
准备 0.0 0.356090736583 0.105263157895 0.363667243979 0.96211707335 0.703037628009 0.0555555555556 0.0
默沙东 2.0 0.144987380679 0.105263157895 0.294442508235 0.918027234075 0.546487114838 0.00925925925926 0.0
采购 0.0 0.370222303584 0.263157894737 0.16827222739 0.911404712108 0.66173793166 0.0 0.0
严重 0.0 0.31111160314 0.105263157895 0.258673814748 0.949093339954 0.75789516111 0.00925925925926 0.0
香港 0.0 0.176394898064 0.105263157895 0.523619881553 0.869455466833 0.501413115848 0.0 0.0
适合 0.0 0.229634059773 0.105263157895 0.496234054964 0.840634078591 0.642452911118 0.0185185185185 0.0
女性 0.0 0.167441860465 0.105263157895 0.514546053057 0.859079158137 0.578187922905 0.0185185185185 0.0
产品 0.0 0.303437813089 0.105263157895 0.337302320963 0.974269328245 0.850207101116 0.0648148148148 0.0
认为 0.0 0.479499348667 0.105263157895 0.151953088333 0.906132815046 0.732238331644 0.00925925925926 0.0
出现 0.0 0.182473463322 0.105263157895 0.332554210331 0.958069495041 0.634596352629 0.0 0.0
100% 0.0 0.187756933835 0.105263157895 0.371905959208 0.905507910856 0.635847874882 0.0 0.0
代理 0.0 0.159664280407 0.0 0.398556483557 0.925565664275 0.464063783284 0.0 0.0
适用 0.0 0.327670959578 0.105263157895 0.118589130097 0.759257400732 0.569315069927 0.037037037037 0.0
癌症 0.0 0.207121540869 0.105263157895 0.43152797246 0.931384159742 0.519513591511 0.0 0.0
人群 0.0 0.250912561553 0.105263157895 0.273546299111 0.968612982976 0.676550988493 0.0 0.0
11月 0.0 0.264713158214 0.105263157895 0.393918591769 0.949642026254 0.755756629745 0.0 0.0
推广 0.0 0.295077263704 0.0526315789474 0.439242865822 0.942617014095 0.731299238009 0.0462962962963 0.0
HPV16 0.0 0.23435605586 0.105263157895 0.167516699861 0.79521435116 0.481717677526 0.0 0.0
省份 0.0 0.240447080769 0.0526315789474 0.515899478605 0.883659311613 0.482733331716 0.0 0.0
公司 0.0 0.174093070068 0.105263157895 0.244745909188 0.844503805976 0.483141255454 0.0 0.0
美国 0.0 0.753151364753 0.105263157895 0.162842583756 0.92504085872 0.840540109395 0.00925925925926 0.0
感染 0.0 0.17815804618 0.105263157895 0.323437083523 0.967546625644 0.747236228231 0.0277777777778 0.0
高危型 0.0 0.720454817795 0.105263157895 0.355464793442 0.928454771707 0.817858209483 0.00925925925926 0.0
生产 0.0 0.219004742966 0.263157894737 0.191484920369 0.930319711317 0.546427067117 0.0 0.0
单位 0.0 0.18916029351 0.105263157895 0.147451301464 0.907941158645 0.488824503382 0.0 0.0
必要 0.0 0.147014131537 0.105263157895 0.368143839303 0.949030645302 0.551663458315 0.0 0.0
关注 0.0 0.188098909454 0.105263157895 0.413759430096 0.824252104995 0.531755301857 0.0 0.0
系统 0.0 0.17596306373 0.105263157895 0.198714540177 0.972397984847 0.665441280736 0.0 0.0
使用 0.0 0.153961984678 0.105263157895 0.362040303121 0.896377676368 0.479432729029 0.0 0.0
20-45 0.0 0.192567110306 0.105263157895 0.367415240336 0.955728826797 0.706011193798 0.0 0.0
反应 0.0 0.182503952472 0.0526315789474 0.233112653179 0.916329000929 0.433836639347 0.0277777777778 0.0
恶性肿瘤 0.0 0.290394374224 0.105263157895 0.375913924572 0.913511087885 0.622555043357 0.0 0.0
卫生 0.0 0.234361076588 0.421052631579 0.32466129531 0.934713076486 0.528996194877 0.0 0.0
告诉 0.0 0.317975599032 0.105263157895 0.325940120915 0.956950466082 0.631074552868 0.0 0.0
提供 0.0 0.181282556806 0.105263157895 0.405398892227 0.91333555907 0.507906485342 0.0 0.0
导致 0.0 0.197958446697 0.105263157895 0.27225761165 0.970899518082 0.638267315761 0.0 0.0
建议 0.0 0.262330874043 0.105263157895 0.39756588929 0.90468839832 0.631182000492 0.0 0.0
服务 0.0 0.279293371001 0.105263157895 0.429697370703 0.908916758013 0.696490132714 0.00925925925926 0.0
上门 0.0 0.392995690101 0.105263157895 0.331287589073 0.959418712828 0.696809493222 0.0 0.0
研发 0.0 0.600337589431 0.105263157895 0.597137840878 0.315986182777 0.659319197977 0.00925925925926 0.0
九价 0.0 0.273059132982 0.105263157895 0.268857354479 0.893677220923 0.718415942972 0.0 0.0
常见 0.0 0.245632676533 0.105263157895 0.448397117839 0.916867825691 0.52809238018 0.0 0.0
作用 0.0 0.16734591057 0.105263157895 0.630517674141 0.886939364525 0.545048117858 0.0 0.0
组织 0.0 0.204971281967 0.105263157895 0.257327603348 0.973653110363 0.527576209537 0.0 0.0
注射 0.0 0.34511596054 0.105263157895 0.358140336869 0.915395218287 0.771756108655 0.0277777777778 0.0
阶段 0.0 0.186364003813 0.105263157895 0.251820777554 0.953751477407 0.561656049375 0.00925925925926 0.0
之后 0.0 0.176394898064 0.105263157895 0.357358911943 0.972270768436 0.68095861153 0.0 0.0
HPV+疫苗 0.0 0.0899407239126 0.315789473684 0.31020331844 0.983268973917 0.636727770657 0.166666666667 0.5
马丁+院士 0.0 0.201916484828 0.473684210526 1.0 0.0 0.289705989649 0.00925925925926 0.5
HPV+感染 0.0 0.306225846536 0.315789473684 0.336305710405 0.938977935751 0.526202223518 0.00925925925926 0.5
宫颈癌+筛查 0.0 0.262285739348 0.631578947368 0.415256008441 0.868011898414 0.425935153115 0.00925925925926 0.5
首+次 0.0 0.0971640600337 0.157894736842 0.698393899294 0.77818424203 0.333306078204 0.0 0.5
宫颈癌+发病 1.0 0.101513598083 0.631578947368 0.694337220665 0.7544495589 0.345759281961 0.0 0.5
中国+女性 0.0 0.104363842135 0.473684210526 0.371623727458 0.85177623639 0.219698985246 0.0 0.5
高危型+HPV 0.0 0.182297523106 0.473684210526 0.160126584802 0.935494872754 0.375948180573 0.0 0.5
HPV+病毒 0.0 0.312181907978 0.315789473684 0.425988124192 0.954764967392 0.494906614017 0.0 0.5
进行+宫颈癌 0.0 0.100711263229 0.631578947368 0.29961357636 0.877810961701 0.328475901196 0.0 0.5
接种+HPV 0.0 0.341483160955 0.315789473684 0.425681923162 0.897304897355 0.405733083084 0.0277777777778 0.5
妇科+恶性肿瘤 0.0 0.0967796850518 0.789473684211 0.11730120733 0.821655504775 0.146683407854 0.0 0.5
数据+显示 0.0 0.111818402288 0.473684210526 0.215725547983 0.931929807751 0.262137830445 0.0 0.5
首+位 0.0 0.105577838238 0.157894736842 0.416684890793 0.737296680353 0.28512687666 0.0 0.5
世界+卫生 0.0 0.171501946855 0.473684210526 0.273189724166 0.937008284718 0.246489529083 0.0 0.5
卫生+组织 0.0 0.17183689562 0.473684210526 0.279083052026 0.936125937706 0.302112782395 0.0 0.5
宫颈癌+新发 0.0 0.129308119147 0.631578947368 0.155278531176 0.884523828013 0.210183926857 0.0 0.5
新发+病例 0.0 0.167441501918 0.473684210526 0.333150572812 0.923515216624 0.314459594123 0.0 0.5
感染+HPV 0.0 0.188107402721 0.315789473684 0.512721867272 0.818524333255 0.398297586638 0.0 0.5
导致+宫颈癌 0.0 0.124770567593 0.631578947368 0.432739303254 0.835654098313 0.381036552902 0.0 0.5
型别+HPV 0.0 0.0879815318651 0.315789473684 0.458051432769 0.843401045835 0.242988091098 0.0 0.5
病毒+感染 0.0 0.138633963992 0.473684210526 0.392862234893 0.841728550178 0.285503736175 0.0 0.5
免疫+系统 0.0 0.101513598083 0.473684210526 0.389364253241 0.78160846143 0.289051419058 0.0 0.5
宫颈癌+前 0.0 0.159850550489 0.473684210526 0.377802650678 0.847245677854 0.286036495282 0.0 0.5
前+病变 0.0 0.235222610459 0.315789473684 0.279389240816 0.909779749497 0.383973752168 0.0 0.5
二价+HPV 0.0 0.185262504855 0.315789473684 0.608342353298 0.933508925196 0.356524876742 0.0 0.5
预防+HPV16 0.0 0.109371429282 0.421052631579 0.572235890722 0.734890995564 0.237109881265 0.0 0.5
四价+HPV 2.0 0.256756147074 0.315789473684 0.292854664756 0.943114101786 0.389404546609 0.0462962962963 0.5
九价+HPV 2.0 0.104844252144 0.315789473684 0.390249436147 0.879013812088 0.254987903982 0.0 0.5
目前+国内 0.0 0.100958242414 0.473684210526 0.445341809844 0.895609841731 0.193343340768 0.0 0.5
国内+上市 0.0 0.0922850891663 0.473684210526 0.633917026897 0.907837628372 0.229894815797 0.0 0.5
宫颈癌+疫苗 0.0 0.342955349167 0.631578947368 0.319066418064 0.973303362837 0.66324581483 0.62037037037 0.5
女性+接种 0.0 0.135253001014 0.473684210526 0.409074057371 0.942607104299 0.312255518739 0.0 0.5
宫颈癌+预防 0.0 0.100711263229 0.631578947368 0.425666529331 0.814122108152 0.340830577156 0.0 0.5
需要+接种 0.0 0.137841694764 0.473684210526 0.571615305009 0.807724592666 0.371189454027 0.0 0.5
第一+批 0.0 0.123952323974 0.315789473684 0.420217669923 0.86605690696 0.327143626599 0.0 0.5
疫苗+接种 0.0 0.238931019201 0.473684210526 0.411138951319 0.955561311032 0.607780668568 0.0277777777778 0.5
9价+疫苗 2.0 0.133635344112 0.368421052632 0.771091812419 0.763174264827 0.354896636612 0.00925925925926 0.5
接种+疫苗 0.0 0.212740214933 0.473684210526 0.301796202421 0.949589515616 0.499491850727 0.00925925925926 0.5
医疗+机构 0.0 0.101513598083 0.473684210526 0.557186268285 0.808017203229 0.37492578696 0.0 0.5
人群+中 0.0 0.0887143671989 0.315789473684 0.402210422918 0.865473182175 0.310924969239 0.0 0.5
我国+宫颈癌 0.0 0.104363842135 0.631578947368 0.167300083053 0.898070377847 0.210864038348 0.0 0.5
25+岁 0.0 0.24404171025 0.105263157895 0.526312780735 0.874508188973 0.341301756007 0.0185185185185 0.5
临床+研究 0.0 0.143675687941 0.473684210526 0.520166355495 0.884758698885 0.374937375841 0.0 0.5
宫颈癌+发病率 2.0 0.104844252144 0.789473684211 0.323883467093 0.722125642843 0.240946895375 0.0 0.5
首+批 0.0 0.271183436066 0.157894736842 0.257989880098 0.968187662249 0.440970866957 0.101851851852 0.5
四价+疫苗 3.0 0.329029898937 0.473684210526 0.452969001509 0.938483151539 0.489730004411 0.0462962962963 0.5
二价宫颈癌+疫苗 2.0 0.124770567593 0.947368421053 0.546029746226 0.831420207993 0.279367761773 0.00925925925926 0.5
价+宫颈癌 0.0 0.602763942308 0.473684210526 0.428386004458 0.935971364676 0.431712345143 0.175925925926 0.5
佳达+修 1.0 0.140770450984 0.315789473684 0.369361876659 0.888190495222 0.308437036563 0.0 0.5
接种+年龄 3.0 0.179594609926 0.473684210526 0.554283772235 0.767367961405 0.334704601874 0.0 0.5
年龄+范围 3.0 0.0922850891663 0.473684210526 0.519724110719 0.802776349815 0.265667682353 0.0 0.5
疾病+预防 0.0 0.200929802302 0.473684210526 0.345511340229 0.930262759873 0.396063186893 0.0 0.5
预防+控制 0.0 0.198147148398 0.473684210526 0.371243176776 0.915083809502 0.388952194655 0.0 0.5
控制+中心 0.0 0.188107402721 0.473684210526 0.381872308156 0.817258266017 0.372456155908 0.0 0.5
疫苗+已经 0.0 0.105577838238 0.473684210526 0.189693746455 0.926425690862 0.367992324973 0.0 0.5
社区+卫生 0.0 0.371683861011 0.473684210526 0.406511639807 0.892397166294 0.448459452213 0.0 0.5
卫生+服务 0.0 0.374521142395 0.473684210526 0.406511639807 0.892397166294 0.424788263113 0.0 0.5
服务+中心 0.0 0.374521142395 0.473684210526 0.375041882133 0.893449283356 0.390979052397 0.0 0.5
第一+针 0.0 0.187946604584 0.315789473684 0.625135489345 0.829808179608 0.367947627686 0.00925925925926 0.5
20-45+岁 0.0 0.182576701596 0.263157894737 0.22619963573 0.898437148923 0.351483594436 0.0277777777778 0.5
中心+免疫 0.0 0.120525971585 0.473684210526 0.520687595132 0.806311149721 0.28331798624 0.0 0.5
乳头瘤+病毒 0.0 0.167019741577 0.631578947368 0.289033252143 0.972687931664 0.336750436652 0.00925925925926 0.5
二类+疫苗 0.0 0.115291633926 0.473684210526 0.432558697354 0.922914590381 0.315795356235 0.0 0.5
区+县 0.0 0.129039079562 0.157894736842 0.591448791219 0.806525366581 0.29924416577 0.0 0.5
疾控+中心 0.0 0.284268365786 0.473684210526 0.485703221057 0.884779986797 0.547791175524 0.00925925925926 0.5
今年+5月 0.0 0.100572981558 0.368421052632 0.0574827233735 0.890882388433 0.235320260153 0.0 0.5
获+批 0.0 0.2628141495 0.157894736842 0.350596623723 0.989392859664 0.443546134218 0.00925925925926 0.5
预防+宫颈癌 0.0 0.210971240804 0.631578947368 0.453470842422 0.866948525827 0.413994702783 0.0 0.5
11月+13日 0.0 0.114940550353 0.368421052632 0.428697309078 0.892017152374 0.310355747776 0.00925925925926 0.5
街道+社区 0.0 0.138427633749 0.473684210526 0.655080941305 0.723168601407 0.300192751662 0.0 0.5
接种+程序 2.0 0.162087782806 0.473684210526 0.436870475055 0.909658945656 0.298440157798 0.0 0.5
针+次 0.0 0.167397182757 0.157894736842 0.429505858522 0.886328449538 0.281186475453 0.0185185185185 0.5
适用+人群 3.0 0.0929642429808 0.473684210526 0.63286317793 0.830132915104 0.270469409403 0.0 0.5
广大+女性 0.0 0.0922850891663 0.473684210526 0.366542694734 0.767126706496 0.180824237183 0.0 0.5
接种+门诊 0.0 0.24339757217 0.473684210526 0.38821301182 0.920593494398 0.527475162738 0.00925925925926 0.5
工作+人员 0.0 0.20235752329 0.473684210526 0.46801927176 0.808313668415 0.362213028342 0.0 0.5
严重+威胁 0.0 0.110064409489 0.473684210526 0.522382589735 0.789098293929 0.1412644067 0.0 0.5
威胁+妇女 0.0 0.100572981558 0.473684210526 0.541179393695 0.784600583059 0.0760974155594 0.0 0.5
妇女+健康 0.0 0.100572981558 0.473684210526 0.541179393695 0.784600583059 0.0689439037018 0.0 0.5
常见+恶性肿瘤 0.0 0.115291633926 0.789473684211 0.393462476439 0.842170962638 0.129337710089 0.0 0.5
女性+恶性肿瘤 0.0 0.100958242414 0.789473684211 0.306080007682 0.791524818299 0.243402297074 0.0 0.5
恶性肿瘤+中 0.0 0.142436294633 0.631578947368 0.396958601838 0.764223002659 0.247678413554 0.0 0.5
2015年+中国 0.0 0.113076060402 0.526315789474 0.543536841721 0.551532970874 0.174524938717 0.0 0.5
中国+癌症 0.0 0.0887143671989 0.473684210526 0.045952714371 0.831839522006 0.129543271908 0.0 0.5
癌症+统计 0.0 0.0887143671989 0.473684210526 0.045952714371 0.831839522006 0.155908374876 0.0 0.5
统计+报告 0.0 0.0887143671989 0.473684210526 0.045952714371 0.831839522006 0.139958851796 0.0 0.5
中国+宫颈癌 0.0 0.0841318686781 0.631578947368 0.53685462721 0.851254513896 0.227159257541 0.0 0.5
高+达 0.0 0.114375991425 0.157894736842 0.735810215794 0.775843125212 0.264622987121 0.0 0.5
9.89+万例 0.0 0.0841318686781 0.368421052632 0.0 0.781002836165 0.0850934725101 0.0 0.5
死亡+病例 1.0 0.110064409489 0.473684210526 0.554440289642 0.820974093864 0.139826336217 0.0 0.5
女性+中 0.0 0.162765833951 0.315789473684 0.269787646397 0.931774846464 0.310742525015 0.0 0.5
引发+宫颈癌 0.0 0.0929642429808 0.631578947368 0.592969147713 0.773938979643 0.27103016979 0.0 0.5
越+高 0.0 0.0879815318651 0.157894736842 0.58153479824 0.769802327048 0.105817731767 0.0 0.5
今年+8月 0.0 0.123952323974 0.368421052632 0.46711068007 0.854487755808 0.206712645 0.0 0.5
二价+疫苗 3.0 0.298632797907 0.473684210526 0.499789043784 0.891680132025 0.468959710193 0.0 0.5
尖锐+湿疣 0.0 0.14719338472 0.473684210526 0.688497752697 0.820226823831 0.328260481992 0.0 0.5
9-25+岁 0.0 0.211643357486 0.210526315789 0.36000844906 0.858904807574 0.280472260959 0.0277777777778 0.5
疫苗+获 0.0 0.119045100023 0.315789473684 0.278502365009 0.905766837633 0.323962981385 0.0555555555556 0.5
支+疫苗 0.0 0.109458084742 0.315789473684 0.652771976506 0.713065669102 0.25626386344 0.0 0.5
注射+疫苗 0.0 0.138633963992 0.473684210526 0.294418190112 0.87963200126 0.329914448057 0.0 0.5
省+疾控 0.0 0.154194627821 0.315789473684 0.57384745782 0.694659193716 0.266210633631 0.0 0.5
告诉+记者 0.0 0.161298849453 0.473684210526 0.415508887787 0.814296644879 0.306527677586 0.0 0.5
接种+人群 3.0 0.172410825529 0.473684210526 0.514056665782 0.846268690725 0.349892485036 0.0 0.5
20+岁 0.0 0.17728955383 0.105263157895 0.524856958488 0.892451004739 0.308271822807 0.0 0.5
45+岁 0.0 0.23435605586 0.105263157895 0.568677658176 0.942722743016 0.334380563698 0.0462962962963 0.5
股份+有限公司 0.0 0.120974137089 0.789473684211 0.222541271241 0.838199632263 0.302642546696 0.0 0.5
元+左右 0.0 0.150859472338 0.315789473684 0.592042617377 0.758398305295 0.273931858517 0.0185185185185 0.5
仅次于+乳腺癌 0.0 0.0841318686781 0.789473684211 0.540875542713 0.733894237173 0.0830778235206 0.0 0.5
岁+女性 0.0 0.192786484644 0.315789473684 0.319983537269 0.958525907838 0.41604870578 0.0462962962963 0.5
高发+癌症 0.0 0.125450506034 0.473684210526 0.267830728025 0.931357053261 0.166264689248 0.0 0.5
女性+HPV 0.0 0.129199124833 0.315789473684 0.569550807371 0.681890922665 0.164183727669 0.0 0.5
HPV+感染率 0.0 0.126313278044 0.473684210526 0.794713132834 0.629893858581 0.189953106584 0.0 0.5
24+岁 0.0 0.0929642429808 0.105263157895 0.715429916403 0.848396607033 0.210570924704 0.0 0.5
44+岁 0.0 0.13169632353 0.105263157895 0.305598709453 0.932333226445 0.199765413758 0.0 0.5
九价+疫苗 2.0 0.227660168549 0.473684210526 0.505379904282 0.842825546058 0.31391029704 0.0 0.5
女性+群体 0.0 0.134610989885 0.473684210526 0.677375804694 0.868790311701 0.190863672105 0.0 0.5
病毒+引起 0.0 0.0925450555459 0.473684210526 0.618781836724 0.864742855388 0.217755665019 0.0 0.5
进入+中国 0.0 0.101513598083 0.473684210526 0.258840042336 0.790064826474 0.263275879033 0.00925925925926 0.5
中国+市场 0.0 0.152894696799 0.473684210526 0.25006804209 0.754728034109 0.359933376888 0.00925925925926 0.5
生殖器+疣 0.0 0.126197803017 0.473684210526 0.626654613841 0.783245883836 0.290881351388 0.0 0.5
期+临床 0.0 0.123952323974 0.315789473684 0.515316085878 0.919302384212 0.277988421985 0.0 0.5
临床+试验 0.0 0.167397182757 0.473684210526 0.392057821204 0.923673516384 0.391528562949 0.00925925925926 0.5
接种+前 0.0 0.100711263229 0.315789473684 0.506309836367 0.78062969171 0.307573202309 0.0 0.5
定期+筛查 2.0 0.0925450555459 0.473684210526 0.509788179083 0.727237383931 0.216469700198 0.0 0.5
10+年 0.0 0.101513598083 0.105263157895 0.392353024344 0.783453033464 0.337249223192 0.00925925925926 0.5
HPV+亚型 2.0 0.154940404968 0.315789473684 0.699839784046 0.803163031541 0.366053236212 0.0 0.5
预防+作用 0.0 0.0967793096716 0.473684210526 0.768242292471 0.629488850873 0.147465743615 0.0 0.5
患+宫颈癌 0.0 0.107756765956 0.473684210526 0.409653803304 0.788339593434 0.312181716221 0.0 0.5
智飞+生物 3.0 0.813446188161 0.473684210526 0.171602437022 0.744293423567 0.451450694632 0.148148148148 0.5
疫苗+上市 3.0 0.165366576136 0.473684210526 0.267320782724 0.963157140442 0.444681989273 0.037037037037 0.5
默沙+东四 0.0 0.244248669499 0.473684210526 0.200432245913 0.893671024382 0.174560102741 0.00925925925926 0.5
东四+价 0.0 0.244248669499 0.315789473684 0.200432245913 0.893671024382 0.165400603653 0.00925925925926 0.5
价+HPV 0.0 0.384680027312 0.157894736842 0.225764270676 0.961089465179 0.401953996975 0.0462962962963 0.5
疫苗+市场 0.0 0.158366757357 0.473684210526 0.282362866764 0.73180792251 0.391297361937 0.037037037037 0.5
生物+表示 0.0 0.106880466037 0.473684210526 0.453494963831 0.531346974447 0.0711225606688 0.0 0.5
疫苗+行业 0.0 0.168263737357 0.473684210526 0.185091468687 0.628972232412 0.385378071419 0.0 0.5
全球+第一 0.0 0.0969092819826 0.473684210526 0.0924266714503 0.794203404583 0.217949232224 0.0 0.5
批+上市 0.0 0.181282556806 0.315789473684 0.412636109512 0.945300373686 0.312253305733 0.0 0.5
保护+效力 0.0 0.141636642898 0.473684210526 0.324117274841 0.880688135102 0.305896425595 0.0 0.5
国内+获 0.0 0.164000323356 0.315789473684 0.277693832004 0.925866757829 0.221979864503 0.0 0.5
完成+整个 0.0 0.137104022035 0.473684210526 0.755183983745 0.795642321557 0.13209481725 0.0 0.5
整个+免疫 0.0 0.110742106999 0.473684210526 0.781396732412 0.751402041115 0.0825784316239 0.0 0.5
免疫+程序 0.0 0.126727522593 0.473684210526 0.692978352224 0.815763285785 0.202060399237 0.0 0.5
需+接种 0.0 0.139446364471 0.315789473684 0.492652601532 0.805167138744 0.210976092385 0.0 0.5
生物+代理 0.0 0.0971640600337 0.473684210526 0.200866213963 0.619758080751 0.173907762752 0.0185185185185 0.5
疫苗+流通 0.0 0.123355702257 0.473684210526 0.468263589613 0.800618645484 0.351615986224 0.0 0.5
预防+接种 0.0 0.255940804401 0.473684210526 0.306592887586 0.932216309308 0.514696234316 0.00925925925926 0.5
病毒+疫苗 0.0 0.151699518323 0.473684210526 0.171946843135 0.887881726057 0.209788145314 0.0 0.5
国内+市场 0.0 0.0925450555459 0.473684210526 0.209081839002 0.789725923143 0.26758660096 0.00925925925926 0.5
用于+预防 0.0 0.0925450555459 0.473684210526 0.414107260971 0.902768248946 0.261575561554 0.0 0.5
中国+内地 0.0 0.155727186655 0.473684210526 0.346448391405 0.929958830084 0.361240031343 0.0 0.5
新浪+财经 0.0 0.13023255814 0.473684210526 0.1660169524 0.763578910678 0.0592693014735 0.0 0.5
财经+股吧 0.0 0.13023255814 0.473684210526 0.1660169524 0.763578910678 0.0431624180648 0.0 0.5
接种+宫颈癌 0.0 0.316408193499 0.631578947368 0.471638681983 0.845808884254 0.41858108637 0.0925925925926 0.5
内地+首 0.0 0.123013163547 0.315789473684 0.329972695735 0.888295875978 0.232567748947 0.0 0.5
葛兰素史克+公司 0.0 0.106880466037 0.947368421053 0.247522886525 0.889696816813 0.311664288041 0.0 0.5
公司+生产 0.0 0.0969092819826 0.473684210526 0.280050051735 0.778051148711 0.182574095139 0.0 0.5
类+疫苗 0.0 0.134610989885 0.315789473684 0.469856936725 0.875749526162 0.319181966486 0.00925925925926 0.5
疫苗+适用 0.0 0.133917746206 0.473684210526 0.509583687804 0.774781362113 0.252779859634 0.0 0.5
社区+接种 0.0 0.0922850891663 0.473684210526 0.328410716085 0.685269505107 0.161477838442 0.0 0.5
特+需 0.0 0.102796418547 0.157894736842 0.189789414565 0.686657974624 0.176297860346 0.0 0.5
需+门诊 0.0 0.102796418547 0.315789473684 0.189789414565 0.686657974624 0.166852140046 0.0 0.5
女性+朋友 0.0 0.111818402288 0.473684210526 0.39279686582 0.766728931606 0.314927923256 0.0 0.5
接种+对象 3.0 0.171454883508 0.473684210526 0.29988535089 0.798377639581 0.311969721029 0.0 0.5
应+定期 0.0 0.0879815318651 0.315789473684 0.348411296609 0.679233586646 0.226527103413 0.0 0.5
记者+了解 0.0 0.0925450555459 0.473684210526 0.446276682675 0.89314558285 0.136960038638 0.0 0.5
不良+反应 0.0 0.220964281239 0.473684210526 0.348745464197 0.852266462573 0.382167344984 0.0 0.5
中心+预防 0.0 0.101513598083 0.473684210526 0.484198734156 0.672363765559 0.261427759499 0.0 0.5
成人+预防 0.0 0.106880466037 0.473684210526 0.47189860896 0.727218432834 0.165434077062 0.00925925925926 0.5
体检+中心 0.0 0.11761130523 0.473684210526 0.474868178242 0.454516162303 0.312081102015 0.0 0.5
今年+7月 0.0 0.0887143671989 0.368421052632 0.152634693626 0.878173840455 0.145933091593 0.0 0.5
正式+上市 0.0 0.146892053168 0.473684210526 0.238744600114 0.941382401845 0.360240484263 0.00925925925926 0.5
上市+销售 0.0 0.229433540251 0.473684210526 0.147533291253 0.872301572823 0.380068966317 0.0 0.5
两+家 0.0 0.129372435753 0.157894736842 0.248483660107 0.598935724172 0.347664803079 0.0 0.5
第一+财经 0.0 0.217808478838 0.473684210526 0.636463553335 0.487029746405 0.274474009393 0.0 0.5
财经+记者 0.0 0.217808478838 0.473684210526 0.636463553335 0.487029746405 0.246986253767 0.0 0.5
适龄+女性 2.0 0.105577838238 0.473684210526 0.462520961958 0.879229672114 0.324596704728 0.0 0.5
女性+健康 0.0 0.108458283478 0.473684210526 0.415502652434 0.893373881293 0.305152479415 0.0 0.5
阿里+健康 0.0 0.176676924224 0.473684210526 0.286114016069 0.848372602165 0.342703163256 0.0 0.5
预防+医学会 0.0 0.100958242414 0.631578947368 0.60419911587 0.846292515794 0.302790007803 0.0 0.5
年轻+女性 0.0 0.101513598083 0.473684210526 0.618594613126 0.786124411024 0.26345238188 0.0 0.5
沃森+生物 0.0 0.281775774098 0.473684210526 0.29467840259 0.715369204862 0.442166527749 0.00925925925926 0.5
进行+HPV 0.0 0.100711263229 0.315789473684 0.449095623573 0.815450368945 0.241979279385 0.0 0.5
预约+接种 2.0 0.210228192919 0.473684210526 0.489515134788 0.873232639523 0.445665524926 0.0277777777778 0.5
15+岁 0.0 0.104363842135 0.105263157895 0.346308218739 0.886865500248 0.28175380274 0.0 0.5
前来+接种 0.0 0.123355702257 0.473684210526 0.401173499594 0.692339995851 0.336775663187 0.0 0.5
疫苗+预防 0.0 0.100958242414 0.473684210526 0.440898598669 0.737515761836 0.266741541601 0.0 0.5
市+疾控 0.0 0.171454883508 0.315789473684 0.544534900919 0.757522483768 0.270388231582 0.0 0.5
进行+接种 0.0 0.135961917604 0.473684210526 0.506115300677 0.798773733382 0.307514841644 0.0 0.5
越+早 0.0 0.114375991425 0.157894736842 0.496255000081 0.721217770408 0.283834377209 0.0 0.5
批+疫苗 0.0 0.154005408136 0.315789473684 0.24619744092 0.913660724022 0.36473037619 0.0185185185185 0.5
预防+HPV 0.0 0.175971441255 0.315789473684 0.114538310018 0.949103270242 0.313243075264 0.0 0.5
美年+健康 3.0 0.281869796144 0.473684210526 0.590425946319 0.346546966848 0.41235772851 0.0277777777778 0.5
公告+称 0.0 0.101513598083 0.315789473684 0.0430439513166 0.668364552194 0.206269376569 0.0 0.5
疫苗+产品 0.0 0.144107226344 0.473684210526 0.180844984087 0.794709305774 0.376683676937 0.0 0.5
接种+资质 0.0 0.105577838238 0.473684210526 0.426057034506 0.739466400541 0.265511079282 0.0 0.5
疫苗+正式 0.0 0.110064409489 0.473684210526 0.263168189505 0.897832174162 0.308014446433 0.0 0.5
接种+单位 0.0 0.120525971585 0.473684210526 0.329899803101 0.915451166643 0.383941800419 0.0 0.5
社区+医院 0.0 0.155462496054 0.473684210526 0.721857048104 0.779869871416 0.441792115658 0.0185185185185 0.5
家+社区 0.0 0.123174144611 0.315789473684 0.432320699501 0.815767434879 0.205679347617 0.0 0.5
国家+食品 0.0 0.116205303726 0.473684210526 0.278368128914 0.895771969861 0.237255116986 0.0 0.5
食品+药品 0.0 0.182297523106 0.473684210526 0.13808168078 0.897612773259 0.298652489886 0.0 0.5
药品+监督 0.0 0.16185942572 0.473684210526 0.174096220378 0.926905832134 0.223488523997 0.0 0.5
监督+管理 0.0 0.112909194617 0.473684210526 0.496178274797 0.917548706392 0.143403875941 0.0 0.5
管理+总局 0.0 0.109371429282 0.473684210526 0.474437204892 0.890304981585 0.133597581784 0.0 0.5
批+签发 0.0 0.276363128029 0.315789473684 0.133564902068 0.860494966484 0.440884270495 0.00925925925926 0.5
签发+合格证 3.0 0.123355702257 0.631578947368 0.377964871161 0.839452925073 0.166054986725 0.00925925925926 0.5
宫颈癌+四价 0.0 0.136029684047 0.631578947368 0.460713891187 0.75854020958 0.24527860612 0.00925925925926 0.5
默沙+东 1.0 0.152497360391 0.315789473684 0.186971795564 0.769057882308 0.293488594559 0.0 0.5
国内+首 0.0 0.109371429282 0.315789473684 0.123313605149 0.932715107835 0.255986467917 0.00925925925926 0.5
接种+服务 0.0 0.216182244423 0.473684210526 0.388746958586 0.794643930258 0.26640107069 0.0 0.5
11月+27日 0.0 0.13134970169 0.368421052632 0.608823305332 0.528486410863 0.153514144796 0.00925925925926 0.5
疫苗+预计 0.0 0.102796418547 0.473684210526 0.452288994298 0.671993737593 0.266701859147 0.0185185185185 0.5
咨询+预约 0.0 0.0971640600337 0.473684210526 0.414903290263 0.619352398002 0.234457792968 0.0 0.5
建议+接种 0.0 0.122124334749 0.473684210526 0.614523933028 0.748090981324 0.222704721205 0.0 0.5
生+完 0.0 0.0925450555459 0.157894736842 0.637243630313 0.694252639188 0.212303009525 0.0 0.5
年轻化+趋势 0.0 0.0969092819826 0.631578947368 0.348200695062 0.763415442051 0.183326587092 0.0 0.5
宫颈癌+病例 1.0 0.140613633516 0.631578947368 0.452929355582 0.863606793005 0.271689634432 0.0 0.5
HPV+型 2.0 0.164000323356 0.157894736842 0.507558522099 0.75928744012 0.318858967623 0.0 0.5
低+危型 0.0 0.112909194617 0.315789473684 0.507356537761 0.737132953012 0.302874969371 0.0 0.5
疫苗+价格 3.0 0.109371429282 0.473684210526 0.616191896672 0.7443682467 0.351053557019 0.00925925925926 0.5
药品+注册 0.0 0.0967793096716 0.473684210526 0.181926885706 0.767810603484 0.219457562568 0.0 0.5
注册+批件 0.0 0.0967793096716 0.473684210526 0.181926885706 0.767810603484 0.197814824738 0.0 0.5
进口+药品 0.0 0.186778394323 0.473684210526 0.19921522535 0.788912647961 0.229954023847 0.0185185185185 0.5
药品+通关单 2.0 0.104363842135 0.631578947368 0.158639922437 0.79441231596 0.119356389472 0.0 0.5
推荐+接种 0.0 0.11927296244 0.473684210526 0.439389765054 0.770959229264 0.223790596698 0.0 0.5
剂+次 0.0 0.0925450555459 0.157894736842 0.561891437846 0.769980184452 0.169448265105 0.0 0.5
价+疫苗 0.0 0.177009587742 0.315789473684 0.405858951317 0.953770851923 0.412347040382 0.0185185185185 0.5
妇幼+保健院 0.0 0.134182082745 0.631578947368 0.37119756097 0.784227550344 0.380817940775 0.0 0.5
批+宫颈癌 0.0 0.102796418547 0.473684210526 0.723273581869 0.687328939656 0.1948421918 0.0185185185185 0.5
香港+接种 3.0 0.123174144611 0.473684210526 0.491448613978 0.765108194422 0.343439949137 0.00925925925926 0.5
接种+四价 0.0 0.0967793096716 0.473684210526 0.714010038523 0.818779659279 0.358005218605 0.0 0.5
有性+生活 0.0 0.0967796850518 0.473684210526 0.527388361303 0.710313188141 0.225505496708 0.0 0.5
未+感染 0.0 0.0841318686781 0.315789473684 0.369440084283 0.821433295166 0.238187604677 0.0 0.5
保护+效果 0.0 0.0879815318651 0.473684210526 0.452965287105 0.854187294763 0.219928318206 0.0 0.5
约+3.05万 0.0 0.0841318686781 0.368421052632 0.0621218939105 0.821897025241 0.117178527432 0.0 0.5
持续+感染 0.0 0.136491903544 0.473684210526 0.043150836027 0.903570444787 0.328037280625 0.0 0.5
疫苗+主要 0.0 0.109371429282 0.473684210526 0.289349651077 0.78397322429 0.326100357192 0.0 0.5
我国+女性 0.0 0.117838869393 0.473684210526 0.381324407225 0.83205106659 0.254100393984 0.0 0.5
第三+针 0.0 0.0922850891663 0.315789473684 0.449108076293 0.714743851663 0.261647323502 0.0 0.5
目前+全球 0.0 0.0841318686781 0.473684210526 0.520080113153 0.791629403444 0.128548481555 0.0 0.5
疫苗+前 0.0 0.0879815318651 0.315789473684 0.429884641222 0.697292861551 0.17235623409 0.0 0.5
今年+年底 0.0 0.100958242414 0.473684210526 0.428381237083 0.87105109011 0.24291041979 0.0 0.5
病例+约 0.0 0.117784616149 0.315789473684 0.0427266913017 0.808695275848 0.165291470222 0.0 0.5
605+元 0.0 0.113076060402 0.157894736842 0.766602640962 0.545539674655 0.232181652074 0.0185185185185 0.5
中心+接种 0.0 0.109371429282 0.473684210526 0.576709164907 0.671496997078 0.224693660178 0.0 0.5
岁+以下 0.0 0.116596872041 0.315789473684 0.292211962727 0.623341640751 0.292440065422 0.0277777777778 0.5
宫颈+癌癌 0.0 0.0922850891663 0.473684210526 0.676404779706 0.720084485842 0.155067381998 0.0 0.5
癌癌+前 0.0 0.0922850891663 0.315789473684 0.676404779706 0.720084485842 0.142184375176 0.0 0.5
有效+预防 0.0 0.0879815318651 0.473684210526 0.561387803387 0.824303953515 0.267924364704 0.0 0.5
再次+感染 0.0 0.0967796850518 0.473684210526 0.512962242036 0.707111884314 0.161577867871 0.0 0.5
接受+宫颈癌 0.0 0.0887143671989 0.631578947368 0.484215093214 0.790218814416 0.192390035534 0.0 0.5
酿酒+酵母 0.0 0.0925450555459 0.473684210526 0.164447305963 0.792227079521 0.153527853149 0.0 0.5
中国+大陆 0.0 0.270336229784 0.473684210526 0.185292340665 0.759133208993 0.321847982721 0.00925925925926 0.5
效力+达到 0.0 0.106880466037 0.473684210526 0.242551371795 0.770780640465 0.123623294215 0.0 0.5
需要+进行 0.0 0.0922850891663 0.473684210526 0.247603093274 0.667171401477 0.145928847503 0.0 0.5
HPV+检测 0.0 0.123952323974 0.315789473684 0.360915866537 0.778689288009 0.27397960152 0.0 0.5
组织+推荐 0.0 0.0887143671989 0.473684210526 0.366863537087 0.740849829668 0.134714425317 0.0 0.5
已经+感染 0.0 0.0925450555459 0.473684210526 0.414423244307 0.727095186151 0.215348778939 0.0 0.5
超过+25 0.0 0.126197803017 0.263157894737 0.265883048167 0.751302857644 0.215011589806 0.0 0.5
接种+时间 1.0 0.0925450555459 0.473684210526 0.537049507606 0.818144290535 0.28092739479 0.0 0.5
大陆+区域 0.0 0.134610989885 0.473684210526 0.178745594649 0.571039241564 0.188997108078 0.0 0.5
相关+负责人 0.0 0.114375991425 0.631578947368 0.494799779287 0.883392651736 0.336031285229 0.0 0.5
云南+玛莉亚 0.0 0.185090111092 0.631578947368 1.0 0.0 0.279050574464 0.00925925925926 0.5
玛莉亚+医院 0.0 0.185090111092 0.631578947368 1.0 0.0 0.300657852647 0.00925925925926 0.5
免疫+规划科 0.0 0.0922850891663 0.631578947368 0.586641254805 0.671373078128 0.216308435955 0.0 0.5
接种+点 0.0 0.140613633516 0.315789473684 0.393512218977 0.932296614537 0.386333997401 0.0 0.5
疫苗+覆盖 0.0 0.0841318686781 0.473684210526 0.408515600602 0.829852614887 0.190281093987 0.0 0.5
乳头状+瘤 0.0 0.138427633749 0.473684210526 0.634592167512 0.809648854239 0.251995481291 0.0 0.5
瘤+病毒 0.0 0.138427633749 0.315789473684 0.634592167512 0.809648854239 0.242383481799 0.0 0.5
病毒+亚型 2.0 0.158043256735 0.473684210526 0.574310331814 0.904750382927 0.321247382142 0.0 0.5
免疫+接种 0.0 0.0887143671989 0.473684210526 0.482378753529 0.880765397572 0.24861036697 0.0 0.5
郑州市+金水区 0.0 0.129372435753 0.789473684211 0.904168789064 0.382734651745 0.162071926984 0.00925925925926 0.5
9月+18日 0.0 0.0879815318651 0.315789473684 0.351591837335 0.548641319082 0.293390672749 0.0 0.5
正式+销售 0.0 0.0887143671989 0.473684210526 0.0965180943029 0.587797946054 0.208770081206 0.0 0.5
上海+泽润 0.0 0.204996215377 0.473684210526 0.722172157522 0.692260312293 0.380877649645 0.0 0.5
疫苗+在线 0.0 0.11761130523 0.473684210526 0.409499270929 0.334492682658 0.140618284586 0.0 0.5
在线+预约 0.0 0.164187127112 0.473684210526 0.33298847914 0.36939914061 0.254801575457 0.00925925925926 0.5
7月+31日 0.0 0.100711263229 0.315789473684 0.398776604839 0.893367340538 0.152846654378 0.0 0.5
疫苗+获得 0.0 0.141636642898 0.473684210526 0.150367476781 0.754503022086 0.317091961186 0.0277777777778 0.5
通关+备案 0.0 0.0925450555459 0.473684210526 0.403117018503 0.530799277005 0.144599009679 0.0 0.5
上市+许可 0.0 0.0841318686781 0.473684210526 0.156215571735 0.732818389247 0.164705387153 0.0 0.5
保护+作用 0.0 0.0922850891663 0.473684210526 0.576707759027 0.69320997065 0.297842174394 0.0 0.5
东+药厂 0.0 0.101513598083 0.315789473684 0.370460953372 0.444306473946 0.136238985375 0.0 0.5
年底+前 0.0 0.11761130523 0.315789473684 0.192173703451 0.504327434155 0.158148404645 0.0277777777778 0.5
一线+城市 2.0 0.11761130523 0.473684210526 0.251025563355 0.502676848065 0.273649530441 0.00925925925926 0.5
北青报+记者 0.0 0.157231273422 0.631578947368 0.929553489234 0.39082501554 0.308192428077 0.0 0.5
广州+日报 0.0 0.102796418547 0.473684210526 0.687704575387 0.672569205562 0.292630506849 0.0 0.5
签发+申请 0.0 0.0925450555459 0.473684210526 0.561222146439 0.532202095797 0.0838631353124 0.0 0.5
办理+批 0.0 0.0879815318651 0.315789473684 0.543172875675 0.495160897633 0.0728207787879 0.0 0.5
药品+检验 0.0 0.0879815318651 0.473684210526 0.543172875675 0.495160897633 0.0431624180648 0.0 0.5
上门+医疗 0.0 0.201916484828 0.473684210526 1.0 0.0 0.361874680706 0.00925925925926 0.5
护士+上门 0.0 0.171525025552 0.473684210526 0.597137840878 0.315986182777 0.314968966262 0.0 0.5
提升+公司 0.0 0.109458084742 0.473684210526 0.815202361347 0.353473264354 0.121853412107 0.0 0.5
高危型+HPV+病毒 0.0 0.114375991425 0.842105263158 0.0318265122312 0.836560991154 0.227018010631 0.0 1.0
接种+了+HPV 0.0 0.0922850891663 0.526315789474 0.63658427241 0.716946430101 0.140378895978 0.0 1.0
进行+宫颈癌+筛查 0.0 0.0841318686781 1.0 0.368339172806 0.836523910709 0.228209970582 0.0 1.0
接种+HPV+疫苗 0.0 0.341483160955 0.684210526316 0.425681923162 0.897304897355 0.405733083084 0.0277777777778 1.0
世界+卫生+组织 0.0 0.171501946855 0.842105263158 0.273189724166 0.937008284718 0.246489529083 0.0 1.0
宫颈癌+新发+病例 0.0 0.129308119147 1.0 0.155278531176 0.884523828013 0.210183926857 0.0 1.0
感染+HPV+病毒 0.0 0.101513598083 0.684210526316 0.515345091578 0.796932141356 0.275779486098 0.0 1.0
感染+了+HPV 0.0 0.172410825529 0.526315789474 0.603673674553 0.754487889219 0.269563484401 0.0 1.0
HPV+病毒+感染 0.0 0.0925450555459 0.684210526316 0.499933692694 0.82920961852 0.210455903948 0.0 1.0
宫颈癌+前+病变 0.0 0.159850550489 0.842105263158 0.377802650678 0.847245677854 0.286036495282 0.0 1.0
二价+HPV+疫苗 3.0 0.178236616715 0.684210526316 0.606051857658 0.92552984228 0.340339083498 0.0 1.0
HPV16+和+HPV18 2.0 0.108458283478 0.578947368421 0.597305015788 0.815693031996 0.212307228175 0.0 1.0
四价+HPV+疫苗 3.0 0.250747365816 0.684210526316 0.277948839503 0.93755976847 0.371077578571 0.0462962962963 1.0
九价+HPV+疫苗 3.0 0.104844252144 0.684210526316 0.390249436147 0.879013812088 0.254987903982 0.0 1.0
死+于+宫颈癌 0.0 0.0887143671989 0.684210526316 0.66755741878 0.732966942265 0.17496928473 0.0 1.0
接种+了+宫颈癌 0.0 0.0879815318651 0.842105263158 0.721692645469 0.724902215713 0.141371171385 0.0 1.0
疫苗+在+国内 0.0 0.117784616149 0.684210526316 0.402889612487 0.899649131845 0.267982702491 0.0 1.0
价+宫颈癌+疫苗 0.0 0.597698699096 0.842105263158 0.428386004458 0.935971364676 0.429120492671 0.175925925926 1.0
疫苗+的+接种 0.0 0.138308021657 0.684210526316 0.40450538667 0.889547528323 0.33150214346 0.0 1.0
疾病+预防+控制 0.0 0.19387805478 0.842105263158 0.348786660204 0.891018830925 0.31836989495 0.0 1.0
预防+控制+中心 0.0 0.175971441255 0.842105263158 0.381872308156 0.817258266017 0.330345063504 0.0 1.0
社区+卫生+服务 0.0 0.368846579631 0.842105263158 0.406511639807 0.892397166294 0.446363860351 0.0 1.0
卫生+服务+中心 0.0 0.382204018181 0.842105263158 0.399491467213 0.893473183338 0.42304078899 0.0 1.0
岁+的+女性 0.0 0.202609728507 0.526315789474 0.429057472389 0.899082480576 0.294396062957 0.0 1.0
街道+社区+卫生 0.0 0.138427633749 0.842105263158 0.655080941305 0.723168601407 0.300192751662 0.0 1.0
接种+四+价 0.0 0.109371429282 0.526315789474 0.650442479369 0.758068868361 0.26760413025 0.037037037037 1.0
接种+3+针 1.0 0.11927296244 0.421052631579 0.641983576869 0.745223191412 0.181267537695 0.00925925925926 1.0
严重+威胁+妇女 0.0 0.100572981558 0.842105263158 0.541179393695 0.784600583059 0.104563416086 0.0 1.0
威胁+妇女+健康 0.0 0.100572981558 0.842105263158 0.541179393695 0.784600583059 0.0760974155594 0.0 1.0
健康+的+常见 0.0 0.113830084275 0.684210526316 0.548563388868 0.798189439572 0.0859539142624 0.0 1.0
中国+癌症+统计 0.0 0.0887143671989 0.842105263158 0.045952714371 0.831839522006 0.129543271908 0.0 1.0
癌症+统计+报告 0.0 0.0887143671989 0.842105263158 0.045952714371 0.831839522006 0.155908374876 0.0 1.0
疫苗+可+预防 0.0 0.0969092819826 0.684210526316 0.790192929743 0.758725687716 0.233966207301 0.0 1.0
宫颈癌+疫苗+获 0.0 0.0929642429808 0.842105263158 0.34931770616 0.877405326449 0.188691876566 0.0277777777778 1.0
疫苗+获+批 0.0 0.0967793096716 0.526315789474 0.50344188863 0.890217159908 0.199369737136 0.0 1.0
省+疾控+中心 0.0 0.143914985966 0.684210526316 0.57384745782 0.694659193716 0.254857013662 0.0 1.0
疾控+中心+免疫 0.0 0.114940550353 0.842105263158 0.638563147537 0.800947680996 0.206690944391 0.0 1.0
岁+女性+中 0.0 0.127970402201 0.526315789474 0.243582812132 0.927471053204 0.224192178073 0.0 1.0
女性+HPV+感染率 0.0 0.126313278044 0.842105263158 0.794713132834 0.629893858581 0.150014536044 0.0 1.0
价+和+九价 0.0 0.108458283478 0.526315789474 0.611430793837 0.834058089702 0.0728461377958 0.0 1.0
引起+的+宫颈癌 0.0 0.177034267721 0.842105263158 0.346278642653 0.910055734992 0.313085266961 0.0 1.0
70%+的+宫颈癌 0.0 0.0929642429808 0.684210526316 0.496599933456 0.881336807908 0.204509610512 0.0 1.0
两+种+病毒 0.0 0.0925450555459 0.526315789474 0.650584875757 0.841886261063 0.192976841632 0.0 1.0
适用+于+20 0.0 0.110907171194 0.473684210526 0.743722083556 0.800684247628 0.178550471932 0.0 1.0
HPV6+和+HPV11 0.0 0.109371429282 0.526315789474 0.815758272745 0.662196737395 0.204653701197 0.0 1.0
宫颈癌+的+风险 2.0 0.124770567593 0.842105263158 0.709104101772 0.739713942862 0.227154746748 0.0 1.0
默沙+东四+价 0.0 0.244248669499 0.684210526316 0.200432245913 0.893671024382 0.174560102741 0.00925925925926 1.0
价+HPV+疫苗 0.0 0.377512076493 0.526315789474 0.225764270676 0.961089465179 0.395590432363 0.0462962962963 1.0
智飞+生物+表示 0.0 0.102796418547 0.842105263158 0.632169664444 0.447046836009 0.0692409185663 0.0 1.0
东四+价+HPV 0.0 0.210329671696 0.526315789474 0.151800828041 0.82410116252 0.13834543516 0.0 1.0
获+批+上市 3.0 0.168333802748 0.526315789474 0.412636109512 0.945300373686 0.326306438935 0.0 1.0
国内+获+批 0.0 0.164000323356 0.526315789474 0.277693832004 0.925866757829 0.221979864503 0.0 1.0
45+岁+女性 0.0 0.117838869393 0.473684210526 0.579900856871 0.903166158873 0.223774293874 0.00925925925926 1.0
完成+整个+免疫 0.0 0.110742106999 0.842105263158 0.781396732412 0.751402041115 0.0666152752867 0.0 1.0
整个+免疫+程序 0.0 0.110742106999 0.842105263158 0.781396732412 0.751402041115 0.0825784316239 0.0 1.0
接种+三+针 0.0 0.131699344223 0.526315789474 0.617826782481 0.84830639958 0.204262471939 0.0 1.0
智飞+生物+代理 1.0 0.0971640600337 0.842105263158 0.200866213963 0.619758080751 0.137742130676 0.0185185185185 1.0
新浪+财经+股吧 0.0 0.13023255814 0.842105263158 0.1660169524 0.763578910678 0.0592693014735 0.0 1.0
接种+宫颈癌+疫苗 0.0 0.312244927796 1.0 0.471638681983 0.845808884254 0.414017905014 0.0925925925926 1.0
中国+内地+首 0.0 0.100572981558 0.684210526316 0.318287833615 0.879946432322 0.177673844693 0.0 1.0
特+需+门诊 0.0 0.102796418547 0.526315789474 0.189789414565 0.686657974624 0.176297860346 0.0 1.0
20-45+岁+女性 0.0 0.0929642429808 0.631578947368 0.260966114963 0.82617850641 0.210353151099 0.00925925925926 1.0
预防+接种+门诊 0.0 0.156638289504 0.842105263158 0.305400704344 0.896994650395 0.345654145891 0.00925925925926 1.0
成人+预防+接种 0.0 0.106880466037 0.842105263158 0.47189860896 0.727218432834 0.165434077062 0.00925925925926 1.0
第一+财经+记者 0.0 0.217808478838 0.842105263158 0.636463553335 0.487029746405 0.274474009393 0.0 1.0
宫颈癌+疫苗+接种 0.0 0.133917746206 1.0 0.300400633997 0.889819647917 0.368931693143 0.0185185185185 1.0
44+岁+女性 0.0 0.11761130523 0.473684210526 0.224119218811 0.918849556461 0.145854622249 0.0 1.0
市+疾控+中心 0.0 0.169363791925 0.684210526316 0.50248463996 0.742693513471 0.251709049694 0.0 1.0
预防+HPV+感染 0.0 0.122124334749 0.684210526316 0.0660804699202 0.912046998545 0.207128443806 0.0 1.0
HPV+疫苗+接种 0.0 0.104363842135 0.684210526316 0.392214725881 0.904743749127 0.326578235129 0.00925925925926 1.0
家+社区+卫生 0.0 0.114375991425 0.684210526316 0.432320699501 0.815767434879 0.170113293225 0.0 1.0
国家+食品+药品 0.0 0.108458283478 0.842105263158 0.278368128914 0.895771969861 0.202327068287 0.0 1.0
食品+药品+监督 0.0 0.160701295447 0.842105263158 0.149183113624 0.906437756323 0.243066445419 0.0 1.0
药品+监督+管理 0.0 0.112909194617 0.842105263158 0.496178274797 0.917548706392 0.134329636508 0.0 1.0
监督+管理+总局 0.0 0.109371429282 0.842105263158 0.474437204892 0.890304981585 0.116931943907 0.0 1.0
批+签发+合格证 0.0 0.123355702257 0.842105263158 0.377964871161 0.839452925073 0.186051564258 0.00925925925926 1.0
接种+该+疫苗 0.0 0.169363791925 0.684210526316 0.474981527173 0.824616894486 0.317818291987 0.0 1.0
宫颈癌+四价+疫苗 3.0 0.136029684047 1.0 0.460713891187 0.75854020958 0.24527860612 0.00925925925926 1.0
发病率+和+死亡率 2.0 0.107756765956 1.0 0.456141936363 0.757405306647 0.167994399837 0.0 1.0
岁+至+45 0.0 0.129199124833 0.315789473684 0.610417589322 0.810852864542 0.159520522868 0.0 1.0
上市+的+HPV 0.0 0.104844252144 0.526315789474 0.325742416797 0.752459417657 0.196417020734 0.0 1.0
产品+的+上市 0.0 0.0922850891663 0.684210526316 0.293017928031 0.545082363434 0.114331493651 0.0 1.0
陆续+到+货 0.0 0.159850550489 0.526315789474 0.398998480811 0.773531443305 0.23792233752 0.0277777777778 1.0
宫颈癌+疫苗+上市 3.0 0.0967796850518 1.0 0.23080703412 0.833541442581 0.254599091429 0.0185185185185 1.0
接种+了+疫苗 0.0 0.0929642429808 0.684210526316 0.478147924266 0.744837455453 0.170795543241 0.0 1.0
药品+注册+批件 0.0 0.0967793096716 0.842105263158 0.181926885706 0.767810603484 0.219457562568 0.0 1.0
进口+药品+通关单 2.0 0.104363842135 1.0 0.158639922437 0.79441231596 0.154807142224 0.0 1.0
国家+和+地区 0.0 0.0967796850518 0.684210526316 0.227900912039 0.852895172869 0.202086898598 0.0 1.0
25+岁+女性 0.0 0.110907171194 0.473684210526 0.588132640269 0.7964306957 0.218145245992 0.0 1.0
岁+至+44 0.0 0.0841318686781 0.315789473684 0.337281882095 0.870504909709 0.140731738157 0.0 1.0
100%+的+保护 0.0 0.0925450555459 0.578947368421 0.682770124202 0.746510774479 0.195317345081 0.0 1.0
新发+病例+约 0.0 0.0841318686781 0.684210526316 0.0427266913017 0.808695275848 0.107771184406 0.0 1.0
9-25+岁+女性 2.0 0.126727522593 0.578947368421 0.351913101408 0.812108852852 0.257274433204 0.0277777777778 1.0
宫颈+癌癌+前 0.0 0.0922850891663 0.684210526316 0.676404779706 0.720084485842 0.155067381998 0.0 1.0
癌癌+前+病变 0.0 0.0922850891663 0.684210526316 0.676404779706 0.720084485842 0.142184375176 0.0 1.0
疫苗+在+中国 0.0 0.120974137089 0.684210526316 0.585898872568 0.881441031608 0.242620231501 0.0 1.0
接受+宫颈癌+筛查 2.0 0.0841318686781 1.0 0.618063473923 0.760533605328 0.176253980912 0.0 1.0
价+人+乳头瘤 0.0 0.122124334749 0.684210526316 0.191497362882 0.78147404455 0.150510008916 0.0 1.0
乳头瘤+病毒+疫苗 0.0 0.140613633516 1.0 0.188072625702 0.866030074376 0.136886099171 0.0 1.0
两+种+亚型 0.0 0.0922850891663 0.526315789474 0.284197522728 0.687988831597 0.220359559689 0.0 1.0
保护+效力+达到 0.0 0.106880466037 0.842105263158 0.242551371795 0.770780640465 0.152107499361 0.0 1.0
进行+HPV+检测 0.0 0.0879815318651 0.684210526316 0.419664016953 0.681750955219 0.132450085781 0.0 1.0
疫苗+可以+预防 0.0 0.100958242414 0.842105263158 0.53895037788 0.749707572146 0.201324918936 0.0 1.0
疫苗+在+内地 0.0 0.11761130523 0.684210526316 0.292963496922 0.695888574384 0.207745160292 0.0 1.0
卫生+组织+推荐 0.0 0.0841318686781 0.842105263158 0.344154819087 0.719528624159 0.104191324185 0.0 1.0
岁+女性+接种 0.0 0.0922850891663 0.684210526316 0.400782021349 0.774844777947 0.256554410581 0.0 1.0
超过+25+岁 0.0 0.123174144611 0.473684210526 0.248132065607 0.741949818323 0.183331930673 0.0 1.0
云南+玛莉亚+医院 0.0 0.168263737357 1.0 1.0 0.0 0.270860934293 0.00925925925926 1.0
预防+HPV+病毒 0.0 0.0922850891663 0.684210526316 0.612570113997 0.824365213133 0.199807191637 0.0 1.0
接种+二+价 0.0 0.145168964507 0.526315789474 0.587794952056 0.723491376424 0.287725404079 0.00925925925926 1.0
乳头状+瘤+病毒 0.0 0.138427633749 0.842105263158 0.634592167512 0.809648854239 0.251995481291 0.0 1.0
疫苗+在线+预约 0.0 0.11761130523 0.842105263158 0.409499270929 0.334492682658 0.140618284586 0.0 1.0
在线+预约+接种 2.0 0.141133566276 0.842105263158 0.409499270929 0.334492682658 0.183109034375 0.0 1.0
预约+接种+服务 0.0 0.129372435753 0.842105263158 0.409499270929 0.334492682658 0.119790051136 0.0 1.0
HPV+疫苗+获得 0.0 0.114375991425 0.684210526316 0.164081516864 0.638970592871 0.183483052444 0.00925925925926 1.0
中国+大陆+区域 0.0 0.114375991425 0.842105263158 0.24503775668 0.560448663977 0.125336726639 0.0 1.0
默沙+东+药厂 0.0 0.101513598083 0.684210526316 0.370460953372 0.444306473946 0.163117984162 0.0 1.0
HPV+病毒+亚型 2.0 0.114375991425 0.684210526316 0.6933972853 0.880187274679 0.213398478465 0.0 1.0
覆盖+的+病毒 3.0 0.0971640600337 0.684210526316 0.568729329489 0.723251994785 0.169025019623 0.0 1.0
批+签发+申请 0.0 0.0925450555459 0.684210526316 0.561222146439 0.532202095797 0.0922935916555 0.0 1.0
采购+的+首 0.0 0.0922850891663 0.526315789474 0.523580642323 0.46069166689 0.123082764785 0.0 1.0
办理+批+签发 0.0 0.0879815318651 0.684210526316 0.543172875675 0.495160897633 0.0728207787879 0.0 1.0
申请+及+进口 0.0 0.0879815318651 0.684210526316 0.543172875675 0.495160897633 0.0431624180648 0.0 1.0
进口+药品+检验 0.0 0.0879815318651 0.842105263158 0.543172875675 0.495160897633 0.0431624180648 0.0 1.0
医护+到+家 0.0 0.257287538328 0.526315789474 0.597137840878 0.315986182777 0.147387436567 0.0 1.0
