城市 0.0 0.240364915556 0.08 0.271925364022 0.954311887932 0.690468618366 0.0105263157895 0.0
首席 0.0 0.225258656531 0.08 0.416134842188 0.983166741754 0.428374958759 0.0 0.0
建立 0.0 0.187247486564 0.08 0.390557730922 0.912924235825 0.649909662567 0.0 0.0
希望 0.0 0.380133091995 0.08 0.270281797083 0.882900226712 0.660232965881 0.0 0.0
中心 0.0 0.381638572532 0.08 0.268335125214 0.965425936943 0.680519520096 0.0 0.0
国际 0.0 0.472258522139 0.08 0.346573178106 0.944101705057 0.772154712107 0.0315789473684 0.0
会展 0.0 0.331423365258 0.08 0.320971045928 0.903063206785 0.32270252128 0.0 0.0
变革 0.0 0.222412601137 0.08 0.353599929885 0.894741378292 0.495050124219 0.0 0.0
国内 0.0 0.16776946154 0.08 0.40950031452 0.973605628576 0.624992369547 0.0 0.0
创始人 0.0 0.257690633373 0.2 0.494144429041 0.990517935017 0.563040698217 0.0105263157895 0.0
应该 0.0 0.37099392922 0.08 0.370692533682 0.880659620193 0.659307045575 0.0 0.0
视频 0.0 0.408633434011 0.08 0.335959167119 0.923369879277 0.710274415661 0.0 0.0
强国 0.0 0.265740524881 0.08 0.27315051254 0.797817007891 0.4609708373 0.0105263157895 0.0
演讲 0.0 0.195627192508 0.08 0.237652983536 0.937864919874 0.619534328029 0.0105263157895 0.0
数字 0.0 0.981485537381 0.08 0.334729619308 0.926988855038 0.742007747497 0.0736842105263 0.0
已经 0.0 0.383276416976 0.08 0.279392907588 0.983532711387 0.87131397433 0.0 0.0
精准 0.0 0.266018092354 0.08 0.412974763179 0.93104913171 0.608857503563 0.0 0.0
基础 0.0 0.332475230653 0.08 0.281166487794 0.956945814686 0.70876161151 0.0 0.0
推动 0.0 0.38668693751 0.08 0.308609459473 0.932178462351 0.701960670324 0.0105263157895 0.0
目前 0.0 0.325535223955 0.08 0.345624077194 0.962350662049 0.743466008856 0.0 0.0
战略 0.0 0.283873213655 0.08 0.424605084078 0.918265818991 0.715144174088 0.0 0.0
董事局 0.0 0.251083599657 0.2 0.430072441489 0.95189883461 0.403631356744 0.0 0.0
社会 0.0 0.419130196363 0.08 0.296433649582 0.949294813415 0.720615123085 0.0 0.0
举行 0.0 0.248404423295 0.08 0.411669614183 0.913982216311 0.4966467451 0.0 0.0
包括 0.0 0.27311363336 0.08 0.297748694813 0.994378347305 0.776653182257 0.0 0.0
实现 0.0 0.322487076563 0.08 0.30197630003 0.957223570319 0.820339174362 0.0 0.0
成为 0.0 0.437804512238 0.08 0.323263939367 0.979260461311 0.82087389043 0.0210526315789 0.0
活动 0.0 0.232396367986 0.08 0.339151146921 0.934859096951 0.557029371708 0.0105263157895 0.0
摩拜 0.0 0.243939188382 0.08 0.193819016351 0.945583801973 0.590007958727 0.0 0.0
机会 0.0 0.184776367697 0.08 0.345602744844 0.955476189831 0.579127448693 0.0 0.0
未来 0.0 0.434409787141 0.08 0.254272778684 0.977480999736 0.826110462344 0.0421052631579 0.0
识别 0.0 0.342787373528 0.08 0.235342820291 0.927121454921 0.681949894752 0.0 0.0
政府 0.0 0.210671337697 0.08 0.332446131732 0.880944499212 0.607308612174 0.0 0.0
报道 0.0 0.188273357413 0.08 0.330520506448 0.954995270471 0.550755551642 0.0 0.0
发展 0.0 0.828785847166 0.08 0.286823425088 0.964691913268 0.883435073704 0.147368421053 0.0
进行 0.0 0.311023481332 0.08 0.323904111959 0.977951807152 0.823985108957 0.0105263157895 0.0
财经 0.0 0.188630164933 0.08 0.305177428139 0.92056737299 0.260123008989 0.0 0.0
化腾 0.0 0.335357379927 0.08 0.320087265167 0.888931881259 0.539735363092 0.0105263157895 0.0
能够 0.0 0.286307694552 0.08 0.293202822009 0.963477087567 0.774290404584 0.0 0.0
机遇 0.0 0.237544926643 0.08 0.367750487948 0.895711833356 0.552594057007 0.0105263157895 0.0
3日 0.0 0.201923489444 0.0 0.33235026036 0.973399903118 0.551575295862 0.0 0.0
召开 0.0 0.224508026361 0.08 0.290040122749 0.961043165178 0.451691622096 0.0210526315789 0.0
亮相 0.0 0.250315460047 0.08 0.303341389873 0.863330072846 0.635119082561 0.0736842105263 0.0
体系 0.0 0.341321902614 0.08 0.36916688013 0.903924305525 0.517832701605 0.0 0.0
显示 0.0 0.26443489553 0.08 0.433548140639 0.937836281376 0.671361749869 0.0 0.0
经验 0.0 0.195627192508 0.08 0.290256106755 0.940478994075 0.551079896523 0.0 0.0
网易 0.0 0.426126598405 0.08 0.428270311587 0.694892515275 0.735264054783 0.0 0.0
开放 0.0 0.343418154923 0.08 0.309788787353 0.929823923546 0.566495662271 0.0105263157895 0.0
工作 0.0 0.370133601999 0.08 0.293855554577 0.982749496652 0.704109851779 0.0105263157895 0.0
蓝皮书 2.0 0.314757411333 0.2 0.422037748819 0.812392008395 0.497306731478 0.0315789473684 0.0
大脑 0.0 0.273002878787 0.08 0.223305974852 0.904960410692 0.605653898833 0.0 0.0
自动 0.0 0.267062302879 0.08 0.149236201596 0.906750717015 0.641854302697 0.0 0.0
企业 0.0 0.497581625113 0.08 0.327178280365 0.963325899689 0.885296847426 0.0315789473684 0.0
讨论 0.0 0.162424532074 0.08 0.303589188809 0.93426210778 0.326316820142 0.0 0.0
意义 0.0 0.216821774383 0.08 0.35087951194 0.909000852015 0.563314427126 0.0 0.0
信息 0.0 0.301790554732 0.08 0.302887281197 0.964960749141 0.77627761844 0.0105263157895 0.0
出行 0.0 0.449510696438 0.08 0.315582709985 0.965320062263 0.675036560684 0.0 0.0
领域 0.0 0.451724541259 0.08 0.289694009859 0.98427687554 0.823808176832 0.0 0.0
主题 0.0 0.21712133659 0.08 0.341760196398 0.932727943642 0.582894402389 0.0 0.0
科技 0.0 0.412660983499 0.08 0.280213363632 0.992832577338 0.884296538928 0.0736842105263 0.0
实体 0.0 0.225258656531 0.08 0.237007006897 0.816374755732 0.335240127221 0.0 0.0
融合 0.0 0.226655948756 0.08 0.260822153842 0.950651020358 0.547031175124 0.0 0.0
2017 0.0 0.401534575184 0.0 0.342541635281 0.926091297919 0.309255590188 0.0 0.0
快手 0.0 0.303741504469 0.08 0.444653283414 0.581979603387 0.568145478789 0.0105263157895 0.0
模式 0.0 0.275435724295 0.08 0.345454250727 0.949836442901 0.640501728813 0.0 0.0
达到 0.0 0.192872783415 0.08 0.28163556906 0.937945758071 0.610817685545 0.0 0.0
智能 0.0 0.401037045534 0.08 0.30995134908 0.973855147709 0.836226667871 0.0105263157895 0.0
论坛 0.0 0.27780797646 0.08 0.350356210759 0.906440032393 0.645029618183 0.0105263157895 0.0
了解 0.0 0.193917665332 0.08 0.340598797077 0.952057726286 0.543056935773 0.0 0.0
柔性 0.0 0.447008196465 0.08 0.73997130804 0.617637109096 0.577799309038 0.0105263157895 0.0
共同体 0.0 0.465291290552 0.2 0.320164657152 0.890736060787 0.401867977484 0.0421052631579 0.0
公司 0.0 0.615549070225 0.08 0.315098857103 0.984847297773 0.820448808096 0.0210526315789 0.0
4日 0.0 0.238288804662 0.0 0.376879909473 0.957749614205 0.499898063913 0.0 0.0
空间 0.0 0.579246549731 0.08 0.324239539096 0.923756733872 0.514628337068 0.0421052631579 0.0
资本 0.0 0.365613786086 0.08 0.456888445913 0.819931179439 0.608420114954 0.0 0.0
华为 0.0 0.33776670447 0.08 0.299339088095 0.935918064877 0.692393681253 0.0 0.0
推进 0.0 0.313288554037 0.08 0.317984441819 0.857669018028 0.641338075209 0.0 0.0
大会 0.0 0.00748527634901 0.08 0.291459813179 0.974308316388 0.742840321449 0.694736842105 0.0
帮助 0.0 0.217600303131 0.08 0.278421531114 0.926904807959 0.706364507349 0.0 0.0
智慧 0.0 0.268570701195 0.08 0.300620855198 0.929671698367 0.646331265369 0.0105263157895 0.0
增长 0.0 0.26443489553 0.08 0.374318287801 0.925560734673 0.659832452821 0.0 0.0
各国 0.0 0.441863783011 0.08 0.269098045662 0.845124401489 0.64699110491 0.0 0.0
动力 0.0 0.191701510135 0.08 0.344602075995 0.89177226905 0.518902938117 0.0 0.0
全面 0.0 0.237544926643 0.08 0.299783421673 0.918992527178 0.692820035311 0.0105263157895 0.0
主要 0.0 0.22856764284 0.08 0.264053837661 0.993664044212 0.633715576556 0.0105263157895 0.0
解决 0.0 0.321364847011 0.08 0.253274219764 0.95946274702 0.683455472928 0.0105263157895 0.0
本届 0.0 0.325981578607 0.08 0.45012340943 0.919205859732 0.566240689578 0.0105263157895 0.0
共建 0.0 0.279298266405 0.08 0.310643416202 0.888314555761 0.280862371893 0.0210526315789 0.0
最新 0.0 0.203752993365 0.08 0.320301848204 0.907672494292 0.492452505924 0.0 0.0
2日 0.0 0.317041803039 0.0 0.309876862144 0.791846113248 0.410020795936 0.0 0.0
地区 0.0 0.202423894847 0.08 0.308773412052 0.893529161338 0.566412724929 0.0 0.0
水平 0.0 0.200969199134 0.08 0.402688311618 0.884046090373 0.568797867196 0.0105263157895 0.0
利用 0.0 0.173565687221 0.08 0.222087903266 0.93664802959 0.6365831441 0.0 0.0
设施 0.0 0.254738672071 0.08 0.210154706509 0.938435032014 0.550143683399 0.0 0.0
能力 0.0 0.239617723048 0.08 0.249731250922 0.970206448656 0.626998565953 0.0 0.0
共同 0.0 0.631235129035 0.08 0.324753705702 0.927210046579 0.727726845506 0.0105263157895 0.0
应用 0.0 0.371420993103 0.08 0.322121337254 0.965605749647 0.749109515534 0.0 0.0
革命 0.0 0.258688881463 0.08 0.39345824709 0.856080269778 0.482453735573 0.0 0.0
平台 0.0 0.492583083513 0.08 0.259774253194 0.969181620814 0.860260823093 0.0 0.0
积极 0.0 0.224742293081 0.08 0.41671014244 0.823270560086 0.621825701461 0.0 0.0
饭局 2.0 0.613623543729 0.08 0.391301872196 0.742684937216 0.73220211144 0.0631578947368 0.0
看到 0.0 0.236889974435 0.08 0.236215232627 0.935588429202 0.702503250378 0.0 0.0
责任 0.0 0.26443489553 0.08 0.351916775952 0.927033104379 0.627510301935 0.0105263157895 0.0
深度 0.0 0.22411445549 0.08 0.376618163397 0.896641687657 0.52473190609 0.0105263157895 0.0
举办 0.0 0.173172267517 0.08 0.324963996639 0.88958906584 0.532221186246 0.0 0.0
会议 0.0 0.203947476029 0.08 0.317181528101 0.914964673564 0.678030438518 0.0 0.0
峰会 0.0 0.250975397797 0.08 0.293420991538 0.886891688145 0.637545606633 0.0105263157895 0.0
重要 0.0 0.32653276006 0.08 0.323456548385 0.973417326697 0.722496522247 0.0 0.0
中国 0.0 0.748532703706 0.08 0.288616575081 0.98186362659 1.0 0.115789473684 0.0
高度 0.0 0.179659282422 0.08 0.401096621852 0.910852175574 0.615545009486 0.0105263157895 0.0
表示 0.0 0.403593518288 0.08 0.363644366527 0.983801867804 0.793706974842 0.0 0.0
苹果 0.0 0.278305936265 0.08 0.245173462619 0.955771955911 0.613292235759 0.0105263157895 0.0
主席 0.0 0.559990514575 0.08 0.371983499229 0.950581013363 0.670736224438 0.0210526315789 0.0
市场 0.0 0.280675289622 0.08 0.4899533495 0.910370381583 0.737316720149 0.0 0.0
浙江 0.0 0.241412108258 0.08 0.342848921266 0.946239149421 0.473508837378 0.0210526315789 0.0
第四 0.0 0.103902233844 0.08 0.308216976225 0.968918516445 0.391903569315 0.231578947368 0.0
单车 0.0 0.217600303131 0.08 0.162586184905 0.973800314042 0.558794286188 0.0 0.0
开幕式 2.0 0.217423408731 0.2 0.476341407936 0.907992129047 0.595530059202 0.0 0.0
安全 0.0 0.597522663295 0.08 0.260869563436 0.927685297049 0.777238685576 0.0315789473684 0.0
不断 0.0 0.295363050612 0.08 0.300162152255 0.943384130511 0.726316805385 0.0 0.0
项目 0.0 0.274733011619 0.08 0.275941744387 0.947599215098 0.680843747012 0.0105263157895 0.0
内容 0.0 0.240364915556 0.08 0.271925137459 0.921935787412 0.716278475644 0.0105263157895 0.0
投资 0.0 0.267062302879 0.08 0.345183671267 0.953229843376 0.717261796898 0.0 0.0
网络 0.0 0.950972979089 0.08 0.322987750556 0.953030674508 0.839837231216 0.0842105263158 0.0
新闻 0.0 0.26443489553 0.08 0.30901212159 0.875662649345 0.710011692445 0.0210526315789 0.0
问题 0.0 0.367664111512 0.08 0.199701725175 0.96452799172 0.75436474389 0.0105263157895 0.0
股吧 0.0 0.14825822807 0.08 0.323834638931 0.899934360602 0.0 0.0 0.0
计划 0.0 0.243939188382 0.08 0.545918090149 0.937292278516 0.531454159908 0.0105263157895 0.0
指出 0.0 0.20774204725 0.08 0.34211563946 0.873975352046 0.504058699146 0.0 0.0
进入 0.0 0.243780885821 0.08 0.29915603718 0.975864261599 0.682829430326 0.0 0.0
关键 0.0 0.26443489553 0.08 0.295429076436 0.869490676352 0.514203189837 0.0 0.0
参与 0.0 0.205256569268 0.08 0.351298417838 0.936956092868 0.653813377138 0.0 0.0
需要 0.0 0.352013063749 0.08 0.207119437328 0.961225421784 0.788053379453 0.0 0.0
挑战 0.0 0.24288899261 0.08 0.274295697688 0.799146584727 0.493575533764 0.0 0.0
推出 0.0 0.292182567127 0.08 0.501357236424 0.912612925872 0.659414678674 0.0 0.0
数据 0.0 0.536943612697 0.08 0.304888874861 0.951406974673 0.768865096019 0.0 0.0
治理 0.0 0.503823300135 0.08 0.274760049453 0.908094178645 0.614151902193 0.0105263157895 0.0
构建 0.0 0.327048310081 0.08 0.270524868936 0.87071034234 0.539242953265 0.0 0.0
前沿 0.0 0.256238416128 0.08 0.471104945708 0.867573121138 0.440267564812 0.0 0.0
本次 0.0 0.192872783415 0.08 0.376814822739 0.925751019952 0.566598370009 0.0 0.0
董事长 0.0 0.240364915556 0.2 0.380591363925 0.992617981996 0.590612457882 0.0 0.0
地点 0.0 0.447760826344 0.08 0.318078441012 0.797971372292 0.29522754497 0.0 0.0
翻译 0.0 0.500735017519 0.08 0.615311906798 0.368268771837 0.645433088816 0.0105263157895 0.0
集团 0.0 0.25318780965 0.08 0.422703643758 1.0 0.664086419688 0.0 0.0
第一 0.0 0.395332359389 0.08 0.229830033814 0.992982588647 0.784391642866 0.0315789473684 0.0
人类 0.0 0.521482211921 0.08 0.239049301392 0.936009336706 0.791306610126 0.0 0.0
第三 0.0 0.224508026361 0.08 0.358709642494 0.984377594492 0.650371712976 0.0 0.0
趋势 0.0 0.2431968713 0.08 0.393827498957 0.91707250306 0.498411535933 0.0 0.0
沈南鹏 0.0 0.298283569666 0.2 0.447867415483 0.511814121524 0.585932698795 0.0105263157895 0.0
超过 0.0 0.302269512143 0.08 0.284948552946 0.97136261359 0.728257641945 0.0 0.0
新浪 0.0 0.195883786539 0.08 0.291329913713 0.925753357957 0.3364621802 0.0631578947368 0.0
目标 0.0 0.216821774383 0.08 0.258360021673 0.940200552763 0.60433752509 0.0 0.0
物联网 0.0 0.201752913131 0.2 0.48656198216 0.922529076873 0.520095361464 0.0 0.0
介绍 0.0 0.28794063893 0.08 0.31587691991 0.946915353721 0.640824857626 0.0 0.0
关注 0.0 0.207123221188 0.08 0.263117771931 0.963826099373 0.695872956938 0.0105263157895 0.0
学习 0.0 0.180919522317 0.08 0.306629177687 0.961436929646 0.625940666242 0.0 0.0
世界 0.0 0.0728291058179 0.08 0.286791508477 0.972508674779 0.770160142829 0.652631578947 0.0
过去 0.0 0.488660111777 0.08 0.242267734964 0.929427308586 0.628830221053 0.0 0.0
金融 0.0 0.359675173036 0.08 0.343659325563 0.935200802005 0.673712938576 0.0105263157895 0.0
经济 0.0 1.0 0.08 0.30857425647 0.953039099563 0.80653812292 0.0842105263158 0.0
系统 0.0 0.477944678209 0.08 0.294398791797 0.925669593838 0.807249050346 0.0 0.0
北京 0.0 0.160638558201 0.08 0.255865069603 0.969244201787 0.583786229261 0.0 0.0
乌镇 0.0 0.0210439075361 0.08 0.283573387488 0.975331869268 0.888808722834 0.484210526316 0.0
带来 0.0 0.271110608561 0.08 0.301782396042 0.946511752643 0.662137356567 0.0105263157895 0.0
行业 0.0 0.296125721634 0.08 0.269748448527 0.955743679029 0.720781528758 0.0210526315789 0.0
腾讯 0.0 0.397466634664 0.08 0.371175625689 0.987042976184 0.734688421721 0.0 0.0
今天 0.0 0.280075667171 0.08 0.150878354944 0.966717074219 0.652375087278 0.0105263157895 0.0
参加 0.0 0.233354862007 0.08 0.426683326322 0.89908562742 0.621709001814 0.0 0.0
博览会 0.0 0.331780238327 0.2 0.399991080404 0.879412733829 0.524074489722 0.0105263157895 0.0
生活 0.0 0.289537499409 0.08 0.311993138513 0.92889174431 0.70878707409 0.0315789473684 0.0
移动 0.0 0.251924093328 0.08 0.227421985153 0.94960395598 0.688288857887 0.0 0.0
我国 0.0 0.267062302879 0.08 0.354856243344 0.886884641762 0.643084519084 0.0 0.0
广泛 0.0 0.196293074894 0.08 0.408997488379 0.861674361827 0.466715196706 0.0 0.0
搜狐 0.0 0.433463234421 0.08 0.503531616887 0.848314579034 0.669440760709 0.0 0.0
指数 0.0 0.305501257236 0.08 0.340849371226 0.754005694083 0.411276427817 0.0 0.0
嘉宾 0.0 0.310362687523 0.08 0.363994223474 0.955829270894 0.765222883749 0.0105263157895 0.0
互联网 0.0 0.0503763690478 0.2 0.291459813179 0.974308316388 0.977124033034 1.0 0.0
总裁 0.0 0.274844567609 0.08 0.474688632999 0.910705114929 0.519223388195 0.0 0.0
媒体 0.0 0.331780238327 0.08 0.343365783129 0.938874700693 0.739692107866 0.0 0.0
手机 0.0 0.311412517985 0.08 0.241785920558 0.941239559873 0.744625162222 0.0210526315789 0.0
丁磊 2.0 0.373896950524 0.08 0.314741887237 0.838516722037 0.685498475728 0.0315789473684 0.0
报告 0.0 0.574245897794 0.08 0.420646462047 0.853382907206 0.366433747693 0.0421052631579 0.0
时间 0.0 0.409284880027 0.08 0.268593319986 0.994959896618 0.782778710703 0.0210526315789 0.0
工业 0.0 0.268427651609 0.08 0.491444824108 0.880198080998 0.63132499002 0.0 0.0
时代 0.0 0.468459716499 0.08 0.328813558519 0.95528478395 0.751409411961 0.0315789473684 0.0
美国 0.0 0.271652934758 0.08 0.280935336006 0.957276492537 0.728076229342 0.0 0.0
研究 0.0 0.179659282422 0.08 0.214172594738 0.948221452188 0.592328090828 0.0 0.0
2017年 0.0 0.260471204941 0.12 0.277480676987 0.958614733868 0.582371327499 0.0 0.0
张朝阳 1.0 0.369881846804 0.2 0.368421216907 0.883295910654 0.652463261269 0.0105263157895 0.0
贺信 0.0 0.563142776983 0.08 0.349534946542 0.723448649505 0.562436116021 0.0631578947368 0.0
管理 0.0 0.196293074894 0.08 0.300420055527 0.940178864485 0.660798727362 0.0 0.0
雷军 2.0 0.327286120073 0.08 0.320929182237 0.851455123574 0.609358281438 0.0 0.0
今年 0.0 0.423675404925 0.08 0.311126201412 0.983900883709 0.787386671926 0.0315789473684 0.0
12月 0.0 0.170459279721 0.04 0.315646495895 0.973651142153 0.632175110151 0.0 0.0
用户 0.0 0.328283191343 0.08 0.26306768317 0.95810723015 0.755648276507 0.0 0.0
命运 0.0 0.465291290552 0.08 0.320164657152 0.890736060787 0.331293769766 0.0421052631579 0.0
记者 0.0 0.533210403503 0.08 0.347334307256 0.968251577819 0.864877751451 0.0105263157895 0.0
方面 0.0 0.346925938805 0.08 0.285315105648 0.948881247323 0.754901420098 0.0 0.0
产业 0.0 0.495859550083 0.08 0.326800224539 0.966387898047 0.784517964558 0.0315789473684 0.0
共识 0.0 0.231947591587 0.08 0.387413433216 0.799249720748 0.475935361906 0.0105263157895 0.0
文化 0.0 0.281933356318 0.08 0.275321982775 0.91493984766 0.64314232953 0.0105263157895 0.0
全球 0.0 0.425423999346 0.08 0.322048822945 0.975184517884 0.941444921851 0.105263157895 0.0
上午 0.0 0.188273357413 0.08 0.435609381786 0.959699224958 0.447274448389 0.0 0.0
技术 0.0 0.50552717826 0.08 0.320149298165 0.981114259553 0.951012131297 0.0315789473684 0.0
国家 0.0 0.401947740298 0.08 0.312810630483 0.931222639103 0.812699840121 0.0 0.0
分享 0.0 0.335555933447 0.08 0.299136442941 0.931199629379 0.711378405874 0.0105263157895 0.0
发布 0.0 0.45245645472 0.08 0.344692425669 0.943736717158 0.705844769389 0.0842105263158 0.0
进一步 0.0 0.176079616036 0.2 0.294583853552 0.949420337295 0.653837276369 0.0 0.0
整个 0.0 0.184776367697 0.08 0.156679616933 0.981487632236 0.6730155964 0.0 0.0
体验 0.0 0.231426370693 0.08 0.401054555636 0.936505511306 0.651952025621 0.0526315789474 0.0
指标 0.0 0.529146427499 0.08 0.310111964289 0.66013074624 0.456972109722 0.0 0.0
李彦宏 2.0 0.243386625261 0.2 0.323650671561 0.899919993925 0.588398393408 0.0315789473684 0.0
大佬 0.0 0.300555988542 0.08 0.270263104798 0.900594904924 0.611656071149 0.0526315789474 0.0
成果 0.0 0.434784574125 0.08 0.312122884341 0.94861527847 0.691933676654 0.0315789473684 0.0
合作 0.0 0.487578320648 0.08 0.361165948228 0.931005607368 0.779323526185 0.0105263157895 0.0
担心 0.0 0.53248458411 0.08 0.138672584143 0.812367131705 0.500902124038 0.0 0.0
努力 0.0 0.16776946154 0.08 0.302617341405 0.871939109341 0.486795471406 0.0 0.0
习近平 2.0 0.411476007813 0.2 0.428981927551 0.754682460386 0.581033307696 0.0526315789474 0.0
机器 0.0 0.687538276719 0.08 0.308928149501 0.912251962764 0.74215854528 0.0 0.0
库克 2.0 0.327116877928 0.08 0.308456105263 0.963938784127 0.679749194474 0.0315789473684 0.0
领先 0.0 0.332345659224 0.08 0.396415796204 0.96822156352 0.601327841263 0.0210526315789 0.0
滴滴 0.0 0.534576092431 0.08 0.315833798769 0.931864484943 0.733211233408 0.0210526315789 0.0
提供 0.0 0.267537949565 0.08 0.38874324747 0.98197358806 0.793852811462 0.0105263157895 0.0
开幕 0.0 0.256160685235 0.08 0.330155417473 0.96256688453 0.493486519257 0.157894736842 0.0
产品 0.0 0.440520113233 0.08 0.392730165492 0.982579662097 0.808724492593 0.0 0.0
创新 0.0 0.618649456884 0.08 0.257835888688 0.964784884587 0.838424443665 0.0315789473684 0.0
认为 0.0 0.412736954066 0.08 0.313406181328 0.94065240818 0.710223224733 0.0 0.0
出现 0.0 0.25554132384 0.08 0.184478194853 0.948972346576 0.697339904179 0.0 0.0
百度 0.0 0.342119880007 0.08 0.374464401126 0.982896351775 0.658727129028 0.0 0.0
近平 0.0 0.262030957442 0.08 0.302260810586 0.725696309956 0.48029001383 0.0210526315789 0.0
携手 0.0 0.252357719533 0.08 0.334304917808 0.893248001863 0.324785526981 0.0210526315789 0.0
浙江省 0.0 0.186082417532 0.2 0.403436693687 0.909836302406 0.379354058677 0.0 0.0
代表 0.0 0.233880036242 0.08 0.284361215946 0.958064267355 0.618394780683 0.0 0.0
知名 0.0 0.177107806455 0.08 0.45069322617 0.898688163744 0.332767293013 0.0 0.0
正在 0.0 0.303754364113 0.08 0.310547402841 0.972193494969 0.763894027784 0.0105263157895 0.0
提出 0.0 0.327048310081 0.08 0.260259938647 0.899407322929 0.684808207331 0.0 0.0
展示 0.0 0.290432395985 0.08 0.405990768216 0.931896415662 0.70710956715 0.0105263157895 0.0
交流 0.0 0.276457749706 0.08 0.38454212641 0.908530414256 0.623157776696 0.0 0.0
机器人 0.0 0.314446502679 0.2 0.426559366892 0.942401478028 0.727990528356 0.0210526315789 0.0
马化腾 0.0 0.249547693444 0.2 0.307957470468 0.948035972745 0.559640703789 0.0315789473684 0.0
支付 0.0 0.21716203057 0.08 0.0591066433645 0.896398907962 0.585267008647 0.0210526315789 0.0
阿里巴巴 0.0 0.25554132384 0.32 0.340505620748 0.967534704098 0.588199439371 0.0 0.0
交通 0.0 0.303093462545 0.08 0.107078236913 0.951667694591 0.687543445492 0.0105263157895 0.0
执行官 0.0 0.224921887929 0.2 0.404410128913 0.978539463895 0.401759125237 0.0 0.0
越来越 0.0 0.23363512425 0.2 0.170680468935 0.958575234282 0.690775633548 0.0 0.0
方案 0.0 0.278305936265 0.08 0.210665395778 0.93435067758 0.614702025348 0.0105263157895 0.0
传统 0.0 0.202981027604 0.08 0.329516748668 0.926838958433 0.634795373866 0.0 0.0
期间 0.0 0.192872783415 0.08 0.518789273875 0.948189514169 0.511982983191 0.0 0.0
使用 0.0 0.208448352967 0.08 0.393381482372 0.995287591785 0.674062403649 0.0 0.0
扶贫 2.0 0.296790306652 0.08 0.477312093156 0.820104734697 0.561378042573 0.0105263157895 0.0
共享 0.0 0.460401858962 0.08 0.293207772249 0.940809599816 0.702558454481 0.0105263157895 0.0
促进 0.0 0.285952348034 0.08 0.29827792682 0.906194722461 0.474802823382 0.0 0.0
现在 0.0 0.28010539113 0.08 0.333939543708 0.953637227887 0.678443240353 0.0 0.0
现场 0.0 0.293691469682 0.08 0.433091864546 0.952836635086 0.737952911919 0.0315789473684 0.0
服务 0.0 0.439842069133 0.08 0.289504188406 0.970456785949 0.83980154148 0.0210526315789 0.0
人工智能 3.0 0.575809973354 0.32 0.315595834007 0.97480655576 0.908828304596 0.0736842105263 0.0
互联 0.0 0.232776711415 0.08 0.286450426498 0.903437386848 0.606856958466 0.0 0.0
创造 0.0 0.306222603473 0.08 0.261876372912 0.892308221324 0.66106494566 0.0 0.0
组织 0.0 0.259514329963 0.08 0.319388826416 0.941191643537 0.627571478746 0.0105263157895 0.0
建设 0.0 0.316075218785 0.08 0.299104014693 0.906877094398 0.653838243944 0.0 0.0
规模 0.0 0.224508026361 0.08 0.30749724301 0.934855974288 0.670122215937 0.0 0.0
新+技术 1.0 0.310419129903 0.24 0.341031168786 0.944102373257 0.508091028455 0.0 0.5
12月+4日 0.0 0.222412601137 0.24 0.362405911063 0.934319566503 0.386051770689 0.0 0.5
乌镇+世界 0.0 0.158403929735 0.36 0.350886516636 0.772276336756 0.156655584792 0.0631578947368 0.5
世界+互联网 0.0 0.0423499893456 0.48 0.286791508477 0.972508674779 0.465887081747 0.578947368421 0.5
互联网+大会 0.0 0.0 0.48 0.291459813179 0.974308316388 0.487179660929 0.663157894737 0.5
科技+成果 3.0 0.277836340103 0.36 0.387985802573 0.951165155398 0.377614307546 0.0210526315789 0.5
智能+手机 0.0 0.125396813173 0.36 0.382659023827 0.83869288989 0.35995510487 0.0 0.5
人类+社会 0.0 0.123562536813 0.36 0.242399417854 0.870790650186 0.270015236629 0.0 0.5
解决+方案 0.0 0.171743245434 0.36 0.367511662213 0.923145397186 0.31517458634 0.0 0.5
移动+互联网 0.0 0.114394440985 0.48 0.396468622168 0.846230141632 0.341269930312 0.0 0.5
副+总裁 0.0 0.188927479114 0.24 0.548642371357 0.848437725028 0.379730509933 0.0 0.5
成为+全球 0.0 0.15948713045 0.36 0.323696249224 0.90793812932 0.371099465773 0.0 0.5
人工智能+技术 3.0 0.120852524379 0.6 0.433387579737 0.85923297369 0.389669824447 0.0 0.5
全球+范围 0.0 0.112876299999 0.36 0.561830086735 0.867860159478 0.236061452139 0.0 0.5
互联网+行业 0.0 0.119246813444 0.48 0.250401367255 0.726725086329 0.291720054001 0.0210526315789 0.5
张+朝阳 1.0 0.174631721659 0.24 0.675828500734 0.590781522713 0.355136683595 0.0105263157895 0.5
第四+届 0.0 0.107789298317 0.24 0.316506074877 0.967067857094 0.223275325714 0.231578947368 0.5
届+世界 0.0 0.160793580802 0.24 0.339098411841 0.964178226022 0.174101806499 0.231578947368 0.5
乌镇+时间 0.0 0.126102812184 0.36 0.289685243019 0.908265762556 0.156154493643 0.0210526315789 0.5
董事局+主席 0.0 0.251083599657 0.48 0.430072441489 0.95189883461 0.322005461076 0.0 0.5
互联网+时代 0.0 0.120852524379 0.48 0.400280122371 0.838394193889 0.355136683595 0.0 0.5
20+年 0.0 0.123562536813 0.08 0.274567776333 0.883347045912 0.165483171262 0.0 0.5
人工+智能 3.0 0.119138448018 0.36 0.445391878344 0.880476494464 0.306817555726 0.0 0.5
互联网+公司 0.0 0.243386625261 0.48 0.233370190203 0.898419882113 0.36797491045 0.0 0.5
互联网+企业 0.0 0.290636656238 0.48 0.404873868466 0.94040278143 0.472663565368 0.0105263157895 0.5
互联网+技术 0.0 0.155732184363 0.48 0.270736149931 0.88255440139 0.355181024878 0.0 0.5
中国+互联网 0.0 0.40940159834 0.48 0.377800465117 0.952507397963 0.432171723755 0.0526315789474 0.5
浙江+乌镇 0.0 0.243209680232 0.36 0.339062065278 0.933275940642 0.267818355353 0.0210526315789 0.5
乌镇+召开 0.0 0.120852524379 0.36 0.422992431297 0.833340838827 0.169040104613 0.0105263157895 0.5
互联网+精准 0.0 0.122198466089 0.48 0.511051807039 0.810237508847 0.109807075813 0.0 0.5
精准+扶贫 3.0 0.15948713045 0.36 0.511051807039 0.810237508847 0.280295293526 0.0 0.5
分+论坛 0.0 0.178247169732 0.24 0.359349342818 0.848970515802 0.253808915286 0.0105263157895 0.5
信息+技术 0.0 0.180919522317 0.36 0.445812219362 0.867135394631 0.412221432085 0.0105263157895 0.5
首席+执行官 0.0 0.215938335588 0.48 0.404410128913 0.978539463895 0.352739621377 0.0 0.5
基础+设施 0.0 0.245263059357 0.36 0.220162612034 0.919632593612 0.484453091741 0.0 0.5
本届+世界 0.0 0.103391599373 0.36 0.438212372686 0.869644437283 0.0624426203223 0.0 0.5
互联网+发展 0.0 0.786214430669 0.48 0.317201546457 0.928722686391 0.523208012632 0.0947368421053 0.5
新+时代 0.0 0.247953119698 0.24 0.305107355707 0.856456118675 0.40255598639 0.0210526315789 0.5
12月+3日 0.0 0.174998281158 0.24 0.318009942939 0.967029903096 0.355025795085 0.0 0.5
3日+上午 0.0 0.137372323563 0.28 0.527237676621 0.845578257009 0.221858151438 0.0 0.5
本届+大会 0.0 0.257690633373 0.36 0.477484042217 0.87198496354 0.24928085074 0.0105263157895 0.5
发展+数字 0.0 0.251902943403 0.36 0.328230741167 0.893925430658 0.19668592954 0.0 0.5
数字+经济 0.0 0.819545901356 0.36 0.329017246376 0.923097607099 0.541504174407 0.0631578947368 0.5
经济+促进 0.0 0.18225499004 0.36 0.355264121864 0.893216871648 0.0 0.0 0.5
促进+开放 0.0 0.200074931551 0.36 0.338808404621 0.894539035436 0.0778631104117 0.0 0.5
开放+共享 0.0 0.237755327923 0.36 0.338808404621 0.894539035436 0.185734684069 0.0 0.5
携手+共建 0.0 0.218651325308 0.36 0.325742442614 0.880256097807 0.109374283564 0.0105263157895 0.5
共建+网络 0.0 0.232084048648 0.36 0.308637520828 0.88574613009 0.117737391147 0.0210526315789 0.5
网络+空间 0.0 0.551091805629 0.36 0.324239539096 0.923756733872 0.434525438046 0.0421052631579 0.5
空间+命运 0.0 0.38370505484 0.36 0.324175762741 0.887738988772 0.168012749414 0.0421052631579 0.5
命运+共同体 2.0 0.458583994495 0.48 0.320164657152 0.890736060787 0.259566224208 0.0421052631579 0.5
中国+国家 0.0 0.0980965290512 0.36 0.290301577997 0.743860489187 0.230945700508 0.0 0.5
国家+主席 0.0 0.103391599373 0.36 0.530084246211 0.722651380472 0.118965470878 0.0 0.5
习+近平 2.0 0.253627085184 0.24 0.287294828027 0.714089665048 0.328481316116 0.0105263157895 0.5
项+原则 0.0 0.132393070183 0.24 0.220952559975 0.631684755136 0.144068453276 0.0 0.5
推动+世界 0.0 0.113477068093 0.36 0.304637980453 0.665570259532 0.0829387687197 0.0 0.5
世界+各国 0.0 0.379090344939 0.36 0.289719330466 0.760819012094 0.383463184324 0.0 0.5
各国+共同 0.0 0.11799652996 0.36 0.36316069379 0.726758083981 0.125780685875 0.0 0.5
共同+搭乘 0.0 0.129659407501 0.36 0.366566718146 0.664160600919 0.0618888153778 0.0 0.5
搭乘+互联网 0.0 0.133648005532 0.48 0.304637980453 0.665570259532 0.0492350622727 0.0 0.5
经济+发展 0.0 0.470945922775 0.36 0.343232170595 0.881784870227 0.431538860448 0.0315789473684 0.5
增进+共识 0.0 0.0875755695679 0.36 0.287105954729 0.695790597525 0.0455311599369 0.0 0.5
深化+互联网 0.0 0.0980965290512 0.48 0.267534030263 0.659309447108 0.107323047918 0.0 0.5
交流+合作 0.0 0.151906057502 0.36 0.400337479104 0.830895181869 0.210633698803 0.0 0.5
发展+成果 0.0 0.129659407501 0.36 0.263817010712 0.688609936451 0.136055627898 0.0 0.5
造福+世界 0.0 0.109311978575 0.36 0.281202034289 0.647073686436 0.118548726516 0.0 0.5
围绕+数字 0.0 0.0986207363565 0.36 0.603235381427 0.759539473447 0.0335617645256 0.0 0.5
前沿+技术 0.0 0.217589682029 0.36 0.455936891068 0.857797517262 0.275019601431 0.0 0.5
空间+治理 0.0 0.182997960368 0.36 0.451928926653 0.863768159198 0.271782548191 0.0 0.5
世界+经济 0.0 0.191411046297 0.36 0.262610382301 0.774584242366 0.283105845328 0.0 0.5
已经+成为 0.0 0.119138448018 0.36 0.385322307577 0.834617806222 0.291550534456 0.0 0.5
全球+经济 0.0 0.132393070183 0.36 0.35144782977 0.729974480215 0.295394571949 0.0 0.5
经济+增长 0.0 0.109311978575 0.36 0.485776566628 0.793218222722 0.280762851785 0.0 0.5
实体+经济 0.0 0.209588160931 0.36 0.237007006897 0.816374755732 0.253474741928 0.0 0.5
经济+深度 0.0 0.127684426762 0.36 0.324498339504 0.708088310206 0.0499883233175 0.0 0.5
深度+融合 0.0 0.14084279827 0.36 0.355406892809 0.720357316967 0.0964623481411 0.0 0.5
中国+方案 0.0 0.140324772201 0.36 0.0836558655943 0.730076508841 0.283651013334 0.0105263157895 0.5
网络+强国 2.0 0.250315460047 0.36 0.314558362802 0.773889714391 0.374295842046 0.0105263157895 0.5
集中+展示 0.0 0.109311978575 0.36 0.421154019836 0.728285392437 0.136291402919 0.0 0.5
全球+互联网 0.0 0.372424515167 0.48 0.339682368378 0.908485751327 0.462753320001 0.0105263157895 0.5
互联网+国际 0.0 0.327116877928 0.48 0.378045612649 0.893444570251 0.155152539553 0.0 0.5
近平+主席 0.0 0.162336271386 0.36 0.412818897707 0.598355601847 0.225314532976 0.0210526315789 0.5
贺信+中 0.0 0.243939188382 0.24 0.295254324144 0.677845249627 0.305572895442 0.0 0.5
越+开 0.0 0.0923896966104 0.12 0.386173380371 0.66253082949 0.00932978532994 0.0 0.5
开+越 0.0 0.0923896966104 0.12 0.386173380371 0.66253082949 0.0223722655149 0.0 0.5
构建+网络 0.0 0.23309390433 0.36 0.334740709758 0.756048184876 0.207085041078 0.0 0.5
互联+互通 0.0 0.119138448018 0.36 0.238161644584 0.705094447532 0.282216226115 0.0 0.5
知识+产权 0.0 0.161113920524 0.36 0.584695543951 0.380682325945 0.316212455215 0.0105263157895 0.5
国际+组织 0.0 0.117119259843 0.36 0.490403649508 0.779320597493 0.233846440122 0.0 0.5
大会+期间 0.0 0.150701326467 0.36 0.430496158514 0.887847500772 0.260798137042 0.0 0.5
新+产品 0.0 0.103392068798 0.24 0.320571474616 0.784204211692 0.205435881647 0.0 0.5
发布+活动 0.0 0.133648005532 0.36 0.426969944511 0.864150215907 0.252757524548 0.0105263157895 0.5
马+云 2.0 0.508632996436 0.12 0.444696540434 0.968149529427 0.428742922946 0.0421052631579 0.5
乌镇+互联网 0.0 0.335339303816 0.48 0.308698572956 0.936909911668 0.30796208578 0.0315789473684 0.5
大会+开幕 2.0 0.178247169732 0.36 0.490712402932 0.891058973172 0.244207920142 0.105263157895 0.5
阿里巴巴+董事局 0.0 0.103872742017 0.72 0.76759731257 0.882443094139 0.0762543891059 0.0 0.5
主席+马 0.0 0.103392068798 0.24 0.564447035326 0.87512935323 0.120768881428 0.0 0.5
主席+兼 0.0 0.167014707593 0.24 0.419793007424 0.912474635901 0.223119708754 0.0 0.5
兼+CEO 0.0 0.191411046297 0.12 0.48797518848 0.925887172538 0.417369743531 0.0 0.5
马+化腾 2.0 0.335357379927 0.24 0.320087265167 0.888931881259 0.308178990832 0.0105263157895 0.5
董事长+兼 0.0 0.114394440985 0.36 0.268761106058 0.960699632457 0.274728355415 0.0 0.5
滴滴+出行 1.0 0.103392068798 0.36 0.312445151515 0.886710872539 0.183624850696 0.0 0.5
兼+首席 0.0 0.163904411691 0.24 0.356291120653 0.955920465963 0.292561164705 0.0 0.5
抵达+乌镇 0.0 0.144150346839 0.36 0.386981332912 0.711772632339 0.231996267347 0.0 0.5
新浪+财经 0.0 0.14825822807 0.36 0.323834638931 0.899934360602 0.0567250912451 0.0 0.5
财经+股吧 0.0 0.14825822807 0.36 0.323834638931 0.899934360602 0.0 0.0 0.5
黑+科技 0.0 0.110916186629 0.24 0.265362808496 0.764034808487 0.3036661918 0.0210526315789 0.5
次+发布 0.0 0.127684426762 0.24 0.448830829929 0.831237538414 0.24496486283 0.0315789473684 0.5
卫星+导航 0.0 0.132934897315 0.36 0.304413555961 0.776110085422 0.21948115503 0.0 0.5
一带+一路 2.0 0.153818942972 0.36 0.447531708313 0.858973939542 0.332162085738 0.0210526315789 0.5
中国+经济 0.0 0.113477068093 0.36 0.552386084245 0.874487239616 0.329493481782 0.0 0.5
网+记者 0.0 0.129442676648 0.24 0.443902763857 0.619420781169 0.187621516976 0.0 0.5
数字+丝绸之路 0.0 0.0923896966104 0.6 0.437271296962 0.798043977018 0.297121404397 0.0 0.5
国际+合作 0.0 0.176679951979 0.36 0.439448097398 0.839840265756 0.366422515524 0.0105263157895 0.5
首+次 0.0 0.250975397797 0.12 0.394193879313 0.922051404656 0.406902362203 0.0421052631579 0.5
发展+报告 3.0 0.476459672169 0.36 0.406273140225 0.821354303809 0.0761084755711 0.0315789473684 0.5
报告+2017 0.0 0.429829947066 0.28 0.427137456187 0.747787275652 0.117233734652 0.0 0.5
互联网+领域 0.0 0.224508026361 0.48 0.251787746902 0.935949331457 0.405977700755 0.0 0.5
中新社+记者 0.0 0.196863509681 0.48 0.866120256506 0.19861686571 0.0 0.0 0.5
记者+杜洋 0.0 0.196863509681 0.36 0.866120256506 0.19861686571 0.00615620023149 0.0 0.5
杜洋+摄 0.0 0.196863509681 0.24 0.866120256506 0.19861686571 0.012312400463 0.0 0.5
摄+12月 0.0 0.161113920524 0.2 0.866120256506 0.19861686571 0.0 0.0 0.5
未成年人+网络 0.0 0.0923896966104 0.6 0.61514477615 0.750479575932 0.162136682222 0.0 0.5
网络+保护 0.0 0.0923896966104 0.36 0.61514477615 0.750479575932 0.189341532289 0.0 0.5
浙江省+乌镇 0.0 0.131520632179 0.48 0.412847118922 0.86826996988 0.135987434546 0.0 0.5
乌镇+开幕 0.0 0.177989147159 0.36 0.383230623333 0.949558811425 0.110181405777 0.0210526315789 0.5
互联网+大佬 1.0 0.113477068093 0.48 0.301811692486 0.786613543504 0.377885636025 0.0 0.5
乌镇+举行 0.0 0.171020573886 0.36 0.396872942577 0.85070673163 0.148282588427 0.0 0.5
CEO+库克 2.0 0.0977714327719 0.24 0.15981406589 0.836944940144 0.175740221707 0.0105263157895 0.5
摩拜+单车 0.0 0.120852524379 0.36 0.191435755708 0.892256178238 0.249712723618 0.0 0.5
短+视频 0.0 0.158609576082 0.24 0.527613307171 0.574122257196 0.319361744151 0.0 0.5
领军+人物 0.0 0.1383955634 0.36 0.519312436741 0.859352719711 0.260252601308 0.0 0.5
两+年 0.0 0.0986207363565 0.12 0.258306197212 0.917387310629 0.272203648607 0.0 0.5
主席+习近平 3.0 0.0977714327719 0.48 0.526285212632 0.626592435489 0.120073240272 0.0 0.5
习+主席 2.0 0.174631721659 0.24 0.231952659903 0.484495775879 0.291391022445 0.0 0.5
技术+革命 0.0 0.259339074022 0.36 0.459076847942 0.757969079781 0.338035938237 0.0 0.5
未来+30 0.0 0.317041803039 0.2 0.188995526126 0.794870522478 0.100786181669 0.0 0.5
30+年 0.0 0.403204354064 0.08 0.161000863413 0.825885081032 0.192388757033 0.0 0.5
过去+20 0.0 0.109311978575 0.2 0.200117355695 0.831141678622 0.0660155673415 0.0 0.5
年+互联网 0.0 0.188046313765 0.36 0.17375467741 0.709398511646 0.187271174979 0.0 0.5
中国+企业 0.0 0.143933615986 0.36 0.227090979411 0.807018695043 0.269442645099 0.0 0.5
合作+伙伴 0.0 0.116023418745 0.36 0.506579494804 0.821095650566 0.283778213781 0.0 0.5
进入+快车道 0.0 0.129659407501 0.48 0.354370103378 0.648770424476 0.0685123693887 0.0 0.5
移动+支付 0.0 0.0980965290512 0.36 0.0 0.800903508721 0.345062007502 0.0 0.5
共享+单车 2.0 0.14084279827 0.36 0.191655216143 0.859934043729 0.337956205525 0.0 0.5
互联网+治理 0.0 0.259099748022 0.48 0.36417849663 0.810141570109 0.264572215509 0.0105263157895 0.5
治理+体系 0.0 0.208448352967 0.36 0.398491985263 0.767211700288 0.130037101669 0.0 0.5
体系+变革 0.0 0.156748117167 0.36 0.411643796001 0.712560214982 0.0549450445093 0.0 0.5
变革+进入 0.0 0.129659407501 0.36 0.408737486842 0.644642414463 0.0 0.0 0.5
进入+关键 0.0 0.140180366984 0.36 0.408737486842 0.644642414463 0.0391847340423 0.0 0.5
关键+时期 0.0 0.153818942972 0.36 0.439929836767 0.662321895221 0.123473699426 0.0 0.5
成为+国际 0.0 0.114394440985 0.36 0.391437188045 0.634622067499 0.0116222334408 0.0 0.5
国际+社会 0.0 0.251083599657 0.36 0.307856781239 0.730396544198 0.297227673523 0.0 0.5
广泛+共识 0.0 0.114394440985 0.36 0.391437188045 0.634622067499 0.0 0.0 0.5
发展+共同 0.0 0.109311978575 0.36 0.234400598083 0.602775165403 0.0928079905297 0.0 0.5
共同+推进 0.0 0.125396813173 0.36 0.27943915322 0.615838125016 0.11307894737 0.0 0.5
安全+共同 0.0 0.109311978575 0.36 0.234400598083 0.602775165403 0.0317084864214 0.0 0.5
共同+维护 0.0 0.125396813173 0.36 0.275642382232 0.64883821156 0.0916650176665 0.0 0.5
治理+共同 0.0 0.109311978575 0.36 0.234400598083 0.602775165403 0.0317084864214 0.0 0.5
共同+参与 0.0 0.119138448018 0.36 0.2886851829 0.7344963174 0.118382236761 0.0 0.5
成果+共同 0.0 0.109311978575 0.36 0.234400598083 0.602775165403 0.0407566693769 0.0 0.5
共同+分享 0.0 0.140180366984 0.36 0.288464211481 0.693151517072 0.107693663458 0.0 0.5
共享+经济 2.0 0.208448352967 0.36 0.309424223427 0.852813841616 0.300160633592 0.0 0.5
建设+网络 0.0 0.195499704374 0.36 0.332707021787 0.698430127081 0.287406810074 0.0 0.5
数字+中国 1.0 0.129659407501 0.36 0.312928069437 0.645001145325 0.135729985226 0.0 0.5
智慧+社会 1.0 0.108308633158 0.36 0.320663545569 0.702735495735 0.0886576582187 0.0 0.5
过程+中 0.0 0.0933061306534 0.24 0.220348062103 0.912648711534 0.273689513776 0.0 0.5
中国+数字 0.0 0.17612391077 0.36 0.478792720063 0.716070767645 0.185517033237 0.0 0.5
推动+互联网 0.0 0.131520632179 0.48 0.317088226898 0.727518769707 0.148984080615 0.0 0.5
培育+新 0.0 0.103392068798 0.24 0.422900484539 0.662245843293 0.0335196435683 0.0 0.5
形成+新 0.0 0.0923896966104 0.24 0.422900484539 0.662245843293 0.0115265042325 0.0 0.5
新+动能 0.0 0.144069916864 0.24 0.454410888876 0.818398390522 0.143811501384 0.0 0.5
伙伴+精神 0.0 0.109311978575 0.36 0.291832067833 0.608081168002 0.120097485165 0.0 0.5
时代+中国 0.0 0.0923896966104 0.36 0.364555619381 0.669349945516 0.141586897358 0.0 0.5
2017年+12月 0.0 0.191411046297 0.36 0.348032397961 0.838136055642 0.24051704588 0.0 0.5
产业+互联网 0.0 0.511096778776 0.48 0.878838231068 0.596406517911 0.412757700306 0.0105263157895 0.5
本次+大会 0.0 0.108617488534 0.36 0.518302450825 0.819612678957 0.253480013692 0.0 0.5
国家+互联网 0.0 0.132393070183 0.48 0.418639936589 0.749989447296 0.131271731174 0.0 0.5
互联网+信息 0.0 0.132393070183 0.48 0.423869833858 0.731010436548 0.155552662857 0.0 0.5
信息+办公室 0.0 0.128174095473 0.48 0.452198297251 0.69648499349 0.128712988279 0.0 0.5
互联网+应用 0.0 0.103392068798 0.48 0.547869521983 0.841882316773 0.244505675997 0.0 0.5
智慧+城市 0.0 0.123771207819 0.36 0.574307483517 0.759233881342 0.310440002118 0.0105263157895 0.5
开放+合作 0.0 0.103392068798 0.36 0.43115960642 0.789156050519 0.293700976832 0.0 0.5
工业+互联网 0.0 0.144150346839 0.48 0.71384274537 0.680779194586 0.34958609898 0.0 0.5
创新+能力 0.0 0.13639918536 0.36 0.360179911501 0.780968267271 0.133567108762 0.0 0.5
中国+网络 0.0 0.150701326467 0.36 0.269307161143 0.791583131106 0.180950441712 0.0105263157895 0.5
空间+研究院 0.0 0.123771207819 0.48 0.350793504072 0.55685322673 0.180384603989 0.0 0.5
余+家 0.0 0.112876299999 0.12 0.475028438559 0.855114351828 0.176614223262 0.0 0.5
网络+安全 3.0 0.394180740089 0.36 0.309143229531 0.899441237913 0.478934030458 0.0105263157895 0.5
发展+指数 0.0 0.228751484411 0.36 0.375594168852 0.270230826086 0.175033861082 0.0 0.5
指数+指标 0.0 0.200901334954 0.36 0.350793504072 0.55685322673 0.110953400608 0.0 0.5
指标+体系 0.0 0.252321419712 0.36 0.350793504072 0.55685322673 0.189231934643 0.0 0.5
网络+治理 0.0 0.0980965290512 0.36 0.176775491216 0.754233256667 0.210873339561 0.0 0.5
领先+科技 0.0 0.259751910138 0.36 0.354825769663 0.918454755431 0.299303912282 0.0210526315789 0.5
与会+嘉宾 0.0 0.110916186629 0.36 0.407319820638 0.761403548992 0.33334420333 0.0 0.5
年+前 0.0 0.140324772201 0.12 0.209864493966 0.757846157463 0.268341922034 0.0 0.5
全球+网络 0.0 0.18040867411 0.36 0.329338393076 0.745187905461 0.350343160069 0.0 0.5
经济+领域 0.0 0.103872742017 0.36 0.546186203767 0.808178201066 0.20884263894 0.0 0.5
柔性+显示 1.0 0.178988715103 0.36 0.840881776409 0.239995379399 0.315639835979 0.0 0.5
大会+3日 0.0 0.120852524379 0.28 0.562746468375 0.87933541332 0.0948570356171 0.0 0.5
互联网+领先 0.0 0.16122228595 0.48 0.478574249897 0.892929497188 0.183797322647 0.0105263157895 0.5
成果+发布 0.0 0.131520632179 0.36 0.480161338908 0.912775163442 0.199491029833 0.0105263157895 0.5
会展+中心 0.0 0.327116877928 0.36 0.351840233765 0.906193828976 0.239968956251 0.0 0.5
第一+次 0.0 0.143933615986 0.24 0.266665732751 0.952717476693 0.329562794521 0.0 0.5
ET+大脑 0.0 0.149481250197 0.2 0.484525854429 0.821364245923 0.316645454783 0.0 0.5
苹果+公司 0.0 0.18040867411 0.36 0.255083997175 0.935434342493 0.26054014881 0.0105263157895 0.5
媒体+记者 0.0 0.129442676648 0.36 0.49186953458 0.713029556513 0.374095562814 0.0 0.5
中国+青年 0.0 0.174631721659 0.36 0.381659978133 0.595361158672 0.150384506311 0.0 0.5
青年+网 0.0 0.142587430505 0.24 0.381659978133 0.595361158672 0.152700970981 0.0 0.5
乌镇+峰会 0.0 0.178555253397 0.36 0.163763663646 0.755366038972 0.345539427123 0.0105263157895 0.5
位+嘉宾 0.0 0.0875755695679 0.24 0.530816280814 0.781719883342 0.225228947448 0.0 0.5
金融+科技 0.0 0.196863509681 0.36 0.611216399767 0.302063149934 0.380308006989 0.0 0.5
大会+召开 0.0 0.144150346839 0.36 0.414181167988 0.702806270636 0.0729127664165 0.0 0.5
互联网+领军 0.0 0.108308633158 0.48 0.516509688043 0.820461519729 0.186363957473 0.0 0.5
分享+经济 0.0 0.108308633158 0.36 0.465410741578 0.822420792894 0.268210059445 0.0 0.5
公司+CEO 0.0 0.123771207819 0.24 0.107917264925 0.800880543319 0.149255574966 0.0105263157895 0.5
400+余 0.0 0.108308633158 0.12 0.502083901027 0.848087014086 0.182207565051 0.0 0.5
创新型+企业 0.0 0.11799652996 0.48 0.509601495073 0.84173794516 0.0800052309953 0.0 0.5
江南+水乡 0.0 0.0923896966104 0.36 0.132358194414 0.786267422441 0.303762288184 0.0 0.5
翻译+蛋 0.0 0.1927851644 0.24 1.0 0.0 0.283275116947 0.0105263157895 0.5
国际+会展 0.0 0.329098393989 0.36 0.384747182041 0.870540944771 0.155222564633 0.0 0.5
发展+趋势 0.0 0.162037021546 0.36 0.4266870254 0.834729962855 0.228260746768 0.0 0.5
习近平+主席 3.0 0.176776802385 0.48 0.449879053643 0.59418912406 0.235436304735 0.0 0.5
推动+数字 0.0 0.116023418745 0.36 0.202510247871 0.774092915067 0.194906104463 0.0 0.5
知名+互联网 0.0 0.0980965290512 0.48 0.639908620606 0.798680216485 0.135934085411 0.0 0.5
担心+机器 0.0 0.190653867236 0.36 0.291566477742 0.499902272366 0.122738105762 0.0 0.5
拥抱+技术 0.0 0.132934897315 0.36 0.210420522936 0.654073466534 0.0989672524108 0.0 0.5
互联网+最新 0.0 0.119246813444 0.48 0.633187575083 0.720392352073 0.112906797007 0.0 0.5
新+消费 0.0 0.142587430505 0.24 0.454427301246 0.622216745055 0.2500645449 0.0 0.5
新+机遇 0.0 0.0977714327719 0.24 0.261771370761 0.810987642992 0.177623193001 0.0 0.5
繁星+计划 0.0 0.297994759232 0.36 1.0 0.0 0.205991031097 0.0105263157895 0.5
12月+2日 0.0 0.290886483279 0.24 0.372987173889 0.717297058995 0.195385708888 0.0 0.5
西栅+景区 0.0 0.119246813444 0.36 0.28216334978 0.69207231426 0.294552146549 0.0 0.5
华为+Mate10Pro 0.0 0.268362687997 0.48 0.648767906109 0.15723835202 0.381339203785 0.0 0.5
新+零售 0.0 0.22269815839 0.24 0.487370562343 0.52134858363 0.314863083688 0.0 0.5
00+地点 0.0 0.340078597165 0.2 1.0 0.0 0.0679959309157 0.0 0.5
乌镇+世界+互联网 0.0 0.158403929735 0.76 0.350886516636 0.772276336756 0.156655584792 0.0631578947368 1.0
世界+互联网+大会 0.0 0.0446648701215 0.76 0.293942311195 0.970854691456 0.388872170431 0.557894736842 1.0
第四+届+世界 0.0 0.149578131277 0.52 0.339098411841 0.964178226022 0.202108322622 0.231578947368 1.0
届+世界+互联网 0.0 0.160793580802 0.64 0.339098411841 0.964178226022 0.174101806499 0.231578947368 1.0
互联网+精准+扶贫 2.0 0.122198466089 0.76 0.511051807039 0.810237508847 0.109807075813 0.0 1.0
本届+世界+互联网 0.0 0.103391599373 0.76 0.438212372686 0.869644437283 0.0624426203223 0.0 1.0
中国+互联网+发展 0.0 0.342119880007 0.76 0.333556521008 0.898489243771 0.251097178313 0.0526315789474 1.0
发展+数字+经济 0.0 0.251902943403 0.64 0.328230741167 0.893925430658 0.19668592954 0.0 1.0
数字+经济+促进 0.0 0.18225499004 0.64 0.355264121864 0.893216871648 0.0738130328669 0.0 1.0
经济+促进+开放 0.0 0.18225499004 0.64 0.355264121864 0.893216871648 0.0 0.0 1.0
促进+开放+共享 0.0 0.187514799427 0.64 0.338808404621 0.894539035436 0.051924755286 0.0 1.0
携手+共建+网络 0.0 0.218651325308 0.64 0.325742442614 0.880256097807 0.109374283564 0.0105263157895 1.0
共建+网络+空间 0.0 0.224156490746 0.64 0.308637520828 0.88574613009 0.108909242836 0.0210526315789 1.0
网络+空间+命运 0.0 0.38370505484 0.64 0.324175762741 0.887738988772 0.191211259324 0.0421052631579 1.0
空间+命运+共同体 1.0 0.38370505484 0.76 0.324175762741 0.887738988772 0.168012749414 0.0421052631579 1.0
发+来+贺信 2.0 0.0980965290512 0.4 0.420496007755 0.719137755051 0.094412357142 0.0 1.0
推动+世界+各国 0.0 0.113477068093 0.64 0.304637980453 0.665570259532 0.0829387687197 0.0 1.0
世界+各国+共同 0.0 0.113477068093 0.64 0.342888193386 0.698237104155 0.0939270211927 0.0 1.0
各国+共同+搭乘 0.0 0.108617488534 0.64 0.366566718146 0.664160600919 0.0419522056571 0.0 1.0
共同+搭乘+互联网 0.0 0.129659407501 0.76 0.366566718146 0.664160600919 0.0618888153778 0.0 1.0
互联网+和+数字 0.0 0.269839649631 0.64 0.37453086704 0.713332372305 0.154302756428 0.0 1.0
数字+经济+发展 1.0 0.354050002339 0.64 0.323698858857 0.867113835323 0.309258139622 0.0105263157895 1.0
发展+的+快车 0.0 0.143733474252 0.52 0.304637980453 0.665570259532 0.0245747708273 0.0 1.0
互联网+发展+成果 0.0 0.125396813173 0.76 0.280727204527 0.657294871967 0.110713988314 0.0 1.0
围绕+数字+经济 0.0 0.0986207363565 0.64 0.603235381427 0.759539473447 0.0335617645256 0.0 1.0
互联网+与+社会 0.0 0.124714138807 0.64 0.488987019913 0.800245618753 0.0719219491749 0.0 1.0
网络+空间+治理 1.0 0.182997960368 0.64 0.451928926653 0.863768159198 0.263518785199 0.0 1.0
实体+经济+深度 0.0 0.127684426762 0.64 0.324498339504 0.708088310206 0.057221520259 0.0 1.0
经济+深度+融合 0.0 0.127684426762 0.64 0.324498339504 0.708088310206 0.0499883233175 0.0 1.0
习+近平+主席 3.0 0.160311065057 0.52 0.380331497833 0.562552881677 0.202448882131 0.0105263157895 1.0
主席+在+贺信 0.0 0.129442676648 0.52 0.403934415711 0.560233937828 0.0996269006232 0.0 1.0
越+开+越 0.0 0.0923896966104 0.28 0.386173380371 0.66253082949 0.00932978532994 0.0 1.0
构建+网络+空间 0.0 0.225258656531 0.64 0.334740709758 0.756048184876 0.190941777373 0.0 1.0
20+个+分 0.0 0.108308633158 0.24 0.464044673836 0.784300017689 0.156994240498 0.0105263157895 1.0
互联网+大会+开幕 3.0 0.158207824471 0.76 0.466090709212 0.877592364692 0.152643994512 0.105263157895 1.0
阿里巴巴+董事局+主席 0.0 0.103872742017 1.0 0.76759731257 0.882443094139 0.0762543891059 0.0 1.0
董事局+主席+马 0.0 0.103392068798 0.64 0.564447035326 0.87512935323 0.0761867139255 0.0 1.0
主席+马+云 0.0 0.103392068798 0.4 0.564447035326 0.87512935323 0.120768881428 0.0 1.0
兼+首席+执行官 0.0 0.158403929735 0.64 0.38752307676 0.955801804776 0.240419261753 0.0 1.0
新浪+财经+股吧 0.0 0.14825822807 0.64 0.323834638931 0.899934360602 0.0567250912451 0.0 1.0
首+次+发布 0.0 0.123562536813 0.4 0.51837645784 0.777406882556 0.22020745803 0.0315789473684 1.0
互联网+发展+报告 3.0 0.476459672169 0.76 0.406273140225 0.821354303809 0.121768959017 0.0315789473684 1.0
世界+互联网+发展 0.0 0.293482344549 0.76 0.420044353966 0.866882515485 0.184473637904 0.0 1.0
发展+报告+2017 3.0 0.401863448795 0.56 0.427137456187 0.747787275652 0.0280754469227 0.0 1.0
中新社+记者+杜洋 0.0 0.196863509681 0.76 0.866120256506 0.19861686571 0.0 0.0 1.0
记者+杜洋+摄 0.0 0.196863509681 0.52 0.866120256506 0.19861686571 0.00615620023149 0.0 1.0
杜洋+摄+12月 0.0 0.161113920524 0.48 0.866120256506 0.19861686571 0.0 0.0 1.0
摄+12月+4日 0.0 0.161113920524 0.4 0.866120256506 0.19861686571 0.0 0.0 1.0
未成年人+网络+保护 1.0 0.0923896966104 0.88 0.61514477615 0.750479575932 0.162136682222 0.0 1.0
浙江省+乌镇+开幕 0.0 0.114394440985 0.76 0.402012919351 0.818685524986 0.0515815078254 0.0 1.0
浙江+乌镇+举行 0.0 0.149481250197 0.64 0.399758113495 0.670361361525 0.0854520782817 0.0 1.0
未来+30+年 0.0 0.317041803039 0.36 0.188995526126 0.794870522478 0.100786181669 0.0 1.0
过去+20+年 0.0 0.109311978575 0.36 0.200117355695 0.831141678622 0.0660155673415 0.0 1.0
新+一+轮 0.0 0.109311978575 0.28 0.325224409549 0.701125982792 0.122461201641 0.0 1.0
全球+互联网+治理 0.0 0.216821774383 0.76 0.458706209061 0.76490082981 0.164448454066 0.0 1.0
互联网+治理+体系 0.0 0.206954783248 0.76 0.400701509353 0.73505784199 0.133478358203 0.0 1.0
治理+体系+变革 0.0 0.156748117167 0.64 0.411643796001 0.712560214982 0.0855574643098 0.0 1.0
体系+变革+进入 0.0 0.129659407501 0.64 0.408737486842 0.644642414463 0.0 0.0 1.0
变革+进入+关键 0.0 0.129659407501 0.64 0.408737486842 0.644642414463 0.0 0.0 1.0
进入+关键+时期 0.0 0.140180366984 0.64 0.408737486842 0.644642414463 0.0391847340423 0.0 1.0
共同体+日益+成为 0.0 0.103392068798 0.76 0.391437188045 0.634622067499 0.0 0.0 1.0
成为+国际+社会 0.0 0.114394440985 0.64 0.391437188045 0.634622067499 0.0116222334408 0.0 1.0
社会+的+广泛 0.0 0.114394440985 0.52 0.391437188045 0.634622067499 0.0 0.0 1.0
商量+着+办 0.0 0.164626125657 0.4 0.233317128403 0.59250306309 0.0435420466025 0.0 1.0
发展+共同+推进 0.0 0.109311978575 0.64 0.234400598083 0.602775165403 0.0928079905297 0.0 1.0
安全+共同+维护 0.0 0.109311978575 0.64 0.234400598083 0.602775165403 0.0317084864214 0.0 1.0
治理+共同+参与 0.0 0.109311978575 0.64 0.234400598083 0.602775165403 0.0317084864214 0.0 1.0
成果+共同+分享 0.0 0.109311978575 0.64 0.234400598083 0.602775165403 0.0407566693769 0.0 1.0
经济+的+发展 0.0 0.133648005532 0.52 0.283824146872 0.776811904538 0.205057770108 0.0105263157895 1.0
建设+网络+强国 2.0 0.171743245434 0.64 0.339441396966 0.698681443808 0.223953923913 0.0 1.0
大会+的+贺信 0.0 0.116023418745 0.52 0.352921992186 0.600335636127 0.13436850514 0.0105263157895 1.0
中国+数字+经济 1.0 0.166436013968 0.64 0.478792720063 0.716070767645 0.176851629574 0.0 1.0
发展+将+进入 0.0 0.0977714327719 0.52 0.39419008266 0.602104717666 0.0 0.0 1.0
人工智能+和+实体 0.0 0.103391599373 0.76 0.345951075316 0.691281310784 0.0 0.0 1.0
形成+新+动能 0.0 0.0923896966104 0.52 0.422900484539 0.662245843293 0.0115265042325 0.0 1.0
新+时代+中国 0.0 0.0923896966104 0.52 0.364555619381 0.669349945516 0.130846810194 0.0 1.0
大会+在+浙江 0.0 0.116340717392 0.52 0.288776049762 0.894616488825 0.0 0.0 1.0
浙江+乌镇+开幕 0.0 0.0875755695679 0.64 0.408837429677 0.883788943336 0.0752660956157 0.0105263157895 1.0
国家+互联网+信息 0.0 0.128174095473 0.76 0.452198297251 0.69648499349 0.0875561860449 0.0 1.0
互联网+信息+办公室 0.0 0.128174095473 0.88 0.452198297251 0.69648499349 0.111698375442 0.0 1.0
全球+互联网+发展 0.0 0.129659407501 0.76 0.462245499319 0.728952120925 0.294478020467 0.0 1.0
中国+网络+空间 0.0 0.132393070183 0.64 0.257275564923 0.756327358575 0.128671478554 0.0 1.0
网络+空间+研究院 0.0 0.123771207819 0.76 0.350793504072 0.55685322673 0.144087932168 0.0 1.0
互联网+发展+指数 0.0 0.187687232798 0.76 0.375594168852 0.270230826086 0.112068582836 0.0 1.0
发展+指数+指标 0.0 0.187687232798 0.64 0.375594168852 0.270230826086 0.0761903248497 0.0 1.0
指数+指标+体系 0.0 0.200901334954 0.64 0.350793504072 0.55685322673 0.110953400608 0.0 1.0
领先+科技+成果 0.0 0.225078668213 0.64 0.354825769663 0.918454755431 0.270656053717 0.0105263157895 1.0
发展+的+新 0.0 0.0977714327719 0.4 0.51786407497 0.789432837285 0.240391563332 0.0 1.0
大会+的+主题 0.0 0.103554133908 0.52 0.372855201526 0.859908129707 0.121368360233 0.0 1.0
全球+网络+空间 0.0 0.146622981186 0.64 0.554694367423 0.56026783085 0.272027675703 0.0 1.0
互联网+大会+3日 0.0 0.120852524379 0.68 0.562746468375 0.87933541332 0.0675669866656 0.0 1.0
3日+至+5日 0.0 0.0980965290512 0.36 0.476962608544 0.897341805352 0.15585129861 0.0 1.0
世界+互联网+领先 0.0 0.13639918536 0.76 0.578562316344 0.884492711389 0.208901475327 0.0 1.0
互联网+领先+科技 0.0 0.16122228595 0.76 0.478574249897 0.892929497188 0.183797322647 0.0105263157895 1.0
科技+成果+发布 2.0 0.131520632179 0.64 0.480161338908 0.912775163442 0.17285214107 0.0105263157895 1.0
中国+青年+网 0.0 0.142587430505 0.52 0.381659978133 0.595361158672 0.10053105024 0.0 1.0
互联网+领军+人物 2.0 0.108308633158 0.76 0.516509688043 0.820461519729 0.186363957473 0.0 1.0
苹果+公司+CEO 2.0 0.123771207819 0.52 0.107917264925 0.800880543319 0.109779853349 0.0105263157895 1.0
400+余+家 0.0 0.108308633158 0.28 0.502083901027 0.848087014086 0.182207565051 0.0 1.0
企业+和+创新型 0.0 0.11799652996 0.64 0.509601495073 0.84173794516 0.0429881268827 0.0 1.0
乌镇+互联网+大会 0.0 0.132393070183 0.76 0.256159147565 0.827587737761 0.227620975342 0.0315789473684 1.0
乌镇+互联网+国际 0.0 0.320430083508 0.76 0.384747182041 0.870540944771 0.138800060716 0.0 1.0
互联网+国际+会展 0.0 0.329098393989 0.76 0.384747182041 0.870540944771 0.0861337845525 0.0 1.0
国际+会展+中心 0.0 0.320430083508 0.64 0.384747182041 0.870540944771 0.149156391991 0.0 1.0
推动+数字+经济 1.0 0.116023418745 0.64 0.202510247871 0.774092915067 0.194906104463 0.0 1.0
知名+互联网+企业 0.0 0.0980965290512 0.76 0.639908620606 0.798680216485 0.135934085411 0.0 1.0
趋势+和+前沿 0.0 0.110916186629 0.52 0.634993381239 0.753522509302 0.024751453578 0.0 1.0
互联网+大会+召开 0.0 0.142587430505 0.76 0.478390786585 0.552153266313 0.0165629822714 0.0 1.0
