希望 0.0 0.198591127122 0.0714285714286 0.339451198837 0.96753455514 0.770700275046 0.0224719101124 0.0
国际 0.0 0.253336256181 0.0714285714286 0.205950801087 0.93975403114 0.787485568347 0.0112359550562 0.0
球队 0.0 0.539932337326 0.0714285714286 0.272486067687 0.9630697515 0.968917638963 0.0449438202247 0.0
马拉多纳 2.0 0.130901318642 0.285714285714 0.426660128959 0.900707435119 0.607958908982 0.0112359550562 0.0
之前 0.0 0.131633737133 0.0714285714286 0.363712796168 0.939852822121 0.681098803729 0.0 0.0
已经 0.0 0.192932935273 0.0714285714286 0.301126270216 0.975584530604 0.882958765181 0.0 0.0
法国队 2.0 0.199291768158 0.178571428571 0.333971314639 0.876825879844 0.707870657555 0.0 0.0
墨西哥 0.0 0.179973140388 0.178571428571 0.381245835236 0.862762312233 0.649745338183 0.0 0.0
波兰 0.0 0.170974483369 0.0714285714286 0.276340835988 0.855779964268 0.646077849459 0.0 0.0
目前 0.0 0.200140696747 0.0714285714286 0.234743165037 0.997192559016 0.774948292547 0.0112359550562 0.0
举行 0.0 0.156242797213 0.0714285714286 0.308527910046 0.916186926456 0.560478319982 0.0112359550562 0.0
包括 0.0 0.175566557663 0.0714285714286 0.329684999372 0.991184737239 0.676934665918 0.0 0.0
亚洲 0.0 0.208781852356 0.0714285714286 0.322582680781 0.914694009736 0.683274666067 0.0561797752809 0.0
无缘 0.0 0.151845529625 0.0714285714286 0.353617613161 0.904909189082 0.600527716509 0.0224719101124 0.0
东道主 0.0 0.251962396543 0.178571428571 0.334708975147 0.928393847131 0.78117322658 0.0337078651685 0.0
美元 0.0 0.18762934433 0.0714285714286 0.0973368953808 0.724602925378 0.592725374049 0.0224719101124 0.0
机会 0.0 0.151845529625 0.0714285714286 0.418981238591 0.952346959968 0.668288833938 0.0 0.0
报道 0.0 0.19373395159 0.0714285714286 0.184268827073 0.806446168785 0.598471604505 0.0 0.0
进行 0.0 0.177564052212 0.0714285714286 0.2670386469 0.92005640516 0.78465734935 0.0 0.0
巴西 0.0 0.246256693812 0.0714285714286 0.188376675877 0.950504618311 0.787026314308 0.0449438202247 0.0
克里姆林宫 0.0 0.123295021831 0.392857142857 0.372523649323 0.904130766117 0.41078732957 0.0224719101124 0.0
占据 0.0 0.281346751556 0.0714285714286 0.414912038832 0.732219383269 0.347062568214 0.0 0.0
葡萄牙 2.0 0.237400736908 0.178571428571 0.280901470161 0.917634857548 0.73454300522 0.0112359550562 0.0
意大利 0.0 0.328756442633 0.178571428571 0.320670134003 0.955469065867 0.844523442022 0.0337078651685 0.0
交战 0.0 0.927727041843 0.0714285714286 0.643085040883 0.489200246551 0.223160800112 0.0112359550562 0.0
整体 0.0 0.146352210562 0.0714285714286 0.418962458603 0.845908238044 0.611542437804 0.0 0.0
晋级 0.0 0.2039895563 0.0714285714286 0.170755274668 0.94093930337 0.749947354546 0.0 0.0
欧洲杯 0.0 0.151750066731 0.178571428571 0.317750866025 0.965756887034 0.626086623983 0.0 0.0
克罗地亚 0.0 0.167974931029 0.285714285714 0.296781281339 0.848148040951 0.674721027475 0.0 0.0
足球 0.0 0.250696593135 0.0714285714286 0.276417335143 0.94899706507 0.864747645925 0.0112359550562 0.0
阿根廷 0.0 0.306971377158 0.178571428571 0.268229273098 0.943828263272 0.849820054778 0.0674157303371 0.0
2018 0.0 0.142771405101 0.0 0.359968826621 0.948979547708 0.499767581934 0.0898876404494 0.0
分组 0.0 0.22814966199 0.0714285714286 0.320088983116 0.923695494896 0.636417547407 0.0898876404494 0.0
旅游 0.0 0.290549234296 0.0714285714286 0.536976247927 0.377276195588 0.659536923506 0.0 0.0
韩国 0.0 0.152758965024 0.0714285714286 0.396403514064 0.805644680668 0.592746870845 0.0224719101124 0.0
瑞士 0.0 0.134710084349 0.0714285714286 0.33222690992 0.826429062847 0.510537687554 0.0 0.0
英格兰队 1.0 0.169624507307 0.285714285714 0.257021345987 0.880577186739 0.658759826413 0.0 0.0
冠军 0.0 0.236752069616 0.0714285714286 0.270736953035 0.950265343877 0.801615155005 0.0 0.0
小组 0.0 0.394776921038 0.0714285714286 0.238194073024 0.925745268712 0.863559709454 0.0449438202247 0.0
埃及 0.0 0.201600750788 0.0714285714286 0.442174865219 0.816771512192 0.689890400141 0.0 0.0
伊朗 0.0 0.157201152835 0.0714285714286 0.371139203807 0.845232714801 0.645833826536 0.0224719101124 0.0
足协 0.0 0.175682525425 0.0714285714286 0.391018604361 0.933497911187 0.592293183962 0.0337078651685 0.0
当时 0.0 0.195505439211 0.0714285714286 0.249932404465 0.897819636292 0.656763244691 0.0 0.0
本届 0.0 0.160033201454 0.0714285714286 0.266464510569 0.951206376722 0.61123585951 0.0112359550562 0.0
影响 0.0 0.175682525425 0.0714285714286 0.310406517833 0.941279767622 0.646633889985 0.0 0.0
决赛 0.0 0.206345444774 0.0714285714286 0.0685369609606 0.981103044422 0.732918427418 0.0337078651685 0.0
地区 0.0 0.140439467816 0.0714285714286 0.181241679769 0.978656728881 0.621232792254 0.0224719101124 0.0
澳大利亚 0.0 0.183724943994 0.285714285714 0.386988859582 0.869808285887 0.667535212403 0.0112359550562 0.0
能力 0.0 0.175682525425 0.0714285714286 0.592270549407 0.885877659905 0.642220858975 0.0 0.0
最后 0.0 0.15712317043 0.0714285714286 0.282124262794 0.975383658147 0.659475105617 0.0112359550562 0.0
主教练 0.0 0.156947917351 0.178571428571 0.350834538155 0.94927598927 0.694948477384 0.0112359550562 0.0
冰岛 0.0 0.213279488206 0.0714285714286 0.385534771789 0.850631529002 0.682447659817 0.0 0.0
塞尔维亚 0.0 0.159024747193 0.285714285714 0.411643753606 0.766575653379 0.586003450182 0.0 0.0
哥伦比亚 0.0 0.142038906557 0.285714285714 0.267625175526 0.869965661445 0.636393655672 0.0 0.0
6月 0.0 0.134677003225 0.0 0.290818663151 0.893639623084 0.491284734279 0.0 0.0
面对 0.0 0.128116136673 0.0714285714286 0.300641574847 0.934313188305 0.677879894914 0.0 0.0
重要 0.0 0.151562321316 0.0714285714286 0.253990893943 0.874929954931 0.605777679056 0.0 0.0
中国 0.0 0.410994358279 0.0714285714286 0.333958608919 0.990979514577 0.843585615607 0.0674157303371 0.0
正式 0.0 0.178363343491 0.0714285714286 0.384895580738 0.907056645801 0.6667875126 0.0224719101124 0.0
非洲 0.0 0.141373424134 0.0714285714286 0.36503513583 0.828959426707 0.630207835704 0.0 0.0
巴西队 2.0 0.244976149637 0.178571428571 0.319361946663 0.909131867374 0.743497017408 0.0 0.0
主帅 0.0 0.209442109827 0.0714285714286 0.294319334178 0.959723841563 0.763421036961 0.0112359550562 0.0
表示 0.0 0.205756532706 0.0714285714286 0.247575318514 0.874172778803 0.682909600904 0.0 0.0
明年 0.0 0.206824083455 0.0714285714286 0.250886115263 0.980501971415 0.723216549429 0.0337078651685 0.0
1日 0.0 0.123931154474 0.0 0.333481443528 0.913901539399 0.428647865044 0.0 0.0
排名 0.0 0.224461672042 0.0714285714286 0.30948516529 0.885612570488 0.695484098441 0.0 0.0
遭遇 0.0 0.228343226738 0.0714285714286 0.126731906478 0.916170142761 0.718641331619 0.0224719101124 0.0
德国 1.0 0.253952215494 0.0714285714286 0.215300492736 0.932605044469 0.7858942808 0.0561797752809 0.0
问题 0.0 0.133772507618 0.0714285714286 0.305379222873 1.0 0.699261256143 0.0 0.0
官方 0.0 0.261802637284 0.0714285714286 0.287334698552 0.68588843508 0.594592039363 0.0561797752809 0.0
世界杯 0.0 0.0 0.178571428571 0.222391377147 0.961563763232 1.0 1.0 0.0
产生 0.0 0.123371094574 0.0714285714286 0.267818700899 0.947140470534 0.602556149509 0.0224719101124 0.0
国家队 0.0 0.390521784541 0.178571428571 0.246935627288 0.95362927564 0.882560767448 0.0112359550562 0.0
进入 0.0 0.163467499717 0.0714285714286 0.319990951133 0.997631161844 0.764998596736 0.0 0.0
情况 0.0 0.173198679877 0.0714285714286 0.349976823548 0.980119012856 0.64821299638 0.0 0.0
游客 0.0 0.250473477842 0.0714285714286 0.410310594508 0.356602833536 0.600138449635 0.0224719101124 0.0
需要 0.0 0.131633737133 0.0714285714286 0.369768949896 0.952048980942 0.673557420873 0.0 0.0
出线 0.0 0.332896558943 0.0714285714286 0.368967700742 0.934088281328 0.835541032499 0.0449438202247 0.0
仪式 0.0 0.19770381735 0.0714285714286 0.262062195402 0.884707458144 0.593713797903 0.0337078651685 0.0
瑞典队 0.0 0.181740543543 0.178571428571 0.27030949866 0.902527302982 0.683889905657 0.0 0.0
对手 0.0 0.244043014112 0.0714285714286 0.383205202445 0.947641671758 0.767142764867 0.0 0.0
死亡 0.0 0.341889112195 0.0714285714286 0.345318790941 0.900547589294 0.512921581803 0.134831460674 0.0
决赛圈 0.0 0.180896398983 0.178571428571 0.379525615293 0.903324899746 0.63197552193 0.0112359550562 0.0
第一 0.0 0.272579785072 0.0714285714286 0.168999303011 0.986819507246 0.820244033066 0.0337078651685 0.0
第三 0.0 0.136137371388 0.0714285714286 0.240505809483 0.855445682664 0.550197251722 0.0 0.0
丹麦 0.0 0.15208477691 0.0714285714286 0.276546391926 0.810348107474 0.602039470885 0.0 0.0
揭幕战 2.0 0.142690674793 0.178571428571 0.360992135763 0.918638728549 0.643619780884 0.0 0.0
比较 0.0 0.135511306076 0.0714285714286 0.535114934084 0.869863297115 0.622299940401 0.0 0.0
战绩 0.0 0.337616101868 0.0714285714286 0.342467793439 0.767717363088 0.441508173961 0.0 0.0
觉得 0.0 0.252577963522 0.0714285714286 0.336716999457 0.90616009797 0.598289874445 0.0 0.0
预选赛 0.0 0.198274476971 0.178571428571 0.275882426666 0.946625169372 0.694376934085 0.0 0.0
参赛 0.0 0.126570901089 0.0714285714286 0.327717379589 0.906020953186 0.482363488995 0.0 0.0
保持 0.0 0.182892185069 0.0714285714286 0.333452379534 0.942484024982 0.47960278264 0.0 0.0
成为 0.0 0.181860157201 0.0714285714286 0.274998181247 0.99547027695 0.776870172948 0.0112359550562 0.0
14日 0.0 0.114962171766 0.0357142857143 0.322396396192 0.858960283283 0.387520409758 0.0 0.0
塞内加尔 0.0 0.147237404416 0.285714285714 0.414077526625 0.817827115094 0.602898795463 0.0 0.0
世界 0.0 0.194693604287 0.0714285714286 0.348711778697 0.988334273686 0.821953158076 0.0112359550562 0.0
比利时 0.0 0.239964187184 0.178571428571 0.255900125512 0.876466759799 0.713296014518 0.0224719101124 0.0
Visa 0.0 0.394736842106 0.0 1.0 0.0 0.655010232682 0.0112359550562 0.0
葡萄牙队 2.0 0.162909782667 0.285714285714 0.330847579709 0.875505348554 0.636855857015 0.0 0.0
北京 0.0 0.141452790434 0.0714285714286 0.242649079046 0.915336537183 0.505005126948 0.0 0.0
德国队 2.0 0.280922265999 0.178571428571 0.297475692388 0.888822672886 0.760563987547 0.0 0.0
参加 0.0 0.201559630731 0.0714285714286 0.260422641381 0.920219072625 0.683371764874 0.0 0.0
申办 0.0 0.350935722516 0.0714285714286 0.528382137802 0.738106977283 0.602524105412 0.0561797752809 0.0
阿根廷队 2.0 0.187324933612 0.285714285714 0.371256310965 0.874756470277 0.698666619844 0.0 0.0
球员 0.0 0.344331035833 0.0714285714286 0.430473370974 0.971404223992 0.882677865598 0.0 0.0
期待 0.0 0.124159145507 0.0714285714286 0.244689855733 0.95494266961 0.63786054809 0.0112359550562 0.0
媒体 0.0 0.125458830633 0.0714285714286 0.00360601722844 0.834427178183 0.62913987413 0.0112359550562 0.0
淘汰 0.0 0.146985689782 0.0714285714286 0.31397781253 0.949364046916 0.637396153883 0.0 0.0
无疑 0.0 0.162909782667 0.0714285714286 0.471525634813 0.864003319668 0.6044627035 0.0 0.0
手机 0.0 0.206399504716 0.0714285714286 0.371532808377 0.64672863428 0.550033796023 0.0449438202247 0.0
韩国队 0.0 0.140439467816 0.178571428571 0.299391425976 0.874263335721 0.652737870681 0.0 0.0
时间 0.0 0.176260984303 0.0714285714286 0.275030218758 0.939858913134 0.664497192161 0.0 0.0
乌拉圭 0.0 0.175407766981 0.178571428571 0.292635576121 0.900594800655 0.724457590932 0.0 0.0
体育 0.0 0.267545015237 0.0714285714286 0.25220068555 0.820791008954 0.707941758648 0.0337078651685 0.0
俄罗斯队 2.0 0.225150268065 0.285714285714 0.317990004202 0.827683906024 0.68218801805 0.0 0.0
莫斯科 0.0 0.176128244131 0.178571428571 0.365943406176 0.915604532045 0.523045380239 0.0 0.0
最终 0.0 0.138636959091 0.0714285714286 0.262302446549 0.949253301306 0.720574458292 0.0 0.0
赛事 0.0 0.227762020752 0.0714285714286 0.251806717121 0.944585541537 0.733019360927 0.0 0.0
之后 0.0 0.202333422308 0.0714285714286 0.340360759695 0.950645718401 0.746278636883 0.0 0.0
西班牙队 2.0 0.202232833655 0.285714285714 0.298424806417 0.91529477867 0.709185925273 0.0 0.0
巴拿马 0.0 0.130936255735 0.178571428571 0.433178452372 0.815558503444 0.556200564775 0.0 0.0
乐视 1.0 0.35868197591 0.0714285714286 0.220296379326 0.211581223324 0.589054673313 0.0337078651685 0.0
交锋 0.0 0.217038922629 0.0714285714286 0.441113182387 0.798254370691 0.37516549689 0.0 0.0
抽签 0.0 0.227943720339 0.0714285714286 0.303969642015 0.94041976332 0.762278736019 0.314606741573 0.0
瑞典 0.0 0.188971797407 0.0714285714286 0.197927916922 0.857755532125 0.655774632212 0.0112359550562 0.0
获得 0.0 0.200041501817 0.0714285714286 0.241899838898 0.983122092697 0.762385763114 0.0 0.0
12月 0.0 0.115340341739 0.0357142857143 0.313130870906 0.916383335762 0.45151538114 0.0 0.0
FIFA 0.0 0.227658994208 0.0 0.299400452883 0.783974920413 0.577034952184 0.0786516853933 0.0
欧洲 0.0 0.197431974104 0.0714285714286 0.358660524995 0.958139234933 0.734026652027 0.0 0.0
夺冠 0.0 0.187281510666 0.0714285714286 0.0265294091605 0.92020272496 0.630627902099 0.0786516853933 0.0
友谊赛 0.0 0.235539215523 0.178571428571 0.453895877286 0.882478797555 0.376863845665 0.0 0.0
梅西 3.0 0.222555425599 0.0714285714286 0.285107677 0.946170021331 0.690021133969 0.112359550562 0.0
对阵 0.0 0.14175940922 0.0714285714286 0.385057599674 0.928767896892 0.704451216223 0.0224719101124 0.0
历史 0.0 0.534160048262 0.0714285714286 0.355206063512 0.969744854086 0.382586516536 0.0112359550562 0.0
沙特 0.0 0.201559630731 0.0714285714286 0.381143154933 0.841488765724 0.668346296098 0.0112359550562 0.0
突尼斯 0.0 0.119712891756 0.178571428571 0.469209160132 0.810470419833 0.518148471578 0.0 0.0
拥有 0.0 0.151415830074 0.0714285714286 0.338720096952 0.985841591213 0.736825570425 0.0 0.0
表现 0.0 0.125458830633 0.0714285714286 0.522386396674 0.98279468974 0.584198772062 0.0 0.0
足联 0.0 0.244306919278 0.0714285714286 0.203572642793 0.925156962078 0.714639746185 0.0112359550562 0.0
黑马 0.0 0.171999587263 0.0714285714286 0.51687766295 0.869049419773 0.615248800361 0.0112359550562 0.0
形势 0.0 0.141373424134 0.0714285714286 0.320345047183 0.836953218082 0.59225543811 0.0224719101124 0.0
vivo 2.0 0.308138683184 0.0 0.469487990494 0.288537994476 0.539910359932 0.0112359550562 0.0
2018年 0.0 0.161239146578 0.107142857143 0.186208008247 0.941213912307 0.644145584944 0.101123595506 0.0
日本 0.0 0.153012835651 0.0714285714286 0.423232797664 0.850654589253 0.658004344128 0.0112359550562 0.0
香港 0.0 0.288725489995 0.0714285714286 0.313564468039 0.48496634857 0.638707947002 0.0337078651685 0.0
尼日利亚 0.0 0.19006028689 0.285714285714 0.401258567502 0.846423688457 0.664543896122 0.0 0.0
出现 0.0 0.147096305069 0.0714285714286 0.293169805324 0.959261331998 0.683177746495 0.0 0.0
卫冕 0.0 0.128757632378 0.0714285714286 0.289225474591 0.863154989506 0.560063135921 0.0112359550562 0.0
相对 0.0 0.16168425876 0.0714285714286 0.397917346533 0.880089010385 0.652631588098 0.0 0.0
能够 0.0 0.183939474825 0.0714285714286 0.324902517971 0.977485650226 0.715523011359 0.0 0.0
球迷 0.0 0.328985210543 0.0714285714286 0.299652019889 0.975135328611 0.883663394551 0.0112359550562 0.0
小组赛 0.0 0.270032310446 0.178571428571 0.340286218551 0.976574736762 0.828652189901 0.0337078651685 0.0
代表 0.0 0.172789740608 0.0714285714286 0.38487693839 0.955444352212 0.692872948675 0.0 0.0
秘鲁 0.0 0.16028352838 0.0714285714286 0.382563867914 0.858840960428 0.620181977225 0.0112359550562 0.0
实力 0.0 0.39215905896 0.0714285714286 0.407115341692 0.930435896636 0.817701778253 0.0112359550562 0.0
西班牙 2.0 0.264085105438 0.178571428571 0.249412033232 0.936674694942 0.831138903578 0.0674157303371 0.0
支付 0.0 0.280530295183 0.0714285714286 0.400441984725 0.445910728851 0.614294322069 0.0112359550562 0.0
比赛 0.0 0.326076752235 0.0714285714286 0.299017141482 0.975950902999 0.865763177661 0.0224719101124 0.0
淘汰赛 1.0 0.213467991081 0.178571428571 0.0 0.86116461162 0.699820691944 0.0 0.0
传统 0.0 0.118626052475 0.0714285714286 0.396629955255 0.907643763019 0.58903297873 0.0 0.0
法国 1.0 0.190808068917 0.0714285714286 0.212358113718 0.926899816362 0.710994167305 0.0224719101124 0.0
俄罗斯 1.0 0.0837690051594 0.178571428571 0.205883493997 0.965795048876 0.921831328619 0.23595505618 0.0
使用 0.0 0.192639537735 0.0714285714286 0.299679495074 0.691303927653 0.69269511578 0.0 0.0
优势 0.0 0.28379821821 0.0714285714286 0.462384625559 0.873448219211 0.478537820872 0.0112359550562 0.0
今年 0.0 0.109178133313 0.0714285714286 0.311437206279 0.982572040826 0.625394170798 0.0 0.0
哥斯达黎加 0.0 0.145900086828 0.392857142857 0.378937190182 0.796232092215 0.538621714606 0.0 0.0
种子队 0.0 0.140931758319 0.178571428571 0.342552644432 0.866895114536 0.599024733581 0.0 0.0
球星 0.0 0.153954382113 0.0714285714286 0.317676549405 0.971605670548 0.715512911716 0.0 0.0
摩洛哥 0.0 0.141474211079 0.178571428571 0.433528651078 0.842495147647 0.552870734211 0.0 0.0
英格兰 0.0 0.253336256181 0.178571428571 0.239756665433 0.914402855082 0.796863804867 0.0561797752809 0.0
阶段 0.0 0.177372829515 0.0714285714286 0.190030575159 0.968080759538 0.581183529592 0.0112359550562 0.0
世界杯+官方 0.0 0.0911764705252 0.428571428571 0.409097113007 0.417466334829 0.272584770625 0.0449438202247 0.5
官方+手机 3.0 0.0941534865284 0.321428571429 0.469487990494 0.288537994476 0.172720700353 0.0337078651685 0.5
俄罗斯+世界杯 0.0 0.105362642738 0.535714285714 0.185084862544 0.956435537 0.507942492539 0.157303370787 0.5
2018+俄罗斯 0.0 0.113829497104 0.357142857143 0.327415667674 0.929186395808 0.245085995439 0.0224719101124 0.5
32+强 1.0 0.193520712084 0.0714285714286 0.326472192091 0.96119883891 0.43693563567 0.123595505618 0.5
FIFA+组委会 0.0 0.119560658636 0.357142857143 0.459169027511 0.28423032133 0.199118576684 0.0 0.5
北京+时间 0.0 0.135464498459 0.321428571429 0.260375195067 0.87550390531 0.38324460609 0.0 0.5
时间+12月 0.0 0.0990230248895 0.285714285714 0.314054163924 0.857534933586 0.219469809868 0.0 0.5
世界杯+抽签 2.0 0.134159678065 0.428571428571 0.249484193167 0.864009015724 0.401158487087 0.168539325843 0.5
抽签+仪式 2.0 0.163573575557 0.321428571429 0.272532616268 0.885027392019 0.402179639364 0.0224719101124 0.5
巴西+世界杯 0.0 0.102986308008 0.428571428571 0.1258384138 0.945215614562 0.351811599382 0.0 0.5
2018年+世界杯 0.0 0.172165517916 0.464285714286 0.27753984888 0.898605751802 0.466831339133 0.0786516853933 0.5
世界杯+预选赛 1.0 0.0975681403749 0.535714285714 0.203074419295 0.914538823924 0.411893951264 0.0 0.5
2018年+俄罗斯 0.0 0.139171293814 0.464285714286 0.0781120224401 0.933865060227 0.299958552288 0.0224719101124 0.5
世界杯+分组 2.0 0.102889982848 0.428571428571 0.362078518954 0.839452215609 0.251631531296 0.0561797752809 0.5
分组+抽签 2.0 0.163467499717 0.321428571429 0.31002318672 0.935383900754 0.380640541613 0.0449438202247 0.5
本届+世界杯 0.0 0.150514997832 0.428571428571 0.256657788105 0.953248339204 0.464733790011 0.0112359550562 0.5
12月+1日 0.0 0.110583264048 0.214285714286 0.323841244118 0.897581858934 0.331077458697 0.0 0.5
莫斯科+克里姆林宫 0.0 0.095175664618 0.75 0.40954464348 0.86370291585 0.170761648487 0.0 0.5
克里姆林宫+举行 0.0 0.106016498128 0.642857142857 0.404262458341 0.898556808397 0.172850871357 0.0 0.5
总统+普京 3.0 0.0687998349053 0.321428571429 0.387744521087 0.769933547599 0.232161192588 0.0 0.5
报道+称 0.0 0.111272302261 0.214285714286 0.354954045306 0.720020236959 0.0948582721358 0.0 0.5
东道主+俄罗斯 3.0 0.0874398007592 0.535714285714 0.245805946394 0.856673102873 0.311332512877 0.0 0.5
B+组 0.0 0.159568040996 0.0357142857143 0.443808865467 0.831830454585 0.413278393697 0.0 0.5
C+组 0.0 0.110094055749 0.0357142857143 0.420279244131 0.850807873076 0.338512749633 0.0 0.5
D+组 0.0 0.134373087154 0.0357142857143 0.433412999918 0.820482142167 0.385790903752 0.0 0.5
E+组 0.0 0.0911310487843 0.0357142857143 0.503534090663 0.775780172792 0.256636894217 0.0 0.5
F+组 0.0 0.130710392854 0.0357142857143 0.448508159064 0.830321996772 0.351585336138 0.0 0.5
G+组 0.0 0.113881010376 0.0357142857143 0.469934988333 0.772395431273 0.336796690192 0.0 0.5
H+组 0.0 0.13455940147 0.0357142857143 0.434050285295 0.843709008962 0.389687157277 0.0 0.5
6月+14日 0.0 0.106319556915 0.214285714286 0.349931509377 0.794030442699 0.245843070144 0.0 0.5
两+队 0.0 0.737181505054 0.107142857143 0.413166606909 0.86176972865 0.409485783912 0.0 0.5
C+罗 2.0 0.200880442703 0.0357142857143 0.316532177118 0.928746056442 0.493948919721 0.0337078651685 0.5
首+次 0.0 0.157508471071 0.107142857143 0.374551888437 0.850024306474 0.457674692596 0.0 0.5
卫冕+冠军 3.0 0.114962171766 0.321428571429 0.289225474591 0.863154989506 0.397969119048 0.0 0.5
小组+第一 0.0 0.169050281468 0.321428571429 0.0582696687894 0.896891103547 0.398927709755 0.0 0.5
八分之一+决赛 0.0 0.0759803921043 0.535714285714 0.397106371924 0.653265223209 0.28464435521 0.0 0.5
冠军+德国队 1.0 0.0687998349053 0.428571428571 0.327978438613 0.817642010876 0.28030798612 0.0 0.5
两+支 0.0 0.209576928602 0.107142857143 0.340379735973 0.862002141942 0.40435494514 0.0 0.5
世界杯+小组赛 1.0 0.151845529625 0.535714285714 0.407407477488 0.861889436441 0.376850850127 0.0 0.5
小组赛+中 0.0 0.151315789474 0.321428571429 0.384477612427 0.817014217232 0.402277934873 0.0 0.5
两+强 0.0 0.101166711154 0.107142857143 0.465125334495 0.511429732884 0.321228819203 0.0 0.5
首+轮 0.0 0.105263157895 0.107142857143 0.306967177451 0.787316985894 0.419204667543 0.0 0.5
东道主+俄罗斯队 3.0 0.0816104807087 0.642857142857 0.325558684693 0.791852321113 0.320326502643 0.0 0.5
支+球队 0.0 0.301320815875 0.214285714286 0.34098070895 0.954266759835 0.56479286949 0.0 0.5
世界杯+冠军 0.0 0.113829497104 0.428571428571 0.319366561647 0.930071295594 0.460836929259 0.0 0.5
小组+出线 0.0 0.121508065046 0.321428571429 0.425564763148 0.897691939806 0.449373402485 0.0112359550562 0.5
亚洲+球队 3.0 0.145733001265 0.321428571429 0.269884729884 0.854913248172 0.457405515988 0.0224719101124 0.5
整体+实力 0.0 0.101031185409 0.321428571429 0.515275756842 0.728863199556 0.345868984991 0.0 0.5
小组+中 0.0 0.113519287284 0.214285714286 0.377030226198 0.837783117033 0.402529544971 0.0 0.5
支+欧洲 0.0 0.108247698652 0.214285714286 0.327125410816 0.76632995664 0.276586584929 0.0 0.5
欧洲+球队 0.0 0.131578947369 0.321428571429 0.253979078925 0.820922023827 0.359533053134 0.0 0.5
世界杯+决赛圈 0.0 0.146970564075 0.535714285714 0.411103703676 0.901204003959 0.451693457838 0.0 0.5
传统+强 0.0 0.0721651324348 0.214285714286 0.469356422688 0.838086964713 0.297789687449 0.0 0.5
强+队 0.0 0.198970004336 0.107142857143 0.483238459514 0.875115652389 0.484936586072 0.0 0.5
中国+球迷 1.0 0.109044326126 0.321428571429 0.379921930699 0.954539133956 0.394314057125 0.0 0.5
年+前 0.0 0.105263157895 0.107142857143 0.454252885553 0.896125216717 0.420872086523 0.0112359550562 0.5
参加+世界杯 0.0 0.139903681215 0.428571428571 0.425286757471 0.883582392664 0.420899375218 0.0 0.5
强+分组 0.0 0.075679524856 0.214285714286 0.380190985754 0.825200245296 0.215983105676 0.0112359550562 0.5
国际+足联 0.0 0.230965530165 0.321428571429 0.19313964288 0.928122001646 0.520271454072 0.0112359550562 0.5
场+比赛 0.0 0.140439467816 0.214285714286 0.433767632512 0.930995304211 0.467560878866 0.0 0.5
肆客+足球 0.0 0.0693728977847 0.321428571429 0.206885971502 0.587407891861 0.0423140940775 0.0 0.5
世界杯+足球赛 0.0 0.0921052631579 0.535714285714 0.373487023371 0.773627902704 0.274627926517 0.0337078651685 0.5
32+支 0.0 0.114962171766 0.0714285714286 0.319033599252 0.855628469219 0.241948934911 0.0 0.5
分组+形势 0.0 0.0723684210526 0.321428571429 0.364310256823 0.821507518892 0.368566946198 0.0112359550562 0.5
决赛+阶段 0.0 0.109044326126 0.321428571429 0.149351543086 0.849414762878 0.271458639655 0.0 0.5
明年+6月 0.0 0.0819861519274 0.25 0.29158973327 0.866562231668 0.268777350925 0.0 0.5
7月+15日 0.0 0.075679524856 0.214285714286 0.381633001344 0.71664239225 0.209546102393 0.0 0.5
世界杯+32 0.0 0.142407803455 0.285714285714 0.300322385595 0.954756915483 0.284711486476 0.112359550562 0.5
世界+排名 1.0 0.146057046529 0.321428571429 0.325623841801 0.753438860151 0.430490850386 0.0 0.5
第三+档 0.0 0.128615657855 0.214285714286 0.302961244128 0.7171842482 0.407716853038 0.0 0.5
第四+档 0.0 0.103199752358 0.214285714286 0.302740586427 0.795842920545 0.342083973274 0.0 0.5
上届+世界杯 0.0 0.0945994060698 0.428571428571 0.426062095842 0.883088829833 0.330504551767 0.0 0.5
友谊赛+中 0.0 0.13695052586 0.321428571429 0.327941762667 0.833781854246 0.343661649334 0.0 0.5
届+世界杯 0.0 0.163670319669 0.321428571429 0.362274406786 0.96632591978 0.487063825698 0.0224719101124 0.5
明年+世界杯 0.0 0.102988592618 0.428571428571 0.381990613941 0.970628646222 0.402180002155 0.0224719101124 0.5
预选赛+中 0.0 0.109044326126 0.321428571429 0.37610820779 0.900192500911 0.383231333367 0.0 0.5
第一+次 0.0 0.0855263157894 0.214285714286 0.422905847185 0.90406189418 0.378366778724 0.0112359550562 0.5
参赛+资格 0.0 0.101166711154 0.321428571429 0.497959874008 0.594038289614 0.193503724483 0.0 0.5
附加+赛 0.0 0.104927760911 0.214285714286 0.348227640901 0.900949422481 0.391884361036 0.0 0.5
明年+夏天 0.0 0.0938146721652 0.321428571429 0.297146932763 0.88818979581 0.294420354457 0.0 0.5
12月+2日 0.0 0.0687998349053 0.214285714286 0.45396258366 0.822379085519 0.257215036245 0.0 0.5
2018年+6月 0.0 0.0723684210526 0.285714285714 0.401005018494 0.735772123901 0.231150277752 0.0 0.5
球队+中 0.0 0.0865981589217 0.214285714286 0.242092995409 0.730877435946 0.340743019035 0.0 0.5
16+强 0.0 0.103199752358 0.0714285714286 0.0333089661535 0.858935852176 0.401208394312 0.0112359550562 0.5
档+球队 0.0 0.0987745097356 0.214285714286 0.28185988276 0.759315813605 0.418785260989 0.0 0.5
世界杯+历史 0.0 0.249192837093 0.428571428571 0.453197251184 0.874901552611 0.135966931743 0.0 0.5
战+平 0.0 0.080384786159 0.107142857143 0.366201538405 0.838279010754 0.282246168642 0.0 0.5
联合会+杯 0.0 0.120577179238 0.321428571429 0.48812555604 0.851958963243 0.337585477573 0.0 0.5
新浪+财经 0.0 0.078947368421 0.321428571429 0.254099137423 0.828269291537 0.150742112714 0.0 0.5
财经+股吧 0.0 0.0657894736841 0.321428571429 0.254099137423 0.828269291537 0.0293350616185 0.0 0.5
第一+档 0.0 0.0941534865284 0.214285714286 0.381060980454 0.724678892953 0.365918174475 0.0 0.5
交锋+战绩 0.0 0.25 0.321428571429 1.0 0.0 0.057691160987 0.0 0.5
负+占据 0.0 0.184210526316 0.214285714286 1.0 0.0 0.133413292628 0.0 0.5
占据+优势 0.0 0.236842105263 0.321428571429 1.0 0.0 0.170018495982 0.0 0.5
球+失 0.0 0.763157894736 0.107142857143 1.0 0.0 0.254300141878 0.0 0.5
平+保持 0.0 0.111774342391 0.214285714286 0.781038672493 0.589549015074 0.0735734994316 0.0 0.5
战绩+占据 0.0 0.184210526316 0.321428571429 1.0 0.0 0.103565166843 0.0 0.5
负+处于 0.0 0.157894736842 0.214285714286 1.0 0.0 0.204606704898 0.0 0.5
处于+下风 0.0 0.21052631579 0.321428571429 1.0 0.0 0.169789760558 0.0 0.5
友谊赛+历史 0.0 0.157894736842 0.428571428571 1.0 0.0 0.0293350616185 0.0 0.5
世界杯+决赛 1.0 0.121160362362 0.428571428571 0.134400727519 0.870097812174 0.367365114582 0.0112359550562 0.5
乐视+体育 3.0 0.266712238497 0.321428571429 0.220296379326 0.211581223324 0.317553023548 0.0337078651685 0.5
中国+游客 1.0 0.157894736842 0.321428571429 1.0 0.0 0.357152068091 0.0112359550562 0.5
无缘+世界杯 2.0 0.0963197688674 0.428571428571 0.28804848334 0.854791470709 0.33202169753 0.0 0.5
哈达+里 0.0 0.236842105263 0.214285714286 1.0 0.0 0.268173481335 0.0 0.5
中国+足协 1.0 0.128391117993 0.321428571429 0.528382137802 0.738106977283 0.296301184464 0.0112359550562 0.5
申办+世界杯 1.0 0.110208330251 0.428571428571 0.609981485863 0.530804794087 0.290237090812 0.0112359550562 0.5
2018+俄罗斯+世界杯 0.0 0.113829497104 0.714285714286 0.327415667674 0.929186395808 0.245085995439 0.0224719101124 1.0
世界杯+的+32 0.0 0.0687998349053 0.428571428571 0.407342014996 0.885964860207 0.137651469576 0.0 1.0
北京+时间+12月 0.0 0.093640755333 0.535714285714 0.360746724987 0.83089629947 0.158236796887 0.0 1.0
世界杯+抽签+仪式 3.0 0.0890128966766 0.678571428571 0.288373365074 0.693296048104 0.220433343914 0.0224719101124 1.0
2018年+俄罗斯+世界杯 0.0 0.139171293814 0.821428571429 0.0781120224401 0.933865060227 0.299958552288 0.0224719101124 1.0
世界杯+分组+抽签 3.0 0.0874398007592 0.678571428571 0.32766560382 0.840576082846 0.208471692583 0.0337078651685 1.0
分组+抽签+仪式 3.0 0.0980998389201 0.571428571429 0.285969262947 0.892684513838 0.223082854418 0.0 1.0
莫斯科+克里姆林宫+举行 0.0 0.0881914138695 1.0 0.386156322817 0.866206327976 0.134207748117 0.0 1.0
葡萄牙+和+西班牙 3.0 0.0756798183959 0.678571428571 0.583576319685 0.817940951888 0.232448379525 0.0 1.0
保持+不+败 0.0 0.111272302261 0.357142857143 0.397155214155 0.805268069587 0.177522393944 0.0 1.0
世界杯+小组赛+中 0.0 0.12295177663 0.678571428571 0.656203858695 0.351220689832 0.238403882522 0.0 1.0
最后+一+轮 0.0 0.0945994060698 0.357142857143 0.347108697477 0.871245789909 0.278803843475 0.0 1.0
两+支+球队 0.0 0.12467040159 0.357142857143 0.386248742614 0.830683024668 0.242601476542 0.0 1.0
支+欧洲+球队 0.0 0.0987745097356 0.464285714286 0.287439511302 0.747995445973 0.246902370756 0.0 1.0
死亡+之+组 3.0 0.312912758649 0.357142857143 0.345895801033 0.902375241921 0.398133106797 0.101123595506 1.0
传统+强+队 0.0 0.0721651324348 0.357142857143 0.469356422688 0.838086964713 0.297789687449 0.0 1.0
俄罗斯+世界杯+抽签 2.0 0.0757811606579 0.785714285714 0.359623240881 0.7528293973 0.119254704498 0.0224719101124 1.0
32+强+分组 3.0 0.075679524856 0.321428571429 0.380190985754 0.825200245296 0.170972968447 0.0112359550562 1.0
32+支+球队 2.0 0.0793816456783 0.321428571429 0.293972404381 0.784913687672 0.205719506822 0.0 1.0
世界杯+32+强 3.0 0.142593155841 0.428571428571 0.306679643992 0.949606818163 0.277790208984 0.112359550562 1.0
俄罗斯+世界杯+32 0.0 0.0848122536535 0.642857142857 0.438659142409 0.906803873216 0.133421110406 0.0561797752809 1.0
时间+12月+1日 0.0 0.093640755333 0.464285714286 0.325249978863 0.857404530374 0.179359323926 0.0 1.0
新浪+财经+股吧 0.0 0.0657894736841 0.571428571429 0.254099137423 0.828269291537 0.0745310104666 0.0 1.0
胜+1+平 0.0 0.17974756519 0.178571428571 0.477761399131 0.798863075939 0.262796792279 0.0 1.0
队+在+历史 0.0 0.57894736842 0.357142857143 1.0 0.0 0.149114999004 0.0 1.0
历史+上+交战 0.0 1.0 0.464285714286 1.0 0.0 0.113731430628 0.0 1.0
平+1+负 0.0 0.140265147592 0.178571428571 0.418775425342 0.653725763851 0.179855725484 0.0 1.0
负+占据+优势 0.0 0.131578947369 0.464285714286 1.0 0.0 0.116433981967 0.0 1.0
队+在+世界杯 0.0 0.368421052633 0.464285714286 1.0 0.0 0.054047468019 0.0 1.0
队+在+友谊赛 0.0 0.223684210526 0.464285714286 1.0 0.0 0.0728769095528 0.0 1.0
占据+绝对+优势 0.0 0.131578947369 0.571428571429 1.0 0.0 0.150078694194 0.0 1.0
失+3+球 0.0 0.144736842105 0.178571428571 1.0 0.0 0.124865016139 0.0 1.0
负+处于+下风 0.0 0.144736842105 0.464285714286 1.0 0.0 0.187953847853 0.0 1.0
世界杯+决赛+阶段 0.0 0.0865981589217 0.678571428571 0.179548269029 0.866719209891 0.245941532329 0.0 1.0
