建立 0.0 0.233396794445 0.0909090909091 0.150589507487 0.957580359958 0.587875530736 0.0 0.0
希望 0.0 0.304019507726 0.0909090909091 0.200247446897 0.980619914696 0.741591828825 0.0131578947368 0.0
明确 0.0 0.186261266819 0.0909090909091 0.196910263084 0.976394416604 0.601025759933 0.0 0.0
开启 0.0 0.238433652581 0.0909090909091 0.202044912317 0.933290855285 0.488881856373 0.0526315789474 0.0
分析 0.0 0.278128513998 0.0909090909091 0.145112388702 0.962697006545 0.487956961504 0.0131578947368 0.0
候选人 0.0 0.239833903522 0.227272727273 0.123617646698 0.951282677037 0.599557871947 0.0 0.0
国际 0.0 0.417192770997 0.0909090909091 0.127880643525 0.963211220754 0.661566242523 0.0263157894737 0.0
反对党 0.0 0.318107616019 0.227272727273 0.194906895342 0.955655323855 0.601275737286 0.0 0.0
国内 0.0 0.241176687594 0.0909090909091 0.22552909861 0.949410444306 0.618432971049 0.0 0.0
应该 0.0 0.373434871113 0.0909090909091 0.156674746322 0.976676332446 0.685847961612 0.0 0.0
胜利 0.0 0.275115752978 0.0909090909091 0.119050880796 0.905009845526 0.528173691775 0.0263157894737 0.0
原因 0.0 0.241532656893 0.0909090909091 0.184906258796 0.965640476375 0.544229880332 0.0 0.0
之前 0.0 0.211233271958 0.0909090909091 0.214027364479 0.964371453873 0.556155749095 0.0 0.0
少数派 0.0 0.284286278078 0.227272727273 0.268592745824 0.897112443726 0.451485432842 0.0 0.0
选项 0.0 0.265254316442 0.0909090909091 0.375412195909 0.898238168836 0.566093972496 0.0 0.0
已经 0.0 0.380917696866 0.0909090909091 0.207644538881 0.994208764939 0.787040089198 0.0131578947368 0.0
愿意 0.0 0.27594261751 0.0909090909091 0.187012638162 0.951216686724 0.577030699327 0.0 0.0
任期 0.0 0.343374542266 0.0909090909091 0.12308666345 0.965923551711 0.540285308536 0.0263157894737 0.0
取得 0.0 0.227652659445 0.0909090909091 0.220823433825 0.95147207218 0.602035746915 0.0 0.0
成功 0.0 0.308696730922 0.0909090909091 0.155564899365 0.990269891463 0.673741907689 0.0 0.0
目前 0.0 0.308696730922 0.0909090909091 0.16583053753 0.965287835764 0.684338572418 0.0 0.0
结束 0.0 0.296815282298 0.0909090909091 0.139390822959 0.976402929836 0.61210696889 0.0131578947368 0.0
社会 0.0 0.340602992112 0.0909090909091 0.16919410295 0.988821598689 0.755315224808 0.0394736842105 0.0
举行 0.0 0.371057836084 0.0909090909091 0.231244361979 0.96992523009 0.650312560682 0.0131578947368 0.0
包括 0.0 0.241532656893 0.0909090909091 0.201316753842 0.979746629021 0.621118205366 0.0 0.0
实现 0.0 0.202277221853 0.0909090909091 0.213710897337 0.967248371132 0.600961369752 0.0 0.0
民众 0.0 0.355214759177 0.0909090909091 0.132455496724 0.970812576186 0.652139364741 0.0526315789474 0.0
成为 0.0 0.328315999237 0.0909090909091 0.187632586499 0.989642389462 0.747262566539 0.0131578947368 0.0
25日 0.0 0.301517260323 0.0454545454545 0.225083320814 0.963234914043 0.591459558705 0.0 0.0
移民 0.0 0.37304405887 0.0909090909091 0.171451290119 0.979834275844 0.685535205306 0.0 0.0
这种 0.0 0.316460586834 0.0909090909091 0.288559185821 0.97904090088 0.690874155244 0.0 0.0
反对 0.0 0.359826647628 0.0909090909091 0.250183071947 0.980917234318 0.733509338961 0.0 0.0
美元 0.0 0.568572556155 0.0909090909091 0.139485896421 0.910361948063 0.620439955282 0.0263157894737 0.0
未来 0.0 0.491579257119 0.0909090909091 0.147872504479 0.981191876439 0.759801537705 0.0263157894737 0.0
脱欧 0.0 0.295635939631 0.0909090909091 0.221376392478 0.93595914254 0.510471373438 0.0131578947368 0.0
政府 0.0 0.425481631033 0.0909090909091 0.184630842731 0.996907798726 0.820080227677 0.0394736842105 0.0
报道 0.0 0.375330863224 0.0909090909091 0.189690193078 0.9371524239 0.590328040009 0.0 0.0
发展 0.0 0.386319664513 0.0909090909091 0.220564326423 0.962432939207 0.672213464781 0.0131578947368 0.0
进行 0.0 0.311607437101 0.0909090909091 0.189234756518 0.979268473539 0.737641478632 0.0 0.0
财经 0.0 0.251867569065 0.0909090909091 0.187012518863 0.960875993938 0.235756043827 0.0 0.0
荷兰 0.0 0.265945227879 0.0909090909091 0.0815274577332 0.931255081895 0.524155677098 0.0131578947368 0.0
2013年 0.0 0.256170999735 0.136363636364 0.228085900582 0.943807023074 0.563432683277 0.0 0.0
连任 0.0 0.269044052072 0.0909090909091 0.0624076545118 0.962308535781 0.551253157578 0.0526315789474 0.0
各方 0.0 0.24886306477 0.0909090909091 0.339530354987 0.874623336431 0.597950643669 0.0 0.0
长期 0.0 0.202277221853 0.0909090909091 0.139133713849 0.962844574737 0.617488673116 0.0131578947368 0.0
欧元 0.0 0.650796930333 0.0909090909091 0.137985709178 0.985704209871 0.811872397164 0.131578947368 0.0
得到 0.0 0.241409453667 0.0909090909091 0.227438176865 0.936221917991 0.62850879778 0.0 0.0
分歧 0.0 0.263887287782 0.0909090909091 0.118522920888 0.966293138158 0.632899962966 0.0131578947368 0.0
接受 0.0 0.30571582331 0.0909090909091 0.19985262664 0.968299070453 0.650654644361 0.0 0.0
显示 0.0 0.284186309919 0.0909090909091 0.156696358369 0.989561260302 0.560652298001 0.0131578947368 0.0
基社盟 0.0 0.391442741779 0.227272727273 0.234993434456 0.980502721632 0.648064843169 0.0131578947368 0.0
施泰因迈尔 0.0 0.265756532697 0.5 0.274605538386 0.878753479421 0.492720388065 0.0 0.0
地位 0.0 0.22790759041 0.0909090909091 0.132136100865 0.953335344757 0.503254697794 0.0 0.0
完全 0.0 0.256964896631 0.0909090909091 0.246485722514 0.977256407262 0.595924728078 0.0 0.0
当前 0.0 0.23441923585 0.0909090909091 0.164117182905 0.962724683815 0.5945549068 0.0 0.0
领导人 0.0 0.324968075713 0.227272727273 0.2517501958 0.96678508301 0.68120717945 0.0131578947368 0.0
采访 0.0 0.326797578443 0.0909090909091 0.387662395702 0.888471949849 0.472130885236 0.0394736842105 0.0
意味着 0.0 0.287856046483 0.0909090909091 0.168225629194 0.941662264515 0.468945405981 0.0 0.0
人士 0.0 0.22139594497 0.227272727273 0.235063860668 0.982903608376 0.582595092068 0.0 0.0
舒尔茨 0.0 0.200696019975 0.0909090909091 0.159160485816 0.958627040306 0.467303284699 0.0 0.0
企业 0.0 0.651908808876 0.227272727273 0.168967087988 0.960087653563 0.722094878496 0.0131578947368 0.0
加入 0.0 0.302635189794 0.0909090909091 0.223254543852 0.904896796958 0.598280535948 0.0 0.0
讨论 0.0 0.211233271958 0.0909090909091 0.238551930738 0.953386568345 0.533882709149 0.0 0.0
持续 0.0 0.227586206897 0.0909090909091 0.15873016921 0.981443307256 0.40800139691 0.0 0.0
社民党 0.0 0.208723860775 0.0909090909091 0.182088355437 0.951470487757 0.599512247144 0.0131578947368 0.0
主流 0.0 1.0 0.227272727273 0.182838323219 0.981263255646 0.874466761405 0.0657894736842 0.0
改变 0.0 0.223808329499 0.0909090909091 0.17766269235 0.951168732423 0.562315328995 0.0 0.0
内部 0.0 0.196145181104 0.0909090909091 0.188621761901 0.963207503502 0.561819226003 0.0131578947368 0.0
各党 0.0 0.240930881291 0.0909090909091 0.234792458027 0.969777649413 0.667673151197 0.0 0.0
民调 0.0 0.232097526887 0.0909090909091 0.187772446605 0.928492519943 0.566644962841 0.0 0.0
极右翼 0.0 0.303536879261 0.0909090909091 0.225888936722 0.962247278224 0.567262656068 0.0526315789474 0.0
赢得 0.0 0.350372958496 0.227272727273 0.17231153156 0.980518139056 0.636924914446 0.0657894736842 0.0
欧盟 0.0 0.26582689294 0.0909090909091 0.150454762241 0.963913395235 0.611386109141 0.0131578947368 0.0
科尔 0.0 0.956420935189 0.0909090909091 0.166574648662 0.97831973455 0.84124398878 0.0131578947368 0.0
政坛 0.0 0.5372034225 0.0909090909091 0.144345080086 0.857028210783 0.655876176457 0.0 0.0
推进 0.0 0.332093917454 0.0909090909091 0.105493046836 0.96708203048 0.631665263136 0.0526315789474 0.0
增长 0.0 0.229263127482 0.0909090909091 0.172476808015 0.94620169217 0.570586543902 0.0 0.0
消息 0.0 0.311797853375 0.0909090909091 0.281073741467 0.937074656169 0.577127143814 0.0 0.0
投票 0.0 0.182979285525 0.0909090909091 0.319708281766 0.955620607271 0.522863390724 0.0 0.0
态度 0.0 0.280000753932 0.0909090909091 0.137302918351 0.974794896388 0.661372966463 0.0131578947368 0.0
联合 0.0 0.234551224883 0.0909090909091 0.160124088585 0.961041392933 0.557530744412 0.0131578947368 0.0
主要 0.0 0.336173248781 0.0909090909091 0.211918301216 0.967899451927 0.680422500955 0.0394736842105 0.0
影响 0.0 0.289396031518 0.0909090909091 0.182844837845 0.986984989014 0.691500575434 0.0 0.0
联盟党 0.0 0.345083376331 0.0909090909091 0.131096234411 0.967257548212 0.695208828216 0.0 0.0
地区 0.0 0.687461098539 0.227272727273 0.18243574931 0.977397848648 0.795292307816 0.0131578947368 0.0
决定 0.0 0.409967321639 0.0909090909091 0.26463100114 0.936758336392 0.629909730325 0.0 0.0
共同 0.0 0.286412541306 0.0909090909091 0.183491937096 0.968098090206 0.691664445975 0.0131578947368 0.0
得票率 0.0 0.365654977965 0.0909090909091 0.138785964399 0.959908323152 0.678147636005 0.0 0.0
最后 0.0 0.427856020084 0.227272727273 0.144039092861 0.969785700502 0.718351540298 0.0 0.0
议院 0.0 0.248956580742 0.0909090909091 0.216359112713 0.954705370569 0.575116275769 0.0 0.0
选择 0.0 0.368986574788 0.0909090909091 0.158467482356 0.961616162853 0.546549968866 0.0131578947368 0.0
朔伊布勒 0.0 0.651064494766 0.0909090909091 0.154706381197 0.985458917036 0.732261804578 0.105263157895 0.0
总理 0.0 0.407994019327 0.363636363636 0.383532254042 0.805849487883 0.595666581886 0.0131578947368 0.0
20日 0.0 0.239007394793 0.0909090909091 0.159237115471 0.990615125947 0.731281641253 0.0526315789474 0.0
支持率 0.0 0.289002268765 0.0454545454545 0.275128360068 0.918622104725 0.586071330238 0.0 0.0
另类 0.0 0.385209223276 0.227272727273 0.171351574187 0.983942403126 0.692882038633 0.0263157894737 0.0
竞选 0.0 0.322784811791 0.0909090909091 0.281408639041 0.881572151843 0.311682341658 0.0 0.0
失败 0.0 0.298380397709 0.0909090909091 0.171280441208 0.957146286231 0.582764553999 0.0 0.0
责任 0.0 0.391063277553 0.0909090909091 0.267608333098 0.945467206834 0.594141754301 0.0526315789474 0.0
面对 0.0 0.248039430517 0.0909090909091 0.173163266833 0.974335547789 0.592250475048 0.0 0.0
破裂 0.0 0.232807383172 0.0909090909091 0.175416240499 0.937380781129 0.611437195196 0.0 0.0
会议 0.0 0.234213485472 0.0909090909091 0.223940342716 0.937230952954 0.569917746628 0.0131578947368 0.0
重要 0.0 0.332269517669 0.0909090909091 0.172952965579 0.981414563944 0.65684756525 0.0 0.0
中国 0.0 0.621689804163 0.0909090909091 0.323415344292 0.964595103056 0.707663884117 0.0263157894737 0.0
领袖 0.0 0.240386724276 0.0909090909091 0.127577459988 0.948775289714 0.591683402235 0.0131578947368 0.0
英国 0.0 0.469339105602 0.0909090909091 0.211922632426 0.972257847964 0.739895203264 0.0 0.0
成员 0.0 0.343374542266 0.0909090909091 0.122279778794 0.975891097748 0.716032117912 0.0131578947368 0.0
难以 0.0 0.221463777247 0.0909090909091 0.204485984754 0.91294096115 0.587401592049 0.0 0.0
主席 0.0 0.453694468749 0.0909090909091 0.207279199169 0.973405607111 0.735327756691 0.0394736842105 0.0
市场 0.0 0.256965119054 0.0909090909091 0.115100471827 0.956767496867 0.631594771155 0.0131578947368 0.0
退出 0.0 0.289396031518 0.0909090909091 0.177739954754 0.971774099147 0.580344512659 0.0263157894737 0.0
上升 0.0 0.24886306477 0.0909090909091 0.0771233824235 0.971341385454 0.610045760677 0.0131578947368 0.0
表示 0.0 0.304203209641 0.0909090909091 0.15179703674 0.981492036884 0.778667119214 0.0 0.0
第四 0.0 0.260424590227 0.0909090909091 0.122552007085 0.966628682029 0.456793832938 0.0263157894737 0.0
安全 0.0 0.25677470278 0.0909090909091 0.182017441745 0.926853413456 0.548517305008 0.0131578947368 0.0
少数 0.0 0.298380397709 0.0909090909091 0.320232070801 0.926343828638 0.479853422458 0.0263157894737 0.0
议员 0.0 0.266112870218 0.0909090909091 0.208926548084 0.905656356936 0.603005963566 0.0 0.0
德国 0.0 0.0 0.0909090909091 0.158036520809 0.987507930305 1.0 1.0 0.0
席位 0.0 0.284171807342 0.0909090909091 0.212624312304 0.980594393688 0.589823864104 0.0 0.0
问题 0.0 0.508925481761 0.0909090909091 0.188619325452 0.987054301772 0.815289456693 0.0131578947368 0.0
财政 0.0 0.294854349085 0.0909090909091 0.173759098276 0.963023225947 0.640476835861 0.0 0.0
股吧 0.0 0.1776164437 0.0909090909091 0.17518680178 0.957600595167 0.0 0.0 0.0
计划 0.0 0.265530393186 0.0909090909091 0.301870741801 0.943603234177 0.578939421379 0.0131578947368 0.0
多数 0.0 0.212255971209 0.0909090909091 0.154768397841 0.964513316895 0.548524131945 0.0131578947368 0.0
指出 0.0 0.264380807359 0.0909090909091 0.198733355344 0.967887176377 0.573431589316 0.0 0.0
获得 0.0 0.39512847963 0.0909090909091 0.183248415909 0.987054091574 0.70543832667 0.0131578947368 0.0
基民盟 0.0 0.494743781444 0.227272727273 0.218673226195 0.987330501907 0.726303036859 0.0131578947368 0.0
进入 0.0 0.278766184102 0.0909090909091 0.164923183738 0.991312606861 0.647423956749 0.0131578947368 0.0
情况 0.0 0.333752252872 0.0909090909091 0.213810625901 0.974446417462 0.614167806015 0.0 0.0
默克尔 0.0 0.540694187707 0.227272727273 0.169430723197 0.989917464997 0.948775404975 0.421052631579 0.0
一体化 0.0 0.535346972412 0.227272727273 0.206792525065 0.963043939329 0.638442654272 0.0394736842105 0.0
组成 0.0 0.420731480983 0.0909090909091 0.213204433537 0.970405250706 0.640896002548 0.0 0.0
陷入 0.0 0.216751701574 0.0909090909091 0.203753544371 0.938854504827 0.571946388241 0.0 0.0
支持 0.0 0.382132262545 0.0909090909091 0.164196735883 0.982919342215 0.727116606244 0.0263157894737 0.0
关键 0.0 0.200058397695 0.0909090909091 0.203297764845 0.962029198608 0.566776606157 0.0131578947368 0.0
参与 0.0 0.288153113879 0.0909090909091 0.146641576731 0.948767688801 0.59359469162 0.0263157894737 0.0
特朗普 0.0 0.276727942107 0.227272727273 0.172874308239 0.890323259293 0.538582737352 0.0 0.0
需要 0.0 0.281499047779 0.0909090909091 0.15385079759 0.979988642451 0.701407709836 0.0 0.0
主张 0.0 0.312892737068 0.0909090909091 0.185951064377 0.981588419166 0.720730865712 0.0 0.0
柏林 0.0 0.291920474793 0.0909090909091 0.126415170291 0.969156198467 0.635073307602 0.0 0.0
政策 0.0 0.424354012619 0.0909090909091 0.149533181307 0.99106007685 0.795578214453 0.0263157894737 0.0
国家 0.0 0.52920915606 0.0909090909091 0.188455279305 0.989649746854 0.814149861903 0.0 0.0
总统 0.0 0.452890204974 0.0909090909091 0.194022686821 0.981268181391 0.720540107419 0.0394736842105 0.0
本次 0.0 0.238433652581 0.0909090909091 0.163304799991 0.915951943138 0.501868720287 0.0 0.0
领导 0.0 0.319263811541 0.0909090909091 0.169187837478 0.978809129557 0.534682088066 0.0131578947368 0.0
第一 0.0 0.285279496103 0.0909090909091 0.212442095566 0.980419720711 0.667176947755 0.0 0.0
第三 0.0 0.244780997755 0.0909090909091 0.200764222689 0.972338242809 0.476149717071 0.0 0.0
议席 0.0 0.283473634876 0.0909090909091 0.213623796221 0.921043807077 0.556634522493 0.0 0.0
前景 0.0 0.204936799788 0.0909090909091 0.158018472386 0.961113628063 0.601325983979 0.0263157894737 0.0
超过 0.0 0.241532656893 0.0909090909091 0.135155862801 0.964341299046 0.611184539762 0.0 0.0
可能性 0.0 0.268049408259 0.227272727273 0.284702243724 0.951258235409 0.564362182277 0.0263157894737 0.0
新浪 0.0 0.187088927831 0.0909090909091 0.19851163497 0.960961206767 0.123853474403 0.0 0.0
拒绝 0.0 0.206956963132 0.0909090909091 0.298415419596 0.962540555937 0.62135094583 0.0 0.0
政局 0.0 0.232097526887 0.0909090909091 0.229659825878 0.948228463191 0.539684095064 0.0394736842105 0.0
牙买加 0.0 0.584574280218 0.227272727273 0.21009580194 0.953389633896 0.451785484633 0.0789473684211 0.0
新闻 0.0 0.303415832779 0.0909090909091 0.184896362708 0.97037309273 0.513314603163 0.0131578947368 0.0
党派 0.0 0.346773080152 0.0909090909091 0.239209198657 0.982633579355 0.763776007325 0.0131578947368 0.0
发生 0.0 0.237600776981 0.0909090909091 0.183331008224 0.943024453258 0.556330082898 0.0 0.0
保持 0.0 0.255754626607 0.0909090909091 0.197582478997 0.95948734691 0.607159660239 0.0131578947368 0.0
二战 0.0 0.215416255118 0.0909090909091 0.194721415233 0.969801905441 0.508080588886 0.0 0.0
选票 0.0 0.370552497013 0.0909090909091 0.20567405033 0.975394621406 0.627453656648 0.0 0.0
世界 0.0 0.291143739887 0.0909090909091 0.135322053025 0.982546459686 0.640757383079 0.0 0.0
过去 0.0 0.259497681204 0.0909090909091 0.126574560011 0.972996551589 0.576281608284 0.0 0.0
存在 0.0 0.218214487974 0.0909090909091 0.175996617206 0.961078034804 0.607305452036 0.0 0.0
是否 0.0 0.208723860775 0.0909090909091 0.133063544362 0.950920167153 0.594863439222 0.0131578947368 0.0
金融 0.0 0.294217771656 0.0909090909091 0.0899264662848 0.948792574741 0.543626005908 0.0 0.0
经济 0.0 0.658368168344 0.0909090909091 0.173537925384 0.98366339777 0.809910276017 0.0394736842105 0.0
国会 0.0 0.368316351838 0.0909090909091 0.200788683406 0.961977202693 0.624126546915 0.0 0.0
带来 0.0 0.240510045994 0.0909090909091 0.150009775487 0.975812021273 0.571276207753 0.0 0.0
难民 0.0 0.601514277974 0.0909090909091 0.185230519322 0.981362358282 0.789556888123 0.0131578947368 0.0
参加 0.0 0.211233271958 0.0909090909091 0.243033533333 0.940967578855 0.593475000657 0.0 0.0
12.6% 0.0 0.172464135944 0.0454545454545 0.135396645862 0.947454786849 0.367681768173 0.0 0.0
担任 0.0 0.21551913211 0.0909090909091 0.214147146879 0.944913833761 0.533965728491 0.0 0.0
此前 0.0 0.260424590227 0.0909090909091 0.179541372867 0.974948466542 0.665210895274 0.0 0.0
联盟 0.0 0.541486286738 0.0909090909091 0.164143538352 0.981248617534 0.736331002816 0.0789473684211 0.0
今年 0.0 0.266085994362 0.0909090909091 0.193532189647 0.982429996345 0.637775414259 0.0 0.0
媒体 0.0 0.369031543606 0.0909090909091 0.251951492319 0.962403860627 0.670085863971 0.0131578947368 0.0
政党 0.0 0.390338710089 0.0909090909091 0.154484154861 0.994097663319 0.854643992752 0.0921052631579 0.0
谈判 0.0 0.795666396946 0.0909090909091 0.183717100337 0.973272867982 0.801351990813 0.118421052632 0.0
基督教 0.0 0.282841182947 0.227272727273 0.184596905535 0.950646565542 0.466770453878 0.0 0.0
自民党 0.0 0.777011259121 0.227272727273 0.185769885377 0.969031134683 0.804755247395 0.0131578947368 0.0
时间 0.0 0.319062594326 0.0909090909091 0.206985009634 0.983161092966 0.706944302827 0.0 0.0
协商 0.0 0.329647554714 0.0909090909091 0.203973854385 0.863473584546 0.544175321502 0.0263157894737 0.0
利益 0.0 0.284286278078 0.0909090909091 0.189050314862 0.942691406148 0.569189563859 0.0 0.0
联邦 0.0 0.433620492566 0.0909090909091 0.144467684716 0.984519013275 0.684275563831 0.0394736842105 0.0
联合政府 0.0 0.397096982476 0.363636363636 0.235961673009 0.981056884914 0.689593810967 0.0394736842105 0.0
美国 0.0 0.588435543313 0.0909090909091 0.202884353895 0.958071907913 0.746586597635 0.0 0.0
欧元区 0.0 0.65001981503 0.227272727273 0.110717547641 0.952251853058 0.750199053605 0.0 0.0
继续 0.0 0.266429437189 0.0909090909091 0.162045950548 0.987212932714 0.719218993976 0.0 0.0
最终 0.0 0.263286534033 0.0909090909091 0.162728075491 0.975365560131 0.648348943003 0.0131578947368 0.0
党内 0.0 0.316460586834 0.0909090909091 0.196095957415 0.973711114559 0.696369452184 0.0263157894737 0.0
下降 0.0 0.27594261751 0.0909090909091 0.180395132357 0.959849640403 0.59722600007 0.0131578947368 0.0
立场 0.0 0.289346519844 0.0909090909091 0.176461107868 0.969877930298 0.692867224694 0.0 0.0
崛起 0.0 0.299189243219 0.0909090909091 0.12259686286 0.95955080893 0.581112155162 0.0263157894737 0.0
9月 0.0 0.243776694826 0.0 0.198651063037 0.989478739847 0.647155251119 0.0 0.0
网站 0.0 0.291226882849 0.0909090909091 0.177117055109 0.859306569929 0.571941084704 0.0 0.0
重新 0.0 0.46763927895 0.0909090909091 0.210000777304 0.976359511543 0.69646621353 0.171052631579 0.0
组建 0.0 0.476717052699 0.0909090909091 0.243045736181 0.97662512521 0.675481567047 0.0657894736842 0.0
记者 0.0 0.321007686064 0.0909090909091 0.159365329046 0.956163929572 0.660438467741 0.0 0.0
方面 0.0 0.323124382676 0.0909090909091 0.229192473603 0.973165590071 0.665685752655 0.0 0.0
选民 0.0 0.549339044921 0.0909090909091 0.204035846306 0.972543023339 0.804040818149 0.0 0.0
欧洲 0.0 0.755221630272 0.0909090909091 0.167893264919 0.998797117024 0.911812454156 0.105263157895 0.0
全球 0.0 0.240386724276 0.0909090909091 0.166134890393 0.940819053754 0.596447728423 0.0 0.0
执政 0.0 0.403979759695 0.0909090909091 0.172081893943 0.992189939709 0.764484718189 0.0263157894737 0.0
告诉 0.0 0.285120932377 0.0909090909091 0.173691113495 0.925100427799 0.524369928316 0.0 0.0
右翼 0.0 0.344591154655 0.0909090909091 0.168534871569 0.969680408437 0.602736250138 0.0263157894737 0.0
调查 0.0 0.224779542373 0.0909090909091 0.164558598697 0.95529783869 0.544312869079 0.0 0.0
挑战 0.0 0.329362713945 0.0909090909091 0.116379843415 0.953541026959 0.575160016297 0.0657894736842 0.0
进一步 0.0 0.232796299841 0.227272727273 0.124089908072 0.97750825289 0.65567297747 0.0 0.0
危机 0.0 0.555597534488 0.0909090909091 0.17547669865 0.98574277897 0.730713121711 0.0657894736842 0.0
历史 0.0 0.273489108492 0.0909090909091 0.248912793132 0.967707551859 0.581620511859 0.0 0.0
整个 0.0 0.210057115001 0.0909090909091 0.199243756106 0.956448850813 0.508359613744 0.0 0.0
政治 0.0 0.580694964637 0.0909090909091 0.184978543926 0.990985130596 0.85934284106 0.131578947368 0.0
西方 0.0 0.456193491803 0.0909090909091 0.18777594111 0.915991708325 0.597665617908 0.0131578947368 0.0
组合 0.0 0.358721406434 0.0909090909091 0.199588233941 0.915908342751 0.540339390201 0.0263157894737 0.0
表现 0.0 0.281451878672 0.0909090909091 0.137343044567 0.972503273549 0.639829930958 0.0131578947368 0.0
合作 0.0 0.329108167541 0.0909090909091 0.173694967422 0.967219250093 0.674153244794 0.0 0.0
关系 0.0 0.505641040721 0.0909090909091 0.213227141137 0.954221156155 0.654575110593 0.0394736842105 0.0
24日 0.0 0.25160566943 0.0454545454545 0.169986224706 0.976755023068 0.550435238549 0.0 0.0
考虑 0.0 0.265254316442 0.0909090909091 0.289264369513 0.95297794522 0.624227721915 0.0 0.0
严重 0.0 0.233396794445 0.0909090909091 0.188059946499 0.968763242769 0.587430747979 0.0131578947368 0.0
绿党 0.0 0.502934946875 0.0909090909091 0.171672135478 0.974330086779 0.752952071334 0.0 0.0
议会 0.0 0.591561352222 0.0909090909091 0.151713481409 0.98671472585 0.791249975377 0.0394736842105 0.0
认为 0.0 0.377480898934 0.0909090909091 0.136209207613 0.992715211205 0.748045348459 0.0 0.0
出现 0.0 0.341437293292 0.0909090909091 0.213112875523 0.984325933375 0.72161586337 0.0131578947368 0.0
势力 0.0 0.329119010308 0.0909090909091 0.102071529231 0.963224332963 0.606497943046 0.0131578947368 0.0
无法 0.0 0.291920474793 0.0909090909091 0.171071089814 0.980318856097 0.735838516525 0.0 0.0
民粹主义 0.0 0.30380216336 0.363636363636 0.1326468759 0.96009409462 0.534368201829 0.0131578947368 0.0
能够 0.0 0.246839257731 0.0909090909091 0.187803464876 0.971885179529 0.67942807866 0.0 0.0
组阁 0.0 0.674687846089 0.0909090909091 0.199393792504 0.969153268862 0.797910866338 0.315789473684 0.0
11月 0.0 0.389933802234 0.0454545454545 0.217054180223 0.934164810133 0.631593837948 0.0 0.0
宣布 0.0 0.288368121163 0.0909090909091 0.162786917412 0.96866606652 0.660698226476 0.0131578947368 0.0
极右 0.0 0.229263127482 0.0909090909091 0.226186655644 0.926667673935 0.524801841056 0.0263157894737 0.0
代表 0.0 0.227652659445 0.0909090909091 0.29477613237 0.96514662043 0.634367976464 0.0 0.0
之间 0.0 0.227652659445 0.0909090909091 0.178928381751 0.970175988669 0.616328309087 0.0 0.0
选举 0.0 0.413789893974 0.0909090909091 0.147475128048 0.986914063163 0.791623843654 0.105263157895 0.0
不确定性 0.0 0.256964896631 0.363636363636 0.193740634517 0.956069716736 0.573250022631 0.0 0.0
再次 0.0 0.271747398497 0.0909090909091 0.291193500244 0.973961123468 0.639819844171 0.0394736842105 0.0
变化 0.0 0.24886306477 0.0909090909091 0.242093317938 0.945043519319 0.565005862385 0.0 0.0
提出 0.0 0.289739748385 0.0909090909091 0.167702162324 0.977416807669 0.646286218159 0.0131578947368 0.0
当选 0.0 0.264918746368 0.0909090909091 0.0931564947255 0.944977250883 0.568370465392 0.0 0.0
伙伴 0.0 0.27594261751 0.0909090909091 0.238933135047 0.967046447749 0.591116521227 0.0131578947368 0.0
该党 0.0 0.474103659417 0.0909090909091 0.212350118282 0.963796320711 0.749345451096 0.0 0.0
传统 0.0 0.307405199682 0.0909090909091 0.230571302712 0.96330623376 0.618427840117 0.0 0.0
法国 0.0 0.500682576692 0.0909090909091 0.156243968664 0.983631558018 0.745813947922 0.0131578947368 0.0
关注 0.0 0.206024560323 0.0909090909091 0.225317659795 0.962076789993 0.620939065543 0.0 0.0
增加 0.0 0.21551913211 0.0909090909091 0.170733288689 0.941135417234 0.600213498043 0.0 0.0
呼吁 0.0 0.239180879427 0.0909090909091 0.300597304082 0.951221410336 0.617754057047 0.0 0.0
马克龙 0.0 0.409873599576 0.227272727273 0.263140337237 0.956128646113 0.616741697802 0.0 0.0
议题 0.0 0.354435857254 0.0909090909091 0.228116372171 0.939290840901 0.62199556623 0.0 0.0
面临 0.0 0.353201289781 0.0909090909091 0.191299861645 0.988181347903 0.671081792154 0.0526315789474 0.0
达成 0.0 0.24154603624 0.0909090909091 0.237524916991 0.957289518117 0.57519978901 0.0 0.0
统一 0.0 0.294624963456 0.0909090909091 0.15780049163 0.926447823415 0.559627937587 0.0131578947368 0.0
要求 0.0 0.256170999735 0.0909090909091 0.17553763293 0.984716463665 0.639526859447 0.0131578947368 0.0
现在 0.0 0.307670673799 0.0909090909091 0.211732446202 0.971629841273 0.656803767776 0.0 0.0
导致 0.0 0.234213485472 0.0909090909091 0.169835032539 0.976866425355 0.58300616276 0.0263157894737 0.0
尤其 0.0 0.239180879427 0.0909090909091 0.300341133469 0.907043272143 0.502992775597 0.0 0.0
改革 0.0 0.453788628102 0.0909090909091 0.227256756744 0.976690837473 0.700222326642 0.0263157894737 0.0
大选 0.0 0.109592861669 0.0909090909091 0.157304270927 0.989971275238 0.81588673651 0.5 0.0
文章 0.0 0.256229576025 0.0909090909091 0.189654305502 0.938845164154 0.456267746606 0.0 0.0
自由民主党 1.0 0.313515751603 0.5 0.145333321395 0.965046947437 0.637863841541 0.0 0.0
之后 0.0 0.299535690253 0.0909090909091 0.207135315115 0.955843476251 0.613990282776 0.0 0.0
稳定 0.0 0.338967131824 0.0909090909091 0.138426478296 0.975778204668 0.651336054604 0.0 0.0
社会民主党 1.0 0.221522410784 0.5 0.180917700883 0.959089929116 0.601850301007 0.0 0.0
德国+组阁 2.0 0.201751552184 0.409090909091 0.31199528343 0.891911839935 0.244226034607 0.0789473684211 0.5
主席+舒尔茨 0.0 0.139677779905 0.545454545455 0.261502886184 0.854325848096 0.244728992563 0.0 0.5
德国+总理 0.0 0.234352317527 0.409090909091 0.185060862572 0.980621447081 0.355425867965 0.0131578947368 0.5
总理+默克尔 0.0 0.202544401074 0.545454545455 0.189318654716 0.962404721081 0.346414824122 0.0263157894737 0.5
默克尔+领导 0.0 0.263887287782 0.545454545455 0.209431231999 0.970568220461 0.207499049671 0.0 0.5
分析+人士 0.0 0.15425578419 0.409090909091 0.210505163854 0.856417446551 0.100041691581 0.0 0.5
德国+总统 2.0 0.201751552184 0.409090909091 0.395151605278 0.892034695171 0.272168445962 0.0131578947368 0.5
总统+施泰因迈尔 2.0 0.170716624388 0.818181818182 0.354699988512 0.855430251958 0.217087628002 0.0 0.5
组阁+谈判 1.0 0.549339044921 0.409090909091 0.250453160263 0.952708732919 0.485080663265 0.0921052631579 0.5
联邦+议院 0.0 0.35479478345 0.409090909091 0.158467482356 0.961616162853 0.436906153157 0.0131578947368 0.5
议院+选举 1.0 0.22784199702 0.409090909091 0.187443857406 0.911674453222 0.233800363686 0.0131578947368 0.5
选举+中 0.0 0.314958054704 0.272727272727 0.176577969093 0.969216587166 0.37183692087 0.0 0.5
联合+组阁 1.0 0.165069451787 0.409090909091 0.24350637048 0.919150710018 0.308049040016 0.0263157894737 0.5
谈判+破裂 3.0 0.264041589948 0.409090909091 0.367106397033 0.891595859785 0.340538009737 0.0394736842105 0.5
绿党+组成 0.0 0.141736817438 0.409090909091 0.215605779288 0.90570053147 0.26850506921 0.0 0.5
组成+少数派 0.0 0.144696639768 0.545454545455 0.259836324626 0.826232784972 0.207635827318 0.0 0.5
少数派+政府 3.0 0.275115752978 0.545454545455 0.268592745824 0.897112443726 0.312874689778 0.0 0.5
重新+大选 3.0 0.305173028083 0.409090909091 0.253102256137 0.907245221704 0.382024656846 0.144736842105 0.5
组建+少数 0.0 0.190080621585 0.409090909091 0.454532775321 0.854141701308 0.265848107555 0.0263157894737 0.5
少数+派 0.0 0.194734477779 0.272727272727 0.358697885209 0.871695640674 0.245014017884 0.0131578947368 0.5
派+政府 0.0 0.194734477779 0.272727272727 0.358697885209 0.871695640674 0.212318427541 0.0131578947368 0.5
德国+政治 0.0 0.269044052072 0.409090909091 0.177367631604 0.953759911804 0.449500490804 0.0657894736842 0.5
民调+显示 0.0 0.15582715052 0.409090909091 0.350521928526 0.883758202613 0.122662552852 0.0131578947368 0.5
重新+举行 0.0 0.265254316442 0.409090909091 0.215605365219 0.87690644406 0.308489935439 0.0131578947368 0.5
举行+选举 0.0 0.160046835363 0.409090909091 0.157876553046 0.821026832196 0.180032303263 0.0 0.5
主流+政党 0.0 0.134300855625 0.409090909091 0.24841265319 0.853110305806 0.313640613301 0.0 0.5
民粹主义+政党 2.0 0.176612497579 0.681818181818 0.0755676248458 0.942036722635 0.221184033533 0.0 0.5
政党+德国 0.0 0.176612497579 0.409090909091 0.13172424885 0.937690108629 0.168155430464 0.0 0.5
德国+选择 0.0 0.728265566099 0.409090909091 0.141127762005 0.972245577051 0.373447018416 0.0394736842105 0.5
选择+党 2.0 0.798055785527 0.272727272727 0.13098119944 0.983036341169 0.525173568531 0.0789473684211 0.5
大选+中 0.0 0.318700514612 0.272727272727 0.226812508788 0.988127504604 0.416601219571 0.0263157894737 0.5
进入+议会 0.0 0.19700642075 0.409090909091 0.130099455743 0.939892444568 0.340445487281 0.0 0.5
德国+政坛 0.0 0.248953499093 0.409090909091 0.131735798801 0.965169283548 0.444513378475 0.0394736842105 0.5
本次+大选 0.0 0.163986928656 0.409090909091 0.212489454591 0.892271686614 0.263849326041 0.0 0.5
难民+政策 1.0 0.273543513831 0.409090909091 0.110675710771 0.911456908395 0.40398394579 0.0131578947368 0.5
德国+媒体 0.0 0.212605226158 0.409090909091 0.220894161196 0.937983942351 0.298859199996 0.0131578947368 0.5
新浪+财经 0.0 0.182727452067 0.409090909091 0.187012518863 0.960875993938 0.0685899647712 0.0 0.5
财经+股吧 0.0 0.1776164437 0.409090909091 0.17518680178 0.957600595167 0.0 0.0 0.5
组建+新 0.0 0.170928361704 0.272727272727 0.361442831901 0.833731200001 0.323645274562 0.0 0.5
新+政府 0.0 0.272946587167 0.272727272727 0.26276128043 0.951456987849 0.398200183859 0.0 0.5
9月+24日 0.0 0.19148111566 0.272727272727 0.187360269661 0.959707052819 0.316893175013 0.0 0.5
次+大选 0.0 0.266281102175 0.272727272727 0.222824002192 0.918496061382 0.26199442491 0.0 0.5
执政+伙伴 0.0 0.128037964913 0.409090909091 0.311133434266 0.883483191811 0.2762297654 0.0 0.5
采访+时 0.0 0.207229934721 0.272727272727 0.210799135445 0.909763674004 0.316773557766 0.0 0.5
时+表示 0.0 0.133566129017 0.272727272727 0.173490541608 0.917641286379 0.196503605453 0.0 0.5
德国+政府 0.0 0.232097526887 0.409090909091 0.102464821931 0.965852285565 0.381285717307 0.0 0.5
联盟+政府 0.0 0.141401135507 0.409090909091 0.457334019907 0.805374749183 0.227266640439 0.0 0.5
12+年 0.0 0.266112870218 0.0909090909091 0.138907854378 0.89576309918 0.303910048352 0.0 0.5
报道+称 0.0 0.200696019975 0.272727272727 0.268183913538 0.908087396097 0.0792397562033 0.0 0.5
少数+政府 0.0 0.183137530397 0.409090909091 0.341689345807 0.832494184291 0.301013349244 0.0 0.5
联邦+政府 0.0 0.170928361704 0.409090909091 0.402208021579 0.887251764468 0.289414461297 0.0 0.5
难民+问题 0.0 0.194734477779 0.409090909091 0.169134605312 0.894947875961 0.303835427426 0.0 0.5
联邦+总统 0.0 0.135998006442 0.409090909091 0.161323379404 0.691161424852 0.218288175288 0.0 0.5
支持+重新 0.0 0.135998006442 0.409090909091 0.29701826721 0.651321235259 0.186573972994 0.0131578947368 0.5
负+责任 0.0 0.144696639768 0.272727272727 0.206747778641 0.861825338284 0.192445457446 0.0 0.5
政党+选择 0.0 0.122091686931 0.409090909091 0.231756122234 0.871978432204 0.204307827939 0.0 0.5
政治+危机 0.0 0.162957409889 0.409090909091 0.489034082018 0.83600840305 0.251139767663 0.0131578947368 0.5
德国+民众 0.0 0.170716624388 0.409090909091 0.270763031362 0.911348084166 0.322343955986 0.0263157894737 0.5
德国+大选 1.0 0.291902225077 0.409090909091 0.159354645341 1.0 0.453009735543 0.197368421053 0.5
极右翼+政党 2.0 0.263286534033 0.545454545455 0.195110865779 0.965557773826 0.383193091402 0.0131578947368 0.5
组阁+失败 2.0 0.202725991461 0.409090909091 0.471684665302 0.861455013983 0.264523349011 0.0 0.5
英国+脱欧 0.0 0.174239976886 0.409090909091 0.266292593988 0.92402766697 0.315911024743 0.0 0.5
欧洲+一体化 3.0 0.362319054361 0.545454545455 0.191883983086 0.946213566241 0.395611970859 0.0131578947368 0.5
法+德 0.0 0.231698053675 0.136363636364 0.235665662017 0.770152604934 0.304814844166 0.0 0.5
两+国 0.0 0.179965081555 0.136363636364 0.441217785141 0.865589336809 0.266678228753 0.0 0.5
法国+总统 1.0 0.210057115001 0.409090909091 0.22274535498 0.94345617704 0.306084972164 0.0 0.5
总统+马克龙 2.0 0.159453919618 0.545454545455 0.252576739866 0.93111532123 0.26684132057 0.0 0.5
欧+债 0.0 0.174597224881 0.136363636364 0.240189796891 0.874730695628 0.236768363125 0.0 0.5
债+危机 0.0 0.174597224881 0.272727272727 0.240189796891 0.874730695628 0.262792204069 0.0 0.5
参与+组阁 0.0 0.141401135507 0.409090909091 0.282506193774 0.799974821065 0.240910200548 0.0131578947368 0.5
举行+大选 0.0 0.19724526087 0.409090909091 0.437748724098 0.909124050871 0.25474833159 0.0131578947368 0.5
政治+僵局 0.0 0.15425578419 0.409090909091 0.457004142846 0.830215391037 0.311977668093 0.0263157894737 0.5
默克尔+执政 2.0 0.180576590505 0.545454545455 0.0802439466913 0.931799651584 0.239251800498 0.0 0.5
德国+社会 0.0 0.220092602383 0.409090909091 0.259795142122 0.921724102057 0.416476028173 0.0131578947368 0.5
社民党+主席 0.0 0.15582715052 0.545454545455 0.388115807901 0.85751656199 0.186879352522 0.0131578947368 0.5
联合+执政 0.0 0.239180879427 0.409090909091 0.238096638397 0.926040265062 0.38051964473 0.0 0.5
退出+组阁 2.0 0.122091686931 0.409090909091 0.205203392557 0.76160135857 0.153155877224 0.0131578947368 0.5
两+党 0.0 0.158719193011 0.136363636364 0.334025281549 0.906962107889 0.263495882004 0.0 0.5
组建+联合政府 2.0 0.122435618266 0.681818181818 0.432499281699 0.883705514577 0.311174742484 0.0131578947368 0.5
德国+联邦 0.0 0.283561985811 0.409090909091 0.170452141465 0.985625070627 0.35017654001 0.0 0.5
进入+联邦 0.0 0.194888123978 0.409090909091 0.228674368182 0.897956600285 0.291527401868 0.0 0.5
默克尔+组阁 2.0 0.134300855625 0.545454545455 0.327285683069 0.880803495989 0.241915070386 0.0526315789474 0.5
执政+12 0.0 0.170928361704 0.227272727273 0.118060163156 0.863684512416 0.158754265996 0.0 0.5
欧洲+政治 0.0 0.122435618266 0.409090909091 0.0 0.900170113476 0.296600214987 0.0 0.5
宣布+退出 0.0 0.15582715052 0.409090909091 0.132579647492 0.917689326301 0.336758804659 0.0131578947368 0.5
基督教+民主联盟 0.0 0.154178937979 0.818181818182 0.205837354717 0.936797812938 0.261082401612 0.0 0.5
难民+危机 0.0 0.248851828314 0.409090909091 0.095092528757 0.936707573971 0.391540623205 0.0 0.5
总理+任期 0.0 0.171072559426 0.409090909091 0.105924501571 0.913830457405 0.22470324228 0.0 0.5
谈判+失败 2.0 0.218592714822 0.409090909091 0.272816811397 0.891265241735 0.277923596702 0.0 0.5
牙买加+联盟 3.0 0.505641040721 0.545454545455 0.216972144227 0.924029493792 0.308036168167 0.0526315789474 0.5
第一+次 0.0 0.111305107514 0.272727272727 0.234138225168 0.927403068184 0.315329506473 0.0 0.5
议会+选举 1.0 0.323137056694 0.409090909091 0.251698791956 0.928341198788 0.395298152562 0.0 0.5
组成+联合政府 0.0 0.209088683743 0.681818181818 0.265299823812 0.943940453733 0.356439800927 0.0 0.5
执政+联盟 0.0 0.264596779468 0.409090909091 0.167881238304 0.959878186345 0.412365040712 0.0131578947368 0.5
总理+科尔 0.0 0.141401135507 0.409090909091 0.156366707101 0.832462214965 0.333580112607 0.0 0.5
金融+危机 1.0 0.190080621585 0.409090909091 0.115599120208 0.897950274975 0.286838954412 0.0 0.5
2013年+大选 0.0 0.111305107514 0.454545454545 0.297048121782 0.917245194229 0.215052346302 0.0 0.5
绿+党 0.0 0.133239379533 0.136363636364 0.185517993292 0.903893818294 0.30814371095 0.0 0.5
议会+中 0.0 0.183410501985 0.272727272727 0.212153076084 0.934530428672 0.374084608123 0.0 0.5
欧+美 0.0 0.144811283546 0.136363636364 0.288455658911 0.771525944204 0.258407807889 0.0 0.5
中国+新闻 0.0 0.226924846795 0.409090909091 0.298274793082 0.400444576248 0.0837616908064 0.0 0.5
新闻+周刊 0.0 0.226924846795 0.409090909091 0.298274793082 0.400444576248 0.0528643326855 0.0 0.5
德国+政局 0.0 0.170716624388 0.409090909091 0.286832746523 0.877783458079 0.309779702365 0.0394736842105 0.5
首+次 0.0 0.225085802292 0.136363636364 0.225429306121 0.960681558705 0.416761847814 0.0131578947368 0.5
9月+25日 0.0 0.211233271958 0.272727272727 0.251770372337 0.962139844249 0.326410831079 0.0 0.5
党+主席 0.0 0.141401135507 0.272727272727 0.317174072102 0.874113082898 0.320308492937 0.0 0.5
重新+选举 3.0 0.273543513831 0.409090909091 0.297986240013 0.851934079094 0.352153914582 0.0131578947368 0.5
成为+议会 0.0 0.157796208696 0.409090909091 0.238589744815 0.900661383901 0.194082563054 0.0 0.5
议会+第三 0.0 0.139677779905 0.409090909091 0.270477351294 0.872611494901 0.123687947742 0.0 0.5
德国+新 0.0 0.246556576088 0.272727272727 0.204811794289 0.931695060839 0.292184474906 0.0394736842105 0.5
谈判+中 0.0 0.153737745615 0.272727272727 0.419440339919 0.906429139533 0.343054168431 0.0 0.5
默克尔+总理 0.0 0.122091686931 0.545454545455 0.348800120933 0.877352888306 0.279684555028 0.0 0.5
基督教+社会 0.0 0.111305107514 0.545454545455 0.21775525388 0.883075628909 0.203633975931 0.0 0.5
社会+联盟 0.0 0.117367679267 0.409090909091 0.136522322663 0.912098212071 0.251468399622 0.0 0.5
欧元区+改革 2.0 0.15425578419 0.545454545455 0.325524903381 0.837524132464 0.313558434431 0.0 0.5
党+地位 0.0 0.133239379533 0.272727272727 0.260262929003 0.88316375039 0.11338635503 0.0 0.5
财政+政策 0.0 0.135998006442 0.409090909091 0.276602234731 0.800056172513 0.295398658649 0.0 0.5
进入+德国 0.0 0.204936799788 0.409090909091 0.298460879843 0.961607518569 0.324724422071 0.0 0.5
长+达 0.0 0.134300855625 0.136363636364 0.207874153311 0.918597259655 0.280308992209 0.0 0.5
西方+国家 0.0 0.176797408375 0.409090909091 0.152568200813 0.81569231546 0.315483867163 0.0 0.5
整个+欧洲 0.0 0.15425578419 0.409090909091 0.218448792365 0.862086011757 0.272704140891 0.0 0.5
社会+民主党 2.0 0.133056435109 0.545454545455 0.104341630931 0.91358947238 0.27608267746 0.0 0.5
中+获得 0.0 0.138071682609 0.272727272727 0.144728696407 0.926705497396 0.296888403449 0.0 0.5
德国+重新 0.0 0.128037964913 0.409090909091 0.207813376464 0.827723845131 0.151395083783 0.0394736842105 0.5
欧元+兑 0.0 0.245980392984 0.272727272727 0.181006619806 0.904743021529 0.204199494551 0.0131578947368 0.5
兑+美元 0.0 0.245980392984 0.272727272727 0.155608460075 0.89589998775 0.258980315959 0.0131578947368 0.5
成为+德国 0.0 0.171072559426 0.409090909091 0.184925013996 0.961756547054 0.356727390955 0.0 0.5
德国+经济 0.0 0.218592714822 0.409090909091 0.177306838621 0.915065108992 0.339211819393 0.0 0.5
经济+增长 0.0 0.174597224881 0.409090909091 0.244916051999 0.869158604262 0.336560606243 0.0 0.5
欧洲+央行 0.0 0.179965081555 0.409090909091 0.333791453667 0.713129036337 0.267369783501 0.0131578947368 0.5
第四+次 0.0 0.111305107514 0.272727272727 0.219597789246 0.885279438006 0.244197581681 0.0 0.5
中+德 0.0 0.268601711249 0.136363636364 0.316005717932 0.861884959063 0.358468516374 0.0263157894737 0.5
另类+选择 0.0 0.314275004786 0.409090909091 0.319592777103 0.849108015394 0.227282872064 0.0 0.5
德国+自民党 1.0 0.141401135507 0.545454545455 0.388163217851 0.878987282888 0.178804112231 0.0131578947368 0.5
右翼+民粹主义 2.0 0.15582715052 0.681818181818 0.279806378804 0.870239668743 0.207628170984 0.0131578947368 0.5
达成+协议 0.0 0.139677779905 0.409090909091 0.45472095753 0.889989637717 0.295225329931 0.0 0.5
极右+政党 0.0 0.149597807087 0.409090909091 0.321908099595 0.821916395039 0.28981733043 0.0263157894737 0.5
组阁+成功 0.0 0.128546486825 0.409090909091 0.128505223089 0.779617975845 0.236880113732 0.0 0.5
北京+时间 0.0 0.133566129017 0.409090909091 0.403748137398 0.811823897053 0.261008993337 0.0 0.5
责任+编辑 0.0 0.149205552999 0.409090909091 0.178252520984 0.838544085043 0.181172977412 0.0 0.5
大选+结束 0.0 0.122435618266 0.409090909091 0.197935483092 0.90942981261 0.192811256044 0.0 0.5
移民+政策 1.0 0.122091686931 0.409090909091 0.293635891089 0.871458681625 0.350037385369 0.0 0.5
德国+选民 0.0 0.167110432872 0.409090909091 0.375322910117 0.906612397617 0.268206956943 0.0 0.5
德国+议会 0.0 0.159453919618 0.409090909091 0.247580774711 0.943403927467 0.326699138902 0.0 0.5
环球+时报 0.0 0.186454600722 0.409090909091 0.596342572486 0.596297690658 0.220036883988 0.0 0.5
次+进入 0.0 0.168340942683 0.272727272727 0.340126247257 0.93192265424 0.220144553289 0.0 0.5
德国+另类 0.0 0.25839621224 0.409090909091 0.373371521151 0.757106103287 0.171564719137 0.0 0.5
新+选择 0.0 0.217837008149 0.272727272727 0.103252157198 0.679769040486 0.206817047048 0.0 0.5
反+欧元 0.0 0.138707257315 0.272727272727 0.248929157717 0.838149832555 0.319036864762 0.0 0.5
副+议长 0.0 0.222610215029 0.272727272727 1.0 0.0 0.255279026048 0.0131578947368 0.5
联邦+议会 0.0 0.421844154567 0.409090909091 0.242439303823 0.921103090327 0.416514463193 0.0131578947368 0.5
反+移民 0.0 0.25673647389 0.272727272727 0.206469827373 0.929650030095 0.38265779343 0.0 0.5
州+议会 0.0 0.144811283546 0.272727272727 0.303856672907 0.73309715237 0.309831773783 0.0 0.5
议会+党团 0.0 0.122091686931 0.409090909091 0.175861066999 0.850280337713 0.236859045573 0.0 0.5
反+欧洲 0.0 0.128037964913 0.272727272727 0.228853969303 0.835078394951 0.157126892868 0.0 0.5
欧盟+委员会 0.0 0.135998006442 0.545454545455 0.246417846259 0.820020952011 0.215668277419 0.0 0.5
欧洲+政策 2.0 0.186454600722 0.409090909091 0.530553562571 0.597498066271 0.27430860857 0.0 0.5
文章+称 0.0 0.189104038996 0.272727272727 0.866037499265 0.551106892063 0.0867969021603 0.0 0.5
政治+势力 0.0 0.208014442896 0.409090909091 0.557478646842 0.352867002832 0.174590731913 0.0 0.5
美国+总统 0.0 0.174597224881 0.409090909091 0.155390508809 0.833088686824 0.309469473627 0.0 0.5
进入+国会 0.0 0.135998006442 0.409090909091 0.501983104795 0.794911583842 0.236687087603 0.0 0.5
一体化+进程 0.0 0.149597807087 0.545454545455 0.399393056412 0.756111747032 0.23417818131 0.0263157894737 0.5
传统+政治 0.0 0.222610215029 0.409090909091 1.0 0.0 0.11668469931 0.0 0.5
斯蒂凡+⋅柯 0.0 0.333915322543 0.545454545455 1.0 0.0 0.134279595852 0.0 0.5
⋅柯+内琉斯 0.0 0.333915322543 0.545454545455 1.0 0.0 0.17039618107 0.0 0.5
组建+大+联合政府 3.0 0.17115764926 0.863636363636 0.357489461503 0.621191383374 0.233752728223 0.0 1.0
德国+总理+默克尔 0.0 0.204824690466 0.863636363636 0.233845927703 0.95672358755 0.248399309713 0.0131578947368 1.0
总理+默克尔+领导 0.0 0.165783947776 0.863636363636 0.196938365197 0.933706839028 0.095722652873 0.0 1.0
领导+的+联盟党 0.0 0.186261266819 0.727272727273 0.176201855676 0.952852623761 0.176757961992 0.0 1.0
联邦+议院+选举 3.0 0.22784199702 0.727272727273 0.187443857406 0.911674453222 0.244254050972 0.0131578947368 1.0
自由民主党+和+绿党 2.0 0.174597224881 1.0 0.193851329203 0.860842058421 0.249888296995 0.0 1.0
组成+少数派+政府 3.0 0.144696639768 0.863636363636 0.259836324626 0.826232784972 0.207635827318 0.0 1.0
组建+少数+派 1.0 0.160046835363 0.590909090909 0.411440988997 0.839617968192 0.226076267249 0.0131578947368 1.0
少数+派+政府 3.0 0.194734477779 0.590909090909 0.358697885209 0.871695640674 0.245014017884 0.0131578947368 1.0
重新+举行+选举 3.0 0.139677779905 0.727272727273 0.100801369807 0.753055742141 0.186807469269 0.0 1.0
民粹主义+政党+德国 0.0 0.117367679267 1.0 0.0201813451245 0.869758542524 0.0676797776543 0.0 1.0
政党+德国+选择 0.0 0.174073145165 0.727272727273 0.146335924046 0.930652726986 0.142013455848 0.0 1.0
德国+选择+党 3.0 0.749757115026 0.590909090909 0.130330722794 0.971235555461 0.363541494382 0.0263157894737 1.0
新浪+财经+股吧 0.0 0.1776164437 0.727272727273 0.17518680178 0.957600595167 0.0413194478938 0.0 1.0
采访+时+表示 0.0 0.122091686931 0.590909090909 0.254174378979 0.820538215519 0.187112814531 0.0 1.0
组阁+谈判+破裂 3.0 0.192056202436 0.727272727273 0.368489278008 0.8857650395 0.283849279557 0.0263157894737 1.0
第四+个+任期 0.0 0.134300855625 0.590909090909 0.300617670571 0.842136525506 0.229558496493 0.0131578947368 1.0
法国+总统+马克龙 2.0 0.150595368528 0.863636363636 0.252576739866 0.93111532123 0.205682245173 0.0 1.0
欧+债+危机 0.0 0.174597224881 0.454545454545 0.240189796891 0.874730695628 0.236768363125 0.0 1.0
基民盟+和+基社盟 0.0 0.133239379533 0.863636363636 0.301498364312 0.914618818035 0.230891021625 0.0 1.0
德国+联邦+议院 0.0 0.226894314051 0.727272727273 0.237970789882 0.955319916277 0.235839433265 0.0 1.0
进入+联邦+议院 0.0 0.157796208696 0.727272727273 0.206938582897 0.87256235122 0.252824900214 0.0 1.0
执政+12+年 0.0 0.170928361704 0.409090909091 0.118060163156 0.863684512416 0.158754265996 0.0 1.0
两+个+月 0.0 0.116398149921 0.318181818182 0.229942079741 0.878158031797 0.234983194126 0.0 1.0
领导+的+基督教 0.0 0.111305107514 0.727272727273 0.188029682603 0.890628238601 0.135014901863 0.0 1.0
第四+个+总理 0.0 0.134300855625 0.590909090909 0.0764430002207 0.827491139578 0.151569098547 0.0 1.0
组阁+谈判+失败 3.0 0.162957409889 0.727272727273 0.271653287591 0.848006400319 0.19219802614 0.0 1.0
重新+举行+大选 3.0 0.170928361704 0.727272727273 0.448901160501 0.839065186578 0.241577888431 0.0131578947368 1.0
领导+的+基民盟 0.0 0.151317594897 0.727272727273 0.143222737525 0.934162868118 0.182755008404 0.0 1.0
新+一+届 0.0 0.198940737332 0.318181818182 0.282972490663 0.953157666302 0.278406214865 0.0263157894737 1.0
自民党+和+绿党 3.0 0.229263127482 0.727272727273 0.255396953049 0.912656519442 0.271810553519 0.0 1.0
第三+大+党 0.0 0.215193199047 0.454545454545 0.194045511092 0.948966995016 0.196637904705 0.0 1.0
中国+新闻+周刊 0.0 0.226924846795 0.727272727273 0.298274793082 0.400444576248 0.0837616908064 0.0 1.0
基督教+社会+联盟 0.0 0.111305107514 0.863636363636 0.21775525388 0.883075628909 0.203633975931 0.0 1.0
第一+大+党 0.0 0.165069451787 0.454545454545 0.248202062825 0.924761045263 0.210035262592 0.0 1.0
德国+大选+中 0.0 0.111305107514 0.590909090909 0.282080088985 0.908577923141 0.21421533096 0.0131578947368 1.0
欧元+兑+美元 3.0 0.224065569509 0.590909090909 0.167316739184 0.90204053277 0.160103615517 0.0131578947368 1.0
德国+组阁+谈判 2.0 0.135998006442 0.727272727273 0.404446953024 0.710784900349 0.134176081822 0.0263157894737 1.0
另类+选择+党 0.0 0.314275004786 0.590909090909 0.319592777103 0.849108015394 0.227282872064 0.0 1.0
首+次+进入 0.0 0.157494750388 0.454545454545 0.323359407192 0.917287151295 0.224637207454 0.0 1.0
次+进入+德国 0.0 0.111305107514 0.590909090909 0.373541315256 0.892816299895 0.158383494205 0.0 1.0
德国+另类+选择 0.0 0.244796411596 0.727272727273 0.373371521151 0.757106103287 0.161286398935 0.0 1.0
德国+新+选择 0.0 0.220355437217 0.590909090909 0.309902315102 0.656443375698 0.135324345858 0.0 1.0
新+选择+党 2.0 0.217837008149 0.454545454545 0.103252157198 0.679769040486 0.206817047048 0.0 1.0
德国+联邦+议会 0.0 0.178088172023 0.727272727273 0.265250906361 0.896863200271 0.293086221738 0.0 1.0
联邦+议会+选举 3.0 0.19534669909 0.727272727273 0.297266330728 0.840917281826 0.263211106 0.0 1.0
12.6%+的+选票 0.0 0.117367679267 0.545454545455 0.150972445353 0.887448128236 0.161964921894 0.0 1.0
斯蒂凡+⋅柯+内琉斯 0.0 0.333915322543 1.0 1.0 0.0 0.134279595852 0.0 1.0
