希望 0.0 1.06448348212 1.06606342568 0.100212729257
剧迷 0.0 1.11169612896 1.11234513019 0.100089745399
维斯特洛 0.0 2.15294749733 2.14259991657 0.100067649269
这种 0.0 0.851621061291 0.854761124494 0.10007538467
之前 0.0 1.22329865539 1.22305826731 0.100245168405
已经 0.0 1.91020105602 1.9048205043 0.100473875856
剧组 0.0 1.23181718181 1.23139796815 0.100029794571
出演 0.0 1.99303149318 1.99043774411 0.0998568288959
目前 0.0 0.999999895141 1.00154210638 0.100150233712
包括 0.0 1.15444386198 1.15475861597 0.0999550813687
成为 0.0 1.36038117863 1.35933637547 0.100404104417
美元 0.0 1.65175753048 1.64873397361 0.0998811997146
报道 0.0 0.191136944682 0.201098837649 0.10002612505
珊莎 0.0 1.61100699646 1.60795235257 0.0998213344034
结局 0.0 1.20600779903 1.20571673408 0.0999926153741
这部 0.0 1.26605882112 1.26588967212 0.100211299237
开发 0.0 0.875714360425 0.879841236379 0.0998859945836
原著 0.0 0.925012864605 0.927131003438 0.100006495991
节目 0.0 1.06785832104 1.06958059934 0.0999473235278
工作 0.0 1.14218461991 1.14250554629 0.100005998494
信息 0.0 1.85628675204 1.85144311162 0.0999103021246
开播 0.0 0.579310421767 0.584432218855 0.100197193623
提利昂 10.0 1.82602898222 1.82021199843 0.0999258891447
事件 0.0 1.92773007137 1.92394786892 0.0997065736962
家族 0.0 2.18860146717 2.18124301075 0.100026167884
下载 0.0 1.27926594185 1.27974058048 0.0998664900866
达到 0.0 0.457546074377 0.463923824574 0.0999338400139
琼恩 10.0 1.33900097483 1.33946975362 0.0999092196325
演员 0.0 3.28914080611 3.27247461332 0.100387030798
收视 0.0 1.09314842157 1.09410737218 0.0999184422349
异鬼 0.0 1.26352395975 1.26293163247 0.0999697295487
消息 0.0 0.61507162785 0.620951597717 0.100050896141
网上 0.0 0.608504000092 0.61390813105 0.0999466463101
当时 0.0 1.23481446166 1.23491164597 0.100062378098
游族 0.0 2.40688510434 2.40243127233 0.100299448743
发生 0.0 0.983103797069 0.9853345755 0.100119533013
最新 0.0 0.576051986648 0.581032145579 0.0998983758718
大陆 0.0 0.920160507421 0.922771970968 0.0999228298693
扮演 0.0 1.73542282565 1.73160420895 0.0999860833418
透露 0.0 0.600372706079 0.605522163919 0.100219034178
影视 0.0 1.0034416465 1.00506942584 0.100010878712
播出 0.0 1.47612260844 1.47433272171 0.100128972963
邮件 0.0 2.02343886793 2.01768309749 0.0998447644728
最后 0.0 1.43402932838 1.43231828509 0.100043042608
第7 0.0 -0.242421471941 -0.228898313437 0.0999059130777
看到 0.0 1.36341553677 1.36227292228 0.100318231544
故事 0.0 1.56031968622 1.55725301951 0.100151868878
丹妮莉丝 20.0 3.30293160755 3.28485532802 0.100347411747
中国 0.0 2.90875517309 2.89663824004 0.100036004795
英国 0.0 0.809755699034 0.813518609722 0.100177041391
表示 0.0 1.13440878603 1.1361128979 0.10029446546
市场 0.0 0.899849515885 0.903540197954 0.0997777763471
粉丝 0.0 1.46277664908 1.46076455362 0.100360334538
美剧 0.0 0.37036409187 0.377728308287 0.100132306347
娱乐 0.0 -0.605394281835 -0.588896309594 0.0999262130584
攻击 0.0 2.08805187098 2.0831306882 0.0997284646011
内容 0.0 2.43094215992 2.42072689454 0.100045750663
网络 0.0 2.51053981717 2.50072086111 0.100080466356
问题 0.0 0.688032739721 0.692059747313 0.0999757574567
资料 0.0 1.77946965583 1.77597436027 0.0997463442372
公布 0.0 1.383954949 1.38220566988 0.0999936203923
订婚 30.0 1.07193234154 1.07857435428 0.100306313663
兰尼斯特 0.0 2.39043367946 2.37873039798 0.100082453444
获得 0.0 1.78442194003 1.77994630888 0.100200820482
马丁 0.0 2.16382698783 2.15638958545 0.10013709383
需要 0.0 0.904249568018 0.906588381579 0.100082200638
第五 0.0 0.650544666911 0.654596558705 0.100078186282
数据 0.0 2.05431564114 2.04829534135 0.09988962837
角色 0.0 3.30319949974 3.28686971981 0.100339267527
翻译 0.0 2.63017898854 2.62056278754 0.0998650145101
第七 0.0 1.22877460041 1.22681556429 0.0997186749095
第一 0.0 1.79584676459 1.79132278503 0.100321001839
屈畅 0.0 2.73807280758 2.73263274069 0.100128628444
新浪 0.0 -1.24206527216 -1.22020363534 0.0999470764976
人员 0.0 1.08582393629 1.08638650079 0.100111305793
世界 0.0 0.983624626114 0.985665441345 0.100088665145
观众 0.0 2.75241644305 2.74035401627 0.100380639411
第六 0.0 0.54370518826 0.549490696536 0.0999945336887
知道 0.0 1.12001135616 1.12030753979 0.100149009739
媒体 0.0 0.353634157269 0.36131927978 0.100025653125
权游 0.0 1.09149466847 1.09135529649 0.0998495130078
场面 0.0 1.08748490375 1.08813509124 0.0999120600932
时间 0.0 1.02871751821 1.03078483484 0.100353788543
人物 0.0 1.42943664404 1.42726862277 0.100156594943
美国 0.0 1.39188191736 1.39012352685 0.100359180755
制作 0.0 1.14310166175 1.14289743907 0.100228633168
拍摄 0.0 2.65458780543 2.64434786592 0.100215745352
发现 0.0 0.798342142887 0.800896178704 0.100158216583
长城 0.0 1.18767853836 1.18791165196 0.0999404105057
全球 0.0 1.63382128815 1.62987991007 0.100267013831
詹姆 0.0 1.89811114933 1.89291209616 0.0998805321185
剧本 0.0 2.28364092259 2.27469975678 0.100016736692
剧集 0.0 1.46166594505 1.45910036786 0.100131029403
热门 0.0 0.557597831391 0.562950761726 0.099902615822
电视 0.0 0.642071862173 0.646542516649 0.100158710974
进行 0.0 0.948417208215 0.951090099981 0.100017958961
饰演 0.0 0.616136160261 0.623170762996 0.0998001200708
拥有 0.0 0.852944708127 0.855197481137 0.100218816213
老板 0.0 1.66138607692 1.65901838353 0.0998706906003
合作 0.0 1.35111618491 1.34994735213 0.100082888223
集中 0.0 0.744451825159 0.74805590904 0.0999315291243
剧情 0.0 1.9622926087 1.95602450385 0.100245575883
北境 0.0 0.898811680005 0.901595794972 0.0997921387339
资源 0.0 1.46678905733 1.46414126831 0.0998545650694
泄露 20.0 4.11987109237 4.09752757089 0.100943125982
剧透 20.0 1.62942054291 1.62562029627 0.100027880451
权利 0.0 -0.297473149443 -0.286108421232 0.0996433607073
认为 0.0 0.502650030207 0.508335277582 0.100261936659
出现 0.0 1.40379911555 1.40184333811 0.100244810522
黑客 0.0 5.81497108765 5.77866702504 0.101820346941
扮演者 0.0 1.58897938425 1.58442839949 0.0999887799945
该剧 0.0 0.754497738535 0.758026225824 0.100154496652
导演 0.0 1.34665690436 1.3453728942 0.0999661282477
权力 0.0 0.486997578717 0.478379625673 0.0974684057388
公司 0.0 2.11264621466 2.10650354701 0.100000154838
之间 0.0 1.15099344151 1.15122752164 0.0998629920647
龙石岛 0.0 2.64922322494 2.63759436012 0.10004202033
瑟曦 10.0 2.95586199271 2.94245118582 0.100094749672
电影 0.0 2.63143145833 2.62106863707 0.100204254936
最终 0.0 1.56495446086 1.56111244372 0.100222578733
剧中 0.0 1.58950378692 1.58752291395 0.100103666453
终于 0.0 1.08962794782 1.09021416667 0.100033297443
编剧 0.0 2.22414875532 2.21637332232 0.099967446778
龙母 20.0 3.52324839762 3.50456385215 0.100164769857
游戏 20.0 1.07329785082 1.05755931268 0.0974845822266
人数 0.0 0.487680516169 0.496274208388 0.0997772416445
现在 0.0 1.11037558455 1.11131105106 0.100186777384
电视剧 0.0 1.73931326034 1.7342554011 0.100131611383
雪诺 10.0 2.50839603092 2.49712464529 0.10015979399
小说 0.0 1.0183261673 1.0198356157 0.100055349933
似乎 0.0 0.792819364136 0.797313538199 0.0999385006654
之后 0.0 1.44721006586 1.44561322006 0.100314491227
最终+季 20.0 4.54739150509 4.52731028278 0.101678433417
第八+季 30.0 2.51754565611 2.51832444068 0.099942461299
季+中 0.0 2.22197443567 2.22491534477 0.0998357899851
新浪+娱乐 0.0 0.347781630882 0.369624108009 0.0997887140536
娱乐+讯 0.0 0.530766337178 0.55108603665 0.0997837002009
讯+北京 0.0 0.421811750276 0.443553603492 0.0997282959142
北京+时间 0.0 1.0599367775 1.07501770114 0.0997850483006
第7+季 0.0 1.90498967227 1.91183985018 0.100054724026
黑客+组织 20.0 2.95325824529 2.95197949962 0.0999253753322
两+位 0.0 2.05812795851 2.06346821891 0.0999439854171
维斯特洛+大陆 0.0 2.18637350075 2.19028382358 0.0998955441954
年+前 0.0 1.25045520633 1.26264935579 0.0999925918201
季+最后 0.0 1.10786522637 1.1240498711 0.0997174745705
这部+剧 0.0 2.38981394964 2.39134237137 0.0999113239508
第七+季 20.0 3.06391122218 3.05884930729 0.100111205744
第六+季 0.0 2.19203446961 2.195746782 0.100154674816
第五+季 0.0 2.00722116026 2.01140361638 0.100290683309
权力+游戏 0.0 3.77763405665 3.7663825977 0.104677051901
媒体+报道 0.0 0.609431667509 0.628855958393 0.0997528929551
国外+媒体 0.0 0.236731916589 0.259738784997 0.0997851244041
第一+季 0.0 2.42326659483 2.4245476653 0.100024407877
台湾+媒体 0.0 0.258406441606 0.282093911517 0.0997551700896
部+电影 0.0 1.93245596064 1.94121610405 0.0996334895289
游戏+公司 20.0 2.80842931059 2.81054735763 0.0999958305528
第一+集 0.0 2.25417015112 2.25853404027 0.099749036684
收视+人数 30.0 2.91753233612 2.92277594404 0.10020105254
黑客+袭击 30.0 2.90041361022 2.90001377639 0.100148137168
黄+老板 30.0 5.71970494063 5.69378754881 0.102478418788
兰尼斯特+家族 10.0 2.18971090937 2.19378375674 0.099743168013
乔治·+R 0.0 1.36413154553 1.37363307351 0.100015982841
数据+显示 0.0 1.09080236874 1.10555856035 0.0997169690093
场+戏 0.0 2.93014920519 2.92858473251 0.0997663835389
季+第一 0.0 1.26944665146 1.28208818459 0.0997514354936
受+欢迎 0.0 1.26214077008 1.27480752699 0.100018226923
网络+安全 10.0 2.39036576471 2.39558884241 0.0998305980029
未+播出 0.0 2.50661085898 2.51013398772 0.0999462820398
史塔克+家族 20.0 1.89262901516 1.89873354626 0.0998308111903
史密斯+先生 0.0 2.16631715414 2.17275342209 0.0997367677339
第四+集 0.0 2.04709413642 2.05377770062 0.0996671976071
HBO+电视网 0.0 1.53879451794 1.54799955019 0.0999136261038
游族+网络 20.0 3.47225909847 3.47041279427 0.10037465373
中国+游戏 30.0 2.30137815047 2.30966074281 0.0999171689818
影视+IP 0.0 2.37032494802 2.37960681602 0.100133535031
权力+的+游戏 0.0 9.51199126222 9.44550104092 0.102573281159
新浪+娱乐+讯 0.0 3.87300727672 3.87563839845 0.100144229611
娱乐+讯+北京 0.0 3.71427091349 3.71875191093 0.100161049513
讯+北京+时间 0.0 3.94703739611 3.94956789394 0.100075003543
最后+一+季 30.0 4.86728270027 4.86154321751 0.0999282627194
权利+的+游戏 0.0 8.96946148743 8.92049000052 0.109181260185
游戏+》+中 0.0 4.46162141726 4.45704575497 0.100208660882
北境+之+王 20.0 5.1313060832 5.12098610671 0.0998331235473
最后+一+集 10.0 5.52009180389 5.50640899966 0.0998368353628
游戏+》+第七 0.0 4.88653036251 4.87611221404 0.100009927833
国外+媒体+报道 0.0 3.67731830782 3.68199316101 0.10019138884
讯+据+台湾 0.0 3.68923435391 3.69493804816 0.100207006338
台湾+媒体+报道 0.0 3.78363208744 3.78810820196 0.100150412674
冰+与+火 0.0 6.0624018248 6.04402787549 0.100383020291
火+之+歌 0.0 5.18303161762 5.17212822867 0.100347269637
歌+：+权力 0.0 4.02730134063 4.03052811174 0.100018369252
美剧+《+权力 0.0 4.36952502619 4.36653993732 0.100167656928
游戏+》+第7 0.0 7.37050435228 7.336354229 0.110753479129
R+·+R 0.0 4.72495514934 4.7166134568 0.100140889324
R+·+马丁 0.0 4.72602546435 4.71761438608 0.100143450325
第七+季+最后 0.0 4.62887274826 4.62730953956 0.100229069866
第七+季+第一 0.0 4.59870995914 4.59377091288 0.0999309788483
季+第一+集 0.0 4.81316328438 4.8061768458 0.0998856098964
班尼奥夫+和+威斯 0.0 5.79667469476 5.79091098145 0.0997441110662
