合理 0.0 0.0427871477852 0.0645161290323 0.254339072781 0.871837313981 0.359703548393 0.0 0.0
身亡 0.0 0.0522229763237 0.0645161290323 0.206472608257 0.969359333147 0.609571587193 0.0746268656716 0.0
收费 0.0 0.0982993209688 0.0645161290323 0.386964093868 0.81792579243 0.548117152259 0.0 0.0
明确 0.0 0.0488785513066 0.0645161290323 0.208117055791 0.940714756671 0.550440473628 0.0 0.0
医疗 0.0 0.367798182527 0.0645161290323 0.296365125001 0.969578536433 0.808541666816 0.0 0.0
产前 0.0 0.0499317082787 0.0645161290323 0.210776813912 0.909771963213 0.418868892016 0.0 0.0
中心 0.0 0.209776396395 0.0645161290323 0.274387657807 0.902354772054 0.570066821674 0.0 0.0
生命 0.0 0.0627134147971 0.0645161290323 0.212536559561 0.94133001147 0.542377666849 0.0 0.0
这种 0.0 0.0910627193331 0.0645161290323 0.404082040035 0.929119305267 0.672261548389 0.0 0.0
凌晨 0.0 0.0425586645472 0.0645161290323 0.384592196283 0.900346475627 0.494913070151 0.0298507462687 0.0
签字 0.0 0.11123519997 0.0645161290323 0.277650703746 0.96254075448 0.705493401789 0.0 0.0
入院 0.0 0.0887109027267 0.0645161290323 0.273277472293 0.90516223128 0.530144838563 0.0 0.0
造成 0.0 0.039092467791 0.0645161290323 0.287409135646 0.889664812937 0.460212704614 0.0 0.0
应该 0.0 0.120876226444 0.0645161290323 0.303183482692 0.932104973551 0.729299670005 0.0149253731343 0.0
视频 0.0 0.106369766999 0.0645161290323 0.177748877637 0.967241991874 0.636239310651 0.089552238806 0.0
原因 0.0 0.0614306279804 0.0645161290323 0.329930170845 0.964702187456 0.634480604796 0.0149253731343 0.0
负责 0.0 0.0629658019646 0.0645161290323 0.280545169126 0.904887371035 0.451027624656 0.0 0.0
之前 0.0 0.0626709805884 0.0645161290323 0.249911568497 0.928214978553 0.660896972654 0.0 0.0
下跪 0.0 0.152748171866 0.0645161290323 0.400811383703 0.905449364872 0.555077153495 0.0597014925373 0.0
已经 0.0 0.131878332811 0.0645161290323 0.235621531802 0.950162305966 0.765064696968 0.0 0.0
8月 0.0 0.0918310068441 0.0 0.198293963427 0.964481788901 0.65850848243 0.0 0.0
剖宫产率 0.0 0.424058286438 0.258064516129 0.674394014279 0.541903065765 0.677866252105 0.0298507462687 0.0
安抚 0.0 0.0213313382085 0.0645161290323 0.372784267479 0.879056756465 0.341438648342 0.0 0.0
主任 0.0 0.0627134147971 0.0645161290323 0.310473741447 0.958719985825 0.51393194207 0.0298507462687 0.0
产程 0.0 0.118800139272 0.0645161290323 0.202203604319 0.926283909924 0.584502040431 0.0 0.0
取得 0.0 0.169426276772 0.0645161290323 0.564253789642 0.858025344824 0.42560599242 0.0 0.0
我院 0.0 0.146192930162 0.0645161290323 0.761085746944 0.562425835152 0.424096439207 0.0149253731343 0.0
目前 0.0 0.0681731546897 0.0645161290323 0.240011683328 0.973259251512 0.705540590244 0.0 0.0
无效 0.0 0.0526651875988 0.0645161290323 0.467950631808 0.847797975436 0.283937363768 0.0 0.0
舆论 0.0 0.0809573135168 0.0645161290323 0.151073854505 0.864581645793 0.624275334338 0.0 0.0
人员 0.0 0.0868868043951 0.0645161290323 0.213270182951 0.975846014657 0.723755536844 0.0298507462687 0.0
到位 0.0 0.0779780281054 0.0645161290323 0.373396630607 0.713536258611 0.263399212265 0.089552238806 0.0
初步 0.0 0.137424628573 0.0645161290323 0.239212800487 0.907541832818 0.489059564329 0.089552238806 0.0
签署 0.0 0.157099259131 0.0645161290323 0.461759463491 0.832086051826 0.456756378205 0.0 0.0
说法 0.0 0.0768865325747 0.0645161290323 0.231168452472 0.927452635822 0.592703732668 0.0 0.0
待产室 0.0 0.136993110422 0.161290322581 0.27639516523 0.925508898138 0.620033492131 0.0 0.0
产妇 0.0 0.0 0.0645161290323 0.165032582176 1.0 1.0 1.0 0.0
卫计局 0.0 0.048061600654 0.161290322581 0.277150473762 0.90161908167 0.451247906059 0.0149253731343 0.0
31日 0.0 0.0738551512552 0.0322580645161 0.191619695565 0.960792405056 0.562258848505 0.0 0.0
风险 0.0 0.0627134147971 0.0645161290323 0.360786060647 0.933834657618 0.616942889691 0.0 0.0
新京报 0.0 0.124486326206 0.161290322581 0.439485942235 0.872676985269 0.519451579357 0.0149253731343 0.0
榆林市 0.0 0.0927814415252 0.161290322581 0.202908538687 0.972167711711 0.571700943449 0.0149253731343 0.0
报道 0.0 0.0205953848313 0.0645161290323 0.164965559628 0.973376022014 0.525285640356 0.0 0.0
进行 0.0 0.0898848231507 0.0645161290323 0.231710458511 0.970033625855 0.761664416442 0.0149253731343 0.0
观察 0.0 0.0459275055644 0.0645161290323 0.401781853876 0.925268891588 0.432088538539 0.0 0.0
不安 0.0 0.0265305626249 0.0645161290323 0.314827780425 0.868676726907 0.144004461653 0.0 0.0
3日 0.0 0.0520543212291 0.0 0.317612462482 0.866905360073 0.372538962728 0.0 0.0
备用 0.0 0.0695598819423 0.0645161290323 0.229328116391 0.882427344808 0.44513261923 0.0 0.0
身体 0.0 0.0646637235288 0.0645161290323 0.282810349554 0.902573574029 0.583468937353 0.0149253731343 0.0
阴道 0.0 0.107699773901 0.0645161290323 0.597812651643 0.839086473005 0.478756864211 0.0 0.0
解释 0.0 0.079727761315 0.0645161290323 0.357409750722 0.910721726319 0.589044061077 0.0 0.0
妈妈 0.0 0.128663933223 0.0645161290323 0.247584300035 0.919077707091 0.699840938411 0.044776119403 0.0
市政府 0.0 0.0664538347378 0.161290322581 0.478300444875 0.613336602578 0.269298451162 0.0 0.0
接受 0.0 0.045740532138 0.0645161290323 0.265847506862 0.95110205713 0.562693714196 0.0 0.0
显示 0.0 0.0692756759015 0.0645161290323 0.192927618277 0.950807849613 0.617888170705 0.0 0.0
侵权 0.0 0.0700184354435 0.0645161290323 0.668187047305 0.810118481966 0.365731142386 0.0 0.0
医学 0.0 0.0792525966183 0.0645161290323 0.345677513403 0.926032682957 0.667548840102 0.0 0.0
过程 0.0 0.0669060547155 0.0645161290323 0.268936206489 0.961571729719 0.62929217003 0.0 0.0
事情 0.0 0.0607422272182 0.0645161290323 0.184243109264 0.959648038079 0.633771936815 0.0 0.0
工作 0.0 0.0816518706195 0.0645161290323 0.154372143501 0.959616940456 0.633933810025 0.0 0.0
胎心 0.0 0.0693674232645 0.0645161290323 0.337319809834 0.853391571759 0.34813128583 0.0 0.0
采访 0.0 0.0489137517985 0.0645161290323 0.290584888603 0.951935208655 0.488487678886 0.0 0.0
医院 0.0 0.0781137421559 0.0645161290323 0.192303956827 0.994539197511 0.971419211522 0.313432835821 0.0
告知 0.0 0.0867237875724 0.0645161290323 0.144618334388 0.932186723219 0.56371610588 0.0 0.0
讨论 0.0 0.0763339800944 0.0645161290323 0.328688871363 0.869498009808 0.433288904076 0.0 0.0
妊娠 0.0 0.0472010744982 0.0645161290323 0.405781469535 0.878069629528 0.432444871075 0.0 0.0
计委 0.0 0.0541716211766 0.0645161290323 0.156667227207 0.772105300544 0.402610387471 0.0149253731343 0.0
无权 0.0 0.0661405516674 0.0645161290323 0.422536987972 0.854853300398 0.24413995959 0.0149253731343 0.0
镇痛 0.0 0.448957566194 0.0645161290323 0.438977201113 0.869805055294 0.739783707371 0.0 0.0
改变 0.0 0.0459275055644 0.0645161290323 0.372064397363 0.865161732286 0.307148722121 0.0 0.0
指征 0.0 0.0652103372889 0.0645161290323 0.260389347264 0.925615446577 0.534387704961 0.0 0.0
绥德县 0.0 0.0673342229826 0.161290322581 0.394523721542 0.87818471111 0.499326294636 0.0 0.0
进展 0.0 0.0358520044317 0.0645161290323 0.239340684688 0.960827165437 0.532665483189 0.0298507462687 0.0
了解 0.0 0.0454322169448 0.0645161290323 0.254444013911 0.957096255043 0.558475721578 0.0 0.0
意愿 0.0 0.0602289574547 0.0645161290323 0.42963226602 0.815876878788 0.523814048444 0.0 0.0
及时 0.0 0.0746786588052 0.0645161290323 0.455909584801 0.884818852662 0.415272275674 0.0 0.0
孕妇 0.0 0.234593130831 0.0645161290323 0.262570159301 0.971580500427 0.806573999415 0.0746268656716 0.0
衣服 0.0 0.0645740996394 0.0645161290323 0.293072180198 0.875820957026 0.517200048229 0.0 0.0
回复 0.0 0.0513871754923 0.0645161290323 0.277191120972 0.867746450193 0.426177960992 0.0 0.0
护士 0.0 0.139493181378 0.0645161290323 0.295238437583 0.885160217822 0.657056498165 0.0149253731343 0.0
小组 0.0 0.128663933223 0.0645161290323 0.717215263106 0.463549580608 0.270733441736 0.0 0.0
方式 0.0 0.102098141596 0.0645161290323 0.113645234249 0.915963351656 0.578001913025 0.0 0.0
卫计委 0.0 0.0728782337018 0.161290322581 0.153801725767 0.874387486257 0.499311117473 0.0746268656716 0.0
当时 0.0 0.168102757097 0.0645161290323 0.301649932012 0.928304762019 0.72152643817 0.0 0.0
主要 0.0 0.0685997314944 0.0645161290323 0.251633276106 0.95630723481 0.58554934162 0.0149253731343 0.0
解决 0.0 0.0526651875988 0.0645161290323 0.298347674559 0.930094282555 0.555750232622 0.0 0.0
相关 0.0 0.0607299174327 0.0645161290323 0.201239678985 0.966841813938 0.614707170617 0.0 0.0
事实 0.0 0.102278893082 0.0645161290323 0.395618880038 0.896697838727 0.67661406742 0.0149253731343 0.0
实施 0.0 0.133065905217 0.0645161290323 0.245493091675 0.919522582585 0.618051026372 0.0 0.0
以后 0.0 0.0921611263961 0.0645161290323 0.291008039814 0.888472038333 0.688292652201 0.0 0.0
影响 0.0 0.0602289574547 0.0645161290323 0.301946752036 0.921192815 0.600212861609 0.0 0.0
标题 0.0 0.0180513115435 0.0645161290323 0.153242581614 0.974119769288 0.280201790036 0.0 0.0
同意 0.0 0.122003815825 0.0645161290323 0.250964376476 0.975679710429 0.708339435772 0.0149253731343 0.0
绥德院区 0.0 0.092278514877 0.258064516129 0.191236799036 0.96270927123 0.451006602994 0.0 0.0
专家 0.0 0.0602289574547 0.0645161290323 0.241050598918 0.859968224851 0.557393994038 0.0149253731343 0.0
联系 0.0 0.0588790049678 0.0645161290323 0.422818171514 0.882771288993 0.479646299235 0.0 0.0
决定 0.0 0.129509095581 0.0645161290323 0.283156997842 0.947735368178 0.694148381763 0.0298507462687 0.0
最后 0.0 0.0626709805884 0.0645161290323 0.330636558843 0.871574477594 0.527296345206 0.0 0.0
院方 0.0 0.114754184805 0.0645161290323 0.279696818877 0.937463935828 0.723284158518 0.0149253731343 0.0
二病区 0.0 0.0523687024664 0.161290322581 0.395894254551 0.864001756524 0.233081285479 0.0 0.0
选择 0.0 0.0772142740021 0.0645161290323 0.230710844477 0.95004555215 0.672165955799 0.0 0.0
20时 0.0 0.0568706351132 0.0322580645161 0.207776186922 0.907758120936 0.380938977754 0.0 0.0
看到 0.0 0.0517546102655 0.0645161290323 0.239089138683 0.93445014165 0.624341557204 0.0 0.0
成立 0.0 0.0638605777934 0.0645161290323 0.363823894012 0.806709375392 0.355386629546 0.0 0.0
分娩 0.0 0.257942109875 0.0645161290323 0.211103967297 0.971873487877 0.854516706187 0.0298507462687 0.0
回应 0.0 0.053665221926 0.0645161290323 0.185740702577 0.96280617548 0.531668210332 0.119402985075 0.0
责任 0.0 0.0941036495751 0.0645161290323 0.174362146519 0.985297514828 0.766895722449 0.044776119403 0.0
陕西 0.0 0.0203353998038 0.0645161290323 0.256049395823 0.99138778072 0.544193130091 0.179104477612 0.0
知情 0.0 0.179441819609 0.0645161290323 0.40624643457 0.876049157131 0.442916315735 0.0 0.0
重要 0.0 0.0682566380268 0.0645161290323 0.293215683625 0.953682191056 0.564685587021 0.044776119403 0.0
中国 0.0 0.099828961839 0.0645161290323 0.235453251761 0.953411449954 0.7012671533 0.0149253731343 0.0
坠楼 0.0 0.0947397450163 0.0645161290323 0.143816838348 0.982666292302 0.641428501424 0.492537313433 0.0
检查 0.0 0.108466015032 0.0645161290323 0.301519316347 0.958854902489 0.63083440547 0.0 0.0
高度 0.0 0.0295587214654 0.0645161290323 0.251870031747 0.911494210896 0.295198039913 0.0 0.0
7日 0.0 0.0903518765624 0.0 0.39715473685 0.737234139787 0.439193656672 0.0 0.0
事发 0.0 0.0651271588803 0.0645161290323 0.360663990531 0.921506734611 0.588713947418 0.0 0.0
排除 0.0 0.0324677473097 0.0645161290323 0.27007637828 0.885935129321 0.255548638937 0.0 0.0
表示 0.0 0.147153129619 0.0645161290323 0.199288233579 0.979982420729 0.744515373566 0.0 0.0
家属 0.0 0.11142115789 0.0645161290323 0.195928268094 0.99446534047 0.911742114944 0.223880597015 0.0
安全 0.0 0.0888073823954 0.0645161290323 0.387687916021 0.954532631778 0.574105088363 0.0 0.0
结论 0.0 0.0465737201327 0.0645161290323 0.454209872406 0.818999029697 0.395336014735 0.0 0.0
自杀 0.0 0.0553647817134 0.0645161290323 0.230376986313 0.945533126861 0.595277708889 0.0597014925373 0.0
双方 0.0 0.0584315871441 0.0645161290323 0.19001627621 0.953349272713 0.629476737018 0.0149253731343 0.0
难产 0.0 0.051174233178 0.0645161290323 0.300901954117 0.908520345643 0.529944567313 0.0 0.0
内容 0.0 0.0762470747188 0.0645161290323 0.198016437232 0.904952431838 0.596252571616 0.0 0.0
警方 0.0 0.038400656508 0.0645161290323 0.254615697877 0.926757439831 0.531849276621 0.0149253731343 0.0
完善 0.0 0.0374231953911 0.0645161290323 0.249269533555 0.886563548911 0.277540955685 0.0 0.0
询问 0.0 0.0631951414143 0.0645161290323 0.299956169227 0.797073723545 0.475023715106 0.0 0.0
10时 0.0 0.0212036101343 0.0322580645161 0.340953211602 0.845820435593 0.237699422401 0.0 0.0
问题 0.0 0.098583554065 0.0645161290323 0.169351419827 0.976459545016 0.748074636866 0.044776119403 0.0
善后 0.0 0.0532206348501 0.0645161290323 0.484213821541 0.805969758819 0.378705100594 0.0 0.0
官方 0.0 0.0728782337018 0.0645161290323 0.308849294449 0.901697315182 0.521213350802 0.0298507462687 0.0
公布 0.0 0.051945218457 0.0645161290323 0.178617833086 0.950479499793 0.566300435257 0.149253731343 0.0
证明 0.0 0.0462123122456 0.0645161290323 0.347061169951 0.889902170524 0.562787108905 0.0 0.0
头部 0.0 0.029114376609 0.0645161290323 0.389961385995 0.856173919413 0.251613560933 0.0 0.0
机构 0.0 0.253320270274 0.0645161290323 0.176116495284 0.879815205178 0.587859547772 0.0 0.0
堂哥 0.0 0.0794919137123 0.0645161290323 0.312443271509 0.856017476143 0.439650560047 0.0 0.0
正常 0.0 0.0959488388335 0.0645161290323 0.252190312929 0.925885793398 0.578470284876 0.0 0.0
获得 0.0 0.0420321237665 0.0645161290323 0.269069009978 0.90327788734 0.352423722728 0.0 0.0
住院 0.0 0.122975696972 0.0645161290323 0.33514883776 0.915663049345 0.544383990954 0.0149253731343 0.0
进入 0.0 0.0692756759015 0.0645161290323 0.18731544765 0.943311334398 0.569038489221 0.0 0.0
情况 0.0 0.121428127113 0.0645161290323 0.232670384987 0.988710255806 0.795470778722 0.0149253731343 0.0
病人 0.0 0.079615915736 0.0645161290323 0.341791600963 0.87792154165 0.637046386464 0.0 0.0
来源 0.0 0.0361749975484 0.0645161290323 0.286913442878 0.964140322434 0.535058379377 0.0 0.0
剖宫产 0.0 0.228058999105 0.161290322581 0.230618445252 0.964809524348 0.804187004614 0.0597014925373 0.0
死者 0.0 0.068310941801 0.0645161290323 0.19278078756 0.819965447573 0.52821699841 0.0 0.0
考虑 0.0 0.0830167907416 0.0645161290323 0.308158094795 0.953141699745 0.641971352959 0.0 0.0
护理 0.0 0.071676739251 0.0645161290323 0.455600729693 0.863274345508 0.437118448634 0.0 0.0
烦躁 0.0 0.0239467486408 0.0645161290323 0.314827780425 0.868676726907 0.0979166552835 0.0 0.0
停职 3.0 0.0756053783458 0.0645161290323 0.287810874691 0.927666386895 0.391091323883 0.134328358209 0.0
紧急 0.0 0.124217016649 0.0645161290323 0.340604068317 0.909228051569 0.496243449323 0.0 0.0
书面 0.0 0.0646637235288 0.0645161290323 0.518695825497 0.815384596422 0.377194125059 0.0 0.0
发布 0.0 0.0667200560436 0.0645161290323 0.402067854508 0.890365916193 0.501131663368 0.0 0.0
死亡 0.0 0.0809884214452 0.0645161290323 0.203510672171 0.906175022667 0.596751012494 0.0298507462687 0.0
主管 0.0 0.0585352479482 0.0645161290323 0.511246006671 0.840316815818 0.274354351226 0.0 0.0
第一 0.0 0.0787273563453 0.0645161290323 0.198214645237 0.982406162626 0.647412703904 0.0 0.0
社会 0.0 0.0326115410721 0.0645161290323 0.225675920695 0.868611861499 0.497255752791 0.0 0.0
情绪 0.0 0.0815458021719 0.0645161290323 0.319411111721 0.933711406308 0.618338828546 0.0149253731343 0.0
制度 0.0 0.132358585173 0.0645161290323 0.34438525764 0.814478434239 0.518851001467 0.0 0.0
比较 0.0 0.0713182403306 0.0645161290323 0.275749900867 0.932844582793 0.566881284917 0.0 0.0
6日 0.0 0.0888073823954 0.0 0.221701472604 0.921995920219 0.43031586964 0.0 0.0
拒绝 0.0 0.151450003249 0.0645161290323 0.273535966775 0.965989990388 0.638109700988 0.089552238806 0.0
治疗 0.0 0.0714614513647 0.0645161290323 0.541939368247 0.858619697569 0.480264830342 0.0 0.0
抢救 0.0 0.110221904399 0.0645161290323 0.216007046741 0.956157955782 0.564524569943 0.0149253731343 0.0
记录单 0.0 0.0646637235288 0.161290322581 0.43344808675 0.86064922075 0.391160417594 0.0 0.0
特殊 0.0 0.0937021311153 0.0645161290323 0.599803224408 0.755923988985 0.369128982096 0.0 0.0
悲剧 0.0 0.0816798815951 0.0645161290323 0.356649950782 0.938185695291 0.605984210444 0.044776119403 0.0
新闻 0.0 0.0843005862401 0.0645161290323 0.236034677383 0.992724720088 0.69968471027 0.0 0.0
行为 0.0 0.0907034099935 0.0645161290323 0.437466236354 0.905569157689 0.606705832976 0.0 0.0
发生 0.0 0.110225770955 0.0645161290323 0.25239486657 0.951912626191 0.733549832105 0.0149253731343 0.0
画面 0.0 0.0902167059766 0.0645161290323 0.197494336951 0.865573316057 0.41944110198 0.0149253731343 0.0
介绍 0.0 0.0673282963894 0.0645161290323 0.242451039641 0.861816603165 0.533743172499 0.0 0.0
授权 0.0 0.344730395607 0.0645161290323 0.423942137906 0.860570678877 0.57233200115 0.0 0.0
声明 0.0 0.131905083876 0.0645161290323 0.301434772546 0.911694538588 0.587795025422 0.0298507462687 0.0
完全 0.0 0.0672265566494 0.0645161290323 0.300631167081 0.883739365327 0.533858455536 0.0149253731343 0.0
肚子 0.0 0.0725216968863 0.0645161290323 0.359300963022 0.867280831629 0.550790759891 0.0149253731343 0.0
存在 0.0 0.0780740345471 0.0645161290323 0.217731684028 0.952978330537 0.661005167976 0.0149253731343 0.0
18时 0.0 0.093052440911 0.0322580645161 0.368785283715 0.730367094401 0.430177102659 0.0 0.0
先生 0.0 0.181307712392 0.0645161290323 0.50946968862 0.845668514587 0.491188510635 0.0 0.0
是否 0.0 0.158216579979 0.0645161290323 0.367315002645 0.9253652668 0.782337938506 0.0 0.0
30日 0.0 0.0688397511841 0.0322580645161 0.265440413787 0.889961080804 0.476797655361 0.0 0.0
不行 0.0 0.071676739251 0.0645161290323 0.539405625577 0.81918864656 0.410803159598 0.0 0.0
应当 0.0 0.210717970946 0.0645161290323 0.550051657293 0.785433282654 0.513155608446 0.0 0.0
亲属 0.0 0.0828998148907 0.0645161290323 0.454202250267 0.888459272619 0.430547840231 0.0 0.0
临床 0.0 0.0486413053548 0.0645161290323 0.314780027146 0.903581919271 0.523932844813 0.0 0.0
北京 0.0 0.0326770720406 0.0645161290323 0.221535739127 0.933019388761 0.513647510774 0.0 0.0
霍军伟 0.0 0.176168902431 0.161290322581 0.484054058179 0.821603369584 0.544534485282 0.0 0.0
现代 0.0 0.0982993209688 0.0645161290323 0.640723083746 0.844477288644 0.490829945897 0.0 0.0
措施 0.0 0.0683765107414 0.0645161290323 0.185151664654 0.944990957242 0.522598667201 0.0 0.0
电话 0.0 0.0845632253523 0.0645161290323 0.358227035269 0.802456187844 0.476416807459 0.0 0.0
知道 0.0 0.0695093926846 0.0645161290323 0.290954388666 0.920608681225 0.653635466032 0.0 0.0
剖腹产 0.0 0.375926121454 0.161290322581 0.289643292307 0.968439453768 0.847906825798 0.149253731343 0.0
绥德 0.0 0.0897224387876 0.0645161290323 0.136845955639 0.743727293926 0.424865633202 0.0149253731343 0.0
真相 0.0 0.0537220687115 0.0645161290323 0.135257598502 0.935445047888 0.635434253018 0.0 0.0
各执一词 3.0 0.0394872323368 0.258064516129 0.195040369479 0.96314640597 0.559995293018 0.0149253731343 0.0
媒体 0.0 0.0810465160061 0.0645161290323 0.131308036661 0.965765605826 0.607163266604 0.0149253731343 0.0
小时 0.0 0.0971619794903 0.0645161290323 0.277934513883 0.91778141609 0.552096815137 0.0149253731343 0.0
手术 0.0 0.231629051333 0.0645161290323 0.277655336089 0.964084987308 0.828785726403 0.0 0.0
失控 0.0 0.0416575437092 0.0645161290323 0.331061550713 0.873703513621 0.256940166487 0.0 0.0
事件 0.0 0.0747546398555 0.0645161290323 0.193721230497 0.991370284833 0.737811921874 0.477611940299 0.0
女儿 0.0 0.200143070706 0.0645161290323 0.416272198633 0.869497085908 0.684824944444 0.0149253731343 0.0
认真 0.0 0.059402869633 0.0645161290323 0.497174267198 0.703476351893 0.205617105541 0.0 0.0
左右 0.0 0.138751128749 0.0645161290323 0.335677109704 0.897927734564 0.52265850517 0.0 0.0
时间 0.0 0.104472600319 0.0645161290323 0.222834431382 0.935382626561 0.690685951936 0.0 0.0
诊疗 0.0 0.120858694308 0.0645161290323 0.276156645944 0.910201030137 0.458593227935 0.10447761194 0.0
理解 0.0 0.0462609252325 0.0645161290323 0.428065411968 0.869285981141 0.4848686469 0.0 0.0
诊断 0.0 0.0539802692251 0.0645161290323 0.337187069464 0.892717034292 0.382331781663 0.0 0.0
待产 0.0 0.0853415066328 0.0645161290323 0.284498035906 0.96563533292 0.658972882607 0.0149253731343 0.0
继续 0.0 0.0427804138942 0.0645161290323 0.564891426374 0.812835375426 0.425677067914 0.0 0.0
最终 0.0 0.0430072541791 0.0645161290323 0.333607298195 0.918934999796 0.49855235292 0.0 0.0
撤回 0.0 0.0585328776582 0.0645161290323 0.469196882211 0.801681468518 0.231311946285 0.0 0.0
严肃 0.0 0.0624933561981 0.0645161290323 0.351009877133 0.83228352806 0.276123916845 0.0597014925373 0.0
2017年 0.0 0.0962068595549 0.0967741935484 0.323827315475 0.842691638936 0.404921030893 0.0 0.0
部分 0.0 0.049716473548 0.0645161290323 0.283084182501 0.93541459146 0.629943975376 0.0149253731343 0.0
延壮壮 3.0 0.539065498373 0.161290322581 0.388080734692 0.781187482668 0.737842714098 0.0 0.0
根本 0.0 0.0756053783458 0.0645161290323 0.379447576453 0.868825280421 0.444754827185 0.0149253731343 0.0
婆婆 0.0 0.0655684727426 0.0645161290323 0.347828500993 0.867705882283 0.580036518797 0.0298507462687 0.0
下午 0.0 0.128610386092 0.0645161290323 0.351216825688 0.862667027843 0.59107918054 0.0 0.0
管理 0.0 0.132464290449 0.0645161290323 0.224640424494 0.954898070899 0.564241769356 0.0 0.0
符合 0.0 0.0859067392036 0.0645161290323 0.285549848497 0.891824428428 0.405415788439 0.0 0.0
9月 0.0 0.0889257497147 0.0 0.186860752182 0.978388598649 0.616842211948 0.0 0.0
负责人 0.0 0.125628238075 0.161290322581 0.327211632482 0.920061348397 0.553673832895 0.0149253731343 0.0
监控 0.0 0.125760020934 0.0645161290323 0.223327405906 0.953899670965 0.639395168896 0.10447761194 0.0
医生 0.0 0.260555142917 0.0645161290323 0.252759407591 0.969674990653 0.880985736449 0.044776119403 0.0
发现 0.0 0.0382934566373 0.0645161290323 0.141866916267 0.930934302497 0.546045359029 0.0 0.0
记者 0.0 0.225293551463 0.0645161290323 0.270587771584 0.97900625005 0.726507033097 0.0 0.0
方面 0.0 0.0506119205788 0.0645161290323 0.188409774782 0.889682355424 0.581737913407 0.0 0.0
上午 0.0 0.108582054269 0.0645161290323 0.301222829598 0.934046120055 0.505096331201 0.0 0.0
技术 0.0 0.129725307088 0.0645161290323 0.130968132199 0.903924209662 0.616983784781 0.0 0.0
产房 0.0 0.145628265609 0.0645161290323 0.249909500207 0.950622103721 0.743142163178 0.0 0.0
坠亡 0.0 0.0682562773088 0.0645161290323 0.327570594874 0.910424532589 0.49942559405 0.0298507462687 0.0
家人 0.0 0.0637331187571 0.0645161290323 0.21412354785 0.942426700076 0.637147505789 0.0 0.0
调查 3.0 0.0772548382071 0.0645161290323 0.183399094269 0.990591404847 0.711100005955 0.164179104478 0.0
代理人 0.0 0.0759820305772 0.161290322581 0.632067784771 0.764326551077 0.486006772337 0.0 0.0
国家 0.0 0.126227589299 0.0645161290323 0.152260284375 0.948157608997 0.546086250855 0.0746268656716 0.0
认定 0.0 0.0362380917638 0.0645161290323 0.129593831022 0.931454261998 0.53151870387 0.0149253731343 0.0
进一步 0.0 0.03918982353 0.161290322581 0.265278022225 0.831037846973 0.446149239065 0.0 0.0
调查组 3.0 0.0732156295192 0.161290322581 0.363823894012 0.806709375392 0.492518524953 0.0 0.0
医务 0.0 0.0796706786967 0.0645161290323 0.284583908474 0.887805780545 0.449025242645 0.0 0.0
分钟 0.0 0.0700184354435 0.0645161290323 0.256328097183 0.873242968697 0.564205613531 0.0298507462687 0.0
指标 0.0 0.0596690610342 0.0645161290323 0.086399747367 0.908470795537 0.505329024527 0.0298507462687 0.0
意外 0.0 0.0464276321666 0.0645161290323 0.466884222286 0.868895700645 0.433791309306 0.0 0.0
监护 0.0 0.0685997314944 0.0645161290323 0.0996968359155 0.883135481711 0.399759150684 0.0746268656716 0.0
榆林 0.0 0.0321281394136 0.0645161290323 0.118672311556 0.99900697576 0.660328764574 0.268656716418 0.0
截图 0.0 0.0532206348501 0.0645161290323 0.410205142705 0.869984084306 0.429671639932 0.0149253731343 0.0
妻子 0.0 0.141255307249 0.0645161290323 0.322149864319 0.846757679422 0.594413853485 0.0149253731343 0.0
肯定 0.0 0.0631951414143 0.0645161290323 0.272965114545 0.90585733346 0.500041841192 0.0 0.0
手续 0.0 0.0358520044317 0.0645161290323 0.108028638767 0.7284988529 0.189592546568 0.0 0.0
关系 0.0 0.110382661701 0.0645161290323 0.171484233889 0.939304494633 0.665222817309 0.0298507462687 0.0
手术室 0.0 0.123109238723 0.161290322581 0.308694847792 0.847469691298 0.499751038384 0.0 0.0
意识 0.0 0.0469919017253 0.0645161290323 0.273359301915 0.877839173504 0.340070001524 0.0 0.0
妇产科 0.0 0.0973164540911 0.161290322581 0.240770775626 0.950286889585 0.577103518255 0.0298507462687 0.0
顺产 0.0 0.325153325751 0.0645161290323 0.335979931288 0.945673821128 0.821278850332 0.0 0.0
法律 0.0 0.134717049889 0.0645161290323 0.369137383964 0.923645665922 0.732825611677 0.0298507462687 0.0
专业 0.0 0.0506119205788 0.0645161290323 0.340474254589 0.948181160228 0.567206785461 0.0 0.0
顶径 0.0 0.0781309967461 0.0645161290323 0.568241717435 0.781311489392 0.256308601003 0.0 0.0
正在 0.0 0.0518292174765 0.0645161290323 0.268764161233 0.905487557099 0.466766951393 0.0 0.0
编辑 0.0 0.0170656008009 0.0645161290323 0.153502934097 0.98223602201 0.431444653701 0.0 0.0
坚持 0.0 0.0986940152386 0.0645161290323 0.321083112695 0.908840259573 0.482531376409 0.0 0.0
生产方式 0.0 0.0427081509434 0.258064516129 0.414477154547 0.837546428379 0.326811887804 0.0 0.0
需要 0.0 0.111198197692 0.0645161290323 0.243067954716 0.979405241509 0.787505635221 0.0149253731343 0.0
公安 0.0 0.0481511001795 0.0645161290323 0.354785130739 0.931582409061 0.48182983259 0.0 0.0
认为 0.0 0.104307360387 0.0645161290323 0.175175655603 0.947499614424 0.661405595966 0.0 0.0
出现 0.0 0.0522724830037 0.0645161290323 0.192751106091 0.975901112317 0.590215905639 0.0149253731343 0.0
确认 0.0 0.0387274486661 0.0645161290323 0.345261099968 0.876303732439 0.34290584913 0.0 0.0
无法 0.0 0.133065905217 0.0645161290323 0.376658492548 0.89341811246 0.704451093606 0.0 0.0
产科 0.0 0.0742456026638 0.0645161290323 0.156150030868 0.929509608159 0.642432854779 0.0 0.0
母亲 0.0 0.0777497639662 0.0645161290323 0.254894237963 0.88638120258 0.620531200367 0.0 0.0
重视 0.0 0.0295560485004 0.0645161290323 0.150414250885 0.931848842348 0.346003841008 0.0 0.0
做出 0.0 0.0638844297577 0.0645161290323 0.27640658268 0.906468128741 0.589546393409 0.0 0.0
依法 0.0 0.0596690610342 0.0645161290323 0.399740632948 0.820721126723 0.292327916101 0.0597014925373 0.0
医护 0.0 0.0969025042426 0.0645161290323 0.234775988175 0.950066790248 0.564637473044 0.0149253731343 0.0
公安局 0.0 0.0472010744982 0.161290322581 0.424752689097 0.857167555439 0.413201699827 0.0 0.0
跳楼 0.0 0.0846174288979 0.0645161290323 0.220276286168 0.980498760934 0.702274933 0.432835820896 0.0
规定 0.0 0.143722808551 0.0645161290323 0.441949232736 0.855932384221 0.596620848604 0.0 0.0
异常 0.0 0.100725825257 0.0645161290323 0.457298072918 0.783244411256 0.601174174744 0.0149253731343 0.0
处理 0.0 0.0902304546137 0.0645161290323 0.173564256091 0.921331711368 0.518452367851 0.0597014925373 0.0
记录 0.0 0.140375896737 0.0645161290323 0.229415639067 0.954602753923 0.654293811307 0.0298507462687 0.0
处置 0.0 0.0585352479482 0.0645161290323 0.373004185839 0.818795197122 0.247574920381 0.0 0.0
配合 0.0 0.0981624341213 0.0645161290323 0.431749872198 0.881276151047 0.540319862684 0.0149253731343 0.0
再次 0.0 0.114512955114 0.0645161290323 0.284878652275 0.91648441099 0.672122532706 0.0 0.0
提出 0.0 0.0638306992705 0.0645161290323 0.323852459638 0.933929109371 0.514016394671 0.0149253731343 0.0
孩子 0.0 0.235757424142 0.0645161290323 0.23750718754 0.947610518855 0.818631434907 0.0 0.0
助产士 0.0 0.0810465160061 0.161290322581 0.311787592998 0.894885885722 0.489506173791 0.0 0.0
控制 0.0 0.28039498056 0.0645161290323 0.492859926671 0.738033379945 0.588894737718 0.0 0.0
麻醉 0.0 0.227256864919 0.0645161290323 0.339900188721 0.893499576433 0.716967552223 0.0 0.0
马茸茸 0.0 1.0 0.161290322581 0.52300903785 0.861681765001 0.884708048137 0.0298507462687 0.0
规范 0.0 0.0495289513059 0.0645161290323 0.219874881629 0.912321672269 0.436510987135 0.0 0.0
生产 0.0 0.0840690298286 0.0645161290323 0.278726711046 0.925415438866 0.595497083728 0.0 0.0
马芳 0.0 0.213269185649 0.0645161290323 0.739623827344 0.477270735361 0.654231848264 0.0 0.0
5日 0.0 0.0535150525735 0.0 0.413770972339 0.865454844086 0.441764039471 0.0 0.0
北青报 0.0 0.215289952889 0.161290322581 0.397347559441 0.799574334227 0.434469164533 0.0 0.0
患者 0.0 0.534109472235 0.0645161290323 0.372283830545 0.92709486873 0.800522633351 0.0 0.0
关注 0.0 0.0485436841732 0.0645161290323 0.211324095774 0.970989216909 0.592702675756 0.0 0.0
期间 0.0 0.0682562773088 0.0645161290323 0.198487859838 0.960019765964 0.551830735813 0.0 0.0
使用 0.0 0.0673282963894 0.0645161290323 0.256280550926 0.851945573083 0.632431446927 0.0 0.0
胎儿 0.0 0.149406410162 0.0645161290323 0.318463418502 0.940198642069 0.750880621083 0.0149253731343 0.0
意见 0.0 0.123365583346 0.0645161290323 0.367807707667 0.911440550452 0.578190103714 0.0 0.0
疼痛 0.0 0.117478910782 0.0645161290323 0.247788996473 0.970619388883 0.743727096842 0.0746268656716 0.0
沟通 0.0 0.0716411135267 0.0645161290323 0.329274473497 0.961957650469 0.532181913588 0.0 0.0
自然 0.0 0.0932425415515 0.0645161290323 0.247367881235 0.850664992918 0.43154527498 0.0 0.0
说明 0.0 0.17807569751 0.0645161290323 0.418854201401 0.93299091349 0.612286161699 0.0 0.0
要求 0.0 0.0896112465609 0.0645161290323 0.241470947781 0.969626369504 0.695136762397 0.0 0.0
卫生 0.0 0.104727993795 0.0645161290323 0.177054729161 0.9684392606 0.550689697641 0.0 0.0
微博 0.0 0.0357954226161 0.0645161290323 0.416133202076 0.920882472876 0.499457797523 0.0 0.0
告诉 0.0 0.134414551274 0.0645161290323 0.292755059712 0.917096405041 0.606493181727 0.0 0.0
提供 0.0 0.0755946063398 0.0645161290323 0.337637866644 0.904181539075 0.538972510504 0.0 0.0
现在 0.0 0.094851471198 0.0645161290323 0.259293538198 0.945953198769 0.699520557689 0.0 0.0
现场 0.0 0.0856890318202 0.0645161290323 0.268765832943 0.916341180754 0.55567334981 0.0298507462687 0.0
导致 0.0 0.0583111545727 0.0645161290323 0.381178558069 0.933828380086 0.576283229347 0.0 0.0
马某 0.0 0.509451006079 0.0645161290323 0.51916917353 0.887788835897 0.752820480922 0.0 0.0
部门 0.0 0.0479611589606 0.0645161290323 0.219760526366 0.9680880072 0.540442284562 0.0 0.0
心理 0.0 0.0296479117905 0.0645161290323 0.335641098104 0.886914186652 0.462552955505 0.0 0.0
服务 0.0 0.114008364441 0.0645161290323 0.272239108195 0.741763951075 0.582742510071 0.0 0.0
晚上 0.0 0.0769653243084 0.0645161290323 0.273512738312 0.876445434932 0.52680610043 0.0 0.0
证据 0.0 0.106058620136 0.0645161290323 0.211352919434 0.853955959397 0.663312128151 0.0 0.0
权利 0.0 0.0871689281505 0.0645161290323 0.568581945564 0.835349684945 0.555885215932 0.0 0.0
网友 0.0 0.0921272262406 0.0645161290323 0.440582146651 0.895556594132 0.65992204132 0.0298507462687 0.0
晚报 0.0 0.0899442096378 0.0645161290323 0.372245829887 0.883881638184 0.416869320771 0.0 0.0
领导 0.0 0.150257101045 0.0645161290323 0.717215263106 0.463549580608 0.316702161498 0.0 0.0
建议 0.0 0.0932590402291 0.0645161290323 0.242634984081 0.946079471535 0.588853719589 0.0 0.0
宫口 0.0 0.149991395893 0.0645161290323 0.403467717128 0.782870256768 0.438707148287 0.0 0.0
之后 0.0 0.0636210176897 0.0645161290323 0.301368386041 0.916134252303 0.616435011947 0.0 0.0
丈夫 0.0 0.132084122276 0.0645161290323 0.278240543665 0.957713494373 0.764305906084 0.0597014925373 0.0
陕西+榆林 0.0 0.0406926329885 0.290322580645 0.114993595682 0.983139120354 0.289920664626 0.0597014925373 0.5
榆林+产妇 0.0 0.0601938468156 0.290322580645 0.0850770039015 0.987571979564 0.312777062739 0.194029850746 0.5
产妇+坠楼 0.0 0.110329048537 0.290322580645 0.102773092782 0.946021653066 0.38632732852 0.34328358209 0.5
2017年+8月 0.0 0.0284223740216 0.258064516129 0.323827315475 0.842691638936 0.222856017843 0.0 0.5
8月+31日 0.0 0.0521305178186 0.193548387097 0.196406531114 0.958340165266 0.382139294312 0.0 0.5
31日+晚 0.0 0.0144677276737 0.161290322581 0.128648119249 0.884616384872 0.167948473199 0.0 0.5
陕西+榆林市 0.0 0.040105171588 0.387096774194 0.437447221447 0.913802079355 0.116367632924 0.0 0.5
榆林市+第一 0.0 0.0823075702154 0.387096774194 0.211542436525 0.955132223774 0.255208034154 0.0 0.5
第一+医院 0.0 0.0671038453661 0.290322580645 0.201815149019 0.969521163228 0.336816625844 0.0 0.5
医院+绥德院区 0.0 0.0714745584897 0.483870967742 0.210673641644 0.947334874104 0.239905419454 0.0 0.5
产妇+马茸茸 0.0 0.0773354982636 0.387096774194 0.767843546499 0.83127357487 0.36500475732 0.0298507462687 0.5
拒绝+剖宫产 2.0 0.037460305426 0.387096774194 0.31443857128 0.853260600179 0.341431053779 0.0 0.5
难+忍 0.0 0.0562463985004 0.0967741935484 0.307032388771 0.938743016834 0.284971353393 0.0149253731343 0.5
忍+疼痛 0.0 0.0266479459385 0.193548387097 0.405050955343 0.886262653466 0.0921555070558 0.0 0.5
产妇+家属 0.0 0.0626709805884 0.290322580645 0.311847648867 0.927439556033 0.456824747137 0.0149253731343 0.5
提出+剖宫产 0.0 0.038655624155 0.387096774194 0.299232782133 0.886566008455 0.172347434743 0.0 0.5
双方+各执一词 3.0 0.00693765810551 0.483870967742 0.110322262945 0.836050887218 0.12030599948 0.0 0.5
家属+提出 0.0 0.024544322532 0.290322580645 0.438577490079 0.81613209575 0.104329044091 0.0 0.5
8月+30日 0.0 0.0671912898219 0.193548387097 0.282571198956 0.89023297209 0.338778900213 0.0 0.5
丈夫+延壮壮 0.0 0.0459016129686 0.387096774194 0.384089198281 0.772136079169 0.332490376398 0.0 0.5
选择+顺产 0.0 0.0337516008595 0.290322580645 0.578366130002 0.755111612229 0.204182917136 0.0 0.5
医生+检查 0.0 0.0144677276737 0.290322580645 0.385557490373 0.777586126576 0.211495900493 0.0 0.5
进入+待产室 0.0 0.0325385767796 0.387096774194 0.344717664777 0.83909464645 0.127407411963 0.0 0.5
待产室+待产 0.0 0.00135278648108 0.387096774194 0.543002675454 0.444944904837 0.0416312568653 0.0 0.5
分娩+中心 0.0 0.24125338637 0.290322580645 0.364479831517 0.84445483883 0.463517916903 0.0 0.5
次+走 0.0 0.0556638966928 0.0967741935484 0.418393522102 0.855812648959 0.243865789096 0.0 0.5
医务+人员 0.0 0.0796706786967 0.290322580645 0.284583908474 0.887805780545 0.381100808406 0.0 0.5
抢救+无效 0.0 0.0537220687115 0.290322580645 0.542517493377 0.821360492775 0.081963431236 0.0 0.5
初步+认定 0.0 0.00135278648108 0.290322580645 0.349850603273 0.511848854118 0.0713079356805 0.0 0.5
跳楼+自杀 0.0 0.0417097804783 0.290322580645 0.205242283548 0.912209691886 0.306934310285 0.044776119403 0.5
自杀+身亡 0.0 0.0123831654351 0.290322580645 0.107991224309 0.802603040972 0.125793089516 0.0149253731343 0.5
院方+称 0.0 0.00370408756222 0.193548387097 0.53546490918 0.789344814261 0.128240276929 0.0 0.5
建议+剖宫产 0.0 0.023322020315 0.387096774194 0.368158076532 0.826775820183 0.142824418068 0.0 0.5
护理+记录单 0.0 0.0610165052564 0.387096774194 0.43344808675 0.86064922075 0.331385805519 0.0 0.5
未+获得 0.0 0.02684904934 0.193548387097 0.352962095719 0.844314613894 0.0752753543754 0.0 0.5
家属+同意 0.0 0.0596690610342 0.290322580645 0.275830261474 0.877001820127 0.33894472445 0.0 0.5
无权+改变 0.0 0.031377918045 0.290322580645 0.419613783978 0.812525805702 0.020846618337 0.0 0.5
改变+生产方式 0.0 0.031377918045 0.483870967742 0.419613783978 0.812525805702 0.020846618337 0.0 0.5
医护+人员 0.0 0.0969025042426 0.290322580645 0.234775988175 0.950066790248 0.420288768201 0.0149253731343 0.5
监控+视频 0.0 0.0648148633999 0.290322580645 0.17749933152 0.953613489859 0.429119729971 0.044776119403 0.5
同意+剖宫产 0.0 0.0141378099081 0.387096774194 0.251565634309 0.855087303704 0.288060935005 0.0 0.5
声明+中 0.0 0.0123831654351 0.193548387097 0.385034899398 0.844280657043 0.230943437976 0.0 0.5
进行+剖宫产 0.0 0.0212539182402 0.387096774194 0.249750368245 0.894708824368 0.376118824523 0.0149253731343 0.5
第一+次 0.0 0.0682566380268 0.193548387097 0.376802768573 0.815626374608 0.343081823007 0.0 0.5
要求+剖宫产 0.0 0.066924933559 0.387096774194 0.323657450967 0.879272577676 0.212578843242 0.0 0.5
家属+表示 0.0 0.0208971042599 0.290322580645 0.237195810708 0.9318020028 0.189071640332 0.0 0.5
表示+理解 0.0 0.00946412673677 0.290322580645 0.613765943877 0.759195893831 0.0412375476962 0.0 0.5
拒绝+手术 0.0 0.0573692869839 0.290322580645 0.512905921138 0.829899659976 0.179698286425 0.0 0.5
18+点 0.0 0.013177565831 0.0645161290323 0.529651494388 0.745229934684 0.157693121131 0.0 0.5
两+名 0.0 0.00370408756222 0.0967741935484 0.259522317315 0.835446145983 0.118809385343 0.0 0.5
家属+拒绝 0.0 0.0568706351132 0.290322580645 0.254994170078 0.919575731305 0.287407094424 0.0 0.5
19+点 0.0 0.0266453804729 0.0645161290323 0.478612262623 0.617205828735 0.117416699037 0.0 0.5
家属+称 0.0 0.0163794605495 0.193548387097 0.506677515944 0.814273244266 0.173754714319 0.0 0.5
两+次 0.0 0.0707073546375 0.0967741935484 0.264341020149 0.947164379381 0.451316742607 0.0298507462687 0.5
名+产妇 0.0 0.00844082669647 0.193548387097 0.382644887334 0.781383370393 0.155253956033 0.0 0.5
备用+手术室 0.0 0.0909398815436 0.387096774194 0.331773160576 0.82348840984 0.332490212189 0.0 0.5
榆林+市委 0.0 0.0135972817119 0.290322580645 0.348188999063 0.653727089906 0.0879518171953 0.0 0.5
孕妇+坠楼 0.0 0.0982914217935 0.290322580645 0.433269216655 0.777075592518 0.298670892947 0.0149253731343 0.5
符合+诊疗 0.0 0.039203989641 0.290322580645 0.320629570669 0.647805695411 0.0784591291593 0.0 0.5
诊疗+规范 0.0 0.039203989641 0.290322580645 0.320629570669 0.647805695411 0.053198752463 0.0 0.5
榆林+第一 0.0 0.0545723991185 0.290322580645 0.332798956674 0.915389174713 0.216093858995 0.0 0.5
绥德院区+主要 0.0 0.0187009822831 0.483870967742 0.506840156321 0.452304572236 0.0643172504857 0.0 0.5
主要+负责人 0.0 0.0254110848033 0.387096774194 0.506840156321 0.452304572236 0.0767420870076 0.0149253731343 0.5
妇产科+主任 0.0 0.0278836263041 0.387096774194 0.328111960098 0.640819757705 0.108196069061 0.0149253731343 0.5
主任+停职 0.0 0.0203915951905 0.290322580645 0.415552444048 0.601561000502 0.0368573305246 0.0 0.5
生产+过程 0.0 0.0206980941139 0.290322580645 0.29614578056 0.890566395838 0.223135898794 0.0 0.5
过程+中 0.0 0.066924933559 0.193548387097 0.387572114636 0.901836434471 0.378576423432 0.0 0.5
坠楼+事件 0.0 0.159545703379 0.290322580645 0.104131637427 0.90071525165 0.37842454956 0.238805970149 0.5
分娩+过程 0.0 0.0220156517487 0.290322580645 0.354986858041 0.779839365766 0.315568326117 0.0 0.5
事件+调查 0.0 0.0731663737865 0.290322580645 0.466279447606 0.621779663195 0.147170487579 0.044776119403 0.5
痛+分娩 0.0 0.150611274673 0.193548387097 0.272548605507 0.905161837821 0.360331560657 0.0298507462687 0.5
分娩+镇痛 0.0 0.356490201405 0.290322580645 0.48221780195 0.858448352479 0.485332647482 0.0 0.5
第一+财经 0.0 0.0804587031971 0.290322580645 1.0 0.0 0.164273920018 0.0 0.5
财经+记者 0.0 0.0804587031971 0.290322580645 1.0 0.0 0.174964741622 0.0 0.5
专科+医院 0.0 0.0589822455116 0.290322580645 1.0 0.0 0.295763876486 0.0 0.5
麻醉+医生 0.0 0.107944589144 0.290322580645 0.336075546407 0.820418958974 0.41325655718 0.0 0.5
无痛+分娩 0.0 0.0141378099081 0.290322580645 0.268630644143 0.830845921633 0.330761978171 0.0 0.5
产程+中 0.0 0.0329413397239 0.193548387097 0.488586523193 0.79467512183 0.286437449385 0.0 0.5
生+孩子 0.0 0.102098141596 0.193548387097 0.265975191013 0.878358540796 0.405957255745 0.0 0.5
广泛+关注 0.0 0.0135972817119 0.290322580645 0.331583126232 0.745373392523 0.114339840922 0.0 0.5
国家+卫计委 0.0 0.0113033523608 0.387096774194 0.0679961071967 0.792026578163 0.163467078805 0.0746268656716 0.5
医院+妇产科 0.0 0.0113033523608 0.387096774194 0.31673471723 0.897786903426 0.336377275715 0.0149253731343 0.5
妇产科+副 0.0 0.027387783234 0.290322580645 0.283140766953 0.898762240441 0.241584857149 0.0149253731343 0.5
第一+时间 0.0 0.0278836263041 0.290322580645 0.248097322395 0.756261754746 0.276164082638 0.0 0.5
记者+表示 0.0 0.00398976590874 0.290322580645 0.622351463511 0.779896277444 0.171301704115 0.0 0.5
媒体+采访 0.0 0.0361797670592 0.290322580645 0.192057362448 0.831288103616 0.294070223583 0.0 0.5
采访+时 0.0 0.0316981905931 0.193548387097 0.390170066267 0.939306923604 0.298957749956 0.0 0.5
原+标题 0.0 0.0180513115435 0.193548387097 0.153242581614 0.974119769288 0.207630078976 0.0 0.5
事件+中 0.0 0.0262292011798 0.193548387097 0.485990353788 0.804943295411 0.299066002826 0.0 0.5
建议+剖腹产 0.0 0.0301299016126 0.387096774194 0.414561860664 0.844300770444 0.271552543688 0.0 0.5
涉+事 0.0 0.0358209825128 0.0967741935484 0.415163288561 0.900536948796 0.268585860203 0.044776119403 0.5
9月+3日 0.0 0.0455733945101 0.161290322581 0.317612462482 0.866905360073 0.181816307798 0.0 0.5
官方+微博 0.0 0.0193844426172 0.290322580645 0.428831951136 0.830400260132 0.282866234342 0.0 0.5
主管+医生 0.0 0.0462123122456 0.290322580645 0.532860554934 0.79608349528 0.11396870259 0.0 0.5
科+主任 0.0 0.0228885708001 0.193548387097 0.496424433779 0.801973948598 0.0130452653399 0.0 0.5
监控+画面 0.0 0.0464982368306 0.290322580645 0.148938593047 0.837125800759 0.237818559508 0.0149253731343 0.5
情况+说明 0.0 0.0464982368306 0.290322580645 0.541619434096 0.809638593577 0.273084510277 0.0 0.5
疼痛+难 0.0 0.0628784057215 0.193548387097 0.354058878456 0.923011583557 0.287741861356 0.0149253731343 0.5
产程+记录 0.0 0.0387304849593 0.290322580645 0.44830130069 0.803178422833 0.158186835834 0.0 0.5
显示+产妇 0.0 0.00774219342069 0.290322580645 0.0983091109848 0.741465168209 0.19081444931 0.0 0.5
副+主任 0.0 0.0406626320862 0.193548387097 0.31574602747 0.870367465033 0.261724379395 0.0149253731343 0.5
家属+沟通 0.0 0.0573692869839 0.290322580645 0.399268296946 0.883256666863 0.217407723774 0.0 0.5
做+剖腹产 0.0 0.0682030633219 0.290322580645 0.438993307822 0.877859755219 0.294844256023 0.0 0.5
医院+官方 0.0 0.0144677276737 0.290322580645 0.55014194953 0.745209853529 0.185594867889 0.0 0.5
媒体+报道 0.0 0.0058275455105 0.290322580645 0.209210702684 0.862134754652 0.146419591214 0.0 0.5
产妇+丈夫 0.0 0.0324521414958 0.290322580645 0.398649165408 0.875105582842 0.326050733683 0.0149253731343 0.5
产妇+跳楼 0.0 0.0491570886241 0.290322580645 0.280725482625 0.978811113083 0.393113561773 0.268656716418 0.5
责任+编辑 0.0 0.0184194640123 0.290322580645 0.109533621824 0.955318545834 0.186843705767 0.0 0.5
坠楼+产妇 0.0 0.0218635916624 0.290322580645 0.183480107428 0.918351973286 0.300581153591 0.10447761194 0.5
尸+两 0.0 0.0220156517487 0.0967741935484 0.257616886608 0.798260693899 0.156505432271 0.0 0.5
两+命 0.0 0.0278836263041 0.0967741935484 0.257616886608 0.798260693899 0.154522704933 0.0 0.5
绥德院区+妇产科 0.0 0.0759282976855 0.58064516129 0.290579499847 0.900629410394 0.218479685122 0.0 0.5
死者+马 0.0 0.00135278648108 0.193548387097 0.0 0.585828041669 0.0878249712296 0.0 0.5
系+跳楼 0.0 0.0123831654351 0.193548387097 0.150438930819 0.785782269888 0.0769760274982 0.0 0.5
视频+中 0.0 0.0347700064196 0.193548387097 0.335852662575 0.787238098647 0.247094993501 0.0 0.5
显示+胎儿 0.0 0.00370408756222 0.290322580645 0.051841113393 0.533848767267 0.0468178239181 0.0 0.5
26+岁 0.0 0.0148654769149 0.0645161290323 0.239859415311 0.774208969296 0.092121192878 0.0 0.5
31日+10时 0.0 0.00774219342069 0.225806451613 0.145999144172 0.708172830634 0.0604806100081 0.0 0.5
10时+许 0.0 0.019649687634 0.161290322581 0.325920670158 0.816516360472 0.0915129961137 0.0 0.5
胎儿+各项 0.0 0.00135278648108 0.290322580645 0.0311183001731 0.479736991928 0.0244113988463 0.0 0.5
各项+指标 0.0 0.00135278648108 0.290322580645 0.0311183001731 0.479736991928 0.0207778300255 0.0 0.5
知情+同意 0.0 0.133873447104 0.290322580645 0.40624643457 0.876049157131 0.306128308041 0.0 0.5
同意+书 0.0 0.120267062412 0.193548387097 0.405348382946 0.88341425494 0.264403151577 0.0 0.5
18时+05分 0.0 0.00398976590874 0.225806451613 0.368785283715 0.730367094401 0.197059203755 0.0 0.5
监控+录像 0.0 0.0254110848033 0.290322580645 0.442157283045 0.535355144573 0.161294310731 0.0 0.5
家属+要求 0.0 0.0293710777126 0.290322580645 0.314419095019 0.866040514494 0.128611866087 0.0 0.5
要求+剖腹产 0.0 0.023322020315 0.387096774194 0.284078179956 0.92351547145 0.248712276217 0.0 0.5
坠+楼 0.0 0.0573692869839 0.0967741935484 0.149579213764 0.943206810809 0.410667076164 0.0298507462687 0.5
接受+媒体 0.0 0.0180051983097 0.290322580645 0.187938211872 0.755482501547 0.245239222925 0.0 0.5
马茸茸+坠楼 0.0 0.0315544435898 0.387096774194 0.958925744477 0.611172432261 0.198742279745 0.0 0.5
医院+发布 0.0 0.00844082669647 0.290322580645 0.366612069805 0.769926183975 0.136038907217 0.0 0.5
坚持+顺产 0.0 0.0624933561981 0.290322580645 0.323850575821 0.828045054805 0.164205030769 0.0 0.5
产妇+住院 0.0 0.039092467791 0.290322580645 0.350114118929 0.842435581422 0.162078472157 0.0 0.5
住院+知情 0.0 0.0451504743417 0.290322580645 0.375400745216 0.837950431734 0.122852329742 0.0 0.5
9月+6日 0.0 0.0865470331631 0.161290322581 0.179714617779 0.929370782825 0.205445305032 0.0 0.5
产妇+两 0.0 0.0144677276737 0.193548387097 0.106410643174 0.883011562345 0.153583098413 0.0298507462687 0.5
拒绝+剖腹产 0.0 0.0466098955001 0.387096774194 0.297676698177 0.879562873153 0.36322086838 0.0149253731343 0.5
9月+8日 0.0 0.0161476771933 0.161290322581 0.277711450808 0.74631494699 0.238532481274 0.0 0.5
北京+青年报 0.0 0.0149676137205 0.387096774194 0.291361709136 0.865996338102 0.278319549951 0.0 0.5
事+医院 0.0 0.0124714282077 0.193548387097 0.410216840684 0.825478919088 0.231245576365 0.044776119403 0.5
调查+处置 0.0 0.0595657961933 0.290322580645 0.717215263106 0.463549580608 0.0375316382186 0.0 0.5
处置+领导 0.0 0.0595657961933 0.290322580645 0.717215263106 0.463549580608 0.0422874596406 0.0 0.5
领导+小组 0.0 0.0941148647083 0.290322580645 0.717215263106 0.463549580608 0.102421412608 0.0 0.5
榆林市+卫计局 0.0 0.0427871477852 0.483870967742 0.270010597507 0.921162394551 0.233638429603 0.0149253731343 0.5
薄弱+环节 0.0 0.0533602126369 0.290322580645 0.962292312097 0.146104201213 0.110202310549 0.0 0.5
妇产科+二病区 0.0 0.0523687024664 0.483870967742 0.395894254551 0.864001756524 0.16675149306 0.0 0.5
待产+期间 0.0 0.00632806942093 0.290322580645 0.159579193406 0.804278847699 0.136152622442 0.0 0.5
坠楼+身亡 0.0 0.0293772667997 0.290322580645 0.276912781669 0.862444451608 0.253952238158 0.0 0.5
事件+发生 0.0 0.00844082669647 0.290322580645 0.403397105979 0.845433039762 0.157503446438 0.0 0.5
高度+重视 0.0 0.0251873444319 0.290322580645 0.403221281893 0.861542303506 0.139230728345 0.0 0.5
榆林市+绥德 0.0 0.0552471626289 0.387096774194 0.717215263106 0.463549580608 0.182146041135 0.0 0.5
初步+调查 0.0 0.086686337022 0.290322580645 0.405007570441 0.795323075029 0.241968266778 0.089552238806 0.5
9月+7日 0.0 0.0638605777934 0.161290322581 0.41889460359 0.685844042477 0.219191933506 0.0 0.5
事件+初步 0.0 0.0262292011798 0.290322580645 0.60567170461 0.548500854632 0.0780688046158 0.044776119403 0.5
公安+部门 0.0 0.0379726283713 0.290322580645 0.328713525364 0.873619325254 0.280947021325 0.0 0.5
深入+调查 0.0 0.00946412673677 0.290322580645 0.638386272101 0.53924807904 0.140709507872 0.0 0.5
符合+自然 0.0 0.00946412673677 0.290322580645 0.580337284874 0.527441956715 0.0775824323468 0.0 0.5
自然+分娩 0.0 0.0956920956844 0.290322580645 0.262472609277 0.841946783103 0.33657094016 0.0 0.5
家属+签字 0.0 0.0682566380268 0.290322580645 0.379430549907 0.927159595825 0.387210900466 0.0 0.5
选择+自然 0.0 0.0110071351808 0.290322580645 0.56248968219 0.549704957024 0.0714603045735 0.0 0.5
紧急+情况 0.0 0.0741023864527 0.290322580645 0.340604068317 0.909228051569 0.279381012348 0.0 0.5
安全+管理 0.0 0.0242858539075 0.290322580645 0.962292312097 0.146104201213 0.14631386758 0.0 0.5
院+绥德院区 0.0 0.0161476771933 0.387096774194 0.394656974669 0.477928437885 0.0854246948446 0.0 0.5
妥善+处理 0.0 0.0336539948071 0.290322580645 0.717215263106 0.463549580608 0.147474184504 0.0 0.5
善后+事宜 0.0 0.0058275455105 0.290322580645 0.709751380622 0.473529080338 0.0963071984331 0.0 0.5
精心+做好 0.0 0.00370408756222 0.290322580645 0.702411726324 0.484560345185 0.0135106923838 0.0 0.5
做好+家属 0.0 0.0058275455105 0.290322580645 0.709751380622 0.473529080338 0.0165670240002 0.0 0.5
家属+心理 0.0 0.0058275455105 0.290322580645 0.709751380622 0.473529080338 0.0165670240002 0.0 0.5
心理+安抚 0.0 0.0058275455105 0.290322580645 0.709751380622 0.473529080338 0.0165670240002 0.0 0.5
坠亡+事件 0.0 0.0058275455105 0.290322580645 0.711259831888 0.451521728699 0.0135106923838 0.0 0.5
事件+依法 0.0 0.0058275455105 0.290322580645 0.711259831888 0.451521728699 0.0379012128901 0.0 0.5
严肃+处理 0.0 0.0638844297577 0.290322580645 0.415792561713 0.769596672483 0.138834545761 0.0597014925373 0.5
认真+调查 0.0 0.0503726706546 0.290322580645 0.526934487551 0.700053441036 0.148067859699 0.0 0.5
调查+讨论 0.0 0.0162786353004 0.290322580645 0.829020409719 0.377394760904 0.0342107189799 0.0 0.5
初步+认为 0.0 0.00135278648108 0.290322580645 0.829020409719 0.377394760904 0.0495476214813 0.0 0.5
产妇+入院 0.0 0.0391331956218 0.290322580645 0.33049370116 0.747317168404 0.193265776988 0.0 0.5
入院+诊断 0.0 0.0308095278797 0.290322580645 0.378433674658 0.610605550359 0.0979735988726 0.0 0.5
诊断+明确 0.0 0.0301299016126 0.290322580645 0.422087684954 0.566211008098 0.0556736314679 0.0 0.5
产前+告知 0.0 0.0308095278797 0.290322580645 0.408073895395 0.58318859828 0.0248520320673 0.0 0.5
告知+手续 0.0 0.0308095278797 0.290322580645 0.408073895395 0.58318859828 0.0229848047527 0.0 0.5
手续+完善 0.0 0.0308095278797 0.290322580645 0.408073895395 0.58318859828 0.0211175774381 0.0 0.5
诊疗+措施 0.0 0.0347700064196 0.290322580645 0.408073895395 0.58318859828 0.0428543961967 0.0 0.5
措施+合理 0.0 0.0347700064196 0.290322580645 0.408073895395 0.58318859828 0.0428543961967 0.0 0.5
抢救+过程 0.0 0.0301299016126 0.290322580645 0.422087684954 0.566211008098 0.0135106923838 0.0 0.5
过程+符合 0.0 0.0301299016126 0.290322580645 0.422087684954 0.566211008098 0.0135106923838 0.0 0.5
规范+要求 0.0 0.0301299016126 0.290322580645 0.422087684954 0.566211008098 0.0135106923838 0.0 0.5
跳楼+事件 0.0 0.0595298021309 0.290322580645 0.289924647944 0.943039206788 0.349249662836 0.149253731343 0.5
医院+相关 0.0 0.0427804138942 0.290322580645 0.420114637271 0.748387982717 0.138418648735 0.0 0.5
相关+工作 0.0 0.0301299016126 0.290322580645 0.422087684954 0.566211008098 0.0335885690622 0.0 0.5
工作+人员 0.0 0.0454691239823 0.290322580645 0.214364149745 0.877144846811 0.219355990377 0.0 0.5
人员+防范 0.0 0.0301299016126 0.290322580645 0.422087684954 0.566211008098 0.0214117442217 0.0 0.5
防范+突发 0.0 0.0301299016126 0.290322580645 0.422087684954 0.566211008098 0.0302239513673 0.0 0.5
突发+事件 0.0 0.0301299016126 0.290322580645 0.422087684954 0.566211008098 0.0302239513673 0.0 0.5
国家+卫 0.0 0.0406626320862 0.193548387097 0.20221534536 0.720354024352 0.154667687424 0.0 0.5
卫+计委 0.0 0.0411550499991 0.193548387097 0.112996429708 0.768471861605 0.225571052446 0.0149253731343 0.5
表示+深切 0.0 0.00135278648108 0.290322580645 0.344242127455 0.912284415521 0.153660784872 0.0 0.5
卫生+计生 0.0 0.0239034083195 0.290322580645 0.264236274399 0.823695164255 0.109838182204 0.0 0.5
计生+部门 0.0 0.0239034083195 0.290322580645 0.264236274399 0.823695164255 0.110368418826 0.0 0.5
部门+认真 0.0 0.0212539182402 0.290322580645 0.410123089606 0.799163815671 0.0497151640567 0.0 0.5
调查+核实 3.0 0.0197067085564 0.290322580645 0.388818023952 0.804634939464 0.0135106923838 0.0 0.5
规+严肃 0.0 0.0312044841196 0.193548387097 0.410123089606 0.799163815671 0.0334311686632 0.0298507462687 0.5
视频+截图 0.0 0.0124714282077 0.290322580645 0.361685342528 0.850296558678 0.269334583426 0.0 0.5
产妇+坠 0.0 0.013177565831 0.193548387097 0.203294065162 0.874546011968 0.227192112797 0.089552238806 0.5
坠+亡 0.0 0.0162786353004 0.0967741935484 0.204699167136 0.862865157939 0.281220966373 0.0597014925373 0.5
8.31+产妇 0.0 0.0189280922604 0.225806451613 0.394269119361 0.822786141381 0.209952919789 0.0 0.5
身亡+事件 0.0 0.0103465112128 0.290322580645 0.381774718666 0.913340190738 0.198337143428 0.0149253731343 0.5
手术室+跳楼 0.0 0.0179143049652 0.387096774194 0.415359146469 0.761607333858 0.122786473446 0.0 0.5
跳楼+身亡 0.0 0.0907034099935 0.290322580645 0.36146615768 0.92477935139 0.321984665961 0.044776119403 0.5
31日+20时 0.0 0.0412105717472 0.225806451613 0.366699121003 0.896755863841 0.236456069254 0.0 0.5
进入+分娩 0.0 0.0315544435898 0.290322580645 0.588279921906 0.583532823688 0.164420339518 0.0 0.5
中心+外 0.0 0.0321245223685 0.193548387097 0.5807809405 0.711576978723 0.190452902165 0.0 0.5
生命+体征 0.0 0.00370408756222 0.290322580645 0.42814600366 0.470461437419 0.0368573305246 0.0 0.5
生产+期间 0.0 0.0208971042599 0.290322580645 0.353360204758 0.84444040226 0.10305423974 0.0 0.5
疼痛+烦躁 0.0 0.0208971042599 0.290322580645 0.353360204758 0.84444040226 0.0479713618343 0.0 0.5
烦躁+不安 0.0 0.0239467486408 0.290322580645 0.314827780425 0.868676726907 0.0507251803136 0.0 0.5
剖宫产+建议 0.0 0.0208971042599 0.387096774194 0.353360204758 0.84444040226 0.0246014076693 0.0 0.5
最终+产妇 0.0 0.0199810664792 0.290322580645 0.446537704843 0.835635289906 0.0372599395461 0.0 0.5
导致+情绪 0.0 0.0199810664792 0.290322580645 0.446537704843 0.835635289906 0.0135106923838 0.0 0.5
情绪+失控 2.0 0.0420321237665 0.290322580645 0.465294878719 0.868545517589 0.150598973605 0.0 0.5
失控+跳楼 0.0 0.0228901509935 0.290322580645 0.464296942281 0.867760501749 0.0779546395604 0.0 0.5
介入+调查 0.0 0.0206980941139 0.290322580645 0.516253387334 0.869292343992 0.229890941018 0.0 0.5
产妇+马 0.0 0.0826499624484 0.193548387097 0.592319579488 0.53727210081 0.177277469332 0.0 0.5
B+超 0.0 0.016182115957 0.0322580645161 0.319675689713 0.77745106712 0.142988225811 0.0 0.5
超+显示 0.0 0.00370408756222 0.193548387097 0.557475023062 0.49631042174 0.0401774949891 0.0 0.5
双+顶径 0.0 0.0781309967461 0.193548387097 0.568241717435 0.781311489392 0.243047978364 0.0 0.5
产妇+顺产 0.0 0.00370408756222 0.290322580645 0.419441793912 0.819586614434 0.215578368578 0.0 0.5
硬膜+外 0.0 0.0874062397486 0.193548387097 0.800974725551 0.727383618935 0.285330648486 0.0 0.5
准+妈妈 0.0 0.0512078189226 0.193548387097 0.516015617685 0.870705574918 0.404461489396 0.0149253731343 0.5
副+组长 0.0 0.00398976590874 0.193548387097 0.713609322716 0.433110076486 0.106328306244 0.0 0.5
跳楼+产妇 0.0 0.0206980941139 0.290322580645 0.463194729271 0.909331916683 0.319771788284 0.089552238806 0.5
医院+诊疗 0.0 0.0354236512037 0.290322580645 0.41415772796 0.796169877209 0.289360234748 0.089552238806 0.5
新京报+记者 0.0 0.103383449474 0.387096774194 0.497014160458 0.603715718767 0.174023030331 0.0 0.5
次+拒绝 0.0 0.00632806942093 0.193548387097 0.480274712001 0.813884965871 0.156711021165 0.0149253731343 0.5
二病区+坠楼 0.0 0.0144677276737 0.387096774194 0.871865444583 0.31656028001 0.0275432292279 0.0 0.5
9月+2日 0.0 0.0058275455105 0.161290322581 0.652487372248 0.632983447838 0.0515942438816 0.0 0.5
进一步+调查 0.0 0.00370408756222 0.387096774194 0.300345358269 0.591176242167 0.0657974880094 0.0 0.5
医院+诊查 0.0 0.00135278648108 0.290322580645 0.829728402576 0.372147371748 0.0384243339764 0.0 0.5
产妇+各项 0.0 0.00135278648108 0.290322580645 0.627375741236 0.413757146119 0.0223339443593 0.0 0.5
各项+体征 0.0 0.00135278648108 0.290322580645 0.627375741236 0.413757146119 0.0223339443593 0.0 0.5
体征+正常 0.0 0.00135278648108 0.290322580645 0.627375741236 0.413757146119 0.0223339443593 0.0 0.5
分娩+指征 0.0 0.00135278648108 0.290322580645 0.627375741236 0.413757146119 0.0135106923838 0.0 0.5
胎儿+头部 0.0 0.0267572468015 0.290322580645 0.412562601578 0.832254992251 0.178909264227 0.0 0.5
头部+偏 0.0 0.0267572468015 0.193548387097 0.467824636742 0.822889514659 0.148158863918 0.0 0.5
存在+难产 0.0 0.00135278648108 0.290322580645 0.627375741236 0.413757146119 0.0135106923838 0.0 0.5
难产+风险 0.0 0.00370408756222 0.290322580645 0.603796721821 0.457506756069 0.0418903206661 0.0 0.5
医生+建议 0.0 0.0146748605249 0.290322580645 0.301740295285 0.832470245386 0.146407644693 0.0 0.5
剖宫产+终止 0.0 0.00370408756222 0.387096774194 0.603796721821 0.457506756069 0.0135106923838 0.0 0.5
终止+妊娠 0.0 0.0206441068301 0.290322580645 0.418183296246 0.839070012924 0.0713642066299 0.0 0.5
家属+选择 0.0 0.0058275455105 0.290322580645 0.526255924155 0.590456862343 0.0464844073857 0.0 0.5
签字+确认 0.0 0.0170853191644 0.290322580645 0.429019021444 0.823612431851 0.12013861209 0.0 0.5
产妇+进入 0.0 0.0293710777126 0.290322580645 0.392143700316 0.820577792529 0.118258465386 0.0 0.5
17时+50分 0.0 0.0146748605249 0.225806451613 0.466304903073 0.795803170356 0.0698627317216 0.0 0.5
家属+交流 0.0 0.00135278648108 0.290322580645 0.704414085484 0.496623776742 0.0685276587236 0.0 0.5
20时+许 0.0 0.0058275455105 0.161290322581 0.239092515608 0.66585684668 0.0699736777022 0.0 0.5
人员+发现 0.0 0.00135278648108 0.290322580645 0.627375741236 0.413757146119 0.0259675131801 0.0 0.5
备用+手术 0.0 0.00135278648108 0.290322580645 0.627375741236 0.413757146119 0.0259675131801 0.0 0.5
手术+间 0.0 0.00135278648108 0.193548387097 0.627375741236 0.413757146119 0.0135106923838 0.0 0.5
间+窗口 0.0 0.00135278648108 0.193548387097 0.627375741236 0.413757146119 0.0135106923838 0.0 0.5
窗口+坠 0.0 0.00135278648108 0.193548387097 0.627375741236 0.413757146119 0.0135106923838 0.0 0.5
医院+立即 0.0 0.00135278648108 0.290322580645 0.627375741236 0.413757146119 0.0135106923838 0.0 0.5
立即+组织 0.0 0.00135278648108 0.290322580645 0.627375741236 0.413757146119 0.0135106923838 0.0 0.5
组织+抢救 0.0 0.00135278648108 0.290322580645 0.627375741236 0.413757146119 0.0135106923838 0.0 0.5
告知+家属 0.0 0.00135278648108 0.290322580645 0.627375741236 0.413757146119 0.0135106923838 0.0 0.5
同意+放弃 0.0 0.00135278648108 0.290322580645 0.627375741236 0.413757146119 0.0135106923838 0.0 0.5
放弃+抢救 0.0 0.00135278648108 0.290322580645 0.627375741236 0.413757146119 0.0135106923838 0.0 0.5
21时+25分 0.0 0.00135278648108 0.225806451613 0.627375741236 0.413757146119 0.0259675131801 0.0 0.5
25分+宣布 0.0 0.00135278648108 0.258064516129 0.627375741236 0.413757146119 0.0259675131801 0.0 0.5
宣布+临床 0.0 0.00135278648108 0.290322580645 0.627375741236 0.413757146119 0.0259675131801 0.0 0.5
临床+死亡 0.0 0.00135278648108 0.290322580645 0.627375741236 0.413757146119 0.0135106923838 0.0 0.5
榆林+市政府 0.0 0.0301846703213 0.387096774194 0.672447492899 0.444329723216 0.129078370032 0.0 0.5
公安局+负责人 0.0 0.0189280922604 0.483870967742 0.547205763484 0.770712804067 0.146821334395 0.0 0.5
正在+进行 0.0 0.00135278648108 0.290322580645 0.614376345198 0.523284536692 0.0765923130565 0.0 0.5
坠亡+产妇 0.0 0.049716473548 0.290322580645 0.46167039971 0.871462593556 0.24098878793 0.0 0.5
30日+下午 0.0 0.00632806942093 0.258064516129 0.454811262097 0.719695408324 0.208112701128 0.0 0.5
记者+联系 0.0 0.0301299016126 0.290322580645 0.474853585739 0.822436095837 0.14765994325 0.0 0.5
北青报+记者 0.0 0.195388821131 0.387096774194 0.397347559441 0.799574334227 0.252159357408 0.0 0.5
杨+院长 0.0 0.0124714282077 0.193548387097 0.38941271785 0.779863200379 0.118860351381 0.0 0.5
主任+霍军伟 0.0 0.0239034083195 0.387096774194 0.524396530469 0.796172938135 0.188955531402 0.0 0.5
处+骨折 0.0 0.00135278648108 0.193548387097 0.505300094181 0.507964185572 0.0532070361658 0.0 0.5
告诉+北青报 0.0 0.0454875499703 0.387096774194 0.298795382235 0.702192714137 0.154581612239 0.0 0.5
绥德县+公安局 0.0 0.0532206348501 0.483870967742 0.496227109909 0.842860567928 0.282613087283 0.0 0.5
马+女士 0.0 0.112673389725 0.193548387097 1.0 0.0 0.291774599645 0.0 0.5
护理+记录 0.0 0.0102797026378 0.290322580645 0.637050844871 0.667030332032 0.269537100712 0.0 0.5
上午+10时 0.0 0.00135278648108 0.258064516129 0.625129916711 0.755969413179 0.157991729409 0.0 0.5
进+产房 0.0 0.0144677276737 0.193548387097 0.422551185766 0.795736600388 0.305431383314 0.0 0.5
未+料到 0.0 0.00398976590874 0.193548387097 0.485782849644 0.683533299784 0.111160191825 0.0 0.5
次+声明 0.0 0.00632806942093 0.193548387097 0.43314630867 0.813677442249 0.151693772393 0.0 0.5
产妇+疼痛 0.0 0.0199810664792 0.290322580645 0.417810186246 0.868183049172 0.176037501675 0.0149253731343 0.5
20时+左右 0.0 0.0464276321666 0.258064516129 0.589905979688 0.834846784571 0.0962366320808 0.0 0.5
绥德院区+住院部 0.0 0.0189280922604 0.58064516129 0.51396220632 0.862684208684 0.0178835274067 0.0 0.5
诊疗+行为 0.0 0.00844082669647 0.290322580645 0.450474180129 0.807361564349 0.199306579414 0.0 0.5
初步+诊断 0.0 0.019649687634 0.290322580645 0.524915781923 0.815744098092 0.116043726949 0.0 0.5
配合+调查 0.0 0.0220156517487 0.290322580645 0.499586746235 0.753255980637 0.207290168845 0.0149253731343 0.5
记者+采访 0.0 0.0172498859874 0.290322580645 0.419292049317 0.910624670931 0.255161716422 0.0 0.5
时+表示 0.0 0.00844082669647 0.193548387097 0.502573467909 0.871187833823 0.140760522663 0.0 0.5
法制+晚报 0.0 0.0790919049627 0.290322580645 0.407805215634 0.82672514668 0.277889277441 0.0 0.5
待产+孕妇 0.0 0.0446594632634 0.290322580645 0.495177159183 0.898955203921 0.259647039923 0.0149253731343 0.5
看法+新闻 0.0 0.0474632154355 0.290322580645 0.462690242975 0.471593422685 0.15132644044 0.0 0.5
提出+剖腹产 0.0 0.00135278648108 0.387096774194 0.538002000085 0.804403808557 0.152468725619 0.0 0.5
楼+分娩 0.0 0.00922874679119 0.193548387097 0.684501199382 0.751791251916 0.0503013496757 0.0 0.5
中心+坠 0.0 0.0179143049652 0.193548387097 0.688775060541 0.766884877787 0.0995716522333 0.0 0.5
人员+及时 0.0 0.0329413397239 0.290322580645 0.64465014069 0.766630722304 0.0361071356015 0.0 0.5
及时+予以 0.0 0.0284223740216 0.290322580645 0.64465014069 0.766630722304 0.0135106923838 0.0 0.5
予以+抢救 0.0 0.0284223740216 0.290322580645 0.64465014069 0.766630722304 0.0135106923838 0.0 0.5
伤势+过重 0.0 0.0293353612427 0.290322580645 0.624987738526 0.786058268794 0.0155792593173 0.0 0.5
无效+身亡 0.0 0.00398976590874 0.290322580645 0.684501199382 0.751791251916 0.0311571963347 0.0 0.5
2017年+9月 0.0 0.0141378099081 0.258064516129 0.73998434013 0.641432195814 0.184209209321 0.0 0.5
9月+4日 0.0 0.0567415890249 0.161290322581 0.701254454181 0.72565141911 0.0955294830262 0.0 0.5
华商+报 0.0 0.0512078189226 0.193548387097 0.692336583885 0.713418940635 0.280662008184 0.0 0.5
9月+5日 0.0 0.0389758190888 0.161290322581 0.522008856499 0.83307309718 0.20161037966 0.0 0.5
公安+机关 0.0 0.0058275455105 0.290322580645 0.493002283517 0.857692913025 0.139662358652 0.0 0.5
称+产妇 0.0 0.0545723991185 0.193548387097 0.373088658247 0.874498624017 0.235849199838 0.0 0.5
家属+剖腹产 0.0 0.00398976590874 0.387096774194 0.71848079871 0.781225983774 0.209779366027 0.0 0.5
撤回+授权 0.0 0.0545723991185 0.290322580645 0.469196882211 0.801681468518 0.17260353033 0.0 0.5
医院+无权 0.0 0.0308095278797 0.290322580645 0.469196882211 0.801681468518 0.0135106923838 0.0 0.5
6日+上午 0.0 0.0290727385142 0.225806451613 0.374050372884 0.801438642092 0.0484695578778 0.0 0.5
需要+剖腹产 0.0 0.013177565831 0.387096774194 0.578325400161 0.878066370573 0.286459996037 0.0 0.5
进行+剖腹产 0.0 0.0387304849593 0.387096774194 0.470285971337 0.833326194266 0.337881731622 0.0 0.5
产妇+知情 0.0 0.0239034083195 0.290322580645 0.676633075411 0.717343122181 0.0680840550484 0.0 0.5
同意+剖腹产 0.0 0.0655684727426 0.387096774194 0.374500836437 0.901533581983 0.295816188022 0.0 0.5
国家+卫生 0.0 0.0513555245258 0.290322580645 0.338588362716 0.787732383955 0.155783826775 0.0 0.5
卫生+计生委 0.0 0.0513555245258 0.387096774194 0.338588362716 0.787732383955 0.207283478299 0.0 0.5
丈夫+延 0.0 0.0163794605495 0.193548387097 0.4902124446 0.834980340904 0.17049877311 0.0 0.5
延+先生 0.0 0.141702926994 0.193548387097 0.50946968862 0.845668514587 0.327163831567 0.0 0.5
跳+下去 0.0 0.0124714282077 0.193548387097 0.380235584818 0.909556848418 0.242819841945 0.0 0.5
喊+疼 0.0 0.0206980941139 0.0967741935484 0.536275901104 0.866949840502 0.197785799612 0.0298507462687 0.5
疼+想 0.0 0.00135278648108 0.0967741935484 0.505198934964 0.891736929573 0.18753489891 0.0298507462687 0.5
想+剖腹产 0.0 0.0427804138942 0.290322580645 0.578578790189 0.847603264179 0.232826893964 0.0597014925373 0.5
名+待产 0.0 0.0237800170011 0.193548387097 0.504834555147 0.872999385592 0.0657189775219 0.0 0.5
楼上+坠 0.0 0.0163794605495 0.193548387097 0.538299999688 0.835085007448 0.0135106923838 0.0 0.5
现代+快报 0.0 0.075165981684 0.290322580645 0.658732508498 0.677350441363 0.29717743089 0.0 0.5
医疗+措施 0.0 0.0415980006373 0.290322580645 0.523039547359 0.828061736178 0.207159098845 0.0 0.5
侵权+责任法 0.0 0.0558082180403 0.387096774194 0.668187047305 0.810118481966 0.206874270972 0.0 0.5
医疗+机构 0.0 0.236294796325 0.290322580645 0.323044124215 0.849379510994 0.403567071982 0.0 0.5
行为+能力 0.0 0.024544322532 0.290322580645 0.524572860486 0.780346020315 0.158581541842 0.0 0.5
产妇+签署 0.0 0.0250167276783 0.290322580645 0.424981956369 0.802584151949 0.17279843887 0.0 0.5
授权+书 0.0 0.0509285290645 0.193548387097 0.424981956369 0.802584151949 0.148923260751 0.0 0.5
丈夫+全权 0.0 0.0301299016126 0.290322580645 0.46252005757 0.782205513906 0.0194489898763 0.0 0.5
全权+负责 0.0 0.034263056588 0.290322580645 0.46252005757 0.782205513906 0.0590511169011 0.0 0.5
负责+签署 0.0 0.0301299016126 0.290322580645 0.46252005757 0.782205513906 0.0135106923838 0.0 0.5
相关+文书 0.0 0.0301299016126 0.290322580645 0.46252005757 0.782205513906 0.0135106923838 0.0 0.5
未+撤回 0.0 0.0383962115631 0.193548387097 0.46252005757 0.782205513906 0.0753659824489 0.0 0.5
未+出现 0.0 0.0259967466375 0.193548387097 0.46252005757 0.782205513906 0.0215343651791 0.0 0.5
出现+危及 0.0 0.0259967466375 0.290322580645 0.46252005757 0.782205513906 0.0175225287814 0.0 0.5
危及+生命 0.0 0.0259967466375 0.290322580645 0.46252005757 0.782205513906 0.0135106923838 0.0 0.5
记录+产妇 0.0 0.0301299016126 0.290322580645 0.442015829924 0.785558511731 0.127303274531 0.0 0.5
产妇+血压 0.0 0.0239034083195 0.290322580645 0.426859900417 0.786825180086 0.0404457701076 0.0 0.5
胎心+正常 0.0 0.0552471626289 0.290322580645 0.41989762415 0.789958018753 0.111581516985 0.0 0.5
医院+是否 0.0 0.0354236512037 0.290322580645 0.459781580719 0.736105785257 0.309415081275 0.0 0.5
授权+委托书 0.0 0.0301846703213 0.387096774194 0.427015899198 0.71945147315 0.293077508611 0.0 0.5
条+规定 0.0 0.0212539182402 0.193548387097 0.622646674789 0.77244423458 0.214630079982 0.0 0.5
取得+患者 0.0 0.0622753591271 0.290322580645 0.636631970731 0.770038674436 0.242632373768 0.0 0.5
亲属+意见 0.0 0.0187009822831 0.290322580645 0.759804443049 0.667384194306 0.0486312379222 0.0 0.5
机构+负责人 0.0 0.0161476771933 0.387096774194 0.66780993923 0.771012134776 0.0830896151435 0.0 0.5
告诉+记者 0.0 0.0419792711283 0.290322580645 0.621637839734 0.792202507448 0.253392044653 0.0 0.5
家属+意见 0.0 0.017730436687 0.290322580645 0.470783704904 0.830993433708 0.249190260301 0.0 0.5
剖宫产+手术 0.0 0.093052440911 0.387096774194 0.305004343084 0.823295263404 0.464557789595 0.0 0.5
画面+系 0.0 0.00135278648108 0.193548387097 0.433167196374 0.796361329418 0.0135106923838 0.0 0.5
剖腹产+手术 0.0 0.0630914736366 0.387096774194 0.446524997705 0.775221146932 0.333084777044 0.0 0.5
法律+规定 0.0 0.0161476771933 0.290322580645 0.474471584687 0.710252290752 0.265932194491 0.0 0.5
澎湃+新闻 0.0 0.0766756627324 0.290322580645 0.542399143479 0.769100589667 0.346102110337 0.0 0.5
实施+剖腹产 0.0 0.0321211873231 0.387096774194 0.571976903511 0.727675148458 0.232765746618 0.0 0.5
委托+代理人 0.0 0.0314860057102 0.387096774194 0.590438437263 0.488699662079 0.205140542258 0.0 0.5
中+产妇 0.0 0.0180051983097 0.193548387097 0.456961216018 0.694406681224 0.191167392998 0.0 0.5
再次+说明 0.0 0.0396195754149 0.290322580645 0.566988851028 0.604822212095 0.197121165614 0.0 0.5
患者+家属 0.0 0.0733428993313 0.290322580645 0.578781895743 0.710418763206 0.38222415682 0.0 0.5
17+点 0.0 0.0058275455105 0.0645161290323 0.606538546022 0.724907933848 0.121507478844 0.0 0.5
全+开 0.0 0.086563371858 0.0967741935484 0.604215529979 0.661555247792 0.176146562665 0.0 0.5
宫口+开 0.0 0.0337516008595 0.193548387097 0.467077730765 0.640558807197 0.187207763753 0.0 0.5
知情+同意权 0.0 0.0522514948828 0.387096774194 0.784646328145 0.701175124962 0.338491579649 0.0 0.5
患者+说明 0.0 0.068959448192 0.290322580645 0.69024530833 0.709271063726 0.148495163745 0.0 0.5
实施+手术 0.0 0.00922874679119 0.290322580645 0.519813493071 0.781750978845 0.138460028891 0.0 0.5
特殊+检查 0.0 0.00922874679119 0.290322580645 0.661192796085 0.740608152709 0.0637453688268 0.0 0.5
特殊+治疗 0.0 0.00922874679119 0.290322580645 0.661192796085 0.740608152709 0.0637453688268 0.0 0.5
书面+同意 0.0 0.0567415890249 0.290322580645 0.696266509455 0.758024692737 0.134292922484 0.0 0.5
意见+时 0.0 0.0058275455105 0.193548387097 0.476379679367 0.784335775203 0.115557087495 0.0 0.5
具备+完全 0.0 0.0103465112128 0.290322580645 0.477129751753 0.745763706196 0.0984604075806 0.0 0.5
完全+行为 0.0 0.00135278648108 0.290322580645 0.478740047206 0.664186879904 0.0399804483102 0.0 0.5
足月+胎儿 0.0 0.00844082669647 0.290322580645 0.576652361626 0.710686214366 0.0513629824868 0.0 0.5
手术+指征 0.0 0.0254110848033 0.290322580645 0.589019097867 0.667384297129 0.238532481274 0.0 0.5
建议+产妇 0.0 0.00922874679119 0.290322580645 0.55334828006 0.757029428557 0.0678592502148 0.0 0.5
医院+双方 0.0 0.00135278648108 0.290322580645 0.230023865216 0.827122767911 0.113836954945 0.0 0.5
强行+离开 0.0 0.00632806942093 0.290322580645 0.61666930672 0.737214279156 0.0135106923838 0.0 0.5
离开+待产室 0.0 0.0228885708001 0.387096774194 0.489978220645 0.805738417821 0.0598204171337 0.0 0.5
声明+称 0.0 0.0351768685669 0.193548387097 0.487788016719 0.823088250894 0.188636305283 0.0 0.5
第一+胎 0.0 0.00922874679119 0.193548387097 0.430712503399 0.777923784514 0.13021995859 0.0 0.5
家属+说明 0.0 0.02684904934 0.290322580645 0.702032648286 0.745605501691 0.0509410959639 0.0 0.5
说明+情况 0.0 0.0228885708001 0.290322580645 0.702032648286 0.745605501691 0.0217323624342 0.0 0.5
建议+行剖宫产 2.0 0.00632806942093 0.483870967742 0.708145482715 0.675120066316 0.0135106923838 0.0 0.5
行剖宫产+终止 0.0 0.00632806942093 0.483870967742 0.708145482715 0.675120066316 0.0135106923838 0.0 0.5
明确+拒绝 0.0 0.00632806942093 0.290322580645 0.708145482715 0.675120066316 0.0135106923838 0.0 0.5
坚决+要求 0.0 0.0103465112128 0.290322580645 0.647654685235 0.73329396732 0.0942553944703 0.0 0.5
催产+素诱 0.0 0.00135278648108 0.290322580645 0.708145482715 0.675120066316 0.0135106923838 0.0 0.5
素诱+发宫 0.0 0.00135278648108 0.290322580645 0.708145482715 0.675120066316 0.0135106923838 0.0 0.5
发宫+缩经 0.0 0.00135278648108 0.290322580645 0.708145482715 0.675120066316 0.0135106923838 0.0 0.5
缩经+阴道 0.0 0.00135278648108 0.290322580645 0.708145482715 0.675120066316 0.0135106923838 0.0 0.5
阴道+分娩 0.0 0.081218491465 0.290322580645 0.63314387734 0.80664298292 0.213309073273 0.0 0.5
确认+顺产 0.0 0.0284223740216 0.290322580645 0.668161058888 0.743803900931 0.137786791297 0.0 0.5
顺产+要求 0.0 0.00370408756222 0.290322580645 0.578748591181 0.686797401384 0.0485306495951 0.0 0.5
相关+负责人 0.0 0.0266453804729 0.387096774194 0.699207724851 0.656649996192 0.217260692678 0.0 0.5
负责人+表示 0.0 0.0203915951905 0.387096774194 0.754766317443 0.542168532115 0.0890891303306 0.0 0.5
延壮壮+告诉 0.0 0.038831289843 0.387096774194 0.569849797275 0.493218585803 0.113422305932 0.0 0.5
待产+床 0.0 0.0141378099081 0.193548387097 0.738973322601 0.634035896626 0.102590885294 0.0 0.5
30日+15时 0.0 0.00922874679119 0.225806451613 0.569276680524 0.704966790858 0.129296605973 0.0 0.5
监控+中 0.0 0.0197067085564 0.193548387097 0.59521858179 0.779929647594 0.221210952218 0.0298507462687 0.5
继续+观察 0.0 0.0226510440997 0.290322580645 0.686858840451 0.713475040898 0.0643497559128 0.0 0.5
31日+上午 0.0 0.0226510440997 0.258064516129 0.550034315707 0.682352144893 0.192213105312 0.0 0.5
征求+家属 0.0 0.00922874679119 0.290322580645 0.679501085532 0.707156949435 0.134301135886 0.0 0.5
待产+室内 0.0 0.0720965173812 0.290322580645 0.550295817968 0.597907428197 0.227657301285 0.0 0.5
外科+护理 0.0 0.00135278648108 0.290322580645 0.74932090959 0.680553483344 0.11077978708 0.0 0.5
医生+护士 0.0 0.0161476771933 0.290322580645 0.734349767302 0.65483921289 0.180609153098 0.0 0.5
画面+中 0.0 0.00922874679119 0.193548387097 0.436115982452 0.762825727128 0.0995476360588 0.0 0.5
产妇+马某 0.0 0.158732406322 0.290322580645 0.541834246342 0.860315465106 0.372415443148 0.0 0.5
点+左右 0.0 0.0346065086162 0.193548387097 0.723116050392 0.688060710693 0.0664569634259 0.0 0.5
谅解+意外 0.0 0.0290727385142 0.290322580645 0.680898787067 0.697446658014 0.0370435033417 0.0 0.5
停经+41 0.0 0.0103465112128 0.161290322581 0.680460105874 0.717821656068 0.0437928888232 0.0 0.5
周+要求 0.0 0.0103465112128 0.193548387097 0.680460105874 0.717821656068 0.0135106923838 0.0 0.5
要求+住院 0.0 0.0103465112128 0.290322580645 0.680460105874 0.717821656068 0.0135106923838 0.0 0.5
住院+待产 0.0 0.0103465112128 0.290322580645 0.680460105874 0.717821656068 0.0371627158451 0.0 0.5
彩超+提示 0.0 0.00693765810551 0.290322580645 0.693873001581 0.627925452431 0.0533516449425 0.0 0.5
提示+双 0.0 0.00693765810551 0.193548387097 0.693873001581 0.627925452431 0.040071327423 0.0 0.5
顶径+99mm 0.0 0.00693765810551 0.225806451613 0.693873001581 0.627925452431 0.0135106923838 0.0 0.5
胎儿+双 0.0 0.0212539182402 0.193548387097 0.666043657802 0.69192911146 0.103530448895 0.0 0.5
告诉+新京报 0.0 0.0506374589721 0.387096774194 0.897244033769 0.213457519708 0.0944358323331 0.0 0.5
调查+结论 0.0 0.0124714282077 0.290322580645 0.504349066357 0.645100359247 0.11090579761 0.0 0.5
产妇+系 0.0 0.0278836263041 0.193548387097 0.501267808895 0.59352002404 0.107681530286 0.0 0.5
发表+声明 0.0 0.0293353612427 0.290322580645 0.496014425996 0.820054625721 0.161678746855 0.0 0.5
考核+指标 0.0 0.0314860057102 0.290322580645 0.839827031141 0.394839243414 0.168343446255 0.0298507462687 0.5
控制+剖宫产率 0.0 0.119360659199 0.483870967742 0.839827031141 0.394839243414 0.338704013486 0.0 0.5
不用+剖腹产 0.0 0.0103465112128 0.387096774194 0.619635746804 0.793259899043 0.0245453683529 0.0 0.5
绥德县+吉镇镇 0.0 0.00693765810551 0.483870967742 0.673264430647 0.693818347918 0.0533516449425 0.0 0.5
吉镇镇+张家峰村人 0.0 0.00693765810551 0.677419354839 0.673264430647 0.693818347918 0.040071327423 0.0 0.5
4日+下午 0.0 0.0220156517487 0.225806451613 0.735112007151 0.659879995545 0.0461689575495 0.0 0.5
产妇马+XX 0.0 0.0337516008595 0.258064516129 0.713198551874 0.62884786646 0.21243717615 0.0 0.5
分娩+难 0.0 0.00844082669647 0.193548387097 0.709327430989 0.718256361749 0.0267910099034 0.0 0.5
难+产 0.0 0.0163794605495 0.0967741935484 0.689553015611 0.7298930198 0.160431892881 0.0 0.5
产+风险 0.0 0.00844082669647 0.193548387097 0.709327430989 0.718256361749 0.040071327423 0.0 0.5
分娩+方式 0.0 0.0686442774971 0.290322580645 0.766628521162 0.499162199933 0.209092560759 0.0 0.5
外+麻醉 0.0 0.0866510960223 0.193548387097 0.817644211882 0.627236711757 0.325027745298 0.0 0.5
报+记者 0.0 0.0394746105728 0.193548387097 0.881078165201 0.369304989601 0.16050045495 0.0 0.5
杨+先生 0.0 0.0416340497096 0.193548387097 0.823226897155 0.203605634183 0.24518552192 0.0 0.5
陕西+榆林+产妇 0.0 0.0124714282077 0.516129032258 0.321658730937 0.895535574086 0.17262067639 0.0298507462687 1.0
榆林+产妇+坠楼 0.0 0.023538968412 0.516129032258 0.189198745424 0.871421424618 0.149759609084 0.0746268656716 1.0
2017年+8月+31日 0.0 0.0058275455105 0.451612903226 0.323827315475 0.842691638936 0.185213481508 0.0 1.0
8月+31日+晚 0.0 0.0144677276737 0.322580645161 0.128648119249 0.884616384872 0.191753193352 0.0 1.0
陕西+榆林市+第一 0.0 0.0412105717472 0.612903225806 0.45134379532 0.894602177698 0.0888064421821 0.0 1.0
榆林市+第一+医院 0.0 0.0813604135986 0.612903225806 0.211542436525 0.955132223774 0.250717157847 0.0 1.0
第一+医院+绥德院区 0.0 0.0714745584897 0.709677419355 0.210673641644 0.947334874104 0.215367663351 0.0 1.0
家属+多次+拒绝 0.0 0.0120608269851 0.516129032258 0.459586299332 0.849500883002 0.239966455957 0.044776119403 1.0
难+忍+疼痛 0.0 0.0266479459385 0.322580645161 0.405050955343 0.886262653466 0.0867165896671 0.0 1.0
家属+提出+剖宫产 3.0 0.0228885708001 0.612903225806 0.428957701859 0.796902098451 0.048017347325 0.0 1.0
进入+待产室+待产 0.0 0.00135278648108 0.612903225806 0.543002675454 0.444944904837 0.0416312568653 0.0 1.0
走+出+分娩 0.0 0.0541716211766 0.322580645161 0.513580926666 0.778808031194 0.178899259373 0.0 1.0
跳楼+自杀+身亡 0.0 0.00946412673677 0.516129032258 0.057184554783 0.74648207743 0.146557251424 0.0149253731343 1.0
获得+被+授权 0.0 0.0250167276783 0.41935483871 0.376423487729 0.801795856541 0.0262831169441 0.0 1.0
无权+改变+生产方式 0.0 0.031377918045 0.709677419355 0.419613783978 0.812525805702 0.020846618337 0.0 1.0
宫口+近+全 0.0 0.0748274227474 0.322580645161 0.509029290852 0.639743971036 0.128637433278 0.0 1.0
符合+诊疗+规范 0.0 0.039203989641 0.516129032258 0.320629570669 0.647805695411 0.0784591291593 0.0 1.0
管理+上+存在 0.0 0.0254110848033 0.41935483871 0.506840156321 0.452304572236 0.128536264302 0.0 1.0
榆林+第一+医院 0.0 0.0545723991185 0.516129032258 0.332798956674 0.915389174713 0.216093858995 0.0 1.0
绥德院区+主要+负责人 0.0 0.0187009822831 0.806451612903 0.506840156321 0.452304572236 0.0643172504857 0.0 1.0
负责人+和+妇产科 0.0 0.0254110848033 0.612903225806 0.506840156321 0.452304572236 0.0476370691618 0.0149253731343 1.0
妇产科+主任+停职 3.0 0.0187009822831 0.612903225806 0.506840156321 0.452304572236 0.0135106923838 0.0 1.0
生产+过程+中 0.0 0.0193844426172 0.41935483871 0.313016728492 0.878424096342 0.210335991198 0.0 1.0
产妇+坠楼+事件 0.0 0.118648724405 0.516129032258 0.233094545314 0.875665545759 0.327007811545 0.223880597015 1.0
坠楼+事件+调查 3.0 0.0664538347378 0.516129032258 0.475769642024 0.605716827226 0.135082041766 0.0298507462687 1.0
第一+财经+记者 0.0 0.0804587031971 0.516129032258 1.0 0.0 0.164273920018 0.0 1.0
榆林+一+院 0.0 0.139546831936 0.322580645161 0.264984414864 0.947359905863 0.342058837464 0.0 1.0
产妇+的+家属 0.0 0.0144677276737 0.41935483871 0.215739627844 0.914732407095 0.259492800628 0.0 1.0
疼痛+难+忍 0.0 0.0630630279384 0.322580645161 0.356895497148 0.917115781819 0.276751303126 0.0149253731343 1.0
妇产科+副+主任 0.0 0.023538968412 0.516129032258 0.387357765367 0.818827603608 0.166481583931 0.0149253731343 1.0
产妇+和+胎儿 0.0 0.00946412673677 0.41935483871 0.166897319197 0.808704929327 0.175881167603 0.0 1.0
尸+两+命 0.0 0.0220156517487 0.225806451613 0.257616886608 0.798260693899 0.156505432271 0.0 1.0
医院+绥德院区+妇产科 0.0 0.0573975097206 0.806451612903 0.238861584066 0.873257808734 0.101859999757 0.0 1.0
系+跳楼+自杀 3.0 0.0123831654351 0.41935483871 0.150438930819 0.785782269888 0.0769760274982 0.0 1.0
排除+他+杀 3.0 0.0342820045775 0.322580645161 0.256129959624 0.861484337676 0.12119894792 0.0 1.0
最后+一+次 0.0 0.0163794605495 0.322580645161 0.278034912147 0.799612625078 0.176541450231 0.0 1.0
生+二+胎 0.0 0.0203915951905 0.225806451613 0.284914964206 0.771999624159 0.213235992134 0.0 1.0
31日+10时+许 0.0 0.0058275455105 0.354838709677 0.115471491523 0.655179440188 0.0426608233385 0.0 1.0
胎儿+各项+指标 0.0 0.00135278648108 0.516129032258 0.0311183001731 0.479736991928 0.0244113988463 0.0 1.0
指标+均+正常 0.0 0.00135278648108 0.41935483871 0.0311183001731 0.479736991928 0.0171442612046 0.0 1.0
知情+同意+书 0.0 0.100296751574 0.41935483871 0.40624643457 0.876049157131 0.210562881553 0.0 1.0
产妇+和+家属 0.0 0.0354236512037 0.41935483871 0.276339092275 0.820668219691 0.308997757194 0.0 1.0
走+出+待产室 0.0 0.0320592429968 0.41935483871 0.200429865769 0.867872247467 0.207186435273 0.0 1.0
产妇+因+疼痛 0.0 0.0206441068301 0.41935483871 0.191362822437 0.841932306822 0.0737581921323 0.0 1.0
家属+要求+剖宫产 3.0 0.0189280922604 0.612903225806 0.26894944003 0.794269821026 0.0262831169441 0.0 1.0
接受+媒体+采访 0.0 0.0180051983097 0.516129032258 0.187938211872 0.755482501547 0.245239222925 0.0 1.0
家属+和+医院 0.0 0.00844082669647 0.41935483871 0.128252332496 0.847239465246 0.122009890514 0.0 1.0
产妇+住院+知情 0.0 0.0358520044317 0.516129032258 0.350114118929 0.842435581422 0.151013811238 0.0 1.0
住院+知情+同意 0.0 0.0451504743417 0.516129032258 0.375400745216 0.837950431734 0.122852329742 0.0 1.0
产妇+两+次 0.0 0.0144677276737 0.322580645161 0.106410643174 0.883011562345 0.153583098413 0.0298507462687 1.0
孕妇+坠楼+事件 0.0 0.0897031610486 0.516129032258 0.962292312097 0.146104201213 0.192834228533 0.0149253731343 1.0
涉+事+医院 0.0 0.0124714282077 0.322580645161 0.410216840684 0.825478919088 0.208918188118 0.044776119403 1.0
事件+调查+处置 3.0 0.0595657961933 0.516129032258 0.717215263106 0.463549580608 0.074277352209 0.0 1.0
调查+处置+领导 3.0 0.0595657961933 0.516129032258 0.717215263106 0.463549580608 0.0375316382186 0.0 1.0
处置+领导+小组 0.0 0.0595657961933 0.516129032258 0.717215263106 0.463549580608 0.0422874596406 0.0 1.0
绥德院区+妇产科+二病区 0.0 0.0535150525735 0.903225806452 0.390913236958 0.859006955898 0.121508212275 0.0 1.0
坠楼+事件+初步 0.0 0.0249456894388 0.516129032258 0.673018897513 0.430457726619 0.068258482357 0.044776119403 1.0
事件+初步+调查 3.0 0.0262292011798 0.516129032258 0.60567170461 0.548500854632 0.0780688046158 0.044776119403 1.0
符合+自然+分娩 0.0 0.00946412673677 0.516129032258 0.580337284874 0.527441956715 0.0775824323468 0.0 1.0
选择+自然+分娩 0.0 0.0110071351808 0.516129032258 0.56248968219 0.549704957024 0.0714603045735 0.0 1.0
精心+做好+家属 0.0 0.00370408756222 0.516129032258 0.702411726324 0.484560345185 0.0135106923838 0.0 1.0
做好+家属+心理 0.0 0.0058275455105 0.516129032258 0.709751380622 0.473529080338 0.0165670240002 0.0 1.0
家属+心理+安抚 0.0 0.0058275455105 0.516129032258 0.709751380622 0.473529080338 0.0165670240002 0.0 1.0
安抚+等+工作 0.0 0.0058275455105 0.41935483871 0.709751380622 0.473529080338 0.0135106923838 0.0 1.0
坠亡+事件+依法 0.0 0.0058275455105 0.516129032258 0.711259831888 0.451521728699 0.0135106923838 0.0 1.0
专家组+经过+认真 0.0 0.00135278648108 0.612903225806 0.829020409719 0.377394760904 0.0759244905719 0.0 1.0
认真+调查+讨论 0.0 0.0162786353004 0.516129032258 0.829020409719 0.377394760904 0.074226198245 0.0 1.0
产妇+入院+诊断 0.0 0.0301299016126 0.516129032258 0.422087684954 0.566211008098 0.114041145546 0.0 1.0
入院+诊断+明确 0.0 0.0301299016126 0.516129032258 0.422087684954 0.566211008098 0.087066995316 0.0 1.0
产前+告知+手续 0.0 0.0308095278797 0.516129032258 0.408073895395 0.58318859828 0.0248520320673 0.0 1.0
告知+手续+完善 0.0 0.0308095278797 0.516129032258 0.408073895395 0.58318859828 0.0229848047527 0.0 1.0
诊疗+措施+合理 0.0 0.0347700064196 0.516129032258 0.408073895395 0.58318859828 0.0428543961967 0.0 1.0
抢救+过程+符合 0.0 0.0301299016126 0.516129032258 0.422087684954 0.566211008098 0.0135106923838 0.0 1.0
过程+符合+诊疗 0.0 0.0301299016126 0.516129032258 0.422087684954 0.566211008098 0.0135106923838 0.0 1.0
诊疗+规范+要求 0.0 0.0301299016126 0.516129032258 0.422087684954 0.566211008098 0.0135106923838 0.0 1.0
产妇+跳楼+事件 0.0 0.0586942838476 0.516129032258 0.277447860668 0.939161233893 0.312248083699 0.149253731343 1.0
医院+相关+工作 0.0 0.0293353612427 0.516129032258 0.57268925164 0.532271303104 0.0193326597639 0.0 1.0
相关+工作+人员 0.0 0.0301299016126 0.516129032258 0.422087684954 0.566211008098 0.0335885690622 0.0 1.0
工作+人员+防范 0.0 0.0301299016126 0.516129032258 0.422087684954 0.566211008098 0.0335885690622 0.0 1.0
人员+防范+突发 0.0 0.0301299016126 0.516129032258 0.422087684954 0.566211008098 0.0214117442217 0.0 1.0
防范+突发+事件 3.0 0.0301299016126 0.516129032258 0.422087684954 0.566211008098 0.0302239513673 0.0 1.0
事件+的+意识 0.0 0.027387783234 0.41935483871 0.622476093825 0.446316390038 0.0135106923838 0.0 1.0
意识+不+强 0.0 0.0301299016126 0.322580645161 0.422087684954 0.566211008098 0.0441721850892 0.0 1.0
监护+不+到位 0.0 0.0617695222204 0.41935483871 0.370237879833 0.634390115416 0.138266509248 0.0746268656716 1.0
到位+等+问题 0.0 0.034263056588 0.41935483871 0.422087684954 0.566211008098 0.0330908228902 0.0 1.0
国家+卫+计委 0.0 0.0406626320862 0.41935483871 0.20221534536 0.720354024352 0.154667687424 0.0 1.0
卫生+计生+部门 0.0 0.0239034083195 0.516129032258 0.264236274399 0.823695164255 0.109838182204 0.0 1.0
计生+部门+认真 0.0 0.0212539182402 0.516129032258 0.410123089606 0.799163815671 0.0582056172498 0.0 1.0
部门+认真+调查 0.0 0.0197067085564 0.516129032258 0.388818023952 0.804634939464 0.0479263112103 0.0 1.0
认真+调查+核实 0.0 0.0197067085564 0.516129032258 0.388818023952 0.804634939464 0.0135106923838 0.0 1.0
依法+依+规 0.0 0.0312044841196 0.322580645161 0.410123089606 0.799163815671 0.0533516449425 0.0298507462687 1.0
规+严肃+处理 0.0 0.0312044841196 0.41935483871 0.410123089606 0.799163815671 0.0334311686632 0.0298507462687 1.0
8.31+产妇+跳楼 0.0 0.00922874679119 0.451612903226 0.492603890393 0.774132026745 0.177405010001 0.0 1.0
备用+手术室+跳楼 0.0 0.013177565831 0.612903225806 0.415359146469 0.761607333858 0.129588534526 0.0 1.0
手术室+跳楼+身亡 0.0 0.00135278648108 0.612903225806 0.418315144857 0.730312297947 0.0624846837051 0.0 1.0
8月+31日+20时 0.0 0.0325385767796 0.387096774194 0.366699121003 0.896755863841 0.28271128222 0.0 1.0
进入+分娩+中心 0.0 0.0315544435898 0.516129032258 0.588279921906 0.583532823688 0.164420339518 0.0 1.0
分娩+中心+外 0.0 0.0321245223685 0.41935483871 0.5807809405 0.711576978723 0.196839114445 0.0 1.0
疼痛+烦躁+不安 0.0 0.0208971042599 0.516129032258 0.353360204758 0.84444040226 0.0479713618343 0.0 1.0
提出+剖宫产+建议 0.0 0.0208971042599 0.612903225806 0.353360204758 0.84444040226 0.0301467653119 0.0 1.0
产妇+因+难 0.0 0.0199810664792 0.322580645161 0.446537704843 0.835635289906 0.0372599395461 0.0 1.0
导致+情绪+失控 0.0 0.0199810664792 0.516129032258 0.446537704843 0.835635289906 0.0135106923838 0.0 1.0
情绪+失控+跳楼 0.0 0.0228901509935 0.516129032258 0.464296942281 0.867760501749 0.0805300340189 0.0 1.0
B+超+显示 0.0 0.00370408756222 0.258064516129 0.557475023062 0.49631042174 0.0285041759187 0.0 1.0
榆林+产妇+跳楼 0.0 0.0228885708001 0.516129032258 0.283767898051 0.927068199358 0.189891514221 0.10447761194 1.0
家属+三+次 0.0 0.00398976590874 0.322580645161 0.470082185109 0.797368383083 0.103974975725 0.0149253731343 1.0
妇产科+二病区+坠楼 0.0 0.0144677276737 0.709677419355 0.871865444583 0.31656028001 0.0135106923838 0.0 1.0
二病区+坠楼+身亡 0.0 0.0144677276737 0.612903225806 0.871865444583 0.31656028001 0.0275432292279 0.0 1.0
产妇+各项+体征 0.0 0.00135278648108 0.516129032258 0.627375741236 0.413757146119 0.0223339443593 0.0 1.0
各项+体征+正常 0.0 0.00135278648108 0.516129032258 0.627375741236 0.413757146119 0.0223339443593 0.0 1.0
自然+分娩+指征 0.0 0.00135278648108 0.516129032258 0.627375741236 0.413757146119 0.0135106923838 0.0 1.0
超+显示+胎儿 0.0 0.00135278648108 0.41935483871 0.627375741236 0.413757146119 0.0135106923838 0.0 1.0
显示+胎儿+头部 0.0 0.00135278648108 0.516129032258 0.627375741236 0.413757146119 0.0135106923838 0.0 1.0
胎儿+头部+偏 0.0 0.0266479459385 0.41935483871 0.466293550435 0.815511002418 0.153762791428 0.0 1.0
存在+难产+风险 3.0 0.00135278648108 0.516129032258 0.627375741236 0.413757146119 0.0135106923838 0.0 1.0
医生+建议+剖宫产 0.0 0.0058275455105 0.612903225806 0.543247463189 0.571917509226 0.0165670240002 0.0 1.0
建议+剖宫产+终止 0.0 0.00370408756222 0.612903225806 0.603796721821 0.457506756069 0.0135106923838 0.0 1.0
剖宫产+终止+妊娠 0.0 0.00370408756222 0.612903225806 0.603796721821 0.457506756069 0.0135106923838 0.0 1.0
家属+选择+自然 0.0 0.00370408756222 0.516129032258 0.603796721821 0.457506756069 0.0135106923838 0.0 1.0
分娩+并+签字 0.0 0.00370408756222 0.41935483871 0.603796721821 0.457506756069 0.0135106923838 0.0 1.0
产妇+进入+待产室 0.0 0.0257144594614 0.612903225806 0.375334807861 0.812913499852 0.0792785401261 0.0 1.0
待产室+与+家属 0.0 0.00370408756222 0.516129032258 0.244444012387 0.579290366728 0.0498476828673 0.0 1.0
医护+人员+发现 0.0 0.00135278648108 0.516129032258 0.627375741236 0.413757146119 0.0259675131801 0.0 1.0
产妇+从+备用 0.0 0.00135278648108 0.41935483871 0.627375741236 0.413757146119 0.0259675131801 0.0 1.0
备用+手术+间 0.0 0.00135278648108 0.41935483871 0.627375741236 0.413757146119 0.0259675131801 0.0 1.0
手术+间+窗口 0.0 0.00135278648108 0.41935483871 0.627375741236 0.413757146119 0.0135106923838 0.0 1.0
间+窗口+坠 0.0 0.00135278648108 0.322580645161 0.627375741236 0.413757146119 0.0135106923838 0.0 1.0
医院+立即+组织 0.0 0.00135278648108 0.516129032258 0.627375741236 0.413757146119 0.0135106923838 0.0 1.0
立即+组织+抢救 2.0 0.00135278648108 0.516129032258 0.627375741236 0.413757146119 0.0135106923838 0.0 1.0
家属+同意+放弃 0.0 0.00135278648108 0.516129032258 0.627375741236 0.413757146119 0.0135106923838 0.0 1.0
同意+放弃+抢救 0.0 0.00135278648108 0.516129032258 0.627375741236 0.413757146119 0.0135106923838 0.0 1.0
21时+25分+宣布 0.0 0.00135278648108 0.451612903226 0.627375741236 0.413757146119 0.0259675131801 0.0 1.0
25分+宣布+临床 0.0 0.00135278648108 0.483870967742 0.627375741236 0.413757146119 0.0259675131801 0.0 1.0
宣布+临床+死亡 0.0 0.00135278648108 0.516129032258 0.627375741236 0.413757146119 0.0259675131801 0.0 1.0
自杀+的+原因 0.0 0.00135278648108 0.41935483871 0.743075227721 0.446711856288 0.0503320649875 0.0 1.0
事件+有关+情况 0.0 0.0237800170011 0.516129032258 0.415115578974 0.827696786084 0.107482905703 0.0 1.0
延壮壮+的+堂哥 0.0 0.0388230332721 0.516129032258 0.604663526808 0.685770211565 0.141112175413 0.0 1.0
北青报+记者+联系 0.0 0.0124714282077 0.612903225806 0.353215390216 0.744372729575 0.0386280306053 0.0 1.0
坠亡+产妇+丈夫 0.0 0.00398976590874 0.516129032258 0.324399769375 0.806918935527 0.149544966901 0.0 1.0
副+主任+霍军伟 0.0 0.0141378099081 0.516129032258 0.45182176976 0.727722023521 0.124043420429 0.0 1.0
告诉+北青报+记者 0.0 0.0454875499703 0.612903225806 0.298795382235 0.702192714137 0.154581612239 0.0 1.0
对面+的+备用 0.0 0.00370408756222 0.41935483871 0.44909034957 0.739356066099 0.0810809460197 0.0 1.0
31日+20时+左右 0.0 0.0318387590769 0.451612903226 0.589905979688 0.834846784571 0.148147270868 0.0 1.0
医院+绥德院区+住院部 0.0 0.0189280922604 0.806451612903 0.51396220632 0.862684208684 0.0263151870413 0.0 1.0
记者+采访+时 0.0 0.0058275455105 0.41935483871 0.448551975296 0.870427567736 0.185120864618 0.0 1.0
采访+时+表示 0.0 0.00844082669647 0.41935483871 0.502573467909 0.871187833823 0.152850059282 0.0 1.0
楼+分娩+中心 0.0 0.00922874679119 0.41935483871 0.684501199382 0.751791251916 0.0503013496757 0.0 1.0
分娩+中心+坠 0.0 0.0179143049652 0.41935483871 0.688775060541 0.766884877787 0.10340359568 0.0 1.0
医护+人员+及时 0.0 0.0329413397239 0.516129032258 0.64465014069 0.766630722304 0.0278854655511 0.0 1.0
人员+及时+予以 0.0 0.0284223740216 0.516129032258 0.64465014069 0.766630722304 0.0135106923838 0.0 1.0
及时+予以+抢救 0.0 0.0284223740216 0.516129032258 0.64465014069 0.766630722304 0.0135106923838 0.0 1.0
抢救+无效+身亡 0.0 0.00398976590874 0.516129032258 0.684501199382 0.751791251916 0.0399804483102 0.0 1.0
医院+无权+改变 0.0 0.0308095278797 0.516129032258 0.469196882211 0.801681468518 0.0135106923838 0.0 1.0
9月+6日+上午 0.0 0.023538968412 0.387096774194 0.374050372884 0.801438642092 0.0547872233799 0.0 1.0
顺产+就+顺产 0.0 0.0144677276737 0.41935483871 0.496162854087 0.80448734962 0.14956853972 0.0 1.0
改+为+剖腹产 0.0 0.0254110848033 0.41935483871 0.742235714679 0.579110761445 0.174447540319 0.0 1.0
产妇+知情+同意 0.0 0.0239034083195 0.516129032258 0.676633075411 0.717343122181 0.0680840550484 0.0 1.0
国家+卫生+计生委 0.0 0.0513555245258 0.612903225806 0.338588362716 0.787732383955 0.155783826775 0.0 1.0
丈夫+延+先生 0.0 0.0163794605495 0.41935483871 0.4902124446 0.834980340904 0.17049877311 0.0 1.0
住院部+5+楼 0.0 0.017730436687 0.354838709677 0.537010375445 0.84131009451 0.0201508511436 0.0 1.0
名+待产+孕妇 0.0 0.0237800170011 0.41935483871 0.504834555147 0.872999385592 0.0657189775219 0.0 1.0
孕妇+从+楼上 0.0 0.0163794605495 0.41935483871 0.538299999688 0.835085007448 0.0135106923838 0.0 1.0
坠+下+身亡 0.0 0.0281915408045 0.322580645161 0.434964410786 0.880563515984 0.110853469015 0.0 1.0
授权+其+丈夫 0.0 0.0259967466375 0.41935483871 0.46252005757 0.782205513906 0.0135106923838 0.0 1.0
丈夫+全权+负责 0.0 0.0301299016126 0.516129032258 0.46252005757 0.782205513906 0.0194489898763 0.0 1.0
全权+负责+签署 0.0 0.0301299016126 0.516129032258 0.46252005757 0.782205513906 0.0214117442217 0.0 1.0
签署+一切+相关 0.0 0.0301299016126 0.516129032258 0.46252005757 0.782205513906 0.0135106923838 0.0 1.0
未+撤回+授权 0.0 0.0383962115631 0.41935483871 0.46252005757 0.782205513906 0.0753659824489 0.0 1.0
授权+且+未 0.0 0.0239034083195 0.322580645161 0.426859900417 0.786825180086 0.0135106923838 0.0 1.0
未+出现+危及 0.0 0.0259967466375 0.41935483871 0.46252005757 0.782205513906 0.0215343651791 0.0 1.0
出现+危及+生命 0.0 0.0259967466375 0.516129032258 0.46252005757 0.782205513906 0.0175225287814 0.0 1.0
生命+的+紧急 0.0 0.0259967466375 0.41935483871 0.46252005757 0.782205513906 0.0135106923838 0.0 1.0
产程+记录+产妇 0.0 0.0239034083195 0.516129032258 0.426859900417 0.786825180086 0.0499198088583 0.0 1.0
记录+产妇+血压 0.0 0.0239034083195 0.516129032258 0.426859900417 0.786825180086 0.0494044084693 0.0 1.0
授权+人+同意 0.0 0.0259967466375 0.41935483871 0.46252005757 0.782205513906 0.0268775533442 0.0 1.0
医疗+机构+负责人 0.0 0.0161476771933 0.612903225806 0.66780993923 0.771012134776 0.0714162960731 0.0 1.0
负责人+或者+授权 0.0 0.0102797026378 0.612903225806 0.66780993923 0.771012134776 0.040071327423 0.0 1.0
授权+的+负责人 0.0 0.0102797026378 0.516129032258 0.66780993923 0.771012134776 0.040071327423 0.0 1.0
系+因+产妇 0.0 0.00135278648108 0.322580645161 0.433167196374 0.796361329418 0.0135106923838 0.0 1.0
产妇+疼痛+难 0.0 0.013177565831 0.41935483871 0.426361918109 0.827126679184 0.0646359929157 0.0149253731343 1.0
产妇+跳楼+身亡 0.0 0.0379726283713 0.516129032258 0.51909864071 0.827597695676 0.144846800579 0.0149253731343 1.0
情况+的+再次 0.0 0.0102797026378 0.41935483871 0.566988851028 0.604822212095 0.0135106923838 0.0 1.0
应当+向+患者 0.0 0.0337516008595 0.41935483871 0.69024530833 0.709271063726 0.104119420554 0.0 1.0
取得+其+书面 0.0 0.0337516008595 0.41935483871 0.69024530833 0.709271063726 0.0135106923838 0.0 1.0
家属+或者+关系人 0.0 0.0242858539075 0.612903225806 0.741641241024 0.645251561554 0.085014899132 0.0 1.0
同意+并+签字 0.0 0.0242858539075 0.41935483871 0.741641241024 0.645251561554 0.0517046514959 0.0 1.0
具备+完全+行为 0.0 0.00135278648108 0.516129032258 0.478740047206 0.664186879904 0.0488037002857 0.0 1.0
完全+行为+能力 0.0 0.00135278648108 0.516129032258 0.478740047206 0.664186879904 0.0399804483102 0.0 1.0
家属+不+同意 0.0 0.0148654769149 0.41935483871 0.507297497009 0.862707980601 0.147868319401 0.0 1.0
强行+离开+待产室 0.0 0.00632806942093 0.612903225806 0.61666930672 0.737214279156 0.0135106923838 0.0 1.0
晚报+•+看法 0.0 0.0589822455116 0.41935483871 1.0 0.0 0.126534409878 0.0 1.0
家属+说明+情况 0.0 0.0228885708001 0.516129032258 0.702032648286 0.745605501691 0.0217323624342 0.0 1.0
建议+行剖宫产+终止 0.0 0.00632806942093 0.709677419355 0.708145482715 0.675120066316 0.0135106923838 0.0 1.0
行剖宫产+终止+妊娠 0.0 0.00632806942093 0.709677419355 0.708145482715 0.675120066316 0.0135106923838 0.0 1.0
家属+均+明确 0.0 0.00632806942093 0.41935483871 0.708145482715 0.675120066316 0.0251840114543 0.0 1.0
要求+以+催产 0.0 0.00135278648108 0.41935483871 0.708145482715 0.675120066316 0.0135106923838 0.0 1.0
催产+素诱+发宫 0.0 0.00135278648108 0.516129032258 0.708145482715 0.675120066316 0.0135106923838 0.0 1.0
素诱+发宫+缩经 0.0 0.00135278648108 0.516129032258 0.708145482715 0.675120066316 0.0135106923838 0.0 1.0
发宫+缩经+阴道 0.0 0.00135278648108 0.516129032258 0.708145482715 0.675120066316 0.0135106923838 0.0 1.0
缩经+阴道+分娩 0.0 0.00135278648108 0.516129032258 0.708145482715 0.675120066316 0.0135106923838 0.0 1.0
签字+确认+顺产 0.0 0.00135278648108 0.516129032258 0.708145482715 0.675120066316 0.0135106923838 0.0 1.0
确认+顺产+要求 0.0 0.00135278648108 0.516129032258 0.708145482715 0.675120066316 0.0135106923838 0.0 1.0
8月+30日+15时 0.0 0.00922874679119 0.387096774194 0.569276680524 0.704966790858 0.13509300855 0.0 1.0
8月+31日+上午 0.0 0.0141378099081 0.41935483871 0.530580059891 0.601613832747 0.152586815735 0.0 1.0
征求+家属+意见 0.0 0.00922874679119 0.516129032258 0.679501085532 0.707156949435 0.134301135886 0.0 1.0
产妇+及+家属 0.0 0.0226510440997 0.41935483871 0.645068783796 0.745606458661 0.127308431973 0.0 1.0
沟通+被+拒绝 0.0 0.00632806942093 0.41935483871 0.518744434644 0.788221221746 0.0718653254869 0.0 1.0
监控+视频+中 0.0 0.00844082669647 0.41935483871 0.568559961762 0.703006499528 0.203672790859 0.0 1.0
两+次+走 0.0 0.00922874679119 0.225806451613 0.656639462579 0.747948472485 0.0735475920034 0.0 1.0
周+要求+住院 0.0 0.0103465112128 0.41935483871 0.680460105874 0.717821656068 0.0135106923838 0.0 1.0
要求+住院+待产 0.0 0.0103465112128 0.516129032258 0.680460105874 0.717821656068 0.0135106923838 0.0 1.0
彩超+提示+双 0.0 0.00693765810551 0.41935483871 0.693873001581 0.627925452431 0.0533516449425 0.0 1.0
提示+双+顶径 0.0 0.00693765810551 0.41935483871 0.693873001581 0.627925452431 0.040071327423 0.0 1.0
双+顶径+99mm 0.0 0.00693765810551 0.354838709677 0.693873001581 0.627925452431 0.0267910099034 0.0 1.0
足月+胎儿+双 0.0 0.00632806942093 0.41935483871 0.666043657802 0.69192911146 0.0135106923838 0.0 1.0
胎儿+双+顶径 0.0 0.0212539182402 0.41935483871 0.666043657802 0.69192911146 0.103530448895 0.0 1.0
告诉+新京报+记者 0.0 0.0506374589721 0.612903225806 0.897244033769 0.213457519708 0.0944358323331 0.0 1.0
情况+已+知 0.0 0.0203915951905 0.322580645161 0.635912879413 0.693324937429 0.0911821509702 0.0 1.0
疼+得+不行 0.0 0.0284223740216 0.322580645161 0.499297388932 0.76139413806 0.124184879023 0.0 1.0
发表+声明+称 0.0 0.0239034083195 0.41935483871 0.482395641295 0.803255744901 0.15330644284 0.0 1.0
疼+的+话 0.0 0.00135278648108 0.225806451613 0.640821500156 0.754007853194 0.0383018901232 0.0 1.0
检查+后+产妇 0.0 0.00135278648108 0.41935483871 0.640821500156 0.754007853194 0.0135106923838 0.0 1.0
产妇+一切+正常 0.0 0.00135278648108 0.516129032258 0.640821500156 0.754007853194 0.0135106923838 0.0 1.0
绥德县+吉镇镇+张家峰村人 0.0 0.00693765810551 1.0 0.673264430647 0.693818347918 0.0533516449425 0.0 1.0
马某+于+8月 0.0 0.0144677276737 0.354838709677 0.714712456028 0.699214481693 0.0135106923838 0.0 1.0
9月+4日+下午 0.0 0.0220156517487 0.387096774194 0.735112007151 0.659879995545 0.0655469051957 0.0 1.0
马某+的+丈夫 0.0 0.00632806942093 0.41935483871 0.629988298872 0.737816962699 0.109480425833 0.0 1.0
阴道+分娩+难 0.0 0.00844082669647 0.41935483871 0.709327430989 0.718256361749 0.0267910099034 0.0 1.0
分娩+难+产 0.0 0.00844082669647 0.322580645161 0.709327430989 0.718256361749 0.0267910099034 0.0 1.0
难+产+风险 0.0 0.00844082669647 0.322580645161 0.709327430989 0.718256361749 0.0533516449425 0.0 1.0
硬膜+外+麻醉 0.0 0.0866510960223 0.41935483871 0.817644211882 0.627236711757 0.253808219551 0.0 1.0
华商+报+记者 0.0 0.0394746105728 0.41935483871 0.881078165201 0.369304989601 0.1350450548 0.0 1.0
