律师 0.0 0.693909529948 0.0909090909091 0.343189162747 0.950422279701 0.743059393553 0.0379746835443 0.0
2016年 0.0 0.279998596909 0.136363636364 0.354814944614 0.917736791897 0.616511572366 0.0 0.0
违法 0.0 0.142788974592 0.0909090909091 0.297017257216 0.892316361668 0.410211144847 0.0 0.0
建立 0.0 0.205460205917 0.0909090909091 0.202107020522 0.934972518615 0.63072841181 0.0 0.0
希望 0.0 0.233351641274 0.0909090909091 0.179638468693 0.98247519628 0.679073136554 0.0126582278481 0.0
证券 0.0 0.226077726662 0.0909090909091 0.353490789718 0.928849154621 0.616600537924 0.0 0.0
这种 0.0 0.185826588492 0.0909090909091 0.176519637277 0.958376442541 0.711858496135 0.0 0.0
姑息 0.0 0.137789929291 0.0909090909091 0.392007155648 0.842510154488 0.279786551707 0.0126582278481 0.0
坚决 0.0 0.147268280828 0.0909090909091 0.387342113463 0.806350197129 0.398034315481 0.0 0.0
应该 0.0 0.194342890008 0.0909090909091 0.15855681005 0.941579839443 0.718531947221 0.0 0.0
视频 0.0 0.341871771752 0.0909090909091 0.205405502579 0.94197152422 0.636469655351 0.0 0.0
之前 0.0 0.186407881535 0.0909090909091 0.229089018015 0.891795141146 0.621538930058 0.0 0.0
编造 0.0 0.330412622537 0.0909090909091 0.290454500162 0.847036719974 0.564545012311 0.0506329113924 0.0
已经 0.0 0.307974804272 0.0909090909091 0.142331579336 0.9984174429 0.823308252451 0.0 0.0
下跌 0.0 0.195398555543 0.0909090909091 0.461022818437 0.817794674706 0.534890610196 0.0 0.0
恶劣 0.0 0.142352677535 0.0909090909091 0.359304381547 0.859662834853 0.360557523203 0.0 0.0
质量 0.0 0.178788375703 0.0909090909091 0.283505225608 0.907232352971 0.547995878427 0.0 0.0
证据 0.0 0.293468705999 0.0909090909091 0.187041336971 0.901342095649 0.680386104459 0.0253164556962 0.0
服务 0.0 0.195199203836 0.0909090909091 0.248990029492 0.944409833367 0.597120622223 0.0 0.0
目前 0.0 0.254579680049 0.0909090909091 0.115120772435 0.98993267906 0.769445547041 0.0 0.0
股东 0.0 0.522378751138 0.0909090909091 0.305477231757 0.912292231432 0.722301507981 0.0253164556962 0.0
社会 0.0 0.310456157942 0.0909090909091 0.19351245779 0.951146957593 0.776329561706 0.0 0.0
包括 0.0 0.235046762568 0.0909090909091 0.197002333892 0.98053352969 0.673498265098 0.0 0.0
教师 0.0 0.44110546525 0.0909090909091 0.201585964246 0.953793623294 0.79798898459 0.101265822785 0.0
舆论 0.0 0.25537281766 0.0909090909091 0.100101291669 0.955973687962 0.659420582695 0.0126582278481 0.0
人员 0.0 0.350723185585 0.0909090909091 0.155183036908 0.968021608344 0.741087818952 0.0126582278481 0.0
虐待 0.0 0.396780851793 0.0909090909091 0.259953613719 0.918413861601 0.683020630753 0.0 0.0
成为 0.0 0.186163564295 0.0909090909091 0.123281198132 0.975532824473 0.68041242713 0.0 0.0
采取 0.0 0.213128179712 0.0909090909091 0.14707738085 0.927632116318 0.564343651893 0.0126582278481 0.0
25日 0.0 0.238182901624 0.0454545454545 0.162428374417 0.893916279991 0.491907929283 0.0 0.0
幼教 0.0 0.702876945727 0.0909090909091 0.304859244352 0.932360117251 0.812451665503 0.0253164556962 0.0
品牌 0.0 0.293468705999 0.0909090909091 0.341491884811 0.887577004352 0.691100450763 0.0 0.0
教委 0.0 0.453523956402 0.0909090909091 0.318577093394 0.90184887762 0.685352688412 0.0632911392405 0.0
美元 0.0 1.0 0.0909090909091 0.348202549814 0.914756633083 0.816108454043 0.0126582278481 0.0
风险 0.0 0.186212102687 0.0909090909091 0.333114291958 0.906079282002 0.62003790801 0.0 0.0
未来 0.0 0.229427129976 0.0909090909091 0.152481983908 0.952997189694 0.618849795698 0.0 0.0
家长 0.0 0.491192962056 0.0909090909091 0.186295926004 0.960950652311 0.943127641066 0.0379746835443 0.0
政府 0.0 0.302240001368 0.0909090909091 0.34823356904 0.920942479339 0.609583563014 0.0 0.0
报道 0.0 0.318888207877 0.0909090909091 0.147960038042 0.970724947221 0.639692836417 0.0 0.0
发展 0.0 0.268903892592 0.0909090909091 0.117765414363 0.97409433446 0.688702619525 0.0 0.0
进行 0.0 0.256280303051 0.0909090909091 0.113219280255 0.980819167174 0.812500798367 0.0126582278481 0.0
财经 0.0 0.178308925452 0.0909090909091 0.0723048208032 0.892784482635 0.441456061669 0.0126582278481 0.0
分园 0.0 0.171911061863 0.0909090909091 0.267793198904 0.947990150811 0.308501608778 0.0 0.0
违反 0.0 0.137789929291 0.0909090909091 0.240254922976 0.890377743831 0.372749537723 0.0 0.0
老虎团 2.0 0.272545605109 0.227272727273 0.339447483516 0.82552960769 0.319666383853 0.0379746835443 0.0
谣言 3.0 0.430941356463 0.0909090909091 0.343418269878 0.798254823053 0.725117686096 0.0253164556962 0.0
红黄蓝 0.0 0.253283927125 0.227272727273 0.129573640788 0.991456840009 0.683841043896 0.0632911392405 0.0
机关 0.0 0.318940523579 0.0909090909091 0.29292634157 0.863344217463 0.547935268809 0.0 0.0
体系 0.0 0.185994238731 0.0909090909091 0.291251092738 0.877594814868 0.547930191991 0.0 0.0
接受 0.0 0.200312179255 0.0909090909091 0.204660446519 0.961621712326 0.65078300251 0.0126582278481 0.0
显示 0.0 0.304515929194 0.0909090909091 0.229469726873 0.974105700653 0.568106142692 0.0 0.0
通知 0.0 0.172267517111 0.0909090909091 0.325293833082 0.880597436864 0.465194756639 0.0126582278481 0.0
挂牌 0.0 0.234626615725 0.0909090909091 0.260461228855 0.940400669776 0.44381632252 0.0 0.0
过程 0.0 0.133241643765 0.0909090909091 0.136613585211 0.970484618305 0.480348085805 0.0 0.0
事情 0.0 0.217187510366 0.0909090909091 0.0792875552261 0.937064611342 0.5724610213 0.0 0.0
工作 0.0 0.358374438575 0.0909090909091 0.168724104029 0.956267401613 0.788131315537 0.0 0.0
朝阳 0.0 0.204415491018 0.0909090909091 0.28730755604 0.890626749445 0.543269552962 0.0506329113924 0.0
采访 0.0 0.155143700224 0.0909090909091 0.171191754409 0.948293272124 0.553445010866 0.0 0.0
回购 0.0 0.204130474064 0.0909090909091 0.426484445852 0.861332506219 0.456642040121 0.0379746835443 0.0
企业 0.0 0.204621358621 0.0909090909091 0.265790578099 0.879027410534 0.64816241211 0.0 0.0
讨论 0.0 0.118752025754 0.0909090909091 0.0318915302842 0.91858021135 0.28095012912 0.0 0.0
信息 0.0 0.320366990431 0.0909090909091 0.117078385665 0.97592990615 0.738471491799 0.0253164556962 0.0
史燕 0.0 0.273367077621 0.0909090909091 0.40496291991 0.937252488566 0.505981605462 0.0126582278481 0.0
造成 0.0 0.177800937354 0.0909090909091 0.221233085592 0.946286793272 0.483766967535 0.0 0.0
22日 0.0 0.159648431927 0.0454545454545 0.172504302578 0.958580428644 0.471628491937 0.0 0.0
监控 0.0 0.578586162535 0.0909090909091 0.319248217013 0.928062409801 0.779775363628 0.0759493670886 0.0
事件 0.0 0.184074273102 0.0909090909091 0.0685720630734 0.97736793866 0.840766764205 0.405063291139 0.0
教育部 2.0 0.357708550595 0.227272727273 0.29126826934 0.85373349581 0.606418661829 0.0632911392405 0.0
达到 0.0 0.308576729576 0.0909090909091 0.251553955791 0.944908950367 0.623513243601 0.0 0.0
受害 0.0 0.161102377735 0.0909090909091 0.293545223839 0.941615522837 0.539603885412 0.0126582278481 0.0
披露 0.0 0.202433051183 0.0909090909091 0.407556900483 0.837158960304 0.61489551647 0.0 0.0
了解 0.0 0.153103892785 0.0909090909091 0.156605948699 0.999163606627 0.665494598421 0.0 0.0
防止 0.0 0.164521465782 0.0909090909091 0.184006115669 0.879891689203 0.525562185643 0.0126582278481 0.0
代表 0.0 0.177972713602 0.0909090909091 0.396528838432 0.860691200305 0.594004839494 0.0 0.0
加大 0.0 0.155143700224 0.0909090909091 0.311707751388 0.878904925079 0.537545369443 0.0 0.0
幼师 0.0 0.412697180394 0.0909090909091 0.28426413137 0.936230185071 0.755746705357 0.0126582278481 0.0
重大 0.0 0.163025258717 0.0909090909091 0.299109966038 0.893090759203 0.559234424204 0.0 0.0
监督 0.0 0.251057443395 0.0909090909091 0.319053608659 0.896786539658 0.624335226245 0.0 0.0
方式 0.0 0.221152929243 0.0909090909091 0.206397495947 0.867327497223 0.455414343584 0.0 0.0
起诉 0.0 0.279998596909 0.0909090909091 0.457509166254 0.803782648231 0.537865811172 0.0759493670886 0.0
资本 0.0 0.838541288605 0.0909090909091 0.280831319464 0.902715562288 0.819627101372 0.0253164556962 0.0
培训 0.0 0.300660598628 0.0909090909091 0.244160536337 0.953626085646 0.66444798335 0.0 0.0
学前教育 0.0 0.598565126029 0.363636363636 0.204303492938 0.960203437768 0.720836860823 0.0379746835443 0.0
幼儿 0.0 0.526084566973 0.0909090909091 0.214414475936 0.949778639558 0.830005933862 0.0126582278481 0.0
增长 0.0 0.331552512325 0.0909090909091 0.549412745446 0.819065318654 0.616786007669 0.0126582278481 0.0
消息 0.0 0.178367167648 0.0909090909091 0.173045570788 0.951798727151 0.630692750553 0.0126582278481 0.0
网上 0.0 0.238417426602 0.0909090909091 0.299144542054 0.874363156196 0.643184289409 0.0 0.0
提高 0.0 0.194342890008 0.0909090909091 0.292727932204 0.900082168065 0.521756526516 0.0126582278481 0.0
责成 0.0 0.209600371921 0.0909090909091 0.471197447598 0.816431368746 0.41708281826 0.0253164556962 0.0
全面 0.0 0.245086260876 0.0909090909091 0.259237891426 0.953478333839 0.590145884824 0.0126582278481 0.0
主要 0.0 0.161102377735 0.0909090909091 0.255836678015 0.935103513345 0.614470118013 0.0 0.0
地方 0.0 0.202317951351 0.0909090909091 0.104030786903 0.969440782556 0.638065041162 0.0 0.0
解决 0.0 0.149742273617 0.0909090909091 0.181127355591 0.991422585917 0.588691507141 0.0126582278481 0.0
虐童 3.0 0.417041340761 0.0909090909091 0.0800067709547 0.987410986709 0.752761358844 0.329113924051 0.0
事实 0.0 0.219667029715 0.0909090909091 0.127507918315 0.955064906927 0.630433834125 0.0 0.0
实施 0.0 0.159198948879 0.0909090909091 0.137644509065 0.942953056107 0.547034358299 0.0 0.0
事务所 0.0 0.312935400536 0.227272727273 0.638581185524 0.720069711178 0.480116837187 0.0126582278481 0.0
直营 0.0 0.244433630771 0.0909090909091 0.453049658603 0.87772909237 0.542600260878 0.0126582278481 0.0
保障 0.0 0.149742273617 0.0909090909091 0.342163007436 0.87413065336 0.429338417494 0.0 0.0
损失 0.0 0.277537795812 0.0909090909091 0.579276622847 0.803917971271 0.609352767679 0.0126582278481 0.0
影响 0.0 0.289172699881 0.0909090909091 0.168290846489 0.988094054094 0.67170908365 0.0 0.0
部队 2.0 0.367312663174 0.0909090909091 0.212681505165 0.898430039337 0.522465142708 0.0126582278481 0.0
反映 0.0 0.184311181927 0.0909090909091 0.232949916536 0.903415947343 0.582649103919 0.0 0.0
发现 0.0 0.226028175059 0.0909090909091 0.16249417999 0.977408468368 0.712099232578 0.0253164556962 0.0
2014年 0.0 0.257184163175 0.136363636364 0.365424149531 0.847122299649 0.527410015962 0.0 0.0
标题 0.0 0.111302381656 0.0909090909091 0.109993251468 0.974363772081 0.267096423563 0.0 0.0
专家 0.0 0.142352677535 0.0909090909091 0.389552395369 0.931478443981 0.567356148252 0.0379746835443 0.0
查处 0.0 0.170265279845 0.0909090909091 0.420430905382 0.795734462498 0.454464912703 0.0 0.0
联系 0.0 0.185994238731 0.0909090909091 0.190129380647 0.930612725544 0.63625651431 0.0 0.0
能力 0.0 0.205937723472 0.0909090909091 0.22109252149 0.867227729419 0.585787865571 0.0 0.0
隐患 0.0 0.243894722824 0.0909090909091 0.397340060328 0.786898325015 0.338525925933 0.0 0.0
亲子园 0.0 0.169537545668 0.227272727273 0.304416576522 0.959299289895 0.563521266793 0.0 0.0
孩子 0.0 0.468622534001 0.0909090909091 0.146618459915 0.970930351737 0.942834659899 0.0253164556962 0.0
积极 0.0 0.129291193683 0.0909090909091 0.32592836578 0.859522803576 0.459205834476 0.0 0.0
看到 0.0 0.179422410441 0.0909090909091 0.0797132151636 0.968353770877 0.644752985758 0.0 0.0
虚假 0.0 0.22661048742 0.0909090909091 0.23836936136 0.897436804628 0.398389974204 0.0 0.0
成立 0.0 0.197211289525 0.0909090909091 0.284984339617 0.923468355914 0.561593020462 0.0 0.0
新京报 0.0 0.217229112878 0.227272727273 0.101854057559 0.995879972908 0.554394299999 0.0506329113924 0.0
快速 0.0 0.195199203836 0.0909090909091 0.205476096944 0.831028538784 0.534617715345 0.0 0.0
回应 0.0 0.247824862879 0.0909090909091 0.261851632459 0.93180577183 0.635901997926 0.101265822785 0.0
责任 0.0 0.336579069743 0.0909090909091 0.145908121566 0.962117129743 0.779974550022 0.0506329113924 0.0
程序 0.0 0.18641834593 0.0909090909091 0.233378685625 0.910384054185 0.452689299971 0.0 0.0
老师 0.0 0.452665997995 0.0909090909091 0.214017181898 0.971531336214 0.831474435193 0.0632911392405 0.0
重要 0.0 0.164521465782 0.0909090909091 0.141424254618 0.974049002409 0.538322842977 0.0 0.0
中国 0.0 0.428104725241 0.0909090909091 0.136597757691 0.986348068461 0.844673880083 0.0379746835443 0.0
检查 0.0 0.237558248672 0.0909090909091 0.24605495266 0.887494663118 0.607282501513 0.0126582278481 0.0
高度 0.0 0.131118320338 0.0909090909091 0.316616845745 0.840968058206 0.401493434668 0.0 0.0
相关 0.0 0.321209381182 0.0909090909091 0.135689683454 0.998003448902 0.819574883315 0.0126582278481 0.0
集体 0.0 0.277690595913 0.0909090909091 0.13514502752 0.939439739739 0.569065863391 0.0632911392405 0.0
扩张 0.0 0.253043532017 0.0909090909091 0.455682714289 0.759993887561 0.599636318777 0.0 0.0
市场 0.0 0.537636233051 0.0909090909091 0.289412907145 0.927609830643 0.827246396409 0.0126582278481 0.0
表示 0.0 0.340027521852 0.0909090909091 0.143248389104 0.97988595514 0.796726186407 0.0 0.0
朝阳区 0.0 0.437453298002 0.227272727273 0.29835683253 0.892385867216 0.64986975831 0.0379746835443 0.0
遭遇 0.0 0.153965864998 0.0909090909091 0.170366881754 0.957686142523 0.630279904148 0.0 0.0
落实 0.0 0.186592958254 0.0909090909091 0.407280143239 0.773979034661 0.494762092704 0.0 0.0
安全 0.0 0.384560256579 0.0909090909091 0.24238396297 0.922468043036 0.701842998228 0.0 0.0
投资者 0.0 0.61712717901 0.227272727273 0.376043067091 0.925047986331 0.830644619018 0.0379746835443 0.0
涉嫌 0.0 0.241141781737 0.0909090909091 0.129239869502 0.956924482745 0.593640604981 0.0759493670886 0.0
内容 0.0 0.134963081453 0.0909090909091 0.132965787627 0.958701401688 0.532399252734 0.0 0.0
警方 0.0 0.34165397669 0.0909090909091 0.180869626287 0.94903403083 0.746247299514 0.151898734177 0.0
投资 0.0 0.477863847414 0.0909090909091 0.429266624914 0.844704564029 0.72578482932 0.0 0.0
网络 0.0 0.201971630965 0.0909090909091 0.139530765638 0.9263906691 0.570731144 0.0 0.0
园所 0.0 0.168731441703 0.0909090909091 0.364612165944 0.89164163375 0.480192416429 0.0 0.0
问题 0.0 0.409418228189 0.0909090909091 0.108620689431 0.972973602602 0.816655905176 0.0126582278481 0.0
晚间 0.0 0.134963081453 0.0909090909091 0.254169582052 0.937220001433 0.469654594799 0.0 0.0
官方 0.0 0.179430237682 0.0909090909091 0.09807686411 0.890620865647 0.639759199053 0.0126582278481 0.0
师风 0.0 0.238182901624 0.0909090909091 0.405875523046 0.778374227154 0.310488203813 0.0 0.0
公布 0.0 0.214611615851 0.0909090909091 0.199670189213 0.942585103213 0.595189943625 0.0759493670886 0.0
计划 0.0 0.18641834593 0.0909090909091 0.172557918497 0.933384589104 0.43038537842 0.0126582278481 0.0
传播 0.0 0.233351641274 0.0909090909091 0.382815473273 0.801431936119 0.493881334411 0.0 0.0
举报 0.0 0.215012585634 0.0909090909091 0.360324957268 0.783300790242 0.499314298423 0.0 0.0
机构 0.0 0.369467700057 0.0909090909091 0.15626864909 1.0 0.807687208646 0.0379746835443 0.0
确保 0.0 0.147268280828 0.0909090909091 0.348514835835 0.887045586883 0.428583621452 0.0 0.0
正常 0.0 0.156199185226 0.0909090909091 0.211989258259 0.921529142183 0.49861896035 0.0126582278481 0.0
获得 0.0 0.168731441703 0.0909090909091 0.258718660997 0.881584552056 0.624253371045 0.0126582278481 0.0
进入 0.0 0.143616634826 0.0909090909091 0.0459229848892 0.917774444929 0.512037977273 0.0 0.0
情况 0.0 0.245945482008 0.0909090909091 0.152846699326 0.956081564873 0.754179410401 0.0506329113924 0.0
举办者 0.0 0.228583721202 0.227272727273 0.481169388186 0.76111062573 0.374873891089 0.0126582278481 0.0
设备 0.0 0.17090681721 0.0909090909091 0.194938997076 0.935179042289 0.50030728834 0.0126582278481 0.0
需要 0.0 0.320767202524 0.0909090909091 0.150004555277 0.988893945341 0.775172966812 0.0 0.0
经营 0.0 0.270759560869 0.0909090909091 0.212794283874 0.94545776653 0.646064418226 0.0 0.0
看护人 0.0 0.177201951422 0.227272727273 0.390285357449 0.796896243195 0.23193004533 0.0 0.0
案件 0.0 0.388259636835 0.0909090909091 0.121461937175 0.96359441271 0.705368163384 0.0 0.0
侵害 0.0 0.295348276336 0.0909090909091 0.242858513089 0.921683064366 0.671437278662 0.0379746835443 0.0
引发 0.0 0.140014814503 0.0909090909091 0.168676790688 0.951875046951 0.4942731755 0.0126582278481 0.0
北京市 0.0 0.288350104359 0.227272727273 0.27985503721 0.892157001471 0.675135282705 0.0253164556962 0.0
数据 0.0 0.195398555543 0.0909090909091 0.17017971167 0.923143302277 0.607116171748 0.0 0.0
结论 0.0 0.244433630771 0.0909090909091 0.514079075436 0.823506844603 0.504433280767 0.0126582278481 0.0
排查 0.0 0.177972713602 0.0909090909091 0.28917685788 0.831295557255 0.393855858374 0.0 0.0
发布 0.0 0.161159889559 0.0909090909091 0.0828619969079 0.952763272854 0.598837907744 0.0506329113924 0.0
严格 0.0 0.136453914255 0.0909090909091 0.249519070012 0.901523250547 0.506081531725 0.0 0.0
部署 0.0 0.123896095966 0.0909090909091 0.327943329214 0.859765591224 0.396743146444 0.0 0.0
督学 3.0 0.443708198479 0.0909090909091 0.419349217175 0.7559282369 0.544548969181 0.0379746835443 0.0
第一 0.0 0.263679618606 0.0909090909091 0.151020521643 0.988769762118 0.728100474802 0.0126582278481 0.0
公开 0.0 0.172681256587 0.0909090909091 0.143456799184 0.970038497285 0.575900799288 0.0126582278481 0.0
未成年人 0.0 0.231334827064 0.363636363636 0.396497590358 0.820457816712 0.587129140098 0.0 0.0
超过 0.0 0.195398555543 0.0909090909091 0.274155271297 0.850136739862 0.657465061208 0.0 0.0
制度 0.0 0.199645872004 0.0909090909091 0.116201531245 0.916447685043 0.590287344495 0.0 0.0
新浪 0.0 0.166130283101 0.0909090909091 0.117164049076 0.912821924159 0.358555713524 0.0 0.0
督导 0.0 0.430125457677 0.0909090909091 0.393238460489 0.815683369981 0.61552386606 0.0126582278481 0.0
股价 0.0 0.584937710001 0.0909090909091 0.339673188938 0.94317302659 0.724455596569 0.0886075949367 0.0
刑事 0.0 0.189481664446 0.0909090909091 0.208754411338 0.909479066445 0.501045278986 0.0 0.0
嘉年华 0.0 0.521791440724 0.227272727273 1.0 0.0 0.49639372754 0.0 0.0
新闻 0.0 0.172681256587 0.0909090909091 0.160724129112 0.92735893542 0.593551492973 0.0 0.0
有限公司 0.0 0.161102377735 0.363636363636 0.232699730226 0.872637003741 0.497961698289 0.0 0.0
发生 0.0 0.297168057898 0.0909090909091 0.122903435275 0.978229133843 0.74141632499 0.0 0.0
郝俊波 0.0 0.309173139169 0.227272727273 0.708653219363 0.572559606125 0.516960743312 0.0 0.0
追究 0.0 0.141670924681 0.0909090909091 0.163916784002 0.900251699159 0.451227414631 0.0 0.0
声明 0.0 0.220148553268 0.0909090909091 0.244894161456 0.957629070155 0.554575959064 0.0253164556962 0.0
存在 0.0 0.252381392487 0.0909090909091 0.0892702412862 0.972943001346 0.745784156806 0.0 0.0
是否 0.0 0.179282049351 0.0909090909091 0.246048521111 0.914733705007 0.710432859514 0.0 0.0
迅速 0.0 0.133470275361 0.0909090909091 0.241708225429 0.937850581685 0.528346873275 0.0 0.0
30日 0.0 0.208859042274 0.0454545454545 0.084809723407 0.883870877857 0.532215978257 0.0 0.0
收入 0.0 0.369595031677 0.0909090909091 0.329318406365 0.87280613315 0.649743989859 0.0126582278481 0.0
保护 0.0 0.322684649108 0.0909090909091 0.31478808591 0.935619779883 0.673562333198 0.0126582278481 0.0
北京 0.0 0.195416719485 0.0909090909091 0.0745976541207 0.97104301229 0.82305667676 0.227848101266 0.0
各区 0.0 0.357708550595 0.0909090909091 0.445924966023 0.787386594128 0.555207190538 0.0 0.0
行业 0.0 0.477863847414 0.0909090909091 0.333496552639 0.903208094888 0.723756383256 0.0126582278481 0.0
行为 0.0 0.309307074084 0.0909090909091 0.162220764456 0.95914835597 0.712981841471 0.0126582278481 0.0
刘某 0.0 0.260586214849 0.0909090909091 0.447358572169 0.779447789583 0.449825148063 0.0 0.0
今天 0.0 0.143616634826 0.0909090909091 0.207470805058 0.847556346499 0.60113219593 0.0 0.0
上市 0.0 0.65385737267 0.0909090909091 0.336323655314 0.933970804977 0.738618543834 0.0379746835443 0.0
军队 2.0 0.262423578838 0.0909090909091 0.331574332751 0.647793787576 0.585651021084 0.0126582278481 0.0
措施 0.0 0.222597705827 0.0909090909091 0.143927546093 0.939276186457 0.552737186316 0.0126582278481 0.0
身上 0.0 0.17273751021 0.0909090909091 0.25200755602 0.921723008246 0.489978610458 0.0 0.0
证券法 0.0 0.328680704626 0.227272727273 0.698545615618 0.619002933864 0.520410617026 0.0 0.0
机制 0.0 0.172524512605 0.0909090909091 0.367081397317 0.937531350205 0.548647191183 0.0 0.0
今年 0.0 0.243894722824 0.0909090909091 0.127700708099 0.954844375047 0.607879684688 0.0 0.0
媒体 0.0 0.268342772576 0.0909090909091 0.156708826126 0.989549212231 0.731660825044 0.0 0.0
资格 0.0 0.179085408096 0.0909090909091 0.122532640089 0.870616099739 0.4929047681 0.0126582278481 0.0
行动 0.0 0.17090681721 0.0909090909091 0.235664945746 0.787463024788 0.375239279762 0.0126582278481 0.0
专业 0.0 0.208859042274 0.0909090909091 0.107764929695 0.976280866458 0.712638093709 0.0126582278481 0.0
师德 0.0 0.328365337327 0.0909090909091 0.377233864491 0.805162517576 0.422031068265 0.0 0.0
时间 0.0 0.22935807862 0.0909090909091 0.153477625789 0.993835866235 0.725340916069 0.0 0.0
美国 0.0 0.985996886041 0.0909090909091 0.262512931594 0.957512108341 0.844413508615 0.0759493670886 0.0
继续 0.0 0.137789929291 0.0909090909091 0.080697798327 0.978757743561 0.612062241983 0.0 0.0
教学 0.0 0.151683762617 0.0909090909091 0.208942913834 0.933491887052 0.473169000248 0.0 0.0
承担 0.0 0.178725326993 0.0909090909091 0.289649732391 0.946196211879 0.504752427326 0.0 0.0
通报 0.0 0.331231101718 0.0909090909091 0.190784097474 0.901991406991 0.619012295215 0.101265822785 0.0
严肃 0.0 0.178788375703 0.0909090909091 0.538959159246 0.715869072554 0.333863195592 0.0 0.0
加盟 0.0 0.568065127279 0.0909090909091 0.311832477858 0.902171460463 0.708421871039 0.0 0.0
2017年 0.0 0.268037859121 0.136363636364 0.15184771302 0.951943393655 0.620270633688 0.0 0.0
学生 0.0 0.229913755147 0.0909090909091 0.236145672999 0.952936413457 0.675730726213 0.0 0.0
部分 0.0 0.183636264482 0.0909090909091 0.0781907813919 0.961266650679 0.646263474947 0.0 0.0
专项 0.0 0.148297643077 0.0909090909091 0.327008212066 0.873540011313 0.363492810595 0.0 0.0
这家 0.0 0.434277038428 0.0909090909091 0.314854665242 0.775663784306 0.609886211186 0.0 0.0
成长 0.0 0.1571318697 0.0909090909091 0.18575651373 0.92878830498 0.467552795902 0.0 0.0
取证 0.0 0.158630679279 0.0909090909091 0.355830130362 0.847190156812 0.432893980327 0.0 0.0
刑拘 1.0 0.178414987269 0.0909090909091 0.357812006356 0.834080443927 0.401941421642 0.139240506329 0.0
管理 0.0 0.397721986191 0.0909090909091 0.181361057498 0.989748999501 0.774844241777 0.0126582278481 0.0
沟通 0.0 0.142352677535 0.0909090909091 0.394568380349 0.845129922543 0.494231396447 0.0 0.0
9月 0.0 0.208081119967 0.0 0.296563033983 0.926908288811 0.477419605678 0.0 0.0
园方 0.0 0.226077726662 0.0909090909091 0.370418491971 0.82614051841 0.590085642987 0.0126582278481 0.0
股票 3.0 0.246658397899 0.0909090909091 0.351909003174 0.896456998208 0.593851272829 0.0253164556962 0.0
医生 0.0 0.203692763671 0.0909090909091 0.264906439883 0.819834839996 0.43941932963 0.0506329113924 0.0
家庭 0.0 0.166192971068 0.0909090909091 0.24106741459 0.98072843597 0.604435253153 0.0126582278481 0.0
记者 0.0 0.391141121385 0.0909090909091 0.121491031912 0.977963599164 0.826554848619 0.0126582278481 0.0
方面 0.0 0.177819220535 0.0909090909091 0.0926975931252 0.997199294862 0.707176816123 0.0 0.0
教育 0.0 0.391864640113 0.0909090909091 0.117224379137 0.986648673653 0.904967957361 0.0632911392405 0.0
开盘 0.0 0.176926121065 0.0909090909091 0.423288670584 0.887368075007 0.534333420247 0.0253164556962 0.0
整改 0.0 0.202864109541 0.0909090909091 0.456351736001 0.781374738613 0.423501938504 0.0 0.0
国务院 0.0 0.177471772195 0.227272727273 0.351346037313 0.782193717573 0.423510002673 0.0 0.0
药片 0.0 0.140941703313 0.0909090909091 0.284440020007 0.915792324947 0.428736940371 0.0 0.0
调查 0.0 0.347737874834 0.0909090909091 0.127935063878 0.964612609144 0.812379458866 0.164556962025 0.0
国家 0.0 0.19290471815 0.0909090909091 0.10313823225 0.928458030047 0.650719731784 0.0 0.0
进一步 0.0 0.195726727533 0.227272727273 0.133896848503 0.965739403423 0.630755891154 0.0 0.0
诉讼 0.0 0.749118595603 0.0909090909091 0.387434771803 0.883127087162 0.757069844295 0.0886075949367 0.0
全国 0.0 0.247824862879 0.0909090909091 0.242184863212 0.971668871843 0.673064523621 0.0126582278481 0.0
幼儿园 0.0 0.0 0.227272727273 0.0449095528884 0.96829713029 1.0 0.645569620253 0.0
启动 0.0 0.118286360701 0.0909090909091 0.180141147904 0.930277625064 0.44444580564 0.0 0.0
关系 0.0 0.140941703313 0.0909090909091 0.0928099761694 0.950635122281 0.635344707969 0.0126582278481 0.0
24日 0.0 0.198589734854 0.0454545454545 0.221423155599 0.962090712175 0.574360165748 0.0 0.0
法律 0.0 0.456977756118 0.0909090909091 0.147601692451 0.961519237176 0.814657646852 0.0253164556962 0.0
严重 0.0 0.175734062557 0.0909090909091 0.190406358053 0.967301037582 0.578328671944 0.0 0.0
升级 0.0 0.186564694693 0.0909090909091 0.425788787902 0.80851499568 0.403941850596 0.0506329113924 0.0
正在 0.0 0.162422534344 0.0909090909091 0.180917929124 0.961715100995 0.579548041419 0.0 0.0
公安 0.0 0.322064379989 0.0909090909091 0.349037542292 0.854989344857 0.5208070385 0.0253164556962 0.0
办学 0.0 0.220148553268 0.0909090909091 0.0748381365367 0.904332364234 0.637742450518 0.0 0.0
学校 0.0 0.241840843648 0.0909090909091 0.13902953799 0.939991805585 0.705603566917 0.0 0.0
加强 0.0 0.412396927976 0.0909090909091 0.334489491869 0.850761754953 0.690233801964 0.0 0.0
认为 0.0 0.193070478066 0.0909090909091 0.0854479559053 0.986581731973 0.655435165393 0.0 0.0
出现 0.0 0.230318881498 0.0909090909091 0.107045730027 0.981280815716 0.706436931871 0.0 0.0
性侵 2.0 0.352278382037 0.0909090909091 0.139822819829 0.91644597216 0.713216137274 0.0 0.0
27日 0.0 0.157942075968 0.0454545454545 0.242987982504 0.971699398871 0.395071495727 0.0 0.0
切实 0.0 0.228099845905 0.0909090909091 0.427702733434 0.819186079141 0.455776879415 0.0 0.0
重视 0.0 0.159194138871 0.0909090909091 0.295452071451 0.902456986483 0.52945513268 0.0 0.0
依法 0.0 0.394933591576 0.0909090909091 0.261031837376 0.869231148096 0.630261093694 0.0 0.0
11月 0.0 0.200225281159 0.0454545454545 0.106450643137 0.976666906569 0.726224084514 0.0 0.0
宣布 0.0 0.171911061863 0.0909090909091 0.368968668577 0.893648434113 0.522953631234 0.0379746835443 0.0
权益 0.0 0.186564694693 0.0909090909091 0.168548415961 0.921256345537 0.504487197614 0.0 0.0
规定 0.0 0.245807022685 0.0909090909091 0.186539701876 0.942577969137 0.634826068056 0.0 0.0
处理 0.0 0.154459628846 0.0909090909091 0.336585115495 0.893937519492 0.565842273988 0.0 0.0
公司 0.0 0.979034665094 0.0909090909091 0.236078992006 0.972756289569 0.918773456387 0.0253164556962 0.0
配合 0.0 0.312013461276 0.0909090909091 0.430694023133 0.803796750096 0.514059719692 0.0 0.0
纽约 0.0 0.199645872004 0.0909090909091 0.380917768362 0.92393860398 0.515791956453 0.0253164556962 0.0
法院 0.0 0.297011753101 0.0909090909091 0.462585793147 0.877677951131 0.66359396392 0.0126582278481 0.0
公众 0.0 0.240092795129 0.0909090909091 0.115784492128 0.926330695652 0.727142109224 0.0 0.0
规范 0.0 0.302040276034 0.0909090909091 0.240889465725 0.867644555789 0.494264986291 0.0126582278481 0.0
拘留 2.0 0.27365946831 0.0909090909091 0.317238325206 0.831042717425 0.426162191663 0.0 0.0
立即 0.0 0.197610180634 0.0909090909091 0.292441865906 0.860700895288 0.499748997538 0.0 0.0
涉及 0.0 0.22240656111 0.0909090909091 0.231051509044 0.950749788132 0.557688026071 0.0253164556962 0.0
电影 0.0 0.418600036362 0.0909090909091 0.509902954631 0.406378376105 0.626193959927 0.0 0.0
关注 0.0 0.205323537944 0.0909090909091 0.113580390366 0.984694064876 0.66003207621 0.0253164556962 0.0
官网 0.0 0.271061243842 0.0909090909091 0.428508706791 0.853358952248 0.543913811726 0.0126582278481 0.0
行政 0.0 0.165853012821 0.0909090909091 0.30871751636 0.873684158173 0.457471337577 0.0 0.0
儿童 0.0 0.509597375355 0.0909090909091 0.104780935655 0.997964381811 0.898997407118 0.0632911392405 0.0
幼童 0.0 0.383642299554 0.0909090909091 0.275631054767 0.83869131091 0.659486981045 0.0506329113924 0.0
司法 0.0 0.163827926182 0.0909090909091 0.360730263629 0.855162716965 0.457593714166 0.0 0.0
猥亵 2.0 0.219902228293 0.0909090909091 0.209756021825 0.921528736899 0.515105741465 0.0379746835443 0.0
数量 0.0 0.195199203836 0.0909090909091 0.145115609124 0.919004208981 0.614349422442 0.0 0.0
要求 0.0 0.413310054886 0.0909090909091 0.197145562224 0.960872387069 0.792791472305 0.0126582278481 0.0
各类 0.0 0.268061768932 0.0909090909091 0.226808661199 0.843024822406 0.4691110734 0.0 0.0
微博 0.0 0.166192971068 0.0909090909091 0.234641372004 0.845007212051 0.597015420949 0.0 0.0
提供 0.0 0.25720835663 0.0909090909091 0.125404400081 0.991519942919 0.728322744401 0.0 0.0
现在 0.0 0.195306918736 0.0909090909091 0.138296941847 0.972545179353 0.664457474231 0.0 0.0
开展 0.0 0.32114663246 0.0909090909091 0.255147466445 0.872977291971 0.551790407187 0.0 0.0
部门 0.0 0.293160341299 0.0909090909091 0.183211105758 0.952812362106 0.738132358362 0.0 0.0
23日 0.0 0.165940102733 0.0454545454545 0.227409994931 0.935964554903 0.480037505492 0.0 0.0
伤害 0.0 0.2970847919 0.0909090909091 0.141296139757 0.947430563428 0.667814927162 0.0379746835443 0.0
园长 0.0 0.287321990516 0.0909090909091 0.22555856326 0.964733824914 0.629873683234 0.0506329113924 0.0
天地 0.0 0.278978189304 0.0909090909091 0.215811670446 0.915022004873 0.404706949543 0.0 0.0
监管 0.0 0.271166171387 0.0909090909091 0.289327794538 0.858073080298 0.583826918264 0.0 0.0
建议 0.0 0.194342890008 0.0909090909091 0.209217946588 0.971071961098 0.614161208657 0.0 0.0
建设 0.0 0.250336003152 0.0909090909091 0.324535337503 0.88310183423 0.454105693369 0.0 0.0
虐童+事件 2.0 0.338957245297 0.409090909091 0.100022330377 0.981311665772 0.515852425111 0.164556962025 0.5
幼儿园+虐童 2.0 0.214322464302 0.545454545455 0.134043479437 0.944869427611 0.2768855897 0.0506329113924 0.5
教育部+副 0.0 0.112567387108 0.409090909091 0.887550483468 0.220304491711 0.145742107964 0.0379746835443 0.5
副+部长 0.0 0.125055403086 0.272727272727 0.887550483468 0.220304491711 0.217507273466 0.0379746835443 0.5
回应+称 0.0 0.0800912879205 0.272727272727 0.303706937813 0.875375520207 0.266284180778 0.0 0.5
学前教育+立法 2.0 0.137543419063 0.681818181818 0.887550483468 0.220304491711 0.2173042518 0.0126582278481 0.5
允许+任何人 0.0 0.105761951091 0.545454545455 0.600748848149 0.248306640673 0.121608570116 0.0 0.5
北京+警方 0.0 0.222597705827 0.409090909091 0.303601688239 0.895513379726 0.301283908747 0.0632911392405 0.5
警方+通报 0.0 0.178414987269 0.409090909091 0.311006432718 0.908571592663 0.291698635905 0.0506329113924 0.5
通报+红 0.0 0.0777143749947 0.272727272727 0.192021912585 0.783875427288 0.0912978125896 0.0632911392405 0.5
红+黄 0.0 0.0627874473017 0.136363636364 0.0478985461613 0.967110064829 0.480829942931 1.0 0.5
黄+蓝 0.0 0.0621205973732 0.136363636364 0.0478985461613 0.967110064829 0.558731983156 0.987341772152 0.5
蓝+幼儿园 0.0 0.0812509456764 0.409090909091 0.0401752302421 0.970012983225 0.373288741655 0.405063291139 0.5
入+园 0.0 0.104381179732 0.136363636364 0.394592841003 0.848202555805 0.287246194996 0.0126582278481 0.5
高度+重视 0.0 0.123143723525 0.409090909091 0.344395793244 0.831283725625 0.249663573982 0.0 0.5
期+学前教育 0.0 0.0682850962372 0.545454545455 0.778694764491 0.363488519384 0.102659229546 0.0 0.5
行动+计划 0.0 0.0918974796041 0.409090909091 0.778694764491 0.363488519384 0.04347919634 0.0 0.5
过程+中 0.0 0.123896095966 0.272727272727 0.101921358939 0.939094524876 0.262422674917 0.0 0.5
快乐+成长 0.0 0.0727111916182 0.409090909091 0.440941057023 0.727085452426 0.155332563338 0.0 0.5
蓝+事件 0.0 0.116942435177 0.272727272727 0.0422451206396 0.87376068374 0.241603096449 0.0632911392405 0.5
全+社会 0.0 0.0973284050857 0.272727272727 0.560310892573 0.710729542733 0.279148914673 0.0 0.5
北京+红 0.0 0.198915666776 0.272727272727 0.0926884134832 0.936747045314 0.222460227306 0.0632911392405 0.5
幼儿园+涉嫌 0.0 0.0571692008813 0.545454545455 0.134356759121 0.839292453244 0.164823393792 0.0379746835443 0.5
发布+消息 0.0 0.0525089970293 0.409090909091 0.40832964025 0.66878304284 0.14865654674 0.0 0.5
行政+拘留 2.0 0.146559353644 0.409090909091 0.367871062393 0.813178943742 0.225482026794 0.0 0.5
社会+各界 0.0 0.140887845863 0.409090909091 0.628678495159 0.599704573376 0.24034497697 0.0 0.5
情况+通报 0.0 0.0751033391756 0.409090909091 0.12414827256 0.740674966699 0.297968739042 0.0 0.5
依法+刑事 0.0 0.0969179130305 0.409090909091 0.46343783627 0.707000363477 0.0385786818044 0.0 0.5
刑事+拘留 0.0 0.132779608623 0.409090909091 0.342838017301 0.808281699482 0.117463567999 0.0 0.5
人员+集体 0.0 0.119821965548 0.409090909091 0.549981398092 0.665013022099 0.00842488399767 0.0126582278481 0.5
集体+猥亵 2.0 0.127361706001 0.409090909091 0.441704940054 0.716980813095 0.139879400684 0.0126582278481 0.5
猥亵+幼儿 0.0 0.118926538068 0.409090909091 0.444717825066 0.801603709729 0.0715323191464 0.0126582278481 0.5
幼儿+虚假 0.0 0.113449297399 0.409090909091 0.497208331415 0.750722345578 0.0791344629646 0.0 0.5
依法+行政 0.0 0.0581003449033 0.409090909091 0.570002020864 0.620933103563 0.0695459440288 0.0 0.5
利用+网络 0.0 0.0623788655549 0.409090909091 0.510349263167 0.720218052965 0.0818947620227 0.0 0.5
虚假+信息 0.0 0.194714402117 0.409090909091 0.480958614851 0.773281480056 0.195735928695 0.0 0.5
集体+诉讼 3.0 0.291096068592 0.409090909091 0.554464060779 0.777412666686 0.424173699733 0.0506329113924 0.5
11月+30日 0.0 0.0627375787919 0.318181818182 0.131943549876 0.700611636126 0.282471620266 0.0 0.5
蓝+教育 0.0 0.347609668125 0.272727272727 0.224070404951 0.952089382326 0.290971652133 0.0506329113924 0.5
红黄+蓝 0.0 0.166932739478 0.272727272727 0.401209566348 0.891174181063 0.226683539744 0.0 0.5
上年+同期 0.0 0.12131582826 0.409090909091 0.876283096669 0.4351778229 0.145577030106 0.0 0.5
起诉+红 0.0 0.0682850962372 0.272727272727 0.429248268835 0.77490695297 0.11607958952 0.0379746835443 0.5
美元+增至 0.0 0.105761951091 0.409090909091 0.876283096669 0.4351778229 0.135224706437 0.0 0.5
2017年+9月 0.0 0.113880487606 0.363636363636 0.375264022703 0.810053618673 0.241485523906 0.0 0.5
美国+上市 0.0 0.142510450227 0.409090909091 0.546143088537 0.765363599905 0.272150417436 0.0 0.5
18.5+美元 0.0 0.0623788655549 0.318181818182 0.559247917535 0.827517107989 0.151043719522 0.0 0.5
直营+幼儿园 0.0 0.144566232895 0.545454545455 0.443855858133 0.877326853836 0.318324077731 0.0126582278481 0.5
加盟+幼儿园 0.0 0.237447546883 0.545454545455 0.501080654918 0.709710343856 0.358852128312 0.0 0.5
招+股 0.0 0.0964620518991 0.136363636364 0.587381272253 0.65167572763 0.213625192904 0.0 0.5
亲子+园 0.0 0.0930374774703 0.272727272727 0.638038842601 0.593182211133 0.250939365441 0.0 0.5
两+年 0.0 0.115509862972 0.136363636364 0.433885201398 0.830945051577 0.304409387279 0.0 0.5
11月+24日 0.0 0.123896095966 0.318181818182 0.264608490034 0.940413145992 0.252105991575 0.0 0.5
5000万+美元 0.0 0.110399810762 0.454545454545 0.433385371736 0.855685159843 0.242958550909 0.0126582278481 0.5
股票+回购 2.0 0.0785584051773 0.409090909091 0.409688278312 0.795470518563 0.107112460773 0.0126582278481 0.5
回购+计划 0.0 0.100977655976 0.409090909091 0.417116554199 0.829357747497 0.128909091489 0.0126582278481 0.5
持+股 0.0 0.137543419063 0.136363636364 0.434696609964 0.707049952257 0.228914104182 0.0 0.5
高瓴+资本 0.0 0.193007486119 0.409090909091 0.523310526954 0.684660523478 0.2906321942 0.0 0.5
11月+22日 0.0 0.142352677535 0.318181818182 0.148919393745 0.944439391779 0.25407366412 0.0 0.5
蓝+股价 0.0 0.178788375703 0.272727272727 0.320421027059 0.950948135945 0.274217680301 0.0253164556962 0.5
美国+法院 0.0 0.0571692008813 0.409090909091 0.709967632246 0.64189367736 0.319951513693 0.0 0.5
北京+时间 0.0 0.11628945875 0.409090909091 0.410666914208 0.886199794969 0.317605932308 0.0 0.5
时间+11月 0.0 0.0934233240807 0.363636363636 0.525457423858 0.788709221343 0.272300217968 0.0 0.5
11月+28日 0.0 0.113449297399 0.318181818182 0.0848757159239 0.806898850101 0.214874778147 0.0 0.5
郝俊波+律师 0.0 0.162934266671 0.545454545455 0.708653219363 0.572559606125 0.297796752062 0.0 0.5
律师+事务所 0.0 0.296065064669 0.545454545455 0.638581185524 0.720069711178 0.394184907814 0.0126582278481 0.5
美国+律师 0.0 0.0623788655549 0.409090909091 0.706995705911 0.641697875195 0.185084166849 0.0126582278481 0.5
美+股 0.0 0.185504426657 0.136363636364 0.422051695103 0.838966484985 0.412756221131 0.0253164556962 0.5
美国+纽约 0.0 0.113449297399 0.409090909091 0.413512788559 0.881716343389 0.311757537919 0.0 0.5
9月+27日 0.0 0.119821965548 0.272727272727 0.440771855937 0.870868673144 0.199344465508 0.0 0.5
法律+法规 0.0 0.0571692008813 0.409090909091 0.176690727353 0.945235870286 0.368547028387 0.0 0.5
蓝+上市 0.0 0.0831676089447 0.272727272727 0.610158315955 0.778066576783 0.174551008726 0.0 0.5
诉讼+调查 0.0 0.121336813769 0.409090909091 0.501074940918 0.795836569877 0.229161075502 0.0253164556962 0.5
幼儿园+事件 0.0 0.188550890024 0.545454545455 0.0955902577957 0.894298435084 0.240800142693 0.101265822785 0.5
11月+25日 0.0 0.134963081453 0.318181818182 0.298819510419 0.847211645231 0.25164679115 0.0 0.5
新京报+记者 0.0 0.127316054655 0.545454545455 0.243374994821 0.958010323517 0.240900364823 0.0 0.5
美国+成美 0.0 0.0751033391756 0.409090909091 0.754343008919 0.58109605812 0.236454604137 0.0 0.5
美国+证券法 0.0 0.129672277248 0.545454545455 0.691181697014 0.585916437794 0.285543483225 0.0 0.5
上市+公司 0.0 0.186669934197 0.409090909091 0.442511540848 0.866872484895 0.371691056151 0.0126582278481 0.5
达+资本 0.0 0.193007486119 0.272727272727 0.526342414717 0.669988916826 0.273520532101 0.0 0.5
股权+投资 0.0 0.105761951091 0.409090909091 0.812503813996 0.487282127125 0.232875849049 0.0 0.5
北京+红黄蓝 0.0 0.0813281367821 0.545454545455 0.083559701198 0.847138356078 0.215516318548 0.0 0.5
儿童+教育 0.0 0.0953130620658 0.409090909091 0.309028745426 0.849268105346 0.215419486319 0.0 0.5
教育+科技 0.0 0.063289036832 0.409090909091 0.323802363433 0.810071522888 0.0554242329874 0.0 0.5
科技+发展 0.0 0.0681087090659 0.409090909091 0.268908532597 0.845427206803 0.125908221962 0.0 0.5
发展+有限公司 0.0 0.0681087090659 0.681818181818 0.23267828115 0.866710580412 0.188003416119 0.0 0.5
调查+情况 0.0 0.136453914255 0.409090909091 0.387142786633 0.807828615195 0.227809190254 0.0379746835443 0.5
事件+发生 0.0 0.110792256087 0.409090909091 0.267124653326 0.889626269006 0.216220910504 0.0 0.5
国务院+教育 0.0 0.072966160555 0.545454545455 0.523820021142 0.646024577535 0.0356560056583 0.0 0.5
教育+督导 3.0 0.136556465268 0.409090909091 0.470197698463 0.67482192398 0.232163038344 0.0 0.5
督导+委员会 3.0 0.0627375787919 0.545454545455 0.523820021142 0.646024577535 0.0750887143722 0.0 0.5
委员会+办公室 0.0 0.0525089970293 0.681818181818 0.523820021142 0.646024577535 0.0829153381005 0.0 0.5
紧急+通知 0.0 0.0525089970293 0.409090909091 0.528544215606 0.673196579274 0.0950661361365 0.0 0.5
开展+幼儿园 0.0 0.140014814503 0.545454545455 0.351968179841 0.814240605004 0.28881356269 0.0 0.5
幼儿园+规范 0.0 0.118055480443 0.545454545455 0.443968626087 0.763701650572 0.127387920299 0.0 0.5
规范+办 0.0 0.133312962356 0.272727272727 0.443968626087 0.763701650572 0.111217352825 0.0 0.5
办+园 0.0 0.420588905389 0.136363636364 0.365568372066 0.810669266163 0.346810014418 0.0 0.5
师德+师风 0.0 0.231638362482 0.409090909091 0.405875523046 0.778374227154 0.256537916899 0.0 0.5
师风+建设 0.0 0.193365262592 0.409090909091 0.440171706089 0.779513941826 0.15523369811 0.0 0.5
坚决+防止 0.0 0.0571692008813 0.409090909091 0.561090739709 0.600566895675 0.0511102151065 0.0 0.5
伤害+幼儿 0.0 0.113217327878 0.409090909091 0.44099966486 0.746188776932 0.225269515233 0.0 0.5
切实+保障 0.0 0.0525089970293 0.409090909091 0.571859112448 0.665676790601 0.0789013464324 0.0 0.5
幼儿园+老师 0.0 0.0623788655549 0.545454545455 0.305806426195 0.737294274629 0.344353806047 0.0 0.5
各类+幼儿园 0.0 0.244433630771 0.545454545455 0.507272765227 0.589771153942 0.296662349272 0.0 0.5
幼儿+教师 0.0 0.214043513407 0.409090909091 0.420172169176 0.783922382556 0.325727399894 0.0 0.5
行为+规范 0.0 0.087591355153 0.409090909091 0.84632329047 0.281556104427 0.0748798937046 0.0 0.5
教师+法治 0.0 0.0831676089447 0.409090909091 0.971671241743 0.100937303946 0.0680428269856 0.0 0.5
依法+办 0.0 0.129672277248 0.272727272727 0.67061745742 0.411939566643 0.182404277592 0.0 0.5
资本+市场 0.0 0.129672277248 0.409090909091 0.396848402061 0.828841358907 0.383157855476 0.0 0.5
警方+公布 0.0 0.0581003449033 0.409090909091 0.47489580638 0.651420113064 0.184933701239 0.0379746835443 0.5
涉+事 0.0 0.278750522476 0.136363636364 0.320033168658 0.92516256055 0.362456706453 0.0632911392405 0.5
事+幼儿园 0.0 0.192371127634 0.409090909091 0.349576904396 0.89087208423 0.264124218059 0.0379746835443 0.5
22+岁 0.0 0.100640311398 0.0909090909091 0.410602707171 0.784722503781 0.130970191734 0.0 0.5
教育+部门 0.0 0.110491370135 0.409090909091 0.160880586559 0.92584467077 0.40369804392 0.0 0.5
刑事+责任 0.0 0.0623788655549 0.409090909091 0.353640386935 0.891057487861 0.21064203119 0.0 0.5
进一步+加强 0.0 0.0623788655549 0.545454545455 0.491680056905 0.766130756264 0.261689511156 0.0 0.5
11月+27日 0.0 0.0678638030293 0.318181818182 0.205831563451 0.863590178979 0.22616112864 0.0 0.5
针+扎 0.0 0.110002262641 0.136363636364 0.383273791685 0.874844027805 0.268489983093 0.0 0.5
受害+儿童 0.0 0.0831947423176 0.409090909091 0.346980871772 0.873121204764 0.36421004584 0.0 0.5
朝阳区+教委 0.0 0.144232041868 0.545454545455 0.448128996081 0.827107473092 0.343931956075 0.0253164556962 0.5
监控+系统 0.0 0.0999476094733 0.409090909091 0.510737604186 0.721134485968 0.195669941624 0.0 0.5
虐待+儿童 0.0 0.0848100027857 0.409090909091 0.414714083377 0.864252911178 0.386524196464 0.0 0.5
回应+红 0.0 0.0623788655549 0.272727272727 0.322397162919 0.790922567919 0.154850698523 0.0506329113924 0.5
蓝+虐童 0.0 0.0848100027857 0.272727272727 0.0664350843605 0.911419175802 0.167182209748 0.0886075949367 0.5
新闻+发言人 0.0 0.0678638030293 0.545454545455 0.615090675583 0.588115402566 0.133303255328 0.0 0.5
幼儿园+新 0.0 0.0934233240807 0.409090909091 0.273081955733 0.769615258541 0.0683927923428 0.0 0.5
新+天地 0.0 0.278978189304 0.272727272727 0.215811670446 0.915022004873 0.302770353327 0.0 0.5
涉嫌+虐童 0.0 0.155143700224 0.409090909091 0.171790763237 0.952427592766 0.330861829811 0.0506329113924 0.5
原+标题 0.0 0.111302381656 0.272727272727 0.109993251468 0.974363772081 0.163521799302 0.0 0.5
蓝+新 0.0 0.271826281004 0.136363636364 0.340278833889 0.801069339066 0.0753833747975 0.0 0.5
天地+幼儿园 0.0 0.29770512445 0.545454545455 0.284019147244 0.877856535225 0.273618760568 0.0 0.5
事件+调查 0.0 0.130843012629 0.409090909091 0.254205348376 0.875578873188 0.253285045734 0.0506329113924 0.5
监控+视频 0.0 0.148088429906 0.409090909091 0.389998166333 0.869271487556 0.349109548423 0.0 0.5
存储+硬盘 0.0 0.0682850962372 0.409090909091 0.420936958631 0.690004357693 0.131303737483 0.0 0.5
强制+断电 0.0 0.0930374774703 0.409090909091 0.614160320524 0.440971666524 0.191977789446 0.0 0.5
爷爷+医生 0.0 0.0571692008813 0.409090909091 0.331539443926 0.674430199707 0.175666664867 0.0253164556962 0.5
工作+人员 0.0 0.0571692008813 0.409090909091 0.318574769416 0.870882309871 0.352425819926 0.0 0.5
法律+责任 0.0 0.0953130620658 0.409090909091 0.184704793381 0.798969398516 0.202817125687 0.0 0.5
涉嫌+虐待 0.0 0.131806197018 0.409090909091 0.397967637091 0.802221499298 0.132995790996 0.0 0.5
看护人+罪 0.0 0.142788974592 0.409090909091 0.404112121108 0.769393199474 0.0920643338875 0.0 0.5
安全+管理 0.0 0.110399810762 0.409090909091 0.423491317998 0.787397544839 0.285964495387 0.0 0.5
安全+隐患 0.0 0.208081119967 0.409090909091 0.397340060328 0.786898325015 0.26728448212 0.0 0.5
司法+机关 0.0 0.0875213900402 0.409090909091 0.414041747478 0.732950999634 0.225077214628 0.0 0.5
相关+人员 0.0 0.131585532732 0.409090909091 0.517158258839 0.64835588416 0.162547373975 0.0 0.5
2017年+11月 0.0 0.0679073599488 0.409090909091 0.0975124471531 0.851698146342 0.3458690326 0.0 0.5
园+行为 0.0 0.219869333566 0.272727272727 0.35957231966 0.824605889576 0.175310264894 0.0 0.5
新浪+财经 0.0 0.114965752541 0.409090909091 0.0527835391339 0.856947377781 0.182161149406 0.0 0.5
教育+机构 0.0 0.184311181927 0.409090909091 0.2131023711 0.959894214819 0.35222598496 0.0379746835443 0.5
北京+朝阳区 0.0 0.0678638030293 0.545454545455 0.276768848305 0.874776134172 0.241609460957 0.0 0.5
朝阳区+红 0.0 0.146559353644 0.409090909091 0.380599626451 0.777242334178 0.134970637785 0.0 0.5
第一+时间 0.0 0.0571692008813 0.409090909091 0.332210197049 0.786359216654 0.250219030035 0.0 0.5
工作+中 0.0 0.0767506984014 0.272727272727 0.472780269609 0.671669555324 0.0463071900171 0.0 0.5
幼儿园+安全 0.0 0.172524512605 0.545454545455 0.389082151107 0.81776540812 0.285118759785 0.0 0.5
幼儿园+办 0.0 0.107549128258 0.409090909091 0.366436981412 0.801714199532 0.21126495202 0.0 0.5
这家+公司 0.0 0.401285617303 0.409090909091 0.628372738629 0.501594155121 0.356540153538 0.0 0.5
公司+股价 0.0 0.12131582826 0.409090909091 0.748891142297 0.491108120684 0.301864386319 0.0 0.5
做+空 2.0 0.176228709625 0.136363636364 0.340032926381 0.764144974447 0.410330347868 0.0126582278481 0.5
排+查 0.0 0.162115572421 0.136363636364 0.414933423216 0.827161481304 0.313758350156 0.0126582278481 0.5
财经+股吧 0.0 0.0806184981827 0.409090909091 0.0472207199202 0.868836321231 0.0 0.0 0.5
官方+微博 0.0 0.0681087090659 0.409090909091 0.306666231877 0.755665754962 0.363563973169 0.0 0.5
教师+刘 0.0 0.154022392118 0.272727272727 0.429709093548 0.798263746673 0.219816600692 0.0 0.5
部分+儿童 0.0 0.0525089970293 0.409090909091 0.540119824387 0.608919771276 0.052852978648 0.0 0.5
遂+采用 0.0 0.0525089970293 0.272727272727 0.540119824387 0.608919771276 0.0271240054343 0.0 0.5
采用+缝衣 0.0 0.0525089970293 0.409090909091 0.540119824387 0.608919771276 0.0180826702895 0.0 0.5
缝衣+针 0.0 0.0525089970293 0.272727272727 0.540119824387 0.608919771276 0.00904133514479 0.0 0.5
方式+进行 0.0 0.0581003449033 0.409090909091 0.492006618548 0.673355261222 0.0512496164437 0.0 0.5
幼儿+家长 0.0 0.235046762568 0.409090909091 0.44941748022 0.822984305189 0.404628013903 0.0 0.5
幼儿园+教师 0.0 0.159980868016 0.545454545455 0.358880220766 0.858648689984 0.275493367631 0.0126582278481 0.5
名+家长 0.0 0.0571692008813 0.272727272727 0.285465574616 0.874085200939 0.235920519451 0.0 0.5
11月+23日 0.0 0.136453914255 0.318181818182 0.255268977906 0.917605721647 0.209097495243 0.0 0.5
幼儿园+幼儿 0.0 0.107135420132 0.545454545455 0.551827493878 0.702118742551 0.184350004547 0.0 0.5
幼儿园+家长 0.0 0.0571692008813 0.545454545455 0.278730899838 0.783159346848 0.241814430562 0.0 0.5
幼儿+教育 0.0 0.164115222361 0.409090909091 0.259302318155 0.861953953587 0.404266646827 0.0 0.5
孩子+身上 0.0 0.11628945875 0.409090909091 0.380031044494 0.814969472408 0.200529047995 0.0 0.5
展开+调查 0.0 0.0851858663346 0.409090909091 0.374660158898 0.80765738547 0.132036186494 0.0 0.5
案件+调查 0.0 0.0681087090659 0.409090909091 0.486632033167 0.696308902995 0.0470571897668 0.0 0.5
北京+朝阳 0.0 0.0821333464039 0.409090909091 0.355863194245 0.785755469317 0.108074282934 0.0379746835443 0.5
朝阳+警方 0.0 0.159198948879 0.409090909091 0.386276124449 0.855289107274 0.255484622188 0.0379746835443 0.5
资格+祈求 0.0 0.0751033391756 0.409090909091 0.613303681942 0.391762374423 0.066836000188 0.0126582278481 0.5
祈求+原谅 0.0 0.0751033391756 0.409090909091 0.613303681942 0.391762374423 0.0436120991148 0.0126582278481 0.5
幼儿园+监控 0.0 0.0848100027857 0.545454545455 0.607742858632 0.667238191318 0.170357268024 0.0 0.5
进行+全面 0.0 0.110399810762 0.409090909091 0.450985558193 0.812972903227 0.217181454238 0.0 0.5
全面+升级 0.0 0.118926538068 0.409090909091 0.476464588376 0.784494549686 0.203560325175 0.0 0.5
实时+监控 0.0 0.0785584051773 0.409090909091 0.550117923571 0.652258779249 0.112351423545 0.0 0.5
配合+警方 0.0 0.122517415065 0.409090909091 0.538370074525 0.738772029417 0.196117033219 0.0 0.5
警方+调查 0.0 0.072966160555 0.409090909091 0.473243835626 0.673985883534 0.149523687041 0.0 0.5
通报+称 0.0 0.115509862972 0.272727272727 0.582131008276 0.719335675954 0.140606774194 0.0 0.5
家长+报警 0.0 0.0821333464039 0.409090909091 0.546412267859 0.671719191337 0.117571467235 0.0 0.5
报警+称 0.0 0.072966160555 0.272727272727 0.590810590541 0.572286469048 0.056171783403 0.0 0.5
立即+成立 0.0 0.0581003449033 0.409090909091 0.598440649833 0.630364321217 0.0449470575081 0.0 0.5
成立+专案组 0.0 0.0679073599488 0.545454545455 0.598440649833 0.630364321217 0.0717749810569 0.0 0.5
调查+取证 3.0 0.105404697125 0.409090909091 0.453977299743 0.804901652895 0.184843866403 0.0 0.5
公安+机关 0.0 0.296564981127 0.409090909091 0.394211765702 0.800581425249 0.322112851277 0.0 0.5
机关+正在 0.0 0.063289036832 0.409090909091 0.555158809181 0.610124233473 0.0 0.0 0.5
正在+进一步 0.0 0.0806184981827 0.545454545455 0.541121297153 0.663511379981 0.0643943427848 0.0 0.5
进一步+工作 0.0 0.0771768267325 0.545454545455 0.538010867973 0.611197792273 0.0425836427227 0.0 0.5
公办+幼儿园 0.0 0.0751033391756 0.545454545455 0.466022070461 0.745876834982 0.265703502824 0.0 0.5
排查+工作 0.0 0.121336813769 0.409090909091 0.388458644319 0.708549938265 0.110920035641 0.0 0.5
教育+教学 0.0 0.0953130620658 0.409090909091 0.515253961125 0.666905672077 0.202197318648 0.0 0.5
性侵+儿童 0.0 0.100079371131 0.409090909091 0.332839950098 0.754594081622 0.355111941858 0.0 0.5
北京市+朝阳区 0.0 0.149742273617 0.681818181818 0.377858338045 0.796276547035 0.300223370573 0.0126582278481 0.5
CEO+史燕 0.0 0.0848100027857 0.272727272727 0.579507671952 0.768681103964 0.193432630559 0.0126582278481 0.5
幼儿园+园长 0.0 0.178725326993 0.545454545455 0.243175004796 0.926764354614 0.335501333192 0.0253164556962 0.5
北京市+教委 0.0 0.22240656111 0.545454545455 0.403139688638 0.834469450599 0.279161187305 0.0126582278481 0.5
各级+各类 0.0 0.242700924397 0.409090909091 0.607470917783 0.417668879326 0.237910853868 0.0 0.5
要求+各区 0.0 0.0777143749947 0.409090909091 0.497964590906 0.705985895289 0.183905696295 0.0 0.5
相关+部门 0.0 0.0777143749947 0.409090909091 0.486046532179 0.758649377962 0.266050863256 0.0 0.5
市+教委 0.0 0.146363480314 0.272727272727 0.429382923397 0.855943246628 0.245903593754 0.0 0.5
积极+配合 0.0 0.072966160555 0.409090909091 0.598220189512 0.664787166096 0.154092586061 0.0 0.5
合法+权益 0.0 0.072966160555 0.409090909091 0.493371566608 0.71131648194 0.241595286276 0.0 0.5
朝阳区+政府 0.0 0.221173424655 0.545454545455 0.530518752543 0.771873925949 0.241537841433 0.0 0.5
责成+举办者 0.0 0.118926538068 0.545454545455 0.481169388186 0.76111062573 0.184609131935 0.0126582278481 0.5
园长+职务 0.0 0.129516742726 0.409090909091 0.45739457667 0.772144789891 0.167401503367 0.0253164556962 0.5
强烈+谴责 0.0 0.0821333464039 0.409090909091 0.552981944803 0.686294784147 0.094228309305 0.0 0.5
谴责+涉案人员 0.0 0.0727111916182 0.681818181818 0.552981944803 0.686294784147 0.0893657519488 0.0 0.5
蓝+CEO 0.0 0.103703671288 0.136363636364 0.524495304459 0.765505586792 0.157847887574 0.0379746835443 0.5
调查+结论 0.0 0.152103414478 0.409090909091 0.595269307803 0.730235167636 0.255125392484 0.0126582278481 0.5
政委+冯俊峰 0.0 0.0848100027857 0.545454545455 0.327520922931 0.805673656439 0.125730868227 0.0253164556962 0.5
行为+专项 0.0 0.0777143749947 0.409090909091 0.421361144167 0.806480136374 0.075718497374 0.0 0.5
美国+起诉 0.0 0.115509862972 0.409090909091 0.552287429882 0.702310103913 0.248961072524 0.0253164556962 0.5
每所+幼儿园 0.0 0.103703671288 0.545454545455 0.465617106998 0.739482704847 0.1961280191 0.0253164556962 0.5
责任+督学 0.0 0.398858463379 0.409090909091 0.465617106998 0.739482704847 0.332255995971 0.0379746835443 0.5
家+幼儿园 0.0 0.0918974796041 0.409090909091 0.274637264391 0.859288530954 0.340562032303 0.0 0.5
猥亵+幼童 0.0 0.0918974796041 0.409090909091 0.340665617659 0.74684450522 0.233576197443 0.0126582278481 0.5
31+岁 0.0 0.107549128258 0.0909090909091 0.520087068673 0.67654993176 0.0570036343604 0.0 0.5
虚构+事实 0.0 0.0525089970293 0.409090909091 0.615079939281 0.634755953591 0.0127647144127 0.0 0.5
事实+扰乱 0.0 0.0525089970293 0.409090909091 0.615079939281 0.634755953591 0.0127647144127 0.0 0.5
扰乱+公共 0.0 0.0525089970293 0.409090909091 0.615079939281 0.634755953591 0.0271563503563 0.0 0.5
公共+秩序 0.0 0.0525089970293 0.409090909091 0.615079939281 0.634755953591 0.0287832718873 0.0 0.5
严肃+处理 0.0 0.0679073599488 0.409090909091 0.620097669541 0.632015088141 0.0962081346587 0.0 0.5
挂牌+督导 0.0 0.23585177554 0.409090909091 0.724117538637 0.521779719486 0.257250559295 0.0 0.5
不良+影响 0.0 0.0581003449033 0.409090909091 0.616162622632 0.640167419385 0.071987904443 0.0 0.5
家长+反映 0.0 0.100977655976 0.409090909091 0.35399895203 0.892346919457 0.325365393829 0.0 0.5
监控+录像 0.0 0.12131582826 0.409090909091 0.647295671991 0.623749463194 0.314595191894 0.0 0.5
天地+分园 0.0 0.17090681721 0.409090909091 0.260274835178 0.946093676696 0.200733294541 0.0 0.5
案件+中 0.0 0.0800912879205 0.272727272727 0.515460451007 0.649192151947 0.236749360275 0.0 0.5
幼儿园+监管 0.0 0.0678638030293 0.545454545455 0.57385888788 0.633746518092 0.136633145758 0.0 0.5
促进+幼儿园 0.0 0.0678638030293 0.545454545455 0.57385888788 0.633746518092 0.0417417309426 0.0 0.5
儿童+保护 0.0 0.152423582598 0.409090909091 0.700367481944 0.598767175815 0.327490891174 0.0 0.5
早期+教育 0.0 0.0627375787919 0.409090909091 0.309168472267 0.931231820923 0.269244591365 0.0 0.5
进行+调查 0.0 0.0934233240807 0.409090909091 0.215983770202 0.845224967257 0.276259872322 0.0 0.5
专项+督导 0.0 0.0679073599488 0.409090909091 0.462606703695 0.800946288697 0.157312664429 0.0 0.5
朝阳区+管庄 0.0 0.0915555011901 0.545454545455 0.287052120006 0.886783048394 0.201768872078 0.0 0.5
管庄+红 0.0 0.0900684672741 0.272727272727 0.314221484789 0.922071922315 0.144882024095 0.0 0.5
警方+25日 0.0 0.087591355153 0.363636363636 0.695529508615 0.397005617475 0.186853733532 0.0 0.5
教师+侵害 0.0 0.0623788655549 0.409090909091 0.688021983846 0.528110145 0.0480139432395 0.0 0.5
案件+侦办 0.0 0.0785584051773 0.409090909091 0.645606857526 0.554568575112 0.0823403544115 0.0 0.5
侦办+情况 0.0 0.0785584051773 0.409090909091 0.645606857526 0.554568575112 0.0499867556466 0.0 0.5
涉案人员+严重 0.0 0.0627375787919 0.681818181818 0.636259638421 0.553916751072 0.0284132002588 0.0 0.5
严重+违反 0.0 0.0627375787919 0.409090909091 0.636259638421 0.553916751072 0.0 0.0 0.5
违反+师德 0.0 0.072966160555 0.409090909091 0.636259638421 0.553916751072 0.0337887220187 0.0 0.5
进行+整改 0.0 0.0785584051773 0.409090909091 0.683783874363 0.559599487648 0.0617126327266 0.0 0.5
社会+影响 0.0 0.0973284050857 0.409090909091 0.61422415529 0.654488286216 0.0882732453317 0.0 0.5
免除+幼儿园 0.0 0.072966160555 0.545454545455 0.656352359997 0.545911012085 0.0337887220187 0.0126582278481 0.5
严肃+追究 0.0 0.0525089970293 0.409090909091 0.656352359997 0.545911012085 0.0 0.0 0.5
追究+幼儿园 0.0 0.0525089970293 0.545454545455 0.656352359997 0.545911012085 0.0 0.0 0.5
进驻+幼儿园 0.0 0.0571692008813 0.545454545455 0.53823645579 0.725082688917 0.145089027973 0.0 0.5
发现+问题 0.0 0.0623788655549 0.409090909091 0.574855204726 0.618450914637 0.105681183298 0.0 0.5
传播+虚假 0.0 0.0623788655549 0.409090909091 0.578154741079 0.69600015705 0.0345707639701 0.0 0.5
机关+通报 0.0 0.0735944341705 0.409090909091 0.642357725387 0.531672549415 0.0572465007684 0.0 0.5
全国+园所 0.0 0.0831947423176 0.409090909091 0.503172152421 0.807041517819 0.246530299073 0.0 0.5
管理+体系 0.0 0.0682850962372 0.409090909091 0.559644822114 0.666644556854 0.138218224672 0.0 0.5
小二+班 0.0 0.0682850962372 0.272727272727 0.391798169004 0.747662777852 0.233322321951 0.0 0.5
幼教+行业 0.0 0.158390671383 0.409090909091 0.718587659267 0.300366625817 0.262790576911 0.0126582278481 0.5
快速+扩张 0.0 0.0964620518991 0.409090909091 0.499742666479 0.647891259592 0.312568758317 0.0 0.5
切实+做 0.0 0.100079371131 0.272727272727 0.75803092156 0.385935497605 0.09619769479 0.0 0.5
上市+主体 0.0 0.123696089386 0.409090909091 0.523524074041 0.325102700885 0.249907758331 0.0 0.5
儿童+虐待 0.0 0.123696089386 0.409090909091 0.912536813066 0.265029375721 0.365158189417 0.0 0.5
幼儿园+虐童+事件 3.0 0.186163564295 0.863636363636 0.129959800119 0.948733260983 0.247578812943 0.0506329113924 1.0
教育部+副+部长 3.0 0.112567387108 0.727272727273 0.887550483468 0.220304491711 0.145742107964 0.0379746835443 1.0
北京+警方+通报 3.0 0.0682850962372 0.727272727273 0.454449411718 0.766375140633 0.0985784906859 0.0253164556962 1.0
警方+通报+红 0.0 0.0623788655549 0.590909090909 0.286107334635 0.731277660286 0.0802888077286 0.0379746835443 1.0
通报+红+黄 0.0 0.0777143749947 0.454545454545 0.192021912585 0.783875427288 0.0912978125896 0.0632911392405 1.0
红+黄+蓝 0.0 0.0603867875596 0.318181818182 0.0478985461613 0.967110064829 0.472973935488 0.962025316456 1.0
黄+蓝+幼儿园 0.0 0.0812509456764 0.590909090909 0.0401752302421 0.970012983225 0.371177640792 0.405063291139 1.0
虐童+”+事件 0.0 0.254240645816 0.590909090909 0.0588056704279 0.886915129296 0.282391920588 0.0379746835443 1.0
蓝+幼儿园+虐童 0.0 0.163025258717 0.727272727273 0.228934216305 0.91305917054 0.11706098488 0.0379746835443 1.0
黄+蓝+事件 0.0 0.107135420132 0.454545454545 0.0422451206396 0.87376068374 0.198509897407 0.0632911392405 1.0
北京+红+黄 0.0 0.198915666776 0.454545454545 0.0926884134832 0.936747045314 0.222460227306 0.0632911392405 1.0
依法+刑事+拘留 3.0 0.0969179130305 0.727272727273 0.46343783627 0.707000363477 0.0385786818044 0.0 1.0
编造+“+老虎团 3.0 0.119821965548 0.727272727273 0.497266867199 0.695588511034 0.0898733852526 0.0126582278481 1.0
老虎团+”+人员 0.0 0.129244120334 0.727272727273 0.549981398092 0.665013022099 0.0721206871413 0.0126582278481 1.0
人员+集体+猥亵 0.0 0.119821965548 0.727272727273 0.549981398092 0.665013022099 0.00842488399767 0.0126582278481 1.0
集体+猥亵+幼儿 0.0 0.110399810762 0.727272727273 0.549981398092 0.665013022099 0.0174245822321 0.0126582278481 1.0
猥亵+幼儿+虚假 3.0 0.104381179732 0.727272727273 0.497208331415 0.750722345578 0.0372296520541 0.0 1.0
依法+行政+拘留 3.0 0.0581003449033 0.727272727273 0.570002020864 0.620933103563 0.0695459440288 0.0 1.0
黄+蓝+教育 0.0 0.353110499739 0.454545454545 0.227668904319 0.946614668817 0.213740134758 0.0506329113924 1.0
起诉+红+黄 0.0 0.0682850962372 0.454545454545 0.429248268835 0.77490695297 0.11607958952 0.0379746835443 1.0
股票+回购+计划 3.0 0.0571692008813 0.727272727273 0.409688278312 0.795470518563 0.0370415364856 0.0 1.0
黄+蓝+股价 0.0 0.155143700224 0.454545454545 0.320421027059 0.950948135945 0.196241102517 0.0253164556962 1.0
2017年+9月+27日 0.0 0.0918974796041 0.636363636364 0.436997978573 0.763343240436 0.176229220855 0.0 1.0
蓝+幼儿园+事件 0.0 0.122128473112 0.727272727273 0.0 0.898666597823 0.159087103109 0.101265822785 1.0
儿童+教育+科技 0.0 0.063289036832 0.727272727273 0.323802363433 0.810071522888 0.077626800898 0.0 1.0
教育+科技+发展 0.0 0.063289036832 0.727272727273 0.323802363433 0.810071522888 0.0554242329874 0.0 1.0
科技+发展+有限公司 0.0 0.063289036832 1.0 0.253155985062 0.860633281426 0.112567454686 0.0 1.0
国务院+教育+督导 0.0 0.072966160555 0.863636363636 0.523820021142 0.646024577535 0.0356560056583 0.0 1.0
教育+督导+委员会 0.0 0.0627375787919 0.863636363636 0.523820021142 0.646024577535 0.0290810838564 0.0 1.0
督导+委员会+办公室 0.0 0.0525089970293 1.0 0.523820021142 0.646024577535 0.0559072773216 0.0 1.0
开展+幼儿园+规范 0.0 0.0525089970293 0.863636363636 0.506437254071 0.64238028085 0.0975160440593 0.0 1.0
幼儿园+规范+办 0.0 0.118055480443 0.727272727273 0.443968626087 0.763701650572 0.127387920299 0.0 1.0
规范+办+园 0.0 0.133312962356 0.454545454545 0.443968626087 0.763701650572 0.111217352825 0.0 1.0
师德+师风+建设 3.0 0.193365262592 0.727272727273 0.440171706089 0.779513941826 0.213813006445 0.0 1.0
依法+依+规 0.0 0.0767506984014 0.454545454545 0.508255457804 0.745477882224 0.169965876432 0.0 1.0
依法+办+园 0.0 0.129672277248 0.454545454545 0.67061745742 0.411939566643 0.182404277592 0.0 1.0
涉+事+幼儿园 0.0 0.192371127634 0.590909090909 0.349576904396 0.89087208423 0.224583422131 0.0379746835443 1.0
回应+红+黄 0.0 0.0623788655549 0.454545454545 0.322397162919 0.790922567919 0.154850698523 0.0506329113924 1.0
黄+蓝+虐童 0.0 0.0848100027857 0.454545454545 0.0664350843605 0.911419175802 0.164528709599 0.0886075949367 1.0
蓝+虐童+事件 0.0 0.0751033391756 0.590909090909 0.0710345401675 0.874888263591 0.122710932588 0.0759493670886 1.0
蓝+幼儿园+新 0.0 0.0934233240807 0.590909090909 0.273081955733 0.769615258541 0.0344593858885 0.0 1.0
幼儿园+新+天地 0.0 0.0785584051773 0.727272727273 0.310481251317 0.761000284643 0.0376802533293 0.0 1.0
黄+蓝+新 0.0 0.271826281004 0.318181818182 0.340278833889 0.801069339066 0.163695964351 0.0 1.0
蓝+新+天地 0.0 0.271826281004 0.454545454545 0.340278833889 0.801069339066 0.0753833747975 0.0 1.0
新+天地+幼儿园 0.0 0.29770512445 0.727272727273 0.284019147244 0.877856535225 0.21385652872 0.0 1.0
天地+幼儿园+事件 0.0 0.113449297399 0.863636363636 0.408075996886 0.697135572254 0.0810318733142 0.0 1.0
幼儿园+事件+调查 0.0 0.0678638030293 0.863636363636 0.293956751798 0.757031400561 0.0788607177225 0.0126582278481 1.0
虐待+被+看护人 0.0 0.131118320338 0.727272727273 0.404112121108 0.769393199474 0.0558725654441 0.0 1.0
办+园+行为 0.0 0.219869333566 0.454545454545 0.35957231966 0.824605889576 0.179419744506 0.0 1.0
事件+的+发生 0.0 0.0525089970293 0.590909090909 0.287984675763 0.86357877437 0.144902777253 0.0 1.0
朝阳区+红+黄 0.0 0.146559353644 0.590909090909 0.380599626451 0.777242334178 0.134970637785 0.0 1.0
事件+调查+情况 0.0 0.0973284050857 0.727272727273 0.495039770205 0.672007526996 0.157186162761 0.0253164556962 1.0
开展+幼儿园+安全 0.0 0.0727111916182 0.863636363636 0.470353359026 0.703055829597 0.148292114604 0.0 1.0
幼儿园+安全+隐患 0.0 0.163827926182 0.863636363636 0.438090886754 0.775982040109 0.219890721749 0.0 1.0
幼儿园+办+园 0.0 0.104381179732 0.590909090909 0.381490733872 0.794091705396 0.17948604275 0.0 1.0
进入+【+新浪 0.0 0.0806184981827 0.590909090909 0.0472207199202 0.868836321231 0.146292078019 0.0 1.0
新浪+财经+股吧 0.0 0.0806184981827 0.727272727273 0.0472207199202 0.868836321231 0.0510321202392 0.0 1.0
股吧+】+讨论 0.0 0.0806184981827 0.590909090909 0.0472207199202 0.868836321231 0.0 0.0 1.0
遂+采用+缝衣 0.0 0.0525089970293 0.590909090909 0.540119824387 0.608919771276 0.0271240054343 0.0 1.0
采用+缝衣+针 0.0 0.0525089970293 0.590909090909 0.540119824387 0.608919771276 0.0180826702895 0.0 1.0
缝衣+针+扎 0.0 0.0525089970293 0.454545454545 0.540119824387 0.608919771276 0.00904133514479 0.0 1.0
扎+的+方式 0.0 0.0525089970293 0.454545454545 0.540119824387 0.608919771276 0.0 0.0 1.0
进行+“+管教 0.0 0.0525089970293 0.590909090909 0.540119824387 0.608919771276 0.0 0.0 1.0
天地+幼儿园+幼儿 0.0 0.0785584051773 0.863636363636 0.553983084404 0.652983226935 0.0328651957455 0.0 1.0
幼儿园+被+曝 0.0 0.0623788655549 0.590909090909 0.407003145403 0.83930008234 0.0978924549054 0.0126582278481 1.0
北京+朝阳+警方 0.0 0.0679073599488 0.727272727273 0.382993342783 0.762616149316 0.0784303232834 0.0253164556962 1.0
资格+祈求+原谅 0.0 0.0751033391756 0.727272727273 0.613303681942 0.391762374423 0.066836000188 0.0126582278481 1.0
幼儿园+监控+系统 2.0 0.0751033391756 0.863636363636 0.613303681942 0.391762374423 0.0955869271536 0.0 1.0
家长+报警+称 0.0 0.072966160555 0.590909090909 0.590810590541 0.572286469048 0.059629317946 0.0 1.0
怀疑+其+孩子 0.0 0.0821333464039 0.590909090909 0.50548483904 0.687929071532 0.0498000427906 0.0 1.0
孩子+在+幼儿园 0.0 0.10279799853 0.727272727273 0.434866294929 0.828264970214 0.129480338225 0.0 1.0
立即+成立+专案组 0.0 0.0581003449033 0.863636363636 0.598440649833 0.630364321217 0.0449470575081 0.0 1.0
公安+机关+正在 0.0 0.063289036832 0.727272727273 0.555158809181 0.610124233473 0.0 0.0 1.0
机关+正在+进一步 0.0 0.063289036832 0.863636363636 0.555158809181 0.610124233473 0.0 0.0 1.0
正在+进一步+工作 0.0 0.063289036832 0.863636363636 0.555158809181 0.610124233473 0.0 0.0 1.0
进一步+工作+中 0.0 0.063289036832 0.727272727273 0.555158809181 0.610124233473 0.0 0.0 1.0
蓝+教育+机构 0.0 0.145816157574 0.590909090909 0.34187890673 0.908692900713 0.140773620494 0.0379746835443 1.0
隐患+大+排查 0.0 0.0571692008813 0.590909090909 0.388458644319 0.708549938265 0.0399818452069 0.0 1.0
管理+和+师德 0.0 0.100977655976 0.590909090909 0.544196421406 0.638887616913 0.105571830761 0.0 1.0
天地+幼儿园+园长 0.0 0.0571692008813 0.863636363636 0.34227878378 0.860539990554 0.111605484628 0.0 1.0
各级+各类+幼儿园 0.0 0.242700924397 0.863636363636 0.607470917783 0.417668879326 0.237910853868 0.0 1.0
幼儿+虚假+信息 0.0 0.110399810762 0.727272727273 0.547174278186 0.734961094593 0.0664303092446 0.0 1.0
强烈+谴责+涉案人员 0.0 0.0727111916182 1.0 0.552981944803 0.686294784147 0.077556512777 0.0 1.0
黄+蓝+CEO 0.0 0.103703671288 0.318181818182 0.524495304459 0.765505586792 0.136088203901 0.0379746835443 1.0
老虎团+”+政委 0.0 0.0960255714013 0.727272727273 0.327520922931 0.805673656439 0.0981749593458 0.0253164556962 1.0
园+行为+专项 0.0 0.0777143749947 0.590909090909 0.421361144167 0.806480136374 0.075259072709 0.0 1.0
幼儿园+教师+刘 0.0 0.10279799853 0.727272727273 0.501411088394 0.753615875421 0.126724120232 0.0 1.0
刘某+（+女 0.0 0.063289036832 0.454545454545 0.60550038604 0.644816288177 0.112289228009 0.0 1.0
虚构+事实+扰乱 0.0 0.0525089970293 0.727272727273 0.615079939281 0.634755953591 0.0127647144127 0.0 1.0
事实+扰乱+公共 0.0 0.0525089970293 0.727272727273 0.615079939281 0.634755953591 0.0127647144127 0.0 1.0
扰乱+公共+秩序 0.0 0.0525089970293 0.727272727273 0.615079939281 0.634755953591 0.0271563503563 0.0 1.0
幼儿园+（+新 0.0 0.104381179732 0.590909090909 0.309077025571 0.94167559837 0.0 0.0 1.0
新+天地+分园 0.0 0.17090681721 0.590909090909 0.260274835178 0.946093676696 0.12391839863 0.0 1.0
促进+幼儿园+规范 0.0 0.0678638030293 0.863636363636 0.57385888788 0.633746518092 0.0417417309426 0.0 1.0
教师+被+刑拘 3.0 0.0785584051773 0.590909090909 0.400321225739 0.807359686447 0.239112318454 0.0632911392405 1.0
朝阳区+管庄+红 0.0 0.0571692008813 0.727272727273 0.308033107192 0.874685138474 0.0949805817002 0.0 1.0
管庄+红+黄 0.0 0.0900684672741 0.454545454545 0.314221484789 0.922071922315 0.144882024095 0.0 1.0
北京+警方+25日 0.0 0.087591355153 0.681818181818 0.695529508615 0.397005617475 0.170260571405 0.0 1.0
幼儿+家长+报警 3.0 0.0623788655549 0.727272727273 0.688021983846 0.528110145 0.0255294288253 0.0 1.0
案件+侦办+情况 0.0 0.0785584051773 0.727272727273 0.645606857526 0.554568575112 0.0823403544115 0.0 1.0
谴责+涉案人员+严重 0.0 0.0627375787919 1.0 0.636259638421 0.553916751072 0.0560676077802 0.0 1.0
涉案人员+严重+违反 0.0 0.0627375787919 1.0 0.636259638421 0.553916751072 0.0284132002588 0.0 1.0
严重+违反+师德 0.0 0.0627375787919 0.727272727273 0.636259638421 0.553916751072 0.0 0.0 1.0
师德+的+行为 0.0 0.0627375787919 0.590909090909 0.636259638421 0.553916751072 0.00855961843987 0.0 1.0
举办者+按+程序 0.0 0.0627375787919 0.727272727273 0.656352359997 0.545911012085 0.0414605721684 0.0 1.0
程序+立刻+免除 0.0 0.0627375787919 0.727272727273 0.656352359997 0.545911012085 0.0 0.0 1.0
免除+幼儿园+园长 3.0 0.072966160555 0.863636363636 0.656352359997 0.545911012085 0.0337887220187 0.0126582278481 1.0
幼儿园+园长+职务 3.0 0.113449297399 0.863636363636 0.511300452178 0.655643226115 0.127601098209 0.0253164556962 1.0
严肃+追究+幼儿园 0.0 0.0525089970293 0.863636363636 0.656352359997 0.545911012085 0.0 0.0 1.0
幼儿园+及+相关 0.0 0.0525089970293 0.727272727273 0.656352359997 0.545911012085 0.0 0.0 1.0
人员+的+责任 0.0 0.0525089970293 0.590909090909 0.656352359997 0.545911012085 0.0 0.0 1.0
事+幼儿园+教师 0.0 0.0875213900402 0.727272727273 0.592429768233 0.626436273818 0.0864680386782 0.0126582278481 1.0
编造+、+传播 0.0 0.0623788655549 0.590909090909 0.578154741079 0.69600015705 0.0427359032083 0.0 1.0
公安+机关+通报 0.0 0.0735944341705 0.727272727273 0.642357725387 0.531672549415 0.0635283782834 0.0 1.0
幼儿+的+身心健康 0.0 0.0525089970293 0.863636363636 0.579322214131 0.681717540219 0.057776063088 0.0 1.0
部队+的+传言 0.0 0.107318907277 0.590909090909 0.456200935507 0.585524938368 0.187948369717 0.0 1.0
