1 1 1 1 1 0.638
在前不久举行的百度世界大会上，百度发布了一则震惊业界的重磅消息：百度与金龙客车合作研发的无人驾驶小巴车将于2018年实现量产。
5 9 4 1 1 0.621
该文章指出，百度在今年7月发布了“Apollo”项目，与包括汽车制造商长安，戴姆勒和芯片制造商英伟达在内的70多个合作伙伴共享自动驾驶技术代码和数据，并可以从使用其自动驾驶技术的车辆中获取大量的道路测试数据，并借此训练出更好的自动驾驶技术。
5 10 5 1 5 0.61
此外，百度也在加速实现自动驾驶技术的市场化，目前已经与金龙汽车集团合作，最早将于明年在工业园区投入运营自动驾驶公交车。
5 11 5 2 5 0.599
在2017百度世界大会上，百度宣布在2019年将与江淮、北汽，2020年与奇瑞共同推出L3级无人车。
5 24 9 1 1 0.6
百度比较聪明的做法，是将其Apollo平台开放，从平台合作伙伴中获取大量有价值的路测数据，这一做法或许将大大加快无人车的商业化进程。
6 31 14 2 3 0.605
今年7月，百度展示了Apollo项目，与70多家合作伙伴分享了一些无人加强代码和数据，包括汽车厂商长安公司、戴姆勒以及芯片制造商英伟达等。
6 30 14 1 3 0.463
与此同时，百度已经明确了一个方案，以此让自己的机器人汽车更加智能。
6 32 14 3 3 0.395
当然，百度获得反哺，从那些使用了这些代码的汽车中获得了大量有价值的上路测试数据，并利用这些数据训练出更加智能的机器人。
7 15 7 1 2 0.612
图示：百度在百度世界技术大会上发布的RavenH智能音箱。
7 16 7 2 2 0.489
百度希望通过这款智能音箱在中国市场占有一席之地，与谷歌或亚马逊的智能音箱竞争。
7 19 8 3 3 0.608
另外据2017百度世界大会发布的公告，其与中国一汽集团和奇瑞汽车等其他几家公司合作生产的车辆将具备一定的自动驾驶功能，如驾驶辅助系统和自动泊车系统。
7 18 8 2 3 0.513
虽然相关法律法规尚未完全落地，但目前百度已经与国家控股的金龙汽车集团合作，最早将于明年在工业园区投入运营自动驾驶公交车。
7 35 16 2 3 0.618
7月份，公司发布了“阿波罗”项目，与包括汽车制造商长安，戴姆勒和芯片制造商英伟达在内的70多个合作伙伴共享一些自动驾驶技术代码和数据。
7 34 16 1 3 0.412
与此同时，百度已经找出了让自动驾驶汽车变得更加智能的方法。
7 36 16 3 3 0.472
作为回报，百度可以从使用其自动驾驶技术的车辆中获取宝贵的道路测试数据，并利用它们来训练出更好的自动驾驶技术。
8 2 2 1 2 0.626
在11月16日举行的“2017百度世界大会”上，百度公司董事长兼CEO李彦宏宣布，百度将与金龙汽车合作生产一款无人驾驶小巴车，该车将在2018年7月份提前实现无人驾驶汽车的量产。
8 3 2 2 2 0.529
此前，业内判断百度无人驾驶汽车将于2020年实现量产。
9 2 1 2 2 0.612
此前，业内判断百度无人驾驶汽车将于2020年实现量产，但在近日举行的百度世界大会上，百度CEO李彦宏宣布，百度将与金龙汽车合作生产一款无人驾驶小巴车，2018年7月份将提前实现量产。
9 1 1 1 2 0.464
在国内无人车领域，百度是一直有希望首个实现量产的企业。
9 26 15 2 7 0.716
比如百度的无人驾驶技术平台“阿波龙”，从7月份发布至今，已经有6000多个开发者投票支持该项目，1700多家合作伙伴加入了“阿波龙”，100多个合作伙伴申请使用“阿波龙”的开放数据。
9 25 15 1 7 0.485
从目前来看，智能驾驶在赋能传统车企，百度、腾讯、阿里等互联网企业都选择了整车制造商作为合作伙伴，但市场上的一些新生力量也不容忽视。
9 27 15 3 7 0.573
到今年年底，“阿波龙”将开放一系列新的能力，使车辆能够在简单城市路况下完成自动驾驶任务。
9 29 15 5 7 0.625
2018年12月份，“阿波龙”会开放特定区域高速和城市道路自动驾驶数据。
9 28 15 4 7 0.46
同时，会开放更多的数据及数据上传的接口。
9 30 15 6 7 0.495
到2020年12月份，高速和城市道路全路网自动驾驶数据会对外开放。
9 42 21 2 2 0.741
近日，科技部决定，依托百度公司建设自动驾驶国家新一代人工智能开放创新平台，而“城市大脑”国家新一代人工智能开放创新平台的工作将由阿里云公司承担。
9 41 21 1 2 0.218
新一轮的探索已经开始。
10 5 2 2 2 0.612
此前，业内判断百度无人驾驶汽车将于2020年实现量产，但在近日举行的百度世界大会上，百度CEO李彦宏宣布，百度将与金龙汽车合作生产一款无人驾驶小巴车，2018年7月份将提前实现量产。
10 4 2 1 2 0.464
在国内无人车领域，百度是一直有希望首个实现量产的企业。
10 20 9 2 7 0.716
比如百度的无人驾驶技术平台“阿波龙”，从7月份发布至今，已经有6000多个开发者投票支持该项目，1700多家合作伙伴加入了“阿波龙”，100多个合作伙伴申请使用“阿波龙”的开放数据。
10 19 9 1 7 0.485
从目前来看，智能驾驶在赋能传统车企，百度、腾讯、阿里等互联网企业都选择了整车制造商作为合作伙伴，但市场上的一些新生力量也不容忽视。
10 21 9 3 7 0.573
到今年年底，“阿波龙”将开放一系列新的能力，使车辆能够在简单城市路况下完成自动驾驶任务。
10 23 9 5 7 0.625
2018年12月份，“阿波龙”会开放特定区域高速和城市道路自动驾驶数据。
10 22 9 4 7 0.46
同时，会开放更多的数据及数据上传的接口。
10 24 9 6 7 0.495
到2020年12月份，高速和城市道路全路网自动驾驶数据会对外开放。
12 14 5 2 5 0.609
这辆百度无人驾驶巴士被定义为绿色电动巴士并拥有百度阿波罗4级的自动驾驶能力，搭载易驱智慧能源系统。
12 13 5 1 5 0.147
上述只是通过这辆巴士的外观已经内部方面所了解的一些信息，当然它也有一些比较官方的资料。
12 15 5 3 5 0.164
车身材料上采用了RTM新型复合材料。
13 7 4 2 2 0.616
2019年，江淮、北汽均将生产基于阿波罗系统的自动驾驶汽车；最早和百度一起合作生产自动驾驶汽车的奇瑞，也会在2020年推出自动驾驶汽车。
13 6 4 1 2 0.55
李彦宏放出的消息有些关键信息：在北京奥林匹克森林公园，智行者扫地汽车搭载了“阿波罗系统”；百度计划在2018年7月与金龙率先实现无人驾驶小巴车的小规模量产及试运营，会先在相对封闭的道路上进行运营。
13 18 13 1 1 0.614
“今年7月百度宣布开放无人驾驶技术平台阿波罗让很多从业者受益，全面首批国家新一代人工智能开放创新平台的自动驾驶平台也将依托百度而建，但这不意味着百度的阿波罗就一定能成为汽车行业的安卓。”陈小兵说，“汽车大厂的技术都足够牛，也有自己的平台，无论是出于安全性考虑还是市场布局的考虑，他们不会用阿波罗这样的开放平台，除非，百度能证明自己比他们强。”
14 3 3 1 4 0.629
基于Apollo平台解决方案的第一辆力帆无人驾驶车在本次战略合作发布会亮相，未来也是盼达租赁的实际用车。
14 4 3 2 4 0.464
该车基于力帆820EV进行打造，官方表示，该车可自动识别交通指示牌和行车信息，具备雷达、相机、全球卫星导航等电子设施，并安装同步传感器。
15 4 2 2 4 0.758
四个月前，百度对外公布Apollo1.0的开放细节以及Apollo开放平台的整体战略和开放路线图，并宣称要让Apollo做汽车产业界的安卓系统，甚至比安卓更开放、更强大。
15 3 2 1 4 0.364
从“AllinAI”到“BringAItoLife”，百度的发展策略紧紧围绕的始终是人工智能。
15 5 2 3 4 0.283
对于想涉足无人驾驶的开发者而言，这无疑是利好消息，因为要实现完全的自动驾驶，调查结果表明需要100辆汽车耗费225年的时间，进行7×24小时不间断测试才能实现。
15 8 3 2 2 0.718
按照李彦宏的说法，百度的Apollo开放平台已经有6000多个开发者正在使用，其中有1700多个合作伙伴加入了Apollo的项目，也有超过100个合作伙伴申请获取Apollo的开放数据，Apollo已经是一个非常活跃的开放系统。
15 7 3 1 2 0.362
四个月后，百度的无人车开到世界大会的会场，观众可以随意上去体验。
15 13 6 1 2 0.726
百度人工智能的技术背后是“百度大脑”，总体而言，百度目前两大开放平台DuerOS与Apollo都在运用百度大脑的核心能力。
15 14 6 2 2 0.499
今年以来，百度一直在持续推进“AllinAI”全面转型，试图将AI技术赋能于各项业务中。
15 24 8 3 3 0.649
目前，百度已经开放了80多项百度大脑的能力，有37万开发者在使用百度大脑的能力，百度大脑被内外部产品调用的次数达到每天2188亿次。
15 23 8 2 3 0.295
“使用的人越来越多，大家平时使用的各种各样移动App、电器以及设备，背后很可能就是百度大脑的能力在起作用。”李彦宏感慨。
17 1 1 1 1 0.677
搭载了Apollo小度车载系统，基于ApolloPilot打造的“阿波龙”微循环车计划2018年量产上市。
17 3 2 2 2 0.641
11月16日，2017百度世界大会在北京举行，百度公司董事长李彦宏透露，目前无人驾驶技术已经成熟，预计明年7月，百度与金龙客车合作生产的无人驾驶小巴车将实现量产。
17 2 2 1 2 0.313
无人驾驶汽车真的要来了。
17 6 4 1 2 0.666
今年7月，百度AI开发者大会上，李彦宏因为乘坐通过Apollo平台生产的无人驾驶汽车引起罚单争议。
17 7 4 2 2 0.223
在2017百度世界大会上，李彦宏首度回应“罚单”事件：“我们的无人车确实吃到了一张罚单，但是我想说的是，如果无人驾驶的罚单已经来了，无人驾驶汽车的量产还会远吗？”
17 39 22 1 1 0.674
百度与金龙客车联合开发的第二代无人驾驶微循环车“阿波龙”是中国首辆商用级无人驾驶微循环车，这款无人驾驶微循环车的诞生，使百度Apollo（无人驾驶技术平台）携手金龙客车进入一个新的高度，将实现工业4.0时代大众出行的新跨越。
17 49 27 1 1 0.617
金龙客车工程研究院副院长陈卫强表示，百度“Apollo基因”的注入与金龙龙翼无人驾驶车联网研发成果的应用，让“阿波龙”拥有最强的“智慧大脑”。
19 2 2 1 1 0.638
“阿波龙”同时也是中国首辆商用级无人驾驶微循环车，这款无人驾驶微循环车的诞生，使百度Apollo携手金龙客车进入一个新的高度，将实现工业4.0时代大众出行的新跨越。
19 21 11 1 4 0.705
2017年4月Apollo计划发布以来，金龙客车成为首批加入Apollo生态的唯一客车企业。
19 22 11 2 4 0.6
7月双方正式签署了技术合作协议，致力于共同发力无人驾驶生态，此后双方高效、扎实推进无人驾驶在中国商用车领域的落地。
19 24 11 4 4 0.605
百度智能驾驶事业群组总经理李震宇表示，Apollo平台正在向产品化、量产化、解决方案化迈进，让自动驾驶真正走进现实生活。
19 23 11 3 4 0.567
从基于Apollo1.0组建的自动驾驶巴士，到首辆无人驾驶微循环车阿波龙的诞生，双方前瞻且具开创性的战略合作，在成就无人驾驶梦想的道路上迈出了里程碑式的步伐。
19 26 12 2 3 0.71
百度Apollo开放平台与金龙客车，通过无人驾驶微循环车在特定场景的运营，为无人驾驶车辆在中国的商用落地树立样本和标杆。
19 25 12 1 3 0.356
真正无人驾驶汽车成为主流交通工具，还需要较长时间的探索。
19 27 12 3 3 0.445
正如金龙客车常务副总经理周方明所说：“无人驾驶未来的路还很漫长，今天我们同百度Apollo共同迈出了自动驾驶商业化的一小步，希望这一小步可以推动新的大众交通方式向前一大步。”
20 1 1 1 1 0.689
雷锋网(公众号：雷锋网)·新智驾消息，11月16日，百度世界大会下午的智能驾驶分论坛上，百度为汽车智能而生的开放平台Apollo宣布了一系列新进展。
20 2 2 1 3 0.797
截至2017百度大会上交成绩单当天，Apollo平台正式开放两款落地产品，分别为Apollo小度车载智能系统和ApolloPilot自动驾驶产品。
20 3 2 2 3 0.567
商业量产上，百度将与金龙客车在2018年推出中国首款无人驾驶微循环巴士“阿波龙”，与江淮、北汽在2019年，与奇瑞在2020年推出自动驾驶量产车型。
20 5 3 1 1 0.673
当天，Apollo发布了两款全新产品：人车AI交互系统——Apollo小度车载系统，以及适应中国市场、可量产的自动驾驶产品——ApolloPilot。
20 6 4 1 1 0.662
百度智能驾驶事业群组总经理李震宇说：“Apollo平台正在向产品化、量产化、解决方案化迈进。”言下之意，在Level4、Level5技术远景之外，Apollo开始选择优先将可落地的智能驾驶技术进行产品化了。
20 20 11 3 3 0.618
与金龙合作的“阿波龙”微循环无人驾驶小巴，也搭载ApolloPilot，计划于2018年上线运营。
20 19 11 2 3 0.564
2018年，ApolloPilot将与多家出行服务商展开合作和示范运营，同年与奇瑞合作的L3级自动驾驶乘用车将实现商业化量产，并于2020年上市。
20 22 13 1 1 0.643
相比于今年7月Apollo平台一系列资源能力的开放和愿景，今天的百度大会，很多人都认为他们看到了Apollo更接地气的一面。
20 28 16 2 3 0.623
但今天，随Apollo小度车载系统和ApolloPilot的推出，百度正在形成汽车工业界以及汽车上游产业链更能够接受的产品。
20 27 16 1 3 0.583
他说，7月初，Apollo以平台的概念，开放的更多是代码，参与者以开发者为主。
20 29 16 3 3 0.527
今天是Apollo“从互联网角度推动汽车产业发展”的尝试。
20 31 18 1 1 0.755
Apollo开放平台和深入汽车业界的可商业化产品也在并行发展，百度方面提供的最新数据显示，目前已有超1700个合作伙伴使用Apollo开源代码，100多个合作伙伴申请数据开放。
21 1 1 1 3 0.756
11月16日在2017百度世界大会上，百度首次向开发者和合作伙伴公布了完整的AI生态开放战略，重点介绍了百度无人驾驶车量产计划。
21 2 1 2 3 0.758
百度Apollo平台发布了全球首款人车AI交互系统Apollo小度车载系统，以及适应中国市场、可量产的自动驾驶产品ApolloPilot。
21 3 1 3 3 -0.014
而这背后的供应链却与成都有着千丝万缕的联系。
21 4 2 1 1 0.631
在百度世界大会现场，百度创始人、董事长兼首席执行官李彦宏演示了Apollo疲劳驾驶监测技术，这是AI技术和安全驾驶场景的结合。
21 9 4 1 4 0.606
这得归功于配备视觉感知模块的人车AI交互系统——Apollo小度车载系统。
21 10 4 2 4 0.342
除了提供疲劳监测功能，这套系统还能自动适配复杂环境，为车主提供实现识别、提醒、接管服务。
22 2 2 1 1 0.607
上证报消息，11月16日，在百度世界大会现场，董事长李彦宏透露，百度计划在2018年7月底，与金龙客车合作实现L4级小型客车的小规模量产及试运营，并在2019年与江淮、北汽，2020年与奇瑞共同推出L3级无人车。
22 3 3 1 2 0.777
15日，科技部召开新一代人工智能发展规划暨重大科技项目启动会，公布了首批国家新一代人工智能开放创新平台名单，“百度自动驾驶国家人工智能开放创新平台”入选。
22 4 3 2 2 0.6
备受关注的是，借助Apollo计划，百度将无人车和自动驾驶产业化的时间点再度提前。
24 3 2 1 1 0.636
百度将与金龙客车合作的首款无人驾驶量产车“阿波龙”。
24 7 4 2 4 0.66
据悉，该款量产车为百度阿波罗与金龙客车合作生产的无人驾驶小巴，名为“阿波龙”。
24 6 4 1 4 0.364
李彦宏透露，百度将在2018年7月底率先推出无人驾驶量产车，这一时间将比业界普遍认为的无人车量产时间提前了两年。
24 8 4 3 4 0.538
另外，到2019年-2020年，百度将与江淮汽车、北汽集团、奇瑞汽车共同推出无人车。
24 10 5 1 2 0.732
李彦宏还透露，目前百度的智能汽车开放平台——Apollo（阿波罗）已经有6000多个开发者在使用，其中有1700多个合作伙伴加入了阿波罗的项目，有超过100个合作伙伴申请获取Apollo的开放数据。
24 11 5 2 2 0.609
阿波罗已经成为了一个活跃的开放系统。
26 1 1 1 2 0.619
近日，2017百度世界大会开启，百度董事长李彦宏在大会上表示，2020年将实现无人驾驶车辆的量产，在2018年底与金龙合作的无人驾驶小巴车将小规模量产及试运营。
26 2 1 2 2 0.58
此外，江淮与北汽也会在2019年生产基于Apollo技术的无人车。
27 1 1 1 1 0.628
厦门网讯(厦门日报记者刘艳)昨日在北京举行的百度世界大会上，百度创始人、CEO李彦宏在主题演讲中表示，百度与金龙客车联合开发的第二代无人驾驶微循环车“阿波龙”，将于2018年实现商用化量产及上线运营。
27 2 2 1 1 0.662
“阿波龙”同时也是中国首辆商用级无人驾驶微循环车，这款无人驾驶微循环车的诞生，使百度Apollo(无人驾驶技术平台)携手金龙客车进入一个新的高度，将实现工业4.0时代大众出行的新跨越。
27 12 7 1 1 0.617
金龙客车工程研究院副院长陈卫强表示，百度“Apollo基因”的注入与金龙龙翼无人驾驶车联网研发成果的应用，让“阿波龙”拥有最强的“智慧大脑”。
27 17 10 2 3 0.71
百度Apollo开放平台与金龙客车，通过无人驾驶微循环车在特定场景的运营，为无人驾驶车辆在中国的商用落地树立样本和标杆。
27 16 10 1 3 0.356
真正无人驾驶汽车成为主流交通工具，还需要较长时间的探索。
27 18 10 3 3 0.486
金龙客车常务副总经理周方明认为:“无人驾驶汽车未来的路还很漫长，今天我们同百度Apollo共同迈出了自动驾驶商业化的一小步，希望这一小步可以推动新的大众交通方式向前迈出一大步”。
28 4 3 1 1 0.62
无人车量产的确不远了，在下午的“智能驾驶分论坛”上，百度发布了两款推进智能汽车量产的产品——全球首款人车AI交互系统“Apollo小度车载系统”，以及近期即可量产的自动驾驶产品ApolloPilot。
28 22 16 1 2 0.786
今年4月公布了“Apollo（阿波罗）计划”，向全产业链开放百度在自动驾驶方面的技术能力，打造智能汽车界的“安卓”。
28 23 16 2 2 0.728
最新数据显示，通过阿波罗平台与百度合作的汽车生产商、汽车产业上下游的软硬件企业已经超过70家，有超过1700个合作伙伴使用Apollo开源代码，100多个合作伙伴申请开放数据。
29 4 2 1 1 0.637
除此之外，本届百度世界大会上，百度还发布了智能音箱产品RavenH，百度的AI版图进一步完善。
29 5 3 1 2 0.605
今年7月的百度AI开发者大会，李彦宏乘坐搭载Apollo系统的无人驾驶汽车前往会场，还因此吃到了罚单。
29 6 3 2 2 0.291
昨天李彦宏提到，无人驾驶的罚单已经来了，无人驾驶汽车的量产还会远吗？
29 7 4 1 1 0.76
据悉，今年7月百度对外开放了无人驾驶技术平台Apollo，到现在已经有6000多个开发者在投票支持Apollo项目；有1700多家合作伙伴加入了Apollo，开始使用Apollo的开源代码；有100多个合作伙伴申请使用Apollo的开放数据。
29 14 6 2 3 0.684
Apollo将携手雄安在智能交通领域合作，共同将雄安打造成全球领先的智能出行城市。
29 13 6 1 3 0.237
李彦宏还表示雄安是“千年大计”，未来的雄安很可能是一个没有拥堵，出行效率极其高，干净、绿色、环保、高效，没有各种各样的身份认证，没有各种各样烦琐程序的一个城市。
29 15 6 3 3 0.639
雄安新区管委会主任陈刚直言：“百度集团在智慧城市建设以及大数据、自动驾驶等方面具有领先优势，欢迎百度在雄安新区筹建开放的、国际化的国家级人工智能实验室、高端应用研究机构，特别是建设自动驾驶高新产业的示范区。”
29 27 14 1 2 0.614
百度在人工智能领域布局多年，AI生态版图不断完善。
29 28 14 2 2 0.785
在百度AI生态版图中，处于基础地位的是百度AI开放平台，在自动驾驶开放平台、智能语音开放平台之外，深度学习开源平台、百度大脑等底层技术开放平台也推动着百度乃至中国人工智能事业的发展。
29 29 15 1 4 0.705
百度AI底层技术开放平台百度大脑包括大规模的神经网络、万亿级的参数、千亿样本和千亿特征训练。
29 30 15 2 4 0.769
PaddlePaddle是国内首个开源深度学习平台，Apollo是全球首个自动驾驶开放平台。
29 31 15 3 4 0.656
目前百度已经开放了80多项百度大脑的能力（API），有37万多个开发者在使用百度大脑各种各样的能力。
29 32 15 4 4 0.444
百度大脑被内外部产品调用的次数达到每天2188亿次。
29 33 16 1 5 0.648
第二层是百度AI合作伙伴。
29 34 16 2 5 0.231
人工智能是一个系统性工程，甚至可以说是对人类社会生活方式的重构，需要更多产业链企业的参与。
30 1 1 1 2 0.636
从概念到产品，11月16日的百度2017世界大会上，百度CEO李彦宏首度系统披露了包括无人驾驶和智能音箱在内的AI落地进展。
30 2 1 2 2 0.569
在阿里、腾讯抢先发布多款AI产品的背景下，最卖力的百度开始解决“纸上谈兵”非议。
30 3 2 1 1 0.612
甚至比计划更早，李彦宏瞄准2018年，“无人驾驶基本共识是2020年量产，但百度希望把时间表再提前一些。百度计划在2018年7月底，与金龙客车实现无人驾驶小巴车的小规模量产；在2019年与江淮生产基于Apollo的自动驾驶汽车、与北汽在同年生产基于Apollo的L3自动驾驶汽车；2020年与奇瑞共同推出无人车”。
30 4 3 1 1 0.672
这些无人驾驶技术的产品落地基于百度4个月前发布的Apollo平台——已经有6000多个开发者使用，1700多个合作伙伴加入了，超过100个合作伙伴申请获取开放数据。
30 5 4 1 2 0.682
比无人车更大的野心是，百度在智慧城市方面也有系统计划，Apollo将联合雄安新区展开智能交通领域合作，共同打造智能出行城市。
30 6 4 2 2 0.474
“百度和保定、芜湖、重庆两江新区、北京亦庄开发区、上海汽车城都在做类似合作。”李彦宏说，“这些进展的背后是百度大脑的支持，它具有语音识别、图像识别、自然语言理解、用户画像四项基本能力。”
30 7 5 1 1 0.678
据悉，百度已经开放了超过80个核心的AI能力，主要是通过API的形式供开发者使用，已经有37万多个合作伙伴加入了百度大脑开放平台，每天百度大脑的各种能力被调用多达2188亿次。
30 13 8 1 1 0.616
据百度智能硬件事业部总经理吕骋透露，ravenR、ravenQ两款产品即将面世，前者为ravenH的可灵活运动升级版，也是全球首款六轴全自动情感机器人；ravenQ则是具备成熟人脸识别、计算机视觉和Apollo自动驾驶的集所有百度人工智能时代技术之大成的终极硬件形态。
30 20 13 1 4 0.619
就在百度披露AI落地路线图的同一天，腾讯入局智能汽车。
30 21 13 2 4 0.498
腾讯公司董事会主席马化腾亲自发布了腾讯在智能网联领域的最新合作成果——由广汽集团自主研发的iSPACE智联电动概念车。
30 27 15 1 3 0.665
在不久前召开的2017腾讯全球合作伙伴大会上，腾讯将AI定位新的开放方向之一。
30 28 15 2 3 0.53
为了在AI领域追赶对手，腾讯还提出一条“基础研究-场景共建-AI开放”的实施路径。
32 1 1 1 2 0.626
新华社北京11月16日电（记者张辛欣、鲁畅）2017百度世界大会16日召开，百度公司董事长李彦宏在大会上指出，目前，无人驾驶技术已经成熟，预计明年7月，百度与金龙客车合作生产的无人驾驶小巴车将实现量产。
32 2 1 2 2 0.613
此外，百度也与江淮、北汽等合作伙伴联合推出更多款车型的无人驾驶汽车。
33 10 5 1 1 0.617
李彦宏透露，在2019年，江淮汽车会生产基于Apollo的自动驾驶汽车；北汽也会在2019年生产基于Apollo的L3自动驾驶汽车；还有最早和百度一起合作生产自动驾驶汽车的奇瑞，会在2020年推出自动驾驶汽车。
33 14 7 1 5 0.614
在大会现场，李彦宏演示了疲劳驾驶监测系统，该系统基于百度大脑图像识别技术研发。
33 15 7 2 5 0.056
通过红外人脸识别判断，当卡车司机被手机干扰转头看信息、犯困开始打哈欠或者疲惫到眼睛睁不开的时候，系统就会及时提醒司机集中精力驾驶。
33 19 8 1 2 0.649
李彦宏还披露，百度已经开放了80多项百度大脑的能力（API），有37万多个开发者在使用百度大脑各种各样的能力。
33 20 8 2 2 0.444
百度大脑被内外部产品调用的次数达到每天2188亿次。
33 21 9 1 3 0.804
同时，百度也在推进Apollo平台和DuerOS生态。
33 22 9 2 3 0.66
目前百度初步形成了对话式人工智能和自动驾驶生态系统，为行业输出多层次、立体化的AI解决方案。
33 23 9 3 3 0.404
此外，百度人工智能技术已覆盖金融、教育、医疗、交通、家电等各行各业。
33 27 12 1 2 0.779
从7月份我们正式开放无人驾驶技术平台Apollo到现在，我们已经有6000多个开发者在投票支持Apollo项目；有1700多家合作伙伴加入了Apollo，开始使用Apollo的开放代码；有100多个合作伙伴申请使用Apollo的开放数据。
33 28 12 2 2 0.343
它已经变成了一个非常活跃的开放平台，很多人都能够从中受益。
34 2 2 1 1 0.618
百度在会上发布了手机百度10.0和全新人工智能硬件「ravenH」等软硬件产品。
34 5 5 1 2 0.756
李彦宏谈到，从7月份我们正式开放无人驾驶技术平台Apollo到现在，已经有6000多个开发者在投票支持Apollo项目；有1700多家合作伙伴加入了Apollo，开始使用Apollo的开源代码；有100多个合作伙伴申请使用Apollo的开放数据。
34 6 5 2 2 0.343
它已经变成了一个非常活跃的开放平台，很多人都能够从中受益。
34 15 9 1 3 0.644
从去年到现在，百度大脑已经开放了超过80个核心的AI能力，主要是通过API的形式供大家使用，已经有37万多个合作伙伴加入了百度大脑开放平台，都在使用百度各种各样的能力。
34 16 9 2 3 0.24
「而使用的频次怎么样呢？每天，百度大脑各种各样的能力被调用的次数是2188亿次。
35 6 3 2 4 0.66
据悉，该款量产车为百度阿波罗与金龙客车合作生产的无人驾驶小巴，名为“阿波龙”。
35 5 3 1 4 0.364
李彦宏透露，百度将在2018年7月底率先推出无人驾驶量产车，这一时间将比业界普遍认为的无人车量产时间提前了两年。
35 7 3 3 4 0.538
另外，到2019年-2020年，百度将与江淮汽车、北汽集团、奇瑞汽车共同推出无人车。
35 9 4 1 2 0.732
李彦宏还透露，目前百度的智能汽车开放平台——Apollo（阿波罗）已经有6000多个开发者在使用，其中有1700多个合作伙伴加入了阿波罗的项目，有超过100个合作伙伴申请获取Apollo的开放数据。
35 10 4 2 2 0.609
阿波罗已经成为了一个活跃的开放系统。
37 8 4 1 2 0.607
在百度世界大会现场，快科技前方编辑捕捉到了百度金龙合作的无人驾驶小巴车。
37 9 4 2 2 0.289
从实车来看，该无人驾驶小巴车尺寸不大，车辆周身安置了多款雷达和传感器，采用双门设计，无方向盘，预计可载乘客四名。
38 6 3 1 2 0.692
现在，百度Apollo开放平台已经有6000多个开发者在使用，其中有1700多个合作伙伴加入了阿波罗的项目，也有超过100个合作伙伴申请获取Apollo的开放数据。
38 7 3 2 2 0.543
阿波罗已经是一个非常活跃的开放系统。
38 16 6 1 2 0.647
李彦宏在现场介绍，从去年到现在百度已开放超过80个核心AI能力，超37万接入AI平台，每天百度大脑被调用2188亿次。
38 17 6 2 2 0.224
百度语音识别翻译的准确率已达到：会场级别95%，大学CET-6翻译测试能达到13.6分，满分是15分。
39 3 2 2 2 0.609
现场展示了首款应用无人驾驶技术的共享汽车。
39 2 2 1 2 0.553
11月13日，百度、盼达用车、力帆汽车无人驾驶战略合作发布会在北京举行。
39 14 7 1 3 0.723
今年4月19日百度正式发布阿波罗计划，向汽车行业及自动驾驶领域的合作伙伴提供平台，帮助他们结合车辆和硬件系统，快速搭建一套属于自己的完整自动驾驶系统。
39 15 7 2 3 0.428
无人驾驶技术的落地除了需要一颗可以自我学习的最强大脑外，离不开车辆的本身作为载体，汽车人工智能依靠高精度地图数据，城市的交通道路数据，例如红绿灯的优化、道路的限流分流等进行自我学习，这些都是基于大数据作为支撑。
39 18 8 2 2 0.659
而大数据、智能化与百度Apollo计划的落地需求刚好契合，能够更快地帮助百度完成自动驾驶技术的优化和商业化运营，共同探索自动驾驶汽车的创新模式。
39 17 8 1 2 0.527
据盼达官方介绍，盼达的核心发展方向是以庞大出行数据库为基础，基于LBS面向消费场景的布局；另一个方向是推动车辆如何更加智能更懂人类，盼达成立了自己的X-pand实验室，应用各样的黑科技在共享汽车上以提升用车体验。
40 3 3 1 4 0.629
基于Apollo平台解决方案的第一辆力帆无人驾驶车在本次战略合作发布会亮相，未来也是盼达租赁的实际用车。
40 4 3 2 4 0.464
该车基于力帆820EV进行打造，官方表示，该车可自动识别交通指示牌和行车信息，具备雷达、相机、全球卫星导航等电子设施，并安装同步传感器。
42 2 1 2 2 0.638
盼达用车创始人及CEO高钰博士、百度智能汽车事业部总经理顾维灏、百度智能汽车副总经理张少宇出席发布会并致辞，盼达与百度的此次合作将成为共享出行领域第一个无人驾驶商业应用项目。
42 1 1 1 2 0.521
中新网11月14日电13日，盼达用车与百度在北京召开发布会，宣布双方将在无人驾驶和示范运营等多个领域和层面达成战略合作。
42 5 2 3 3 0.651
此次与百度合作发布搭载无人驾驶的共享汽车，将开启共享出行领域全新的服务模式，也将给用户带来全新的出行方式。
42 4 2 2 3 0.555
盼达用车CEO高钰博士表示，此次双方的合作是无人驾驶在共享出行领域的第一个商业应用项目，盼达一直致力于通过互联网、车联网、人工智能等创新技术来提升用户的用车体验，通过接入第三方征信免除押金、第三方用车接口等来简化用户的用车流程，在各个方面，盼达都已经走在了前列。
42 7 4 1 3 0.664
双方在发布会现场宣布，盼达用车与百度将共同成立一个支撑无人驾驶商业运营的技术服务公司，目前，该项目正在选择示范落地的城市，而该模式也是百度阿波罗计划里落地应用的示范。
42 8 4 2 3 0.566
百度智能汽车事业部总经理顾维灏在现场作了相关介绍，利用百度的无人驾驶技术，盼达用车将实现更深层次的智能化，进一步优化用户的用车体验，提高产品的人机交互体验。
42 9 4 3 3 0.635
示范运营项目的落地，有助于双方在各自领域实现快速发展，全面打造“共享汽车+无人驾驶”的新生态。
43 1 1 1 1 0.726
11月13日下午，力帆、百度等召开发布会，力帆汽车、盼达用车将正式成为百度Apollo开放平台的生态合作伙伴，三方将在无人驾驶领域展开战略合作，推动无人驾驶在共享汽车商业化场景的实际应用。
43 3 2 2 3 0.723
在发布会现场，力帆还展示旗下基于Apollo平台解决方案的第一辆无人驾驶商用共享汽车。
43 2 2 1 3 0.265
近年来，随着人工智能的快速发展，国内制造业面临前所未有的大变革。
43 4 2 3 3 0.607
力帆集团总裁马可表示，力帆汽车希望通过与百度、盼达的合作，充分利用各自的资源优势，共同推进无人驾驶技术的发展和商业化推广应用。
43 5 3 1 1 0.632
据力帆集团副总裁沈浩杰透露，三方合作内容主要包括三个部分，首先百度的高精度地图服务是力帆自动驾驶、无人驾驶领域的唯一合作伙伴；力帆、盼达加入百度Apollo生态，并达成战略合作；百度将提供高精地图和无人驾驶解决方案，力帆汽车则负责协调盼达用车的试验车辆以及市场运营车辆，三方协作推进量产开发。
43 6 4 1 1 0.622
此外，百度智能汽车事业部总经理顾维灏表示，共享汽车是百度极为关注的无人驾驶商业化场景，此次Apollo与力帆汽车及盼达用车的合作，将使无人驾驶技术能够在共享汽车领域落地，这是无人驾驶产品在商业化场景实际应用中历史性的一刻。
44 2 1 2 3 0.81
力帆、盼达成为百度Apollo开放平台的生态合作伙伴。
44 1 1 1 3 0.448
中新网北京11月13日电(记者刘贤)百度、力帆、盼达13日在北京联合发布无人驾驶领域合作内容。
44 3 1 3 3 0.551
三方将推动无人驾驶在共享汽车商业化场景的实际应用。
44 4 2 1 1 0.633
据力帆集团副总裁兼汽车研究院院长沈浩杰透露，合作内容主要包括三个部分：首先百度的高精度地图服务是力帆自动驾驶、无人驾驶领域的唯一合作伙伴；力帆、盼达加入百度Apollo生态，并达成战略合作；百度将提供高精地图和无人驾驶解决方案，力帆则负责协调盼达的试验车辆以及市场运营车辆，三方协作推进量产开发。
44 5 3 1 4 0.653
百度的Apollo平台旨在帮助汽车行业及自动驾驶领域的合作方结合车辆和硬件系统，搭建一套属于自己的自动驾驶系统。
44 6 3 2 4 0.588
百度智能汽车事业部总经理顾维灏表示，一直以来，共享汽车都是百度极为关注的自动驾驶商业化场景。
44 7 3 3 4 0.606
此次Apollo与力帆和盼达的合作，使自动驾驶技术能够在共享汽车领域落地，极具市场潜力。
44 8 3 4 4 0.452
百度可以帮助盼达解决一些问题，例如用户怎么方便地找到汽车，并且提高共享汽车的运营效率。
44 10 4 2 4 0.683
作为一家汽车生产商，力帆在发布会上展示其基于Apollo平台解决方案的第一辆无人驾驶汽车。
44 9 4 1 4 0.28
力帆集团旗下的力帆股份是A股上市企业(股票代号601777)。
44 11 4 3 4 0.354
它具备雷达、相机、全球卫星导航等电子设施，并安装同步传感器。
45 19 12 2 3 0.696
今年3月，百度宣布，将自动驾驶事业部（L4）与智能汽车事业部（L3）合并，成立了新的智能驾驶事业群（IDG）；随后又在4月公布了“Apollo（阿波罗）计划”，向全产业链开放百度在自动驾驶方面的技术能力，打造智能汽车界的“安卓”。
45 18 12 1 3 0.397
目前，智能驾驶是百度人工战略中颇为重要的一环。
45 20 12 3 3 0.57
目前阿波罗平台1.0已经上线，并将于年底推出1.5版本。
46 3 3 1 1 0.692
在题为“开放共赢加速人工智能产业化落地”的报告演讲中，陆奇表示，百度发展人工智能的基本发展思路和整体战略布局，就是打造最开放的AI平台。
46 6 6 1 1 0.758
百度先后上线了DuerOS和Apollo（阿波罗）两个开放技术平台，前者专注于为智能硬件厂商提供对话式的自然语音交互技术，后者则是目前国内惟一向全产业链上下游开放的智能驾驶技术平台。
46 10 9 1 4 0.777
百度另一大技术开放平台就是今年4月发布的“Apollo（阿波罗）计划”。
46 11 9 2 4 0.354
陆奇在当天的演讲中指出，自主体系是今天这个时代，最前沿的计算机技术。
46 65 25 1 3 0.613
我们基本发展思路和整体战略布局，是打造最开放的AI平台。
46 66 25 2 3 0.275
我们认为，虽AI商业化的最佳途对百度来说，就是平台化、生态化。
46 70 27 2 5 0.633
阿波罗是我们无人驾驶、自动驾驶的一个平台。
46 69 27 1 5 0.394
同时在人工智能时代，我刚才讲到，新一代的人工智能计算平台的端，它是有智力的，在这方面我们有DuerOS，它是一个能唤醒万物的平台。
46 71 27 3 5 0.573
同时我们也在打造新的移动生态的平台。
46 95 33 1 3 0.612
我们DuerOS是一个开放的平台，我们有非常大的合作伙伴矩阵和开发者阵营。
46 96 33 2 3 0.428
开发者可以为我们提供新的性能，合作伙伴可以把我们的技术做在各种器件里。
46 111 37 4 8 0.605
我们把百度过去四年多所累积的无人驾驶技术和信息技术开放出来，供合作伙伴使用。
46 110 37 3 8 0.568
我们写了一个阿波罗宣言，16个字：开放能力，共享资源，加速创新，持续共赢。
46 112 37 5 8 0.461
我们的合作伙伴可以拿到百度的技术，同时它也可以贡献它的资源。
47 10 9 1 1 0.603
腾讯董事长马化腾3月份表示，他希望未来腾讯能开发基于AI的无人驾驶汽车技术。
48 24 11 1 2 0.747
根据时间规划，阿波罗资源共享将在今年年底对社会进行数据平台2.0版本开放。
48 25 11 2 2 0.647
到2020年底，百度自动驾驶功能将全部开放，包括城市道路，高速路。
49 35 16 1 2 0.611
2017年7月5日，百度AI开发者大会中，李彦宏在视频中自己乘坐无人驾驶汽车，并借此向观众展示百度近年来研发的无人驾驶汽车技术。
49 36 16 2 2 0.469
作为国内著名的搜索引擎，百度在国内无人驾驶汽车领域已经捷足先登了。
49 95 44 1 2 0.611
2017年7月5日，百度AI开发者大会中，李彦宏在视频中自己乘坐无人驾驶汽车，并借此向观众展示百度近年来研发的无人驾驶汽车技术。
49 96 44 2 2 0.469
作为国内著名的搜索引擎，百度在国内无人驾驶汽车领域已经捷足先登了。
50 19 11 1 1 0.697
在阿里云栖大会刷屏之际，百度李彦宏夜访北汽，宣布了先后于2019年、2021年的量产无人驾驶汽车计划，将以百度Apollo开放平台与北汽集团车辆平台为基础，借助AI，于2019年前后实现L3级别自动驾驶车辆量产，2021年前后实现L4级别自动驾驶车辆量产。
50 20 12 1 3 0.625
10月17日，百度宣布，Apollo计划开放能力后的首批无人驾驶量产车，最快将于明年问世。
50 21 12 2 3 0.581
百度与厦门金龙联合汽车工业有限公司签署战略合作协议，双方将于2018年7月小批量产合作研发的无人驾驶微循环车，后续投入试运营。
50 23 13 1 1 0.658
与百度的Apollo平台聚焦于汽车不同，AliOS的布局似乎超出了汽车范畴，谋求万物互联。
50 30 17 1 1 0.63
与阿里巴巴抛出AliOS的智联网汽车并开源的计划不同，百度旨在打造一个“自动驾驶的安卓”。
50 31 18 1 2 0.743
此前2017年4月19日，百度宣布开放自动驾驶平台，在这个取名“Apollo”的新计划中，百度表示将向汽车行业及自动驾驶领域的合作伙伴提供一个开放、完整、安全的软件平台，帮助他们结合车辆和硬件系统，快速搭建一套属于自己的完整的自动驾驶系统。
50 32 18 2 2 0.664
在今年7月，阿里新任主帅陆奇表示，Apollo比安卓更加开放、能力更强。
50 33 19 1 2 0.638
在车联网方面，百度Apollo将DuerOS、车辆信息安全、图像识别等产品和技术与北汽集团车载系统深度融合，共同打造一站式车联网产品。
50 34 19 2 2 0.65
预计到2018年底，北汽集团自主品牌全面搭载百度Apollo车联网产品。
50 36 20 2 4 0.635
目前百度在自动驾驶技术上的积累已经处于国内前列，未来阿波罗计划的生态还会囊括百度大脑和智能云等项目。
50 35 20 1 4 0.552
唐欣认为，百度的“阿波罗计划”更侧重于自动驾驶和人工智能技术，可以说和公司的战略转型一脉相承。
50 37 20 3 4 0.458
其竞争对手除了以谷歌为代表的自动驾驶技术提供商外，还有特斯拉、丰田等一众有意开发自动驾驶技术的车企。
50 47 25 1 2 0.692
按照陆奇的说法，今年9月份，Apollo开放固定车道自动驾驶能力和开放部分仿真引擎数据；到今年年底，Apollo将开放一系列新的能力，使车辆能够在简单城市路况下，完成自动驾驶任务，同时会开放更多的数据及数据上传的接口。
50 48 25 2 2 0.648
2018、2019、2020年，Apollo会加强开发能力，加速开放速度，直到最后实现完全自动无人驾驶。
50 50 26 2 2 0.769
百度和北汽已经宣布，在自动驾驶方面，将以百度Apollo开放平台与北汽集团车辆平台为基础，借助百度人工智能核心技术，逐步应用于北汽集团的乘用车、商用车、新能源汽车的各个车型上，形成北汽集团“集团化2.0”时代智能化发展的新格局，百度Apollo开放平台在汽车产业全面落地。
50 49 26 1 2 0.424
重要的是，百度得到了重量级合作伙伴的支持。
51 1 1 1 2 0.704
【PConline资讯】据报道，百度公司董事长兼CEO李彦宏周二在WSJD．Live全球科技大会上表示，通过今年推出的阿波罗（Apollo）开源自动驾驶平台，百度押注无人驾驶汽车行业。
51 2 1 2 2 0.567
目前百度正在与北京汽车合作，计划到2019年实现部分自动驾驶汽车的量产，到2021年实现全自动驾驶汽车的量产。
51 7 4 1 2 0.603
此外，百度昨日在官方渠道公布，与金龙客车签署战略合作协议，决定于2018年实现商用级无人驾驶微循环车的小规模量产及试运营。
51 8 4 2 2 0.482
这是继北汽和雄安之后，这个月内百度的第三次重大合作。
52 4 2 1 1 0.617
10月17日，百度Apollo（阿波罗）与金龙客车的合作再落实锤，双方宣布，将在2018年7月底前实现商用级无人驾驶微循环车的小规模量产及试运营，这将是国内首个实现量产的无人驾驶客车。
52 14 6 1 1 0.638
除了百度，阿里巴巴集团9月27日宣布升级操作系统战略，发布全新的AliOS品牌，并提出“携手斑马网络和更多汽车全产业链的合作伙伴，共同推动汽车行业的智能化转型”。
53 3 2 1 1 0.671
百度董事会副主席、百度集团总裁兼首席运营官陆奇表示：“商用汽车将是自动驾驶技术率先商业量产的产品。Apollo平台和金龙客车携手合作，通过双方各自在人工智能和车辆制造方面的突出优势，不仅可以创造丰厚的商业价值，还能改善历史已久的中国交通问题，助推中国汽车产业升级。Apollo平台将快速帮助中国汽车工业实力在数年内实现跳跃性增长。”
54 1 1 1 1 0.693
在百度2017年9月20日举行的Apollo1.5开放技术发布会上，金龙客车基于Apollo1.0组建的一款自动驾驶巴士，让全汽车行业看到大型商用汽车实现自动驾驶的可行性。
54 10 6 1 1 0.62
金龙第二代无人驾驶微循环车依托金龙客车扎实的研发实力和车辆制造平台，结合Apollo的自动驾驶解决方案，开启了国内无人驾驶巴士整车设计、量产标准和上路运行模式的探索先河，在中国客车乃至汽车工业“智造”的进程中迈出里程碑式的新步伐。
54 12 7 2 5 0.735
金龙客车是Apollo首批生态合作伙伴，也是首个加入Apollo生态的客车企业。
54 11 7 1 5 0.577
Apollo与金龙客车此前便达成了深度合作伙伴关系。
54 13 7 3 5 0.56
早在2017年4月初Apollo计划发布时，金龙客车就同百度建立了联系，2017年6月份双方正式签署了技术合作协议。
54 14 7 4 5 0.603
在9月20日Apollo1.5开放技术发布会上，借助Apollo1.0高效的赋能，金龙微循环公交实现了平稳的自动循迹驾驶以及流畅的控制体验。
54 15 7 5 5 0.438
在大会上，双方表示还将继续深化合作，推进自动驾驶的商业化项目，并根据行业标准和政策法规的发展和要求，适时的推动自动驾驶在中国的示范运营。
54 19 9 1 1 0.671
百度董事会副主席、百度集团总裁兼首席运营官陆奇表示：“商用汽车将是自动驾驶技术率先商业量产的产品。Apollo平台和金龙客车携手合作，通过双方各自在人工智能和车辆制造方面的突出优势，不仅可以创造丰厚的商业价值，还能改善历史已久的中国交通问题，助推中国汽车产业升级。Apollo平台将快速帮助中国汽车工业实力在数年内实现跳跃性增长。”
55 2 2 1 2 0.729
李彦宏周二在《华尔街日报》WSJD.Live全球科技大会上表示，通过今年推出的阿波罗（Apollo）开源自动驾驶平台，百度押注自己能够成为无人驾驶汽车行业的一个主要参与者。
55 3 2 2 2 0.594
李彦宏称，百度正在与北京汽车股份有限公司合作，计划到2019年实现部分自动驾驶汽车的量产，到2021年实现全自动驾驶汽车的量产。
56 9 5 1 1 0.638
对于双方合作，陆奇表示：“商用汽车将是自动驾驶技术率先商业量产的产品。Apollo平台和金龙客车携手合作，通过双方各自在人工智能和车辆制造方面的突出优势，不仅可以创造丰厚的商业价值，还能改善历史已久的中国交通问题，助推中国汽车产业升级。Apollo平台将快速帮助中国汽车工业实力在数年内实现跳跃性增长。”
57 4 1 4 4 0.646
百度集团在智慧城市建设以及大数据、自动驾驶等方面具有领先优势，欢迎百度在雄安新区筹建开放的、国际化的国家级人工智能实验室、高端应用研究机构，特别是建设无人驾驶高新产业的示范区。
57 3 1 3 4 0.332
未来雄安新区规划建设的一个核心理念是把城市还给人，改变传统的按照汽车尺度来设计城市、道路的做法，按照人的尺度来设计，把城市还给人，把路面、空间还给人。
57 5 2 1 2 0.604
百度集团总裁兼首席运营官陆奇指出，百度集团在云计算、边缘计算、大数据、人工智能、自动驾驶等领域具有世界领先的技术与应用，希望与雄安新区在智能城市规划设计、信息基础设施建设、智能产业试点示范等领域深化合作，服务于雄安新区千年大计、国家大事。
57 6 2 2 2 0.424
（原题为《雄安新区与百度集团对接座谈！透露这些重要信息》）
58 2 2 1 1 0.605
在刚刚结束的发布会上，我们和北汽达成了集团层面的战略合作，将在自动驾驶、车联网、云服务等领域，全面打造“人工智能＋汽车”生态。
58 9 7 1 1 0.602
Apollo作为一个开放的、完整的、安全的平台，希望能为汽车行业及自动驾驶领域的合作伙伴提供技术，使他们能够快速搭建属于自己的完整的自动驾驶系统。
58 15 13 1 1 0.705
在自动驾驶方面，以百度Apollo开放平台与北汽集团车辆平台为基础，借助百度人工智能核心技术，将在2019年前后实现L3级别自动驾驶车辆量产，2021年前后实现L4级别自动驾驶车辆量产。
58 16 14 1 2 0.638
在车联网方面，百度Apollo将DuerOS、车辆信息安全、图像识别等产品和技术与北汽集团车载系统深度融合，共同打造一站式车联网产品。
58 17 14 2 2 0.635
预计到2018年底，北汽集团自主品牌全面搭载百度Apollo车联网产品，到2019年，搭载百度车联网产品的北汽集团旗下车辆将突破100万台。
58 19 16 1 1 0.677
在规划中，合作的解决方案将逐步应用于北汽集团的乘用车、商用车、新能源汽车的各个车型上，形成北汽集团“集团化2.0”时代智能化发展的新格局，百度Apollo开放平台在汽车产业实现全面落地。
59 2 1 2 2 0.624
双方将在自动驾驶、车联网、云服务等领域达成集团层面战略合作，打造“人工智能+汽车”生态。
59 1 1 1 2 0.507
10月13日，北汽集团与百度签署战略合作协议，在汽车智能化领域达成集团层面的战略合作。
59 3 2 1 1 0.727
在签约仪式上双方宣布将以百度Apollo开放平台与北汽集团车辆平台为基础，借助百度人工智能核心技术，于2019年前后实现L3级别自动驾驶车辆量产，2021年前后实现L4级别自动驾驶车辆量产。
59 4 3 1 1 0.637
此外，百度Apollo还将在车联网方面将DuerOS、车辆信息安全、图像识别等产品和技术与北汽集团车载系统深度融合，共同打造一站式车联网产品。
59 8 6 2 2 0.627
预计到2018年底，北汽集团自主品牌将全面搭载百度Apollo车联网产品，而搭载百度车联网产品的北汽集团旗下车辆将在2019年底突破100万辆。
59 7 6 1 2 0.494
按照规划，未来双方合作的解决方案将逐步应用于北汽集团的乘用车、商用车、新能源汽车等各个车型上。
60 2 1 2 2 0.634
当天，双方宣布在自动驾驶、车联网、云服务等领域达成集团层面战略合作，打造“人工智能＋汽车”生态。
60 1 1 1 2 0.455
【TechWeb报道】10月14日消息，北汽集团与百度战略合作协议签约仪式在北京汽车产业研发基地举行。
60 8 4 1 4 0.721
现场，双方宣布在自动驾驶方面，将以百度Apollo开放平台与北汽集团车辆平台为基础，借助百度人工智能核心技术，于2019年前后实现L3级别自动驾驶车辆量产，2021年前后实现L4级别自动驾驶车辆量产。
60 9 4 2 4 0.637
同时，在车联网方面，百度Apollo将DuerOS、车辆信息安全、图像识别等产品和技术与北汽集团车载系统深度融合，共同打造一站式车联网产品。
60 10 4 3 4 0.635
预计到2018年底，北汽集团自主品牌全面搭载百度Apollo车联网产品，到2019年，搭载百度车联网产品的北汽集团旗下车辆将突破100万台。
60 11 4 4 4 0.547
此外，双方共同探讨在云服务领域展的相关合作，打造全新云生态系统，探索智慧交通、移动出行等大数据增值服务。
60 12 5 1 1 0.683
按照规划，双方合作的解决方案将逐步应用于北汽集团的乘用车、商用车、新能源汽车的各个车型上，形成北汽集团“集团化2.0”时代智能化发展的新格局，百度Apollo开放平台在汽车产业全面落地。
61 1 1 1 1 0.627
新浪科技讯10月13日晚间消息，百度今天与北汽集团在北京汽车产业研发基地举行合作协议签约仪式，双方将在自动驾驶、车联网、云服务等领域达成集团层面战略合作，全面打造“人工智能+汽车”生态。
61 2 2 1 1 0.726
签约仪式上，双方宣布将以百度Apollo开放平台与北汽集团车辆平台为基础，借助百度人工智能核心技术，于2019年前后实现L3级别自动驾驶车辆量产，2021年前后实现L4级别自动驾驶车辆量产。
61 3 3 1 1 0.637
此外，百度Apollo还将在车联网方面将DuerOS、车辆信息安全、图像识别等产品和技术与北汽集团车载系统深度融合，共同打造一站式车联网产品。
61 4 4 1 2 0.635
据双方预计，到2018年底，北汽集团自主品牌将全面搭载百度Apollo车联网产品，而搭载百度车联网产品的北汽集团旗下车辆将在2019年底突破100万辆。
61 5 4 2 2 0.56
此外，双方还将在云服务领域展开相关合作，打造云生态系统，对智慧交通、移动出行等大数据增值服务进行探索。
63 2 1 2 2 0.621
会上，中国电信、百度、大唐共同发布了“基于车联网的无人驾驶行动计划”，此外，中国电信还与国家电网、华为共同启动联合创新项目，发力5G切片电力行业应用。
63 1 1 1 2 0.307
新浪科技讯9月15日下午消息，2017新一代互联网基础设施论坛在京召开。
64 29 12 2 2 0.688
在交付活动中，百度和江淮汽车对外透露了清晰的合作规划：双方将于2019年推出自动驾驶量产车型，这也成为百度发布Apollo开放平台以来，其自动驾驶解决方案首批量产落地的里程碑式事件。
64 28 12 1 2 0.539
就在8月底，江淮汽车向百度交付了数十辆瑞风S3汽车，助力百度高精地图采集。
64 36 15 2 2 0.606
据广汽集团相关负责人说，广汽集团新能源无人驾驶汽车开发采取分阶段推进方式：第一阶段，进行自动驾驶关键技术的开发，完成自动驾驶样车的高速、低速初步路试；第二阶段，将车联网和车网充电引入智能汽车中，实现信息化智能驾驶；第三阶段，整合相关资源建立“信息云”、“能量云”平台，实现新能源智能汽车的示范运营和关键零部件的产业化。
64 35 15 1 2 0.421
此外，广汽集团也已介入无人驾驶研发中。
64 44 18 1 1 0.732
今年7月5日，百度在举办的“百度AI开发者大会”上，正式发布了其Apollo无人驾驶平台计划，李彦宏更是为Apollo亲自站台，坐着Apollo无人驾驶平台开发的无人驾驶车抵达会场。
65 1 1 1 1 0.69
今年的百度AI开发者大会上，陆奇坦言百度的阿波罗计划就是要成为汽车工业中的安卓。
65 11 8 1 2 0.601
我们总结了五个关键节点，来测算AI+开放平台在无人驾驶格局中的卡位赛。
65 12 8 2 2 0.057
未来无人驾驶界的关键剧情反转，或许就发生在这五局之中。
66 5 2 1 2 0.715
今年7月5日，百度在北京国家会议中心举办百度AI开发者大会时，李彦宏乘坐通过百度Apollo无人驾驶平台开发的无人驾驶汽车前往会场。
66 6 2 2 2 0.367
在大会现场的视频连线中，李彦宏与正在台上发言的百度公司首席运营官陆奇沟通，表示车辆刚上五环，行驶顺利。
68 1 1 1 2 0.645
【TechWeb报道】根据国微软方面的消息，微软与国内第一大搜索公司百度在美国华盛顿州雷德蒙德宣布合作，双方通过微软Azure向阿波罗合作伙伴提供云平台，在中国境外安全分享技术。
68 2 1 2 2 0.377
其目的是为了托扎无人驾驶技术的发展。
68 3 2 1 2 0.613
阿波罗是百度四月份推出的项目，是一个开放式平台，旨在让无人驾驶汽车比较快速的在城市道路上行驶，算是快速落地的一个服务平台，从而推动自动驾驶技术发展。
68 4 2 2 2 0.312
前不久百度大会上李彦宏也曾经展示了一下，虽然引起了很大争议，但不得不说无人驾驶汽车正在前进的道路上。
68 5 3 1 1 0.815
作为阿波罗开放平台的一员，微软将在全球除中国以外的地区为百度阿波罗开放平台提供微软智能云Azure服务。
70 3 2 1 4 0.651
在7月5日召开的百度AI开发者大会上，百度COO陆奇在介绍百度无人驾驶平台阿波罗时，连线正在搭乘无人驾驶汽车的李彦宏，李彦宏通过视频直播展示了一段自己乘坐公司研发的无人驾驶汽车的情景。
70 4 2 2 4 0.237
视频中，李彦宏坐在一辆红色的汽车的副驾驶座位上，视频中驾驶座位没有驾驶员。
71 1 1 1 2 0.717
7月5日，百度创始人、董事长兼CEO李彦宏乘坐百度无人驾驶汽车进入百度AI开发者大会会场，成为百度自动驾驶领域“Apollo（阿波罗）计划”推行成果的重要体现。
71 2 1 2 2 0.606
这一计划意在向汽车行业及自动驾驶领域的合作伙伴提供一个开放、完整、安全的软件平台，帮助他们结合车辆和硬件系统，快速搭建一套属于自己的完整的自动驾驶系统。
71 3 2 1 4 0.66
对此，百度首席运营官兼总裁陆奇介绍，Apollo是自动驾驶的安卓，并宣布Apollo生态成立，目前已拥有超过50家合作伙伴，包括整车厂商、集成制造商、芯片厂商、传感技术企业、研究机构等。
71 4 2 2 4 0.448
李彦宏表示，AI是必由之路，开放让所有人都收获更多。
74 1 1 1 3 0.643
昨天，在北京国家会议中心召开的2017百度AI开发者大会上，主要是为了宣布酝酿多年的“Apollo阿波罗”计划正式诞生。
74 2 1 2 3 0.552
百度董事会副主席、集团总裁兼首席运营官陆奇在介绍百度无人驾驶平台Apollo时，与正在前往会场的百度创始人兼CEO李彦宏连线。
75 2 1 2 3 0.687
大会上，百度集团总裁陆奇详细介绍了百度无人驾驶Apollo（阿波罗）计划。
75 1 1 1 3 0.551
7月5日上午，百度在京正式召开“百度AI开发者大会”（BaiduCreate2017）。
75 3 1 3 3 0.576
他表示，Apollo就是自动驾驶的安卓，比安卓更加开放、能力更强。
75 4 2 1 1 0.611
据了解，该计划向汽车行业及自动驾驶领域的合作伙伴提供一个开放、完整、安全的软件平台，帮助他们结合车辆和硬件系统，快速搭建一套属于自己的完整的自动驾驶系统。
75 29 17 1 1 0.679
利用阿波罗开放平台和参考硬件，开汽车行业及自动驾驶领域的合作伙伴快速搭建一套属于自己的完整的自动驾驶系统。
76 7 3 1 3 0.703
在自动驾驶领域，百度将推出Apollo计划，在后台提供百度大脑和智能云，为汽车带来自动驾驶未来。
76 8 3 2 3 0.55
在端上，百度通过由度秘升级来的DuerOS作为交互平台，可以嵌入任何一个平台，提供有效服务。
78 2 2 1 1 0.685
昨日，百度在北京国家会议中心举办百度AI开发者大会时，百度公司创始人、董事会主席兼首席执行官李彦宏，乘坐通过百度Apollo无人驾驶平台开发的自动驾驶汽车前往会场。
79 16 6 6 6 0.628
据悉，此次李彦宏乘坐的无人驾驶汽车基于最新推出的Apollo技术，由百度和博世一起开发，汽车会自动识别路上障碍。
79 15 6 5 6 0.369
百度无人驾驶汽车实线变道不打灯问题，或涉及车辆系统对路况的判断错误。
81 5 2 1 3 0.686
昨日，在百度AI开发者大会上，陆奇介绍百度无人驾驶平台Apollo时，与正在前往会场的李彦宏连线。
81 6 2 2 3 0.367
视频连线中，李彦宏乘坐在一辆无人驾驶汽车的副驾驶位置。
81 7 2 3 3 0.669
陆奇介绍，李彦宏正在乘坐通过Apollo平台生产的无人驾驶汽车。
83 1 1 1 2 0.772
7月5日，百度AI开发者大会在北京召开，其全力打造的Apollo自动驾驶开放平台成为现场最具人气的热点。
83 2 1 2 2 0.562
从今年4月份百度首次公布Apollo至今，Apollo的“季报”备受期待。
83 3 2 1 1 0.741
在当日上午召开的主论坛上，百度总裁兼首席运营官陆奇详细解读了Apollo整体战略和开放路线图，并宣布百度自动驾驶系统Apollo生态正式诞生。
83 5 3 2 2 0.661
据陆奇透露，初始合作伙伴已经超过50个，“毫无疑问，Apollo是今天整个汽车工业最强大的自动驾驶生态。”
83 4 3 1 2 0.36
值得一提的是，陆奇在演讲中将该生态的“朋友圈”名单打到了身后的大屏幕上，包括戴姆勒、福特两家国际车企以及东风、长安等13家中国车企，此外，还包括产业链上一流的芯片公司、传感器公司、地图公司、云服务公司、研究机构等，如微软、intel、路畅科技、中兴通讯、清华大学等。
83 11 6 1 2 0.692
在业界看来，Apollo平台的开放是全球范围内自动驾驶技术首次“系统级”开放，对整个产业链的提速及落地具有重大意义。
83 12 6 2 2 0.524
对此，陆奇亦表示：“Apollo开放平台是汽车界的安卓系统，并且比安卓更开放、更强大，对于整个汽车工业的贡献将是非常巨大、非常深远的。”
83 13 7 1 3 0.682
陆奇用“开放能力、共享资源、加速创新、持续共赢”16字概述了Apollo生态的战略目标。
83 14 7 2 3 0.539
陆奇认为，快速创新的Apollo生态将是中国汽车工业未来数年内跳跃式赶超的跳板。
83 17 8 2 2 0.698
陆奇透露，百度还将在美国、新加坡等地成立Apollo子公司，“今天的Apollo已经是世界上最强大的自动驾驶生态。Apollo有能力实现中国近现代史上第一次以中国公司、中国技术来引领世界级产业。”
83 16 8 1 2 0.584
除了对中国无人驾驶产业链赋能，百度还将向全球赋能。
84 20 14 2 2 0.641
陆奇气宇轩昂地表示：“百度将以AI为基础，大幅度推进搜索、手机百度和信息流核心业务，同时百度还将用人工智能打造金融、智能云、DuerOS、自动驾驶汽车一系列新业务。这些业务有能力成为百度未来的核心业务！”
84 19 14 1 2 0.571
百度的能力就是通过AI为各行各业赋能，陆奇认为百度有能力、有决心成为人工智能领域的标杆公司。
84 25 17 3 3 0.601
后台将是百度大脑和智能云。
84 24 17 2 3 0.535
前台是百度DuerOS，让每个设备都能够听说、交互，百度也将提供阿波罗，为每一辆汽车带来自动驾驶的未来。
84 26 18 1 2 0.776
陆奇的开场演讲之后，百度度秘事业部总经理景鲲上台，宣布了DuerOS开放平台的全面开放。
84 27 18 2 2 0.472
在将翻页器交给DuerOS演讲部分的百度度秘事业部总经理景鲲前，陆奇先是不吝赞美这位产品方面的佼佼者。
84 36 23 1 1 0.606
DuerOS开放平台宣布全面开放10大类别100多项原生技能，汇集了广泛的生态合作伙伴：硬件厂商、芯片厂商、模组方案商、内容商、开发者……也就是从软件方面拥有百度的DuerOS的开放平台，硬件厂商方面提供了模块化的方案，开发者可以用一个非常简单的模块将一台普通音箱升级为具备DuerOS全部能力的对话音箱，而那个模块只有硬币大小，成本只有15块。
84 37 24 1 1 0.675
同时，景鲲宣布百度将全资收购AI创业公司KITT.AI，并且会把KITT.AI的语音能力和自然语言处理能力融入到百度平台中，全面免费向百度的合作伙伴赋能开放，而后者是世界上唯一一家获得亚马逊Alexa和微软联合创始人PaulAllen投资的公司。
84 40 26 2 3 0.659
百度向自动驾驶以及汽车业内提供了一个开放的软件平台，意在帮助整个汽车生态的厂商结合它们的车辆快速搭建一个完整的自动驾驶系统。
84 39 26 1 3 0.573
今年的4月19日，百度在上海车展正式公布了“Apollo（阿波罗）计划”。
84 41 26 3 3 0.53
而在今天的开发者大会现场，陆奇进一步介绍了阿波罗计划的规划。
84 42 27 1 1 0.612
阿波罗计划，通过百度开放的自动驾驶解决方案和软件能力，将整个生态闭环中的主机厂、零器件供应商、芯片厂商、端到端的方案提供商以及各类Tier1供应商等集结在一个系统里，一起助推自动驾驶技术的发展。
84 54 35 1 1 0.646
到今年9月，阿波罗将会开放固定车道自动驾驶能力和开放部分仿真数据；到今年年底，阿波罗将开放一系列的能力，使车辆能够在简单城市路况下，完成自动驾驶任务，同时会开放更多的仿真数据及数据上传的接口；2018-2020年，阿波罗会持续开放，加快创新速度，直到最后实现完全自动无人驾驶。
84 57 38 1 1 0.618
陆奇宣布，以后每个开发者都能用阿波罗开发无人车！百度已经将Apollo1.0的相关内容完全开放在GitHub上。
85 5 4 1 1 0.683
这是百度第一次对外公布完整的AI生态开放战略。
85 9 6 1 1 0.845
百度公布的AI开放生态战略包括：前端的对话式人工智能系统DuerOS和自动驾驶Apollo开放平台，以及后端的百度大脑和智能云。
85 10 7 1 2 0.787
其中，DuerOS与Apollo开放平台都运用了百度大脑的核心能力。
85 11 7 2 2 0.67
陆奇指出，百度已构建包含算法层、感知层、认知层和平台层技术架构的AI技术平台，并宣布百度大脑将全面开放60项核心AI能力，其中包括语音、视频、增强现实、机器人视觉、自然语音处理五大类14项新能力。
85 17 10 1 1 0.626
陆奇在演讲中表示，百度已经是一家AI公司，并使用AI来提升搜索、信息流、手机百度等现有的核心业务，也会用AI来建设金融服务、智能云、DuerOS、自动驾驶汽车等一系列基于AI的新业务。
85 25 16 1 1 0.786
继今年4月，百度发布“Apollo（阿波罗）计划”，向汽车行业及自动驾驶领域的合作伙伴提供一个开放、完整、安全的软件平台，帮助他们快速搭建完整的自动驾驶系统后，陆奇宣布正式开放Apollo1.0，并且成立了美国子公司和新加坡子公司，把触角延伸到了国际市场。
85 26 17 1 1 0.686
陆奇把Apollo比作自动驾驶的“安卓”，Apollo计划发布两个多月以来，百度已与奇瑞、一汽、长安、长城、博世、大陆等超过50家生态合作伙伴达成战略合作。
85 27 18 1 2 0.617
陆奇透露，目前百度开放了封闭场地循迹自动驾驶能力、自定位能力和端到端等非常有价值的数据。
85 28 18 2 2 0.349
更为重要的是，Apollo会快速地开放越来越多的能力，每周都会更新，每两个月左右都有新的版本和总体能力的提升。
85 29 19 1 1 0.675
接下来，百度的具体计划是，到今年9月份，Apollo将会开放固定车道自动驾驶能力和开放部分的仿真引擎数据；到今年年底，Apollo将开放一系列新的能力，使车辆能够在简单城市路况下，完成自动驾驶任务，同时会开放更多的数据及数据上传的接口；2018年、2019年、2020年，Apollo会加强开发能力，加速开放速度，直到最后实现完全自动无人驾驶。
85 33 22 2 2 0.603
“随着Apollo开放平台合作伙伴的增多，共享的数据、资源和技术将成倍增加，这意味着，开发者和企业将不用再进行基础的重复工作，而是直接进入自动驾驶高阶研究，这将大幅提升自动驾驶行业的发展速度，加速自动驾驶汽车走进我们的日常生活。”
85 32 22 1 2 0.418
而在借助Apollo平台在几天内做出了自动驾驶汽车的AutonomouStuff公司CEORobertHambrick看来，以往一个企业需要花费数年开展自己的自动驾驶研究，但几年后它会发现自己的代码和技术都已经过时了。
87 17 8 1 1 0.684
回过头来看百度阿波罗计划，陆奇称其为“百度向外开放的自动驾驶开发平台”，涵盖定位／感知（百度地图等）、车辆规划与运营（AI+大数据）、软件运营框架（安全+实时控制）等4个软硬件技术模块。
87 18 9 1 2 0.66
陆奇形象地将阿波罗计划比作自动驾驶领域的安卓系统，车企可以利用这一平台打造自己专属的自动驾驶产品。
87 19 9 2 2 0.443
发布会上，百度在中央屏幕上高调地公布了即将合作的15家汽车厂商，包括北汽、东风、长安、长城等13家国内车企和福特、戴姆勒两家国际车企。
88 1 1 1 1 0.692
7月5日，百度在北京国家会议中心举办了“百度AI开发者大会”（规模非常大，占了整整4层楼），面对近5000名开发者和生态合作伙伴，百度首次公布了完整的AI生态开放战略，这也是百度深耕多年的AI技术首次整体亮相。
88 2 2 1 2 0.697
在此次大会上，百度董事会副主席、集团总裁兼COO陆奇宣布，百度将推出DuerOS和Apollo两大开放平台。
88 3 2 2 2 0.56
其中对话式人工智能系统DuerOS已经与国内外百余家家电、芯片和服务提供商建立了生态合作关系，以技术和产业优势领跑国内市场，拥有目前最容易上手的设备开放平台、真正能听清听懂的对话核心系统以及丰富优质的技能平台。
88 4 3 1 3 0.659
Apollo则是另一重要开放平台。
88 5 3 2 3 0.761
2017年4月19日，陆奇在上海车展上宣布Apollo计划，将开放自动驾驶平台。
88 6 3 3 3 0.832
7月5日百度AI开发者大会上，百度首次对外公布Apollo详细的路线图、技术框架以及首期开放的能力，并发布Apollo生态合作伙伴联盟，首批生态合作伙伴规模超50家。
88 14 8 1 1 0.86
而Apollo创造的价值将远远超过百亿，本次大会上，陆奇除了宣布Apollo开放平台首期将开放Apollo1.0封闭园区自动驾驶能力，还完整披露了Apollo开放平台的具体开放细节和路径图，任何开发者和生态合作伙伴借助Apollo开放平台，都可以拥有自己的智能驾驶汽车。
88 18 10 1 3 0.719
另外，Apollo开放平台还有望帮助车企加速挖掘价值超过千亿的国内无人驾驶市场。
88 19 10 2 3 0.658
百度方面表示，随着首批50多家行业合作伙伴的陆续加入，Apollo计划创建了一个快速创新的良性循环，鼓励合作伙伴在各专业领域贡献，实现资源优势互补，随着更多生态合作伙伴加入并持续贡献，Apollo能力将越来越强。
88 20 10 3 3 0.463
也难怪Apollo被称作“汽车界的安卓”。
89 3 3 1 1 0.65
那何为Apollo1.0呢？据百度介绍，Apollo是全球范围内自动驾驶技术的一次系统级开放，开发者借助Apollo能力，可以快速搭建一套属于自己的完整的自动驾驶系统，即无人驾驶汽车。
89 5 5 1 1 0.719
具体来看，Apollo开放平台完整的技术架构包括软件平台、云端服务平台、参考硬件平台、参考车辆平台四大部分，通过四层架构全方位构建能够实际运行的自动驾驶系统，并将通过开放代码、开放能力和开放数据三种形式逐步赋能开发者及生态合作伙伴。
89 6 6 1 2 0.759
从现场公布的Apollo开放路线图中可以看出，百度将循序渐进地开放自动驾驶能力。
89 7 6 2 2 0.753
百度计划在今年7月开放封闭场地循迹自动驾驶能力以及Apollo数据开放平台，在2020年之前实现高速和城市道路全路网自动驾驶。
89 9 8 1 2 0.778
百度集团总裁、COO陆奇认为，促进Apollo生态创新提速的核心是Apollo仿真引擎。
89 10 8 2 2 0.579
“Apollo的仿真引擎拥有海量实际路况及自动驾驶场景数据，基于大规模云端计算容量，能够打造日行百万公里的虚拟运行能力，形成一个快速迭代的闭环，让开发者和创业公司轻松实现‘坐地日行百万里’。”陆奇说。
89 11 9 1 2 0.694
陆奇用“开放能力、共享资源、加速创新、持续共赢”十六字宣言概述了Apollo生态的战略目标。
89 12 9 2 2 0.577
他表示，Apollo希望通过快速迭代的创新方式，为中国汽车产业升级找到突破点，推动中国自动驾驶产业在3-5年内站到世界前沿。
89 14 10 2 2 0.613
据悉，百度目前已在美国、新加坡设立子公司，并将携手海外生态合作伙伴共同推动业界创新。
89 13 10 1 2 0.39
另外，值得注意的是，Apollo在立足中国市场的同时，还放眼全球市场。
90 14 12 2 2 0.607
旨在将向汽车行业及自动驾驶领域的合作伙伴提供一个开放、完整、安全的软件平台，帮助他们结合车辆和硬件系统，快速搭建一套属于自己的完整的自动驾驶系统。
90 13 12 1 2 0.568
早在2017年4月19日，百度就发布一项名为“Apollo”的新计划。
91 3 2 2 6 0.608
在会上，百度集团总裁兼首席运营官陆奇在介绍百度无人驾驶平台Apollo时，与正在前往会场的李彦宏连线。
91 2 2 1 6 0.528
7月5日上午，百度AI开发者大会在京召开。
91 4 2 3 6 0.439
当时李彦宏正乘坐一辆百度无人驾驶汽车赶往会场。
92 1 1 1 1 0.739
7月5日，首届百度AI开发者大会在北京国家会议中心拉开大幕，近5000位与会者创下国内开发者大会的规模记录，百度董事长兼首席执行官李彦宏、百度总裁兼首席运营官陆奇在现场发布了以DuerOS和Apollo开放平台为核心要素的百度AI生态战略。
92 11 5 4 4 0.615
百度将用AI来提升搜索、信息流、手机百度等现有核心业务，还将用AI来建设金融服务、智能云、DuerOS、自动驾驶汽车等一系列基于AI的新业务。
92 10 5 3 4 0.4
因此，百度将All-inAI。
92 12 6 1 3 0.66
百度的AI生态战略方向，就是建立和引领新一代的AI计算平台。
92 13 6 2 3 0.4
前端，百度将提供DuerOS——基于自然语言的新一代交互平台，让每一个设备、器件都能听得懂、交互、提供有效的服务。
92 14 6 3 3 0.72
对于特殊的端——汽车，百度将提供Apollo——全球第一个自动驾驶开放平台；后端，百度大脑和智能云将为开发者提供一流的AI开发工具和有效的解决方案。
92 15 7 1 2 0.737
“唤醒万物”是百度语言交互平台DuerOS的使命，百度度秘事业部总经理景鲲在现场发布了DuerOS开放平台，将语音交互“唤醒万物”的能力提供给所有开发者。
92 16 7 2 2 0.35
而1分钟让音箱完成中英文语言的转变，是让搭载类似亚马逊Alexa等语音助手的国外硬件设备更好进入中国市场。
92 28 14 1 3 0.606
在陆奇开始介绍Apollo无人驾驶平台之前，现场出现了彩蛋。
92 29 14 2 3 0.557
陆奇现场连线了李彦宏，而后者正乘坐百度和博世合作打造的无人驾驶汽车行驶在北京五环路上。
92 31 15 1 2 0.692
会上，陆奇用“开放能力、共享资源、加速创新、持续共赢”十六字宣言概述了Apollo生态的战略目标。
92 32 15 2 2 0.577
他表示，Apollo希望通过快速迭代的创新方式，为中国汽车产业升级找到突破点，推动中国自动驾驶产业在3-5年内站到世界前沿。
92 33 16 1 1 0.731
Apollo开放平台完整的技术架构包括软件平台、云端服务平台、参考硬件平台、参考车辆平台四大部分，通过四层架构全方位构建能够实际运行的自动驾驶系统，并将通过开放代码、开放能力和开放数据三种形式逐步赋能开发者及生态合作伙伴。
92 34 17 1 3 0.777
陆奇介绍，促进Apollo生态创新提速的核心是Apollo仿真引擎。
92 35 17 2 3 0.357
自动驾驶是一项浩大的工程，兰德智库测算，要实现完全的自动驾驶需要100辆汽车耗费225年的时间进行7X24小时不间断测试，这对于很多开发者和创业公司来说无疑是高不可攀的门槛。
92 37 18 1 2 0.811
现场公布了Apollo开放路线图，百度计划在今年7月开放封闭场地循迹自动驾驶能力以及Apollo数据开放平台，在2020年之前实现高速和城市道路全路网自动驾驶。
92 38 18 2 2 0.619
陆奇表示，这只是Apollo生态快速创新的开始,“随着更多生态合作伙伴加入并持续贡献，Apollo的能力也将越来越强。”
92 44 21 1 1 0.687
陆奇在分享的最后讲到了百度的AI平台——百度ABC（百度大脑+智能云）。
92 50 26 2 2 0.76
百度大脑是百度AI平台的核心，智能云是百度AI平台的基础。
92 49 26 1 2 0.579
1、最完整：百度AI平台是中国最完整、最全面的AI平台。
92 57 30 1 1 0.717
陆奇还在现场宣布NVIDIA和英特尔成为百度AI技术深度合作伙伴。
92 58 31 1 2 0.757
NVIDIA将和百度共同在Apollo上合作开发自动驾驶技术，NV将提供Apollo的参考计算硬件。
92 59 31 2 2 0.518
NV将在Paddle-Paddle平台专门投入研发团队，在Duer-OS和百度智能云上，NV将提供更好的GPU支持。
92 60 32 1 1 0.708
百度和英特尔也将围绕百度大脑、百度智能云和DuerOS展开深度合作。
92 61 33 1 1 0.648
最后，百度将对AI人才培养提供一系列支持：举行第13届“百度之星”大赛；携手长江产业基金助力开发者成功，成立Apollo基金和DuerOS基金，推动中国AI的发展。
97 1 1 1 1 0.656
北京商报讯（记者张绪旺）在2017百度AI开发者大会上，百度披露了智能汽车百度Apollo计划的新进展。
97 2 2 1 1 0.605
在介绍Apollo计划之前，百度总裁兼COO陆奇现场连线百度创始人兼CEO李彦宏，并展示了李彦宏的行踪：正坐在一辆百度和博世一起开发的、基于Apollo技术的自动驾驶汽车，在前来参会的路上。
97 4 4 1 1 0.705
据悉，百度“Apollo（阿波罗）计划”向汽车行业及自动驾驶领域的合作伙伴提供一个开放、完整、安全的软件平台，帮助他们结合车辆和硬件系统，快速搭建一套属于自己的完整的自动驾驶系统。
98 3 2 1 2 0.671
今天上午，百度在北京国家会议中心举办百度AI开发者大会时，百度公司创始人、董事会主席兼首席执行官李彦宏乘坐通过百度Apollo无人驾驶平台开发的无人驾驶汽车前往会场。
98 4 2 2 2 0.367
在大会现场的视频连线中，李彦宏与正在台上发言的百度公司首席运营官陆奇沟通，表示车辆刚上五环，行驶顺利。
