64 45 19 1 2 0.701
不过，事后北京市交管部门表示，公安交管部门支持无人驾驶技术创新，但应当依法、安全、科学进行。
64 46 19 2 2 0.577
对于百度无人驾驶车上路违反《中华人民共和国道路交通安全法》等法律法规的行为，公安交管部门将依法予以查处。
66 15 6 3 7 0.748
交管部门就此展开调查。
66 14 6 2 7 0.565
而当天也有媒体向北京市交管部门询问百度无人驾驶汽车上路行驶是否涉嫌违章。
66 16 6 4 7 0.406
7月6日，北京交警通过微博对此事作出回应。
66 19 6 7 7 0.6
对于违反《中华人民共和国道路交通安全法》等法律法规的行为，公安交管部门将依法予以查处。
66 18 6 6 7 0.579
公安交管部门支持无人驾驶技术创新，但应当依法、安全、科学进行。
73 4 1 4 4 0.625
昨天，北京市交管部门表示正在对此事进行调查，交管部门支持无人驾驶技术创新，但应当在依法、安全、科学的前提下进行。
73 3 1 3 4 0.146
随后便有人质疑无人驾驶已经涉嫌违反《道路交通安全法》，但也有人认为应当给无人驾驶以一定的试验空间。
73 10 4 1 3 0.609
针对“百度公司无人驾驶汽车上道路行驶”一事，北京市交管部门高度重视，昨天表示正在就此事积极开展调查核实。
73 11 4 2 3 0.49
并表态交管部门支持无人驾驶技术创新，但应当依法、安全、科学进行。
77 1 1 1 1 0.782
中新网7月6日电据北京市公安局公安交通管理局官方微博消息，针对媒体报道“百度公司无人驾驶汽车上道路行驶”情况，北京市公安交管部门高度重视，正在积极开展调查核实。
77 3 3 1 2 0.726
北京市公安局公安交通管理局对此表示，公安交管部门支持无人驾驶技术创新，但应该依法、安全科学进行。
77 4 3 2 2 0.6
对于违反《中华人民共和国道路交通安全法》等法律法规的行为，公安交管部门将依法予以查处。
80 3 2 1 3 0.711
7月6日北京交警官方微博对事件进行公开回应称，针对媒体报道“百度公司无人驾驶汽车上道路行驶”的情况，市公安交管部门高度重视，正在积极开展调查核实。
80 4 2 2 3 0.579
公安交管部门支持无人驾驶技术创新，但应当依法、安全、科学进行。
80 5 2 3 3 0.6
对于违反《中华人民共和国道路交通安全法》等法律法规的行为，公安交管部门将依法予以查处。
81 3 1 3 4 0.643
北京交警表示，公安交管部门支持无人驾驶技术创新，但应当依法、安全、科学进行。
81 2 1 2 4 0.538
今日，北京交警官方微博发布回应称，针对此情况正在积极开展调查核实。
81 4 1 4 4 0.363
对于违反相关法律法规的行为，将依法予以查处。
81 12 5 1 1 0.694
针对媒体报道“百度无人驾驶汽车上道路行驶”的情况，市公安交管部门高度重视，正在积极开展调查核实。
81 14 6 2 2 0.6
对于违反《中华人民共和国道路交通安全法》等法律法规的行为，公安交管部门将依法予以查处。
81 13 6 1 2 0.579
公安交管部门支持无人驾驶技术创新，但应当依法、安全、科学进行。
82 1 1 1 1 0.658
中新经纬客户端7月6日电今日，北京交管局在官方微博回应：针对媒体报道“百度公司无人驾驶上道路行驶”情况高度重视，正开展调查核实，对其违反交通法规的行为，公安交管部门将依法予以查处。
82 7 5 1 3 0.642
今日，北京交管局通过官方微博回应称，针对媒体报道“百度公司无人驾驶上道路行驶”情况高度重视，正在开展调查核实，公安交管部门支持无人驾驶技术创新，但应当依法、科学、安全进行。
82 8 5 2 3 0.616
对于违反《中华人民共和国道路交通安全法》等法律法规行为，公安交管部门将依法予以查处。
82 9 5 3 3 -0.058
(中新经纬APP)
87 14 7 1 3 0.603
据报道，“目前交管部门已经获悉相关情况，并就此展开调查”。
87 15 7 2 3 0.463
另外，北京市交管局法规处工作人员也表示，如果百度无人驾驶汽车上路行驶算作是一次路测行为的话，必须提前向当地的交管部门报备。
90 8 8 1 2 0.649
记者拨打122电话咨询相关情况，工作人员表示，交管部门已经获悉相关情况，正在就此展开调查。
90 9 8 2 2 0.346
有交管局内部人士称，现行法规并不允许无人驾驶上路。
91 9 3 2 3 0.634
《北京青年报》报道称，记者拨打122电话咨询相关情况，工作人员表示，交管部门已经获悉相关情况，正在就此展开调查。
91 8 3 1 3 0.058
该视频发布以后，在网络上引发争议。
91 10 3 3 3 0.346
有交管局内部人士称，现行法规并不允许无人驾驶上路。
93 5 4 1 2 0.724
此后有媒体援引北京交管部门工作人员的表述称，交管部门已经获悉相关情况，正在就此展开调查。
93 6 4 2 2 0.286
按照中国现行交通法规，无人驾驶汽车未获准上路行驶。
94 3 2 1 3 0.613
下午，有媒体曝出交管部门已获悉相关情况，正在就此展开调查。
94 4 2 2 3 0.346
有交管局内部人士称，现行法规并不允许无人驾驶上路。
95 3 2 1 3 0.613
下午，有媒体曝出交管部门已获悉相关情况，正在就此展开调查。
95 4 2 2 3 0.346
有交管局内部人士称，现行法规并不允许无人驾驶上路。
99 5 2 1 2 0.628
对此，7月5日下午北京青年报官方微博表示，记者拨打122电话咨询相关情况，工作人员表示，交管部门已经获悉相关情况，正在就此展开调查。
99 6 2 2 2 0.346
有交管局内部人士称，现行法规并不允许无人驾驶上路。
100 5 5 1 2 0.625
据北京青年报报道，今天下午，北青报记者拨打122电话咨询相关情况，工作人员表示，交管部门已经获悉相关情况，正在就此展开调查。
100 6 5 2 2 0.346
有交管局内部人士称，现行法规并不允许无人驾驶上路。
