4 6 4 1 2 0.613
在过去三年里，全球对自动驾驶汽车技术的投入超过800亿美元。
4 7 4 2 2 0.449
麦肯锡咨询公司预测，无人驾驶汽车到2025年可以产生2000亿到1.9万亿美元的产值，而英特尔的预测是到2030年这一数值将达到7万亿美元。
5 1 1 1 2 0.65
近日，福布斯网站刊发文章指出，虽然谷歌、Uber、特斯拉等科技公司纷纷布局的自动驾驶将成为汽车行业的未来，但在中国这些公司不太可能有所作为。
5 2 1 2 2 0.576
中国未来可能是全球最大的汽车市场，百度拥有拥有自己独特的算法、良好的商业合作伙伴以及政府的大力支持，得益于此百度将有机会在无人驾驶领域战胜谷歌。
5 10 5 1 5 0.636
此外，百度也在加速实现自动驾驶技术的市场化，目前已经与金龙汽车集团合作，最早将于明年在工业园区投入运营自动驾驶公交车。
5 11 5 2 5 0.496
在2017百度世界大会上，百度宣布在2019年将与江淮、北汽，2020年与奇瑞共同推出L3级无人车。
6 1 1 1 2 0.65
近日，福布斯网站刊发文章指出，虽然谷歌、Uber、特斯拉等科技公司纷纷布局的自动驾驶将成为汽车行业的未来，但在中国这些公司不太可能有所作为。
6 2 1 2 2 0.576
中国未来可能是全球最大的汽车市场，百度拥有拥有自己独特的算法、良好的商业合作伙伴以及政府的大力支持，得益于此百度将有机会在无人驾驶领域战胜谷歌。
6 3 2 1 3 0.61
谷歌早已进军无人驾驶汽车领域，除此之外，Uber、特斯拉以及其他几家世界级的科技公司也都先后进入了这一领域。
6 4 2 2 3 0.577
这些公司都已在路上测试和部署无人驾驶汽车。
6 5 2 3 3 0.694
毫无疑问，在竞争超级激烈的汽车行业，无人驾驶汽车相关的竞争定会走到前沿。
6 20 9 1 1 0.614
“有关部门正在重新审视现行交通法规，”波士顿咨询公司驻上海合伙人徐刚表示，“汽车制造商也想通过推广自动驾驶性能来吸引爱好科技的年轻消费群体。”
7 2 1 2 2 0.613
这得益于百度算法、商业合作伙伴关系以及政府的大力支持，到2025年百度或将成为全球最大的自动驾驶技术公司，其市值可能超过1000亿美元。
7 1 1 1 2 0.556
网易科技讯11月23日消息，据forbes网站报道，市场分析师指出，在自动驾驶汽车市场，百度可能最终会拥有更大的发言权。
7 3 2 1 1 0.713
诸如谷歌、Uber，特斯拉以及其他一些世界级的科技公司都开始在公共道路上测试和部署自动驾驶汽车技术，自动驾驶技术已是汽车行业的下一个前沿领域。
7 17 8 1 3 0.64
百度也在加速实现自动驾驶技术的市场化。
7 18 8 2 3 0.612
虽然相关法律法规尚未完全落地，但目前百度已经与国家控股的金龙汽车集团合作，最早将于明年在工业园区投入运营自动驾驶公交车。
7 19 8 3 3 0.654
另外据2017百度世界大会发布的公告，其与中国一汽集团和奇瑞汽车等其他几家公司合作生产的车辆将具备一定的自动驾驶功能，如驾驶辅助系统和自动泊车系统。
7 26 12 1 1 0.605
八六证券研究有限公司表示，这意味着到2025年，具备自动驾驶功能的汽车销量将达到1140亿美元，而百度将因销售自动驾驶软件获得62亿美元的额外营收。
8 3 2 2 2 0.618
此前，业内判断百度无人驾驶汽车将于2020年实现量产。
8 2 2 1 2 0.587
在11月16日举行的“2017百度世界大会”上，百度公司董事长兼CEO李彦宏宣布，百度将与金龙汽车合作生产一款无人驾驶小巴车，该车将在2018年7月份提前实现无人驾驶汽车的量产。
8 4 3 1 2 0.625
与百度量产无人驾驶汽车的时间节点不同，包括宝马、奔驰、捷豹路虎在内的各大传统车企纷纷将无人驾驶汽车的量产时间定在了2020年至2030年之间。
8 5 3 2 2 0.672
面对越来越智能化的人机技术和驾驶体验，传统车企与互联网公司正在无人驾驶领域展开一场竞赛。
8 8 6 1 1 0.636
与此同时，随着2025年第4级无人驾驶新车的出现，在美国、欧洲和中国销售的新车中无人驾驶汽车的销量也开始上升。
8 12 9 1 2 0.736
目前，传统汽车厂商、互联网巨头等企业无不将无人驾驶看做是未来发展的重要战略布局。
8 13 9 2 2 0.593
但从整个市场发展来看，包括无人驾驶的基础设施、车辆技术、法律法规，以及在出行服务领域的实验和应用发展还不够成熟。
9 5 3 1 1 0.684
奇瑞汽车定于2020年推出自动驾驶汽车。
9 7 5 1 2 0.666
目前，中国、美国、英国等国政府相继推出人工智能国家战略，人工智能相关领域及产业发展已成为全球科技创新的新焦点。
9 8 5 2 2 0.487
在中国，“人工智能”作为新兴产业的代表，被写入2017年政府工作报告，国务院也正式印发了《新一代人工智能发展规划》。
9 9 6 1 2 0.637
在全球范围内，美国和中国在自动驾驶领域遥遥领先。
9 10 6 2 2 0.272
德国和日本尽管以汽车闻名，但它们已经在这场浪潮中落后了。
9 11 7 1 2 0.608
“关键的区别在于人工智能，”中国自动驾驶汽车公司景驰的联合创始人韩旭表示。
9 12 7 2 2 0.612
“中国和美国在人工智能领域处于领先地位。”在自动驾驶法规方面，中国和美国也在领先。
9 20 13 1 2 0.641
一汽智能网联开发院网联产品开发主任李立安表示，目前全球已经加速进入了自动驾驶L3时代，2020年是全球主要OEM实现L3级智能网联车的节点。
9 21 13 2 2 0.452
对于车企来说，智能炫酷的人机技术是核心竞争力，汽车不再是冷冰冰的交通工具，而是可以与人对话交流的、有情感的交通工具。
9 22 14 1 3 0.693
跨行业的企业同样能在无人驾驶汽车市场分一杯羹。
9 23 14 2 3 0.653
由于汽车智慧网联的发展，未来的汽车制造商将不再孤立、单个作战，他们必须通过整合互联网资源，打造智能产业生态。
9 24 14 3 3 0.533
比如，生产激光导航仪的厂家、高精度地图厂家，这些原本与传统车企没有必然联系的企业，都会成为智能驾驶汽车产业链上的重要环节。
9 31 15 7 7 0.627
这些数据几乎涵盖了无人驾驶汽车研发、上路所需的全部流程，将为整个行业的发展提供有效的参考。
9 30 15 6 7 0.545
到2020年12月份，高速和城市道路全路网自动驾驶数据会对外开放。
9 32 16 1 3 0.643
人工智能正在改变传统驾驶行为，“人工智能＋交通”已经成为资本市场的热点。
9 33 16 2 3 0.573
来自腾讯研究院的报告显示，在我国人工智能企业中，辅助驾驶、自动驾驶领域的融资总金额排名第三位，达107亿元，仅次于计算机视觉图像和自然语音处理领域。
10 2 1 2 3 0.634
与此同时，各大传统车企也在有条不紊地执行着各自自动驾驶汽车的生产计划。
10 1 1 1 3 0.347
作为最有希望首个实现无人车量产的企业，百度将“阿波龙”无人车量产的时间表提前了两年。
10 3 1 3 3 0.625
显然，越来越智能化的人机技术和驾驶体验，将成为未来汽车的标配
10 8 3 3 3 0.657
除了金龙汽车之外，江淮汽车也将在2019年生产“阿波龙”第一代汽车，北汽同样定于2019年生产自动驾驶汽车，奇瑞汽车定于2020年推出自动驾驶汽车。
10 7 3 2 3 0.369
“对于真正的无人驾驶而言，方向盘和驾驶踏板都是多余的。”金龙客车工程研究院院长陈卫强介绍，因为取消了传统汽车的部分零部件，“阿波龙”只有家用A级车大小，可以停在私家车位上，并能搭载14个人，载客量几乎相当于3台轿车。
10 14 7 1 2 0.641
一汽智能网联开发院网联产品开发主任李立安表示，目前全球已经加速进入了自动驾驶L3时代，2020年是全球主要OEM实现L3级智能网联车的节点。
10 15 7 2 2 0.452
对于车企来说，智能炫酷的人机技术是核心竞争力，汽车不再是冷冰冰的交通工具，而是可以与人对话交流的、有情感的交通工具。
10 16 8 1 3 0.693
跨行业的企业同样能在无人驾驶汽车市场分一杯羹。
10 17 8 2 3 0.653
由于汽车智慧网联的发展，未来的汽车制造商将不再孤立、单个作战，他们必须通过整合互联网资源，打造智能产业生态。
10 18 8 3 3 0.533
比如，生产激光导航仪的厂家、高精度地图厂家，这些原本与传统车企没有必然联系的企业，都会成为智能驾驶汽车产业链上的重要环节。
10 25 9 7 7 0.627
这些数据几乎涵盖了无人驾驶汽车研发、上路所需的全部流程，将为整个行业的发展提供有效的参考。
10 24 9 6 7 0.545
到2020年12月份，高速和城市道路全路网自动驾驶数据会对外开放。
12 1 1 1 3 0.668
近些年来随着科技和经济的发展，无人驾驶汽车的概念已经越来越向各行各业进行渗透，而其中最为深入的便是互联网行业，各大互联网公司对于无人驾驶汽车也是摩拳擦掌，诸如英特尔，苹果它们都想在无人驾驶汽车领域中夺得先机，然而在中国其实也是一样的。
12 2 1 2 3 0.334
在此之前，百度CEO李彦宏就乘坐在无人车行驶在北京的街道上。
12 5 2 2 2 0.614
在此之前，包括英特尔在内的互联网公司都对无人驾驶汽车投入了大量的研究，但是提到量产的话他们还是在进一步地努力当中，作为汽车的鼻祖奔驰旗下的Smart汽车也推出了无人驾驶的概念汽车，由此可见，这一领域已经成为了未来大多数汽车以及互联网巨头们的必争领域。
12 4 2 1 2 0.281
对于无人车实现量产很多人都是非常期待的，而作为百度CEO的李彦宏曾经在乘坐无人车时收到了罚单，他自己也表示他的的确确收到了罚单，但是这不正是表明了无人车量产即将到来了吗？对于无人驾驶汽车来讲，世界上所有的人都想到了在2020年以后将会实现，然而百度却是先走了一步，将在2018年就要投入量产。
13 7 4 2 2 0.637
2019年，江淮、北汽均将生产基于阿波罗系统的自动驾驶汽车；最早和百度一起合作生产自动驾驶汽车的奇瑞，也会在2020年推出自动驾驶汽车。
13 6 4 1 2 0.523
李彦宏放出的消息有些关键信息：在北京奥林匹克森林公园，智行者扫地汽车搭载了“阿波罗系统”；百度计划在2018年7月与金龙率先实现无人驾驶小巴车的小规模量产及试运营，会先在相对封闭的道路上进行运营。
14 2 2 1 1 0.665
具体到此次的合作内容：百度将在高精地图和自动驾驶等软件方面提升自动驾驶汽车的技术水平；力帆汽车作为整车制造企业，将从之前的重点布局海外转型到国内市场，提供盼达用车自动驾驶的使用车辆；盼达汽车作为运营商，将负责车辆的实际落地和运营服务。
17 4 3 1 2 0.645
事实上，全球各大公司在无人驾驶领域的“军备竞赛”早就在激烈进行中，无论是Waymo、英伟达等科技公司，还是丰田、宝马等传统汽车厂商，都将2020年设为无人车产品落地的重要时间节点。
17 5 3 2 2 0.445
谁能率先一步推出商业化的无人驾驶车，对于抢夺市场意义重大。
17 17 8 1 2 0.69
在无人驾驶领域，全球各大公司早已展开角力。
17 18 8 2 2 0.314
“无人驾驶”到底是什么概念？百度会是最早实现无人车量产的公司吗？
17 24 12 1 1 0.602
不过，无论是Waymo、英伟达等科技公司，还是丰田、宝马等传统汽车厂商，都将2020年设为无人车产品落地的重要时间节点。
17 29 16 1 2 0.764
自动驾驶汽车技术近年来发展迅猛，已成为人工智能领域投资的最前沿。
17 30 16 2 2 0.61
研究统计，在过去三年，全球对自动驾驶汽车技术的投入超过800亿美元。
17 36 20 2 3 0.628
目前的行业重点是将最先进的技术整合到无人驾驶汽车中，以确保乘客安全抵达目的地。
17 35 20 1 3 0.197
二、相关的安全问题。
17 37 20 3 3 0.236
但要防范汽车网络攻击，就像避免事故那样至关重要。
20 12 8 1 1 0.683
据百度智能汽车事业部总经理顾维灏介绍，ApolloPilot是百度可量产的自动驾驶产品，卖点在于基于中国交通数据研发，适应中国路况。
20 28 16 2 3 0.628
但今天，随Apollo小度车载系统和ApolloPilot的推出，百度正在形成汽车工业界以及汽车上游产业链更能够接受的产品。
20 27 16 1 3 0.354
他说，7月初，Apollo以平台的概念，开放的更多是代码，参与者以开发者为主。
20 29 16 3 3 0.622
今天是Apollo“从互联网角度推动汽车产业发展”的尝试。
21 2 1 2 3 0.614
百度Apollo平台发布了全球首款人车AI交互系统Apollo小度车载系统，以及适应中国市场、可量产的自动驾驶产品ApolloPilot。
21 1 1 1 3 0.522
11月16日在2017百度世界大会上，百度首次向开发者和合作伙伴公布了完整的AI生态开放战略，重点介绍了百度无人驾驶车量产计划。
21 3 1 3 3 0.074
而这背后的供应链却与成都有着千丝万缕的联系。
22 5 4 1 1 0.615
东方财富证券表示，科技公司的加入将对未来的造车模式产生重要的影响，参考百度与金龙明年计划推出的无人驾驶微循环车的模式，预计未来整车制造业在互联网科技公司的干预下，模式将转变为由科技公司主导设计，整车企业辅助进行测试、生产、组装等后续环节。
22 7 6 1 1 0.648
东北证券指出，无人驾驶是人工智能在汽车及交通领域的应用落地，众多巨头军提前布局，建议关注在车载操作系统领域的优质标的,中科创达、东软集团；在高精度地图及车载芯片具有绝对优势的四维图新；在智能驾驶舱领域前瞻布局的索菱股份、路畅科技。
23 3 1 3 3 0.705
而作为汽车行业转型升级的“突破口”，智能驾驶领域分论坛的演讲备受瞩目。
23 2 1 2 3 0.348
2017百度世界大会于今日举行，吸引了全世界的目光。
25 1 1 1 2 0.607
无论是Waymo、英伟达等科技公司，还是丰田、宝马等传统汽车厂商，都将2020年设为无人车产品落地的重要时间节点。
25 2 1 2 2 0.331
对比来看，百度2018年量产无人车的承诺确实快人一步。
28 1 1 1 2 0.618
今年7月，百度创始人李彦宏乘无人驾驶汽车驶上北京五环路却被监管部门调查一事，可以说为百度大力投入的智能汽车业务赚足了流量。
28 2 1 2 2 0.202
在11月16日上午百度世界大会开场发言中，李彦宏坦言这让百度收到了一张来自北京交管部门的罚单。
29 19 9 1 1 0.63
2017年2月渡鸦科技被百度全资收购，公司创始人吕骋携团队加盟百度，并出任百度智能家居硬件总经理，向COO陆奇汇报，主要负责百度智能硬件、智能家居产品的研发等。
29 28 14 2 2 0.608
在百度AI生态版图中，处于基础地位的是百度AI开放平台，在自动驾驶开放平台、智能语音开放平台之外，深度学习开源平台、百度大脑等底层技术开放平台也推动着百度乃至中国人工智能事业的发展。
29 27 14 1 2 0.593
百度在人工智能领域布局多年，AI生态版图不断完善。
29 39 17 2 4 0.6
不同于互联网主要针对用户市场，人工智能在公共服务、工业等行业端也有重要的应用价值。
29 38 17 1 4 0.307
第三层是落地应用。
29 40 17 3 4 0.241
比如在和首都机场达成战略合作后，未来人们可以“刷脸坐飞机”，这是百度人脸识别技术的落地应用。
30 24 14 1 3 0.639
与百度关注无人驾驶不同，腾讯此次侧重于汽车本身的智能化。
30 25 14 2 3 0.399
在人车交互场景智能方面，iSPACE概念车可智能识别感知多种出行场景，包括通勤、约会、机场接送、购物停车、自驾出游等，未来还会包含车况场景和汽车周边场景。
33 10 5 1 1 0.628
李彦宏透露，在2019年，江淮汽车会生产基于Apollo的自动驾驶汽车；北汽也会在2019年生产基于Apollo的L3自动驾驶汽车；还有最早和百度一起合作生产自动驾驶汽车的奇瑞，会在2020年推出自动驾驶汽车。
33 22 9 2 3 0.624
目前百度初步形成了对话式人工智能和自动驾驶生态系统，为行业输出多层次、立体化的AI解决方案。
33 21 9 1 3 0.488
同时，百度也在推进Apollo平台和DuerOS生态。
33 23 9 3 3 0.501
此外，百度人工智能技术已覆盖金融、教育、医疗、交通、家电等各行各业。
33 36 14 2 4 0.617
比如在2019年，江淮汽车会生产基于Apollo的自动驾驶汽车；北汽也会在2019年生产基于Apollo的L3自动驾驶汽车；还有最早和百度一起合作生产自动驾驶汽车的奇瑞，会在2020年的时候推出自动驾驶汽车。
33 35 14 1 4 0.286
除了金龙之外，其实我们还有各种各样新的合作伙伴。
33 37 14 3 4 0.056
如果今天大家有机会到奥森去看的话，可以看到奥森的“智行者”扫地车也已经是用Apollo来支持运营了。
34 4 4 1 1 0.607
百度ravenH智能音箱，由渡鸦科技团队研发。
39 3 2 2 2 0.632
现场展示了首款应用无人驾驶技术的共享汽车。
39 2 2 1 2 0.537
11月13日，百度、盼达用车、力帆汽车无人驾驶战略合作发布会在北京举行。
39 18 8 2 2 0.629
而大数据、智能化与百度Apollo计划的落地需求刚好契合，能够更快地帮助百度完成自动驾驶技术的优化和商业化运营，共同探索自动驾驶汽车的创新模式。
39 17 8 1 2 0.507
据盼达官方介绍，盼达的核心发展方向是以庞大出行数据库为基础，基于LBS面向消费场景的布局；另一个方向是推动车辆如何更加智能更懂人类，盼达成立了自己的X-pand实验室，应用各样的黑科技在共享汽车上以提升用车体验。
40 2 2 1 1 0.665
具体到此次的合作内容：百度将在高精地图和自动驾驶等软件方面提升自动驾驶汽车的技术水平；力帆汽车作为整车制造企业，将从之前的重点布局海外转型到国内市场，提供盼达用车自动驾驶的使用车辆；盼达汽车作为运营商，将负责车辆的实际落地和运营服务。
41 3 2 1 1 0.665
具体到此次的合作内容：百度将在高精地图和自动驾驶等软件方面提升自动驾驶汽车的技术水平；力帆汽车作为整车制造企业，将从之前的重点布局海外转型到国内市场，提供盼达用车自动驾驶的使用车辆；盼达汽车作为运营商，将负责车辆的实际落地和运营服务。
42 2 1 2 2 0.631
盼达用车创始人及CEO高钰博士、百度智能汽车事业部总经理顾维灏、百度智能汽车副总经理张少宇出席发布会并致辞，盼达与百度的此次合作将成为共享出行领域第一个无人驾驶商业应用项目。
42 1 1 1 2 0.393
中新网11月14日电13日，盼达用车与百度在北京召开发布会，宣布双方将在无人驾驶和示范运营等多个领域和层面达成战略合作。
42 6 3 1 1 0.64
业内人士分析，共享出行+无人驾驶，盼达与百度此次的合作具有深远的战略意义，这标志着无人驾驶技术，首次从科技公司的测试阶段走向了面向商业应用的落地阶段，加速了全社会对无人驾驶的认可度和接受度。
42 8 4 2 3 0.609
百度智能汽车事业部总经理顾维灏在现场作了相关介绍，利用百度的无人驾驶技术，盼达用车将实现更深层次的智能化，进一步优化用户的用车体验，提高产品的人机交互体验。
42 7 4 1 3 0.598
双方在发布会现场宣布，盼达用车与百度将共同成立一个支撑无人驾驶商业运营的技术服务公司，目前，该项目正在选择示范落地的城市，而该模式也是百度阿波罗计划里落地应用的示范。
42 9 4 3 3 0.648
示范运营项目的落地，有助于双方在各自领域实现快速发展，全面打造“共享汽车+无人驾驶”的新生态。
42 10 5 1 1 0.645
目前国家对自动驾驶还未出台相应的法律法规，但无人驾驶和新能源这两个点已经成为行业内可预见的趋势，此次盼达与百度合作落地示范运营，开辟行业先河的同时，也将为积极探索无人驾驶在共享出行领域的商业配套和相关法律法规的出台积累宝贵的经验，积极推动制定行业的相关准入标准。
43 1 1 1 1 0.628
11月13日下午，力帆、百度等召开发布会，力帆汽车、盼达用车将正式成为百度Apollo开放平台的生态合作伙伴，三方将在无人驾驶领域展开战略合作，推动无人驾驶在共享汽车商业化场景的实际应用。
43 4 2 3 3 0.602
力帆集团总裁马可表示，力帆汽车希望通过与百度、盼达的合作，充分利用各自的资源优势，共同推进无人驾驶技术的发展和商业化推广应用。
43 3 2 2 3 0.541
在发布会现场，力帆还展示旗下基于Apollo平台解决方案的第一辆无人驾驶商用共享汽车。
43 6 4 1 1 0.682
此外，百度智能汽车事业部总经理顾维灏表示，共享汽车是百度极为关注的无人驾驶商业化场景，此次Apollo与力帆汽车及盼达用车的合作，将使无人驾驶技术能够在共享汽车领域落地，这是无人驾驶产品在商业化场景实际应用中历史性的一刻。
44 3 1 3 3 0.627
三方将推动无人驾驶在共享汽车商业化场景的实际应用。
44 2 1 2 3 0.445
力帆、盼达成为百度Apollo开放平台的生态合作伙伴。
44 5 3 1 4 0.639
百度的Apollo平台旨在帮助汽车行业及自动驾驶领域的合作方结合车辆和硬件系统，搭建一套属于自己的自动驾驶系统。
44 6 3 2 4 0.684
百度智能汽车事业部总经理顾维灏表示，一直以来，共享汽车都是百度极为关注的自动驾驶商业化场景。
44 7 3 3 4 0.66
此次Apollo与力帆和盼达的合作，使自动驾驶技术能够在共享汽车领域落地，极具市场潜力。
44 8 3 4 4 0.494
百度可以帮助盼达解决一些问题，例如用户怎么方便地找到汽车，并且提高共享汽车的运营效率。
44 10 4 2 4 0.601
作为一家汽车生产商，力帆在发布会上展示其基于Apollo平台解决方案的第一辆无人驾驶汽车。
44 9 4 1 4 0.387
力帆集团旗下的力帆股份是A股上市企业(股票代号601777)。
44 11 4 3 4 0.379
它具备雷达、相机、全球卫星导航等电子设施，并安装同步传感器。
44 13 5 1 3 0.677
盼达是由力帆控股战略投资的新能源汽车智能出行平台，已在重庆等地进行汽车分时租赁业务。
44 14 5 2 3 0.343
其CEO高钰在发布会上宣布，会在30天内选定一个城市落地合作运营示范项目。
45 12 9 2 2 0.644
就在11月7日召开的世界智能网联汽车大会上，同济大学汽车学院汽车安全研究所所长朱西产透露，国家正在研究无人车路测的合规化，2018年6月可能会发布首张自动驾驶汽车上路测试牌照。
45 11 9 1 2 0.461
法律法规的空白也让无人驾驶汽车在国内开展实地路测，成了一种踏雷区的行为。
45 16 11 2 3 0.63
邬学斌是一名传统汽车行业的老兵，曾供职于通用、博世、福特等汽车及相关企业。
45 15 11 1 3 0.53
资料显示，邬学斌2016年9月加入百度，现任百度公司副总裁，负责自动驾驶事业部及相关团队。
45 17 11 3 3 0.436
在加入百度之前，他曾在北汽集团担任北汽股份副总裁以及北汽股份汽车研究院院长。
47 5 5 1 1 0.614
现在无处不在的腾讯微信服务就是一个内部开发项目，腾讯将成为中国最大的进入自主驾驶汽车领域的企业。
48 1 1 1 2 0.691
百度副总裁邬学斌认为，自动驾驶汽车市场将在2030年出现拐点，2040年将主导市场。
48 2 1 2 2 0.506
到2050年L4级自动驾驶将占据市场95%份额。
48 3 2 1 2 0.678
如今汽车的智能化、共享化、智能化趋势已经成为行业共识，其中汽车智能化具体表现就是实现车联网、自动驾驶等功能。
48 4 2 2 2 0.384
根据美国交通部下属的NHSTA（国家高速路安全管理局）以及SAEInternational，（国际汽车工程师协会）对自动驾驶的级别规定，自动驾驶将被划分L0至L5一共6个级别。
48 6 4 1 1 0.662
11月2日，在第五届中韩汽车产业发展论坛上，百度副总裁邬学斌明确表示：2050年95%汽车将实现L4级自动驾驶。
48 7 5 1 3 0.648
论坛会上，邬学斌指出目前百度汽车智能化业务主要在车联网、L3级、L4级的自动驾驶等领域。
48 8 5 2 3 0.385
这样的业务开展正式基于AI时代的来临，而AI时代的来临有三个先决条件，第一，芯片计算能力大幅增加，而且计算成本大大下降；第二，大数据集中度的进一步提升被利用；第三，云计算规划化普及分布式计算成为可能。
48 13 7 1 4 0.657
邬学斌认为，自动驾驶汽车市场将在2030年出现拐点，2040年将主导市场。
48 14 7 2 4 0.506
到2050年L4级自动驾驶将占据市场95%份额。
49 1 1 1 1 0.641
2017年10月19日有外国媒体报道，智能芯片公司英伟达CEO黄仁勋在GPU技术大会上对无人驾驶汽车的市场作了前瞻性预测，认为2020年无人驾驶出租车将大量出现。
49 3 3 1 3 0.626
无人驾驶汽车一直是近几年来各大行业经久不衰的话题，互联网科技巨头对这块巨大的蛋糕也早已“虎视眈眈”。
49 4 3 2 3 0.583
加之汽车保有量的提高，以及传统汽车性能不断提升和改善，人们对于汽车依赖性越来越强。
49 8 5 1 4 0.654
其一，传统汽车的安全问题推动了无人汽车的发展。
49 9 5 2 4 0.433
《2016年国民经济和社会发展统计公报》显示，去年末全国民用汽车保有量19440万辆，比上年末增长12.8%，其中私人汽车保有量16559万辆，增长15.0%。
49 18 8 1 3 0.635
其三，科技巨头们的加入加速了无人汽车的研发。
49 19 8 2 3 0.529
无人驾驶汽车概念自问世以来，各界对其关注就从未停止过，且研发的进度和力度不断加快。
49 20 8 3 3 0.671
各大车企、科技公司、互联网公司等已经开始布局，将无人驾驶汽车的上市目标提上了日程。
49 23 9 3 3 0.673
而互联网公司研发的无人驾驶汽车主要以美国的谷歌、中国的百度为代表，无人驾驶汽车制造商则可以以特斯拉为主，看无人驾驶的新动向。
49 22 9 2 3 0.434
该报告指出，研发无人驾驶的企业从2015年的25家现已上升到了44家，还有很多创业公司未计算在内。
49 24 10 1 2 0.622
以谷歌、特斯拉、百度为代表的巨头试图自研无人汽车，从而占据无人车市场的半壁江山。
49 25 10 2 2 0.5
巨头们看到了无人驾驶巨大的市场潜力，都在努力将无人驾驶汽车变现为自己手中的一张王牌。
49 36 16 2 2 0.672
作为国内著名的搜索引擎，百度在国内无人驾驶汽车领域已经捷足先登了。
49 35 16 1 2 0.597
2017年7月5日，百度AI开发者大会中，李彦宏在视频中自己乘坐无人驾驶汽车，并借此向观众展示百度近年来研发的无人驾驶汽车技术。
49 37 17 1 1 0.621
事实上，无人驾驶汽车的研发是一个系统性工程，投入的资金和精力巨大，单靠自身力量难以完成，因此，百度巧妙地将自己定位为底层技术服务商，“广交朋友”吸纳合作伙伴，这一举动无疑加速了百度无人驾驶汽车的研发进程，也间接加快了智能汽车产业化的速度。
49 38 18 1 2 0.659
但百度研发无人驾驶汽车并非一帆风顺，近几年，百度一直在试图摆脱贴吧、医疗事件的影响，随着高层人事的大换血，百度在最快时间内调整了战略方向，将人工智能的无人驾驶汽车纳入百度发展的主航道上。
49 39 18 2 2 0.439
砍掉了诸多“累赘”的百度其实更希望能通过无人驾驶汽车重新洗牌，挽救口碑渐下的百度品牌。
49 57 27 1 2 0.628
其三，无人驾驶汽车的标准化难以实现。
49 58 27 2 2 0.602
无人驾驶汽车和飞机一样，需要一套应答系统实现车与车之间的直接交流，而无人汽车竞争日趋激烈，各个车企、互联网巨头研发的产品各不相同，无人驾驶汽车能否实现产品的标准化和统一化还是一个未知数。
49 61 29 1 1 0.641
2017年10月19日有外国媒体报道，智能芯片公司英伟达CEO黄仁勋在GPU技术大会上对无人驾驶汽车的市场作了前瞻性预测，认为2020年无人驾驶出租车将大量出现。
49 63 31 1 3 0.626
无人驾驶汽车一直是近几年来各大行业经久不衰的话题，互联网科技巨头对这块巨大的蛋糕也早已“虎视眈眈”。
49 64 31 2 3 0.583
加之汽车保有量的提高，以及传统汽车性能不断提升和改善，人们对于汽车依赖性越来越强。
49 68 33 1 4 0.654
其一，传统汽车的安全问题推动了无人汽车的发展。
49 69 33 2 4 0.433
《2016年国民经济和社会发展统计公报》显示，去年末全国民用汽车保有量19440万辆，比上年末增长12.8%，其中私人汽车保有量16559万辆，增长15.0%。
49 78 36 1 3 0.635
其三，科技巨头们的加入加速了无人汽车的研发。
49 79 36 2 3 0.529
无人驾驶汽车概念自问世以来，各界对其关注就从未停止过，且研发的进度和力度不断加快。
49 80 36 3 3 0.671
各大车企、科技公司、互联网公司等已经开始布局，将无人驾驶汽车的上市目标提上了日程。
49 83 37 3 3 0.673
而互联网公司研发的无人驾驶汽车主要以美国的谷歌、中国的百度为代表，无人驾驶汽车制造商则可以以特斯拉为主，看无人驾驶的新动向。
49 82 37 2 3 0.434
该报告指出，研发无人驾驶的企业从2015年的25家现已上升到了44家，还有很多创业公司未计算在内。
49 84 38 1 2 0.622
以谷歌、特斯拉、百度为代表的巨头试图自研无人汽车，从而占据无人车市场的半壁江山。
49 85 38 2 2 0.5
巨头们看到了无人驾驶巨大的市场潜力，都在努力将无人驾驶汽车变现为自己手中的一张王牌。
49 96 44 2 2 0.672
作为国内著名的搜索引擎，百度在国内无人驾驶汽车领域已经捷足先登了。
49 95 44 1 2 0.597
2017年7月5日，百度AI开发者大会中，李彦宏在视频中自己乘坐无人驾驶汽车，并借此向观众展示百度近年来研发的无人驾驶汽车技术。
49 97 45 1 1 0.621
事实上，无人驾驶汽车的研发是一个系统性工程，投入的资金和精力巨大，单靠自身力量难以完成，因此，百度巧妙地将自己定位为底层技术服务商，“广交朋友”吸纳合作伙伴，这一举动无疑加速了百度无人驾驶汽车的研发进程，也间接加快了智能汽车产业化的速度。
49 98 46 1 2 0.659
但百度研发无人驾驶汽车并非一帆风顺，近几年，百度一直在试图摆脱贴吧、医疗事件的影响，随着高层人事的大换血，百度在最快时间内调整了战略方向，将人工智能的无人驾驶汽车纳入百度发展的主航道上。
49 99 46 2 2 0.439
砍掉了诸多“累赘”的百度其实更希望能通过无人驾驶汽车重新洗牌，挽救口碑渐下的百度品牌。
49 117 55 1 2 0.628
其三，无人驾驶汽车的标准化难以实现。
49 118 55 2 2 0.602
无人驾驶汽车和飞机一样，需要一套应答系统实现车与车之间的直接交流，而无人汽车竞争日趋激烈，各个车企、互联网巨头研发的产品各不相同，无人驾驶汽车能否实现产品的标准化和统一化还是一个未知数。
50 2 1 2 2 0.755
互联网汽车产业已经是暗流涌动。
50 1 1 1 2 0.581
“这一轮玩无人驾驶汽车的都是豪门，巨资入场”，10月20日，语境汽车CEO告诉新京报记者，最近互联网巨头入局互联网汽车，巨头们和很多数据提供方都是商业交易的方式，相关合作很多。
50 3 2 1 4 0.649
BAT布局互联网汽车的雄心都已明确。
50 4 2 2 4 0.451
在百度的阿波罗计划之后数月，10月13日，阿里巴巴选择在云栖大会上重磅推出搭载AliOS的智联网汽车，首款车型将落地东风雪铁龙，并预计将于2018年推出。
50 23 13 1 1 0.663
与百度的Apollo平台聚焦于汽车不同，AliOS的布局似乎超出了汽车范畴，谋求万物互联。
50 36 20 2 4 0.604
目前百度在自动驾驶技术上的积累已经处于国内前列，未来阿波罗计划的生态还会囊括百度大脑和智能云等项目。
50 35 20 1 4 0.539
唐欣认为，百度的“阿波罗计划”更侧重于自动驾驶和人工智能技术，可以说和公司的战略转型一脉相承。
50 37 20 3 4 0.566
其竞争对手除了以谷歌为代表的自动驾驶技术提供商外，还有特斯拉、丰田等一众有意开发自动驾驶技术的车企。
50 46 24 2 2 0.674
“对于无人驾驶，百度号称allin。因为百度面临其他业务下滑，不得不allin在互联网汽车领域，而阿里还有很多招，阿里云、电子商务、物流等领域的储备有优势。”一位互联网汽车圈内人士告诉新京报记者。
50 45 24 1 2 0.409
也正因为如此，百度势必不会在这场互联网汽车决战中示弱。
50 50 26 2 2 0.673
百度和北汽已经宣布，在自动驾驶方面，将以百度Apollo开放平台与北汽集团车辆平台为基础，借助百度人工智能核心技术，逐步应用于北汽集团的乘用车、商用车、新能源汽车的各个车型上，形成北汽集团“集团化2.0”时代智能化发展的新格局，百度Apollo开放平台在汽车产业全面落地。
50 49 26 1 2 0.282
重要的是，百度得到了重量级合作伙伴的支持。
50 63 32 1 3 0.603
胡晓明表示，汽车厂商会越来越多地往智联网汽车发展，这是一个大趋势。
50 64 32 2 3 0.533
在这个过程中AliOS会和汽车厂商一起合作，会有越来越多汽车厂商和越来越多款汽车跟斑马和AliOS合作。
50 71 36 1 2 0.61
在BAT中，腾讯在互联网汽车领域的直接布局似乎没阿里和百度那样全力投入。
50 72 36 2 2 0.55
不过从其投资方向来看，腾讯更加看重电动车等新能源车领域，并在此方面动作频频。
50 80 39 1 1 0.635
据外媒报道，腾讯、富士康共同投资了一家汽车初创公司FutureMobilityCorp，共计划投资116亿元，在南京建设高端智能电动车生产工厂，将在2020年前发布自动驾驶电动汽车。
51 1 1 1 2 0.624
【PConline资讯】据报道，百度公司董事长兼CEO李彦宏周二在WSJD．Live全球科技大会上表示，通过今年推出的阿波罗（Apollo）开源自动驾驶平台，百度押注无人驾驶汽车行业。
51 2 1 2 2 0.656
目前百度正在与北京汽车合作，计划到2019年实现部分自动驾驶汽车的量产，到2021年实现全自动驾驶汽车的量产。
51 11 6 1 2 0.622
百度目前聚焦的人工智能（AI）领域是全球科技和资本热门。
51 12 6 2 2 0.548
据《乌镇指数：全球人工智能发展报告（2016）》分析，人工智能未来会在金融、医疗、教育、零售、自动驾驶、安防等领域发挥重要作用。
52 14 6 1 1 0.638
除了百度，阿里巴巴集团9月27日宣布升级操作系统战略，发布全新的AliOS品牌，并提出“携手斑马网络和更多汽车全产业链的合作伙伴，共同推动汽车行业的智能化转型”。
52 15 7 1 2 0.669
与此同时，车企与互联网企业争相“联姻”：上汽携手阿里巴巴开发互联网汽车；车和家与华晨汽车集团合作研制智能家庭汽车；广汽集团与腾讯联手发力多个汽车智能领域；百度则与江淮汽车、奇瑞等开展合作；华为牵手东风汽车目标“智慧汽车”……此外，各大创投资本、股权私募也争相入场。
52 16 7 2 2 0.714
中国智能汽车产业正在以产业联姻、跨界融合的态势快速发展。
52 20 9 2 3 0.671
6月12日，中国智能网联汽车产业创新联盟成立，行业协会、车企、互联网企业、科研院所参与其中。
52 19 9 1 3 0.485
企业投入热情的背后是国家战略。
52 21 9 3 3 0.504
9月15日，国家发展改革委表示，我国已启动国家智能汽车创新发展战略起草工作，将明确未来一个时期智能汽车发展的战略方向、发展目标、主要路径、重点任务、保障措施，并在战略中提出近期行动计划，确保尽早启动、有序实施。
52 22 10 1 1 0.668
“智能汽车的发展是大势所趋，更是中国汽车业发展的重大机遇。”国家发改委相关负责人指出，汽车产业和产品是新技术应用的重要载体，在这一轮智能化浪潮中，全球产业中的重大变革将集中表现在智能汽车突破运用上。
52 24 11 2 2 0.623
有机构表示，在政策扶持和汽车技术突破的推动下，无人驾驶产业化步伐将提速，并催生硬件终端、传感器、运营服务在内的车联网市场空间，潜在规模达千亿元级别。
52 23 11 1 2 0.558
平安证券研报显示，到2020年，我国智能汽车市场规模接近600亿元。
52 25 12 1 1 0.609
北京时间10月17日下午消息，通用汽车计划成为第一家在纽约市测试无人驾驶汽车的公司，以此确立他们在这一领域的领导地位，并有可能向着这项技术的商业化迈出重要一步。
53 3 2 1 1 0.659
百度董事会副主席、百度集团总裁兼首席运营官陆奇表示：“商用汽车将是自动驾驶技术率先商业量产的产品。Apollo平台和金龙客车携手合作，通过双方各自在人工智能和车辆制造方面的突出优势，不仅可以创造丰厚的商业价值，还能改善历史已久的中国交通问题，助推中国汽车产业升级。Apollo平台将快速帮助中国汽车工业实力在数年内实现跳跃性增长。”
54 1 1 1 1 0.638
在百度2017年9月20日举行的Apollo1.5开放技术发布会上，金龙客车基于Apollo1.0组建的一款自动驾驶巴士，让全汽车行业看到大型商用汽车实现自动驾驶的可行性。
54 10 6 1 1 0.618
金龙第二代无人驾驶微循环车依托金龙客车扎实的研发实力和车辆制造平台，结合Apollo的自动驾驶解决方案，开启了国内无人驾驶巴士整车设计、量产标准和上路运行模式的探索先河，在中国客车乃至汽车工业“智造”的进程中迈出里程碑式的新步伐。
54 19 9 1 1 0.659
百度董事会副主席、百度集团总裁兼首席运营官陆奇表示：“商用汽车将是自动驾驶技术率先商业量产的产品。Apollo平台和金龙客车携手合作，通过双方各自在人工智能和车辆制造方面的突出优势，不仅可以创造丰厚的商业价值，还能改善历史已久的中国交通问题，助推中国汽车产业升级。Apollo平台将快速帮助中国汽车工业实力在数年内实现跳跃性增长。”
54 21 11 1 1 0.711
如今Apollo正携手多方合作伙伴带动中国汽车产业与世界先进水平齐头并进，并将成为中国自动驾驶行业未来数年内跳跃式发展的跳板。
55 1 1 1 1 0.603
新浪美股讯北京时间18日早间消息，据国外媒体报道，百度公司董事长兼CEO李彦宏表示，正积极开发无人驾驶汽车，计划明年在中国发布一款全自动驾驶公共汽车。
55 2 2 1 2 0.619
李彦宏周二在《华尔街日报》WSJD.Live全球科技大会上表示，通过今年推出的阿波罗（Apollo）开源自动驾驶平台，百度押注自己能够成为无人驾驶汽车行业的一个主要参与者。
55 3 2 2 2 0.673
李彦宏称，百度正在与北京汽车股份有限公司合作，计划到2019年实现部分自动驾驶汽车的量产，到2021年实现全自动驾驶汽车的量产。
56 9 5 1 1 0.639
对于双方合作，陆奇表示：“商用汽车将是自动驾驶技术率先商业量产的产品。Apollo平台和金龙客车携手合作，通过双方各自在人工智能和车辆制造方面的突出优势，不仅可以创造丰厚的商业价值，还能改善历史已久的中国交通问题，助推中国汽车产业升级。Apollo平台将快速帮助中国汽车工业实力在数年内实现跳跃性增长。”
57 4 1 4 4 0.614
百度集团在智慧城市建设以及大数据、自动驾驶等方面具有领先优势，欢迎百度在雄安新区筹建开放的、国际化的国家级人工智能实验室、高端应用研究机构，特别是建设无人驾驶高新产业的示范区。
57 3 1 3 4 0.343
未来雄安新区规划建设的一个核心理念是把城市还给人，改变传统的按照汽车尺度来设计城市、道路的做法，按照人的尺度来设计，把城市还给人，把路面、空间还给人。
57 5 2 1 2 0.602
百度集团总裁兼首席运营官陆奇指出，百度集团在云计算、边缘计算、大数据、人工智能、自动驾驶等领域具有世界领先的技术与应用，希望与雄安新区在智能城市规划设计、信息基础设施建设、智能产业试点示范等领域深化合作，服务于雄安新区千年大计、国家大事。
57 6 2 2 2 0.275
（原题为《雄安新区与百度集团对接座谈！透露这些重要信息》）
58 6 5 1 1 0.635
北汽集团是中国骨干汽车企业集团之一，目前已建成自主品牌、合资合作、新能源汽车、零部件、服务贸易等十大业务板块综合发展的产业体系。
58 7 6 1 2 0.656
百度作为人工智能科技公司，拥有领先的自动驾驶技术。
58 8 6 2 2 0.321
今年9月，Apollo1.5正式对外发布（点击蓝字查看详情），开放了包含障碍物感知、决策规划、云端仿真、高精地图服务、端到端的深度学习（End-to-End）等五大核心开放能力，并支持昼夜定车道自动驾驶。
58 11 9 1 1 0.664
智能化是全球汽车产业的发展趋势，也是北汽集团向制造服务型和创新型企业转型的重要路径之一。
58 14 12 1 1 0.701
今天，百度与北汽这样的优秀汽车制造企业走到一起，将完成自动驾驶汽车的从零到一的创新与应用，并推动中国汽车工业乃至整体制造业水平进入全新的历史阶段。
58 15 13 1 1 0.618
在自动驾驶方面，以百度Apollo开放平台与北汽集团车辆平台为基础，借助百度人工智能核心技术，将在2019年前后实现L3级别自动驾驶车辆量产，2021年前后实现L4级别自动驾驶车辆量产。
58 19 16 1 1 0.653
在规划中，合作的解决方案将逐步应用于北汽集团的乘用车、商用车、新能源汽车的各个车型上，形成北汽集团“集团化2.0”时代智能化发展的新格局，百度Apollo开放平台在汽车产业实现全面落地。
59 6 5 1 1 0.677
百度创始人、董事长兼CEO李彦宏表示：“百度与北汽走到一起，将完成自动驾驶汽车的从零到一的创新与应用，并推动中国汽车工业乃至整体制造业水平进入全新的历史阶段。”
60 4 2 2 3 0.664
智能化是全球汽车产业的发展趋势，也是北汽集团向制造服务型和创新型企业转型的重要路径之一。
60 3 2 1 3 0.491
北汽集团党委书记、董事长徐和谊表示：随着人工智能技术的兴起，传统制造业正在面临一场前所未有的大变革，需要我们以更加创新、开放的精神，积极迎接未来。
60 5 2 3 3 0.454
我们希望通过与百度的合作，在自动驾驶、智能网联和智慧交通领域提出更多解决方案，为用户提供更加美好的出行生活。
60 7 3 2 2 0.701
今天，百度与北汽这样的优秀汽车制造企业走到一起，将完成自动驾驶汽车的从零到一的创新与应用，并推动中国汽车工业乃至整体制造业水平进入全新的历史阶段。
60 6 3 1 2 0.538
百度创始人、董事长兼CEO李彦宏表示：一百多年前，汽车完成了从零到一的进程，不仅深刻改变了人们的出行生活方式，更创造了崭新工业系统，并且一直引领制造业前沿创新。
60 8 4 1 4 0.609
现场，双方宣布在自动驾驶方面，将以百度Apollo开放平台与北汽集团车辆平台为基础，借助百度人工智能核心技术，于2019年前后实现L3级别自动驾驶车辆量产，2021年前后实现L4级别自动驾驶车辆量产。
60 9 4 2 4 0.525
同时，在车联网方面，百度Apollo将DuerOS、车辆信息安全、图像识别等产品和技术与北汽集团车载系统深度融合，共同打造一站式车联网产品。
60 12 5 1 1 0.66
按照规划，双方合作的解决方案将逐步应用于北汽集团的乘用车、商用车、新能源汽车的各个车型上，形成北汽集团“集团化2.0”时代智能化发展的新格局，百度Apollo开放平台在汽车产业全面落地。
61 1 1 1 1 0.606
新浪科技讯10月13日晚间消息，百度今天与北汽集团在北京汽车产业研发基地举行合作协议签约仪式，双方将在自动驾驶、车联网、云服务等领域达成集团层面战略合作，全面打造“人工智能+汽车”生态。
61 9 7 2 3 0.649
今天，百度与北汽一起，将完成自动驾驶汽车从0到1的创新与应用，并推动汽车工业，甚至整体制造业水平进入全新历史阶段。
61 8 7 1 3 0.495
李彦宏表示，一百多年前，汽车完成了从0到1的进程，不仅深刻改变了人们的出行生活，更创造了崭新的工业系统，并一直引领制造业前沿创新。
61 10 7 3 3 -0.221
（周峰）
64 4 1 4 4 0.711
全球无人驾驶技术的发展正迎来新一轮热潮，而中国企业也在积极布局无人驾驶领域的核心技术研发和产业化应用。
64 3 1 3 4 0.546
无人驾驶无疑是汽车行业最热门的话题和最值得期待的领域，成为当下市场竞逐的焦点。
64 13 5 1 2 0.674
中国智能交通协会理事长吴忠泽说，为提高汽车的智能化及安全性能，汽车制造厂商正在为汽车零部件加装越来越多的传感器。
64 14 5 2 2 0.426
从轮胎气压监测，到车身稳定控制技术、自适应巡航技术、车道偏离预警系统等，每辆汽车每小时基于各类传感器的监测数据达到5G到250G。
64 17 7 1 2 0.64
中国智能交通协会副秘书长关积珍、吴忠泽等专家认为，随着智能化、信息化步伐不断加快，我国汽车大数据、智能化时代已经到来。
64 18 7 2 2 0.581
快速增长的汽车在途状态数据，一旦与现有的制造和研发数据结合起来，将为汽车生态系统内的所有公司提供巨大的价值拓展空间。
64 20 8 2 2 0.672
此前，北京市交通信息中心就和日本日产汽车公司共同实施了动态路径诱导和汽车节能驾驶辅助服务项目，探索智能交通和汽车节能的可能，已经取得了初步成效。
64 19 8 1 2 0.497
大数据时代的来临将带来汽车的电动化、轻量化、智能化、网络化相互融合。
64 21 9 1 2 0.607
在智能化、大数据背景下的汽车时代，汽车产品本身甚至将不再是车企的主要盈利点，汽车产品上所搭载的定制化服务和用户在使用服务时所产生的行为信息将成为未来汽车生态链中最大的盈利因素。
64 22 9 2 2 0.597
大数据正在推动制造产业转型升级为服务产业，将形成巨大的市场。
64 23 10 1 3 0.672
在智能时代，汽车行业最令人期待的应用莫过于无人驾驶。
64 24 10 2 3 0.376
它的出现不但可以为驾驶提供更多可靠的安全保障，而且在货物配送等领域有更大发挥空间。
64 34 14 2 2 0.721
不久前，大众汽车投资参股了德国人工智能研究中心，以进一步强化其在面向未来无人驾驶与数字化技术领域的竞争力。
64 33 14 1 2 0.553
在“排放门”事件中遭受挫折的大众集团也将无人驾驶和新能源车作为翻盘的关键一步。
64 36 15 2 2 0.662
据广汽集团相关负责人说，广汽集团新能源无人驾驶汽车开发采取分阶段推进方式：第一阶段，进行自动驾驶关键技术的开发，完成自动驾驶样车的高速、低速初步路试；第二阶段，将车联网和车网充电引入智能汽车中，实现信息化智能驾驶；第三阶段，整合相关资源建立“信息云”、“能量云”平台，实现新能源智能汽车的示范运营和关键零部件的产业化。
64 35 15 1 2 0.526
此外，广汽集团也已介入无人驾驶研发中。
64 39 16 3 4 0.603
下一步，广汽集团为支撑未来车辆的无人、清洁行驶，正在探索搭建新能源无人驾驶汽车“能量云”平台。
64 38 16 2 4 0.508
由其设计的无人驾驶增程式纯电动概念车已在国内各大车展以及底特律车展上亮相。
64 40 16 4 4 0.558
新能源无人驾驶汽车将成为“能量云”的组成部分，作为分布式储能器，帮助电网“削峰填谷”。
64 63 27 1 3 0.655
——汽车厂商众多数据共享存在难题。
64 64 27 2 3 0.545
目前，国内外汽车厂商数量众多，相关数据检测方式多样，信息模式复杂，造成数据种类繁多，且缺乏统一的标准，各厂商的数据资源缺乏互通与共享。
64 72 30 2 2 0.669
目前汽车行业尚缺乏有效的市场化推进机制，基于汽车大数据的信息服务产业链、价值链尚未真正形成。
64 71 30 1 2 0.444
——大数据市场化应用尚缺乏相应机制。
64 73 31 1 2 0.732
——汽车行业大数据缺乏顶层设计。
64 74 31 2 2 0.452
大数据使用的各个环节均需要加强统筹协调，不过，目前汽车及相关产业的数据壁垒没有打通，丰富且分散的数据资源不能有效协调利用。
64 77 33 1 1 0.738
行业专家表示，迎接大数据、智能化时代对汽车产业技术发展带来的机遇与挑战，应立足国情、运用新技术手段，结合智能交通系统建设发展，加快汽车大数据分析技术研发，促进汽车制造商服务转型，这将是我国汽车产业重要的发展方向。
64 79 35 1 4 0.743
专家表示，无人驾驶技术可以直接带动智能汽车后市场等产业的快速发展。
64 80 35 2 4 0.71
当前，全球无人驾驶技术的发展正迎来新一轮热潮，而中国企业也在积极布局无人驾驶领域的核心技术研发和产业化应用。
64 81 35 3 4 0.385
在这种背景下，政策制定在经过一段时间观察后，应尽快出手，为无人驾驶技术的发展规划好路径。
64 83 36 1 5 0.662
同时，要加快发展车联网、车路协同、智能汽车等关键技术，推广汽车融合技术的应用。
64 84 36 2 5 0.606
车联网将有可能实现汽车大数据的产业化。
64 85 36 3 5 0.447
可探索建立统一的车车、车路通信协议，加强海量异质车辆数据的采集、传输、存储与发布技术研发。
64 87 36 5 5 0.653
综合交通出行大数据，完善汽车相关大数据采集与交互技术体系，持续提升车辆感知智能化水平。
64 86 36 4 5 0.51
在车辆动态组网、状态实时获取、环境智能感知、车路信息交互等前沿技术领域取得突破。
64 90 38 2 2 0.645
整合汽车结构化与非结构化的数据资源，形成汽车大数据资源的共享与服务平台，提升汽车相关数据资源的整体服务能力。
64 89 38 1 2 0.315
与此同时，加强数据安全防范措施，提升数据监管和保护能力，维护数据的安全使用。
64 96 40 3 3 0.607
创造新型商业模式，探索“互联网＋汽车＋交通”的商业模式，发掘类似滴滴打车、百度导航等智能出行信息服务系统，让民众真正享受到交通信息智能服务带来的便利，缓解城市交通拥堵。
64 95 40 2 3 0.541
为解决大城市“打车难”等出行难题，可综合应用大数据、云计算、移动互联、移动智能终端等新技术，推进个性化的移动服务发展，鼓励汽车制造商、交通管理部门、信息通信产业、金融保险业等多方组成联盟，共同推进新一代智能化交通信息服务系统的建立。
67 8 5 1 1 0.749
清华大学汽车工程系教授李克强、上海国际汽车城董事长荣文伟等业界人士认为，我国在无人驾驶汽车领域拥有市场规模大、信息产业强、可率先进入5G时代等发展优势，但如果政府相关部门迟迟不制定相关政策法规，使无人驾驶汽车无法进入开放道路测试的话，我国可能在该产业和技术领域贻误战机。
67 9 6 1 2 0.652
当前，无人驾驶汽车领域的国际竞争日益激烈，相关政策法规的制定已十分紧迫。
67 10 6 2 2 0.556
现在一些企业已有成型车辆，如果不能让企业尽快合法进入开放道路测试，一方面可能导致我国本来与外国企业处于同一起跑线的无人驾驶汽车产业最终落后于国际发展水平，另一方面也无法应对企业偷偷上路测试可能带来的安全隐患。
67 13 7 3 4 0.639
百度、腾讯等多家企业和机构联合投资的“蔚来汽车”日前获得由美国加州政府颁发的无人驾驶汽车测试牌照。
67 12 7 2 4 0.576
已有无人驾驶汽车在开放道路行驶的外国企业每天都在积累新的实验数据，为以后的研发和技术突破打下了基础。
67 14 7 4 4 0.639
该公司公共事务总监余晨介绍，全球已有18家企业获得加州政府颁发的无人驾驶汽车测试牌照。
67 15 8 1 2 0.718
上汽集团高级经理梁伟铭表示，无人驾驶汽车产业发展正处于窗口期，未来5年至10年，无人驾驶技术将日臻完善，并大量进入人类社会。
67 16 8 2 2 0.521
我们目前在技术上并不落后于人，关键在于公安部、工信部、交通部等部门能否在政策法规方面尽快给予支持，以推进无人驾驶汽车的研发。
67 17 9 1 5 0.613
同济大学汽车学院教授朱西产说，虽然上海国际汽车城的国家智能网联汽车（上海）示范区有世界最完善的无人驾驶汽车封闭测试场地，但无人驾驶汽车要考察应对复杂交通状况的能力，在封闭测试场无法完全实现，必须在实际开放道路上进行测试。
67 18 9 2 5 0.465
只要能尽快允许无人驾驶汽车在开放道路测试，我们就能走出和美国不同的技术道路。
67 29 14 1 1 0.635
目前，美国、德国、日本、英国等主要无人驾驶领域技术领先的国家都在进行相关立法，以适应新时代无人驾驶领域的发展需求。
67 36 16 3 3 0.614
2016年，日本国土交通省就成立了无人驾驶战略本部，而推进无人驾驶汽车研发和应用正是日本中长期发展战略“未来投资战略2017”的重要部分。
67 35 16 2 3 0.453
这是日本首次允许无人驾驶汽车在驾驶座无人的状态下进行开放道路测试。
67 37 17 1 2 0.617
而作为世界上最早开始研发无人驾驶汽车技术的国家之一，美国早在2016年9月就出台了第一份《自动驾驶汽车联邦政策》文件。
67 38 17 2 2 0.424
在此之前，已有多个州通过州立法为无人驾驶汽车进入开放道路测试开了绿灯。
68 3 2 1 2 0.609
阿波罗是百度四月份推出的项目，是一个开放式平台，旨在让无人驾驶汽车比较快速的在城市道路上行驶，算是快速落地的一个服务平台，从而推动自动驾驶技术发展。
68 4 2 2 2 0.367
前不久百度大会上李彦宏也曾经展示了一下，虽然引起了很大争议，但不得不说无人驾驶汽车正在前进的道路上。
70 9 3 3 3 0.63
身为第十二届全国政协委员的李彦宏，2016年的两会提案之一，就是加快制定和完善无人驾驶汽车相关政策法规，为无人驾驶汽车的研发、测试和商业化应用提供制度保障。
70 8 3 2 3 0.373
我国的《道路交通安全法》2003年公布，2007年与2011年两次修订，都没能够把无人驾驶的问题纳入考虑，相关的配套法律体系也是如此。
70 17 5 2 2 0.642
我国有良好的汽车工业体系和庞大的汽车保有量，未来无人驾驶汽车及其可能带来的共享经济对人类社会带来的影响可能会超出我们的想象，无人驾驶在我国未来的汽车市场潜力非常巨大。
70 16 5 1 2 0.465
据中国汽车工业协会统计，2016年我国汽车产销较快增长，产销总量再创历史新高，全年汽车产销分别完成2811.9万辆和2802.8万辆，比上年同期分别增长14.5%和13.7%，产销量连续8年蝉联全球第一。
70 20 6 3 3 0.618
无人驾驶是智能汽车发展的终极阶段，无人驾驶车辆构造可分为环境感知、定位导航、中央处理单元、辅助驾驶等多个系统，将衍生出众多的新技术、新产品和新商业模式，背后隐藏的风口将给汽车工业带来众多崭新的投资机会。
70 19 6 2 3 0.487
无人驾驶将驾驶员抽离“人-车-路”系统模型，是对汽车工业的革命性变革。
70 23 7 3 3 0.735
我们要在汽车产业的变革中打破常规，以创新抢抓新一轮互联网汽车产业革命先机，抢占汽车产业未来发展制高点，我国的汽车产业才有可能实现跨越式发展，才有可能抓住制定行业游戏规则的主动权，打造中国主场，树立起中国在全球互联网汽车产业领域的旗帜。
70 22 7 2 3 0.534
发展无人驾驶技术，使我国和许多西方经济强国站在了同一起跑线上。
72 1 1 1 1 0.61
德国对自动驾驶在开放道路试验，正在筹划立法规划，并要求汽车制造商为旗下配备自动驾驶模式的汽车安装“黑匣子”，以帮助确认事故责任人的权责。
72 14 11 2 2 0.608
德国方面，对自动驾驶在开放道路试验，正在筹划立法规划，并要求汽车制造商为旗下配备自动驾驶模式的汽车安装“黑匣子”，以帮助确认事故责任人的权责。
72 13 11 1 2 0.582
鉴于自动驾驶技术安全的重要性，包括美国、德国在内的汽车工业发达国家，对该项技术的探索都提出了严格的规定。
76 7 3 1 3 0.645
在自动驾驶领域，百度将推出Apollo计划，在后台提供百度大脑和智能云，为汽车带来自动驾驶未来。
76 8 3 2 3 0.397
在端上，百度通过由度秘升级来的DuerOS作为交互平台，可以嵌入任何一个平台，提供有效服务。
76 9 3 3 3 0.623
从汽车领域拓展到各行业，百度想要以开放合作的形态，将人工智能进行商业化拓展，为传统行业赋能，达成和客户的共赢。
79 3 2 1 2 0.64
以互联网搜索引擎起家的百度，当前一个重要的发展方向是AI与无人驾驶汽车。
79 4 2 2 2 0.451
昨日，在百度AI开发者大会上，百度创始人、董事长兼首席执行官李彦宏通过视频直播展示了一段自己乘坐百度研发的无人驾驶汽车的情景。
79 22 9 2 2 0.616
我国国内车企基本采用美国的SAE标准为无人驾驶汽车分级，即：
79 21 9 1 2 0.524
以欧美地区为例，NHTSA（美国高速公路安全管理局）、SAE（美国汽车工程师学会）、ERTRAC（欧洲道路交通研究咨询委员会）分别对无人驾驶进行了分级定义，也成了欧美等各国研究无人驾驶汽车相关法规的依据。
79 25 11 2 2 0.61
记者从曾经在国内进行过多次无人驾驶汽车上路测试的长安汽车获悉，当前无人驾驶汽车仍然需要配备驾驶员，且这个驾驶员需要有专门的“自动驾驶汽车”驾驶证。
79 24 11 1 2 0.498
记者从相关车企业获悉，国内现行的法规并不允许无人驾驶汽车上路，但如果是企业为了测试所需，可向国家相关部门申请审批。
79 29 13 2 3 0.665
记者留意到，去年6月，中国汽车行业监管机构曾表示，将联合公安部制定规范有关无人驾驶汽车道路测试的法律法规，法规发布前禁止车企在高速路上开展无人驾驶汽车测试。
79 28 13 1 3 0.475
中国从2016年已经开展了对于无人驾驶问题的法律研究。
79 30 13 3 3 0.242
今年6月13日，工信部网站已经正式对外发布《关于征求<国家车联网产业标准体系建设指南（智能网联汽车）（2017年）>（征求意见稿）意见的通知》，目前已经初步确立了不少意见。
83 11 6 1 2 0.604
在业界看来，Apollo平台的开放是全球范围内自动驾驶技术首次“系统级”开放，对整个产业链的提速及落地具有重大意义。
83 12 6 2 2 0.371
对此，陆奇亦表示：“Apollo开放平台是汽车界的安卓系统，并且比安卓更开放、更强大，对于整个汽车工业的贡献将是非常巨大、非常深远的。”
83 14 7 2 3 0.612
陆奇认为，快速创新的Apollo生态将是中国汽车工业未来数年内跳跃式赶超的跳板。
83 13 7 1 3 0.339
陆奇用“开放能力、共享资源、加速创新、持续共赢”16字概述了Apollo生态的战略目标。
83 15 7 3 3 0.501
“中国是世界最大的汽车市场，有最大的发展空间，最好的政策环境。Apollo为中国汽车工业带来了最好的创新生态，我们有信心、有能力，在未来的三年到五年之内，让中国的无人驾驶站在世界的前沿”。
83 16 8 1 2 0.644
除了对中国无人驾驶产业链赋能，百度还将向全球赋能。
83 17 8 2 2 0.568
陆奇透露，百度还将在美国、新加坡等地成立Apollo子公司，“今天的Apollo已经是世界上最强大的自动驾驶生态。Apollo有能力实现中国近现代史上第一次以中国公司、中国技术来引领世界级产业。”
85 30 20 1 1 0.612
在奇瑞汽车股份有限公司董事长尹同跃眼里，Apollo是个新的起点，是中国汽车产业掌握核心技术，由大变强的开始。
85 33 22 2 2 0.612
“随着Apollo开放平台合作伙伴的增多，共享的数据、资源和技术将成倍增加，这意味着，开发者和企业将不用再进行基础的重复工作，而是直接进入自动驾驶高阶研究，这将大幅提升自动驾驶行业的发展速度，加速自动驾驶汽车走进我们的日常生活。”
85 32 22 1 2 0.451
而在借助Apollo平台在几天内做出了自动驾驶汽车的AutonomouStuff公司CEORobertHambrick看来，以往一个企业需要花费数年开展自己的自动驾驶研究，但几年后它会发现自己的代码和技术都已经过时了。
86 13 7 2 2 0.619
加上驾驶辅助、部分自动驾驶和高度自动驾驶不同类型，智能网联汽车总体产业占比将超过70%。
86 12 7 1 2 0.539
路线图的长远愿景是，至2030年实现完全自动驾驶车辆市场占有率接近10%，彼时中国汽车产业规模预计为3800万辆，意味着无人驾驶车辆要逼近400万辆。
86 21 11 1 1 0.644
长安汽车无人驾驶业务负责人、工程研究总院总工程师黎予生多次呼吁：“如果我们的汽车企业想在中国把无人驾驶这一功能技术推向市场，就必须要在公路上做相关测试，但这与我国的现行政策法规是相冲突的。希望政府相关管理部门加快出台相关法规，在保证安全的前提下，促进中国无人驾驶汽车的科技创新。”
87 23 11 2 3 0.611
今年上海车展期间，长安汽车与英特尔在自动驾驶领域签署了战略合作协议；2016年11月，长城汽车与四维图新签署了《汽车自动驾驶项目合作协议》；为了实现自动驾驶，福特愿意直接收购其他公司，如斥资10亿美元收购ArgoAI。
87 22 11 1 3 0.307
记者翻阅报道发现，百度公布的车企名单中，大部分都已经宣布了自己的自动驾驶计划。
87 24 11 3 3 0.348
一位不具姓名的企业相关负责人直言，“对于这一关系到未来竞争核心的关键技术领域，整车厂都不愿意放弃”。
88 7 4 1 1 0.631
受此影响，长安汽车、长城汽车、福田汽车、江淮汽车、金龙客车、中兴通讯、路畅科技等入围Apollo生态合作伙伴联盟的A股上市公司股价纷纷大涨，路畅科技午后更是直接涨停，连中兴通讯这样的大盘股也大涨3.89%。
88 16 9 2 3 0.632
这也必将加速国内企业在无人驾驶产业链上的布局。
88 15 9 1 3 0.355
利用Apollo开放平台，无人驾驶的开发将有多快呢？从0到1只需要三天！李彦宏前往会场所乘坐的正是一辆依靠Apollo1.0能力、在三天时间内打造的循迹自动驾驶汽车。
88 17 9 3 3 0.348
而从目前的情况来看，“单车智能”和“车联网”虽然都已被上市公司覆盖，但布局的深度仍然非常薄弱。
89 12 9 2 2 0.628
他表示，Apollo希望通过快速迭代的创新方式，为中国汽车产业升级找到突破点，推动中国自动驾驶产业在3-5年内站到世界前沿。
89 11 9 1 2 0.326
陆奇用“开放能力、共享资源、加速创新、持续共赢”十六字宣言概述了Apollo生态的战略目标。
90 15 13 1 1 0.605
百度集团总裁兼首席运营官陆奇表示，人工智能技术在推动社会发展方面拥有巨大的潜力，而智能汽车是其中最大的产业机会之一。
90 18 15 2 2 0.61
百度相信自动驾驶和智能汽车也是这样的事业。
90 17 15 1 2 0.356
而将这个计划命名为“Apollo”计划，就是借用了阿波罗登月计划，意指具备开创性，又需要汇聚众多参与者的力量，能为社会发展带来巨大推动力的超级工程。
92 32 15 2 2 0.628
他表示，Apollo希望通过快速迭代的创新方式，为中国汽车产业升级找到突破点，推动中国自动驾驶产业在3-5年内站到世界前沿。
92 31 15 1 2 0.324
会上，陆奇用“开放能力、共享资源、加速创新、持续共赢”十六字宣言概述了Apollo生态的战略目标。
93 1 1 1 1 0.651
百度无人驾驶汽车尚未在技术层面引发反响，便已反映了该技术在当前法规环境下的应用前景问题。
