1
1 1 1 1 1 0.75
在前不久举行的百度世界大会上，百度发布了一则震惊业界的重磅消息：百度与金龙客车合作研发的无人驾驶小巴车将于2018年实现量产。
1
1 3 3 1 1 0.72
由于是无人驾驶小巴，它的内部并没有设计方向盘，也没有驾驶座，车身采用复合材料，搭载易驱智慧能源系统并支持百度研发的L4级别的自动驾驶功能。
1
1 4 4 1 1 0.646
此外，它还搭载了DuerOS人车AI交互系统和龙翼无人车云端运营管理系统，配合车身四周配置的雷达和传感器，实现多重安全防护，还支持OTA软件升级。
2
2 8 6 1 2 0.666
另外，李彦宏还提到了无人驾驶。
2 9 6 2 2 0.263
他说：“昨天晚上，大家一起喝酒，就谈到了无人驾驶，大家给我出主意，说百度应该做一个广告，画面就是坐在车里喝酒。因为无人驾驶，所以就没有酒驾这个说法了。”
2
3 1 1 1 2 0.775
今年7月，百度创始人李彦宏乘坐着一辆自家研发的无人驾驶汽车，驶上北京北五环。
3 2 1 2 2 0.58
虽然因为违反交通法规而吃了一张罚单，但这段15公里的无人驾驶经历，也成了百度自动驾驶成果的最好证明。
2
3 3 2 1 3 0.642
公开道路测试，可以说是自动驾驶技术研发过程中的最为重要的一环。
3 4 2 2 3 0.471
真实、复杂的路况测试，可以让自动驾驶车辆熟悉各种交通场景，也是对其安全性、灵敏性的综合考验。
1
3 5 2 3 3 0.637
测试的结果，也直接影响着这款无人驾驶车辆能否投入使用，实现量产。
1
3 6 3 1 1 0.678
作为自动驾驶领域的“资深”选手，谷歌旗下的自动驾驶项目——Waymo，也在道路测试方面有着丰富的经验。
2
3 7 4 1 2 0.621
日前，Waymo的测试里程又创下了新的记录——其自动驾驶汽车在公共道路上的测试里程已经超过了400万英里（640万公里）。
3 8 4 2 2 0.369
按照美国人平均的开车速度，400万英里的驾驶里程，大概需要开300年才能完成。
2
3 9 5 1 2 0.617
实际上，国内的车企也曾进行过类似的长距离自动驾驶车辆测试。
3 10 5 2 2 0.735
2016年，长安自动驾驶汽车从重庆出发，北上2000公里抵达北京，车辆在沿途高速公路的部分路段采用了无人驾驶模式。
0
2
3 11 6 1 3 0.82
Waymo的无人驾驶车辆，采用的是Level3自动驾驶系统。
3 12 6 2 3 0.384
据外媒报道，仅2016年，Waymo就通过仿真系统模拟行驶了25亿英里来加快学习速度。
2
3 14 7 1 2 0.651
经过在特定路段的长距离测试，Waymo的自动驾驶车辆可以说是身经百战。
3 15 7 2 2 0.625
数百万英里路测积累下来的经验，也将帮助研发人员不断精进技术、调教车辆，以此实现无人驾驶车辆量产这一终极目标。
0
2
3 19 9 1 2 0.523
Waymo还在其官方平台表示，基于400公里的测试经验，公众很快就能“利用Waymo的无人驾驶服务上班、上学、购物或去更多的地方”。
3 20 9 2 2 0.664
在接下来的几个月，Waymo将邀请公众乘坐他们的车辆，加速无人驾驶技术的商业化进程。
1
4 1 1 1 1 0.678
“我们的无人驾驶汽车确实吃到了一张罚单。”11月16日，在百度世界大会上，百度公司董事长兼首席执行官李彦宏在回应“乘‘无人驾驶汽车’上北京五环遭交警查处”时表示，“如果无人驾驶的罚单已经来了，无人驾驶汽车的量产还会远吗？”
2
4 2 2 1 2 0.522
随着关注度和重要性日益提升，自动驾驶相关企业的市值水涨船高。
4 3 2 2 2 0.735
本月24日，谷歌母公司Alphabet旗下专注无人驾驶技术研发的公司Waymo正式宣布已经实现完全自动驾驶，并放弃开发辅助驾驶功能，据悉该公司市值已经超越特斯拉和Uber。
2
4 4 3 1 2 0.682
但在我国，自动驾驶技术的推进依然步履维艰。
4 5 3 2 2 0.595
如何实现自动驾驶技术路线，业内存在分歧；如何收集、共享大数据、展开实地路测、改进基础道路设施以及降低技术成本，成为自动驾驶实现路径的难题。
2
4 6 4 1 2 0.612
在过去三年里，全球对自动驾驶汽车技术的投入超过800亿美元。
4 7 4 2 2 0.478
麦肯锡咨询公司预测，无人驾驶汽车到2025年可以产生2000亿到1.9万亿美元的产值，而英特尔的预测是到2030年这一数值将达到7万亿美元。
2
4 16 10 1 4 0.657
11月24日，Waymo正式宣布实现完全的自动驾驶，并将很快推出叫车服务。
4 17 10 2 4 0.587
自10月中旬起，Waymo的自动驾驶汽车（没有司机坐在方向盘后）就已经在美国亚利桑那州街道上运行。
2
4 18 10 3 4 0.167
在随后几个月，Waymo决定邀请市民去乘坐。
4 19 10 4 4 0.681
然而，Waymo目前自动驾驶能力处于L4级别，也就是说，该类汽车还是要在选定区域里行驶。
1
4 20 11 1 1 0.725
在自动驾驶技术上发力的不只Waymo一家，特斯拉目前在售的车型可实现L2级别自动驾驶，奥迪7月推出的L3级别自动驾驶的全新奥迪A8，则可在满足一定路况和限速的情况下，让双手可以脱离方向盘。
1
4 24 15 1 1 0.679
在未来出行大会上，长安汽车副总裁李伟首次对外透露，长安汽车拿到了在美国加州路测无人驾驶的牌照。
2
4 32 19 2 3 0.479
我国的汽车主机厂更偏向于类似特斯拉的渐进路线。
4 33 19 3 3 0.711
目前特斯拉车型实现的只是L2级别自动驾驶，虽然未来通过软件升级，可使车辆实现更高级别自动驾驶。
2
5 6 3 1 3 0.659
近年来百度一直在通过人工智能的研究尝试商业化路径，其中自动驾驶拥有最光明的前景。
5 7 3 2 3 0.531
清华大学计算机科学教授邓志东认为，百度是中国企业中少数几家有机会赶超谷歌的互联网公司之一，因为其有全国最大的自动驾驶技术研发机构，优势在于深度学习的算法和软件，其中包括两个设在硅谷的实验室。
1
5 8 3 3 3 0.689
86证券分析师张雪茹则认为，借助于更好的算法百度可以营造更安全的驾驶环境，在安全领域的领先让百度在自动驾驶领域脱颖而出。
1
5 9 4 1 1 0.765
该文章指出，百度在今年7月发布了“Apollo”项目，与包括汽车制造商长安，戴姆勒和芯片制造商英伟达在内的70多个合作伙伴共享自动驾驶技术代码和数据，并可以从使用其自动驾驶技术的车辆中获取大量的道路测试数据，并借此训练出更好的自动驾驶技术。
2
5 10 5 1 5 0.795
此外，百度也在加速实现自动驾驶技术的市场化，目前已经与金龙汽车集团合作，最早将于明年在工业园区投入运营自动驾驶公交车。
5 11 5 2 5 0.734
在2017百度世界大会上，百度宣布在2019年将与江淮、北汽，2020年与奇瑞共同推出L3级无人车。
1
5 12 5 3 5 0.639
百度智能驾驶项目负责人李震宇在接受福布斯采访时指出，“未来，数据将比算法更重要。
1
5 13 5 4 5 0.462
你必须让自动驾驶系统尽可能多的接触事故案例并从中学习，否则很难模拟出汽车行驶的类似环境。
3
6 3 2 1 3 0.564
谷歌早已进军无人驾驶汽车领域，除此之外，Uber、特斯拉以及其他几家世界级的科技公司也都先后进入了这一领域。
6 4 2 2 3 0.731
这些公司都已在路上测试和部署无人驾驶汽车。
6 5 2 3 3 0.594
毫无疑问，在竞争超级激烈的汽车行业，无人驾驶汽车相关的竞争定会走到前沿。
2
6 11 5 1 3 0.702
86证券分析师张雪茹(音译,ZhangXueru)表示，百度拥有更优秀的算法来训练自动驾驶汽车分辨障碍物体和避免碰撞能力——这使得百度在自动驾驶领域拥有亮眼成绩。
6 12 5 2 3 0.133
“这也是值得百度自豪的一点，因为目前安全是大家最关心的问题”，她认为。
2
6 15 7 1 3 0.652
目前百度也在加速商业化发展。
6 16 7 2 3 0.73
虽然相关法律还未完全出台，但百度目前已与金龙汽车集团合作，计划最早在明年初推出商用无人驾驶巴士。
1
6 17 7 3 3 0.731
此外，百度还在2017百度世界大会上宣布在2019年将与江淮、北汽，2020年与奇瑞共同推出L3级无人车。
0
1
6 23 11 1 1 0.672
据八六研究数据表明，这意味着到2025年底，拥有自动驾驶功能及相关服务的汽车市场将达到1140亿美元，而百度将通过销售自动驾驶软件获得62亿美元的额外营收。
2
6 24 12 1 4 0.641
但是，随着百度瞄准完全无人驾驶汽车，该公司也面临着一些重大障碍。
6 25 12 2 4 0.519
最为重要的一个障碍就是，完全无人驾驶汽车技术仍然是一项全新的技术，尽管一些技术已经非常先进，例如自动导航等，这一功能可以帮助自然人司机变更车道或设置路线，这一技术也会被用户采用。
2
6 26 12 3 4 0.605
自从2009年以来，谷歌在公路上测试无人驾驶汽车的总里程已经超过300万英里，但是，谷歌去年仍遭遇了一场严重的事故，当时该公司的无人驾驶SUV汽车与一辆低速行驶的巴士相撞。
6 27 12 4 4 0.439
另外，邓志东教授也表示，谷歌的无人驾驶汽车堪称全球最安全，事故发生率只有每一万公里1.25次——当然，还是没有普通人好，但接近普通人。
3
6 30 14 1 3 0.554
与此同时，百度已经明确了一个方案，以此让自己的机器人汽车更加智能。
6 31 14 2 3 0.606
今年7月，百度展示了Apollo项目，与70多家合作伙伴分享了一些无人加强代码和数据，包括汽车厂商长安公司、戴姆勒以及芯片制造商英伟达等。
6 32 14 3 3 0.523
当然，百度获得反哺，从那些使用了这些代码的汽车中获得了大量有价值的上路测试数据，并利用这些数据训练出更加智能的机器人。
2
6 39 18 1 2 0.644
阻碍大规模应用的另一个障碍就是完全自动化无人驾驶汽车的成本。
6 40 18 2 2 0.43
分析人士认为，激光雷达是全自动化无人驾驶汽车激光测距的关键部件，仅一个激光雷达就要花费30000美元，这样的价格可能让很多人打消念头。
2
7 1 1 1 2 0.504
网易科技讯11月23日消息，据forbes网站报道，市场分析师指出，在自动驾驶汽车市场，百度可能最终会拥有更大的发言权。
7 2 1 2 2 0.619
这得益于百度算法、商业合作伙伴关系以及政府的大力支持，到2025年百度或将成为全球最大的自动驾驶技术公司，其市值可能超过1000亿美元。
1
7 3 2 1 1 0.724
诸如谷歌、Uber，特斯拉以及其他一些世界级的科技公司都开始在公共道路上测试和部署自动驾驶汽车技术，自动驾驶技术已是汽车行业的下一个前沿领域。
2
7 15 7 1 2 0.708
图示：百度在百度世界技术大会上发布的RavenH智能音箱。
7 16 7 2 2 0.586
百度希望通过这款智能音箱在中国市场占有一席之地，与谷歌或亚马逊的智能音箱竞争。
2
7 17 8 1 3 0.854
百度也在加速实现自动驾驶技术的市场化。
7 18 8 2 3 0.714
虽然相关法律法规尚未完全落地，但目前百度已经与国家控股的金龙汽车集团合作，最早将于明年在工业园区投入运营自动驾驶公交车。
1
7 19 8 3 3 0.763
另外据2017百度世界大会发布的公告，其与中国一汽集团和奇瑞汽车等其他几家公司合作生产的车辆将具备一定的自动驾驶功能，如驾驶辅助系统和自动泊车系统。
0
2
7 20 9 1 2 0.836
除了对百度首席执行官李彦宏7月份擅自驾驶自动驾驶汽车开出罚单之外，目前监管部门还没有对百度的自动驾驶技术做出太多的干预。
7 21 9 2 2 0.407
这部分是因为公司的举措总体上符合政府在前沿技术方面超越西方的目标，中国制造2025要求国内企业在人工智能和机器人等十个重要战略行业中夺得主动权。
1
7 26 12 1 1 0.703
八六证券研究有限公司表示，这意味着到2025年，具备自动驾驶功能的汽车销量将达到1140亿美元，而百度将因销售自动驾驶软件获得62亿美元的额外营收。
2
7 28 14 1 4 0.628
首要问题在于完全自动驾驶技术还属于前沿学科。
7 29 14 2 4 0.729
虽然诸如车道辅助行驶以及沿设定路线行驶的自动驾驶系统已经上市，但目前还没有汽车能够实现完全自动驾驶。
1
7 30 14 3 4 0.4
谷歌自2009年以来进行了300多万英里的道路测试，但报告称2016年发生了一场比较严重的事故，当时自动驾驶的SUV与低速公交车相撞。
1
7 31 14 4 4 0.646
尽管如此，清华大学教授邓志东表示，谷歌的自动驾驶汽车仍是世界上最安全的自动驾驶汽车，每万公里的事故发生率约为1.25人，已经非常接近于人类驾驶员水平。
2
7 32 15 1 2 0.79
在安全性方面，百度曾表示自2013年启动自动驾驶驾驶项目以来还没有发生一次事故，但拒绝透露其自动驾驶驾驶技术道路测试的总里程。
7 33 15 2 2 0.444
邓志东指出：“完全自动驾驶汽车的目标是每千万公里发生一次事故或计算机错误，应当比人类驾驶员安全100倍。这还有很长的路要走。”
2
7 34 16 1 3 0.647
与此同时，百度已经找出了让自动驾驶汽车变得更加智能的方法。
7 35 16 2 3 0.636
7月份，公司发布了“阿波罗”项目，与包括汽车制造商长安，戴姆勒和芯片制造商英伟达在内的70多个合作伙伴共享一些自动驾驶技术代码和数据。
1
7 36 16 3 3 0.688
作为回报，百度可以从使用其自动驾驶技术的车辆中获取宝贵的道路测试数据，并利用它们来训练出更好的自动驾驶技术。
0
2
7 37 17 1 2 0.647
“未来，数据将比算法更重要。”百度智能驾驶项目负责人李震宇在接受福布斯采访时指出，“你必须让自动驾驶系统尽可能多地回顾事故，否则很难模拟出汽车行驶的类似环境。
7 38 17 2 2 0.156
这就是为什么我们认为共享数据会带来更好的结果。
1
8 1 1 1 1 0.659
日前，为了尽快实现无人车量产，百度将“阿波罗”无人车的量产时间表提前了两年。
2
8 2 2 1 2 0.825
在11月16日举行的“2017百度世界大会”上，百度公司董事长兼CEO李彦宏宣布，百度将与金龙汽车合作生产一款无人驾驶小巴车，该车将在2018年7月份提前实现无人驾驶汽车的量产。
8 3 2 2 2 0.837
此前，业内判断百度无人驾驶汽车将于2020年实现量产。
0
2
8 4 3 1 2 0.722
与百度量产无人驾驶汽车的时间节点不同，包括宝马、奔驰、捷豹路虎在内的各大传统车企纷纷将无人驾驶汽车的量产时间定在了2020年至2030年之间。
8 5 3 2 2 0.648
面对越来越智能化的人机技术和驾驶体验，传统车企与互联网公司正在无人驾驶领域展开一场竞赛。
0
1
8 7 5 1 1 0.614
普华永道思略特认为，以美国、欧洲和中国销售的新车为例，2017年，新车销售中有49%属于第1级无人驾驶，更高层次的无人驾驶汽车还未出现；2025年，第2级和第3级无人驾驶汽车将成为主流，在新车销售中的总占比将达到56%，第4级无人驾驶汽车出现，占比为5%；而到了2030年，第1级无人驾驶汽车在新车销售中占比仅为1%，第4级和第5级无人驾驶在新车销售中的总占比将超过40%。
1
8 8 6 1 1 0.665
与此同时，随着2025年第4级无人驾驶新车的出现，在美国、欧洲和中国销售的新车中无人驾驶汽车的销量也开始上升。
2
8 9 7 1 2 0.626
到2025年，无人驾驶4/5级的汽车将达到730万辆左右；2030年，无人驾驶4/5级的汽车将达到8000万辆左右。
8 10 7 2 2 0.551
其中，在2030年，中国市场将取代欧洲市场成为无人驾驶4/5级的汽车拥有量最多的国家，达到3300万辆。
2
8 12 9 1 2 0.611
目前，传统汽车厂商、互联网巨头等企业无不将无人驾驶看做是未来发展的重要战略布局。
8 13 9 2 2 0.559
但从整个市场发展来看，包括无人驾驶的基础设施、车辆技术、法律法规，以及在出行服务领域的实验和应用发展还不够成熟。
2
9 1 1 1 2 0.622
在国内无人车领域，百度是一直有希望首个实现量产的企业。
9 2 1 2 2 0.842
此前，业内判断百度无人驾驶汽车将于2020年实现量产，但在近日举行的百度世界大会上，百度CEO李彦宏宣布，百度将与金龙汽车合作生产一款无人驾驶小巴车，2018年7月份将提前实现量产。
0
1
9 5 3 1 1 0.835
奇瑞汽车定于2020年推出自动驾驶汽车。
1
9 6 4 1 1 0.788
事实上，在北京奥林匹克森林公园，已有一款已经上路的无人驾驶汽车——扫地车“奥森智行者”，该车就是利用百度“阿波龙”平台支持的自动驾驶汽车。
2
9 9 6 1 2 0.607
在全球范围内，美国和中国在自动驾驶领域遥遥领先。
9 10 6 2 2 0.13
德国和日本尽管以汽车闻名，但它们已经在这场浪潮中落后了。
2
9 11 7 1 2 0.668
“关键的区别在于人工智能，”中国自动驾驶汽车公司景驰的联合创始人韩旭表示。
9 12 7 2 2 0.532
“中国和美国在人工智能领域处于领先地位。”在自动驾驶法规方面，中国和美国也在领先。
1
9 17 10 1 1 0.64
L5级是成熟的无人驾驶系统，可以自动开到任何地方。
2
9 20 13 1 2 0.706
一汽智能网联开发院网联产品开发主任李立安表示，目前全球已经加速进入了自动驾驶L3时代，2020年是全球主要OEM实现L3级智能网联车的节点。
9 21 13 2 2 0.399
对于车企来说，智能炫酷的人机技术是核心竞争力，汽车不再是冷冰冰的交通工具，而是可以与人对话交流的、有情感的交通工具。
2
9 22 14 1 3 0.645
跨行业的企业同样能在无人驾驶汽车市场分一杯羹。
9 23 14 2 3 0.521
由于汽车智慧网联的发展，未来的汽车制造商将不再孤立、单个作战，他们必须通过整合互联网资源，打造智能产业生态。
3
9 25 15 1 7 0.552
从目前来看，智能驾驶在赋能传统车企，百度、腾讯、阿里等互联网企业都选择了整车制造商作为合作伙伴，但市场上的一些新生力量也不容忽视。
9 26 15 2 7 0.626
比如百度的无人驾驶技术平台“阿波龙”，从7月份发布至今，已经有6000多个开发者投票支持该项目，1700多家合作伙伴加入了“阿波龙”，100多个合作伙伴申请使用“阿波龙”的开放数据。
9 27 15 3 7 0.643
到今年年底，“阿波龙”将开放一系列新的能力，使车辆能够在简单城市路况下完成自动驾驶任务。
1
9 28 15 4 7 0.351
同时，会开放更多的数据及数据上传的接口。
2
9 29 15 5 7 0.722
2018年12月份，“阿波龙”会开放特定区域高速和城市道路自动驾驶数据。
9 30 15 6 7 0.645
到2020年12月份，高速和城市道路全路网自动驾驶数据会对外开放。
1
9 31 15 7 7 0.578
这些数据几乎涵盖了无人驾驶汽车研发、上路所需的全部流程，将为整个行业的发展提供有效的参考。
2
9 35 17 1 2 0.157
投资者的信心来自于我国具有的独特优势。
9 36 17 2 2 0.649
从事无人驾驶技术研发的驭势科技首席架构师彭进展说，我国各大城市有丰富的交通场景，有海量的交通数据，为无人驾驶算法的训练提供了得天独厚的条件。
2
9 41 21 1 2 0.219
新一轮的探索已经开始。
9 42 21 2 2 0.659
近日，科技部决定，依托百度公司建设自动驾驶国家新一代人工智能开放创新平台，而“城市大脑”国家新一代人工智能开放创新平台的工作将由阿里云公司承担。
3
10 1 1 1 3 0.575
作为最有希望首个实现无人车量产的企业，百度将“阿波龙”无人车量产的时间表提前了两年。
10 2 1 2 3 0.646
与此同时，各大传统车企也在有条不紊地执行着各自自动驾驶汽车的生产计划。
10 3 1 3 3 0.571
显然，越来越智能化的人机技术和驾驶体验，将成为未来汽车的标配
2
10 4 2 1 2 0.622
在国内无人车领域，百度是一直有希望首个实现量产的企业。
10 5 2 2 2 0.842
此前，业内判断百度无人驾驶汽车将于2020年实现量产，但在近日举行的百度世界大会上，百度CEO李彦宏宣布，百度将与金龙汽车合作生产一款无人驾驶小巴车，2018年7月份将提前实现量产。
0
2
10 7 3 2 3 0.57
“对于真正的无人驾驶而言，方向盘和驾驶踏板都是多余的。”金龙客车工程研究院院长陈卫强介绍，因为取消了传统汽车的部分零部件，“阿波龙”只有家用A级车大小，可以停在私家车位上，并能搭载14个人，载客量几乎相当于3台轿车。
10 8 3 3 3 0.817
除了金龙汽车之外，江淮汽车也将在2019年生产“阿波龙”第一代汽车，北汽同样定于2019年生产自动驾驶汽车，奇瑞汽车定于2020年推出自动驾驶汽车。
1
10 9 4 1 1 0.788
事实上，在北京奥林匹克森林公园，已有一款已经上路的无人驾驶汽车——扫地车“奥森智行者”，该车就是利用百度“阿波龙”平台支持的自动驾驶汽车。
2
10 14 7 1 2 0.706
一汽智能网联开发院网联产品开发主任李立安表示，目前全球已经加速进入了自动驾驶L3时代，2020年是全球主要OEM实现L3级智能网联车的节点。
10 15 7 2 2 0.399
对于车企来说，智能炫酷的人机技术是核心竞争力，汽车不再是冷冰冰的交通工具，而是可以与人对话交流的、有情感的交通工具。
2
10 16 8 1 3 0.645
跨行业的企业同样能在无人驾驶汽车市场分一杯羹。
10 17 8 2 3 0.521
由于汽车智慧网联的发展，未来的汽车制造商将不再孤立、单个作战，他们必须通过整合互联网资源，打造智能产业生态。
3
10 19 9 1 7 0.552
从目前来看，智能驾驶在赋能传统车企，百度、腾讯、阿里等互联网企业都选择了整车制造商作为合作伙伴，但市场上的一些新生力量也不容忽视。
10 20 9 2 7 0.626
比如百度的无人驾驶技术平台“阿波龙”，从7月份发布至今，已经有6000多个开发者投票支持该项目，1700多家合作伙伴加入了“阿波龙”，100多个合作伙伴申请使用“阿波龙”的开放数据。
10 21 9 3 7 0.643
到今年年底，“阿波龙”将开放一系列新的能力，使车辆能够在简单城市路况下完成自动驾驶任务。
1
10 22 9 4 7 0.351
同时，会开放更多的数据及数据上传的接口。
2
10 23 9 5 7 0.722
2018年12月份，“阿波龙”会开放特定区域高速和城市道路自动驾驶数据。
10 24 9 6 7 0.645
到2020年12月份，高速和城市道路全路网自动驾驶数据会对外开放。
1
10 25 9 7 7 0.578
这些数据几乎涵盖了无人驾驶汽车研发、上路所需的全部流程，将为整个行业的发展提供有效的参考。
2
11 1 1 1 3 0.629
人工智能逐渐进入我们生活的方方面面，百度李彦宏提出的“无人驾驶”，也在慢慢成熟阶段。
11 2 1 2 3 0.529
无人驾驶，当大多数人认为这个概念属于“可预见的科幻”时，装备该系统的汽车开始路测了。
3
12 1 1 1 3 0.562
近些年来随着科技和经济的发展，无人驾驶汽车的概念已经越来越向各行各业进行渗透，而其中最为深入的便是互联网行业，各大互联网公司对于无人驾驶汽车也是摩拳擦掌，诸如英特尔，苹果它们都想在无人驾驶汽车领域中夺得先机，然而在中国其实也是一样的。
12 2 1 2 3 0.624
在此之前，百度CEO李彦宏就乘坐在无人车行驶在北京的街道上。
12 3 1 3 3 0.595
然而就在11月16日的百度世界大会上，李彦宏亲自发表演讲并宣布了一则非常振奋人心的消息，那就是百度的无人车将要在2018年实现量产。
2
12 6 3 1 3 0.655
百度的无人车量产是非常有计划的，他们先是要在明年的7月底推出无人驾驶的巴士车，而且这也是百度首次与金龙客车的合作。
12 7 3 2 3 0.669
当然这也仅仅是开始，在接下来的2019年和2020年期间，百度还要和北汽、江淮、奇瑞等知名汽车企业共同打造无人驾驶汽车。
1
12 8 3 3 3 0.593
值得一提的是在本次的2017百度世界大会上，百度和金龙客车生产的无人驾驶巴士就出现在了现场，这也让所有到场的人着实眼前一亮。
3
12 13 5 1 5 0.194
上述只是通过这辆巴士的外观已经内部方面所了解的一些信息，当然它也有一些比较官方的资料。
12 14 5 2 5 0.846
这辆百度无人驾驶巴士被定义为绿色电动巴士并拥有百度阿波罗4级的自动驾驶能力，搭载易驱智慧能源系统。
12 15 5 3 5 0.247
车身材料上采用了RTM新型复合材料。
2
12 16 5 4 5 0.522
低地板加电动塞拉门的设计也是这辆无人驾驶车上的亮点。
12 17 5 5 5 0.633
除此之外，它还拥有DuerOS人车AI交互系统等超多智能科技的设备。
2
12 19 6 2 3 0.526
而且不只是这种无人驾驶巴士，甚至是无人驾驶汽车也会像如今的汽车一样无时无刻不为人们提供更加便捷的服务。
12 20 6 3 3 0.618
百度此次无人车量产的宣布无疑使其走在了无人驾驶汽车领域中的前列，虽然百度不是专注生产汽车的企业，但是相信在和北汽、江淮等国内知名车企合作后，它必定会积累到更多有关于汽车的知识和经验，也期待着在明年看到百度无人驾驶巴士的推出，看到它为更多人提供服务。
2
13 1 1 1 2 0.625
11月16日上午，李彦宏在百度一年一度的技术和产品创新大会上表示：“对无人驾驶，基本共识是2020年可以实现无人驾驶车的量产。但是百度希望能把这个时间表再提前一些。”此话一出，业界哗然。
13 2 1 2 2 0.088
在汽车界看来，这就是一个“噱头”。
1
13 3 2 1 1 0.656
11月16日上午，李彦宏在百度一年一度的技术和产品创新大会上表示：“对无人驾驶，基本共识是2020年可以实现无人驾驶车的量产。但是百度希望能把这个时间表再提前一些。”
2
13 6 4 1 2 0.76
李彦宏放出的消息有些关键信息：在北京奥林匹克森林公园，智行者扫地汽车搭载了“阿波罗系统”；百度计划在2018年7月与金龙率先实现无人驾驶小巴车的小规模量产及试运营，会先在相对封闭的道路上进行运营。
13 7 4 2 2 0.841
2019年，江淮、北汽均将生产基于阿波罗系统的自动驾驶汽车；最早和百度一起合作生产自动驾驶汽车的奇瑞，也会在2020年推出自动驾驶汽车。
0
1
13 11 8 1 1 0.716
据陈小兵介绍，当前阶段各主要汽车生产厂商的无人车技术已经比较成熟，可以实现自动驾驶、自动避让、自动泊车、自动导航等功能，但无一国政府为无人驾驶车上路或运营开出“许可”，即使是政策条件最宽松的美国加州，也仅允许谷歌“路试”。
1
13 18 13 1 1 0.645
“今年7月百度宣布开放无人驾驶技术平台阿波罗让很多从业者受益，全面首批国家新一代人工智能开放创新平台的自动驾驶平台也将依托百度而建，但这不意味着百度的阿波罗就一定能成为汽车行业的安卓。”陈小兵说，“汽车大厂的技术都足够牛，也有自己的平台，无论是出于安全性考虑还是市场布局的考虑，他们不会用阿波罗这样的开放平台，除非，百度能证明自己比他们强。”
1
14 1 1 1 1 0.609
11月13日重庆力帆乘用车有限公司（以下简称“力帆”）与北京百度网讯科技有限公司（以下简称“百度”）及重庆盼达汽车租赁有限公司（以下简称“盼达”）在北京市签订《战略合作框架协议》，三方将在无人驾驶领域展开战略合作，推动无人驾驶在共享汽车商业化场景的实际应用落地。
1
14 2 2 1 1 0.718
具体到此次的合作内容：百度将在高精地图和自动驾驶等软件方面提升自动驾驶汽车的技术水平；力帆汽车作为整车制造企业，将从之前的重点布局海外转型到国内市场，提供盼达用车自动驾驶的使用车辆；盼达汽车作为运营商，将负责车辆的实际落地和运营服务。
2
14 3 3 1 4 0.701
基于Apollo平台解决方案的第一辆力帆无人驾驶车在本次战略合作发布会亮相，未来也是盼达租赁的实际用车。
14 4 3 2 4 0.547
该车基于力帆820EV进行打造，官方表示，该车可自动识别交通指示牌和行车信息，具备雷达、相机、全球卫星导航等电子设施，并安装同步传感器。
2
14 7 4 1 2 0.707
盼达用车计划明年在全国招募100名“AI-Rider”驾驶力帆自动驾驶车辆上路测试，同时协助线下运维、调度、保险等工作。
14 8 4 2 2 0.613
首先，盼达用车将在2018年选定落地城市，进行智能停车场布局；然后，在落地城市的固定区域内开展布局；最后，在公开道路上实现无人驾驶。
0
2
15 9 4 1 3 0.601
关于无人驾驶，做AI的公司都不愿意放下这一领域，谷歌Waymo、特斯拉等企业都在想办法一较高下，它是汽车工业未来的方向，而在国内，百度是极少数有能力构建自动驾驶领域开放生态的公司。
15 10 4 2 3 0.452
无人驾驶车什么时候量产？业界的基本共识是2020年，但李彦宏对这个时间表明显不甘心，认为还可以再提前。
1
15 11 4 3 3 0.719
会上，李彦宏透露，明年7月底，百度将与金龙合作率先实现无人驾驶小巴车的小规模量产及试运营，并在2019年与江淮、北汽、2020年与奇瑞共同推出无人车。
2
15 13 6 1 2 0.695
百度人工智能的技术背后是“百度大脑”，总体而言，百度目前两大开放平台DuerOS与Apollo都在运用百度大脑的核心能力。
15 14 6 2 2 0.465
今年以来，百度一直在持续推进“AllinAI”全面转型，试图将AI技术赋能于各项业务中。
3
15 15 7 1 7 0.33
“AI，可以让每个人都安全地回家。”李彦宏说。
15 16 7 2 7 0.721
在百度世界大会现场，李彦宏当场演示了疲劳驾驶监测系统。
15 17 7 3 7 0.706
这是一个基于百度大脑的图像识别技术研发系统，通过红外人脸识别判断司机是否疲劳驾驶。
1
15 18 7 4 7 0.237
当卡车司机转头看手机信息、犯困打哈欠或者疲惫到眼睛睁不开时，系统就会及时提醒司机集中精力驾驶。
2
15 20 7 6 7 0.413
当监测到司机已经重度疲劳驾驶时，系统还会将司机导航到最近的休息区，就算司机戴上黑色墨镜，也逃不过疲劳驾驶监测系统的“火眼金睛”。
15 21 7 7 7 0.749
在未来，百度无人驾驶还会根据疲劳驾驶监测系统的检测结果，接手卡车，把它自动驾驶至最近的休息区。
2
15 23 8 2 3 0.369
“使用的人越来越多，大家平时使用的各种各样移动App、电器以及设备，背后很可能就是百度大脑的能力在起作用。”李彦宏感慨。
15 24 8 3 3 0.627
目前，百度已经开放了80多项百度大脑的能力，有37万开发者在使用百度大脑的能力，百度大脑被内外部产品调用的次数达到每天2188亿次。
1
16 6 6 1 1 0.683
据李彦宏在16日的百度世界大会上表示：“无人驾驶罚单已经来了，无人车量产还会远吗？”百度无人驾驶汽车在交通上吃到了第一张罚单，这意味着百度在无人驾驶领域上拔得头筹，获得了更多的优先权。
2
16 7 7 1 2 0.752
百度宣布将在2019年与江淮、北汽，2020年与奇瑞共同推出L3级无人驾驶汽车。
16 8 7 2 2 0.68
两家汽车制造公司先站队跟百度合作，待无人驾驶技术成熟，即可加大量产！
0
1
17 1 1 1 1 0.664
搭载了Apollo小度车载系统，基于ApolloPilot打造的“阿波龙”微循环车计划2018年量产上市。
2
17 2 2 1 2 0.621
无人驾驶汽车真的要来了。
17 3 2 2 2 0.819
11月16日，2017百度世界大会在北京举行，百度公司董事长李彦宏透露，目前无人驾驶技术已经成熟，预计明年7月，百度与金龙客车合作生产的无人驾驶小巴车将实现量产。
0
2
17 4 3 1 2 0.632
事实上，全球各大公司在无人驾驶领域的“军备竞赛”早就在激烈进行中，无论是Waymo、英伟达等科技公司，还是丰田、宝马等传统汽车厂商，都将2020年设为无人车产品落地的重要时间节点。
17 5 3 2 2 0.518
谁能率先一步推出商业化的无人驾驶车，对于抢夺市场意义重大。
2
17 6 4 1 2 0.805
今年7月，百度AI开发者大会上，李彦宏因为乘坐通过Apollo平台生产的无人驾驶汽车引起罚单争议。
17 7 4 2 2 0.485
在2017百度世界大会上，李彦宏首度回应“罚单”事件：“我们的无人车确实吃到了一张罚单，但是我想说的是，如果无人驾驶的罚单已经来了，无人驾驶汽车的量产还会远吗？”
2
17 8 5 1 2 0.734
不仅如此，李彦宏还在现场抛出重磅炸弹：百度与金龙客车合作，计划明年推出中国首款无人驾驶微循环巴士“阿波龙”，这意味着中国自动驾驶量产时间或将提前两年。
17 9 5 2 2 0.705
李彦宏说：“对无人驾驶，基本共识是2020年可以实现无人驾驶车的量产。但是作为一个创新者，百度是不甘心的，我们希望能够把这个时间表再提前一些。百度计划在2018年7月底，与金龙合作率先实现无人驾驶小巴车的小规模量产及试运营，并在2019年与江淮、北汽，2020年与奇瑞共同推出无人车。”
0
2
17 10 6 1 4 0.732
据悉，百度无人驾驶车项目于2013年起步，其技术核心是“百度汽车大脑”，包括高精度地图、定位、感知、智能决策与控制几大模块。
17 11 6 2 4 0.555
通过车联网，车与车之间、车与交通设施之间互联，无人车可以科学判断信号灯、道路车辆等信息，提高出行效率。
2
17 14 7 1 3 0.6
人工智能不仅意味着无人驾驶，也能更好地帮助普通车辆安全出行。
17 15 7 2 3 0.545
在现场，李彦宏展示了百度研发的疲劳驾驶监测系统，可以对司机身体状况进行监测，一旦出现困倦，系统会自动提醒他注意行车安全，并播放欢快的歌曲帮助提神。
2
17 17 8 1 2 0.628
在无人驾驶领域，全球各大公司早已展开角力。
17 18 8 2 2 0.52
“无人驾驶”到底是什么概念？百度会是最早实现无人车量产的公司吗？
2
17 20 10 1 2 0.215
目前，L2和L3已经出现。
17 21 10 2 2 0.704
从宣布的计划来看，百度、谷歌、特斯拉等科技公司更注重L4、L5级别的无人驾驶技术，而宝马、长安等汽车厂商在2020年前后推出的无人车可能只有L3级别。
2
17 22 11 1 2 0.317
通用、福特、丰田、沃尔沃等都在开发L4系统。
17 23 11 2 2 0.699
对比全球无人驾驶领域十余个影响力较大的“玩家”给出的无人车量产时间表，百度2018年的量产承诺确实“快人一步”，能和百度一起在2018年PK无人车量产的可能只有通用，今年2月，这家传统汽车巨头宣布将在2018年开始生产数千辆无人驾驶汽车。
2
17 25 13 1 2 0.5
为什么是2020年？英伟达CEO黄仁勋曾介绍该公司的无人车研发路线图，或具有代表性。
17 26 13 2 2 0.607
在黄仁勋看来，从现在开始，无人车研发需经历模拟环境和开发系统、机器人出租车、自动驾驶汽车三个阶段，而每个阶段都需要耗时一年。
1
17 28 15 1 1 0.68
此次与百度合作的金龙客车常务副总经理周方明也认为，“无人驾驶汽车未来的路还很漫长，今天我们同百度Apollo共同迈出了自动驾驶商业化的一小步，希望这一小步可以推动新的大众交通方式向前迈出一大步。”
2
17 29 16 1 2 0.706
自动驾驶汽车技术近年来发展迅猛，已成为人工智能领域投资的最前沿。
17 30 16 2 2 0.612
研究统计，在过去三年，全球对自动驾驶汽车技术的投入超过800亿美元。
0
3
17 35 20 1 3 0.092
二、相关的安全问题。
17 36 20 2 3 0.623
目前的行业重点是将最先进的技术整合到无人驾驶汽车中，以确保乘客安全抵达目的地。
17 37 20 3 3 0.173
但要防范汽车网络攻击，就像避免事故那样至关重要。
1
17 39 22 1 1 0.822
百度与金龙客车联合开发的第二代无人驾驶微循环车“阿波龙”是中国首辆商用级无人驾驶微循环车，这款无人驾驶微循环车的诞生，使百度Apollo（无人驾驶技术平台）携手金龙客车进入一个新的高度，将实现工业4.0时代大众出行的新跨越。
2
17 45 25 1 2 0.61
“阿波龙”在设计上同样颠覆了传统汽车概念，全新构建电动化、电子化及智能化的新形态，是全国首辆无方向盘、无油门、无刹车踏板的原型车。
17 46 25 2 2 0.385
车身还采用了RTM轻型复合材料、整体全弧玻璃、宽幅电动门、自动无障碍爱心通道等新材料和新工艺。
2
17 47 26 1 2 0.655
据介绍，“阿波龙”面向商业化开发，自动驾驶级别达到L4，初期落地场景针对“最后一公里”通勤，计划率先实现特定场景的商业化，比如景区、园区、机场等自动接驳，也能够通过人机交互执行特定的服务任务。
17 48 26 2 2 0.409
随着技术、法规、基础设施、成本等问题的逐步解决，自动驾驶巴士将拓展到半封闭式场地甚至是开放性道路，如班线、旅游、公交等。
1
17 49 27 1 1 0.674
金龙客车工程研究院副院长陈卫强表示，百度“Apollo基因”的注入与金龙龙翼无人驾驶车联网研发成果的应用，让“阿波龙”拥有最强的“智慧大脑”。
2
18 3 3 1 3 0.704
今年7月，百度老板李彦宏乘坐在无人驾驶汽车驶上五环一时间引来了社会热议和诸多猜测。
18 4 3 2 3 0.586
今天，百度在北京召开的世界大会上，不出意外地再次将智能驾驶作为分论坛重点课题。
1
18 5 3 3 3 0.616
众所周知，百度一直发力于无人驾驶的深耕和研发，只是目前尚无产品落地，还暂时停留在研发阶段，没有成熟的产品和良好的生态环境，无人驾驶未来前景如何，我们仍需耐心等待。
3
18 6 4 1 4 0.353
汽车行业飞速发展，它将不再只扮演人的代步工具角色，而是成为人们生活的一部分，它分担了人的大脑和行为。
18 7 4 2 4 0.635
百度的无人驾驶概念可以说是人类对于汽车发展的想象延伸，但遗憾至今仍然未有成熟的落地产品。
18 8 4 3 4 0.593
同时，无人驾驶车辆的市场适应度几乎为零，对其的社会硬件配备以及无人驾驶的相关法则都还在讨论阶段。
2
18 10 5 1 6 0.621
当百度在无人驾驶领域持续挖掘之时，阿里和腾讯则分别提出自己在该领域的拳头产品——AliOS和AIinCar。
18 11 5 2 6 0.388
就目前三家的研发成果来看，AliOS是最有技术发言权和市场发言权的。
1
19 1 1 1 1 0.766
“罚单已经收到了，无人驾驶还会远吗?量产金龙小巴将在2018年呈现。”2017年11月16日，在北京举行的百度世界大会上，百度创始人、CEO李彦宏在主题演讲中表示，百度与金龙客车联合开发的第二代无人驾驶微循环车阿波龙将于2018年实现商用化量产及上线运营。
1
19 2 2 1 1 0.763
“阿波龙”同时也是中国首辆商用级无人驾驶微循环车，这款无人驾驶微循环车的诞生，使百度Apollo携手金龙客车进入一个新的高度，将实现工业4.0时代大众出行的新跨越。
2
19 3 3 1 2 0.746
百度智能驾驶事业群组总经理李震宇、百度副总裁邬学斌、金龙客车常务副总经理周方明、金龙客车工程研究院副院长陈卫强等人出席了百度世界大会，在智能驾驶分论坛，隆重地发布了第二代无人驾驶微循环车。
19 4 3 2 2 0.727
发布现场，陈院长做了最新商用无人驾驶演讲，并详细介绍第二代无人驾驶微循环车技术亮点。
0
2
19 14 7 1 2 0.738
阿波龙在第一代微循环车技术能力的基础上，面向商业化开发，自动驾驶级别达到L4(注：高度自动驾驶，由无人驾驶系统完成所有的驾驶操作)，初期落地场景针对“最后一公里”通勤，计划率先实现特定场景的商业化，比如景区、园区、机场等自动接驳，也能够通过人机交互执行特定的服务任务。
19 15 7 2 2 0.428
随着技术、法规、基础设施、成本等问题逐步解决，自动驾驶巴士将拓展到半封闭式场地甚至是开放性道路市场，如班线、旅游、公交等。
2
19 16 8 1 2 0.624
集30年客车研发制造经验，以及20年新能源客车研发积淀，金龙客车将扎实的车辆研发实力与制造平台应用于阿波龙。
19 17 8 2 2 0.696
结合百度Apollo的自动驾驶解决方案，金龙客车严格按照量产标准进行阿波龙整个开发过程，包括从产品概念，到定义、开发、验证以及最终的上市。
0
2
19 18 9 1 2 0.679
百度“Apollo基因”的注入，与金龙龙翼无人驾驶车联网研发成果的应用，让阿波龙拥有最强的“智慧大脑”，除了可完美实现自动驾驶接驳功能以外，系统扩展应用和OTA软件升级，使其兼具更强大的十八般武艺。
19 19 9 2 2 0.463
例如，支持多种自动化运营方式，公交式运营(固定路线)和出租车模式(手机APP召唤)等不同运营场景需求;基于Apollo小度车载系统，用户能够以自然语言对话的交互方式，实现车辆控制、车辆状态查询以及影音娱乐、信息查询、生活服务、出行路况等近百项功能;车辆还具备云端运营管理，除了驾驶，其他对于车辆的所有操作，远程调度、自动发车等都可以在平台或手机APP上完成。
3
19 21 11 1 4 0.551
2017年4月Apollo计划发布以来，金龙客车成为首批加入Apollo生态的唯一客车企业。
19 22 11 2 4 0.703
7月双方正式签署了技术合作协议，致力于共同发力无人驾驶生态，此后双方高效、扎实推进无人驾驶在中国商用车领域的落地。
19 23 11 3 4 0.754
从基于Apollo1.0组建的自动驾驶巴士，到首辆无人驾驶微循环车阿波龙的诞生，双方前瞻且具开创性的战略合作，在成就无人驾驶梦想的道路上迈出了里程碑式的步伐。
1
19 24 11 4 4 0.729
百度智能驾驶事业群组总经理李震宇表示，Apollo平台正在向产品化、量产化、解决方案化迈进，让自动驾驶真正走进现实生活。
0
2
19 25 12 1 3 0.624
真正无人驾驶汽车成为主流交通工具，还需要较长时间的探索。
19 26 12 2 3 0.821
百度Apollo开放平台与金龙客车，通过无人驾驶微循环车在特定场景的运营，为无人驾驶车辆在中国的商用落地树立样本和标杆。
1
19 27 12 3 3 0.633
正如金龙客车常务副总经理周方明所说：“无人驾驶未来的路还很漫长，今天我们同百度Apollo共同迈出了自动驾驶商业化的一小步，希望这一小步可以推动新的大众交通方式向前一大步。”
0
1
20 1 1 1 1 0.657
雷锋网(公众号：雷锋网)·新智驾消息，11月16日，百度世界大会下午的智能驾驶分论坛上，百度为汽车智能而生的开放平台Apollo宣布了一系列新进展。
2
20 2 2 1 3 0.76
截至2017百度大会上交成绩单当天，Apollo平台正式开放两款落地产品，分别为Apollo小度车载智能系统和ApolloPilot自动驾驶产品。
20 3 2 2 3 0.738
商业量产上，百度将与金龙客车在2018年推出中国首款无人驾驶微循环巴士“阿波龙”，与江淮、北汽在2019年，与奇瑞在2020年推出自动驾驶量产车型。
1
20 4 2 3 3 0.602
除此之外，百度还透露将与雄安新区就智能出行展开合作。
0
1
20 5 3 1 1 0.739
当天，Apollo发布了两款全新产品：人车AI交互系统——Apollo小度车载系统，以及适应中国市场、可量产的自动驾驶产品——ApolloPilot。
1
20 6 4 1 1 0.699
百度智能驾驶事业群组总经理李震宇说：“Apollo平台正在向产品化、量产化、解决方案化迈进。”言下之意，在Level4、Level5技术远景之外，Apollo开始选择优先将可落地的智能驾驶技术进行产品化了。
1
20 12 8 1 1 0.793
据百度智能汽车事业部总经理顾维灏介绍，ApolloPilot是百度可量产的自动驾驶产品，卖点在于基于中国交通数据研发，适应中国路况。
3
20 18 11 1 3 0.471
Apollo官方表示，目前，ApolloPilot正致力于通过优化和自学习，探索乘用车、商用车、共享出行等多场景落地。
20 19 11 2 3 0.634
2018年，ApolloPilot将与多家出行服务商展开合作和示范运营，同年与奇瑞合作的L3级自动驾驶乘用车将实现商业化量产，并于2020年上市。
20 20 11 3 3 0.743
与金龙合作的“阿波龙”微循环无人驾驶小巴，也搭载ApolloPilot，计划于2018年上线运营。
0
1
20 21 12 1 1 0.719
日前，百度Apollo与首汽约车、盼达用车等一系列出行服务企业密集签署了合作协议，当时双方高管都曾提到，将于2018年在诸如园区等封闭场景开启自动驾驶试运营，如自动驻车、一键召唤无人车等对出行服务类企业比较刚需的场景化自动驾驶功能，将成为合作双方布局的重点。
2
20 23 14 1 2 0.732
今天，Apollo选择联合车厂，优先做辅助驾驶以及部分自动驾驶的产品量产准备。
20 24 14 2 2 0.75
而对于智能驾驶和更高阶的无人驾驶，百度Apollo将如何权衡布局呢？
0
3
20 27 16 1 3 0.442
他说，7月初，Apollo以平台的概念，开放的更多是代码，参与者以开发者为主。
20 28 16 2 3 0.644
但今天，随Apollo小度车载系统和ApolloPilot的推出，百度正在形成汽车工业界以及汽车上游产业链更能够接受的产品。
20 29 16 3 3 0.465
今天是Apollo“从互联网角度推动汽车产业发展”的尝试。
2
21 1 1 1 3 0.747
11月16日在2017百度世界大会上，百度首次向开发者和合作伙伴公布了完整的AI生态开放战略，重点介绍了百度无人驾驶车量产计划。
21 2 1 2 3 0.809
百度Apollo平台发布了全球首款人车AI交互系统Apollo小度车载系统，以及适应中国市场、可量产的自动驾驶产品ApolloPilot。
1
21 3 1 3 3 -0.03
而这背后的供应链却与成都有着千丝万缕的联系。
1
21 4 2 1 1 0.786
在百度世界大会现场，百度创始人、董事长兼首席执行官李彦宏演示了Apollo疲劳驾驶监测技术，这是AI技术和安全驾驶场景的结合。
2
21 9 4 1 4 0.639
这得归功于配备视觉感知模块的人车AI交互系统——Apollo小度车载系统。
21 10 4 2 4 0.463
除了提供疲劳监测功能，这套系统还能自动适配复杂环境，为车主提供实现识别、提醒、接管服务。
2
21 15 6 1 2 0.701
上述视觉感知模块的问世，极大地推动了百度自动驾驶技术的快速发展。
21 16 6 2 2 0.763
在无人车量产方面，预计2018年7月底，百度与金龙合作的无人驾驶小巴车将率先实现小规模量产及试运营，并计划在2019年与江淮、北汽推出L3自动驾驶汽车，2020年与奇瑞共同推出无人车。
0
1
22 2 2 1 1 0.724
上证报消息，11月16日，在百度世界大会现场，董事长李彦宏透露，百度计划在2018年7月底，与金龙客车合作实现L4级小型客车的小规模量产及试运营，并在2019年与江淮、北汽，2020年与奇瑞共同推出L3级无人车。
2
22 3 3 1 2 0.667
15日，科技部召开新一代人工智能发展规划暨重大科技项目启动会，公布了首批国家新一代人工智能开放创新平台名单，“百度自动驾驶国家人工智能开放创新平台”入选。
22 4 3 2 2 0.754
备受关注的是，借助Apollo计划，百度将无人车和自动驾驶产业化的时间点再度提前。
0
1
22 7 6 1 1 0.605
东北证券指出，无人驾驶是人工智能在汽车及交通领域的应用落地，众多巨头军提前布局，建议关注在车载操作系统领域的优质标的,中科创达、东软集团；在高精度地图及车载芯片具有绝对优势的四维图新；在智能驾驶舱领域前瞻布局的索菱股份、路畅科技。
2
23 4 2 1 3 0.757
在论坛中，李彦宏表示：“百度计划在2018年7月底，与金龙合作率先实现无人驾驶小巴车的小规模量产及试运营，并在2019年与江淮、北汽，2020年与奇瑞共同推出无人车。”李彦宏的演讲重点还是侧重在此前百度的无人驾驶这块领域，并未对汽车操作系统做过多的提及。
23 5 2 2 3 0.571
由此可见，在智能驾驶领域这块硝烟弥漫的战场，无人驾驶作为百度的“第一杆枪“，仍然是被寄予厚望并且会持续加大投入的“重要武器”。
2
23 8 4 1 2 0.643
百度一直致力于无人驾驶和车联网，尽管无人驾驶的一系列路测均达到预期，李彦宏甚至乘坐无人驾驶车上了五环，但因违章而被交警调查的插曲，也反映了于安全、道路和道德因素，短期内，无人车在中国尚没有落地的可能性。
23 9 4 2 2 0.608
不过百度此次提出要在2018年实现无人车的商用，这一目标是否能够实现也值得关注。
0
1
24 3 2 1 1 0.714
百度将与金龙客车合作的首款无人驾驶量产车“阿波龙”。
2
24 4 3 1 2 0.65
在7月的百度AI开发者大会上，李彦宏乘坐无人车赴会的视频引起了北京交警的关注。
24 5 3 2 2 0.408
李彦宏在11月17日的演讲开场就坦言，为此百度吃到了一张来自交警的罚单，“但我想说的是，无人驾驶罚单已经来了，无人车量产还会远吗？”
3
24 6 4 1 4 0.598
李彦宏透露，百度将在2018年7月底率先推出无人驾驶量产车，这一时间将比业界普遍认为的无人车量产时间提前了两年。
24 7 4 2 4 0.723
据悉，该款量产车为百度阿波罗与金龙客车合作生产的无人驾驶小巴，名为“阿波龙”。
24 8 4 3 4 0.667
另外，到2019年-2020年，百度将与江淮汽车、北汽集团、奇瑞汽车共同推出无人车。
1
24 9 4 4 4 0.654
并且，目前搭载了百度阿波罗系统的无人扫地车已经在北京的奥林匹克森林公园开始工作。
0
2
24 16 10 1 2 0.706
在人脸识别技术上，李彦宏展示了一款利用该技术建立的疲劳驾驶监测系统。
24 17 10 2 2 0.433
该系统基于度大脑的图像识别技术研发，通过红外人脸识别判断，当卡车司机被手机干扰转头看信息、犯困开始打哈欠或者疲惫到眼睛睁不开的时候，系统就会及时提醒司机集中精力驾驶。
1
24 20 12 1 1 0.682
李彦宏表示，在未来，配合智能驾驶技术，百度自动驾驶系统还会接手卡车，把疲劳的司机主动带到最近的休息区去。
2
24 22 14 1 2 0.682
无人驾驶汽车开始进入公众视野，距离量产不再遥远。
24 23 14 2 2 0.736
“在前不久我们刚刚宣布和金龙汽车合作，生产一款无人驾驶的小巴车，在2018年7月份实现量产。这个小巴车没有方向盘、没有驾驶位，它是一个真正的无人驾驶汽车。明年开始运营的时候，它会先在相对封闭的道路上进行运营。除了金龙之外，其实我们还有各种各样新的合作伙伴。比如在2019年，江淮汽车会生产基于Apllo的自动驾驶汽车；北汽也会在2019年生产基于Apllo的L3自动驾驶汽车；还有奇瑞会在2020年的时候推出自动驾驶汽车。”
0
2
25 1 1 1 2 0.6
无论是Waymo、英伟达等科技公司，还是丰田、宝马等传统汽车厂商，都将2020年设为无人车产品落地的重要时间节点。
25 2 1 2 2 0.602
对比来看，百度2018年量产无人车的承诺确实快人一步。
1
25 3 2 1 1 0.617
全球各大公司在无人驾驶领域的“军备竞赛”仍在激烈进行中，谁能率先一步推出商业化的无人车，对于抢夺市场意义重大。
2
25 4 3 1 3 0.673
对无人驾驶，基本共识是2020年可以实现无人驾驶车的量产。
25 5 3 2 3 0.223
但是作为一个创新者，百度是不甘心的，我们希望能够把这个时间表再提前一些。
1
25 6 3 3 3 0.715
百度计划在2018年7月底，与金龙合作率先实现无人驾驶小巴车的小规模量产及试运营，并在2019年与江淮、北汽，2020年与奇瑞共同推出无人车。
1
25 7 4 1 1 0.69
我们对比了全球无人驾驶领域十余个影响力较大的“玩家”给出的无人车量产时间表，发现百度2018年的量产承诺确实“快人一步”，能和百度一起在2018年PK无人车量产的可能只有通用，今年2月，这家传统汽车巨头宣布将在2018年开始生产数千辆无人驾驶汽车。
2
25 9 6 1 2 0.5
为什么是2020年？英伟达CEO黄仁勋曾介绍该公司的无人车研发路线图，或具有代表性。
25 10 6 2 2 0.607
在黄仁勋看来，从现在开始，无人车研发需经历模拟环境和开发系统、机器人出租车、自动驾驶汽车三个阶段，而每个阶段都需要耗时一年。
1
25 11 7 1 1 0.605
虽然2020年前后全球无人车市场会“百花齐放”，但届时各家公司的无人驾驶技术水平仍会有较大差异。
2
25 12 8 1 2 0.533
国际自动机工程师学会（SAE）曾给自动驾驶制定了6级水平，其中，L2系统是一种先进的驾驶员辅助系统，甚至还算不上无人驾驶；L3系统是在有限的情况下发挥作用，需要有司机随时接过汽车的控制权；L4系统是“高度自动化的系统”，可以完成人类驾驶员能够完成的多数任务，但只在地图绘制完善的区域有效。
25 13 8 2 2 0.622
L5系统则是成熟的无人驾驶系统，可以应对各种驾驶环境，操控完全无需人类驾驶员干预。
1
25 14 9 1 1 0.704
从宣布的计划来看，百度、谷歌、特斯拉等科技公司更注重L4、L5级别的无人驾驶技术，而宝马、长安等汽车厂商在2020年前后推出的无人车可能只有L3级别。
3
25 16 10 2 4 0.495
对比来看，Waymo、百度等公司认为计算机应当完全代替人类操控汽车，而以丰田为代表的传统汽车厂商大多反对过分依赖技术。
25 17 10 3 4 0.639
丰田认为自动驾驶技术的主要作用在于让驾驶更安全，驾驶过程不能没有人类控制。
25 18 10 4 4 -0.163
（张少华）
2
26 1 1 1 2 0.813
近日，2017百度世界大会开启，百度董事长李彦宏在大会上表示，2020年将实现无人驾驶车辆的量产，在2018年底与金龙合作的无人驾驶小巴车将小规模量产及试运营。
26 2 1 2 2 0.694
此外，江淮与北汽也会在2019年生产基于Apollo技术的无人车。
0
2
26 5 3 1 2 0.768
根据相关资料显示，金龙无人驾驶车辆采用新能源纯电动电机，除了自动驾驶解决方案外，车内还加入了AI交互系统、特定场景需求架构、微循环车特定自动驾驶系统等环节。
26 6 3 2 2 0.36
为用户解决短途的旅程，比如我们的办公单位在科技园区里，距离地铁站有2公里的距离，但是却没有公交线路，这个时候采用无人驾驶小巴车就可以快速解决这个问题。
1
27 1 1 1 1 0.724
厦门网讯(厦门日报记者刘艳)昨日在北京举行的百度世界大会上，百度创始人、CEO李彦宏在主题演讲中表示，百度与金龙客车联合开发的第二代无人驾驶微循环车“阿波龙”，将于2018年实现商用化量产及上线运营。
1
27 2 2 1 1 0.796
“阿波龙”同时也是中国首辆商用级无人驾驶微循环车，这款无人驾驶微循环车的诞生，使百度Apollo(无人驾驶技术平台)携手金龙客车进入一个新的高度，将实现工业4.0时代大众出行的新跨越。
2
27 8 5 1 2 0.61
“阿波龙”在设计上同样颠覆了传统汽车概念，全新构建电动化、电子化及智能化的新形态，是全国首辆无方向盘、无油门、无刹车踏板的原型车。
27 9 5 2 2 0.385
车身还采用了RTM轻型复合材料、整体全弧玻璃、宽幅电动门、自动无障碍爱心通道等新材料和新工艺。
2
27 10 6 1 2 0.743
据介绍，“阿波龙”面向商业化开发，自动驾驶级别达到L4(注:高度自动驾驶，由无人驾驶系统完成所有的驾驶操作)，初期落地场景针对“最后一公里”通勤，计划率先实现特定场景的商业化，比如景区、园区、机场等自动接驳，也能够通过人机交互执行特定的服务任务。
27 11 6 2 2 0.409
随着技术、法规、基础设施、成本等问题的逐步解决，自动驾驶巴士将拓展到半封闭式场地甚至是开放性道路，如班线、旅游、公交等。
1
27 12 7 1 1 0.674
金龙客车工程研究院副院长陈卫强表示，百度“Apollo基因”的注入与金龙龙翼无人驾驶车联网研发成果的应用，让“阿波龙”拥有最强的“智慧大脑”。
2
27 16 10 1 3 0.624
真正无人驾驶汽车成为主流交通工具，还需要较长时间的探索。
27 17 10 2 3 0.821
百度Apollo开放平台与金龙客车，通过无人驾驶微循环车在特定场景的运营，为无人驾驶车辆在中国的商用落地树立样本和标杆。
1
27 18 10 3 3 0.668
金龙客车常务副总经理周方明认为:“无人驾驶汽车未来的路还很漫长，今天我们同百度Apollo共同迈出了自动驾驶商业化的一小步，希望这一小步可以推动新的大众交通方式向前迈出一大步”。
0
2
28 1 1 1 2 0.79
今年7月，百度创始人李彦宏乘无人驾驶汽车驶上北京五环路却被监管部门调查一事，可以说为百度大力投入的智能汽车业务赚足了流量。
28 2 1 2 2 0.411
在11月16日上午百度世界大会开场发言中，李彦宏坦言这让百度收到了一张来自北京交管部门的罚单。
1
28 4 3 1 1 0.799
无人车量产的确不远了，在下午的“智能驾驶分论坛”上，百度发布了两款推进智能汽车量产的产品——全球首款人车AI交互系统“Apollo小度车载系统”，以及近期即可量产的自动驾驶产品ApolloPilot。
2
28 9 7 1 3 0.662
并且，搭载Apollo小度车载系统的车最快将在明年实现量产。
28 10 7 2 3 0.463
据介绍，Apollo小度车载系统已经与13家首批战略合作伙伴达成了合作，包括北汽、现代、奇瑞、一汽、猎豹等车厂。
1
28 12 8 1 1 0.63
据顾维灏介绍，ApolloPilot能够针对中国的特殊路况提供自动驾驶服务，全面超越市面上现有的安全和驾驶辅助产品。
1
28 13 9 1 1 0.779
ApolloPilot这个命名不禁让人联想到特斯拉的自动驾驶系统AutoPilot和奔驰的自动驾驶功能DrivePilot。
1
28 14 10 1 1 0.642
但百度智能驾驶事业部的工作人员向澎湃新闻（www.thepaper.cn）记者表示，ApolloPilot既不能说是自动驾驶功能，也不能简单定义为一个系统，“它是能力的集成，自动驾驶的辅助功能、技术、云端的支持都会整合在里面。它是为支持自动驾驶车快速量产而推出的。”
2
28 19 14 1 2 0.147
同样，在量产方面，ApolloPilot也做好了准备。
28 20 14 2 2 0.708
2018年，ApolloPilot就将与多家共享汽车的出行服务商展开合作，同年与奇瑞合作的L3级（自动驾驶的分级，最高为L5）自动驾驶乘用车将实现商业化量产，并将在2020年上市。
2
28 22 16 1 2 0.704
今年4月公布了“Apollo（阿波罗）计划”，向全产业链开放百度在自动驾驶方面的技术能力，打造智能汽车界的“安卓”。
28 23 16 2 2 0.541
最新数据显示，通过阿波罗平台与百度合作的汽车生产商、汽车产业上下游的软硬件企业已经超过70家，有超过1700个合作伙伴使用Apollo开源代码，100多个合作伙伴申请开放数据。
2
29 1 1 1 3 0.721
11月16日，百度世界大会在北京召开，百度创始人、董事长兼首席执行官李彦宏在会上表示，业内对无人驾驶基本共识是2020年可以实现无人驾驶车的量产，但是百度希望能够把这个时间表再提前一些。
29 2 1 2 3 0.703
在百度的计划表里，明年7月底与金龙合作的无人驾驶小巴车将率先实现小规模量产及试运营，并在2019年与江淮、北汽，2020年与奇瑞共同推出无人车。
1
29 3 1 3 3 0.641
据李彦宏透露，奥森的智行者扫地汽车已经搭载了Apollo系统。
0
1
29 4 2 1 1 0.715
除此之外，本届百度世界大会上，百度还发布了智能音箱产品RavenH，百度的AI版图进一步完善。
2
29 5 3 1 2 0.788
今年7月的百度AI开发者大会，李彦宏乘坐搭载Apollo系统的无人驾驶汽车前往会场，还因此吃到了罚单。
29 6 3 2 2 0.646
昨天李彦宏提到，无人驾驶的罚单已经来了，无人驾驶汽车的量产还会远吗？
0
1
29 7 4 1 1 0.619
据悉，今年7月百度对外开放了无人驾驶技术平台Apollo，到现在已经有6000多个开发者在投票支持Apollo项目；有1700多家合作伙伴加入了Apollo，开始使用Apollo的开源代码；有100多个合作伙伴申请使用Apollo的开放数据。
2
29 8 5 1 5 0.764
李彦宏现场演示了疲劳驾驶监测系统，该系统是基于百度大脑的图像识别技术研发的。
29 9 5 2 5 0.258
通过红外人脸识别判断，当卡车司机被手机干扰转头看信息、犯困开始打哈欠或者疲惫到眼睛睁不开的时候，系统就会及时提醒司机集中精力驾驶。
2
29 14 6 2 3 0.55
Apollo将携手雄安在智能交通领域合作，共同将雄安打造成全球领先的智能出行城市。
29 15 6 3 3 0.655
雄安新区管委会主任陈刚直言：“百度集团在智慧城市建设以及大数据、自动驾驶等方面具有领先优势，欢迎百度在雄安新区筹建开放的、国际化的国家级人工智能实验室、高端应用研究机构，特别是建设自动驾驶高新产业的示范区。”
1
29 19 9 1 1 0.691
2017年2月渡鸦科技被百度全资收购，公司创始人吕骋携团队加盟百度，并出任百度智能家居硬件总经理，向COO陆奇汇报，主要负责百度智能硬件、智能家居产品的研发等。
2
29 21 11 1 2 0.227
渡鸦在会上同时公布了RavenR、RavenQ另外两款即将面世的产品。
29 22 11 2 2 0.671
RavenR是RavenH的可灵活运动升级版，也是全球首款六轴全自动情感机器人；RavenQ则是具备成熟人脸识别、计算机视觉和Apollo自动驾驶的集所有百度人工智能时代技术之大成的终极硬件形态。
2
29 27 14 1 2 0.603
百度在人工智能领域布局多年，AI生态版图不断完善。
29 28 14 2 2 0.707
在百度AI生态版图中，处于基础地位的是百度AI开放平台，在自动驾驶开放平台、智能语音开放平台之外，深度学习开源平台、百度大脑等底层技术开放平台也推动着百度乃至中国人工智能事业的发展。
0
2
29 29 15 1 4 0.606
百度AI底层技术开放平台百度大脑包括大规模的神经网络、万亿级的参数、千亿样本和千亿特征训练。
29 30 15 2 4 0.615
PaddlePaddle是国内首个开源深度学习平台，Apollo是全球首个自动驾驶开放平台。
1
29 31 15 3 4 0.594
目前百度已经开放了80多项百度大脑的能力（API），有37万多个开发者在使用百度大脑各种各样的能力。
2
29 42 18 1 3 0.689
作为百度AI生态的最后一道关卡，商业化产品的量产，意味着百度完成闭环。
29 43 18 2 3 0.495
技术输出成为可变现的消费品，产品的营收又可以检验技术成果、反哺技术研发。
2
30 1 1 1 2 0.767
从概念到产品，11月16日的百度2017世界大会上，百度CEO李彦宏首度系统披露了包括无人驾驶和智能音箱在内的AI落地进展。
30 2 1 2 2 0.49
在阿里、腾讯抢先发布多款AI产品的背景下，最卖力的百度开始解决“纸上谈兵”非议。
1
30 3 2 1 1 0.797
甚至比计划更早，李彦宏瞄准2018年，“无人驾驶基本共识是2020年量产，但百度希望把时间表再提前一些。百度计划在2018年7月底，与金龙客车实现无人驾驶小巴车的小规模量产；在2019年与江淮生产基于Apollo的自动驾驶汽车、与北汽在同年生产基于Apollo的L3自动驾驶汽车；2020年与奇瑞共同推出无人车”。
2
30 5 4 1 2 0.645
比无人车更大的野心是，百度在智慧城市方面也有系统计划，Apollo将联合雄安新区展开智能交通领域合作，共同打造智能出行城市。
30 6 4 2 2 0.428
“百度和保定、芜湖、重庆两江新区、北京亦庄开发区、上海汽车城都在做类似合作。”李彦宏说，“这些进展的背后是百度大脑的支持，它具有语音识别、图像识别、自然语言理解、用户画像四项基本能力。”
2
30 8 6 1 2 0.702
无人车还要等待，但百度发布了智能音箱等消费级产品。
30 9 6 2 2 0.444
“智能音箱与汽车是AI产品化针对的不同场景，不过自然语言比自然图像处理的难度小。发展也较早。”独立分析师张旭这样认为，从各科技公司的AI场景化选择来看，推出智能音箱成为业界默契。
1
30 13 8 1 1 0.697
据百度智能硬件事业部总经理吕骋透露，ravenR、ravenQ两款产品即将面世，前者为ravenH的可灵活运动升级版，也是全球首款六轴全自动情感机器人；ravenQ则是具备成熟人脸识别、计算机视觉和Apollo自动驾驶的集所有百度人工智能时代技术之大成的终极硬件形态。
2
30 20 13 1 4 0.725
就在百度披露AI落地路线图的同一天，腾讯入局智能汽车。
30 21 13 2 4 0.522
腾讯公司董事会主席马化腾亲自发布了腾讯在智能网联领域的最新合作成果——由广汽集团自主研发的iSPACE智联电动概念车。
2
30 24 14 1 3 0.715
与百度关注无人驾驶不同，腾讯此次侧重于汽车本身的智能化。
30 25 14 2 3 0.501
在人车交互场景智能方面，iSPACE概念车可智能识别感知多种出行场景，包括通勤、约会、机场接送、购物停车、自驾出游等，未来还会包含车况场景和汽车周边场景。
1
30 30 16 1 1 0.638
“从智能驾驶车量产的时间来看，百度在AI方面的进展的确很快，这说明百度的智能驾驶技术已经接近成熟。”张旭向北京商报记者坦言，“但是考虑到量产时间如此之快，可能量产的车型并不是为智能驾驶专门设计的，有可能是在传统汽车上搭载了智能驾驶模块，我们还是更期待在未来4-5年内可以看到完整为智能驾驶设计的车型出现。”
2
30 31 17 1 2 0.442
不过，他同时也肯定了百度在AI战略上的执行力。
30 32 17 2 2 0.629
“百度的智能驾驶落地计划要比谷歌等其他对手更快。百度的速度可以倒逼其他企业加快研发脚步，在智能驾驶行业，如果只有一两家企业竞争的话肯定不行，需要全产业链进行配合，百度、腾讯和阿里这些头部互联网企业更加超前一些。”
2
32 1 1 1 2 0.772
新华社北京11月16日电（记者张辛欣、鲁畅）2017百度世界大会16日召开，百度公司董事长李彦宏在大会上指出，目前，无人驾驶技术已经成熟，预计明年7月，百度与金龙客车合作生产的无人驾驶小巴车将实现量产。
32 2 1 2 2 0.713
此外，百度也与江淮、北汽等合作伙伴联合推出更多款车型的无人驾驶汽车。
0
3
32 3 2 1 3 0.581
随着人工智能技术日益成熟，其应用也向更多领域拓展，无人驾驶就是其中之一。
32 4 2 2 3 0.613
世界很多国家都将无人驾驶视为人工智能应用爆发点，纷纷布局于此，我国也不例外。
32 5 2 3 3 0.583
不久前发布的《新一代人工智能发展规划》就将包括自动驾驶汽车在内的智能运载工具列为重点方向之一。
2
32 6 3 1 4 0.738
百度无人驾驶车项目于2013年起步，其技术核心是“百度汽车大脑”，包括高精度地图、定位、感知、智能决策与控制几大模块。
32 7 3 2 4 0.555
通过车联网，车与车之间、车与交通设施之间互联，无人车可以科学判断信号灯、道路车辆等信息，提高出行效率。
2
32 10 4 1 3 0.6
人工智能不仅意味着无人驾驶，也能更好地帮助普通车辆安全出行。
32 11 4 2 3 0.545
在现场，李彦宏展示了百度研发的疲劳驾驶监测系统，可以对司机身体状况进行监测，一旦出现困倦，系统会自动提醒他注意行车安全，并播放欢快的歌曲帮助提神。
2
33 2 2 1 4 0.647
此前，在百度AI开发者大会上，李彦宏乘坐无人驾驶汽车参会，直播的视频在网络中热传，不少网友质疑：乘无人驾驶汽车上路，是否涉嫌违法？在这段视频中，李彦宏坐在一辆小客车的副驾驶座位上，旁边的方向盘上并没有驾驶员双手在操作。
33 3 2 2 4 0.406
李彦宏通过视频直播连线介绍了自己的体验，并明确驾驶员位置上的同伴并没有操作方向盘。
2
33 4 2 3 4 0.739
李彦宏乘无人驾驶汽车驶入社会道路，而且还是环路主路。
33 5 2 4 4 0.614
百度随即回应称，李彦宏所乘无人驾驶汽车驾驶座上有人乘坐，只是双手没有触碰方向盘。
0
2
33 8 4 2 3 0.205
但李彦宏称，希望能够把这个时间表再提前一些。
33 9 4 3 3 0.742
“百度计划在2018年7月底，与金龙合作率先实现无人驾驶小巴车的小规模量产及试运营，并在2019年与江淮、北汽，2020年与奇瑞共同推出无人车。今天在奥森，智行者扫地汽车已经搭载上了阿波罗系统。”
1
33 10 5 1 1 0.846
李彦宏透露，在2019年，江淮汽车会生产基于Apollo的自动驾驶汽车；北汽也会在2019年生产基于Apollo的L3自动驾驶汽车；还有最早和百度一起合作生产自动驾驶汽车的奇瑞，会在2020年推出自动驾驶汽车。
2
33 14 7 1 5 0.794
在大会现场，李彦宏演示了疲劳驾驶监测系统，该系统基于百度大脑图像识别技术研发。
33 15 7 2 5 0.258
通过红外人脸识别判断，当卡车司机被手机干扰转头看信息、犯困开始打哈欠或者疲惫到眼睛睁不开的时候，系统就会及时提醒司机集中精力驾驶。
2
33 19 8 1 2 0.609
李彦宏还披露，百度已经开放了80多项百度大脑的能力（API），有37万多个开发者在使用百度大脑各种各样的能力。
33 20 8 2 2 0.446
百度大脑被内外部产品调用的次数达到每天2188亿次。
2
33 21 9 1 3 0.625
同时，百度也在推进Apollo平台和DuerOS生态。
33 22 9 2 3 0.69
目前百度初步形成了对话式人工智能和自动驾驶生态系统，为行业输出多层次、立体化的AI解决方案。
1
33 23 9 3 3 0.407
此外，百度人工智能技术已覆盖金融、教育、医疗、交通、家电等各行各业。
2
33 27 12 1 2 0.608
从7月份我们正式开放无人驾驶技术平台Apollo到现在，我们已经有6000多个开发者在投票支持Apollo项目；有1700多家合作伙伴加入了Apollo，开始使用Apollo的开放代码；有100多个合作伙伴申请使用Apollo的开放数据。
33 28 12 2 2 0.288
它已经变成了一个非常活跃的开放平台，很多人都能够从中受益。
3
33 31 13 3 6 0.383
但是，我们并不满足，我们希望能够更早地去生产、去量产无人车。
33 32 13 4 6 0.71
所以，在前不久我们刚刚宣布和金龙汽车合作，生产一款无人驾驶的小巴车，在2018年7月份实现量产。
33 33 13 5 6 0.456
在两边的大屏幕上大家可以看到，这个小巴车没有方向盘、没有驾驶位，它是一个真正的无人驾驶汽车。
3
33 35 14 1 4 0.398
除了金龙之外，其实我们还有各种各样新的合作伙伴。
33 36 14 2 4 0.813
比如在2019年，江淮汽车会生产基于Apollo的自动驾驶汽车；北汽也会在2019年生产基于Apollo的L3自动驾驶汽车；还有最早和百度一起合作生产自动驾驶汽车的奇瑞，会在2020年的时候推出自动驾驶汽车。
33 37 14 3 4 0.159
如果今天大家有机会到奥森去看的话，可以看到奥森的“智行者”扫地车也已经是用Apollo来支持运营了。
1
34 2 2 1 1 0.652
百度在会上发布了手机百度10.0和全新人工智能硬件「ravenH」等软硬件产品。
1
34 4 4 1 1 0.672
百度ravenH智能音箱，由渡鸦科技团队研发。
2
34 5 5 1 2 0.608
李彦宏谈到，从7月份我们正式开放无人驾驶技术平台Apollo到现在，已经有6000多个开发者在投票支持Apollo项目；有1700多家合作伙伴加入了Apollo，开始使用Apollo的开源代码；有100多个合作伙伴申请使用Apollo的开放数据。
34 6 5 2 2 0.288
它已经变成了一个非常活跃的开放平台，很多人都能够从中受益。
2
34 7 6 1 3 0.724
而在前不久，百度刚刚宣布了和金龙汽车合作，生产一款无人驾驶的小巴车，小巴车将在2018年7月份实现量产。
34 8 6 2 3 0.484
而在发布会上公布的视频来看——这个小巴车没有方向盘、没有驾驶位，它是一个真正的无人驾驶汽车。
3
34 22 12 1 3 0.552
而在图像方向，百度认为AI同样大有可为。
34 23 12 2 3 0.678
百度为大家展示百度Apollo的疲劳驾驶监测系统，这个监测系统可以监测到，用户当处于重度疲劳驾驶的时候，它会自动检测并且提供导航到最近的休息区。
34 24 12 3 3 0.257
而这个系统也配备了红外检测，在司机戴上墨镜、当人看不清楚他眼睛的时候，疲劳监测系统依然能够持续工作。
2
35 3 2 1 2 0.65
在7月的百度AI开发者大会上，李彦宏乘坐无人车赴会的视频引起了北京交警的关注。
35 4 2 2 2 0.408
李彦宏在11月17日的演讲开场就坦言，为此百度吃到了一张来自交警的罚单，“但我想说的是，无人驾驶罚单已经来了，无人车量产还会远吗？”
3
35 5 3 1 4 0.598
李彦宏透露，百度将在2018年7月底率先推出无人驾驶量产车，这一时间将比业界普遍认为的无人车量产时间提前了两年。
35 6 3 2 4 0.723
据悉，该款量产车为百度阿波罗与金龙客车合作生产的无人驾驶小巴，名为“阿波龙”。
35 7 3 3 4 0.667
另外，到2019年-2020年，百度将与江淮汽车、北汽集团、奇瑞汽车共同推出无人车。
1
35 8 3 4 4 0.654
并且，目前搭载了百度阿波罗系统的无人扫地车已经在北京的奥林匹克森林公园开始工作。
0
2
35 14 8 1 2 0.705
除了智能汽车，百度的另一大智能产品就是AI交互语音系统。
35 15 8 2 2 0.414
今年上半年，百度曾经展示了智能语音交互中自定义唤起词技术，但李彦宏觉得还不够：“我们希望智能语音交互能够像人与人的交流一样，任何唤起词都是多余的。”
1
35 17 10 1 1 0.669
据李彦宏介绍，本月底百度就将把无需唤起词的语音交互技术推向市场，新版手机百度语音版就将搭载这一技术。
2
35 24 15 1 2 0.706
在人脸识别技术上，李彦宏展示了一款利用该技术建立的疲劳驾驶监测系统。
35 25 15 2 2 0.433
该系统基于度大脑的图像识别技术研发，通过红外人脸识别判断，当卡车司机被手机干扰转头看信息、犯困开始打哈欠或者疲惫到眼睛睁不开的时候，系统就会及时提醒司机集中精力驾驶。
1
35 28 17 1 1 0.682
李彦宏表示，在未来，配合智能驾驶技术，百度自动驾驶系统还会接手卡车，把疲劳的司机主动带到最近的休息区去。
2
35 29 18 1 2 0.682
李彦宏表示，百度人工智能的技术背后就是“百度大脑”。
35 30 18 2 2 0.504
其中的基本技术，包括百度语音识别技术、自然语言理解技术、用户画像技术，以及图象识别技术。
1
36 3 2 1 1 0.661
演讲的开始，李彦宏提到了今年7月5日举行的百度AI开发者大会，在该次大会上，百度现场展示了李彦宏乘坐百度无人车前往会场的画面，由于直播中有无人车实线并线的违规画面，因此一时引发外界巨大关注。
1
36 6 4 1 1 0.734
根据业内人士的预测，大量的无人驾驶技术应用、无人车上市的时间是2020年，但李彦宏表示百度将走得更快，与金龙合作的无人车小巴将在2018年量产，其他的合作无人车将在2019年或之后陆续量产。
2
37 1 1 1 2 0.483
在今天上午举办的2017百度世界大会上，百度“厂长”李彦宏登台发表主题演讲。
37 2 1 2 2 0.639
演讲一开始，李彦宏就公布了一项重磅消息，百度无人车将于2018年量产。
2
37 5 3 1 3 0.711
李彦宏称，对无人驾驶，基本共识是2020年可以实现无人驾驶车的量产。
37 6 3 2 3 0.223
但是作为一个创新者，百度是不甘心的，我们希望能够把这个时间表再提前一些。
1
37 7 3 3 3 0.715
百度计划在2018年7月底，与金龙合作率先实现无人驾驶小巴车的小规模量产及试运营，并在2019年与江淮、北汽，2020年与奇瑞共同推出无人车。
2
37 8 4 1 2 0.787
在百度世界大会现场，快科技前方编辑捕捉到了百度金龙合作的无人驾驶小巴车。
37 9 4 2 2 0.547
从实车来看，该无人驾驶小巴车尺寸不大，车辆周身安置了多款雷达和传感器，采用双门设计，无方向盘，预计可载乘客四名。
1
37 10 5 1 1 0.725
从官方资料来看，该车为绿色纯电动巴士，搭载易驱智慧能源系统，车辆采用RTM新型复合材料，采用低地板、电动塞拉门设计，支持百度阿波罗L4级别自动驾驶能力，内置DuerOS人车AI交互系统，同时支持龙翼无人车云端运营管理，支持多重安全冗余防护，支持OTA软件升级。
2
38 8 4 1 4 0.673
对无人驾驶，基本共识是2020年可以实现无人驾驶车的量产。
38 9 4 2 4 0.223
但是作为一个创新者，百度是不甘心的，我们希望能够把这个时间表再提前一些。
2
38 10 4 3 4 0.715
百度计划在2018年7月底，与金龙合作率先实现无人驾驶小巴车的小规模量产及试运营，并在2019年与江淮、北汽，2020年与奇瑞共同推出无人车。
38 11 4 4 4 0.568
今天在奥森，智行者扫地汽车已经搭载上了阿波罗系统。
2
39 2 2 1 2 0.694
11月13日，百度、盼达用车、力帆汽车无人驾驶战略合作发布会在北京举行。
39 3 2 2 2 0.802
现场展示了首款应用无人驾驶技术的共享汽车。
0
2
39 8 5 1 3 0.607
据了解，盼达用车计划在30天内选定一个城市或区域，从点线面开始无人驾驶应用。
39 9 5 2 3 0.312
第一步解决停车／找车的交接问题。
2
39 14 7 1 3 0.751
今年4月19日百度正式发布阿波罗计划，向汽车行业及自动驾驶领域的合作伙伴提供平台，帮助他们结合车辆和硬件系统，快速搭建一套属于自己的完整自动驾驶系统。
39 15 7 2 3 0.556
无人驾驶技术的落地除了需要一颗可以自我学习的最强大脑外，离不开车辆的本身作为载体，汽车人工智能依靠高精度地图数据，城市的交通道路数据，例如红绿灯的优化、道路的限流分流等进行自我学习，这些都是基于大数据作为支撑。
1
39 16 7 3 3 0.702
而盼达这样的大型共享出行项目，可以给予无人驾驶技术自我学习的数据反馈，推动无人驾驶技术中算法的快速迭代，支撑无人驾驶解决方案的成熟度问题。
2
39 17 8 1 2 0.512
据盼达官方介绍，盼达的核心发展方向是以庞大出行数据库为基础，基于LBS面向消费场景的布局；另一个方向是推动车辆如何更加智能更懂人类，盼达成立了自己的X-pand实验室，应用各样的黑科技在共享汽车上以提升用车体验。
39 18 8 2 2 0.771
而大数据、智能化与百度Apollo计划的落地需求刚好契合，能够更快地帮助百度完成自动驾驶技术的优化和商业化运营，共同探索自动驾驶汽车的创新模式。
1
40 1 1 1 1 0.618
重庆力帆乘用车有限公司（以下简称“力帆”）与北京百度网讯科技有限公司（以下简称“百度”）及重庆盼达汽车租赁有限公司（以下简称“盼达”）在北京市签订《战略合作框架协议》，三方将在无人驾驶领域展开战略合作，推动无人驾驶在共享汽车商业化场景的实际应用落地。
1
40 2 2 1 1 0.718
具体到此次的合作内容：百度将在高精地图和自动驾驶等软件方面提升自动驾驶汽车的技术水平；力帆汽车作为整车制造企业，将从之前的重点布局海外转型到国内市场，提供盼达用车自动驾驶的使用车辆；盼达汽车作为运营商，将负责车辆的实际落地和运营服务。
2
40 3 3 1 4 0.701
基于Apollo平台解决方案的第一辆力帆无人驾驶车在本次战略合作发布会亮相，未来也是盼达租赁的实际用车。
40 4 3 2 4 0.547
该车基于力帆820EV进行打造，官方表示，该车可自动识别交通指示牌和行车信息，具备雷达、相机、全球卫星导航等电子设施，并安装同步传感器。
2
40 7 4 1 2 0.707
盼达用车计划明年在全国招募100名“AI-Rider”驾驶力帆自动驾驶车辆上路测试，同时协助线下运维、调度、保险等工作。
40 8 4 2 2 0.613
首先，盼达用车将在2018年选定落地城市，进行智能停车场布局；然后，在落地城市的固定区域内开展布局；最后，在公开道路上实现无人驾驶。
0
2
41 1 1 1 2 0.527
【TechWeb报道】11月14日消息，昨日晚间，力帆股份发布公告称，公司全资子公司重庆力帆乘用车有限公司（以下简称“力帆乘用车”）与北京百度网讯科技有限公司（以下简称“百度”）及重庆盼达汽车租赁有限公司（以下简称“盼达”）在北京市签订《战略合作框架协议》，三方将主要围绕自动驾驶展开合作，并不断推进共享汽车在自动驾驶领域的商业应用。
41 2 1 2 2 0.731
目前，无人驾驶汽车已经发布。
1
41 3 2 1 1 0.718
具体到此次的合作内容：百度将在高精地图和自动驾驶等软件方面提升自动驾驶汽车的技术水平；力帆汽车作为整车制造企业，将从之前的重点布局海外转型到国内市场，提供盼达用车自动驾驶的使用车辆；盼达汽车作为运营商，将负责车辆的实际落地和运营服务。
1
41 4 3 1 1 0.604
关于盼达与百度的具体合作进程，盼达用车CEO高钰表示，接下来的30天内，盼达将选择一个城市进行示范项目，并且在50天内公开第二代自动驾驶车辆以及相关战略。
2
41 5 4 1 2 0.672
盼达用车计划明年在全国招募100名“AI-Rider”，经过无人驾驶系统驾驭无人车辆上路测试，同时协助线下运维、调度、保险等工作。
41 6 4 2 2 0.613
首先，盼达用车将在2018年选定落地城市，进行智能停车场布局；然后，在落地城市的固定区域内开展布局；最后，在公开道路上实现无人驾驶。
0
2
42 1 1 1 2 0.532
中新网11月14日电13日，盼达用车与百度在北京召开发布会，宣布双方将在无人驾驶和示范运营等多个领域和层面达成战略合作。
42 2 1 2 2 0.746
盼达用车创始人及CEO高钰博士、百度智能汽车事业部总经理顾维灏、百度智能汽车副总经理张少宇出席发布会并致辞，盼达与百度的此次合作将成为共享出行领域第一个无人驾驶商业应用项目。
2
42 4 2 2 3 0.565
盼达用车CEO高钰博士表示，此次双方的合作是无人驾驶在共享出行领域的第一个商业应用项目，盼达一直致力于通过互联网、车联网、人工智能等创新技术来提升用户的用车体验，通过接入第三方征信免除押金、第三方用车接口等来简化用户的用车流程，在各个方面，盼达都已经走在了前列。
42 5 2 3 3 0.639
此次与百度合作发布搭载无人驾驶的共享汽车，将开启共享出行领域全新的服务模式，也将给用户带来全新的出行方式。
1
42 6 3 1 1 0.714
业内人士分析，共享出行+无人驾驶，盼达与百度此次的合作具有深远的战略意义，这标志着无人驾驶技术，首次从科技公司的测试阶段走向了面向商业应用的落地阶段，加速了全社会对无人驾驶的认可度和接受度。
2
42 7 4 1 3 0.722
双方在发布会现场宣布，盼达用车与百度将共同成立一个支撑无人驾驶商业运营的技术服务公司，目前，该项目正在选择示范落地的城市，而该模式也是百度阿波罗计划里落地应用的示范。
42 8 4 2 3 0.718
百度智能汽车事业部总经理顾维灏在现场作了相关介绍，利用百度的无人驾驶技术，盼达用车将实现更深层次的智能化，进一步优化用户的用车体验，提高产品的人机交互体验。
1
42 9 4 3 3 0.645
示范运营项目的落地，有助于双方在各自领域实现快速发展，全面打造“共享汽车+无人驾驶”的新生态。
0
1
42 10 5 1 1 0.632
目前国家对自动驾驶还未出台相应的法律法规，但无人驾驶和新能源这两个点已经成为行业内可预见的趋势，此次盼达与百度合作落地示范运营，开辟行业先河的同时，也将为积极探索无人驾驶在共享出行领域的商业配套和相关法律法规的出台积累宝贵的经验，积极推动制定行业的相关准入标准。
1
43 1 1 1 1 0.756
11月13日下午，力帆、百度等召开发布会，力帆汽车、盼达用车将正式成为百度Apollo开放平台的生态合作伙伴，三方将在无人驾驶领域展开战略合作，推动无人驾驶在共享汽车商业化场景的实际应用。
3
43 2 2 1 3 0.303
近年来，随着人工智能的快速发展，国内制造业面临前所未有的大变革。
43 3 2 2 3 0.762
在发布会现场，力帆还展示旗下基于Apollo平台解决方案的第一辆无人驾驶商用共享汽车。
43 4 2 3 3 0.657
力帆集团总裁马可表示，力帆汽车希望通过与百度、盼达的合作，充分利用各自的资源优势，共同推进无人驾驶技术的发展和商业化推广应用。
0
1
43 5 3 1 1 0.753
据力帆集团副总裁沈浩杰透露，三方合作内容主要包括三个部分，首先百度的高精度地图服务是力帆自动驾驶、无人驾驶领域的唯一合作伙伴；力帆、盼达加入百度Apollo生态，并达成战略合作；百度将提供高精地图和无人驾驶解决方案，力帆汽车则负责协调盼达用车的试验车辆以及市场运营车辆，三方协作推进量产开发。
1
43 6 4 1 1 0.822
此外，百度智能汽车事业部总经理顾维灏表示，共享汽车是百度极为关注的无人驾驶商业化场景，此次Apollo与力帆汽车及盼达用车的合作，将使无人驾驶技术能够在共享汽车领域落地，这是无人驾驶产品在商业化场景实际应用中历史性的一刻。
2
43 7 5 1 3 0.631
据证券时报·e公司记者了解，这辆车是基于力帆820EV改造而成的无人驾驶汽车，可自动识别交通指示牌和行车信息，具备雷达、相机、全球卫星导航等电子设施，并安装同步传感器。
43 8 5 2 3 0.551
车主只要向导航系统输入目的地，汽车即可自动行驶，前往目的地。
2
44 2 1 2 3 0.598
力帆、盼达成为百度Apollo开放平台的生态合作伙伴。
44 3 1 3 3 0.735
三方将推动无人驾驶在共享汽车商业化场景的实际应用。
1
44 4 2 1 1 0.754
据力帆集团副总裁兼汽车研究院院长沈浩杰透露，合作内容主要包括三个部分：首先百度的高精度地图服务是力帆自动驾驶、无人驾驶领域的唯一合作伙伴；力帆、盼达加入百度Apollo生态，并达成战略合作；百度将提供高精地图和无人驾驶解决方案，力帆则负责协调盼达的试验车辆以及市场运营车辆，三方协作推进量产开发。
2
44 5 3 1 4 0.773
百度的Apollo平台旨在帮助汽车行业及自动驾驶领域的合作方结合车辆和硬件系统，搭建一套属于自己的自动驾驶系统。
44 6 3 2 4 0.817
百度智能汽车事业部总经理顾维灏表示，一直以来，共享汽车都是百度极为关注的自动驾驶商业化场景。
1
44 7 3 3 4 0.707
此次Apollo与力帆和盼达的合作，使自动驾驶技术能够在共享汽车领域落地，极具市场潜力。
1
44 8 3 4 4 0.54
百度可以帮助盼达解决一些问题，例如用户怎么方便地找到汽车，并且提高共享汽车的运营效率。
3
44 9 4 1 4 0.285
力帆集团旗下的力帆股份是A股上市企业(股票代号601777)。
44 10 4 2 4 0.754
作为一家汽车生产商，力帆在发布会上展示其基于Apollo平台解决方案的第一辆无人驾驶汽车。
44 11 4 3 4 0.413
它具备雷达、相机、全球卫星导航等电子设施，并安装同步传感器。
2
44 13 5 1 3 0.615
盼达是由力帆控股战略投资的新能源汽车智能出行平台，已在重庆等地进行汽车分时租赁业务。
44 14 5 2 3 0.479
其CEO高钰在发布会上宣布，会在30天内选定一个城市落地合作运营示范项目。
1
44 16 6 1 1 0.644
谈到无人驾驶技术应用于共享汽车的具体时间表，力帆集团总裁马可表示，这需要大量的测试，尚且不能给出推进的时间表。
1
45 1 1 1 1 0.724
今年7月，李彦宏乘坐百度无人驾驶汽车驶上北京五环的视频，引来了当地交管部门的调查，也让智能驾驶普及之前法律适用性问题得到了社会各界的关注。
1
45 3 3 1 1 0.624
“我们研究了与无人驾驶、高级智能驾驶相关的法律法规，在中国一共涉及到6部法律、12部行政法规和2部部门规章。这个里面有17个条款对我们实现自动驾驶非常非常关键。”邬学斌在题为“智能驾驶政策与战略”的闭门会议上发言时称。
2
45 8 8 1 3 0.796
在今年7月5日举行的百度AI开发者大会上，百度播放了一则百度创始人李彦宏乘坐无人驾驶汽车行驶在公路上的视频。
45 9 8 2 3 0.197
该视频经互联网传播后，引发了热议。
2
45 11 9 1 2 0.516
法律法规的空白也让无人驾驶汽车在国内开展实地路测，成了一种踏雷区的行为。
45 12 9 2 2 0.742
就在11月7日召开的世界智能网联汽车大会上，同济大学汽车学院汽车安全研究所所长朱西产透露，国家正在研究无人车路测的合规化，2018年6月可能会发布首张自动驾驶汽车上路测试牌照。
2
45 15 11 1 3 0.698
资料显示，邬学斌2016年9月加入百度，现任百度公司副总裁，负责自动驾驶事业部及相关团队。
45 16 11 2 3 0.399
邬学斌是一名传统汽车行业的老兵，曾供职于通用、博世、福特等汽车及相关企业。
2
45 18 12 1 3 0.665
目前，智能驾驶是百度人工战略中颇为重要的一环。
45 19 12 2 3 0.753
今年3月，百度宣布，将自动驾驶事业部（L4）与智能汽车事业部（L3）合并，成立了新的智能驾驶事业群（IDG）；随后又在4月公布了“Apollo（阿波罗）计划”，向全产业链开放百度在自动驾驶方面的技术能力，打造智能汽车界的“安卓”。
1
45 20 12 3 3 0.446
目前阿波罗平台1.0已经上线，并将于年底推出1.5版本。
1
46 1 1 1 1 0.671
自从百度宣布AIIinAI（人工智能）以来，百度总裁陆奇在公开场合谈到百度人工智能战略时，绕不开的一个关键词是商业化落地。
1
46 6 6 1 1 0.687
百度先后上线了DuerOS和Apollo（阿波罗）两个开放技术平台，前者专注于为智能硬件厂商提供对话式的自然语音交互技术，后者则是目前国内惟一向全产业链上下游开放的智能驾驶技术平台。
2
46 12 9 3 4 0.505
在自主体系里面最能够实现商业化的就是汽车。
46 13 9 4 4 0.731
这也是百度推出阿波罗计划和大力发展无人驾驶技术的重要原因。
3
46 69 27 1 5 0.384
同时在人工智能时代，我刚才讲到，新一代的人工智能计算平台的端，它是有智力的，在这方面我们有DuerOS，它是一个能唤醒万物的平台。
46 70 27 2 5 0.808
阿波罗是我们无人驾驶、自动驾驶的一个平台。
46 71 27 3 5 0.396
同时我们也在打造新的移动生态的平台。
3
46 110 37 3 8 0.384
我们写了一个阿波罗宣言，16个字：开放能力，共享资源，加速创新，持续共赢。
46 111 37 4 8 0.636
我们把百度过去四年多所累积的无人驾驶技术和信息技术开放出来，供合作伙伴使用。
46 112 37 5 8 0.462
我们的合作伙伴可以拿到百度的技术，同时它也可以贡献它的资源。
2
46 119 39 2 3 0.46
在今年9月份，我们开发了阿波罗1.5，开放了新的技术，包括高清地图、仿真能力、规划支持、雷达等。
46 120 39 3 3 0.615
今年年底我们将发布阿波罗2.0，2.0总体能力可以使得任何一个开发者可以用阿波罗平台来组装一辆无人驾驶车，可以在城市环境内实现简单的无人驾驶。
3
46 121 40 1 4 0.31
阿波罗生态在高速成长，今年4月9日才宣布，现在已经有70多个合作伙伴，包括福特、戴姆勒、大陆、英伟达、Mobileye以及一系列的初创公司。
46 122 40 2 4 0.623
我们商业化的途径越来越多，明年会有商业化的L4级别的无人驾驶商用客车量产，到2019年会有好几个合作厂商的L3级别的量产轿车。
46 123 40 3 4 0.426
速度非常快，但远不如此，无人驾驶不光是出行，它是人将来生活和工作的新的环境，它是将来真正智慧城市的核心和基础。
1
47 7 7 1 1 0.813
这将对百度形成正面冲击，百度投入了数十亿美元在人工智能（AI）和自动驾驶研究上，并打算到2018年让自动驾驶汽车上路。
1
47 10 9 1 1 0.751
腾讯董事长马化腾3月份表示，他希望未来腾讯能开发基于AI的无人驾驶汽车技术。
2
47 11 10 1 2 0.363
腾讯也是中国互联网企业家李斌（WilliamLi）创办的电动汽车初创公司Nio（蔚来）的早期投资者。
47 12 10 2 2 0.668
蔚来曾许诺，要在2020年之前将插电式自动驾驶汽车推向美国市场。
2
48 1 1 1 2 0.727
百度副总裁邬学斌认为，自动驾驶汽车市场将在2030年出现拐点，2040年将主导市场。
48 2 1 2 2 0.589
到2050年L4级自动驾驶将占据市场95%份额。
2
48 3 2 1 2 0.63
如今汽车的智能化、共享化、智能化趋势已经成为行业共识，其中汽车智能化具体表现就是实现车联网、自动驾驶等功能。
48 4 2 2 2 0.528
根据美国交通部下属的NHSTA（国家高速路安全管理局）以及SAEInternational，（国际汽车工程师协会）对自动驾驶的级别规定，自动驾驶将被划分L0至L5一共6个级别。
1
48 6 4 1 1 0.756
11月2日，在第五届中韩汽车产业发展论坛上，百度副总裁邬学斌明确表示：2050年95%汽车将实现L4级自动驾驶。
2
48 7 5 1 3 0.763
论坛会上，邬学斌指出目前百度汽车智能化业务主要在车联网、L3级、L4级的自动驾驶等领域。
48 8 5 2 3 0.335
这样的业务开展正式基于AI时代的来临，而AI时代的来临有三个先决条件，第一，芯片计算能力大幅增加，而且计算成本大大下降；第二，大数据集中度的进一步提升被利用；第三，云计算规划化普及分布式计算成为可能。
3
48 10 6 1 3 0.522
有了汽车智能化条件的加持，汽车智能化呈现三个新的特点：第一，云和端的结合，今天汽车和汽车之间基本上处于无联系状态，未来汽车之间可以实现交流；另外，在高精度地图应用层面，地图也将弥补感知缺陷，提供先验信息，实现精准控制。
48 11 6 2 3 0.608
最终地图将呈现汽车识别；最后在智能应用层面，汽车将依据移动计算平台，增值应用软件可以进行各种语音进行编程。
48 12 6 3 3 0.164
也就说车辆可以根据不同的工况进行反应。
2
48 13 7 1 4 0.627
邬学斌认为，自动驾驶汽车市场将在2030年出现拐点，2040年将主导市场。
48 14 7 2 4 0.589
到2050年L4级自动驾驶将占据市场95%份额。
1
48 17 8 1 1 0.613
为此百度发布阿波罗计划，根据阿波罗计划框架显示，该计划依据整车平台，其主责任单位仍是主机厂，只是在一些线控线控技术、动力系统、转向系统、自动系统、换挡系统等方面需百度系统来加持。
2
48 22 10 1 2 0.695
为积累自动驾驶数据，百度汽车阿波罗计划将对外开放，任何人可以进行下载，并且不需要对百度有任何承诺。
48 23 10 2 2 0.299
邬学斌指出，这样做的目的就是有更多的人参与数据积累，也就有更多的数据可供采集，这也是阿波罗资源共享的体现。
2
48 24 11 1 2 0.526
根据时间规划，阿波罗资源共享将在今年年底对社会进行数据平台2.0版本开放。
48 25 11 2 2 0.779
到2020年底，百度自动驾驶功能将全部开放，包括城市道路，高速路。
2
48 26 12 1 2 0.612
当然，自动驾驶并不是仅靠百度一家就可完成，百度所推出的阿波罗计划是一个生态概念，需要主机厂、零部件、科研机构、政府等部门的协同支持配合才可完成。
48 27 12 2 2 0.445
目前中国中央政府、地方政府对此非常重视，非常支持，也使得无人驾驶数据得以快速积累。
2
48 31 14 1 2 0.709
百度无人驾驶车计划的进展离不开高精度地图和定位能力支持，据邬学斌介绍百度高清度地图目前精确度已经达到厘米级。
48 32 14 2 2 0.562
未来的定位必须保证车辆在一个车道上，在定位数据收集上，百度依靠真实路况行驶车辆进行收集，同时将收集的数据进行随机组合从而组成新的数据，依据模拟器进行无人驾驶模拟从而得出各种路况。
1
49 1 1 1 1 0.731
2017年10月19日有外国媒体报道，智能芯片公司英伟达CEO黄仁勋在GPU技术大会上对无人驾驶汽车的市场作了前瞻性预测，认为2020年无人驾驶出租车将大量出现。
1
49 2 2 1 1 0.634
无独有偶，10月17日，一则百度与金龙客车签署战略合作协议的新闻闹得沸沸扬扬，双方承诺将于明年7月将小批量产合作研发的无人驾驶微循环车投入试运营。
2
49 16 7 3 4 0.125
据统计，每年我国因交通拥堵带来的经济损失高达2500亿元，2016年全国机动车排放污染物超4400万吨。
49 17 7 4 4 0.643
在提倡节能减排的时代，无人驾驶汽车更是作为主角粉墨登场。
2
49 19 8 2 3 0.514
无人驾驶汽车概念自问世以来，各界对其关注就从未停止过，且研发的进度和力度不断加快。
49 20 8 3 3 0.613
各大车企、科技公司、互联网公司等已经开始布局，将无人驾驶汽车的上市目标提上了日程。
2
49 22 9 2 3 0.434
该报告指出，研发无人驾驶的企业从2015年的25家现已上升到了44家，还有很多创业公司未计算在内。
49 23 9 3 3 0.759
而互联网公司研发的无人驾驶汽车主要以美国的谷歌、中国的百度为代表，无人驾驶汽车制造商则可以以特斯拉为主，看无人驾驶的新动向。
2
49 24 10 1 2 0.547
以谷歌、特斯拉、百度为代表的巨头试图自研无人汽车，从而占据无人车市场的半壁江山。
49 25 10 2 2 0.604
巨头们看到了无人驾驶巨大的市场潜力，都在努力将无人驾驶汽车变现为自己手中的一张王牌。
2
49 27 12 1 2 0.707
2009年，谷歌分别对七辆传统汽车进行改装并上路测试，初步开启了谷歌无人驾驶研发的新征程。
49 28 12 2 2 0.713
2012年，谷歌向外界展示了自己研发的自动驾驶技术赛车，而在同年的5月份，美国内华达州政府为谷歌无人驾驶汽车颁发了一张合法的上路牌照，这意味着谷歌无人驾驶汽车的测试又向前推进了一步。
0
2
49 29 13 1 2 0.655
2014年，谷歌无人驾驶汽车使用的软件系统已经可以全方位监测路上的目标，包括行人、汽车等，确保该车的安全性及可靠性。
49 30 13 2 2 0.736
彼时谷歌研发的真正意义上的无人驾驶汽车“萤火虫”面世，该车去掉了方向盘、刹车、油门等传统汽车配件，可实现一键启动的自动驾驶。
0
2
49 31 14 1 2 0.638
拥有大量的搜索数据支撑及雄厚的资金支持，从无人驾驶汽车项目的上马、到测试车辆上路、再到研发出自己的产品，谷歌只用短短的几年就成为了无人驾驶汽车行业的佼佼者。
49 32 14 2 2 0.39
虽然几度换负责人致使进展缓慢，但谷歌还是毅然拿下了无人汽车市场。
2
49 35 16 1 2 0.797
2017年7月5日，百度AI开发者大会中，李彦宏在视频中自己乘坐无人驾驶汽车，并借此向观众展示百度近年来研发的无人驾驶汽车技术。
49 36 16 2 2 0.715
作为国内著名的搜索引擎，百度在国内无人驾驶汽车领域已经捷足先登了。
0
1
49 37 17 1 1 0.674
事实上，无人驾驶汽车的研发是一个系统性工程，投入的资金和精力巨大，单靠自身力量难以完成，因此，百度巧妙地将自己定位为底层技术服务商，“广交朋友”吸纳合作伙伴，这一举动无疑加速了百度无人驾驶汽车的研发进程，也间接加快了智能汽车产业化的速度。
2
49 38 18 1 2 0.739
但百度研发无人驾驶汽车并非一帆风顺，近几年，百度一直在试图摆脱贴吧、医疗事件的影响，随着高层人事的大换血，百度在最快时间内调整了战略方向，将人工智能的无人驾驶汽车纳入百度发展的主航道上。
49 39 18 2 2 0.569
砍掉了诸多“累赘”的百度其实更希望能通过无人驾驶汽车重新洗牌，挽救口碑渐下的百度品牌。
2
49 41 20 1 2 0.504
与谷歌、百度做搜索的出身不同，特斯拉汽车公司更直接地接触汽车制造、生产、与研发环节。
49 42 20 2 2 0.65
特斯拉将自研无人驾驶技术作为一个辅助性的工具帮助人类实现驾驶，说到底，谷歌和百度是以数据起家的，他们更依赖于数据、计算机进行操作，特斯拉则能更快落地，直接触达核心产品。
3
49 43 21 1 3 0.282
特斯拉于2003年成立于硅谷，经过短短十几年的发展，如今已经成为了行业巨头。
49 44 21 2 3 0.612
2014年，特斯拉开始涉足无人驾驶领域，其自研的Autopilot2.0系统目前已发布，和谷歌一样获得了加州颁发的上路牌照。
49 45 21 3 3 0.597
特斯拉研发无人驾驶汽车的优势在于，在实际的无人驾驶测试里程上，特斯拉拥有更多的数据；且打着纯电动的旗号，特斯拉以环保节能等特点赢得市场了的青睐，纯电动+无人驾驶本身就是很好的卖点。
2
49 51 25 1 3 0.612
其一，无人驾驶汽车与现有法律冲突。
49 52 25 2 3 0.545
无人驾驶汽车已然出现在法律的空白页里，申报上路测试、发放测试牌照、保证测试车辆的正常上路等一系列问题都亟需解决，现有法律无法满足、也无法判断无人驾驶汽车正常上路是否违法或违规，而一项技术的成熟除了在实验室里不停地进行实验之外，还要将试验品搬到它应该出现的地方不断反复试验，不停收集试验数据。
2
49 57 27 1 2 0.757
其三，无人驾驶汽车的标准化难以实现。
49 58 27 2 2 0.646
无人驾驶汽车和飞机一样，需要一套应答系统实现车与车之间的直接交流，而无人汽车竞争日趋激烈，各个车企、互联网巨头研发的产品各不相同，无人驾驶汽车能否实现产品的标准化和统一化还是一个未知数。
0
1
49 61 29 1 1 0.731
2017年10月19日有外国媒体报道，智能芯片公司英伟达CEO黄仁勋在GPU技术大会上对无人驾驶汽车的市场作了前瞻性预测，认为2020年无人驾驶出租车将大量出现。
1
49 62 30 1 1 0.634
无独有偶，10月17日，一则百度与金龙客车签署战略合作协议的新闻闹得沸沸扬扬，双方承诺将于明年7月将小批量产合作研发的无人驾驶微循环车投入试运营。
2
49 76 35 3 4 0.125
据统计，每年我国因交通拥堵带来的经济损失高达2500亿元，2016年全国机动车排放污染物超4400万吨。
49 77 35 4 4 0.643
在提倡节能减排的时代，无人驾驶汽车更是作为主角粉墨登场。
2
49 79 36 2 3 0.514
无人驾驶汽车概念自问世以来，各界对其关注就从未停止过，且研发的进度和力度不断加快。
49 80 36 3 3 0.613
各大车企、科技公司、互联网公司等已经开始布局，将无人驾驶汽车的上市目标提上了日程。
2
49 82 37 2 3 0.434
该报告指出，研发无人驾驶的企业从2015年的25家现已上升到了44家，还有很多创业公司未计算在内。
49 83 37 3 3 0.759
而互联网公司研发的无人驾驶汽车主要以美国的谷歌、中国的百度为代表，无人驾驶汽车制造商则可以以特斯拉为主，看无人驾驶的新动向。
2
49 84 38 1 2 0.547
以谷歌、特斯拉、百度为代表的巨头试图自研无人汽车，从而占据无人车市场的半壁江山。
49 85 38 2 2 0.604
巨头们看到了无人驾驶巨大的市场潜力，都在努力将无人驾驶汽车变现为自己手中的一张王牌。
2
49 87 40 1 2 0.707
2009年，谷歌分别对七辆传统汽车进行改装并上路测试，初步开启了谷歌无人驾驶研发的新征程。
49 88 40 2 2 0.713
2012年，谷歌向外界展示了自己研发的自动驾驶技术赛车，而在同年的5月份，美国内华达州政府为谷歌无人驾驶汽车颁发了一张合法的上路牌照，这意味着谷歌无人驾驶汽车的测试又向前推进了一步。
0
2
49 89 41 1 2 0.655
2014年，谷歌无人驾驶汽车使用的软件系统已经可以全方位监测路上的目标，包括行人、汽车等，确保该车的安全性及可靠性。
49 90 41 2 2 0.736
彼时谷歌研发的真正意义上的无人驾驶汽车“萤火虫”面世，该车去掉了方向盘、刹车、油门等传统汽车配件，可实现一键启动的自动驾驶。
0
2
49 91 42 1 2 0.638
拥有大量的搜索数据支撑及雄厚的资金支持，从无人驾驶汽车项目的上马、到测试车辆上路、再到研发出自己的产品，谷歌只用短短的几年就成为了无人驾驶汽车行业的佼佼者。
49 92 42 2 2 0.39
虽然几度换负责人致使进展缓慢，但谷歌还是毅然拿下了无人汽车市场。
2
49 95 44 1 2 0.797
2017年7月5日，百度AI开发者大会中，李彦宏在视频中自己乘坐无人驾驶汽车，并借此向观众展示百度近年来研发的无人驾驶汽车技术。
49 96 44 2 2 0.715
作为国内著名的搜索引擎，百度在国内无人驾驶汽车领域已经捷足先登了。
0
1
49 97 45 1 1 0.674
事实上，无人驾驶汽车的研发是一个系统性工程，投入的资金和精力巨大，单靠自身力量难以完成，因此，百度巧妙地将自己定位为底层技术服务商，“广交朋友”吸纳合作伙伴，这一举动无疑加速了百度无人驾驶汽车的研发进程，也间接加快了智能汽车产业化的速度。
2
49 98 46 1 2 0.739
但百度研发无人驾驶汽车并非一帆风顺，近几年，百度一直在试图摆脱贴吧、医疗事件的影响，随着高层人事的大换血，百度在最快时间内调整了战略方向，将人工智能的无人驾驶汽车纳入百度发展的主航道上。
49 99 46 2 2 0.569
砍掉了诸多“累赘”的百度其实更希望能通过无人驾驶汽车重新洗牌，挽救口碑渐下的百度品牌。
2
49 101 48 1 2 0.504
与谷歌、百度做搜索的出身不同，特斯拉汽车公司更直接地接触汽车制造、生产、与研发环节。
49 102 48 2 2 0.65
特斯拉将自研无人驾驶技术作为一个辅助性的工具帮助人类实现驾驶，说到底，谷歌和百度是以数据起家的，他们更依赖于数据、计算机进行操作，特斯拉则能更快落地，直接触达核心产品。
3
49 103 49 1 3 0.282
特斯拉于2003年成立于硅谷，经过短短十几年的发展，如今已经成为了行业巨头。
49 104 49 2 3 0.612
2014年，特斯拉开始涉足无人驾驶领域，其自研的Autopilot2.0系统目前已发布，和谷歌一样获得了加州颁发的上路牌照。
49 105 49 3 3 0.597
特斯拉研发无人驾驶汽车的优势在于，在实际的无人驾驶测试里程上，特斯拉拥有更多的数据；且打着纯电动的旗号，特斯拉以环保节能等特点赢得市场了的青睐，纯电动+无人驾驶本身就是很好的卖点。
2
49 111 53 1 3 0.612
其一，无人驾驶汽车与现有法律冲突。
49 112 53 2 3 0.545
无人驾驶汽车已然出现在法律的空白页里，申报上路测试、发放测试牌照、保证测试车辆的正常上路等一系列问题都亟需解决，现有法律无法满足、也无法判断无人驾驶汽车正常上路是否违法或违规，而一项技术的成熟除了在实验室里不停地进行实验之外，还要将试验品搬到它应该出现的地方不断反复试验，不停收集试验数据。
2
49 117 55 1 2 0.757
其三，无人驾驶汽车的标准化难以实现。
49 118 55 2 2 0.646
无人驾驶汽车和飞机一样，需要一套应答系统实现车与车之间的直接交流，而无人汽车竞争日趋激烈，各个车企、互联网巨头研发的产品各不相同，无人驾驶汽车能否实现产品的标准化和统一化还是一个未知数。
0
3
50 4 2 2 4 0.587
在百度的阿波罗计划之后数月，10月13日，阿里巴巴选择在云栖大会上重磅推出搭载AliOS的智联网汽车，首款车型将落地东风雪铁龙，并预计将于2018年推出。
50 5 2 3 4 0.662
当天晚上，李彦宏访问北汽，并于10月17日宣布将提前一年实现无人驾驶汽车量产。
50 6 2 4 4 0.738
百度还与厦门金龙联合汽车工业有限公司签署战略合作协议，双方将于2018年7月小批量产合作研发的无人驾驶微循环车，后续投入试运营，有望成为国内首个实现量产的无人驾驶客车。
0
2
50 10 5 1 2 0.326
天猫商城、蚂蚁金服、菜鸟网络、神马搜索、千牛、闲鱼、飞猪，如今斑马网络作为战略合作伙伴的加入，则为阿里在互联网汽车上的布局又添一子。
50 11 5 2 2 0.609
随着斑马加入，阿里出人意料地宣布互联网汽车的日程表：2018年实现量产。
2
50 12 6 1 2 0.572
10月中旬，阿里巴巴在云栖大会上，宣布将推出搭载AliOS的智联网汽车，明确了阿里巴巴在互联网汽车进阶之路上的平台路线。
50 13 6 2 2 0.62
同时，AliOS携手斑马网络与神龙汽车就未来汽车智能化达成战略合作，即将陆续推出搭载AliOS的智联网汽车，首款车型将落地东风雪铁龙，并将于2018年量产。
1
50 18 10 1 1 0.708
阿里造车消息发布后，百度宣布在无人驾驶汽车上“快马加鞭”。
1
50 19 11 1 1 0.844
在阿里云栖大会刷屏之际，百度李彦宏夜访北汽，宣布了先后于2019年、2021年的量产无人驾驶汽车计划，将以百度Apollo开放平台与北汽集团车辆平台为基础，借助AI，于2019年前后实现L3级别自动驾驶车辆量产，2021年前后实现L4级别自动驾驶车辆量产。
3
50 20 12 1 3 0.595
10月17日，百度宣布，Apollo计划开放能力后的首批无人驾驶量产车，最快将于明年问世。
50 21 12 2 3 0.698
百度与厦门金龙联合汽车工业有限公司签署战略合作协议，双方将于2018年7月小批量产合作研发的无人驾驶微循环车，后续投入试运营。
50 22 12 3 3 0.687
以抢夺国内首个实现量产的无人驾驶客车的席位。
0
1
50 23 13 1 1 0.62
与百度的Apollo平台聚焦于汽车不同，AliOS的布局似乎超出了汽车范畴，谋求万物互联。
1
50 30 17 1 1 0.693
与阿里巴巴抛出AliOS的智联网汽车并开源的计划不同，百度旨在打造一个“自动驾驶的安卓”。
2
50 31 18 1 2 0.738
此前2017年4月19日，百度宣布开放自动驾驶平台，在这个取名“Apollo”的新计划中，百度表示将向汽车行业及自动驾驶领域的合作伙伴提供一个开放、完整、安全的软件平台，帮助他们结合车辆和硬件系统，快速搭建一套属于自己的完整的自动驾驶系统。
50 32 18 2 2 0.545
在今年7月，阿里新任主帅陆奇表示，Apollo比安卓更加开放、能力更强。
2
50 33 19 1 2 0.622
在车联网方面，百度Apollo将DuerOS、车辆信息安全、图像识别等产品和技术与北汽集团车载系统深度融合，共同打造一站式车联网产品。
50 34 19 2 2 0.67
预计到2018年底，北汽集团自主品牌全面搭载百度Apollo车联网产品。
0
2
50 35 20 1 4 0.651
唐欣认为，百度的“阿波罗计划”更侧重于自动驾驶和人工智能技术，可以说和公司的战略转型一脉相承。
50 36 20 2 4 0.737
目前百度在自动驾驶技术上的积累已经处于国内前列，未来阿波罗计划的生态还会囊括百度大脑和智能云等项目。
1
50 37 20 3 4 0.698
其竞争对手除了以谷歌为代表的自动驾驶技术提供商外，还有特斯拉、丰田等一众有意开发自动驾驶技术的车企。
1
50 38 20 4 4 0.429
和阿里的车载系统相比，百度对汽车的渗透要更为深入，因此也容易触及车企的底线。
2
50 41 23 1 4 0.631
陆奇履新后一个多月，今年3月1日，百度宣布成立智能驾驶事业群组，陆奇亲任总经理。
50 42 23 2 4 0.629
该事业群组由百度原来的自动驾驶事业部（L4）、智能汽车事业部（L3）、车联网业务（CarLifeetc。
1
50 43 23 3 4 0.048
）共同组成。
1
50 44 23 4 4 0.637
陆奇对无人驾驶的重视可见一斑。
2
50 47 25 1 2 0.653
按照陆奇的说法，今年9月份，Apollo开放固定车道自动驾驶能力和开放部分仿真引擎数据；到今年年底，Apollo将开放一系列新的能力，使车辆能够在简单城市路况下，完成自动驾驶任务，同时会开放更多的数据及数据上传的接口。
50 48 25 2 2 0.745
2018、2019、2020年，Apollo会加强开发能力，加速开放速度，直到最后实现完全自动无人驾驶。
0
2
50 49 26 1 2 0.374
重要的是，百度得到了重量级合作伙伴的支持。
50 50 26 2 2 0.716
百度和北汽已经宣布，在自动驾驶方面，将以百度Apollo开放平台与北汽集团车辆平台为基础，借助百度人工智能核心技术，逐步应用于北汽集团的乘用车、商用车、新能源汽车的各个车型上，形成北汽集团“集团化2.0”时代智能化发展的新格局，百度Apollo开放平台在汽车产业全面落地。
1
50 80 39 1 1 0.618
据外媒报道，腾讯、富士康共同投资了一家汽车初创公司FutureMobilityCorp，共计划投资116亿元，在南京建设高端智能电动车生产工厂，将在2020年前发布自动驾驶电动汽车。
2
51 1 1 1 2 0.766
【PConline资讯】据报道，百度公司董事长兼CEO李彦宏周二在WSJD．Live全球科技大会上表示，通过今年推出的阿波罗（Apollo）开源自动驾驶平台，百度押注无人驾驶汽车行业。
51 2 1 2 2 0.807
目前百度正在与北京汽车合作，计划到2019年实现部分自动驾驶汽车的量产，到2021年实现全自动驾驶汽车的量产。
0
2
51 7 4 1 2 0.713
此外，百度昨日在官方渠道公布，与金龙客车签署战略合作协议，决定于2018年实现商用级无人驾驶微循环车的小规模量产及试运营。
51 8 4 2 2 0.433
这是继北汽和雄安之后，这个月内百度的第三次重大合作。
1
52 4 2 1 1 0.737
10月17日，百度Apollo（阿波罗）与金龙客车的合作再落实锤，双方宣布，将在2018年7月底前实现商用级无人驾驶微循环车的小规模量产及试运营，这将是国内首个实现量产的无人驾驶客车。
2
52 6 4 1 3 0.686
在百度与金龙客车的签约仪式上，双方公布了金龙客车第二代无人驾驶微循环车的外观设计。
52 7 4 2 3 0.671
金龙客车第二代无人驾驶微循环车定位解决“最后一公里”的出行问题。
1
52 8 4 3 3 0.737
据悉，这款无人驾驶微循环车可实现特定场景下的完全无人驾驶。
0
2
52 9 5 1 5 0.625
有分析认为，适用于特定场地的商用车在实现无人驾驶方面具有先天优势。
52 10 5 2 5 0.137
例如，大型园区内的接驳车、机场摆渡车、旅游景点的观光车等。
2
52 11 5 3 5 0.618
此类场景的驾驶环境简单、路线单一，便于发挥无人驾驶的优势。
52 12 5 4 5 0.537
另一方面，无人驾驶还能节约企业的用人成本，提高效率。
1
52 25 12 1 1 0.621
北京时间10月17日下午消息，通用汽车计划成为第一家在纽约市测试无人驾驶汽车的公司，以此确立他们在这一领域的领导地位，并有可能向着这项技术的商业化迈出重要一步。
2
52 26 13 1 2 0.682
通用汽车旗下无人驾驶公司CruiseAutomationCEO凯勒·沃格特（KyleVogt）表示，该公司将于明年初在纽约市部署一支由雪佛兰Bolt电动汽车组成的无人驾驶车队，在曼哈顿下城5平方英里的范围内测试。
52 27 13 2 2 0.428
沃格特称，在纽约展开路测可以加快无人驾驶车辆上路的进程，在纽约，人口稠密，复杂的路面交通情况，可以检测出很多不寻常的情况，而后解决，提高硬件系统，比在其他城市路测会有效率得多。
2
52 30 15 1 2 0.605
目前，已有不少国家瞄准了无人驾驶的商用市场。
52 31 15 2 2 0.6
譬如，英国已经在伦敦的格林威治测试无人驾驶公交车，未来还将用于希思罗机场到市区的接驳；法国EasyMile公司将其制造的无人驾驶巴士EZ10投放至芬兰、法国、意大利、西班牙以及瑞士等地进行试运行；芬兰在赫尔辛基、达埃斯波和坦佩雷等地也开始实验无人驾驶公交车。
0
2
53 1 1 1 2 0.722
10月17日，百度与金龙客车签署战略合作协议，计划于2018年实现商用级无人驾驶微循环车的小规模量产及试运营，此举将国内自动驾驶量产计划提前了两年。
53 2 1 2 2 0.544
百度董事会副主席、百度集团总裁兼首席运营官陆奇、百度智能驾驶事业群组总经理李震宇、百度副总裁邬学斌、金龙客车董事长谢思瑜、金龙客车常务副总周方明、金龙客车工程研究院副院长陈卫强等人出席签约仪式。
1
53 3 2 1 1 0.685
百度董事会副主席、百度集团总裁兼首席运营官陆奇表示：“商用汽车将是自动驾驶技术率先商业量产的产品。Apollo平台和金龙客车携手合作，通过双方各自在人工智能和车辆制造方面的突出优势，不仅可以创造丰厚的商业价值，还能改善历史已久的中国交通问题，助推中国汽车产业升级。Apollo平台将快速帮助中国汽车工业实力在数年内实现跳跃性增长。”
1
53 4 3 1 1 0.607
对于双方合作，金龙客车董事长谢思瑜认为：“Apollo与金龙客车的合作把安全、便捷、有序的公共出行愿景提前至2018年，推动了自动驾驶技术的快速落地，更迈出了中国公共交通智能化、共享化、网联化坚实的一大步。”
2
53 5 4 1 3 0.753
双方合作研发的这款无人驾驶微循环车可实现特定场景下的完全无人驾驶，并计划在2018年7月底实现小规模量产及试运营。
53 6 4 2 3 0.721
据悉，这款无人驾驶微循环车将是国内首款量产的无人驾驶巴士。
1
53 7 4 3 3 0.643
“Apollo基因”将注入这款车的研发全流程，Apollo平台除了提供自动驾驶解决方案之外，还渗透到整车设计的全过程，包括整体车辆外观和内饰设计、人车交互系统的整体设计、特定场景需求架构设计以及微循环车特定的自动驾驶系统设计等环节。
0
1
54 1 1 1 1 0.829
在百度2017年9月20日举行的Apollo1.5开放技术发布会上，金龙客车基于Apollo1.0组建的一款自动驾驶巴士，让全汽车行业看到大型商用汽车实现自动驾驶的可行性。
2
54 2 2 1 2 0.044
如今，这一梦想正照进现实。
54 3 2 2 2 0.71
2017年10月17日，百度与金龙客车签署战略合作协议，计划于2018年实现商用级无人驾驶微循环车的小规模量产及试运营，此举将国内自动驾驶量产计划提前了两年，在中国客车乃至汽车工业“智造”的进程中迈出里程碑式的新步伐。
2
54 5 4 1 3 0.679
签约仪式上，百度与金龙客车一起揭晓了金龙客车第二代无人驾驶微循环车的神秘面纱。
54 6 4 2 3 0.4
它将解决公共交通未覆盖的“最后一公里”的出行问题。
1
54 7 4 3 3 0.753
双方合作研发的这款无人驾驶微循环车可实现特定场景下的完全无人驾驶，并计划在2018年7月底实现小规模量产及试运营。
2
54 8 5 1 2 0.748
这款无人驾驶微循环车将是国内首款量产的无人驾驶巴士，“Apollo基因”将注入其研发全流程。
54 9 5 2 2 0.61
Apollo平台除了提供自动驾驶解决方案之外，还渗透到整车设计全过程，包括整体车辆外观和内饰设计、人车交互系统的整体设计、特定场景需求架构设计以及微循环车特定的自动驾驶系统设计等环节。
0
1
54 10 6 1 1 0.758
金龙第二代无人驾驶微循环车依托金龙客车扎实的研发实力和车辆制造平台，结合Apollo的自动驾驶解决方案，开启了国内无人驾驶巴士整车设计、量产标准和上路运行模式的探索先河，在中国客车乃至汽车工业“智造”的进程中迈出里程碑式的新步伐。
3
54 13 7 3 5 0.499
早在2017年4月初Apollo计划发布时，金龙客车就同百度建立了联系，2017年6月份双方正式签署了技术合作协议。
54 14 7 4 5 0.666
在9月20日Apollo1.5开放技术发布会上，借助Apollo1.0高效的赋能，金龙微循环公交实现了平稳的自动循迹驾驶以及流畅的控制体验。
54 15 7 5 5 0.581
在大会上，双方表示还将继续深化合作，推进自动驾驶的商业化项目，并根据行业标准和政策法规的发展和要求，适时的推动自动驾驶在中国的示范运营。
3
54 16 8 1 3 0.472
商用车运行环境较为单纯、运行工况更加稳定，并且更易产生规模经济效应，被业界普遍认为是自动驾驶技术最先落地的场景。
54 17 8 2 3 0.676
Apollo与金龙客车在无人驾驶巴士和公共交通出行设计上的合作，给自动驾驶时代的中国公共交通提供了发展范本，还将为国内复杂的交通状况提供优化方案。
54 18 8 3 3 0.587
拥有“智能”大脑，无人驾驶巴士能够科学准确地做出决策，缓解交通拥堵，节省出行时间，提升运行效率，并减少交通事故。
1
54 19 9 1 1 0.685
百度董事会副主席、百度集团总裁兼首席运营官陆奇表示：“商用汽车将是自动驾驶技术率先商业量产的产品。Apollo平台和金龙客车携手合作，通过双方各自在人工智能和车辆制造方面的突出优势，不仅可以创造丰厚的商业价值，还能改善历史已久的中国交通问题，助推中国汽车产业升级。Apollo平台将快速帮助中国汽车工业实力在数年内实现跳跃性增长。”
1
55 1 1 1 1 0.696
新浪美股讯北京时间18日早间消息，据国外媒体报道，百度公司董事长兼CEO李彦宏表示，正积极开发无人驾驶汽车，计划明年在中国发布一款全自动驾驶公共汽车。
2
55 2 2 1 2 0.795
李彦宏周二在《华尔街日报》WSJD.Live全球科技大会上表示，通过今年推出的阿波罗（Apollo）开源自动驾驶平台，百度押注自己能够成为无人驾驶汽车行业的一个主要参与者。
55 3 2 2 2 0.823
李彦宏称，百度正在与北京汽车股份有限公司合作，计划到2019年实现部分自动驾驶汽车的量产，到2021年实现全自动驾驶汽车的量产。
0
1
55 4 3 1 1 0.692
但首先，百度希望到明年与一家中国公共汽车生产商合作，完成一辆在预定线路上行驶的全自动驾驶公共汽车。
2
55 5 4 1 2 0.715
百度希望利用其开源软件吸引那些不愿与谷歌母公司Alphabet旗下无人驾驶部门Waymo合作的汽车生产商。
55 6 4 2 2 0.481
李彦宏说，他向汽车生产商表示，与Waymo那样的封闭系统相比，阿波罗将给予他们更大的数据和用户体验控制权，汽车生产商将在更大程度上掌握自己命运。
2
55 10 6 1 2 0.748
李彦宏表示，百度还在筹划通过互动屏和娱乐来实现无人驾驶汽车的沉浸式技术体验。
55 11 6 2 2 0.458
他说，百度的愿景是，当乘客进入一辆汽车之后就无需再碰手机了。
2
56 1 1 1 2 0.681
新浪科技讯10月17日晚间消息，百度今天与金龙客车签署战略合作协议，将于2018年实现商用级无人驾驶微循环车的小规模量产及试运营。
56 2 1 2 2 0.708
百度方面表示，此次合作也意味着国内首款无人驾驶巴士量产。
0
2
56 3 2 1 2 0.745
据双方介绍，双方合作研发的金龙客车第二代无人驾驶微循环车可以实现特定场景下的完全无人驾驶，主要应用场景为公共交通未覆盖的“最后一公里”出行。
56 4 2 2 2 0.755
除提供自动驾驶解决方案外，百度无人驾驶平台Apollo还参与了包括整体车辆外观与内饰、人车交互系统、特定场景需求架构、微循环车特定自动驾驶系统等设计环节。
0
3
56 5 3 1 3 0.476
此前，Apollo平台已与金龙客车达成深度合作伙伴关系，在今年6月正式签署了技术合作协议。
56 6 3 2 3 0.633
据百度方面在今年9月20日Apollo1.5发布会上透露，金龙中巴借助Apollo1.0已经能够实现平稳自动循迹驾驶及流畅控制体验。
56 7 3 3 3 0.598
双方此前表示将继续深化合作，推出自动驾驶的商业化项目，并根据行业标准和政策法规的发展和要求，适时推动自动驾驶在国内的示范运营。
1
56 9 5 1 1 0.627
对于双方合作，陆奇表示：“商用汽车将是自动驾驶技术率先商业量产的产品。Apollo平台和金龙客车携手合作，通过双方各自在人工智能和车辆制造方面的突出优势，不仅可以创造丰厚的商业价值，还能改善历史已久的中国交通问题，助推中国汽车产业升级。Apollo平台将快速帮助中国汽车工业实力在数年内实现跳跃性增长。”
1
56 10 6 1 1 0.608
金龙客车董事长谢思瑜认为：“Apollo与金龙客车的合作把安全、便捷、有序的公共出行愿景提前至2018年，推动了自动驾驶技术的快速落地，更迈出了中国公共交通智能化、共享化、网联化坚实的一大步。”（周峰）
2
57 3 1 3 4 0.301
未来雄安新区规划建设的一个核心理念是把城市还给人，改变传统的按照汽车尺度来设计城市、道路的做法，按照人的尺度来设计，把城市还给人，把路面、空间还给人。
57 4 1 4 4 0.68
百度集团在智慧城市建设以及大数据、自动驾驶等方面具有领先优势，欢迎百度在雄安新区筹建开放的、国际化的国家级人工智能实验室、高端应用研究机构，特别是建设无人驾驶高新产业的示范区。
1
58 2 2 1 1 0.623
在刚刚结束的发布会上，我们和北汽达成了集团层面的战略合作，将在自动驾驶、车联网、云服务等领域，全面打造“人工智能＋汽车”生态。
2
58 7 6 1 2 0.792
百度作为人工智能科技公司，拥有领先的自动驾驶技术。
58 8 6 2 2 0.499
今年9月，Apollo1.5正式对外发布（点击蓝字查看详情），开放了包含障碍物感知、决策规划、云端仿真、高精地图服务、端到端的深度学习（End-to-End）等五大核心开放能力，并支持昼夜定车道自动驾驶。
1
58 9 7 1 1 0.621
Apollo作为一个开放的、完整的、安全的平台，希望能为汽车行业及自动驾驶领域的合作伙伴提供技术，使他们能够快速搭建属于自己的完整的自动驾驶系统。
1
58 14 12 1 1 0.625
今天，百度与北汽这样的优秀汽车制造企业走到一起，将完成自动驾驶汽车的从零到一的创新与应用，并推动中国汽车工业乃至整体制造业水平进入全新的历史阶段。
1
58 15 13 1 1 0.859
在自动驾驶方面，以百度Apollo开放平台与北汽集团车辆平台为基础，借助百度人工智能核心技术，将在2019年前后实现L3级别自动驾驶车辆量产，2021年前后实现L4级别自动驾驶车辆量产。
2
58 16 14 1 2 0.622
在车联网方面，百度Apollo将DuerOS、车辆信息安全、图像识别等产品和技术与北汽集团车载系统深度融合，共同打造一站式车联网产品。
58 17 14 2 2 0.681
预计到2018年底，北汽集团自主品牌全面搭载百度Apollo车联网产品，到2019年，搭载百度车联网产品的北汽集团旗下车辆将突破100万台。
0
1
58 19 16 1 1 0.603
在规划中，合作的解决方案将逐步应用于北汽集团的乘用车、商用车、新能源汽车的各个车型上，形成北汽集团“集团化2.0”时代智能化发展的新格局，百度Apollo开放平台在汽车产业实现全面落地。
2
59 1 1 1 2 0.497
10月13日，北汽集团与百度签署战略合作协议，在汽车智能化领域达成集团层面的战略合作。
59 2 1 2 2 0.632
双方将在自动驾驶、车联网、云服务等领域达成集团层面战略合作，打造“人工智能+汽车”生态。
1
59 3 2 1 1 0.837
在签约仪式上双方宣布将以百度Apollo开放平台与北汽集团车辆平台为基础，借助百度人工智能核心技术，于2019年前后实现L3级别自动驾驶车辆量产，2021年前后实现L4级别自动驾驶车辆量产。
1
59 4 3 1 1 0.617
此外，百度Apollo还将在车联网方面将DuerOS、车辆信息安全、图像识别等产品和技术与北汽集团车载系统深度融合，共同打造一站式车联网产品。
1
59 6 5 1 1 0.704
百度创始人、董事长兼CEO李彦宏表示：“百度与北汽走到一起，将完成自动驾驶汽车的从零到一的创新与应用，并推动中国汽车工业乃至整体制造业水平进入全新的历史阶段。”
2
59 7 6 1 2 0.463
按照规划，未来双方合作的解决方案将逐步应用于北汽集团的乘用车、商用车、新能源汽车等各个车型上。
59 8 6 2 2 0.673
预计到2018年底，北汽集团自主品牌将全面搭载百度Apollo车联网产品，而搭载百度车联网产品的北汽集团旗下车辆将在2019年底突破100万辆。
2
60 1 1 1 2 0.436
【TechWeb报道】10月14日消息，北汽集团与百度战略合作协议签约仪式在北京汽车产业研发基地举行。
60 2 1 2 2 0.657
当天，双方宣布在自动驾驶、车联网、云服务等领域达成集团层面战略合作，打造“人工智能＋汽车”生态。
2
60 6 3 1 2 0.504
百度创始人、董事长兼CEO李彦宏表示：一百多年前，汽车完成了从零到一的进程，不仅深刻改变了人们的出行生活方式，更创造了崭新工业系统，并且一直引领制造业前沿创新。
60 7 3 2 2 0.625
今天，百度与北汽这样的优秀汽车制造企业走到一起，将完成自动驾驶汽车的从零到一的创新与应用，并推动中国汽车工业乃至整体制造业水平进入全新的历史阶段。
2
60 8 4 1 4 0.853
现场，双方宣布在自动驾驶方面，将以百度Apollo开放平台与北汽集团车辆平台为基础，借助百度人工智能核心技术，于2019年前后实现L3级别自动驾驶车辆量产，2021年前后实现L4级别自动驾驶车辆量产。
60 9 4 2 4 0.617
同时，在车联网方面，百度Apollo将DuerOS、车辆信息安全、图像识别等产品和技术与北汽集团车载系统深度融合，共同打造一站式车联网产品。
1
60 10 4 3 4 0.681
预计到2018年底，北汽集团自主品牌全面搭载百度Apollo车联网产品，到2019年，搭载百度车联网产品的北汽集团旗下车辆将突破100万台。
1
60 11 4 4 4 0.464
此外，双方共同探讨在云服务领域展的相关合作，打造全新云生态系统，探索智慧交通、移动出行等大数据增值服务。
1
60 12 5 1 1 0.605
按照规划，双方合作的解决方案将逐步应用于北汽集团的乘用车、商用车、新能源汽车的各个车型上，形成北汽集团“集团化2.0”时代智能化发展的新格局，百度Apollo开放平台在汽车产业全面落地。
1
61 1 1 1 1 0.623
新浪科技讯10月13日晚间消息，百度今天与北汽集团在北京汽车产业研发基地举行合作协议签约仪式，双方将在自动驾驶、车联网、云服务等领域达成集团层面战略合作，全面打造“人工智能+汽车”生态。
1
61 2 2 1 1 0.837
签约仪式上，双方宣布将以百度Apollo开放平台与北汽集团车辆平台为基础，借助百度人工智能核心技术，于2019年前后实现L3级别自动驾驶车辆量产，2021年前后实现L4级别自动驾驶车辆量产。
1
61 3 3 1 1 0.617
此外，百度Apollo还将在车联网方面将DuerOS、车辆信息安全、图像识别等产品和技术与北汽集团车载系统深度融合，共同打造一站式车联网产品。
2
61 4 4 1 2 0.668
据双方预计，到2018年底，北汽集团自主品牌将全面搭载百度Apollo车联网产品，而搭载百度车联网产品的北汽集团旗下车辆将在2019年底突破100万辆。
61 5 4 2 2 0.463
此外，双方还将在云服务领域展开相关合作，打造云生态系统，对智慧交通、移动出行等大数据增值服务进行探索。
3
61 8 7 1 3 0.416
李彦宏表示，一百多年前，汽车完成了从0到1的进程，不仅深刻改变了人们的出行生活，更创造了崭新的工业系统，并一直引领制造业前沿创新。
61 9 7 2 3 0.671
今天，百度与北汽一起，将完成自动驾驶汽车从0到1的创新与应用，并推动汽车工业，甚至整体制造业水平进入全新历史阶段。
61 10 7 3 3 -0.163
（周峰）
1
62 1 1 1 1 0.675
要是有人问现在汽车技术的风向标是什么，那自动驾驶一定是其中的一个重要研究方向，无论是中国品牌还是跨国车企都在着手研发自动驾驶技术，甚至连华为、百度都跨界加入到自动驾驶研发的行列中。
1
62 2 2 1 1 0.65
作为欧洲百年汽车品牌的雷诺，目前在武汉蔡甸区的中法生态示范城中建立了一个自动驾驶示范区，这个示范区面向公众开放，公众可以在示范区内体验到雷诺在自动驾驶上的研发成果。
1
62 3 3 1 1 0.653
按照国际通用的自动驾驶分级来看，雷诺的这款自动驾驶已经达到了L4的级别，在限定的道路和环境条件下，车辆可以完成绝大部分驾驶操作。
1
62 4 4 1 1 0.698
雷诺、日产、三菱汽车9月16日发布了“联盟2022”六年发展计划，根据规划联盟成员将陆续推出40款不同等级的自动驾驶车辆，而L4级别（无需驾驶员干预）的无人驾驶车辆将在2022年上市。
1
62 5 5 1 1 0.606
2018：推出可在高速公路上实现高度自动驾驶的车辆（需驾驶员保持对周围环境的监控）。
1
62 6 6 1 1 0.62
2020：推出可在城市路段实现高度自动驾驶的车辆（需驾驶员保持对周围环境的监控）。
1
62 7 7 1 1 0.715
2020：推出可在高速公路上实现高度自动驾驶的车辆（只需驾驶员在必要时干预驾驶）。
1
62 8 8 1 1 0.679
2022：推出第一款实现完全自动驾驶的车辆（无需驾驶员干预）。
1
62 15 14 1 1 0.71
目前雷诺的这套自动驾驶系统通过GPS系统实现定位，再配合无人驾驶试验区的高精度地图运算车辆的行驶轨迹，最终实现车道保持、自动定位、自动驾驶、自动刹车、行人及障碍物识别、自动转向、位置校验等多项自动驾驶功能。
2
63 1 1 1 2 0.198
新浪科技讯9月15日下午消息，2017新一代互联网基础设施论坛在京召开。
63 2 1 2 2 0.623
会上，中国电信、百度、大唐共同发布了“基于车联网的无人驾驶行动计划”，此外，中国电信还与国家电网、华为共同启动联合创新项目，发力5G切片电力行业应用。
2
63 3 2 1 2 0.524
“在不久的未来，可能汽车会全面转向无人驾驶，特别到2035年，整个汽车销售占比将超过1100万辆的量级”，据中国电信北京研究院朱博士介绍，无人驾驶经过十多年的发展，现在逐渐开始进入试点和部署的阶段，而网络在其中起到了关键作用。
63 4 2 2 2 0.677
他认为，在无人驾驶和车联网之间，存在一个天然的联系，此次三者联手各自分工明确，百度拥有无人驾驶技术，大唐移动拥有车联网技术，而中国电信在边缘计算以及传输网络方面又有多年的积累，三者联手可做到优势互补协同创新，该行动计划将从数据分析与平台、安全驾驶系统、智能车路协同系统三个领域展开车联网技术研究，助推我国无人驾驶技术和产业的发展。
2
64 3 1 3 4 0.384
无人驾驶无疑是汽车行业最热门的话题和最值得期待的领域，成为当下市场竞逐的焦点。
64 4 1 4 4 0.693
全球无人驾驶技术的发展正迎来新一轮热潮，而中国企业也在积极布局无人驾驶领域的核心技术研发和产业化应用。
2
64 23 10 1 3 0.689
在智能时代，汽车行业最令人期待的应用莫过于无人驾驶。
64 24 10 2 3 0.34
它的出现不但可以为驾驶提供更多可靠的安全保障，而且在货物配送等领域有更大发挥空间。
2
64 26 11 1 2 0.624
百度将无人驾驶视为公司的未来，投入了巨大的精力和财力。
64 27 11 2 2 0.785
在首届世界智能大会上，百度董事长兼首席执行官李彦宏就透露，百度将发布一个重大的整体战略计划，主要方向就是无人驾驶、自动驾驶。
0
2
64 28 12 1 2 0.735
就在8月底，江淮汽车向百度交付了数十辆瑞风S3汽车，助力百度高精地图采集。
64 29 12 2 2 0.747
在交付活动中，百度和江淮汽车对外透露了清晰的合作规划：双方将于2019年推出自动驾驶量产车型，这也成为百度发布Apollo开放平台以来，其自动驾驶解决方案首批量产落地的里程碑式事件。
0
2
64 30 13 1 3 0.611
高精地图是自动驾驶实现规划决策与保证安全性的关键所在。
64 31 13 2 3 0.619
据百度高精地图负责人介绍，高精地图在自动驾驶过程中主要有三大功能：自动驾驶的“千里眼”——提前知晓位置信息，精确规划行驶路线；自动驾驶的“透视镜”——在摄像头看不清或雷达检测不到的地方，及时反馈数据；充当自动驾驶过程中的“安全员”——精确识别交通标志、标线等上百种目标，提前做出准确判断和决策。
1
64 32 13 3 3 0.751
百度高精地图的研发工作早在2013年就启动，这也为其后期自动无人驾驶技术提供支撑。
0
2
64 33 14 1 2 0.523
在“排放门”事件中遭受挫折的大众集团也将无人驾驶和新能源车作为翻盘的关键一步。
64 34 14 2 2 0.645
不久前，大众汽车投资参股了德国人工智能研究中心，以进一步强化其在面向未来无人驾驶与数字化技术领域的竞争力。
2
64 35 15 1 2 0.636
此外，广汽集团也已介入无人驾驶研发中。
64 36 15 2 2 0.717
据广汽集团相关负责人说，广汽集团新能源无人驾驶汽车开发采取分阶段推进方式：第一阶段，进行自动驾驶关键技术的开发，完成自动驾驶样车的高速、低速初步路试；第二阶段，将车联网和车网充电引入智能汽车中，实现信息化智能驾驶；第三阶段，整合相关资源建立“信息云”、“能量云”平台，实现新能源智能汽车的示范运营和关键零部件的产业化。
0
2
64 37 16 1 4 0.658
目前，广汽已完成第一阶段，即无人驾驶关键技术开发。
64 38 16 2 4 0.591
由其设计的无人驾驶增程式纯电动概念车已在国内各大车展以及底特律车展上亮相。
2
64 39 16 3 4 0.674
下一步，广汽集团为支撑未来车辆的无人、清洁行驶，正在探索搭建新能源无人驾驶汽车“能量云”平台。
64 40 16 4 4 0.582
新能源无人驾驶汽车将成为“能量云”的组成部分，作为分布式储能器，帮助电网“削峰填谷”。
1
64 44 18 1 1 0.821
今年7月5日，百度在举办的“百度AI开发者大会”上，正式发布了其Apollo无人驾驶平台计划，李彦宏更是为Apollo亲自站台，坐着Apollo无人驾驶平台开发的无人驾驶车抵达会场。
2
64 47 20 1 3 0.649
早在2016年李彦宏参加全国“两会”时，其提案就聚焦加快制定无人驾驶车政策法规。
64 48 20 2 3 0.492
在他看来，无人驾驶车具有巨大的节能潜力，在减少交通事故、改善拥堵、提高道路及车辆利用率等方面意义深远。
2
64 50 21 1 2 0.643
目前，我国有关部门尚未制定和公布无人驾驶的相关法律法规，这给百度等一批正在研发无人驾驶汽车的企业造成了一定困难。
64 51 21 2 2 0.476
有业内人士表示，更尴尬的是，不仅研发公司进入开放道路测试无人驾驶汽车不合法，交通管理部门对这样的行为进行处罚其实也缺乏法律依据。
2
64 54 23 1 2 0.628
特斯拉是无人驾驶领域的先行者，年初，有关特斯拉在国内一起事故中开启自动驾驶后导致4车连环相撞的消息在网络上发酵。
64 55 23 2 2 0.518
记者向特斯拉中国公司求证，对方表示，经核实，特斯拉驾驶员在事故发生时并未开启自动辅助驾驶功能。
2
64 58 25 1 4 0.611
这些事故为无人驾驶技术的普及推广蒙上了一层阴影。
64 59 25 2 4 0.507
美国权威IT研究与顾问咨询公司高德纳的一项最新调查发现，民众对于乘坐无人驾驶汽车仍然持谨慎态度。
2
64 79 35 1 4 0.687
专家表示，无人驾驶技术可以直接带动智能汽车后市场等产业的快速发展。
64 80 35 2 4 0.677
当前，全球无人驾驶技术的发展正迎来新一轮热潮，而中国企业也在积极布局无人驾驶领域的核心技术研发和产业化应用。
1
64 81 35 3 4 0.432
在这种背景下，政策制定在经过一段时间观察后，应尽快出手，为无人驾驶技术的发展规划好路径。
2
64 83 36 1 5 0.623
同时，要加快发展车联网、车路协同、智能汽车等关键技术，推广汽车融合技术的应用。
64 84 36 2 5 0.63
车联网将有可能实现汽车大数据的产业化。
1
64 85 36 3 5 0.465
可探索建立统一的车车、车路通信协议，加强海量异质车辆数据的采集、传输、存储与发布技术研发。
1
65 1 1 1 1 0.695
今年的百度AI开发者大会上，陆奇坦言百度的阿波罗计划就是要成为汽车工业中的安卓。
2
65 76 39 1 3 0.602
众所周知，自动驾驶分为5个级别。
65 77 39 2 3 0.526
L5就是全自动的无人驾驶，L0则是今天的一般车辆。
3
66 2 1 2 4 0.354
百度创始人、董事长兼首席执行官李彦宏参与《中国商业心灵》环节，与秦朔进行对话。
66 3 1 3 4 0.657
在对话环节中，李彦宏表示，没有料到百度无人驾驶汽车在五环行驶会引起这么高的关注度。
66 4 1 4 4 0.569
他透露，车辆出现的实线并线并不是无人驾驶错误，而是导播切入时间过早，车辆其实还没有进入无人驾驶状态。
2
66 5 2 1 2 0.837
今年7月5日，百度在北京国家会议中心举办百度AI开发者大会时，李彦宏乘坐通过百度Apollo无人驾驶平台开发的无人驾驶汽车前往会场。
66 6 2 2 2 0.494
在大会现场的视频连线中，李彦宏与正在台上发言的百度公司首席运营官陆奇沟通，表示车辆刚上五环，行驶顺利。
1
67 1 1 1 1 0.752
7月5日，一段百度董事长李彦宏乘坐无人驾驶汽车的视频引发巨大争议。
2
67 2 2 1 3 0.68
当日，百度召开了2017AI开发者大会，李彦宏通过视频直播的方式，展示了一段自己乘坐公司研发的无人驾驶汽车实地行驶的情景。
67 3 2 2 3 0.641
在该视频中，李彦宏坐在一辆红色汽车的副驾驶座位上，视频显示其车辆驾驶座位没有驾驶员。
1
67 4 2 3 3 0.476
而北京交管部门随后表示，现行法规并不允许无人驾驶上路。
1
67 7 4 1 1 0.611
记者日前在采访中发现，业界普遍盼望政府有关部门尽快制定出台无人驾驶汽车的相关政策法规，让无人驾驶汽车早日进入开放道路测试，同时也让相关交通安全执法做到有法可依。
1
67 8 5 1 1 0.647
清华大学汽车工程系教授李克强、上海国际汽车城董事长荣文伟等业界人士认为，我国在无人驾驶汽车领域拥有市场规模大、信息产业强、可率先进入5G时代等发展优势，但如果政府相关部门迟迟不制定相关政策法规，使无人驾驶汽车无法进入开放道路测试的话，我国可能在该产业和技术领域贻误战机。
2
67 11 7 1 4 0.699
据悉，最早上路测试的谷歌无人驾驶汽车已在美国的开放道路上累计测试行驶了近300万公里。
67 12 7 2 4 0.635
已有无人驾驶汽车在开放道路行驶的外国企业每天都在积累新的实验数据，为以后的研发和技术突破打下了基础。
1
67 13 7 3 4 0.678
百度、腾讯等多家企业和机构联合投资的“蔚来汽车”日前获得由美国加州政府颁发的无人驾驶汽车测试牌照。
1
67 14 7 4 4 0.68
该公司公共事务总监余晨介绍，全球已有18家企业获得加州政府颁发的无人驾驶汽车测试牌照。
0
2
67 15 8 1 2 0.687
上汽集团高级经理梁伟铭表示，无人驾驶汽车产业发展正处于窗口期，未来5年至10年，无人驾驶技术将日臻完善，并大量进入人类社会。
67 16 8 2 2 0.545
我们目前在技术上并不落后于人，关键在于公安部、工信部、交通部等部门能否在政策法规方面尽快给予支持，以推进无人驾驶汽车的研发。
2
67 17 9 1 5 0.706
同济大学汽车学院教授朱西产说，虽然上海国际汽车城的国家智能网联汽车（上海）示范区有世界最完善的无人驾驶汽车封闭测试场地，但无人驾驶汽车要考察应对复杂交通状况的能力，在封闭测试场无法完全实现，必须在实际开放道路上进行测试。
67 18 9 2 5 0.599
只要能尽快允许无人驾驶汽车在开放道路测试，我们就能走出和美国不同的技术道路。
2
67 30 15 1 4 0.741
德国联邦参议院5月12日通过了首部关于无人驾驶汽车的法律，允许装有自无人驾驶系统的汽车上路并在特定条件下代替人类驾驶。
67 31 15 2 4 0.591
这是全球首次将无人驾驶纳入生效的道路交通法规中。
2
67 34 16 1 3 0.728
日本警察厅也于6月1日公布了无人驾驶汽车在开放公路上进行测试所需的道路使用许可标准，使日本无人驾驶车辆进入开放道路测试有法可依。
67 35 16 2 3 0.655
这是日本首次允许无人驾驶汽车在驾驶座无人的状态下进行开放道路测试。
1
67 36 16 3 3 0.693
2016年，日本国土交通省就成立了无人驾驶战略本部，而推进无人驾驶汽车研发和应用正是日本中长期发展战略“未来投资战略2017”的重要部分。
0
2
67 37 17 1 2 0.675
而作为世界上最早开始研发无人驾驶汽车技术的国家之一，美国早在2016年9月就出台了第一份《自动驾驶汽车联邦政策》文件。
67 38 17 2 2 0.613
在此之前，已有多个州通过州立法为无人驾驶汽车进入开放道路测试开了绿灯。
0
2
68 1 1 1 2 0.454
【TechWeb报道】根据国微软方面的消息，微软与国内第一大搜索公司百度在美国华盛顿州雷德蒙德宣布合作，双方通过微软Azure向阿波罗合作伙伴提供云平台，在中国境外安全分享技术。
68 2 1 2 2 0.621
其目的是为了托扎无人驾驶技术的发展。
2
68 3 2 1 2 0.713
阿波罗是百度四月份推出的项目，是一个开放式平台，旨在让无人驾驶汽车比较快速的在城市道路上行驶，算是快速落地的一个服务平台，从而推动自动驾驶技术发展。
68 4 2 2 2 0.545
前不久百度大会上李彦宏也曾经展示了一下，虽然引起了很大争议，但不得不说无人驾驶汽车正在前进的道路上。
1
68 5 3 1 1 0.61
作为阿波罗开放平台的一员，微软将在全球除中国以外的地区为百度阿波罗开放平台提供微软智能云Azure服务。
2
68 6 4 1 2 0.667
微软公司资深副总裁KevinDallas表示：双方在自动驾驶领域迈出了坚实一步，兑现帮助汽车制造商和供应商实现自主驾驶的承诺。
68 7 4 2 2 0.61
现今，很多汽车都已具备了非常复杂的数据收集能力，通过运用微软全球云计算的人工智能、机器学习和深度神经网络功能来分析这些数据，我们可以大大加速无人驾驶技术的发展，让自动驾驶汽车的安全性得到质的飞越。
0
2
70 1 1 1 2 0.446
截至目前，“路测合法化”问题在我国仍处于灰色地带，无人驾驶测试车辆在路权和监管层面目前均存在漏洞与缺位。
70 2 1 2 2 0.611
从美国的经验可以看出，监管自动驾驶技术，立法其实是最重要的，使得自动驾驶发展也有法可依。
2
70 3 2 1 4 0.814
在7月5日召开的百度AI开发者大会上，百度COO陆奇在介绍百度无人驾驶平台阿波罗时，连线正在搭乘无人驾驶汽车的李彦宏，李彦宏通过视频直播展示了一段自己乘坐公司研发的无人驾驶汽车的情景。
70 4 2 2 4 0.584
视频中，李彦宏坐在一辆红色的汽车的副驾驶座位上，视频中驾驶座位没有驾驶员。
2
70 8 3 2 3 0.428
我国的《道路交通安全法》2003年公布，2007年与2011年两次修订，都没能够把无人驾驶的问题纳入考虑，相关的配套法律体系也是如此。
70 9 3 3 3 0.734
身为第十二届全国政协委员的李彦宏，2016年的两会提案之一，就是加快制定和完善无人驾驶汽车相关政策法规，为无人驾驶汽车的研发、测试和商业化应用提供制度保障。
2
70 10 4 1 6 0.732
看到百度的遭遇，就会联想到同为热衷于无人驾驶技术的互联网公司谷歌，2009年谷歌开始研发自己的无人驾驶技术，8年来搭载谷歌无人驾驶技术的车辆已经完成了200万英里的测试。
70 11 4 2 6 0.434
谷歌2017年4月宣布大规模开放公测，全部600辆无人车都将投放在美国凤凰城进行公测，普通民众可以通过在线预约的方式来免费乘坐。
2
70 12 4 3 6 0.677
目前美国有22个州通过了自动驾驶相关法律，或颁布自动驾驶相关行政命令。
70 13 4 4 6 -0.026
但其中最有代表性的，当属加利福尼亚州。
2
70 14 4 5 6 0.579
目前来自全世界的36家企业在那里上路测试无人车，其中还包括几家中国公司，而百度就是在去年拿到了加州颁发的第15张无人驾驶牌照。
70 15 4 6 6 0.611
从美国的经验可以看出，监管自动驾驶技术，立法其实是最重要的，使得自动驾驶发展也有法可依。
3
70 18 6 1 3 0.33
我国汽车工业经济效益指标呈明显增长，对确保宏观经济平稳运行起到了重要作用。
70 19 6 2 3 0.627
无人驾驶将驾驶员抽离“人-车-路”系统模型，是对汽车工业的革命性变革。
70 20 6 3 3 0.626
无人驾驶是智能汽车发展的终极阶段，无人驾驶车辆构造可分为环境感知、定位导航、中央处理单元、辅助驾驶等多个系统，将衍生出众多的新技术、新产品和新商业模式，背后隐藏的风口将给汽车工业带来众多崭新的投资机会。
0
2
71 1 1 1 2 0.852
7月5日，百度创始人、董事长兼CEO李彦宏乘坐百度无人驾驶汽车进入百度AI开发者大会会场，成为百度自动驾驶领域“Apollo（阿波罗）计划”推行成果的重要体现。
71 2 1 2 2 0.625
这一计划意在向汽车行业及自动驾驶领域的合作伙伴提供一个开放、完整、安全的软件平台，帮助他们结合车辆和硬件系统，快速搭建一套属于自己的完整的自动驾驶系统。
0
2
71 3 2 1 4 0.664
对此，百度首席运营官兼总裁陆奇介绍，Apollo是自动驾驶的安卓，并宣布Apollo生态成立，目前已拥有超过50家合作伙伴，包括整车厂商、集成制造商、芯片厂商、传感技术企业、研究机构等。
71 4 2 2 4 0.385
李彦宏表示，AI是必由之路，开放让所有人都收获更多。
2
71 7 3 1 2 0.411
值得注意的是，有交管局人士称，现行法规并不允许无人驾驶上路。
71 8 3 2 2 0.616
早在2015年百度无人驾驶汽车就已首次在北京的五环进行测试，但至于是否经过相关部门审批，目前尚不得而知。
1
72 1 1 1 1 0.686
德国对自动驾驶在开放道路试验，正在筹划立法规划，并要求汽车制造商为旗下配备自动驾驶模式的汽车安装“黑匣子”，以帮助确认事故责任人的权责。
2
72 2 2 1 2 0.621
美国国家公路交通安全管理局（NHTSA）针对高度自动驾驶的安全设计、开发、测试和应用，提出了规章制度框架，甚至要求汽车厂商不得在广告宣传中使用“自动驾驶”等词汇。
72 3 2 2 2 0.43
即使是对自动驾驶技术最为“宽容”的美国加州，对道路测试也要求：需向加州管理机构DMV缴纳500万美元的押金，保障事故赔偿能力；需要满足加州DMV对技术和公司资质的审核，并提交测试数据。
1
72 5 4 1 1 0.792
在近日召开的百度AI开发者大会上，百度创始人李彦宏为了推广自动驾驶成果，乘坐无人驾驶汽车的一段视频，引发关注和讨论。
1
72 7 6 1 1 0.614
1、百度在开放路段展示自动驾驶技术，与现有的法律、法规是否冲突；2、一旦发生第三者伤害，百度的自动驾驶如何问责；3、互联网公司以创新为名，为何能无视现有规则。
2
72 10 9 1 2 0.253
任何新技术的探索和应用，不应凌驾于规则之上，更不能以危害人身安全为代价，特斯拉的事故已经是前车之鉴。
72 11 9 2 2 0.669
2016年7月，由于特斯拉ModelS无人驾驶汽车发生车祸并造成驾驶员死亡，这也成为运用无人驾驶最新技术的发生的首例致命车祸，也给自动驾驶敲响了警钟。
2
72 13 11 1 2 0.519
鉴于自动驾驶技术安全的重要性，包括美国、德国在内的汽车工业发达国家，对该项技术的探索都提出了严格的规定。
72 14 11 2 2 0.667
德国方面，对自动驾驶在开放道路试验，正在筹划立法规划，并要求汽车制造商为旗下配备自动驾驶模式的汽车安装“黑匣子”，以帮助确认事故责任人的权责。
1
72 15 12 1 1 0.621
美国国家公路交通安全管理局（NHTSA）针对高度自动驾驶的安全设计、开发、测试和应用，提出了规章制度框架，甚至要求汽车厂商不得在广告宣传中使用“自动驾驶”等词汇。
2
73 1 1 1 4 0.681
前天百度AI开发者大会上，百度公司首席执行官李彦宏通过视频直播展示了一段自己乘坐百度无人车的情景（如图）。
73 2 1 2 4 0.045
这段视频被上传到网络后，引起了网友热议。
2
73 16 6 2 3 0.521
李彦宏曾提出，当前一些发达国家都已采取多种措施支持企业开展无人驾驶汽车的研发和测试，并对相关法律法规的修订进行了积极探索，但是我国现有的大部分政策法规与无人车发展还不相适应。
73 17 6 3 3 0.681
他也建议尽快修订和完善无人驾驶相关的法律法规，为无人驾驶汽车的研发、测试和商业化应用提供制度保障，推进无人驾驶汽车相关技术标准的建立和完善。
3
74 1 1 1 3 0.516
昨天，在北京国家会议中心召开的2017百度AI开发者大会上，主要是为了宣布酝酿多年的“Apollo阿波罗”计划正式诞生。
74 2 1 2 3 0.641
百度董事会副主席、集团总裁兼首席运营官陆奇在介绍百度无人驾驶平台Apollo时，与正在前往会场的百度创始人兼CEO李彦宏连线。
74 3 1 3 3 0.356
在视频中，李彦宏坐在一辆红色SUV的副驾驶座位上，说自己刚刚上五环，正在前往会场的路上。
2
74 4 2 1 2 0.717
据李彦宏介绍，在前往会场的途中他分别搭乘了两种类型的百度无人车，一辆是百度与博世共同开发的、适用于高速公路行驶的无人驾驶汽车。
74 5 2 2 2 0.575
另一辆则是进入会场的无人驾驶寻迹车。
1
74 6 3 1 1 0.67
该无人车由美国的一个初创公司基于百度的阿波罗计划开发出来，它可以在固定路线上实现无人驾驶，车辆既没有配备激光雷达也没有摄像头，仅依赖简单的定位系统就可以实现完全自动驾驶，并且开发时间仅用了三天。
1
74 11 5 1 1 0.609
而对于昨日上午李彦宏亲自上北京五环测试无人驾驶汽车是否通过相关审核，以及行驶过程中双手脱离方向盘、实线变道等质疑，百度方面尚未做出回应。
3
75 1 1 1 3 0.505
7月5日上午，百度在京正式召开“百度AI开发者大会”（BaiduCreate2017）。
75 2 1 2 3 0.775
大会上，百度集团总裁陆奇详细介绍了百度无人驾驶Apollo（阿波罗）计划。
75 3 1 3 3 0.611
他表示，Apollo就是自动驾驶的安卓，比安卓更加开放、能力更强。
0
1
75 4 2 1 1 0.62
据了解，该计划向汽车行业及自动驾驶领域的合作伙伴提供一个开放、完整、安全的软件平台，帮助他们结合车辆和硬件系统，快速搭建一套属于自己的完整的自动驾驶系统。
2
75 8 5 1 2 0.457
与第一代相比，第二代百度无人车有了很大的性能提升。
75 9 5 2 2 0.728
工作人员表示，百度无人车已经可以在繁忙的交通要道上，实现无人驾驶。
2
75 16 10 1 2 0.69
综合以上高精硬件设备，加上百度无人驾驶算法，就构成了百度无人车最核心的部分：雷达探测障碍，综合定位系统确定车辆轨迹，综合计算系统帮助车辆做出实时反应。
75 17 10 2 2 0.577
这也就是为何李彦宏乘坐百度无人车，可以全程不碰方向盘，行驶在北京五环了。
2
75 27 16 1 2 0.642
当然，Velodyne的激光雷达只是百度阿波罗无人车计划参考硬件的一部分。
75 28 16 2 2 0.379
现场，百度还展示了多家供应商的激光雷达产品，比如速腾RS-LiDAR、禾塞Pandar40以及大陆高级雷达传感器——ARS510、大陆多功能单目摄像头——MFC500，博士前置中距离雷达、博时多功能摄像头、NVIDIADRIVEPX开放式AI计算平台等等。
1
75 29 17 1 1 0.705
利用阿波罗开放平台和参考硬件，开汽车行业及自动驾驶领域的合作伙伴快速搭建一套属于自己的完整的自动驾驶系统。
1
75 30 18 1 1 0.699
百度更直言，开发者借助阿波罗的能力，可以搭建自己的自动驾驶汽车，让自动驾驶从0到1只需要三天。
2
76 1 1 1 3 0.617
李彦宏坐着无人驾驶汽车行驶在北京五环的路上的照片，在一天内快速传遍整个互联网圈子。
76 2 1 2 3 0.407
同时也让百度的AI大会狠狠刷了一把存在感。
2
76 7 3 1 3 0.848
在自动驾驶领域，百度将推出Apollo计划，在后台提供百度大脑和智能云，为汽车带来自动驾驶未来。
76 8 3 2 3 0.466
在端上，百度通过由度秘升级来的DuerOS作为交互平台，可以嵌入任何一个平台，提供有效服务。
1
77 2 2 1 1 0.637
在5日的百度AI开发者大会上，百度集团总裁兼首席运营官陆奇和创始人、董事长兼首席执行官李彦宏现场连线，当时李彦宏正乘坐无人驾驶汽车在北京五环上，往国家会议中心方向行驶。
1
78 2 2 1 1 0.821
昨日，百度在北京国家会议中心举办百度AI开发者大会时，百度公司创始人、董事会主席兼首席执行官李彦宏，乘坐通过百度Apollo无人驾驶平台开发的自动驾驶汽车前往会场。
1
78 3 3 1 1 0.628
在大会现场的视频连线中，李彦宏与正在台上发言的百度公司首席运营官陆奇沟通，表示处在自动驾驶的车辆刚上北京五环，行驶顺利。
1
78 5 5 1 1 0.649
对于汽车自动驾驶，最基本的要求就是安全驾驶，也是自动驾驶最核心的诉求。
2
78 6 6 1 2 0.528
通过自动驾驶，要降低事故发生概率，充分保障人的生命安全，对自动驾驶汽车要求有着比人类驾驶更高、更可靠的安全性。
78 7 6 2 2 0.719
回过头来看百度这个自动驾驶汽车道路表现。
1
78 11 10 1 1 0.757
此外，在百度自动驾驶汽车刚刚影响了其它车辆正常通行之后，这辆百度自动驾驶汽车又干了件影响道路安全的事：白实线变道。
1
78 13 12 1 1 0.727
除此之外，从自动驾驶白实线并道也能明显看出，百度与博世联合研发的这套自动驾驶汽车，可能无法正确识别各种道路标识。
2
78 23 20 3 4 0.368
《北京青年报》称，有交管局内部人士称现行法规不允许无人驾驶上路。
78 24 20 4 4 0.62
而早前2015年百度无人驾驶汽车首次在五环进行路测时，百度是否向相关部门审批，目前仍不清楚。
1
78 26 22 1 1 0.688
换个角度说，百度所谓的自动驾驶汽车就是一改装车，自行改装市面批量生产的汽车上路。
2
79 1 1 1 2 0.73
昨日的2017百度AI开发者大会上，百度董事长兼首席执行官李彦宏通过视频直播展示了一段自己乘坐公司研发的无人驾驶汽车的情景。
79 2 1 2 2 0.467
视频中，李彦宏坐在一辆红色汽车的副驾驶位上，他称自己刚刚上五环，正在前往会场的路上，“车处在自动驾驶的状态”，整段视频约1分钟长。
2
79 3 2 1 2 0.7
以互联网搜索引擎起家的百度，当前一个重要的发展方向是AI与无人驾驶汽车。
79 4 2 2 2 0.743
昨日，在百度AI开发者大会上，百度创始人、董事长兼首席执行官李彦宏通过视频直播展示了一段自己乘坐百度研发的无人驾驶汽车的情景。
0
2
79 7 4 1 2 0.638
在交管部门未公布调查结果之前，昨天下午，百度对外补充解释道，李彦宏所乘坐的无人驾驶汽车，驾驶位有人乘坐，为百度智能汽车事业部总经理顾维灏，而顾维灏全程也未用双手触碰方向盘。
79 8 4 2 2 0.618
关于百度这辆无人驾驶汽车的违章问题，业内争议焦点在于：无人驾驶汽车该不该配备驾驶员？驾驶员需要什么资质？百度这辆演示车的违章情况，该处罚谁？
0
3
79 12 6 2 6 0.415
无人驾驶有很多种分级标准，按照SAE（美国汽车工程师学会）标准，在一级、二级情况下出了事故由驾驶员负责，因为驾驶员需要全程关注。
79 13 6 3 6 0.619
即使到了三级，无人驾驶系统控制方向盘，但也要求驾驶员全程关注，当前车企的无人驾驶汽车都会在说明书上标明。
79 14 6 4 6 0.375
如果是完全无人驾驶状态下出现违章或事故，则涉及技术问题，生产厂家要负责任。
2
79 15 6 5 6 0.679
百度无人驾驶汽车实线变道不打灯问题，或涉及车辆系统对路况的判断错误。
79 16 6 6 6 0.839
据悉，此次李彦宏乘坐的无人驾驶汽车基于最新推出的Apollo技术，由百度和博世一起开发，汽车会自动识别路上障碍。
0
2
79 21 9 1 2 0.521
以欧美地区为例，NHTSA（美国高速公路安全管理局）、SAE（美国汽车工程师学会）、ERTRAC（欧洲道路交通研究咨询委员会）分别对无人驾驶进行了分级定义，也成了欧美等各国研究无人驾驶汽车相关法规的依据。
79 22 9 2 2 0.639
我国国内车企基本采用美国的SAE标准为无人驾驶汽车分级，即：
2
79 24 11 1 2 0.459
记者从相关车企业获悉，国内现行的法规并不允许无人驾驶汽车上路，但如果是企业为了测试所需，可向国家相关部门申请审批。
79 25 11 2 2 0.758
记者从曾经在国内进行过多次无人驾驶汽车上路测试的长安汽车获悉，当前无人驾驶汽车仍然需要配备驾驶员，且这个驾驶员需要有专门的“自动驾驶汽车”驾驶证。
3
79 28 13 1 3 0.501
中国从2016年已经开展了对于无人驾驶问题的法律研究。
79 29 13 2 3 0.717
记者留意到，去年6月，中国汽车行业监管机构曾表示，将联合公安部制定规范有关无人驾驶汽车道路测试的法律法规，法规发布前禁止车企在高速路上开展无人驾驶汽车测试。
79 30 13 3 3 0.227
今年6月13日，工信部网站已经正式对外发布《关于征求<国家车联网产业标准体系建设指南（智能网联汽车）（2017年）>（征求意见稿）意见的通知》，目前已经初步确立了不少意见。
2
80 1 1 1 2 0.681
视频：昨日（7月5日），百度公司董事长兼CEO李彦宏通过视频直播，展示自己乘坐公司研发的无人驾驶汽车的情景。
80 2 1 2 2 0.439
当天北京交管部门回应，现行法规不允许无人驾驶上路，正在就此展开调查。
2
81 1 1 1 4 0.641
新浪科技讯7月6日消息，昨日百度AI开发者大会时，李彦宏乘坐一辆无人驾驶汽车前往会议现场的视频引发关注。
81 2 1 2 4 0.093
今日，北京交警官方微博发布回应称，针对此情况正在积极开展调查核实。
2
81 5 2 1 3 0.739
昨日，在百度AI开发者大会上，陆奇介绍百度无人驾驶平台Apollo时，与正在前往会场的李彦宏连线。
81 6 2 2 3 0.69
视频连线中，李彦宏乘坐在一辆无人驾驶汽车的副驾驶位置。
1
81 7 2 3 3 0.798
陆奇介绍，李彦宏正在乘坐通过Apollo平台生产的无人驾驶汽车。
0
2
81 8 3 1 3 0.608
视频连线中，李彦宏乘坐在一辆无人驾驶汽车的副驾驶位置，他表示刚上五环。
81 9 3 2 3 0.706
随后，百度向新浪科技表示，当时李彦宏所乘坐的无人驾驶汽车，驾驶位有人乘坐，为百度智能汽车事业部总经理顾维灏。
1
81 10 3 3 3 0.253
而实际上，在视频连线中，李彦宏也提到了顾维灏在他身边，双手没有触碰方向盘。
1
82 2 2 1 1 0.71
百度AI开发者大会李彦宏现场视频连线时称正乘坐无人驾驶汽车在北京五环上。
2
82 3 3 1 2 0.728
5日上午，在百度AI开发者大会上，百度集团总裁兼首席运营官陆奇和百度CEO李彦宏现场连线，当时李彦宏乘坐无人驾驶汽车在北京五环上，往国家会议中心方向行驶，他旁边的驾驶座位没有驾驶员。
82 4 3 2 2 0.445
随后，该视频引发不小争议，有人质疑“目前我国法律是否允许无人驾驶汽车上路？”。
2
83 1 1 1 2 0.708
7月5日，百度AI开发者大会在北京召开，其全力打造的Apollo自动驾驶开放平台成为现场最具人气的热点。
83 2 1 2 2 0.427
从今年4月份百度首次公布Apollo至今，Apollo的“季报”备受期待。
1
83 3 2 1 1 0.745
在当日上午召开的主论坛上，百度总裁兼首席运营官陆奇详细解读了Apollo整体战略和开放路线图，并宣布百度自动驾驶系统Apollo生态正式诞生。
2
83 4 3 1 2 0.334
值得一提的是，陆奇在演讲中将该生态的“朋友圈”名单打到了身后的大屏幕上，包括戴姆勒、福特两家国际车企以及东风、长安等13家中国车企，此外，还包括产业链上一流的芯片公司、传感器公司、地图公司、云服务公司、研究机构等，如微软、intel、路畅科技、中兴通讯、清华大学等。
83 5 3 2 2 0.636
据陆奇透露，初始合作伙伴已经超过50个，“毫无疑问，Apollo是今天整个汽车工业最强大的自动驾驶生态。”
2
83 11 6 1 2 0.634
在业界看来，Apollo平台的开放是全球范围内自动驾驶技术首次“系统级”开放，对整个产业链的提速及落地具有重大意义。
83 12 6 2 2 0.395
对此，陆奇亦表示：“Apollo开放平台是汽车界的安卓系统，并且比安卓更开放、更强大，对于整个汽车工业的贡献将是非常巨大、非常深远的。”
2
83 16 8 1 2 0.698
除了对中国无人驾驶产业链赋能，百度还将向全球赋能。
83 17 8 2 2 0.628
陆奇透露，百度还将在美国、新加坡等地成立Apollo子公司，“今天的Apollo已经是世界上最强大的自动驾驶生态。Apollo有能力实现中国近现代史上第一次以中国公司、中国技术来引领世界级产业。”
0
2
84 6 4 2 3 0.271
但毕竟对普通人来说，他们终于知道了百度在“百度一下”之外，还做了哪些他们看得到，摸得着的事，而这些事，关乎百度的未来，也关乎百度在人工智能领域能走多远。
84 7 4 3 3 0.647
李彦宏的无人车被交警盯上了，正是过去半年以来在百度新任总裁兼首席运营官陆奇的主导下，百度全方位投入人工智能“改造计划”的一大成果。
2
84 9 6 1 2 0.416
在陆奇首次主导的“百度AI开发者大会”上，陆奇变革半年后交出了第一张成绩单。
84 10 6 2 2 0.649
这张成绩单上写着百度“人工智能”在两个方向上的落地：DuerOS——语音交互；阿波罗计划——自动驾驶。
1
84 13 9 1 1 0.675
后又着手整合了智能驾驶事业群组，将之前分裂在两个体系向不同副总裁汇报的L4自动驾驶事业部、L3智能汽车事业部以及车联网业务部门统一在一个部门，由他亲任总经理。
1
84 14 10 1 1 0.62
最后整合了百度旗下的AI平台，包括学院派风格的百度研究院和主要执行应用落地的搜索集团的实干派，打破了部门的隔阂。
2
84 17 13 1 2 0.356
在发布会开始的时候陆奇致辞——人工智能会像前三次工业革命一样，将人类推进新的时代。
84 18 13 2 2 0.607
AI技术让我们可以开发智能化产品，这些产品有能力自动获取知识，应用知识。
2
84 19 14 1 2 0.547
百度的能力就是通过AI为各行各业赋能，陆奇认为百度有能力、有决心成为人工智能领域的标杆公司。
84 20 14 2 2 0.656
陆奇气宇轩昂地表示：“百度将以AI为基础，大幅度推进搜索、手机百度和信息流核心业务，同时百度还将用人工智能打造金融、智能云、DuerOS、自动驾驶汽车一系列新业务。这些业务有能力成为百度未来的核心业务！”
3
84 23 17 1 3 0.359
百度的作用就是帮助每个开发者消除壁垒、创造新的机会。
84 24 17 2 3 0.67
前台是百度DuerOS，让每个设备都能够听说、交互，百度也将提供阿波罗，为每一辆汽车带来自动驾驶的未来。
84 25 17 3 3 0.571
后台将是百度大脑和智能云。
2
84 26 18 1 2 0.636
陆奇的开场演讲之后，百度度秘事业部总经理景鲲上台，宣布了DuerOS开放平台的全面开放。
84 27 18 2 2 0.484
在将翻页器交给DuerOS演讲部分的百度度秘事业部总经理景鲲前，陆奇先是不吝赞美这位产品方面的佼佼者。
3
84 39 26 1 3 0.462
今年的4月19日，百度在上海车展正式公布了“Apollo（阿波罗）计划”。
84 40 26 2 3 0.712
百度向自动驾驶以及汽车业内提供了一个开放的软件平台，意在帮助整个汽车生态的厂商结合它们的车辆快速搭建一个完整的自动驾驶系统。
84 41 26 3 3 0.436
而在今天的开发者大会现场，陆奇进一步介绍了阿波罗计划的规划。
1
84 42 27 1 1 0.612
阿波罗计划，通过百度开放的自动驾驶解决方案和软件能力，将整个生态闭环中的主机厂、零器件供应商、芯片厂商、端到端的方案提供商以及各类Tier1供应商等集结在一个系统里，一起助推自动驾驶技术的发展。
2
84 44 29 1 2 0.399
开放能力：汽车工业最大痛点是技术壁垒太高，任何一家企业都需要多年技术，人才和数据的累积。
84 45 29 2 2 0.656
百度将把这些能力开放给合作者，让他们很快进入自动驾驶研发。
3
84 51 34 1 3 0.548
百度今天正式对外开放的是Apollo1.0。
84 52 34 2 3 0.616
主要是百度开放了封闭场地循迹自动驾驶能力、自定位能力和端到端等非常有价值的数据。
84 53 34 3 3 0.189
至于未来，阿波罗也有详细的规划表：
1
84 54 35 1 1 0.668
到今年9月，阿波罗将会开放固定车道自动驾驶能力和开放部分仿真数据；到今年年底，阿波罗将开放一系列的能力，使车辆能够在简单城市路况下，完成自动驾驶任务，同时会开放更多的仿真数据及数据上传的接口；2018-2020年，阿波罗会持续开放，加快创新速度，直到最后实现完全自动无人驾驶。
1
84 55 36 1 1 0.612
陆奇也提到，有了阿波罗计划和阿波罗团队的技术支持，国外开发者JoshuaWhitley仅用了三天时间，就把自己的车改装成了自动驾驶的循迹车——在开发者大会现场，PingWest品玩（微信号：wepingwest）也去体验了这辆自动驾驶循迹车汽车，它基于高精地图和GPS，只需要人工驾驶一圈，阿波罗就可以实现对车辆循迹的精确控制。
1
84 57 38 1 1 0.636
陆奇宣布，以后每个开发者都能用阿波罗开发无人车！百度已经将Apollo1.0的相关内容完全开放在GitHub上。
2
85 1 1 1 2 0.16
7月5日上午11点，北京五环路上车流拥挤，一辆行驶中的红色商务车看上去并没有什么特别。
85 2 1 2 2 0.614
当时，百度创始人李彦宏正坐在副驾驶上，主驾驶位的司机双手未触碰方向盘，双脚离开油门刹车区域，车辆正在自动驾驶中。
1
85 3 2 1 1 0.638
“现在车非常多，但是还是很平稳，感觉非常不错。前面也有一个屏幕可以展示出来自动驾驶汽车探索的周边的情况，我们的车处在自动驾驶的状态。”视频连线中，李彦宏和几公里外百度AI开发者大会现场的百度集团总裁陆奇分享了实时体验。
1
85 9 6 1 1 0.767
百度公布的AI开放生态战略包括：前端的对话式人工智能系统DuerOS和自动驾驶Apollo开放平台，以及后端的百度大脑和智能云。
2
85 10 7 1 2 0.608
其中，DuerOS与Apollo开放平台都运用了百度大脑的核心能力。
85 11 7 2 2 0.558
陆奇指出，百度已构建包含算法层、感知层、认知层和平台层技术架构的AI技术平台，并宣布百度大脑将全面开放60项核心AI能力，其中包括语音、视频、增强现实、机器人视觉、自然语音处理五大类14项新能力。
1
85 17 10 1 1 0.639
陆奇在演讲中表示，百度已经是一家AI公司，并使用AI来提升搜索、信息流、手机百度等现有的核心业务，也会用AI来建设金融服务、智能云、DuerOS、自动驾驶汽车等一系列基于AI的新业务。
1
85 18 11 1 1 0.708
百度2015年正式对外发布无人驾驶汽车，并在北京五环完成首次测试。
2
85 19 12 1 2 0.675
而就在昨天，在李彦宏在前往会场的途中，他分别搭乘了两种类型的百度无人车，一辆是百度与博世共同开发的、适用于高速公路行驶的无人驾驶汽车。
85 20 12 2 2 0.575
另一辆则是进入会场的无人驾驶寻迹车。
1
85 25 16 1 1 0.694
继今年4月，百度发布“Apollo（阿波罗）计划”，向汽车行业及自动驾驶领域的合作伙伴提供一个开放、完整、安全的软件平台，帮助他们快速搭建完整的自动驾驶系统后，陆奇宣布正式开放Apollo1.0，并且成立了美国子公司和新加坡子公司，把触角延伸到了国际市场。
1
85 26 17 1 1 0.604
陆奇把Apollo比作自动驾驶的“安卓”，Apollo计划发布两个多月以来，百度已与奇瑞、一汽、长安、长城、博世、大陆等超过50家生态合作伙伴达成战略合作。
2
85 27 18 1 2 0.678
陆奇透露，目前百度开放了封闭场地循迹自动驾驶能力、自定位能力和端到端等非常有价值的数据。
85 28 18 2 2 0.279
更为重要的是，Apollo会快速地开放越来越多的能力，每周都会更新，每两个月左右都有新的版本和总体能力的提升。
1
85 29 19 1 1 0.685
接下来，百度的具体计划是，到今年9月份，Apollo将会开放固定车道自动驾驶能力和开放部分的仿真引擎数据；到今年年底，Apollo将开放一系列新的能力，使车辆能够在简单城市路况下，完成自动驾驶任务，同时会开放更多的数据及数据上传的接口；2018年、2019年、2020年，Apollo会加强开发能力，加速开放速度，直到最后实现完全自动无人驾驶。
2
85 32 22 1 2 0.522
而在借助Apollo平台在几天内做出了自动驾驶汽车的AutonomouStuff公司CEORobertHambrick看来，以往一个企业需要花费数年开展自己的自动驾驶研究，但几年后它会发现自己的代码和技术都已经过时了。
85 33 22 2 2 0.654
“随着Apollo开放平台合作伙伴的增多，共享的数据、资源和技术将成倍增加，这意味着，开发者和企业将不用再进行基础的重复工作，而是直接进入自动驾驶高阶研究，这将大幅提升自动驾驶行业的发展速度，加速自动驾驶汽车走进我们的日常生活。”
2
86 1 1 1 2 0.514
百度无人驾驶车再次开上五环，引发的最大讨论却是“合不合法”。
86 2 1 2 2 0.638
“我们的车处在自动驾驶的状态”，7月5日，百度CEO李彦宏在一辆红色汽车的副驾上不无得意，“阿波罗计划”50家合作伙伴的站台，更似乎预示着技术和产业储备好整以暇，相关政策的缺位反倒成了最大阻碍。
2
86 5 3 1 2 0.659
身为全国政协委员的李彦宏2016年两会就递交相关提案：应加快制定和完善无人驾驶汽车相关政策法规。
86 6 3 2 2 0.527
一方面，现有汽车行业的相关行业标准、技术标准、法律法规及保险等都不适用于无人驾驶车；另一方面，无人驾驶相关的地图内容、测绘资质等规定也阻碍了无人驾驶车的发展。
1
86 11 6 1 1 0.771
按照这个路线图，包含无人驾驶在内的智能网联汽车产业有着15年期的分步计划，在智能化（侧重人工智能）和网联化（侧重联网程度）两个纵深方向，逐步实现驾驶辅助、部分自动驾驶、高度自动驾驶、完全自动驾驶（无人驾驶）。
2
86 12 7 1 2 0.685
路线图的长远愿景是，至2030年实现完全自动驾驶车辆市场占有率接近10%，彼时中国汽车产业规模预计为3800万辆，意味着无人驾驶车辆要逼近400万辆。
86 13 7 2 2 0.71
加上驾驶辅助、部分自动驾驶和高度自动驾驶不同类型，智能网联汽车总体产业占比将超过70%。
0
2
86 14 8 1 2 0.506
如此看涨的无人驾驶行情倒逼各种标准的马不停蹄。
86 15 8 2 2 0.693
今年6月13日，工信部、国家标准委联合制定的《国家车联网产业标准体系建设指南（智能网联汽车）（2017年）》勾勒了无人驾驶技术标准制定纬度的框架，提出在2020年和2025年之前，分别建立低级别和高级别自动驾驶（无人驾驶）技术标准相关体系。
3
86 17 9 2 4 0.491
甚至于，企业“测试”级别的“上路通行证”也并无法理和牌照可循。
86 18 9 3 4 0.664
今年4月，苹果公司被美国加州车辆管理局添加到被允许在该州进行无人驾驶汽车测试的公司名单中。
86 19 9 4 4 0.42
据悉，这份接近40家企业的加州无人驾驶路测名单，特斯拉、谷歌、英伟达等知名公司赫然在列，百度、蔚来汽车、AutoX、图森等中国背景的公司很快将达到两位数。
1
86 20 10 1 1 0.8
百度前高级副总裁、自动驾驶事业部总经理王劲，今年4月创办自动驾驶解决方案公司景驰，两个月后，景驰获得了加州无人驾驶路测许可。
1
86 21 11 1 1 0.638
长安汽车无人驾驶业务负责人、工程研究总院总工程师黎予生多次呼吁：“如果我们的汽车企业想在中国把无人驾驶这一功能技术推向市场，就必须要在公路上做相关测试，但这与我国的现行政策法规是相冲突的。希望政府相关管理部门加快出台相关法规，在保证安全的前提下，促进中国无人驾驶汽车的科技创新。”
2
86 22 12 1 2 0.609
“路测是检验无人驾驶车辆性能、安全的最佳方式，甚至无人驾驶行驶法规，也要从路测实际状况摸索、总结、建立、健全。如果路测这一关都无法规模开展，无人驾驶商用就无从谈起。”不愿透露姓名的自动驾驶从业人士强调。
86 23 12 2 2 -0.192
（记者张绪旺）
3
87 5 3 2 5 0.389
昨日（7月5日）上午，在北京国家会议中心，百度召开了AI开发者大会。
87 6 3 3 5 0.653
会上，百度集团总裁兼首席运营官陆奇在介绍百度无人驾驶平台Apollo时，与百度创始人、董事长兼首席执行官李彦宏连线。
87 7 3 4 5 0.766
当时，李彦宏正乘坐一辆百度无人驾驶汽车赶往会场。
1
87 8 3 5 5 0.685
连线画面显示：李彦宏坐在无人车的副驾驶座上，正驾驶位上的是百度智能汽车事业部总经理顾维灏；但顾维灏双手脱离方向盘，该“无人车”正在无人操控的情况下自行驾驶。
0
1
87 17 8 1 1 0.662
回过头来看百度阿波罗计划，陆奇称其为“百度向外开放的自动驾驶开发平台”，涵盖定位／感知（百度地图等）、车辆规划与运营（AI+大数据）、软件运营框架（安全+实时控制）等4个软硬件技术模块。
2
87 18 9 1 2 0.733
陆奇形象地将阿波罗计划比作自动驾驶领域的安卓系统，车企可以利用这一平台打造自己专属的自动驾驶产品。
87 19 9 2 2 0.463
发布会上，百度在中央屏幕上高调地公布了即将合作的15家汽车厂商，包括北汽、东风、长安、长城等13家国内车企和福特、戴姆勒两家国际车企。
3
87 22 11 1 3 0.513
记者翻阅报道发现，百度公布的车企名单中，大部分都已经宣布了自己的自动驾驶计划。
87 23 11 2 3 0.661
今年上海车展期间，长安汽车与英特尔在自动驾驶领域签署了战略合作协议；2016年11月，长城汽车与四维图新签署了《汽车自动驾驶项目合作协议》；为了实现自动驾驶，福特愿意直接收购其他公司，如斥资10亿美元收购ArgoAI。
87 24 11 3 3 0.237
一位不具姓名的企业相关负责人直言，“对于这一关系到未来竞争核心的关键技术领域，整车厂都不愿意放弃”。
2
88 2 2 1 2 0.605
在此次大会上，百度董事会副主席、集团总裁兼COO陆奇宣布，百度将推出DuerOS和Apollo两大开放平台。
88 3 2 2 2 0.445
其中对话式人工智能系统DuerOS已经与国内外百余家家电、芯片和服务提供商建立了生态合作关系，以技术和产业优势领跑国内市场，拥有目前最容易上手的设备开放平台、真正能听清听懂的对话核心系统以及丰富优质的技能平台。
3
88 4 3 1 3 0.422
Apollo则是另一重要开放平台。
88 5 3 2 3 0.706
2017年4月19日，陆奇在上海车展上宣布Apollo计划，将开放自动驾驶平台。
88 6 3 3 3 0.612
7月5日百度AI开发者大会上，百度首次对外公布Apollo详细的路线图、技术框架以及首期开放的能力，并发布Apollo生态合作伙伴联盟，首批生态合作伙伴规模超50家。
0
2
88 8 5 1 2 0.642
陆奇在介绍Apollo时，还与正在乘坐无人驾驶汽车前往会场路上的李彦宏进行了连线。
88 9 5 2 2 0.513
视频里的李彦宏一边“驾驶”汽车，一边介绍着路况，“现在车非常的多，但是还是很平稳，感觉非常不错。前面也有一个屏幕可以展示出来自动驾驶汽车探索的周边的情况，我们的车处在自动驾驶的状态。”
1
88 14 8 1 1 0.672
而Apollo创造的价值将远远超过百亿，本次大会上，陆奇除了宣布Apollo开放平台首期将开放Apollo1.0封闭园区自动驾驶能力，还完整披露了Apollo开放平台的具体开放细节和路径图，任何开发者和生态合作伙伴借助Apollo开放平台，都可以拥有自己的智能驾驶汽车。
2
88 15 9 1 3 0.639
利用Apollo开放平台，无人驾驶的开发将有多快呢？从0到1只需要三天！李彦宏前往会场所乘坐的正是一辆依靠Apollo1.0能力、在三天时间内打造的循迹自动驾驶汽车。
88 16 9 2 3 0.646
这也必将加速国内企业在无人驾驶产业链上的布局。
1
88 17 9 3 3 0.321
而从目前的情况来看，“单车智能”和“车联网”虽然都已被上市公司覆盖，但布局的深度仍然非常薄弱。
2
88 18 10 1 3 0.646
另外，Apollo开放平台还有望帮助车企加速挖掘价值超过千亿的国内无人驾驶市场。
88 19 10 2 3 0.482
百度方面表示，随着首批50多家行业合作伙伴的陆续加入，Apollo计划创建了一个快速创新的良性循环，鼓励合作伙伴在各专业领域贡献，实现资源优势互补，随着更多生态合作伙伴加入并持续贡献，Apollo能力将越来越强。
1
89 3 3 1 1 0.786
那何为Apollo1.0呢？据百度介绍，Apollo是全球范围内自动驾驶技术的一次系统级开放，开发者借助Apollo能力，可以快速搭建一套属于自己的完整的自动驾驶系统，即无人驾驶汽车。
2
89 6 6 1 2 0.747
从现场公布的Apollo开放路线图中可以看出，百度将循序渐进地开放自动驾驶能力。
89 7 6 2 2 0.813
百度计划在今年7月开放封闭场地循迹自动驾驶能力以及Apollo数据开放平台，在2020年之前实现高速和城市道路全路网自动驾驶。
0
2
89 9 8 1 2 0.626
百度集团总裁、COO陆奇认为，促进Apollo生态创新提速的核心是Apollo仿真引擎。
89 10 8 2 2 0.546
“Apollo的仿真引擎拥有海量实际路况及自动驾驶场景数据，基于大规模云端计算容量，能够打造日行百万公里的虚拟运行能力，形成一个快速迭代的闭环，让开发者和创业公司轻松实现‘坐地日行百万里’。”陆奇说。
1
90 2 2 1 1 0.696
今天上午的2017百度AI开发者大会上，百度创始人、董事长兼首席执行官李彦宏通过视频直播展示了一段自己乘坐公司研发的无人驾驶汽车的情景。
1
90 12 11 1 1 0.603
截止发稿前，百度的回应并未提及今天上午李彦宏亲自测试无人驾驶上路是否通过相关部门审核，也未对外界传出的无人驾驶压实线变道进行回应。
2
90 13 12 1 2 0.445
早在2017年4月19日，百度就发布一项名为“Apollo”的新计划。
90 14 12 2 2 0.607
旨在将向汽车行业及自动驾驶领域的合作伙伴提供一个开放、完整、安全的软件平台，帮助他们结合车辆和硬件系统，快速搭建一套属于自己的完整的自动驾驶系统。
2
90 17 15 1 2 0.342
而将这个计划命名为“Apollo”计划，就是借用了阿波罗登月计划，意指具备开创性，又需要汇聚众多参与者的力量，能为社会发展带来巨大推动力的超级工程。
90 18 15 2 2 0.734
百度相信自动驾驶和智能汽车也是这样的事业。
1
90 19 16 1 1 0.668
“Apollo”计划接下来要做什么？据百度方面介绍，至2017年7月，将开放封闭场地的自动驾驶能力；至2017年底，输出在城市简单路况下的自动驾驶能力；2020年前，逐步开放至高速公路和普通城市道路上的全自动驾驶。
1
91 1 1 1 1 0.791
百度董事长李彦宏乘坐百度无人驾驶汽车的视频在互联网上引发热议，同时也将无人驾驶汽车上路的合法问题再次摆在公众面前。
3
91 2 2 1 6 0.479
7月5日上午，百度AI开发者大会在京召开。
91 3 2 2 6 0.695
在会上，百度集团总裁兼首席运营官陆奇在介绍百度无人驾驶平台Apollo时，与正在前往会场的李彦宏连线。
91 4 2 3 6 0.775
当时李彦宏正乘坐一辆百度无人驾驶汽车赶往会场。
1
91 5 2 4 6 0.652
连线画面显示，李彦宏坐在无人车的副驾驶座上，正驾驶位上的是百度智能汽车事业部总经理顾维灏。
1
91 6 2 5 6 0.605
但顾维灏双手脱把，该无人车正在无人操控的情况下自行驾驶。
1
91 7 2 6 6 0.067
整段视频时长约为1分钟。
3
91 24 11 1 3 0.539
据此前媒体报道，在2015年百度就曾在北京的公开道路上开展过一次大规模的百度无人驾驶汽车路测。
91 25 11 2 3 0.615
当时百度无人驾驶汽车从位于北京中关村软件园的百度大厦附近出发，驶入G7京新高速公路，经五环路，抵达奥林匹克森林公园，然后按原路线返回。
91 26 11 3 3 0.252
测试时最高速度达到100公里/小时。
1
91 27 12 1 1 0.61
澎湃新闻在今年3月从中关村科技园区海淀园管理委员会，百度正在向当地交管部门申请在海淀园区域内开展无人驾驶车辆的测试。
1
91 28 13 1 1 0.642
但截至发稿，百度并未对7月5日上午李彦宏乘坐无人驾驶汽车是否提前报备监管部门进行说明。
1
92 1 1 1 1 0.624
7月5日，首届百度AI开发者大会在北京国家会议中心拉开大幕，近5000位与会者创下国内开发者大会的规模记录，百度董事长兼首席执行官李彦宏、百度总裁兼首席运营官陆奇在现场发布了以DuerOS和Apollo开放平台为核心要素的百度AI生态战略。
2
92 10 5 3 4 0.497
因此，百度将All-inAI。
92 11 5 4 4 0.615
百度将用AI来提升搜索、信息流、手机百度等现有核心业务，还将用AI来建设金融服务、智能云、DuerOS、自动驾驶汽车等一系列基于AI的新业务。
2
92 13 6 2 3 0.372
前端，百度将提供DuerOS——基于自然语言的新一代交互平台，让每一个设备、器件都能听得懂、交互、提供有效的服务。
92 14 6 3 3 0.692
对于特殊的端——汽车，百度将提供Apollo——全球第一个自动驾驶开放平台；后端，百度大脑和智能云将为开发者提供一流的AI开发工具和有效的解决方案。
2
92 28 14 1 3 0.661
在陆奇开始介绍Apollo无人驾驶平台之前，现场出现了彩蛋。
92 29 14 2 3 0.753
陆奇现场连线了李彦宏，而后者正乘坐百度和博世合作打造的无人驾驶汽车行驶在北京五环路上。
1
92 30 14 3 3 0.582
到达会场附近后，李彦宏又换乘了搭载Apollo1.0技术的循迹自动驾驶汽车抵达会场，而这辆车正是来自美国硅谷的AutonomouStuff公司借助Apollo1.0能力，仅花了三天时间改装而成的。
2
92 37 18 1 2 0.806
现场公布了Apollo开放路线图，百度计划在今年7月开放封闭场地循迹自动驾驶能力以及Apollo数据开放平台，在2020年之前实现高速和城市道路全路网自动驾驶。
92 38 18 2 2 0.451
陆奇表示，这只是Apollo生态快速创新的开始,“随着更多生态合作伙伴加入并持续贡献，Apollo的能力也将越来越强。”
1
92 44 21 1 1 0.632
陆奇在分享的最后讲到了百度的AI平台——百度ABC（百度大脑+智能云）。
2
92 49 26 1 2 0.447
1、最完整：百度AI平台是中国最完整、最全面的AI平台。
92 50 26 2 2 0.709
百度大脑是百度AI平台的核心，智能云是百度AI平台的基础。
1
92 57 30 1 1 0.644
陆奇还在现场宣布NVIDIA和英特尔成为百度AI技术深度合作伙伴。
2
92 58 31 1 2 0.746
NVIDIA将和百度共同在Apollo上合作开发自动驾驶技术，NV将提供Apollo的参考计算硬件。
92 59 31 2 2 0.466
NV将在Paddle-Paddle平台专门投入研发团队，在Duer-OS和百度智能云上，NV将提供更好的GPU支持。
1
92 60 32 1 1 0.659
百度和英特尔也将围绕百度大脑、百度智能云和DuerOS展开深度合作。
1
93 1 1 1 1 0.664
百度无人驾驶汽车尚未在技术层面引发反响，便已反映了该技术在当前法规环境下的应用前景问题。
1
93 2 2 1 1 0.623
该公司创始人、董事长兼首席执行官李彦宏在周三（7月5日）上午举行的2017百度AI开发者大会上通过视频直播展示了一段自己乘坐公司研发的无人驾驶汽车的情景，随即引起北京交管部门的关注。
2
93 5 4 1 2 0.127
此后有媒体援引北京交管部门工作人员的表述称，交管部门已经获悉相关情况，正在就此展开调查。
93 6 4 2 2 0.685
按照中国现行交通法规，无人驾驶汽车未获准上路行驶。
1
93 7 5 1 1 0.602
百度方面于当天下午给出回应称，李彦宏所乘坐的无人驾驶汽车，驾驶位其实有人乘坐，为百度智能汽车事业部总经理顾维灏，而在之前的视频连线中，李彦宏也提到了顾维灏在他身边，双手没有触碰方向盘。
1
93 9 7 1 1 0.608
早在2015年百度无人驾驶汽车就已首次在北京五环进行测试，至于是否经过相关部门审批，目前尚不得知。
2
94 1 1 1 2 0.649
7月5日上午，在2017百度AI开发者大会上，百度创始人、董事长兼首席执行官李彦宏通过视频直播展示了一段自己乘坐百度无人车的情景。
94 2 1 2 2 0.634
视频中，李彦宏坐在一辆红色的汽车的副驾驶座位上，视频中的驾驶座位有驾驶员，但驾驶员的手并未放在方向盘上，全程均由智能驾驶汽车自行行驶。
0
2
94 12 7 1 2 0.708
此前，李彦宏曾在2016年两会提案中呼吁加快制定和完善无人驾驶汽车相关政策法规，为无人驾驶汽车的研发、测试和商业化应用提供制度保障。
94 13 7 2 2 0.564
另一份亿欧网爆料的疑似百度无人车中关村路测申请中也提及，百度目前最为迫切的需求是“在海淀区特定路线和区域进行开放道路测试，特定路线进行体验试乘，希望中关村管委会及海淀园区帮助协调交通安全管理部门的支持和默许。”
2
95 1 1 1 2 0.649
7月5日上午，在2017百度AI开发者大会上，百度创始人、董事长兼首席执行官李彦宏通过视频直播展示了一段自己乘坐百度无人车的情景。
95 2 1 2 2 0.634
视频中，李彦宏坐在一辆红色的汽车的副驾驶座位上，视频中的驾驶座位有驾驶员，但驾驶员的手并未放在方向盘上，全程均由智能驾驶汽车自行行驶。
0
2
95 12 7 1 2 0.708
此前，李彦宏曾在2016年两会提案中呼吁加快制定和完善无人驾驶汽车相关政策法规，为无人驾驶汽车的研发、测试和商业化应用提供制度保障。
95 13 7 2 2 0.564
另一份亿欧网爆料的疑似百度无人车中关村路测申请中也提及，百度目前最为迫切的需求是“在海淀区特定路线和区域进行开放道路测试，特定路线进行体验试乘，希望中关村管委会及海淀园区帮助协调交通安全管理部门的支持和默许。”
2
96 1 1 1 2 0.731
2017百度AI开发者大会于今日在国家会议中心举行，百度公司CEO李彦宏乘坐着百度无人驾驶汽车赶往会场，并在途中与陆奇进行了现场连线。
96 2 1 2 2 0.418
坐着无人驾驶汽车去开会，听起来比王思聪可以带狗上去的私人飞机还要酷，但据说李彦宏的这辆车属于外地牌照且今日限行，并涉嫌在驾驶途中实线并道，连续违章，这下交警就不乐意了。
2
96 3 2 1 2 0.62
在现场陆奇与李彦宏的连线中，李彦宏称，自己和百度智能汽车事业部总经理顾维灏乘坐的无人车已经驶上北京的五环高速，行驶过程中无论启动、转弯、还是刹车都很平稳。
96 4 2 2 2 0.74
通过连线画面可以看到，百度无人车实现了完全无人操作的自主驾驶。
0
2
96 5 3 1 2 0.706
李彦宏在会上介绍说，在前往会场的途中他分别搭乘了两种类型的百度无人车，一辆是百度与博世共同开发的、适用于高速公路行驶的无人驾驶汽车。
96 6 3 2 2 0.575
另一辆则是进入会场的无人驾驶寻迹车。
1
97 1 1 1 1 0.66
北京商报讯（记者张绪旺）在2017百度AI开发者大会上，百度披露了智能汽车百度Apollo计划的新进展。
1
97 2 2 1 1 0.742
在介绍Apollo计划之前，百度总裁兼COO陆奇现场连线百度创始人兼CEO李彦宏，并展示了李彦宏的行踪：正坐在一辆百度和博世一起开发的、基于Apollo技术的自动驾驶汽车，在前来参会的路上。
1
97 4 4 1 1 0.682
据悉，百度“Apollo（阿波罗）计划”向汽车行业及自动驾驶领域的合作伙伴提供一个开放、完整、安全的软件平台，帮助他们结合车辆和硬件系统，快速搭建一套属于自己的完整的自动驾驶系统。
2
98 1 1 1 2 0.605
新浪科技讯7月5日下午消息，百度今天下午向新浪科技表示，今天上午李彦宏所乘坐的无人驾驶汽车，驾驶位有人乘坐，为百度智能汽车事业部总经理顾维灏。
98 2 1 2 2 0.253
而实际上，在视频连线中，李彦宏也提到了顾维灏在他身边，双手没有触碰方向盘。
2
98 3 2 1 2 0.802
今天上午，百度在北京国家会议中心举办百度AI开发者大会时，百度公司创始人、董事会主席兼首席执行官李彦宏乘坐通过百度Apollo无人驾驶平台开发的无人驾驶汽车前往会场。
98 4 2 2 2 0.494
在大会现场的视频连线中，李彦宏与正在台上发言的百度公司首席运营官陆奇沟通，表示车辆刚上五环，行驶顺利。
2
98 10 4 4 5 0.368
《北京青年报》称，有交管局内部人士称现行法规不允许无人驾驶上路。
98 11 4 5 5 0.62
而早前2015年百度无人驾驶汽车首次在五环进行路测时，百度是否向相关部门审批，目前仍不清楚。
2
99 1 1 1 4 0.677
中新经纬客户端7月5日电7月5日上午，百度创始人、董事长兼首席执行官李彦宏在2017百度AI开发者大会上展示了一段自己乘坐公司研发的无人驾驶汽车的通过视频直播。
99 2 1 2 4 0.63
李彦宏在视频中坐在一辆红色汽车的副驾驶座位上，驾驶座位没有驾驶员。
1
99 3 1 3 4 0.531
李彦宏在视频中称“车处在自动驾驶的状态”，自己刚上五环，在前往会场的路上。
1
100 1 1 1 1 0.759
在今天上午的2017百度AI开发者大会上，百度展示了CEO李彦宏乘坐无人驾驶汽车的视频。
1
100 2 2 1 1 0.701
从视频来看，李彦宏乘坐这辆无人驾驶汽车并没有配备驾驶员，实现了完整意义上的自动驾驶。
