1
17 39 22 1 1 0.628
百度与金龙客车联合开发的第二代无人驾驶微循环车“阿波龙”是中国首辆商用级无人驾驶微循环车，这款无人驾驶微循环车的诞生，使百度Apollo（无人驾驶技术平台）携手金龙客车进入一个新的高度，将实现工业4.0时代大众出行的新跨越。
1
17 49 27 1 1 0.607
金龙客车工程研究院副院长陈卫强表示，百度“Apollo基因”的注入与金龙龙翼无人驾驶车联网研发成果的应用，让“阿波龙”拥有最强的“智慧大脑”。
1
19 1 1 1 1 0.62
“罚单已经收到了，无人驾驶还会远吗?量产金龙小巴将在2018年呈现。”2017年11月16日，在北京举行的百度世界大会上，百度创始人、CEO李彦宏在主题演讲中表示，百度与金龙客车联合开发的第二代无人驾驶微循环车阿波龙将于2018年实现商用化量产及上线运营。
2
19 3 3 1 2 0.702
百度智能驾驶事业群组总经理李震宇、百度副总裁邬学斌、金龙客车常务副总经理周方明、金龙客车工程研究院副院长陈卫强等人出席了百度世界大会，在智能驾驶分论坛，隆重地发布了第二代无人驾驶微循环车。
19 4 3 2 2 0.461
发布现场，陈院长做了最新商用无人驾驶演讲，并详细介绍第二代无人驾驶微循环车技术亮点。
2
19 21 11 1 4 0.673
2017年4月Apollo计划发布以来，金龙客车成为首批加入Apollo生态的唯一客车企业。
19 22 11 2 4 0.486
7月双方正式签署了技术合作协议，致力于共同发力无人驾驶生态，此后双方高效、扎实推进无人驾驶在中国商用车领域的落地。
3
20 2 2 1 3 0.519
截至2017百度大会上交成绩单当天，Apollo平台正式开放两款落地产品，分别为Apollo小度车载智能系统和ApolloPilot自动驾驶产品。
20 3 2 2 3 0.65
商业量产上，百度将与金龙客车在2018年推出中国首款无人驾驶微循环巴士“阿波龙”，与江淮、北汽在2019年，与奇瑞在2020年推出自动驾驶量产车型。
20 4 2 3 3 0.401
除此之外，百度还透露将与雄安新区就智能出行展开合作。
2
20 19 11 2 3 0.435
2018年，ApolloPilot将与多家出行服务商展开合作和示范运营，同年与奇瑞合作的L3级自动驾驶乘用车将实现商业化量产，并于2020年上市。
20 20 11 3 3 0.601
与金龙合作的“阿波龙”微循环无人驾驶小巴，也搭载ApolloPilot，计划于2018年上线运营。
1
22 2 2 1 1 0.651
上证报消息，11月16日，在百度世界大会现场，董事长李彦宏透露，百度计划在2018年7月底，与金龙客车合作实现L4级小型客车的小规模量产及试运营，并在2019年与江淮、北汽，2020年与奇瑞共同推出L3级无人车。
1
24 3 2 1 1 0.756
百度将与金龙客车合作的首款无人驾驶量产车“阿波龙”。
3
24 6 4 1 4 0.324
李彦宏透露，百度将在2018年7月底率先推出无人驾驶量产车，这一时间将比业界普遍认为的无人车量产时间提前了两年。
24 7 4 2 4 0.624
据悉，该款量产车为百度阿波罗与金龙客车合作生产的无人驾驶小巴，名为“阿波龙”。
24 8 4 3 4 0.503
另外，到2019年-2020年，百度将与江淮汽车、北汽集团、奇瑞汽车共同推出无人车。
1
27 1 1 1 1 0.655
厦门网讯(厦门日报记者刘艳)昨日在北京举行的百度世界大会上，百度创始人、CEO李彦宏在主题演讲中表示，百度与金龙客车联合开发的第二代无人驾驶微循环车“阿波龙”，将于2018年实现商用化量产及上线运营。
1
27 12 7 1 1 0.607
金龙客车工程研究院副院长陈卫强表示，百度“Apollo基因”的注入与金龙龙翼无人驾驶车联网研发成果的应用，让“阿波龙”拥有最强的“智慧大脑”。
3
35 5 3 1 4 0.324
李彦宏透露，百度将在2018年7月底率先推出无人驾驶量产车，这一时间将比业界普遍认为的无人车量产时间提前了两年。
35 6 3 2 4 0.624
据悉，该款量产车为百度阿波罗与金龙客车合作生产的无人驾驶小巴，名为“阿波龙”。
35 7 3 3 4 0.503
另外，到2019年-2020年，百度将与江淮汽车、北汽集团、奇瑞汽车共同推出无人车。
2
51 7 4 1 2 0.628
此外，百度昨日在官方渠道公布，与金龙客车签署战略合作协议，决定于2018年实现商用级无人驾驶微循环车的小规模量产及试运营。
51 8 4 2 2 0.257
这是继北汽和雄安之后，这个月内百度的第三次重大合作。
1
52 4 2 1 1 0.613
10月17日，百度Apollo（阿波罗）与金龙客车的合作再落实锤，双方宣布，将在2018年7月底前实现商用级无人驾驶微循环车的小规模量产及试运营，这将是国内首个实现量产的无人驾驶客车。
2
52 6 4 1 3 0.777
在百度与金龙客车的签约仪式上，双方公布了金龙客车第二代无人驾驶微循环车的外观设计。
52 7 4 2 3 0.568
金龙客车第二代无人驾驶微循环车定位解决“最后一公里”的出行问题。
2
53 1 1 1 2 0.593
10月17日，百度与金龙客车签署战略合作协议，计划于2018年实现商用级无人驾驶微循环车的小规模量产及试运营，此举将国内自动驾驶量产计划提前了两年。
53 2 1 2 2 0.7
百度董事会副主席、百度集团总裁兼首席运营官陆奇、百度智能驾驶事业群组总经理李震宇、百度副总裁邬学斌、金龙客车董事长谢思瑜、金龙客车常务副总周方明、金龙客车工程研究院副院长陈卫强等人出席签约仪式。
1
54 4 3 1 1 0.693
百度董事会副主席、百度集团总裁兼首席运营官陆奇、百度智能驾驶事业群组总经理李震宇、百度副总裁邬学斌、金龙客车董事长谢思瑜、金龙客车常务副总经理周方明、金龙客车工程研究院副院长陈卫强等人出席签约仪式。
2
54 5 4 1 3 0.812
签约仪式上，百度与金龙客车一起揭晓了金龙客车第二代无人驾驶微循环车的神秘面纱。
54 6 4 2 3 0.001
它将解决公共交通未覆盖的“最后一公里”的出行问题。
2
54 11 7 1 5 0.651
Apollo与金龙客车此前便达成了深度合作伙伴关系。
54 12 7 2 5 0.638
金龙客车是Apollo首批生态合作伙伴，也是首个加入Apollo生态的客车企业。
1
54 13 7 3 5 0.562
早在2017年4月初Apollo计划发布时，金龙客车就同百度建立了联系，2017年6月份双方正式签署了技术合作协议。
2
56 1 1 1 2 0.662
新浪科技讯10月17日晚间消息，百度今天与金龙客车签署战略合作协议，将于2018年实现商用级无人驾驶微循环车的小规模量产及试运营。
56 2 1 2 2 0.311
百度方面表示，此次合作也意味着国内首款无人驾驶巴士量产。
1
56 8 4 1 1 0.688
百度公司董事会副主席、百度集团总裁兼首席运营官陆奇、百度智能驾驶事业群组总经理李震宇、百度副总裁邬学斌、金龙客车董事长谢思瑜、金龙客车常务副总经理周方明、金龙客车工程研究院副院长陈卫强等出席签约仪式。
