1 1 1 1 1 0.611
在前不久举行的百度世界大会上，百度发布了一则震惊业界的重磅消息：百度与金龙客车合作研发的无人驾驶小巴车将于2018年实现量产。
1 3 3 1 1 0.617
由于是无人驾驶小巴，它的内部并没有设计方向盘，也没有驾驶座，车身采用复合材料，搭载易驱智慧能源系统并支持百度研发的L4级别的自动驾驶功能。
3 1 1 1 2 0.646
今年7月，百度创始人李彦宏乘坐着一辆自家研发的无人驾驶汽车，驶上北京北五环。
3 2 1 2 2 0.423
虽然因为违反交通法规而吃了一张罚单，但这段15公里的无人驾驶经历，也成了百度自动驾驶成果的最好证明。
3 6 3 1 1 0.671
作为自动驾驶领域的“资深”选手，谷歌旗下的自动驾驶项目——Waymo，也在道路测试方面有着丰富的经验。
3 10 5 2 2 0.666
2016年，长安自动驾驶汽车从重庆出发，北上2000公里抵达北京，车辆在沿途高速公路的部分路段采用了无人驾驶模式。
3 9 5 1 2 0.551
实际上，国内的车企也曾进行过类似的长距离自动驾驶车辆测试。
3 11 6 1 3 0.691
Waymo的无人驾驶车辆，采用的是Level3自动驾驶系统。
3 12 6 2 3 0.368
据外媒报道，仅2016年，Waymo就通过仿真系统模拟行驶了25亿英里来加快学习速度。
4 3 2 2 2 0.696
本月24日，谷歌母公司Alphabet旗下专注无人驾驶技术研发的公司Waymo正式宣布已经实现完全自动驾驶，并放弃开发辅助驾驶功能，据悉该公司市值已经超越特斯拉和Uber。
4 2 2 1 2 0.535
随着关注度和重要性日益提升，自动驾驶相关企业的市值水涨船高。
4 4 3 1 2 0.629
但在我国，自动驾驶技术的推进依然步履维艰。
4 5 3 2 2 0.636
如何实现自动驾驶技术路线，业内存在分歧；如何收集、共享大数据、展开实地路测、改进基础道路设施以及降低技术成本，成为自动驾驶实现路径的难题。
4 6 4 1 2 0.628
在过去三年里，全球对自动驾驶汽车技术的投入超过800亿美元。
4 7 4 2 2 0.431
麦肯锡咨询公司预测，无人驾驶汽车到2025年可以产生2000亿到1.9万亿美元的产值，而英特尔的预测是到2030年这一数值将达到7万亿美元。
4 13 8 1 1 0.6
11月11日，在2017全球未来出行高层论坛暨国际博览会上电动汽车百人会理事长陈清泰表示：“电动车+互联网+自动驾驶的未来出行模式，有望较大程度上缓解甚至破解出行难题。”
4 24 15 1 1 0.652
在未来出行大会上，长安汽车副总裁李伟首次对外透露，长安汽车拿到了在美国加州路测无人驾驶的牌照。
4 33 19 3 3 0.633
目前特斯拉车型实现的只是L2级别自动驾驶，虽然未来通过软件升级，可使车辆实现更高级别自动驾驶。
4 32 19 2 3 0.503
我国的汽车主机厂更偏向于类似特斯拉的渐进路线。
5 1 1 1 2 0.613
近日，福布斯网站刊发文章指出，虽然谷歌、Uber、特斯拉等科技公司纷纷布局的自动驾驶将成为汽车行业的未来，但在中国这些公司不太可能有所作为。
5 2 1 2 2 0.629
中国未来可能是全球最大的汽车市场，百度拥有拥有自己独特的算法、良好的商业合作伙伴以及政府的大力支持，得益于此百度将有机会在无人驾驶领域战胜谷歌。
5 8 3 3 3 0.651
86证券分析师张雪茹则认为，借助于更好的算法百度可以营造更安全的驾驶环境，在安全领域的领先让百度在自动驾驶领域脱颖而出。
5 7 3 2 3 0.548
清华大学计算机科学教授邓志东认为，百度是中国企业中少数几家有机会赶超谷歌的互联网公司之一，因为其有全国最大的自动驾驶技术研发机构，优势在于深度学习的算法和软件，其中包括两个设在硅谷的实验室。
5 9 4 1 1 0.67
该文章指出，百度在今年7月发布了“Apollo”项目，与包括汽车制造商长安，戴姆勒和芯片制造商英伟达在内的70多个合作伙伴共享自动驾驶技术代码和数据，并可以从使用其自动驾驶技术的车辆中获取大量的道路测试数据，并借此训练出更好的自动驾驶技术。
5 10 5 1 5 0.728
此外，百度也在加速实现自动驾驶技术的市场化，目前已经与金龙汽车集团合作，最早将于明年在工业园区投入运营自动驾驶公交车。
5 11 5 2 5 0.591
在2017百度世界大会上，百度宣布在2019年将与江淮、北汽，2020年与奇瑞共同推出L3级无人车。
5 18 7 2 3 0.629
汽车制造商也希望通过推广自主驾驶功能吸引年轻消费者。
5 17 7 1 3 0.273
对此波士顿咨询公司上海合伙人徐刚表示：“他们（监管机构）正在重新审视现行的交通法规。
5 19 7 3 3 0.478
“而上海交通大学教授杨明也表示：“中国政府有较强的决策能力和执行力，中国也有很好的互联网技术，这些都是推广自动驾驶汽车的有利因素。”
6 1 1 1 2 0.613
近日，福布斯网站刊发文章指出，虽然谷歌、Uber、特斯拉等科技公司纷纷布局的自动驾驶将成为汽车行业的未来，但在中国这些公司不太可能有所作为。
6 2 1 2 2 0.629
中国未来可能是全球最大的汽车市场，百度拥有拥有自己独特的算法、良好的商业合作伙伴以及政府的大力支持，得益于此百度将有机会在无人驾驶领域战胜谷歌。
6 3 2 1 3 0.652
谷歌早已进军无人驾驶汽车领域，除此之外，Uber、特斯拉以及其他几家世界级的科技公司也都先后进入了这一领域。
6 4 2 2 3 0.689
这些公司都已在路上测试和部署无人驾驶汽车。
6 5 2 3 3 0.661
毫无疑问，在竞争超级激烈的汽车行业，无人驾驶汽车相关的竞争定会走到前沿。
6 11 5 1 3 0.658
86证券分析师张雪茹(音译,ZhangXueru)表示，百度拥有更优秀的算法来训练自动驾驶汽车分辨障碍物体和避免碰撞能力——这使得百度在自动驾驶领域拥有亮眼成绩。
6 12 5 2 3 0.057
“这也是值得百度自豪的一点，因为目前安全是大家最关心的问题”，她认为。
6 15 7 1 3 0.616
目前百度也在加速商业化发展。
6 16 7 2 3 0.652
虽然相关法律还未完全出台，但百度目前已与金龙汽车集团合作，计划最早在明年初推出商用无人驾驶巴士。
6 17 7 3 3 0.586
此外，百度还在2017百度世界大会上宣布在2019年将与江淮、北汽，2020年与奇瑞共同推出L3级无人车。
6 18 8 1 2 0.614
事实上，监管机构并未过多的插手百度的无人驾驶汽车业务，其中的部分原因就是百度公司也在稳步推进政府的一项目标——在前沿技术方面超越西方竞争对手。
6 19 8 2 2 0.468
中国政府希望国内企业能够在具有战略重要意义的10大行业（包括人工智能和机器人）拥有重要一席。
6 23 11 1 1 0.62
据八六研究数据表明，这意味着到2025年底，拥有自动驾驶功能及相关服务的汽车市场将达到1140亿美元，而百度将通过销售自动驾驶软件获得62亿美元的额外营收。
6 24 12 1 4 0.662
但是，随着百度瞄准完全无人驾驶汽车，该公司也面临着一些重大障碍。
6 25 12 2 4 0.427
最为重要的一个障碍就是，完全无人驾驶汽车技术仍然是一项全新的技术，尽管一些技术已经非常先进，例如自动导航等，这一功能可以帮助自然人司机变更车道或设置路线，这一技术也会被用户采用。
6 39 18 1 2 0.633
阻碍大规模应用的另一个障碍就是完全自动化无人驾驶汽车的成本。
6 40 18 2 2 0.364
分析人士认为，激光雷达是全自动化无人驾驶汽车激光测距的关键部件，仅一个激光雷达就要花费30000美元，这样的价格可能让很多人打消念头。
7 2 1 2 2 0.613
这得益于百度算法、商业合作伙伴关系以及政府的大力支持，到2025年百度或将成为全球最大的自动驾驶技术公司，其市值可能超过1000亿美元。
7 1 1 1 2 0.519
网易科技讯11月23日消息，据forbes网站报道，市场分析师指出，在自动驾驶汽车市场，百度可能最终会拥有更大的发言权。
7 3 2 1 1 0.771
诸如谷歌、Uber，特斯拉以及其他一些世界级的科技公司都开始在公共道路上测试和部署自动驾驶汽车技术，自动驾驶技术已是汽车行业的下一个前沿领域。
7 17 8 1 3 0.733
百度也在加速实现自动驾驶技术的市场化。
7 18 8 2 3 0.679
虽然相关法律法规尚未完全落地，但目前百度已经与国家控股的金龙汽车集团合作，最早将于明年在工业园区投入运营自动驾驶公交车。
7 19 8 3 3 0.735
另外据2017百度世界大会发布的公告，其与中国一汽集团和奇瑞汽车等其他几家公司合作生产的车辆将具备一定的自动驾驶功能，如驾驶辅助系统和自动泊车系统。
7 20 9 1 2 0.691
除了对百度首席执行官李彦宏7月份擅自驾驶自动驾驶汽车开出罚单之外，目前监管部门还没有对百度的自动驾驶技术做出太多的干预。
7 21 9 2 2 0.507
这部分是因为公司的举措总体上符合政府在前沿技术方面超越西方的目标，中国制造2025要求国内企业在人工智能和机器人等十个重要战略行业中夺得主动权。
7 23 10 2 2 0.629
汽车制造商也希望通过推广自主驾驶功能吸引年轻消费者。
7 22 10 1 2 0.283
波士顿咨询公司上海合伙人徐刚说：“他们（监管机构）正在重新审视现行的交通法规。
7 26 12 1 1 0.633
八六证券研究有限公司表示，这意味着到2025年，具备自动驾驶功能的汽车销量将达到1140亿美元，而百度将因销售自动驾驶软件获得62亿美元的额外营收。
7 29 14 2 4 0.64
虽然诸如车道辅助行驶以及沿设定路线行驶的自动驾驶系统已经上市，但目前还没有汽车能够实现完全自动驾驶。
7 28 14 1 4 0.592
首要问题在于完全自动驾驶技术还属于前沿学科。
7 30 14 3 4 0.381
谷歌自2009年以来进行了300多万英里的道路测试，但报告称2016年发生了一场比较严重的事故，当时自动驾驶的SUV与低速公交车相撞。
7 31 14 4 4 0.615
尽管如此，清华大学教授邓志东表示，谷歌的自动驾驶汽车仍是世界上最安全的自动驾驶汽车，每万公里的事故发生率约为1.25人，已经非常接近于人类驾驶员水平。
7 32 15 1 2 0.686
在安全性方面，百度曾表示自2013年启动自动驾驶驾驶项目以来还没有发生一次事故，但拒绝透露其自动驾驶驾驶技术道路测试的总里程。
7 33 15 2 2 0.325
邓志东指出：“完全自动驾驶汽车的目标是每千万公里发生一次事故或计算机错误，应当比人类驾驶员安全100倍。这还有很长的路要走。”
7 35 16 2 3 0.622
7月份，公司发布了“阿波罗”项目，与包括汽车制造商长安，戴姆勒和芯片制造商英伟达在内的70多个合作伙伴共享一些自动驾驶技术代码和数据。
7 34 16 1 3 0.544
与此同时，百度已经找出了让自动驾驶汽车变得更加智能的方法。
7 36 16 3 3 0.599
作为回报，百度可以从使用其自动驾驶技术的车辆中获取宝贵的道路测试数据，并利用它们来训练出更好的自动驾驶技术。
8 2 2 1 2 0.703
在11月16日举行的“2017百度世界大会”上，百度公司董事长兼CEO李彦宏宣布，百度将与金龙汽车合作生产一款无人驾驶小巴车，该车将在2018年7月份提前实现无人驾驶汽车的量产。
8 3 2 2 2 0.745
此前，业内判断百度无人驾驶汽车将于2020年实现量产。
8 4 3 1 2 0.696
与百度量产无人驾驶汽车的时间节点不同，包括宝马、奔驰、捷豹路虎在内的各大传统车企纷纷将无人驾驶汽车的量产时间定在了2020年至2030年之间。
8 5 3 2 2 0.739
面对越来越智能化的人机技术和驾驶体验，传统车企与互联网公司正在无人驾驶领域展开一场竞赛。
8 7 5 1 1 0.6
普华永道思略特认为，以美国、欧洲和中国销售的新车为例，2017年，新车销售中有49%属于第1级无人驾驶，更高层次的无人驾驶汽车还未出现；2025年，第2级和第3级无人驾驶汽车将成为主流，在新车销售中的总占比将达到56%，第4级无人驾驶汽车出现，占比为5%；而到了2030年，第1级无人驾驶汽车在新车销售中占比仅为1%，第4级和第5级无人驾驶在新车销售中的总占比将超过40%。
8 8 6 1 1 0.672
与此同时，随着2025年第4级无人驾驶新车的出现，在美国、欧洲和中国销售的新车中无人驾驶汽车的销量也开始上升。
8 12 9 1 2 0.744
目前，传统汽车厂商、互联网巨头等企业无不将无人驾驶看做是未来发展的重要战略布局。
8 13 9 2 2 0.641
但从整个市场发展来看，包括无人驾驶的基础设施、车辆技术、法律法规，以及在出行服务领域的实验和应用发展还不够成熟。
9 2 1 2 2 0.711
此前，业内判断百度无人驾驶汽车将于2020年实现量产，但在近日举行的百度世界大会上，百度CEO李彦宏宣布，百度将与金龙汽车合作生产一款无人驾驶小巴车，2018年7月份将提前实现量产。
9 1 1 1 2 0.583
在国内无人车领域，百度是一直有希望首个实现量产的企业。
9 5 3 1 1 0.798
奇瑞汽车定于2020年推出自动驾驶汽车。
9 6 4 1 1 0.697
事实上，在北京奥林匹克森林公园，已有一款已经上路的无人驾驶汽车——扫地车“奥森智行者”，该车就是利用百度“阿波龙”平台支持的自动驾驶汽车。
9 7 5 1 2 0.601
目前，中国、美国、英国等国政府相继推出人工智能国家战略，人工智能相关领域及产业发展已成为全球科技创新的新焦点。
9 8 5 2 2 0.364
在中国，“人工智能”作为新兴产业的代表，被写入2017年政府工作报告，国务院也正式印发了《新一代人工智能发展规划》。
9 9 6 1 2 0.677
在全球范围内，美国和中国在自动驾驶领域遥遥领先。
9 10 6 2 2 0.178
德国和日本尽管以汽车闻名，但它们已经在这场浪潮中落后了。
9 11 7 1 2 0.63
“关键的区别在于人工智能，”中国自动驾驶汽车公司景驰的联合创始人韩旭表示。
9 12 7 2 2 0.607
“中国和美国在人工智能领域处于领先地位。”在自动驾驶法规方面，中国和美国也在领先。
9 20 13 1 2 0.703
一汽智能网联开发院网联产品开发主任李立安表示，目前全球已经加速进入了自动驾驶L3时代，2020年是全球主要OEM实现L3级智能网联车的节点。
9 21 13 2 2 0.483
对于车企来说，智能炫酷的人机技术是核心竞争力，汽车不再是冷冰冰的交通工具，而是可以与人对话交流的、有情感的交通工具。
9 22 14 1 3 0.667
跨行业的企业同样能在无人驾驶汽车市场分一杯羹。
9 23 14 2 3 0.606
由于汽车智慧网联的发展，未来的汽车制造商将不再孤立、单个作战，他们必须通过整合互联网资源，打造智能产业生态。
9 24 14 3 3 0.524
比如，生产激光导航仪的厂家、高精度地图厂家，这些原本与传统车企没有必然联系的企业，都会成为智能驾驶汽车产业链上的重要环节。
9 31 15 7 7 0.639
这些数据几乎涵盖了无人驾驶汽车研发、上路所需的全部流程，将为整个行业的发展提供有效的参考。
9 30 15 6 7 0.567
到2020年12月份，高速和城市道路全路网自动驾驶数据会对外开放。
9 32 16 1 3 0.642
人工智能正在改变传统驾驶行为，“人工智能＋交通”已经成为资本市场的热点。
9 33 16 2 3 0.654
来自腾讯研究院的报告显示，在我国人工智能企业中，辅助驾驶、自动驾驶领域的融资总金额排名第三位，达107亿元，仅次于计算机视觉图像和自然语音处理领域。
9 34 16 3 3 0.548
该报告分析认为，由于我国在辅助驾驶、自动驾驶领域的企业仅有31家左右，却拥有排名第三的融资额，意味着投资者十分看好这一领域。
9 36 17 2 2 0.686
从事无人驾驶技术研发的驭势科技首席架构师彭进展说，我国各大城市有丰富的交通场景，有海量的交通数据，为无人驾驶算法的训练提供了得天独厚的条件。
9 35 17 1 2 0.24
投资者的信心来自于我国具有的独特优势。
9 39 19 1 1 0.657
深圳市索菱实业股份有限公司车联网业务中心产品经理张杨说，要实现智慧交通，除了无人驾驶之外，还要解决车与车、车与云端之间的通讯问题。
9 42 21 2 2 0.605
近日，科技部决定，依托百度公司建设自动驾驶国家新一代人工智能开放创新平台，而“城市大脑”国家新一代人工智能开放创新平台的工作将由阿里云公司承担。
9 41 21 1 2 0.184
新一轮的探索已经开始。
10 2 1 2 3 0.665
与此同时，各大传统车企也在有条不紊地执行着各自自动驾驶汽车的生产计划。
10 1 1 1 3 0.435
作为最有希望首个实现无人车量产的企业，百度将“阿波龙”无人车量产的时间表提前了两年。
10 3 1 3 3 0.646
显然，越来越智能化的人机技术和驾驶体验，将成为未来汽车的标配
10 5 2 2 2 0.711
此前，业内判断百度无人驾驶汽车将于2020年实现量产，但在近日举行的百度世界大会上，百度CEO李彦宏宣布，百度将与金龙汽车合作生产一款无人驾驶小巴车，2018年7月份将提前实现量产。
10 4 2 1 2 0.583
在国内无人车领域，百度是一直有希望首个实现量产的企业。
10 8 3 3 3 0.743
除了金龙汽车之外，江淮汽车也将在2019年生产“阿波龙”第一代汽车，北汽同样定于2019年生产自动驾驶汽车，奇瑞汽车定于2020年推出自动驾驶汽车。
10 7 3 2 3 0.479
“对于真正的无人驾驶而言，方向盘和驾驶踏板都是多余的。”金龙客车工程研究院院长陈卫强介绍，因为取消了传统汽车的部分零部件，“阿波龙”只有家用A级车大小，可以停在私家车位上，并能搭载14个人，载客量几乎相当于3台轿车。
10 9 4 1 1 0.697
事实上，在北京奥林匹克森林公园，已有一款已经上路的无人驾驶汽车——扫地车“奥森智行者”，该车就是利用百度“阿波龙”平台支持的自动驾驶汽车。
10 14 7 1 2 0.703
一汽智能网联开发院网联产品开发主任李立安表示，目前全球已经加速进入了自动驾驶L3时代，2020年是全球主要OEM实现L3级智能网联车的节点。
10 15 7 2 2 0.483
对于车企来说，智能炫酷的人机技术是核心竞争力，汽车不再是冷冰冰的交通工具，而是可以与人对话交流的、有情感的交通工具。
10 16 8 1 3 0.667
跨行业的企业同样能在无人驾驶汽车市场分一杯羹。
10 17 8 2 3 0.606
由于汽车智慧网联的发展，未来的汽车制造商将不再孤立、单个作战，他们必须通过整合互联网资源，打造智能产业生态。
10 18 8 3 3 0.524
比如，生产激光导航仪的厂家、高精度地图厂家，这些原本与传统车企没有必然联系的企业，都会成为智能驾驶汽车产业链上的重要环节。
10 25 9 7 7 0.639
这些数据几乎涵盖了无人驾驶汽车研发、上路所需的全部流程，将为整个行业的发展提供有效的参考。
10 24 9 6 7 0.567
到2020年12月份，高速和城市道路全路网自动驾驶数据会对外开放。
12 1 1 1 3 0.674
近些年来随着科技和经济的发展，无人驾驶汽车的概念已经越来越向各行各业进行渗透，而其中最为深入的便是互联网行业，各大互联网公司对于无人驾驶汽车也是摩拳擦掌，诸如英特尔，苹果它们都想在无人驾驶汽车领域中夺得先机，然而在中国其实也是一样的。
12 2 1 2 3 0.441
在此之前，百度CEO李彦宏就乘坐在无人车行驶在北京的街道上。
12 5 2 2 2 0.645
在此之前，包括英特尔在内的互联网公司都对无人驾驶汽车投入了大量的研究，但是提到量产的话他们还是在进一步地努力当中，作为汽车的鼻祖奔驰旗下的Smart汽车也推出了无人驾驶的概念汽车，由此可见，这一领域已经成为了未来大多数汽车以及互联网巨头们的必争领域。
12 4 2 1 2 0.35
对于无人车实现量产很多人都是非常期待的，而作为百度CEO的李彦宏曾经在乘坐无人车时收到了罚单，他自己也表示他的的确确收到了罚单，但是这不正是表明了无人车量产即将到来了吗？对于无人驾驶汽车来讲，世界上所有的人都想到了在2020年以后将会实现，然而百度却是先走了一步，将在2018年就要投入量产。
12 7 3 2 3 0.639
当然这也仅仅是开始，在接下来的2019年和2020年期间，百度还要和北汽、江淮、奇瑞等知名汽车企业共同打造无人驾驶汽车。
12 6 3 1 3 0.474
百度的无人车量产是非常有计划的，他们先是要在明年的7月底推出无人驾驶的巴士车，而且这也是百度首次与金龙客车的合作。
12 8 3 3 3 0.434
值得一提的是在本次的2017百度世界大会上，百度和金龙客车生产的无人驾驶巴士就出现在了现场，这也让所有到场的人着实眼前一亮。
12 14 5 2 5 0.72
这辆百度无人驾驶巴士被定义为绿色电动巴士并拥有百度阿波罗4级的自动驾驶能力，搭载易驱智慧能源系统。
12 13 5 1 5 0.197
上述只是通过这辆巴士的外观已经内部方面所了解的一些信息，当然它也有一些比较官方的资料。
12 15 5 3 5 0.236
车身材料上采用了RTM新型复合材料。
12 20 6 3 3 0.605
百度此次无人车量产的宣布无疑使其走在了无人驾驶汽车领域中的前列，虽然百度不是专注生产汽车的企业，但是相信在和北汽、江淮等国内知名车企合作后，它必定会积累到更多有关于汽车的知识和经验，也期待着在明年看到百度无人驾驶巴士的推出，看到它为更多人提供服务。
12 19 6 2 3 0.513
而且不只是这种无人驾驶巴士，甚至是无人驾驶汽车也会像如今的汽车一样无时无刻不为人们提供更加便捷的服务。
13 6 4 1 2 0.638
李彦宏放出的消息有些关键信息：在北京奥林匹克森林公园，智行者扫地汽车搭载了“阿波罗系统”；百度计划在2018年7月与金龙率先实现无人驾驶小巴车的小规模量产及试运营，会先在相对封闭的道路上进行运营。
13 7 4 2 2 0.74
2019年，江淮、北汽均将生产基于阿波罗系统的自动驾驶汽车；最早和百度一起合作生产自动驾驶汽车的奇瑞，也会在2020年推出自动驾驶汽车。
13 11 8 1 1 0.611
据陈小兵介绍，当前阶段各主要汽车生产厂商的无人车技术已经比较成熟，可以实现自动驾驶、自动避让、自动泊车、自动导航等功能，但无一国政府为无人驾驶车上路或运营开出“许可”，即使是政策条件最宽松的美国加州，也仅允许谷歌“路试”。
14 1 1 1 1 0.612
11月13日重庆力帆乘用车有限公司（以下简称“力帆”）与北京百度网讯科技有限公司（以下简称“百度”）及重庆盼达汽车租赁有限公司（以下简称“盼达”）在北京市签订《战略合作框架协议》，三方将在无人驾驶领域展开战略合作，推动无人驾驶在共享汽车商业化场景的实际应用落地。
14 2 2 1 1 0.716
具体到此次的合作内容：百度将在高精地图和自动驾驶等软件方面提升自动驾驶汽车的技术水平；力帆汽车作为整车制造企业，将从之前的重点布局海外转型到国内市场，提供盼达用车自动驾驶的使用车辆；盼达汽车作为运营商，将负责车辆的实际落地和运营服务。
14 3 3 1 4 0.669
基于Apollo平台解决方案的第一辆力帆无人驾驶车在本次战略合作发布会亮相，未来也是盼达租赁的实际用车。
14 4 3 2 4 0.492
该车基于力帆820EV进行打造，官方表示，该车可自动识别交通指示牌和行车信息，具备雷达、相机、全球卫星导航等电子设施，并安装同步传感器。
14 7 4 1 2 0.629
盼达用车计划明年在全国招募100名“AI-Rider”驾驶力帆自动驾驶车辆上路测试，同时协助线下运维、调度、保险等工作。
14 8 4 2 2 0.565
首先，盼达用车将在2018年选定落地城市，进行智能停车场布局；然后，在落地城市的固定区域内开展布局；最后，在公开道路上实现无人驾驶。
15 9 4 1 3 0.613
关于无人驾驶，做AI的公司都不愿意放下这一领域，谷歌Waymo、特斯拉等企业都在想办法一较高下，它是汽车工业未来的方向，而在国内，百度是极少数有能力构建自动驾驶领域开放生态的公司。
15 10 4 2 3 0.348
无人驾驶车什么时候量产？业界的基本共识是2020年，但李彦宏对这个时间表明显不甘心，认为还可以再提前。
15 11 4 3 3 0.627
会上，李彦宏透露，明年7月底，百度将与金龙合作率先实现无人驾驶小巴车的小规模量产及试运营，并在2019年与江淮、北汽、2020年与奇瑞共同推出无人车。
15 16 7 2 7 0.61
在百度世界大会现场，李彦宏当场演示了疲劳驾驶监测系统。
15 15 7 1 7 0.212
“AI，可以让每个人都安全地回家。”李彦宏说。
15 17 7 3 7 0.562
这是一个基于百度大脑的图像识别技术研发系统，通过红外人脸识别判断司机是否疲劳驾驶。
15 21 7 7 7 0.602
在未来，百度无人驾驶还会根据疲劳驾驶监测系统的检测结果，接手卡车，把它自动驾驶至最近的休息区。
15 20 7 6 7 0.3
当监测到司机已经重度疲劳驾驶时，系统还会将司机导航到最近的休息区，就算司机戴上黑色墨镜，也逃不过疲劳驾驶监测系统的“火眼金睛”。
16 7 7 1 2 0.657
百度宣布将在2019年与江淮、北汽，2020年与奇瑞共同推出L3级无人驾驶汽车。
16 8 7 2 2 0.598
两家汽车制造公司先站队跟百度合作，待无人驾驶技术成熟，即可加大量产！
17 3 2 2 2 0.716
11月16日，2017百度世界大会在北京举行，百度公司董事长李彦宏透露，目前无人驾驶技术已经成熟，预计明年7月，百度与金龙客车合作生产的无人驾驶小巴车将实现量产。
17 2 2 1 2 0.584
无人驾驶汽车真的要来了。
17 4 3 1 2 0.672
事实上，全球各大公司在无人驾驶领域的“军备竞赛”早就在激烈进行中，无论是Waymo、英伟达等科技公司，还是丰田、宝马等传统汽车厂商，都将2020年设为无人车产品落地的重要时间节点。
17 5 3 2 2 0.498
谁能率先一步推出商业化的无人驾驶车，对于抢夺市场意义重大。
17 6 4 1 2 0.667
今年7月，百度AI开发者大会上，李彦宏因为乘坐通过Apollo平台生产的无人驾驶汽车引起罚单争议。
17 7 4 2 2 0.344
在2017百度世界大会上，李彦宏首度回应“罚单”事件：“我们的无人车确实吃到了一张罚单，但是我想说的是，如果无人驾驶的罚单已经来了，无人驾驶汽车的量产还会远吗？”
17 10 6 1 4 0.659
据悉，百度无人驾驶车项目于2013年起步，其技术核心是“百度汽车大脑”，包括高精度地图、定位、感知、智能决策与控制几大模块。
17 11 6 2 4 0.572
通过车联网，车与车之间、车与交通设施之间互联，无人车可以科学判断信号灯、道路车辆等信息，提高出行效率。
17 17 8 1 2 0.721
在无人驾驶领域，全球各大公司早已展开角力。
17 18 8 2 2 0.418
“无人驾驶”到底是什么概念？百度会是最早实现无人车量产的公司吗？
17 21 10 2 2 0.655
从宣布的计划来看，百度、谷歌、特斯拉等科技公司更注重L4、L5级别的无人驾驶技术，而宝马、长安等汽车厂商在2020年前后推出的无人车可能只有L3级别。
17 20 10 1 2 0.25
目前，L2和L3已经出现。
17 23 11 2 2 0.617
对比全球无人驾驶领域十余个影响力较大的“玩家”给出的无人车量产时间表，百度2018年的量产承诺确实“快人一步”，能和百度一起在2018年PK无人车量产的可能只有通用，今年2月，这家传统汽车巨头宣布将在2018年开始生产数千辆无人驾驶汽车。
17 22 11 1 2 0.361
通用、福特、丰田、沃尔沃等都在开发L4系统。
17 24 12 1 1 0.609
不过，无论是Waymo、英伟达等科技公司，还是丰田、宝马等传统汽车厂商，都将2020年设为无人车产品落地的重要时间节点。
17 29 16 1 2 0.823
自动驾驶汽车技术近年来发展迅猛，已成为人工智能领域投资的最前沿。
17 30 16 2 2 0.611
研究统计，在过去三年，全球对自动驾驶汽车技术的投入超过800亿美元。
17 32 18 1 1 0.636
在政策扶持和汽车技术突破的推动下，无人驾驶产业化步伐将提速，并提升包括硬件终端、传感器、运营服务等在内的车联网市场空间，潜在规模或达千亿元级别。
17 36 20 2 3 0.665
目前的行业重点是将最先进的技术整合到无人驾驶汽车中，以确保乘客安全抵达目的地。
17 35 20 1 3 0.185
二、相关的安全问题。
17 37 20 3 3 0.254
但要防范汽车网络攻击，就像避免事故那样至关重要。
17 39 22 1 1 0.689
百度与金龙客车联合开发的第二代无人驾驶微循环车“阿波龙”是中国首辆商用级无人驾驶微循环车，这款无人驾驶微循环车的诞生，使百度Apollo（无人驾驶技术平台）携手金龙客车进入一个新的高度，将实现工业4.0时代大众出行的新跨越。
18 7 4 2 4 0.607
百度的无人驾驶概念可以说是人类对于汽车发展的想象延伸，但遗憾至今仍然未有成熟的落地产品。
18 6 4 1 4 0.356
汽车行业飞速发展，它将不再只扮演人的代步工具角色，而是成为人们生活的一部分，它分担了人的大脑和行为。
18 8 4 3 4 0.617
同时，无人驾驶车辆的市场适应度几乎为零，对其的社会硬件配备以及无人驾驶的相关法则都还在讨论阶段。
18 9 4 4 4 0.482
概念好但没有缺少成熟产品以及并非刚需的市场需求一直是百度无人驾驶的硬伤。
18 10 5 1 6 0.629
当百度在无人驾驶领域持续挖掘之时，阿里和腾讯则分别提出自己在该领域的拳头产品——AliOS和AIinCar。
18 11 5 2 6 0.445
就目前三家的研发成果来看，AliOS是最有技术发言权和市场发言权的。
19 2 2 1 1 0.631
“阿波龙”同时也是中国首辆商用级无人驾驶微循环车，这款无人驾驶微循环车的诞生，使百度Apollo携手金龙客车进入一个新的高度，将实现工业4.0时代大众出行的新跨越。
19 3 3 1 2 0.601
百度智能驾驶事业群组总经理李震宇、百度副总裁邬学斌、金龙客车常务副总经理周方明、金龙客车工程研究院副院长陈卫强等人出席了百度世界大会，在智能驾驶分论坛，隆重地发布了第二代无人驾驶微循环车。
19 4 3 2 2 0.605
发布现场，陈院长做了最新商用无人驾驶演讲，并详细介绍第二代无人驾驶微循环车技术亮点。
19 14 7 1 2 0.608
阿波龙在第一代微循环车技术能力的基础上，面向商业化开发，自动驾驶级别达到L4(注：高度自动驾驶，由无人驾驶系统完成所有的驾驶操作)，初期落地场景针对“最后一公里”通勤，计划率先实现特定场景的商业化，比如景区、园区、机场等自动接驳，也能够通过人机交互执行特定的服务任务。
19 15 7 2 2 0.519
随着技术、法规、基础设施、成本等问题逐步解决，自动驾驶巴士将拓展到半封闭式场地甚至是开放性道路市场，如班线、旅游、公交等。
19 17 8 2 2 0.6
结合百度Apollo的自动驾驶解决方案，金龙客车严格按照量产标准进行阿波龙整个开发过程，包括从产品概念，到定义、开发、验证以及最终的上市。
19 16 8 1 2 0.584
集30年客车研发制造经验，以及20年新能源客车研发积淀，金龙客车将扎实的车辆研发实力与制造平台应用于阿波龙。
19 22 11 2 4 0.732
7月双方正式签署了技术合作协议，致力于共同发力无人驾驶生态，此后双方高效、扎实推进无人驾驶在中国商用车领域的落地。
19 21 11 1 4 0.464
2017年4月Apollo计划发布以来，金龙客车成为首批加入Apollo生态的唯一客车企业。
19 23 11 3 4 0.691
从基于Apollo1.0组建的自动驾驶巴士，到首辆无人驾驶微循环车阿波龙的诞生，双方前瞻且具开创性的战略合作，在成就无人驾驶梦想的道路上迈出了里程碑式的步伐。
19 24 11 4 4 0.665
百度智能驾驶事业群组总经理李震宇表示，Apollo平台正在向产品化、量产化、解决方案化迈进，让自动驾驶真正走进现实生活。
19 25 12 1 3 0.649
真正无人驾驶汽车成为主流交通工具，还需要较长时间的探索。
19 26 12 2 3 0.684
百度Apollo开放平台与金龙客车，通过无人驾驶微循环车在特定场景的运营，为无人驾驶车辆在中国的商用落地树立样本和标杆。
19 27 12 3 3 0.51
正如金龙客车常务副总经理周方明所说：“无人驾驶未来的路还很漫长，今天我们同百度Apollo共同迈出了自动驾驶商业化的一小步，希望这一小步可以推动新的大众交通方式向前一大步。”
20 2 2 1 3 0.605
截至2017百度大会上交成绩单当天，Apollo平台正式开放两款落地产品，分别为Apollo小度车载智能系统和ApolloPilot自动驾驶产品。
20 3 2 2 3 0.579
商业量产上，百度将与金龙客车在2018年推出中国首款无人驾驶微循环巴士“阿波龙”，与江淮、北汽在2019年，与奇瑞在2020年推出自动驾驶量产车型。
20 5 3 1 1 0.642
当天，Apollo发布了两款全新产品：人车AI交互系统——Apollo小度车载系统，以及适应中国市场、可量产的自动驾驶产品——ApolloPilot。
20 6 4 1 1 0.637
百度智能驾驶事业群组总经理李震宇说：“Apollo平台正在向产品化、量产化、解决方案化迈进。”言下之意，在Level4、Level5技术远景之外，Apollo开始选择优先将可落地的智能驾驶技术进行产品化了。
20 12 8 1 1 0.725
据百度智能汽车事业部总经理顾维灏介绍，ApolloPilot是百度可量产的自动驾驶产品，卖点在于基于中国交通数据研发，适应中国路况。
20 19 11 2 3 0.617
2018年，ApolloPilot将与多家出行服务商展开合作和示范运营，同年与奇瑞合作的L3级自动驾驶乘用车将实现商业化量产，并于2020年上市。
20 18 11 1 3 0.458
Apollo官方表示，目前，ApolloPilot正致力于通过优化和自学习，探索乘用车、商用车、共享出行等多场景落地。
20 20 11 3 3 0.575
与金龙合作的“阿波龙”微循环无人驾驶小巴，也搭载ApolloPilot，计划于2018年上线运营。
20 21 12 1 1 0.637
日前，百度Apollo与首汽约车、盼达用车等一系列出行服务企业密集签署了合作协议，当时双方高管都曾提到，将于2018年在诸如园区等封闭场景开启自动驾驶试运营，如自动驻车、一键召唤无人车等对出行服务类企业比较刚需的场景化自动驾驶功能，将成为合作双方布局的重点。
20 23 14 1 2 0.643
今天，Apollo选择联合车厂，优先做辅助驾驶以及部分自动驾驶的产品量产准备。
20 24 14 2 2 0.68
而对于智能驾驶和更高阶的无人驾驶，百度Apollo将如何权衡布局呢？
20 28 16 2 3 0.642
但今天，随Apollo小度车载系统和ApolloPilot的推出，百度正在形成汽车工业界以及汽车上游产业链更能够接受的产品。
20 27 16 1 3 0.329
他说，7月初，Apollo以平台的概念，开放的更多是代码，参与者以开发者为主。
20 29 16 3 3 0.597
今天是Apollo“从互联网角度推动汽车产业发展”的尝试。
21 1 1 1 3 0.629
11月16日在2017百度世界大会上，百度首次向开发者和合作伙伴公布了完整的AI生态开放战略，重点介绍了百度无人驾驶车量产计划。
21 2 1 2 3 0.704
百度Apollo平台发布了全球首款人车AI交互系统Apollo小度车载系统，以及适应中国市场、可量产的自动驾驶产品ApolloPilot。
21 3 1 3 3 0.063
而这背后的供应链却与成都有着千丝万缕的联系。
21 4 2 1 1 0.673
在百度世界大会现场，百度创始人、董事长兼首席执行官李彦宏演示了Apollo疲劳驾驶监测技术，这是AI技术和安全驾驶场景的结合。
21 15 6 1 2 0.653
上述视觉感知模块的问世，极大地推动了百度自动驾驶技术的快速发展。
21 16 6 2 2 0.67
在无人车量产方面，预计2018年7月底，百度与金龙合作的无人驾驶小巴车将率先实现小规模量产及试运营，并计划在2019年与江淮、北汽推出L3自动驾驶汽车，2020年与奇瑞共同推出无人车。
22 3 3 1 2 0.606
15日，科技部召开新一代人工智能发展规划暨重大科技项目启动会，公布了首批国家新一代人工智能开放创新平台名单，“百度自动驾驶国家人工智能开放创新平台”入选。
22 4 3 2 2 0.642
备受关注的是，借助Apollo计划，百度将无人车和自动驾驶产业化的时间点再度提前。
22 5 4 1 1 0.604
东方财富证券表示，科技公司的加入将对未来的造车模式产生重要的影响，参考百度与金龙明年计划推出的无人驾驶微循环车的模式，预计未来整车制造业在互联网科技公司的干预下，模式将转变为由科技公司主导设计，整车企业辅助进行测试、生产、组装等后续环节。
22 6 5 1 1 0.623
投资机会方面，上述机构表示，无人驾驶技术的快速发展，将带动车载传感器、摄像头、制动等配套软、硬件的需求快速上升，建议关注已经在智能汽车配套零部件有布局的企业如拓普集团（产品包括各类车用传感器）、浙江世宝（产品包括电动助力转向器）。
22 7 6 1 1 0.665
东北证券指出，无人驾驶是人工智能在汽车及交通领域的应用落地，众多巨头军提前布局，建议关注在车载操作系统领域的优质标的,中科创达、东软集团；在高精度地图及车载芯片具有绝对优势的四维图新；在智能驾驶舱领域前瞻布局的索菱股份、路畅科技。
23 3 1 3 3 0.701
而作为汽车行业转型升级的“突破口”，智能驾驶领域分论坛的演讲备受瞩目。
23 2 1 2 3 0.306
2017百度世界大会于今日举行，吸引了全世界的目光。
23 4 2 1 3 0.666
在论坛中，李彦宏表示：“百度计划在2018年7月底，与金龙合作率先实现无人驾驶小巴车的小规模量产及试运营，并在2019年与江淮、北汽，2020年与奇瑞共同推出无人车。”李彦宏的演讲重点还是侧重在此前百度的无人驾驶这块领域，并未对汽车操作系统做过多的提及。
23 5 2 2 3 0.542
由此可见，在智能驾驶领域这块硝烟弥漫的战场，无人驾驶作为百度的“第一杆枪“，仍然是被寄予厚望并且会持续加大投入的“重要武器”。
23 12 7 1 4 0.601
AliOS作为专为汽车而生的OS，真正将联网能力和计算能力同时赋予汽车，真正地帮助汽车实现智能化。
23 13 7 2 4 0.42
阿里巴巴从2014年开始研发，2016年正式投入商用，经过一年多的市场考验，已经有超过25万辆搭载AliOS的汽车跑在路上。
24 8 4 3 4 0.647
另外，到2019年-2020年，百度将与江淮汽车、北汽集团、奇瑞汽车共同推出无人车。
24 7 4 2 4 0.561
据悉，该款量产车为百度阿波罗与金龙客车合作生产的无人驾驶小巴，名为“阿波龙”。
24 9 4 4 4 0.51
并且，目前搭载了百度阿波罗系统的无人扫地车已经在北京的奥林匹克森林公园开始工作。
24 16 10 1 2 0.605
在人脸识别技术上，李彦宏展示了一款利用该技术建立的疲劳驾驶监测系统。
24 17 10 2 2 0.318
该系统基于度大脑的图像识别技术研发，通过红外人脸识别判断，当卡车司机被手机干扰转头看信息、犯困开始打哈欠或者疲惫到眼睛睁不开的时候，系统就会及时提醒司机集中精力驾驶。
24 22 14 1 2 0.607
无人驾驶汽车开始进入公众视野，距离量产不再遥远。
24 23 14 2 2 0.636
“在前不久我们刚刚宣布和金龙汽车合作，生产一款无人驾驶的小巴车，在2018年7月份实现量产。这个小巴车没有方向盘、没有驾驶位，它是一个真正的无人驾驶汽车。明年开始运营的时候，它会先在相对封闭的道路上进行运营。除了金龙之外，其实我们还有各种各样新的合作伙伴。比如在2019年，江淮汽车会生产基于Apllo的自动驾驶汽车；北汽也会在2019年生产基于Apllo的L3自动驾驶汽车；还有奇瑞会在2020年的时候推出自动驾驶汽车。”
25 1 1 1 2 0.621
无论是Waymo、英伟达等科技公司，还是丰田、宝马等传统汽车厂商，都将2020年设为无人车产品落地的重要时间节点。
25 2 1 2 2 0.421
对比来看，百度2018年量产无人车的承诺确实快人一步。
25 3 2 1 1 0.625
全球各大公司在无人驾驶领域的“军备竞赛”仍在激烈进行中，谁能率先一步推出商业化的无人车，对于抢夺市场意义重大。
25 6 3 3 3 0.62
百度计划在2018年7月底，与金龙合作率先实现无人驾驶小巴车的小规模量产及试运营，并在2019年与江淮、北汽，2020年与奇瑞共同推出无人车。
25 5 3 2 3 0.138
但是作为一个创新者，百度是不甘心的，我们希望能够把这个时间表再提前一些。
25 7 4 1 1 0.602
我们对比了全球无人驾驶领域十余个影响力较大的“玩家”给出的无人车量产时间表，发现百度2018年的量产承诺确实“快人一步”，能和百度一起在2018年PK无人车量产的可能只有通用，今年2月，这家传统汽车巨头宣布将在2018年开始生产数千辆无人驾驶汽车。
25 14 9 1 1 0.655
从宣布的计划来看，百度、谷歌、特斯拉等科技公司更注重L4、L5级别的无人驾驶技术，而宝马、长安等汽车厂商在2020年前后推出的无人车可能只有L3级别。
25 17 10 3 4 0.608
丰田认为自动驾驶技术的主要作用在于让驾驶更安全，驾驶过程不能没有人类控制。
25 16 10 2 4 0.556
对比来看，Waymo、百度等公司认为计算机应当完全代替人类操控汽车，而以丰田为代表的传统汽车厂商大多反对过分依赖技术。
25 18 10 4 4 -0.174
（张少华）
26 1 1 1 2 0.684
近日，2017百度世界大会开启，百度董事长李彦宏在大会上表示，2020年将实现无人驾驶车辆的量产，在2018年底与金龙合作的无人驾驶小巴车将小规模量产及试运营。
26 2 1 2 2 0.57
此外，江淮与北汽也会在2019年生产基于Apollo技术的无人车。
26 5 3 1 2 0.684
根据相关资料显示，金龙无人驾驶车辆采用新能源纯电动电机，除了自动驾驶解决方案外，车内还加入了AI交互系统、特定场景需求架构、微循环车特定自动驾驶系统等环节。
26 6 3 2 2 0.302
为用户解决短途的旅程，比如我们的办公单位在科技园区里，距离地铁站有2公里的距离，但是却没有公交线路，这个时候采用无人驾驶小巴车就可以快速解决这个问题。
27 2 2 1 1 0.676
“阿波龙”同时也是中国首辆商用级无人驾驶微循环车，这款无人驾驶微循环车的诞生，使百度Apollo(无人驾驶技术平台)携手金龙客车进入一个新的高度，将实现工业4.0时代大众出行的新跨越。
27 16 10 1 3 0.649
真正无人驾驶汽车成为主流交通工具，还需要较长时间的探索。
27 17 10 2 3 0.684
百度Apollo开放平台与金龙客车，通过无人驾驶微循环车在特定场景的运营，为无人驾驶车辆在中国的商用落地树立样本和标杆。
27 18 10 3 3 0.565
金龙客车常务副总经理周方明认为:“无人驾驶汽车未来的路还很漫长，今天我们同百度Apollo共同迈出了自动驾驶商业化的一小步，希望这一小步可以推动新的大众交通方式向前迈出一大步”。
28 1 1 1 2 0.684
今年7月，百度创始人李彦宏乘无人驾驶汽车驶上北京五环路却被监管部门调查一事，可以说为百度大力投入的智能汽车业务赚足了流量。
28 2 1 2 2 0.263
在11月16日上午百度世界大会开场发言中，李彦宏坦言这让百度收到了一张来自北京交管部门的罚单。
28 4 3 1 1 0.656
无人车量产的确不远了，在下午的“智能驾驶分论坛”上，百度发布了两款推进智能汽车量产的产品——全球首款人车AI交互系统“Apollo小度车载系统”，以及近期即可量产的自动驾驶产品ApolloPilot。
28 12 8 1 1 0.642
据顾维灏介绍，ApolloPilot能够针对中国的特殊路况提供自动驾驶服务，全面超越市面上现有的安全和驾驶辅助产品。
28 13 9 1 1 0.641
ApolloPilot这个命名不禁让人联想到特斯拉的自动驾驶系统AutoPilot和奔驰的自动驾驶功能DrivePilot。
28 20 14 2 2 0.662
2018年，ApolloPilot就将与多家共享汽车的出行服务商展开合作，同年与奇瑞合作的L3级（自动驾驶的分级，最高为L5）自动驾驶乘用车将实现商业化量产，并将在2020年上市。
28 19 14 1 2 0.099
同样，在量产方面，ApolloPilot也做好了准备。
29 2 1 2 3 0.616
在百度的计划表里，明年7月底与金龙合作的无人驾驶小巴车将率先实现小规模量产及试运营，并在2019年与江淮、北汽，2020年与奇瑞共同推出无人车。
29 1 1 1 3 0.572
11月16日，百度世界大会在北京召开，百度创始人、董事长兼首席执行官李彦宏在会上表示，业内对无人驾驶基本共识是2020年可以实现无人驾驶车的量产，但是百度希望能够把这个时间表再提前一些。
29 3 1 3 3 0.552
据李彦宏透露，奥森的智行者扫地汽车已经搭载了Apollo系统。
29 5 3 1 2 0.606
今年7月的百度AI开发者大会，李彦宏乘坐搭载Apollo系统的无人驾驶汽车前往会场，还因此吃到了罚单。
29 6 3 2 2 0.532
昨天李彦宏提到，无人驾驶的罚单已经来了，无人驾驶汽车的量产还会远吗？
29 8 5 1 5 0.663
李彦宏现场演示了疲劳驾驶监测系统，该系统是基于百度大脑的图像识别技术研发的。
29 9 5 2 5 0.157
通过红外人脸识别判断，当卡车司机被手机干扰转头看信息、犯困开始打哈欠或者疲惫到眼睛睁不开的时候，系统就会及时提醒司机集中精力驾驶。
29 15 6 3 3 0.636
雄安新区管委会主任陈刚直言：“百度集团在智慧城市建设以及大数据、自动驾驶等方面具有领先优势，欢迎百度在雄安新区筹建开放的、国际化的国家级人工智能实验室、高端应用研究机构，特别是建设自动驾驶高新产业的示范区。”
29 14 6 2 3 0.566
Apollo将携手雄安在智能交通领域合作，共同将雄安打造成全球领先的智能出行城市。
29 19 9 1 1 0.602
2017年2月渡鸦科技被百度全资收购，公司创始人吕骋携团队加盟百度，并出任百度智能家居硬件总经理，向COO陆奇汇报，主要负责百度智能硬件、智能家居产品的研发等。
29 27 14 1 2 0.636
百度在人工智能领域布局多年，AI生态版图不断完善。
29 28 14 2 2 0.657
在百度AI生态版图中，处于基础地位的是百度AI开放平台，在自动驾驶开放平台、智能语音开放平台之外，深度学习开源平台、百度大脑等底层技术开放平台也推动着百度乃至中国人工智能事业的发展。
30 1 1 1 2 0.677
从概念到产品，11月16日的百度2017世界大会上，百度CEO李彦宏首度系统披露了包括无人驾驶和智能音箱在内的AI落地进展。
30 2 1 2 2 0.402
在阿里、腾讯抢先发布多款AI产品的背景下，最卖力的百度开始解决“纸上谈兵”非议。
30 3 2 1 1 0.681
甚至比计划更早，李彦宏瞄准2018年，“无人驾驶基本共识是2020年量产，但百度希望把时间表再提前一些。百度计划在2018年7月底，与金龙客车实现无人驾驶小巴车的小规模量产；在2019年与江淮生产基于Apollo的自动驾驶汽车、与北汽在同年生产基于Apollo的L3自动驾驶汽车；2020年与奇瑞共同推出无人车”。
30 5 4 1 2 0.637
比无人车更大的野心是，百度在智慧城市方面也有系统计划，Apollo将联合雄安新区展开智能交通领域合作，共同打造智能出行城市。
30 6 4 2 2 0.41
“百度和保定、芜湖、重庆两江新区、北京亦庄开发区、上海汽车城都在做类似合作。”李彦宏说，“这些进展的背后是百度大脑的支持，它具有语音识别、图像识别、自然语言理解、用户画像四项基本能力。”
30 20 13 1 4 0.609
就在百度披露AI落地路线图的同一天，腾讯入局智能汽车。
30 21 13 2 4 0.571
腾讯公司董事会主席马化腾亲自发布了腾讯在智能网联领域的最新合作成果——由广汽集团自主研发的iSPACE智联电动概念车。
30 24 14 1 3 0.697
与百度关注无人驾驶不同，腾讯此次侧重于汽车本身的智能化。
30 25 14 2 3 0.454
在人车交互场景智能方面，iSPACE概念车可智能识别感知多种出行场景，包括通勤、约会、机场接送、购物停车、自驾出游等，未来还会包含车况场景和汽车周边场景。
31 1 1 1 1 0.6
目前在智能汽车领域特斯拉肯定还是当之无愧的老大，电动汽车结合无人驾驶技术也是今后汽车发展不争的目标，国内外的互联网、汽车界都在努力研发自己的黑科技，苹果、谷歌、奔驰、特斯拉在很多年前就宣布开始成立部门，最近倒没有太大的动静，应该是在厚积薄发。
32 1 1 1 2 0.693
新华社北京11月16日电（记者张辛欣、鲁畅）2017百度世界大会16日召开，百度公司董事长李彦宏在大会上指出，目前，无人驾驶技术已经成熟，预计明年7月，百度与金龙客车合作生产的无人驾驶小巴车将实现量产。
32 2 1 2 2 0.655
此外，百度也与江淮、北汽等合作伙伴联合推出更多款车型的无人驾驶汽车。
32 3 2 1 3 0.658
随着人工智能技术日益成熟，其应用也向更多领域拓展，无人驾驶就是其中之一。
32 4 2 2 3 0.618
世界很多国家都将无人驾驶视为人工智能应用爆发点，纷纷布局于此，我国也不例外。
32 5 2 3 3 0.614
不久前发布的《新一代人工智能发展规划》就将包括自动驾驶汽车在内的智能运载工具列为重点方向之一。
32 6 3 1 4 0.663
百度无人驾驶车项目于2013年起步，其技术核心是“百度汽车大脑”，包括高精度地图、定位、感知、智能决策与控制几大模块。
32 7 3 2 4 0.572
通过车联网，车与车之间、车与交通设施之间互联，无人车可以科学判断信号灯、道路车辆等信息，提高出行效率。
33 4 2 3 4 0.715
李彦宏乘无人驾驶汽车驶入社会道路，而且还是环路主路。
33 3 2 2 4 0.273
李彦宏通过视频直播连线介绍了自己的体验，并明确驾驶员位置上的同伴并没有操作方向盘。
33 5 2 4 4 0.464
百度随即回应称，李彦宏所乘无人驾驶汽车驾驶座上有人乘坐，只是双手没有触碰方向盘。
33 9 4 3 3 0.648
“百度计划在2018年7月底，与金龙合作率先实现无人驾驶小巴车的小规模量产及试运营，并在2019年与江淮、北汽，2020年与奇瑞共同推出无人车。今天在奥森，智行者扫地汽车已经搭载上了阿波罗系统。”
33 8 4 2 3 0.121
但李彦宏称，希望能够把这个时间表再提前一些。
33 10 5 1 1 0.72
李彦宏透露，在2019年，江淮汽车会生产基于Apollo的自动驾驶汽车；北汽也会在2019年生产基于Apollo的L3自动驾驶汽车；还有最早和百度一起合作生产自动驾驶汽车的奇瑞，会在2020年推出自动驾驶汽车。
33 14 7 1 5 0.678
在大会现场，李彦宏演示了疲劳驾驶监测系统，该系统基于百度大脑图像识别技术研发。
33 15 7 2 5 0.157
通过红外人脸识别判断，当卡车司机被手机干扰转头看信息、犯困开始打哈欠或者疲惫到眼睛睁不开的时候，系统就会及时提醒司机集中精力驾驶。
33 22 9 2 3 0.681
目前百度初步形成了对话式人工智能和自动驾驶生态系统，为行业输出多层次、立体化的AI解决方案。
33 21 9 1 3 0.51
同时，百度也在推进Apollo平台和DuerOS生态。
33 23 9 3 3 0.51
此外，百度人工智能技术已覆盖金融、教育、医疗、交通、家电等各行各业。
33 36 14 2 4 0.708
比如在2019年，江淮汽车会生产基于Apollo的自动驾驶汽车；北汽也会在2019年生产基于Apollo的L3自动驾驶汽车；还有最早和百度一起合作生产自动驾驶汽车的奇瑞，会在2020年的时候推出自动驾驶汽车。
33 35 14 1 4 0.334
除了金龙之外，其实我们还有各种各样新的合作伙伴。
33 37 14 3 4 0.065
如果今天大家有机会到奥森去看的话，可以看到奥森的“智行者”扫地车也已经是用Apollo来支持运营了。
34 7 6 1 3 0.606
而在前不久，百度刚刚宣布了和金龙汽车合作，生产一款无人驾驶的小巴车，小巴车将在2018年7月份实现量产。
34 8 6 2 3 0.412
而在发布会上公布的视频来看——这个小巴车没有方向盘、没有驾驶位，它是一个真正的无人驾驶汽车。
35 7 3 3 4 0.647
另外，到2019年-2020年，百度将与江淮汽车、北汽集团、奇瑞汽车共同推出无人车。
35 6 3 2 4 0.561
据悉，该款量产车为百度阿波罗与金龙客车合作生产的无人驾驶小巴，名为“阿波龙”。
35 8 3 4 4 0.51
并且，目前搭载了百度阿波罗系统的无人扫地车已经在北京的奥林匹克森林公园开始工作。
35 24 15 1 2 0.605
在人脸识别技术上，李彦宏展示了一款利用该技术建立的疲劳驾驶监测系统。
35 25 15 2 2 0.318
该系统基于度大脑的图像识别技术研发，通过红外人脸识别判断，当卡车司机被手机干扰转头看信息、犯困开始打哈欠或者疲惫到眼睛睁不开的时候，系统就会及时提醒司机集中精力驾驶。
36 6 4 1 1 0.612
根据业内人士的预测，大量的无人驾驶技术应用、无人车上市的时间是2020年，但李彦宏表示百度将走得更快，与金龙合作的无人车小巴将在2018年量产，其他的合作无人车将在2019年或之后陆续量产。
37 7 3 3 3 0.62
百度计划在2018年7月底，与金龙合作率先实现无人驾驶小巴车的小规模量产及试运营，并在2019年与江淮、北汽，2020年与奇瑞共同推出无人车。
37 6 3 2 3 0.138
但是作为一个创新者，百度是不甘心的，我们希望能够把这个时间表再提前一些。
37 8 4 1 2 0.637
在百度世界大会现场，快科技前方编辑捕捉到了百度金龙合作的无人驾驶小巴车。
37 9 4 2 2 0.404
从实车来看，该无人驾驶小巴车尺寸不大，车辆周身安置了多款雷达和传感器，采用双门设计，无方向盘，预计可载乘客四名。
37 10 5 1 1 0.624
从官方资料来看，该车为绿色纯电动巴士，搭载易驱智慧能源系统，车辆采用RTM新型复合材料，采用低地板、电动塞拉门设计，支持百度阿波罗L4级别自动驾驶能力，内置DuerOS人车AI交互系统，同时支持龙翼无人车云端运营管理，支持多重安全冗余防护，支持OTA软件升级。
38 10 4 3 4 0.62
百度计划在2018年7月底，与金龙合作率先实现无人驾驶小巴车的小规模量产及试运营，并在2019年与江淮、北汽，2020年与奇瑞共同推出无人车。
38 9 4 2 4 0.138
但是作为一个创新者，百度是不甘心的，我们希望能够把这个时间表再提前一些。
38 11 4 4 4 0.52
今天在奥森，智行者扫地汽车已经搭载上了阿波罗系统。
39 2 2 1 2 0.653
11月13日，百度、盼达用车、力帆汽车无人驾驶战略合作发布会在北京举行。
39 3 2 2 2 0.77
现场展示了首款应用无人驾驶技术的共享汽车。
39 14 7 1 3 0.678
今年4月19日百度正式发布阿波罗计划，向汽车行业及自动驾驶领域的合作伙伴提供平台，帮助他们结合车辆和硬件系统，快速搭建一套属于自己的完整自动驾驶系统。
39 15 7 2 3 0.528
无人驾驶技术的落地除了需要一颗可以自我学习的最强大脑外，离不开车辆的本身作为载体，汽车人工智能依靠高精度地图数据，城市的交通道路数据，例如红绿灯的优化、道路的限流分流等进行自我学习，这些都是基于大数据作为支撑。
39 16 7 3 3 0.697
而盼达这样的大型共享出行项目，可以给予无人驾驶技术自我学习的数据反馈，推动无人驾驶技术中算法的快速迭代，支撑无人驾驶解决方案的成熟度问题。
39 18 8 2 2 0.718
而大数据、智能化与百度Apollo计划的落地需求刚好契合，能够更快地帮助百度完成自动驾驶技术的优化和商业化运营，共同探索自动驾驶汽车的创新模式。
39 17 8 1 2 0.521
据盼达官方介绍，盼达的核心发展方向是以庞大出行数据库为基础，基于LBS面向消费场景的布局；另一个方向是推动车辆如何更加智能更懂人类，盼达成立了自己的X-pand实验室，应用各样的黑科技在共享汽车上以提升用车体验。
40 1 1 1 1 0.621
重庆力帆乘用车有限公司（以下简称“力帆”）与北京百度网讯科技有限公司（以下简称“百度”）及重庆盼达汽车租赁有限公司（以下简称“盼达”）在北京市签订《战略合作框架协议》，三方将在无人驾驶领域展开战略合作，推动无人驾驶在共享汽车商业化场景的实际应用落地。
40 2 2 1 1 0.716
具体到此次的合作内容：百度将在高精地图和自动驾驶等软件方面提升自动驾驶汽车的技术水平；力帆汽车作为整车制造企业，将从之前的重点布局海外转型到国内市场，提供盼达用车自动驾驶的使用车辆；盼达汽车作为运营商，将负责车辆的实际落地和运营服务。
40 3 3 1 4 0.669
基于Apollo平台解决方案的第一辆力帆无人驾驶车在本次战略合作发布会亮相，未来也是盼达租赁的实际用车。
40 4 3 2 4 0.492
该车基于力帆820EV进行打造，官方表示，该车可自动识别交通指示牌和行车信息，具备雷达、相机、全球卫星导航等电子设施，并安装同步传感器。
40 7 4 1 2 0.629
盼达用车计划明年在全国招募100名“AI-Rider”驾驶力帆自动驾驶车辆上路测试，同时协助线下运维、调度、保险等工作。
40 8 4 2 2 0.565
首先，盼达用车将在2018年选定落地城市，进行智能停车场布局；然后，在落地城市的固定区域内开展布局；最后，在公开道路上实现无人驾驶。
41 2 1 2 2 0.719
目前，无人驾驶汽车已经发布。
41 1 1 1 2 0.54
【TechWeb报道】11月14日消息，昨日晚间，力帆股份发布公告称，公司全资子公司重庆力帆乘用车有限公司（以下简称“力帆乘用车”）与北京百度网讯科技有限公司（以下简称“百度”）及重庆盼达汽车租赁有限公司（以下简称“盼达”）在北京市签订《战略合作框架协议》，三方将主要围绕自动驾驶展开合作，并不断推进共享汽车在自动驾驶领域的商业应用。
41 3 2 1 1 0.716
具体到此次的合作内容：百度将在高精地图和自动驾驶等软件方面提升自动驾驶汽车的技术水平；力帆汽车作为整车制造企业，将从之前的重点布局海外转型到国内市场，提供盼达用车自动驾驶的使用车辆；盼达汽车作为运营商，将负责车辆的实际落地和运营服务。
42 2 1 2 2 0.702
盼达用车创始人及CEO高钰博士、百度智能汽车事业部总经理顾维灏、百度智能汽车副总经理张少宇出席发布会并致辞，盼达与百度的此次合作将成为共享出行领域第一个无人驾驶商业应用项目。
42 1 1 1 2 0.523
中新网11月14日电13日，盼达用车与百度在北京召开发布会，宣布双方将在无人驾驶和示范运营等多个领域和层面达成战略合作。
42 5 2 3 3 0.638
此次与百度合作发布搭载无人驾驶的共享汽车，将开启共享出行领域全新的服务模式，也将给用户带来全新的出行方式。
42 4 2 2 3 0.578
盼达用车CEO高钰博士表示，此次双方的合作是无人驾驶在共享出行领域的第一个商业应用项目，盼达一直致力于通过互联网、车联网、人工智能等创新技术来提升用户的用车体验，通过接入第三方征信免除押金、第三方用车接口等来简化用户的用车流程，在各个方面，盼达都已经走在了前列。
42 6 3 1 1 0.705
业内人士分析，共享出行+无人驾驶，盼达与百度此次的合作具有深远的战略意义，这标志着无人驾驶技术，首次从科技公司的测试阶段走向了面向商业应用的落地阶段，加速了全社会对无人驾驶的认可度和接受度。
42 7 4 1 3 0.674
双方在发布会现场宣布，盼达用车与百度将共同成立一个支撑无人驾驶商业运营的技术服务公司，目前，该项目正在选择示范落地的城市，而该模式也是百度阿波罗计划里落地应用的示范。
42 8 4 2 3 0.65
百度智能汽车事业部总经理顾维灏在现场作了相关介绍，利用百度的无人驾驶技术，盼达用车将实现更深层次的智能化，进一步优化用户的用车体验，提高产品的人机交互体验。
42 9 4 3 3 0.709
示范运营项目的落地，有助于双方在各自领域实现快速发展，全面打造“共享汽车+无人驾驶”的新生态。
42 10 5 1 1 0.667
目前国家对自动驾驶还未出台相应的法律法规，但无人驾驶和新能源这两个点已经成为行业内可预见的趋势，此次盼达与百度合作落地示范运营，开辟行业先河的同时，也将为积极探索无人驾驶在共享出行领域的商业配套和相关法律法规的出台积累宝贵的经验，积极推动制定行业的相关准入标准。
43 1 1 1 1 0.734
11月13日下午，力帆、百度等召开发布会，力帆汽车、盼达用车将正式成为百度Apollo开放平台的生态合作伙伴，三方将在无人驾驶领域展开战略合作，推动无人驾驶在共享汽车商业化场景的实际应用。
43 3 2 2 3 0.692
在发布会现场，力帆还展示旗下基于Apollo平台解决方案的第一辆无人驾驶商用共享汽车。
43 2 2 1 3 0.413
近年来，随着人工智能的快速发展，国内制造业面临前所未有的大变革。
43 4 2 3 3 0.678
力帆集团总裁马可表示，力帆汽车希望通过与百度、盼达的合作，充分利用各自的资源优势，共同推进无人驾驶技术的发展和商业化推广应用。
43 5 3 1 1 0.692
据力帆集团副总裁沈浩杰透露，三方合作内容主要包括三个部分，首先百度的高精度地图服务是力帆自动驾驶、无人驾驶领域的唯一合作伙伴；力帆、盼达加入百度Apollo生态，并达成战略合作；百度将提供高精地图和无人驾驶解决方案，力帆汽车则负责协调盼达用车的试验车辆以及市场运营车辆，三方协作推进量产开发。
43 6 4 1 1 0.791
此外，百度智能汽车事业部总经理顾维灏表示，共享汽车是百度极为关注的无人驾驶商业化场景，此次Apollo与力帆汽车及盼达用车的合作，将使无人驾驶技术能够在共享汽车领域落地，这是无人驾驶产品在商业化场景实际应用中历史性的一刻。
43 7 5 1 3 0.627
据证券时报·e公司记者了解，这辆车是基于力帆820EV改造而成的无人驾驶汽车，可自动识别交通指示牌和行车信息，具备雷达、相机、全球卫星导航等电子设施，并安装同步传感器。
43 8 5 2 3 0.421
车主只要向导航系统输入目的地，汽车即可自动行驶，前往目的地。
44 3 1 3 3 0.739
三方将推动无人驾驶在共享汽车商业化场景的实际应用。
44 2 1 2 3 0.531
力帆、盼达成为百度Apollo开放平台的生态合作伙伴。
44 4 2 1 1 0.699
据力帆集团副总裁兼汽车研究院院长沈浩杰透露，合作内容主要包括三个部分：首先百度的高精度地图服务是力帆自动驾驶、无人驾驶领域的唯一合作伙伴；力帆、盼达加入百度Apollo生态，并达成战略合作；百度将提供高精地图和无人驾驶解决方案，力帆则负责协调盼达的试验车辆以及市场运营车辆，三方协作推进量产开发。
44 5 3 1 4 0.72
百度的Apollo平台旨在帮助汽车行业及自动驾驶领域的合作方结合车辆和硬件系统，搭建一套属于自己的自动驾驶系统。
44 6 3 2 4 0.739
百度智能汽车事业部总经理顾维灏表示，一直以来，共享汽车都是百度极为关注的自动驾驶商业化场景。
44 7 3 3 4 0.726
此次Apollo与力帆和盼达的合作，使自动驾驶技术能够在共享汽车领域落地，极具市场潜力。
44 8 3 4 4 0.521
百度可以帮助盼达解决一些问题，例如用户怎么方便地找到汽车，并且提高共享汽车的运营效率。
44 10 4 2 4 0.724
作为一家汽车生产商，力帆在发布会上展示其基于Apollo平台解决方案的第一辆无人驾驶汽车。
44 9 4 1 4 0.34
力帆集团旗下的力帆股份是A股上市企业(股票代号601777)。
44 11 4 3 4 0.417
它具备雷达、相机、全球卫星导航等电子设施，并安装同步传感器。
44 13 5 1 3 0.677
盼达是由力帆控股战略投资的新能源汽车智能出行平台，已在重庆等地进行汽车分时租赁业务。
44 14 5 2 3 0.389
其CEO高钰在发布会上宣布，会在30天内选定一个城市落地合作运营示范项目。
45 1 1 1 1 0.675
今年7月，李彦宏乘坐百度无人驾驶汽车驶上北京五环的视频，引来了当地交管部门的调查，也让智能驾驶普及之前法律适用性问题得到了社会各界的关注。
45 8 8 1 3 0.619
在今年7月5日举行的百度AI开发者大会上，百度播放了一则百度创始人李彦宏乘坐无人驾驶汽车行驶在公路上的视频。
45 9 8 2 3 0.107
该视频经互联网传播后，引发了热议。
45 12 9 2 2 0.717
就在11月7日召开的世界智能网联汽车大会上，同济大学汽车学院汽车安全研究所所长朱西产透露，国家正在研究无人车路测的合规化，2018年6月可能会发布首张自动驾驶汽车上路测试牌照。
45 11 9 1 2 0.523
法律法规的空白也让无人驾驶汽车在国内开展实地路测，成了一种踏雷区的行为。
45 18 12 1 3 0.621
目前，智能驾驶是百度人工战略中颇为重要的一环。
45 19 12 2 3 0.596
今年3月，百度宣布，将自动驾驶事业部（L4）与智能汽车事业部（L3）合并，成立了新的智能驾驶事业群（IDG）；随后又在4月公布了“Apollo（阿波罗）计划”，向全产业链开放百度在自动驾驶方面的技术能力，打造智能汽车界的“安卓”。
46 6 6 1 1 0.61
百度先后上线了DuerOS和Apollo（阿波罗）两个开放技术平台，前者专注于为智能硬件厂商提供对话式的自然语音交互技术，后者则是目前国内惟一向全产业链上下游开放的智能驾驶技术平台。
46 13 9 4 4 0.658
这也是百度推出阿波罗计划和大力发展无人驾驶技术的重要原因。
46 12 9 3 4 0.532
在自主体系里面最能够实现商业化的就是汽车。
46 70 27 2 5 0.681
阿波罗是我们无人驾驶、自动驾驶的一个平台。
46 69 27 1 5 0.314
同时在人工智能时代，我刚才讲到，新一代的人工智能计算平台的端，它是有智力的，在这方面我们有DuerOS，它是一个能唤醒万物的平台。
46 71 27 3 5 0.383
同时我们也在打造新的移动生态的平台。
47 5 5 1 1 0.616
现在无处不在的腾讯微信服务就是一个内部开发项目，腾讯将成为中国最大的进入自主驾驶汽车领域的企业。
47 7 7 1 1 0.69
这将对百度形成正面冲击，百度投入了数十亿美元在人工智能（AI）和自动驾驶研究上，并打算到2018年让自动驾驶汽车上路。
47 10 9 1 1 0.676
腾讯董事长马化腾3月份表示，他希望未来腾讯能开发基于AI的无人驾驶汽车技术。
47 12 10 2 2 0.619
蔚来曾许诺，要在2020年之前将插电式自动驾驶汽车推向美国市场。
47 11 10 1 2 0.464
腾讯也是中国互联网企业家李斌（WilliamLi）创办的电动汽车初创公司Nio（蔚来）的早期投资者。
48 1 1 1 2 0.675
百度副总裁邬学斌认为，自动驾驶汽车市场将在2030年出现拐点，2040年将主导市场。
48 2 1 2 2 0.546
到2050年L4级自动驾驶将占据市场95%份额。
48 3 2 1 2 0.727
如今汽车的智能化、共享化、智能化趋势已经成为行业共识，其中汽车智能化具体表现就是实现车联网、自动驾驶等功能。
48 4 2 2 2 0.465
根据美国交通部下属的NHSTA（国家高速路安全管理局）以及SAEInternational，（国际汽车工程师协会）对自动驾驶的级别规定，自动驾驶将被划分L0至L5一共6个级别。
48 6 4 1 1 0.721
11月2日，在第五届中韩汽车产业发展论坛上，百度副总裁邬学斌明确表示：2050年95%汽车将实现L4级自动驾驶。
48 7 5 1 3 0.745
论坛会上，邬学斌指出目前百度汽车智能化业务主要在车联网、L3级、L4级的自动驾驶等领域。
48 8 5 2 3 0.352
这样的业务开展正式基于AI时代的来临，而AI时代的来临有三个先决条件，第一，芯片计算能力大幅增加，而且计算成本大大下降；第二，大数据集中度的进一步提升被利用；第三，云计算规划化普及分布式计算成为可能。
48 13 7 1 4 0.627
邬学斌认为，自动驾驶汽车市场将在2030年出现拐点，2040年将主导市场。
48 14 7 2 4 0.546
到2050年L4级自动驾驶将占据市场95%份额。
48 25 11 2 2 0.616
到2020年底，百度自动驾驶功能将全部开放，包括城市道路，高速路。
48 24 11 1 2 0.437
根据时间规划，阿波罗资源共享将在今年年底对社会进行数据平台2.0版本开放。
48 31 14 1 2 0.603
百度无人驾驶车计划的进展离不开高精度地图和定位能力支持，据邬学斌介绍百度高清度地图目前精确度已经达到厘米级。
48 32 14 2 2 0.479
未来的定位必须保证车辆在一个车道上，在定位数据收集上，百度依靠真实路况行驶车辆进行收集，同时将收集的数据进行随机组合从而组成新的数据，依据模拟器进行无人驾驶模拟从而得出各种路况。
49 1 1 1 1 0.701
2017年10月19日有外国媒体报道，智能芯片公司英伟达CEO黄仁勋在GPU技术大会上对无人驾驶汽车的市场作了前瞻性预测，认为2020年无人驾驶出租车将大量出现。
49 5 3 3 3 0.631
但同时，传统汽车在发展中暴露的问题也在不断催生无人驾驶汽车的出现。
49 4 3 2 3 0.52
加之汽车保有量的提高，以及传统汽车性能不断提升和改善，人们对于汽车依赖性越来越强。
49 7 4 2 2 0.602
在安全、交通、环境、资本介入等各种因素的催化下，无人驾驶汽车实现了跳跃式的快速发展，其背后是社会、科技、互联网等领域共同作用的结果。
49 6 4 1 2 0.457
近几年来，无人驾驶汽车的发展可谓如火如荼，不管是在中国还是美国抑或欧洲，都有适合它生长的土壤。
49 8 5 1 4 0.661
其一，传统汽车的安全问题推动了无人汽车的发展。
49 9 5 2 4 0.363
《2016年国民经济和社会发展统计公报》显示，去年末全国民用汽车保有量19440万辆，比上年末增长12.8%，其中私人汽车保有量16559万辆，增长15.0%。
49 17 7 4 4 0.641
在提倡节能减排的时代，无人驾驶汽车更是作为主角粉墨登场。
49 16 7 3 4 0.23
据统计，每年我国因交通拥堵带来的经济损失高达2500亿元，2016年全国机动车排放污染物超4400万吨。
49 20 8 3 3 0.701
各大车企、科技公司、互联网公司等已经开始布局，将无人驾驶汽车的上市目标提上了日程。
49 19 8 2 3 0.554
无人驾驶汽车概念自问世以来，各界对其关注就从未停止过，且研发的进度和力度不断加快。
49 21 9 1 3 0.62
研究机构cbinsights的调查报告显示，近几年来涉足研发无人驾驶汽车的企业越来越多。
49 22 9 2 3 0.448
该报告指出，研发无人驾驶的企业从2015年的25家现已上升到了44家，还有很多创业公司未计算在内。
49 23 9 3 3 0.749
而互联网公司研发的无人驾驶汽车主要以美国的谷歌、中国的百度为代表，无人驾驶汽车制造商则可以以特斯拉为主，看无人驾驶的新动向。
49 24 10 1 2 0.604
以谷歌、特斯拉、百度为代表的巨头试图自研无人汽车，从而占据无人车市场的半壁江山。
49 25 10 2 2 0.576
巨头们看到了无人驾驶巨大的市场潜力，都在努力将无人驾驶汽车变现为自己手中的一张王牌。
49 26 11 1 1 0.62
谷歌是全球最有实力的互联网公司，目前，谷歌在无人驾驶汽车领域里已经有了自己的品牌和产品。
49 27 12 1 2 0.656
2009年，谷歌分别对七辆传统汽车进行改装并上路测试，初步开启了谷歌无人驾驶研发的新征程。
49 28 12 2 2 0.63
2012年，谷歌向外界展示了自己研发的自动驾驶技术赛车，而在同年的5月份，美国内华达州政府为谷歌无人驾驶汽车颁发了一张合法的上路牌照，这意味着谷歌无人驾驶汽车的测试又向前推进了一步。
49 29 13 1 2 0.663
2014年，谷歌无人驾驶汽车使用的软件系统已经可以全方位监测路上的目标，包括行人、汽车等，确保该车的安全性及可靠性。
49 30 13 2 2 0.69
彼时谷歌研发的真正意义上的无人驾驶汽车“萤火虫”面世，该车去掉了方向盘、刹车、油门等传统汽车配件，可实现一键启动的自动驾驶。
49 31 14 1 2 0.623
拥有大量的搜索数据支撑及雄厚的资金支持，从无人驾驶汽车项目的上马、到测试车辆上路、再到研发出自己的产品，谷歌只用短短的几年就成为了无人驾驶汽车行业的佼佼者。
49 32 14 2 2 0.416
虽然几度换负责人致使进展缓慢，但谷歌还是毅然拿下了无人汽车市场。
49 35 16 1 2 0.707
2017年7月5日，百度AI开发者大会中，李彦宏在视频中自己乘坐无人驾驶汽车，并借此向观众展示百度近年来研发的无人驾驶汽车技术。
49 36 16 2 2 0.761
作为国内著名的搜索引擎，百度在国内无人驾驶汽车领域已经捷足先登了。
49 37 17 1 1 0.645
事实上，无人驾驶汽车的研发是一个系统性工程，投入的资金和精力巨大，单靠自身力量难以完成，因此，百度巧妙地将自己定位为底层技术服务商，“广交朋友”吸纳合作伙伴，这一举动无疑加速了百度无人驾驶汽车的研发进程，也间接加快了智能汽车产业化的速度。
49 38 18 1 2 0.698
但百度研发无人驾驶汽车并非一帆风顺，近几年，百度一直在试图摆脱贴吧、医疗事件的影响，随着高层人事的大换血，百度在最快时间内调整了战略方向，将人工智能的无人驾驶汽车纳入百度发展的主航道上。
49 39 18 2 2 0.484
砍掉了诸多“累赘”的百度其实更希望能通过无人驾驶汽车重新洗牌，挽救口碑渐下的百度品牌。
49 40 19 1 1 0.622
如果说美国的谷歌和中国的百度作为无人驾驶汽车研发领域里标杆的话，那么特斯拉就是这个领域里新升的旗帜。
49 42 20 2 2 0.625
特斯拉将自研无人驾驶技术作为一个辅助性的工具帮助人类实现驾驶，说到底，谷歌和百度是以数据起家的，他们更依赖于数据、计算机进行操作，特斯拉则能更快落地，直接触达核心产品。
49 41 20 1 2 0.584
与谷歌、百度做搜索的出身不同，特斯拉汽车公司更直接地接触汽车制造、生产、与研发环节。
49 44 21 2 3 0.627
2014年，特斯拉开始涉足无人驾驶领域，其自研的Autopilot2.0系统目前已发布，和谷歌一样获得了加州颁发的上路牌照。
49 43 21 1 3 0.369
特斯拉于2003年成立于硅谷，经过短短十几年的发展，如今已经成为了行业巨头。
49 45 21 3 3 0.601
特斯拉研发无人驾驶汽车的优势在于，在实际的无人驾驶测试里程上，特斯拉拥有更多的数据；且打着纯电动的旗号，特斯拉以环保节能等特点赢得市场了的青睐，纯电动+无人驾驶本身就是很好的卖点。
49 50 24 1 1 0.638
无人驾驶汽车从测试到量产还要走过很漫长的道路，互联网科技类公司要不断投入资金进行研发，克服技术上的难题；而汽车制造企业同样需要面对重资产模式下的创新改革，现阶段的无人驾驶汽车已经驶入了研发深水区，其中的困难必不会少。
49 51 25 1 3 0.648
其一，无人驾驶汽车与现有法律冲突。
49 52 25 2 3 0.485
无人驾驶汽车已然出现在法律的空白页里，申报上路测试、发放测试牌照、保证测试车辆的正常上路等一系列问题都亟需解决，现有法律无法满足、也无法判断无人驾驶汽车正常上路是否违法或违规，而一项技术的成熟除了在实验室里不停地进行实验之外，还要将试验品搬到它应该出现的地方不断反复试验，不停收集试验数据。
49 57 27 1 2 0.761
其三，无人驾驶汽车的标准化难以实现。
49 58 27 2 2 0.703
无人驾驶汽车和飞机一样，需要一套应答系统实现车与车之间的直接交流，而无人汽车竞争日趋激烈，各个车企、互联网巨头研发的产品各不相同，无人驾驶汽车能否实现产品的标准化和统一化还是一个未知数。
49 61 29 1 1 0.701
2017年10月19日有外国媒体报道，智能芯片公司英伟达CEO黄仁勋在GPU技术大会上对无人驾驶汽车的市场作了前瞻性预测，认为2020年无人驾驶出租车将大量出现。
49 65 31 3 3 0.631
但同时，传统汽车在发展中暴露的问题也在不断催生无人驾驶汽车的出现。
49 64 31 2 3 0.52
加之汽车保有量的提高，以及传统汽车性能不断提升和改善，人们对于汽车依赖性越来越强。
49 67 32 2 2 0.602
在安全、交通、环境、资本介入等各种因素的催化下，无人驾驶汽车实现了跳跃式的快速发展，其背后是社会、科技、互联网等领域共同作用的结果。
49 66 32 1 2 0.457
近几年来，无人驾驶汽车的发展可谓如火如荼，不管是在中国还是美国抑或欧洲，都有适合它生长的土壤。
49 68 33 1 4 0.661
其一，传统汽车的安全问题推动了无人汽车的发展。
49 69 33 2 4 0.363
《2016年国民经济和社会发展统计公报》显示，去年末全国民用汽车保有量19440万辆，比上年末增长12.8%，其中私人汽车保有量16559万辆，增长15.0%。
49 77 35 4 4 0.641
在提倡节能减排的时代，无人驾驶汽车更是作为主角粉墨登场。
49 76 35 3 4 0.23
据统计，每年我国因交通拥堵带来的经济损失高达2500亿元，2016年全国机动车排放污染物超4400万吨。
49 80 36 3 3 0.701
各大车企、科技公司、互联网公司等已经开始布局，将无人驾驶汽车的上市目标提上了日程。
49 79 36 2 3 0.554
无人驾驶汽车概念自问世以来，各界对其关注就从未停止过，且研发的进度和力度不断加快。
49 81 37 1 3 0.62
研究机构cbinsights的调查报告显示，近几年来涉足研发无人驾驶汽车的企业越来越多。
49 82 37 2 3 0.448
该报告指出，研发无人驾驶的企业从2015年的25家现已上升到了44家，还有很多创业公司未计算在内。
49 83 37 3 3 0.749
而互联网公司研发的无人驾驶汽车主要以美国的谷歌、中国的百度为代表，无人驾驶汽车制造商则可以以特斯拉为主，看无人驾驶的新动向。
49 84 38 1 2 0.604
以谷歌、特斯拉、百度为代表的巨头试图自研无人汽车，从而占据无人车市场的半壁江山。
49 85 38 2 2 0.576
巨头们看到了无人驾驶巨大的市场潜力，都在努力将无人驾驶汽车变现为自己手中的一张王牌。
49 86 39 1 1 0.62
谷歌是全球最有实力的互联网公司，目前，谷歌在无人驾驶汽车领域里已经有了自己的品牌和产品。
49 87 40 1 2 0.656
2009年，谷歌分别对七辆传统汽车进行改装并上路测试，初步开启了谷歌无人驾驶研发的新征程。
49 88 40 2 2 0.63
2012年，谷歌向外界展示了自己研发的自动驾驶技术赛车，而在同年的5月份，美国内华达州政府为谷歌无人驾驶汽车颁发了一张合法的上路牌照，这意味着谷歌无人驾驶汽车的测试又向前推进了一步。
49 89 41 1 2 0.663
2014年，谷歌无人驾驶汽车使用的软件系统已经可以全方位监测路上的目标，包括行人、汽车等，确保该车的安全性及可靠性。
49 90 41 2 2 0.69
彼时谷歌研发的真正意义上的无人驾驶汽车“萤火虫”面世，该车去掉了方向盘、刹车、油门等传统汽车配件，可实现一键启动的自动驾驶。
49 91 42 1 2 0.623
拥有大量的搜索数据支撑及雄厚的资金支持，从无人驾驶汽车项目的上马、到测试车辆上路、再到研发出自己的产品，谷歌只用短短的几年就成为了无人驾驶汽车行业的佼佼者。
49 92 42 2 2 0.416
虽然几度换负责人致使进展缓慢，但谷歌还是毅然拿下了无人汽车市场。
49 95 44 1 2 0.707
2017年7月5日，百度AI开发者大会中，李彦宏在视频中自己乘坐无人驾驶汽车，并借此向观众展示百度近年来研发的无人驾驶汽车技术。
49 96 44 2 2 0.761
作为国内著名的搜索引擎，百度在国内无人驾驶汽车领域已经捷足先登了。
49 97 45 1 1 0.645
事实上，无人驾驶汽车的研发是一个系统性工程，投入的资金和精力巨大，单靠自身力量难以完成，因此，百度巧妙地将自己定位为底层技术服务商，“广交朋友”吸纳合作伙伴，这一举动无疑加速了百度无人驾驶汽车的研发进程，也间接加快了智能汽车产业化的速度。
49 98 46 1 2 0.698
但百度研发无人驾驶汽车并非一帆风顺，近几年，百度一直在试图摆脱贴吧、医疗事件的影响，随着高层人事的大换血，百度在最快时间内调整了战略方向，将人工智能的无人驾驶汽车纳入百度发展的主航道上。
49 99 46 2 2 0.484
砍掉了诸多“累赘”的百度其实更希望能通过无人驾驶汽车重新洗牌，挽救口碑渐下的百度品牌。
49 100 47 1 1 0.622
如果说美国的谷歌和中国的百度作为无人驾驶汽车研发领域里标杆的话，那么特斯拉就是这个领域里新升的旗帜。
49 102 48 2 2 0.625
特斯拉将自研无人驾驶技术作为一个辅助性的工具帮助人类实现驾驶，说到底，谷歌和百度是以数据起家的，他们更依赖于数据、计算机进行操作，特斯拉则能更快落地，直接触达核心产品。
49 101 48 1 2 0.584
与谷歌、百度做搜索的出身不同，特斯拉汽车公司更直接地接触汽车制造、生产、与研发环节。
49 104 49 2 3 0.627
2014年，特斯拉开始涉足无人驾驶领域，其自研的Autopilot2.0系统目前已发布，和谷歌一样获得了加州颁发的上路牌照。
49 103 49 1 3 0.369
特斯拉于2003年成立于硅谷，经过短短十几年的发展，如今已经成为了行业巨头。
49 105 49 3 3 0.601
特斯拉研发无人驾驶汽车的优势在于，在实际的无人驾驶测试里程上，特斯拉拥有更多的数据；且打着纯电动的旗号，特斯拉以环保节能等特点赢得市场了的青睐，纯电动+无人驾驶本身就是很好的卖点。
49 110 52 1 1 0.638
无人驾驶汽车从测试到量产还要走过很漫长的道路，互联网科技类公司要不断投入资金进行研发，克服技术上的难题；而汽车制造企业同样需要面对重资产模式下的创新改革，现阶段的无人驾驶汽车已经驶入了研发深水区，其中的困难必不会少。
49 111 53 1 3 0.648
其一，无人驾驶汽车与现有法律冲突。
49 112 53 2 3 0.485
无人驾驶汽车已然出现在法律的空白页里，申报上路测试、发放测试牌照、保证测试车辆的正常上路等一系列问题都亟需解决，现有法律无法满足、也无法判断无人驾驶汽车正常上路是否违法或违规，而一项技术的成熟除了在实验室里不停地进行实验之外，还要将试验品搬到它应该出现的地方不断反复试验，不停收集试验数据。
49 117 55 1 2 0.761
其三，无人驾驶汽车的标准化难以实现。
49 118 55 2 2 0.703
无人驾驶汽车和飞机一样，需要一套应答系统实现车与车之间的直接交流，而无人汽车竞争日趋激烈，各个车企、互联网巨头研发的产品各不相同，无人驾驶汽车能否实现产品的标准化和统一化还是一个未知数。
50 2 1 2 2 0.664
互联网汽车产业已经是暗流涌动。
50 1 1 1 2 0.549
“这一轮玩无人驾驶汽车的都是豪门，巨资入场”，10月20日，语境汽车CEO告诉新京报记者，最近互联网巨头入局互联网汽车，巨头们和很多数据提供方都是商业交易的方式，相关合作很多。
50 3 2 1 4 0.672
BAT布局互联网汽车的雄心都已明确。
50 4 2 2 4 0.5
在百度的阿波罗计划之后数月，10月13日，阿里巴巴选择在云栖大会上重磅推出搭载AliOS的智联网汽车，首款车型将落地东风雪铁龙，并预计将于2018年推出。
50 6 2 4 4 0.686
百度还与厦门金龙联合汽车工业有限公司签署战略合作协议，双方将于2018年7月小批量产合作研发的无人驾驶微循环车，后续投入试运营，有望成为国内首个实现量产的无人驾驶客车。
50 5 2 3 4 0.537
当天晚上，李彦宏访问北汽，并于10月17日宣布将提前一年实现无人驾驶汽车量产。
50 13 6 2 2 0.651
同时，AliOS携手斑马网络与神龙汽车就未来汽车智能化达成战略合作，即将陆续推出搭载AliOS的智联网汽车，首款车型将落地东风雪铁龙，并将于2018年量产。
50 12 6 1 2 0.535
10月中旬，阿里巴巴在云栖大会上，宣布将推出搭载AliOS的智联网汽车，明确了阿里巴巴在互联网汽车进阶之路上的平台路线。
50 19 11 1 1 0.715
在阿里云栖大会刷屏之际，百度李彦宏夜访北汽，宣布了先后于2019年、2021年的量产无人驾驶汽车计划，将以百度Apollo开放平台与北汽集团车辆平台为基础，借助AI，于2019年前后实现L3级别自动驾驶车辆量产，2021年前后实现L4级别自动驾驶车辆量产。
50 21 12 2 3 0.654
百度与厦门金龙联合汽车工业有限公司签署战略合作协议，双方将于2018年7月小批量产合作研发的无人驾驶微循环车，后续投入试运营。
50 20 12 1 3 0.427
10月17日，百度宣布，Apollo计划开放能力后的首批无人驾驶量产车，最快将于明年问世。
50 22 12 3 3 0.625
以抢夺国内首个实现量产的无人驾驶客车的席位。
50 23 13 1 1 0.666
与百度的Apollo平台聚焦于汽车不同，AliOS的布局似乎超出了汽车范畴，谋求万物互联。
50 30 17 1 1 0.609
与阿里巴巴抛出AliOS的智联网汽车并开源的计划不同，百度旨在打造一个“自动驾驶的安卓”。
50 31 18 1 2 0.633
此前2017年4月19日，百度宣布开放自动驾驶平台，在这个取名“Apollo”的新计划中，百度表示将向汽车行业及自动驾驶领域的合作伙伴提供一个开放、完整、安全的软件平台，帮助他们结合车辆和硬件系统，快速搭建一套属于自己的完整的自动驾驶系统。
50 32 18 2 2 0.372
在今年7月，阿里新任主帅陆奇表示，Apollo比安卓更加开放、能力更强。
50 33 19 1 2 0.608
在车联网方面，百度Apollo将DuerOS、车辆信息安全、图像识别等产品和技术与北汽集团车载系统深度融合，共同打造一站式车联网产品。
50 34 19 2 2 0.569
预计到2018年底，北汽集团自主品牌全面搭载百度Apollo车联网产品。
50 36 20 2 4 0.662
目前百度在自动驾驶技术上的积累已经处于国内前列，未来阿波罗计划的生态还会囊括百度大脑和智能云等项目。
50 35 20 1 4 0.562
唐欣认为，百度的“阿波罗计划”更侧重于自动驾驶和人工智能技术，可以说和公司的战略转型一脉相承。
50 37 20 3 4 0.645
其竞争对手除了以谷歌为代表的自动驾驶技术提供商外，还有特斯拉、丰田等一众有意开发自动驾驶技术的车企。
50 38 20 4 4 0.446
和阿里的车载系统相比，百度对汽车的渗透要更为深入，因此也容易触及车企的底线。
50 46 24 2 2 0.64
“对于无人驾驶，百度号称allin。因为百度面临其他业务下滑，不得不allin在互联网汽车领域，而阿里还有很多招，阿里云、电子商务、物流等领域的储备有优势。”一位互联网汽车圈内人士告诉新京报记者。
50 45 24 1 2 0.347
也正因为如此，百度势必不会在这场互联网汽车决战中示弱。
50 50 26 2 2 0.676
百度和北汽已经宣布，在自动驾驶方面，将以百度Apollo开放平台与北汽集团车辆平台为基础，借助百度人工智能核心技术，逐步应用于北汽集团的乘用车、商用车、新能源汽车的各个车型上，形成北汽集团“集团化2.0”时代智能化发展的新格局，百度Apollo开放平台在汽车产业全面落地。
50 49 26 1 2 0.319
重要的是，百度得到了重量级合作伙伴的支持。
50 71 36 1 2 0.626
在BAT中，腾讯在互联网汽车领域的直接布局似乎没阿里和百度那样全力投入。
50 72 36 2 2 0.558
不过从其投资方向来看，腾讯更加看重电动车等新能源车领域，并在此方面动作频频。
50 80 39 1 1 0.627
据外媒报道，腾讯、富士康共同投资了一家汽车初创公司FutureMobilityCorp，共计划投资116亿元，在南京建设高端智能电动车生产工厂，将在2020年前发布自动驾驶电动汽车。
50 83 41 1 1 0.657
此外，腾讯还与广汽在车联网服务、智能驾驶、云平台、大数据、汽车生态圈、智能网联汽车营销和宣传等领域开展业务合作。
51 1 1 1 2 0.677
【PConline资讯】据报道，百度公司董事长兼CEO李彦宏周二在WSJD．Live全球科技大会上表示，通过今年推出的阿波罗（Apollo）开源自动驾驶平台，百度押注无人驾驶汽车行业。
51 2 1 2 2 0.778
目前百度正在与北京汽车合作，计划到2019年实现部分自动驾驶汽车的量产，到2021年实现全自动驾驶汽车的量产。
51 11 6 1 2 0.638
百度目前聚焦的人工智能（AI）领域是全球科技和资本热门。
51 12 6 2 2 0.547
据《乌镇指数：全球人工智能发展报告（2016）》分析，人工智能未来会在金融、医疗、教育、零售、自动驾驶、安防等领域发挥重要作用。
52 8 4 3 3 0.639
据悉，这款无人驾驶微循环车可实现特定场景下的完全无人驾驶。
52 7 4 2 3 0.528
金龙客车第二代无人驾驶微循环车定位解决“最后一公里”的出行问题。
52 9 5 1 5 0.603
有分析认为，适用于特定场地的商用车在实现无人驾驶方面具有先天优势。
52 10 5 2 5 0.221
例如，大型园区内的接驳车、机场摆渡车、旅游景点的观光车等。
52 14 6 1 1 0.6
除了百度，阿里巴巴集团9月27日宣布升级操作系统战略，发布全新的AliOS品牌，并提出“携手斑马网络和更多汽车全产业链的合作伙伴，共同推动汽车行业的智能化转型”。
52 15 7 1 2 0.689
与此同时，车企与互联网企业争相“联姻”：上汽携手阿里巴巴开发互联网汽车；车和家与华晨汽车集团合作研制智能家庭汽车；广汽集团与腾讯联手发力多个汽车智能领域；百度则与江淮汽车、奇瑞等开展合作；华为牵手东风汽车目标“智慧汽车”……此外，各大创投资本、股权私募也争相入场。
52 16 7 2 2 0.589
中国智能汽车产业正在以产业联姻、跨界融合的态势快速发展。
52 24 11 2 2 0.667
有机构表示，在政策扶持和汽车技术突破的推动下，无人驾驶产业化步伐将提速，并催生硬件终端、传感器、运营服务在内的车联网市场空间，潜在规模达千亿元级别。
52 23 11 1 2 0.492
平安证券研报显示，到2020年，我国智能汽车市场规模接近600亿元。
52 25 12 1 1 0.627
北京时间10月17日下午消息，通用汽车计划成为第一家在纽约市测试无人驾驶汽车的公司，以此确立他们在这一领域的领导地位，并有可能向着这项技术的商业化迈出重要一步。
52 26 13 1 2 0.645
通用汽车旗下无人驾驶公司CruiseAutomationCEO凯勒·沃格特（KyleVogt）表示，该公司将于明年初在纽约市部署一支由雪佛兰Bolt电动汽车组成的无人驾驶车队，在曼哈顿下城5平方英里的范围内测试。
52 27 13 2 2 0.385
沃格特称，在纽约展开路测可以加快无人驾驶车辆上路的进程，在纽约，人口稠密，复杂的路面交通情况，可以检测出很多不寻常的情况，而后解决，提高硬件系统，比在其他城市路测会有效率得多。
52 30 15 1 2 0.607
目前，已有不少国家瞄准了无人驾驶的商用市场。
52 31 15 2 2 0.552
譬如，英国已经在伦敦的格林威治测试无人驾驶公交车，未来还将用于希思罗机场到市区的接驳；法国EasyMile公司将其制造的无人驾驶巴士EZ10投放至芬兰、法国、意大利、西班牙以及瑞士等地进行试运行；芬兰在赫尔辛基、达埃斯波和坦佩雷等地也开始实验无人驾驶公交车。
53 1 1 1 2 0.603
10月17日，百度与金龙客车签署战略合作协议，计划于2018年实现商用级无人驾驶微循环车的小规模量产及试运营，此举将国内自动驾驶量产计划提前了两年。
53 2 1 2 2 0.425
百度董事会副主席、百度集团总裁兼首席运营官陆奇、百度智能驾驶事业群组总经理李震宇、百度副总裁邬学斌、金龙客车董事长谢思瑜、金龙客车常务副总周方明、金龙客车工程研究院副院长陈卫强等人出席签约仪式。
53 3 2 1 1 0.706
百度董事会副主席、百度集团总裁兼首席运营官陆奇表示：“商用汽车将是自动驾驶技术率先商业量产的产品。Apollo平台和金龙客车携手合作，通过双方各自在人工智能和车辆制造方面的突出优势，不仅可以创造丰厚的商业价值，还能改善历史已久的中国交通问题，助推中国汽车产业升级。Apollo平台将快速帮助中国汽车工业实力在数年内实现跳跃性增长。”
53 5 4 1 3 0.661
双方合作研发的这款无人驾驶微循环车可实现特定场景下的完全无人驾驶，并计划在2018年7月底实现小规模量产及试运营。
53 6 4 2 3 0.626
据悉，这款无人驾驶微循环车将是国内首款量产的无人驾驶巴士。
53 7 4 3 3 0.583
“Apollo基因”将注入这款车的研发全流程，Apollo平台除了提供自动驾驶解决方案之外，还渗透到整车设计的全过程，包括整体车辆外观和内饰设计、人车交互系统的整体设计、特定场景需求架构设计以及微循环车特定的自动驾驶系统设计等环节。
54 1 1 1 1 0.733
在百度2017年9月20日举行的Apollo1.5开放技术发布会上，金龙客车基于Apollo1.0组建的一款自动驾驶巴士，让全汽车行业看到大型商用汽车实现自动驾驶的可行性。
54 3 2 2 2 0.631
2017年10月17日，百度与金龙客车签署战略合作协议，计划于2018年实现商用级无人驾驶微循环车的小规模量产及试运营，此举将国内自动驾驶量产计划提前了两年，在中国客车乃至汽车工业“智造”的进程中迈出里程碑式的新步伐。
54 2 2 1 2 -0.005
如今，这一梦想正照进现实。
54 7 4 3 3 0.661
双方合作研发的这款无人驾驶微循环车可实现特定场景下的完全无人驾驶，并计划在2018年7月底实现小规模量产及试运营。
54 6 4 2 3 0.385
它将解决公共交通未覆盖的“最后一公里”的出行问题。
54 8 5 1 2 0.66
这款无人驾驶微循环车将是国内首款量产的无人驾驶巴士，“Apollo基因”将注入其研发全流程。
54 9 5 2 2 0.56
Apollo平台除了提供自动驾驶解决方案之外，还渗透到整车设计全过程，包括整体车辆外观和内饰设计、人车交互系统的整体设计、特定场景需求架构设计以及微循环车特定的自动驾驶系统设计等环节。
54 10 6 1 1 0.72
金龙第二代无人驾驶微循环车依托金龙客车扎实的研发实力和车辆制造平台，结合Apollo的自动驾驶解决方案，开启了国内无人驾驶巴士整车设计、量产标准和上路运行模式的探索先河，在中国客车乃至汽车工业“智造”的进程中迈出里程碑式的新步伐。
54 17 8 2 3 0.698
Apollo与金龙客车在无人驾驶巴士和公共交通出行设计上的合作，给自动驾驶时代的中国公共交通提供了发展范本，还将为国内复杂的交通状况提供优化方案。
54 16 8 1 3 0.518
商用车运行环境较为单纯、运行工况更加稳定，并且更易产生规模经济效应，被业界普遍认为是自动驾驶技术最先落地的场景。
54 18 8 3 3 0.559
拥有“智能”大脑，无人驾驶巴士能够科学准确地做出决策，缓解交通拥堵，节省出行时间，提升运行效率，并减少交通事故。
54 19 9 1 1 0.706
百度董事会副主席、百度集团总裁兼首席运营官陆奇表示：“商用汽车将是自动驾驶技术率先商业量产的产品。Apollo平台和金龙客车携手合作，通过双方各自在人工智能和车辆制造方面的突出优势，不仅可以创造丰厚的商业价值，还能改善历史已久的中国交通问题，助推中国汽车产业升级。Apollo平台将快速帮助中国汽车工业实力在数年内实现跳跃性增长。”
54 21 11 1 1 0.679
如今Apollo正携手多方合作伙伴带动中国汽车产业与世界先进水平齐头并进，并将成为中国自动驾驶行业未来数年内跳跃式发展的跳板。
55 1 1 1 1 0.653
新浪美股讯北京时间18日早间消息，据国外媒体报道，百度公司董事长兼CEO李彦宏表示，正积极开发无人驾驶汽车，计划明年在中国发布一款全自动驾驶公共汽车。
55 2 2 1 2 0.691
李彦宏周二在《华尔街日报》WSJD.Live全球科技大会上表示，通过今年推出的阿波罗（Apollo）开源自动驾驶平台，百度押注自己能够成为无人驾驶汽车行业的一个主要参与者。
55 3 2 2 2 0.779
李彦宏称，百度正在与北京汽车股份有限公司合作，计划到2019年实现部分自动驾驶汽车的量产，到2021年实现全自动驾驶汽车的量产。
55 4 3 1 1 0.661
但首先，百度希望到明年与一家中国公共汽车生产商合作，完成一辆在预定线路上行驶的全自动驾驶公共汽车。
55 5 4 1 2 0.706
百度希望利用其开源软件吸引那些不愿与谷歌母公司Alphabet旗下无人驾驶部门Waymo合作的汽车生产商。
55 6 4 2 2 0.465
李彦宏说，他向汽车生产商表示，与Waymo那样的封闭系统相比，阿波罗将给予他们更大的数据和用户体验控制权，汽车生产商将在更大程度上掌握自己命运。
55 10 6 1 2 0.655
李彦宏表示，百度还在筹划通过互动屏和娱乐来实现无人驾驶汽车的沉浸式技术体验。
55 11 6 2 2 0.323
他说，百度的愿景是，当乘客进入一辆汽车之后就无需再碰手机了。
56 2 1 2 2 0.669
百度方面表示，此次合作也意味着国内首款无人驾驶巴士量产。
56 1 1 1 2 0.594
新浪科技讯10月17日晚间消息，百度今天与金龙客车签署战略合作协议，将于2018年实现商用级无人驾驶微循环车的小规模量产及试运营。
56 3 2 1 2 0.674
据双方介绍，双方合作研发的金龙客车第二代无人驾驶微循环车可以实现特定场景下的完全无人驾驶，主要应用场景为公共交通未覆盖的“最后一公里”出行。
56 4 2 2 2 0.667
除提供自动驾驶解决方案外，百度无人驾驶平台Apollo还参与了包括整体车辆外观与内饰、人车交互系统、特定场景需求架构、微循环车特定自动驾驶系统等设计环节。
56 7 3 3 3 0.626
双方此前表示将继续深化合作，推出自动驾驶的商业化项目，并根据行业标准和政策法规的发展和要求，适时推动自动驾驶在国内的示范运营。
56 6 3 2 3 0.516
据百度方面在今年9月20日Apollo1.5发布会上透露，金龙中巴借助Apollo1.0已经能够实现平稳自动循迹驾驶及流畅控制体验。
56 9 5 1 1 0.673
对于双方合作，陆奇表示：“商用汽车将是自动驾驶技术率先商业量产的产品。Apollo平台和金龙客车携手合作，通过双方各自在人工智能和车辆制造方面的突出优势，不仅可以创造丰厚的商业价值，还能改善历史已久的中国交通问题，助推中国汽车产业升级。Apollo平台将快速帮助中国汽车工业实力在数年内实现跳跃性增长。”
57 4 1 4 4 0.677
百度集团在智慧城市建设以及大数据、自动驾驶等方面具有领先优势，欢迎百度在雄安新区筹建开放的、国际化的国家级人工智能实验室、高端应用研究机构，特别是建设无人驾驶高新产业的示范区。
57 3 1 3 4 0.367
未来雄安新区规划建设的一个核心理念是把城市还给人，改变传统的按照汽车尺度来设计城市、道路的做法，按照人的尺度来设计，把城市还给人，把路面、空间还给人。
57 5 2 1 2 0.625
百度集团总裁兼首席运营官陆奇指出，百度集团在云计算、边缘计算、大数据、人工智能、自动驾驶等领域具有世界领先的技术与应用，希望与雄安新区在智能城市规划设计、信息基础设施建设、智能产业试点示范等领域深化合作，服务于雄安新区千年大计、国家大事。
57 6 2 2 2 0.257
（原题为《雄安新区与百度集团对接座谈！透露这些重要信息》）
58 2 2 1 1 0.64
在刚刚结束的发布会上，我们和北汽达成了集团层面的战略合作，将在自动驾驶、车联网、云服务等领域，全面打造“人工智能＋汽车”生态。
58 6 5 1 1 0.604
北汽集团是中国骨干汽车企业集团之一，目前已建成自主品牌、合资合作、新能源汽车、零部件、服务贸易等十大业务板块综合发展的产业体系。
58 7 6 1 2 0.697
百度作为人工智能科技公司，拥有领先的自动驾驶技术。
58 8 6 2 2 0.436
今年9月，Apollo1.5正式对外发布（点击蓝字查看详情），开放了包含障碍物感知、决策规划、云端仿真、高精地图服务、端到端的深度学习（End-to-End）等五大核心开放能力，并支持昼夜定车道自动驾驶。
58 9 7 1 1 0.609
Apollo作为一个开放的、完整的、安全的平台，希望能为汽车行业及自动驾驶领域的合作伙伴提供技术，使他们能够快速搭建属于自己的完整的自动驾驶系统。
58 14 12 1 1 0.665
今天，百度与北汽这样的优秀汽车制造企业走到一起，将完成自动驾驶汽车的从零到一的创新与应用，并推动中国汽车工业乃至整体制造业水平进入全新的历史阶段。
58 15 13 1 1 0.736
在自动驾驶方面，以百度Apollo开放平台与北汽集团车辆平台为基础，借助百度人工智能核心技术，将在2019年前后实现L3级别自动驾驶车辆量产，2021年前后实现L4级别自动驾驶车辆量产。
58 16 14 1 2 0.608
在车联网方面，百度Apollo将DuerOS、车辆信息安全、图像识别等产品和技术与北汽集团车载系统深度融合，共同打造一站式车联网产品。
58 17 14 2 2 0.572
预计到2018年底，北汽集团自主品牌全面搭载百度Apollo车联网产品，到2019年，搭载百度车联网产品的北汽集团旗下车辆将突破100万台。
58 19 16 1 1 0.64
在规划中，合作的解决方案将逐步应用于北汽集团的乘用车、商用车、新能源汽车的各个车型上，形成北汽集团“集团化2.0”时代智能化发展的新格局，百度Apollo开放平台在汽车产业实现全面落地。
59 2 1 2 2 0.692
双方将在自动驾驶、车联网、云服务等领域达成集团层面战略合作，打造“人工智能+汽车”生态。
59 1 1 1 2 0.583
10月13日，北汽集团与百度签署战略合作协议，在汽车智能化领域达成集团层面的战略合作。
59 3 2 1 1 0.705
在签约仪式上双方宣布将以百度Apollo开放平台与北汽集团车辆平台为基础，借助百度人工智能核心技术，于2019年前后实现L3级别自动驾驶车辆量产，2021年前后实现L4级别自动驾驶车辆量产。
59 4 3 1 1 0.605
此外，百度Apollo还将在车联网方面将DuerOS、车辆信息安全、图像识别等产品和技术与北汽集团车载系统深度融合，共同打造一站式车联网产品。
59 6 5 1 1 0.674
百度创始人、董事长兼CEO李彦宏表示：“百度与北汽走到一起，将完成自动驾驶汽车的从零到一的创新与应用，并推动中国汽车工业乃至整体制造业水平进入全新的历史阶段。”
60 2 1 2 2 0.701
当天，双方宣布在自动驾驶、车联网、云服务等领域达成集团层面战略合作，打造“人工智能＋汽车”生态。
60 1 1 1 2 0.477
【TechWeb报道】10月14日消息，北汽集团与百度战略合作协议签约仪式在北京汽车产业研发基地举行。
60 7 3 2 2 0.665
今天，百度与北汽这样的优秀汽车制造企业走到一起，将完成自动驾驶汽车的从零到一的创新与应用，并推动中国汽车工业乃至整体制造业水平进入全新的历史阶段。
60 6 3 1 2 0.486
百度创始人、董事长兼CEO李彦宏表示：一百多年前，汽车完成了从零到一的进程，不仅深刻改变了人们的出行生活方式，更创造了崭新工业系统，并且一直引领制造业前沿创新。
60 8 4 1 4 0.734
现场，双方宣布在自动驾驶方面，将以百度Apollo开放平台与北汽集团车辆平台为基础，借助百度人工智能核心技术，于2019年前后实现L3级别自动驾驶车辆量产，2021年前后实现L4级别自动驾驶车辆量产。
60 9 4 2 4 0.607
同时，在车联网方面，百度Apollo将DuerOS、车辆信息安全、图像识别等产品和技术与北汽集团车载系统深度融合，共同打造一站式车联网产品。
60 10 4 3 4 0.572
预计到2018年底，北汽集团自主品牌全面搭载百度Apollo车联网产品，到2019年，搭载百度车联网产品的北汽集团旗下车辆将突破100万台。
60 11 4 4 4 0.605
此外，双方共同探讨在云服务领域展的相关合作，打造全新云生态系统，探索智慧交通、移动出行等大数据增值服务。
60 12 5 1 1 0.64
按照规划，双方合作的解决方案将逐步应用于北汽集团的乘用车、商用车、新能源汽车的各个车型上，形成北汽集团“集团化2.0”时代智能化发展的新格局，百度Apollo开放平台在汽车产业全面落地。
61 1 1 1 1 0.672
新浪科技讯10月13日晚间消息，百度今天与北汽集团在北京汽车产业研发基地举行合作协议签约仪式，双方将在自动驾驶、车联网、云服务等领域达成集团层面战略合作，全面打造“人工智能+汽车”生态。
61 2 2 1 1 0.707
签约仪式上，双方宣布将以百度Apollo开放平台与北汽集团车辆平台为基础，借助百度人工智能核心技术，于2019年前后实现L3级别自动驾驶车辆量产，2021年前后实现L4级别自动驾驶车辆量产。
61 3 3 1 1 0.605
此外，百度Apollo还将在车联网方面将DuerOS、车辆信息安全、图像识别等产品和技术与北汽集团车载系统深度融合，共同打造一站式车联网产品。
61 9 7 2 3 0.647
今天，百度与北汽一起，将完成自动驾驶汽车从0到1的创新与应用，并推动汽车工业，甚至整体制造业水平进入全新历史阶段。
61 8 7 1 3 0.432
李彦宏表示，一百多年前，汽车完成了从0到1的进程，不仅深刻改变了人们的出行生活，更创造了崭新的工业系统，并一直引领制造业前沿创新。
61 10 7 3 3 -0.174
（周峰）
62 1 1 1 1 0.632
要是有人问现在汽车技术的风向标是什么，那自动驾驶一定是其中的一个重要研究方向，无论是中国品牌还是跨国车企都在着手研发自动驾驶技术，甚至连华为、百度都跨界加入到自动驾驶研发的行列中。
62 2 2 1 1 0.621
作为欧洲百年汽车品牌的雷诺，目前在武汉蔡甸区的中法生态示范城中建立了一个自动驾驶示范区，这个示范区面向公众开放，公众可以在示范区内体验到雷诺在自动驾驶上的研发成果。
62 4 4 1 1 0.645
雷诺、日产、三菱汽车9月16日发布了“联盟2022”六年发展计划，根据规划联盟成员将陆续推出40款不同等级的自动驾驶车辆，而L4级别（无需驾驶员干预）的无人驾驶车辆将在2022年上市。
63 2 1 2 2 0.635
会上，中国电信、百度、大唐共同发布了“基于车联网的无人驾驶行动计划”，此外，中国电信还与国家电网、华为共同启动联合创新项目，发力5G切片电力行业应用。
63 1 1 1 2 0.226
新浪科技讯9月15日下午消息，2017新一代互联网基础设施论坛在京召开。
63 4 2 2 2 0.689
他认为，在无人驾驶和车联网之间，存在一个天然的联系，此次三者联手各自分工明确，百度拥有无人驾驶技术，大唐移动拥有车联网技术，而中国电信在边缘计算以及传输网络方面又有多年的积累，三者联手可做到优势互补协同创新，该行动计划将从数据分析与平台、安全驾驶系统、智能车路协同系统三个领域展开车联网技术研究，助推我国无人驾驶技术和产业的发展。
63 3 2 1 2 0.557
“在不久的未来，可能汽车会全面转向无人驾驶，特别到2035年，整个汽车销售占比将超过1100万辆的量级”，据中国电信北京研究院朱博士介绍，无人驾驶经过十多年的发展，现在逐渐开始进入试点和部署的阶段，而网络在其中起到了关键作用。
64 4 1 4 4 0.742
全球无人驾驶技术的发展正迎来新一轮热潮，而中国企业也在积极布局无人驾驶领域的核心技术研发和产业化应用。
64 3 1 3 4 0.515
无人驾驶无疑是汽车行业最热门的话题和最值得期待的领域，成为当下市场竞逐的焦点。
64 13 5 1 2 0.617
中国智能交通协会理事长吴忠泽说，为提高汽车的智能化及安全性能，汽车制造厂商正在为汽车零部件加装越来越多的传感器。
64 14 5 2 2 0.452
从轮胎气压监测，到车身稳定控制技术、自适应巡航技术、车道偏离预警系统等，每辆汽车每小时基于各类传感器的监测数据达到5G到250G。
64 20 8 2 2 0.699
此前，北京市交通信息中心就和日本日产汽车公司共同实施了动态路径诱导和汽车节能驾驶辅助服务项目，探索智能交通和汽车节能的可能，已经取得了初步成效。
64 19 8 1 2 0.461
大数据时代的来临将带来汽车的电动化、轻量化、智能化、网络化相互融合。
64 23 10 1 3 0.692
在智能时代，汽车行业最令人期待的应用莫过于无人驾驶。
64 24 10 2 3 0.415
它的出现不但可以为驾驶提供更多可靠的安全保障，而且在货物配送等领域有更大发挥空间。
64 27 11 2 2 0.641
在首届世界智能大会上，百度董事长兼首席执行官李彦宏就透露，百度将发布一个重大的整体战略计划，主要方向就是无人驾驶、自动驾驶。
64 26 11 1 2 0.597
百度将无人驾驶视为公司的未来，投入了巨大的精力和财力。
64 28 12 1 2 0.608
就在8月底，江淮汽车向百度交付了数十辆瑞风S3汽车，助力百度高精地图采集。
64 29 12 2 2 0.617
在交付活动中，百度和江淮汽车对外透露了清晰的合作规划：双方将于2019年推出自动驾驶量产车型，这也成为百度发布Apollo开放平台以来，其自动驾驶解决方案首批量产落地的里程碑式事件。
64 32 13 3 3 0.612
百度高精地图的研发工作早在2013年就启动，这也为其后期自动无人驾驶技术提供支撑。
64 31 13 2 3 0.499
据百度高精地图负责人介绍，高精地图在自动驾驶过程中主要有三大功能：自动驾驶的“千里眼”——提前知晓位置信息，精确规划行驶路线；自动驾驶的“透视镜”——在摄像头看不清或雷达检测不到的地方，及时反馈数据；充当自动驾驶过程中的“安全员”——精确识别交通标志、标线等上百种目标，提前做出准确判断和决策。
64 34 14 2 2 0.714
不久前，大众汽车投资参股了德国人工智能研究中心，以进一步强化其在面向未来无人驾驶与数字化技术领域的竞争力。
64 33 14 1 2 0.554
在“排放门”事件中遭受挫折的大众集团也将无人驾驶和新能源车作为翻盘的关键一步。
64 35 15 1 2 0.669
此外，广汽集团也已介入无人驾驶研发中。
64 36 15 2 2 0.709
据广汽集团相关负责人说，广汽集团新能源无人驾驶汽车开发采取分阶段推进方式：第一阶段，进行自动驾驶关键技术的开发，完成自动驾驶样车的高速、低速初步路试；第二阶段，将车联网和车网充电引入智能汽车中，实现信息化智能驾驶；第三阶段，整合相关资源建立“信息云”、“能量云”平台，实现新能源智能汽车的示范运营和关键零部件的产业化。
64 37 16 1 4 0.627
目前，广汽已完成第一阶段，即无人驾驶关键技术开发。
64 38 16 2 4 0.633
由其设计的无人驾驶增程式纯电动概念车已在国内各大车展以及底特律车展上亮相。
64 39 16 3 4 0.682
下一步，广汽集团为支撑未来车辆的无人、清洁行驶，正在探索搭建新能源无人驾驶汽车“能量云”平台。
64 40 16 4 4 0.573
新能源无人驾驶汽车将成为“能量云”的组成部分，作为分布式储能器，帮助电网“削峰填谷”。
64 44 18 1 1 0.655
今年7月5日，百度在举办的“百度AI开发者大会”上，正式发布了其Apollo无人驾驶平台计划，李彦宏更是为Apollo亲自站台，坐着Apollo无人驾驶平台开发的无人驾驶车抵达会场。
64 49 20 3 3 0.625
针对现有汽车行业的相关行业标准、技术标准、法律法规及保险等都不适用于无人驾驶车的问题，他建议尽快修订和完善无人驾驶相关的法律法规，为无人驾驶汽车的研发、测试和商业化应用提供制度保障。
64 48 20 2 3 0.596
在他看来，无人驾驶车具有巨大的节能潜力，在减少交通事故、改善拥堵、提高道路及车辆利用率等方面意义深远。
64 50 21 1 2 0.634
目前，我国有关部门尚未制定和公布无人驾驶的相关法律法规，这给百度等一批正在研发无人驾驶汽车的企业造成了一定困难。
64 51 21 2 2 0.518
有业内人士表示，更尴尬的是，不仅研发公司进入开放道路测试无人驾驶汽车不合法，交通管理部门对这样的行为进行处罚其实也缺乏法律依据。
64 54 23 1 2 0.644
特斯拉是无人驾驶领域的先行者，年初，有关特斯拉在国内一起事故中开启自动驾驶后导致4车连环相撞的消息在网络上发酵。
64 55 23 2 2 0.416
记者向特斯拉中国公司求证，对方表示，经核实，特斯拉驾驶员在事故发生时并未开启自动辅助驾驶功能。
64 63 27 1 3 0.624
——汽车厂商众多数据共享存在难题。
64 64 27 2 3 0.513
目前，国内外汽车厂商数量众多，相关数据检测方式多样，信息模式复杂，造成数据种类繁多，且缺乏统一的标准，各厂商的数据资源缺乏互通与共享。
64 72 30 2 2 0.619
目前汽车行业尚缺乏有效的市场化推进机制，基于汽车大数据的信息服务产业链、价值链尚未真正形成。
64 71 30 1 2 0.473
——大数据市场化应用尚缺乏相应机制。
64 73 31 1 2 0.655
——汽车行业大数据缺乏顶层设计。
64 74 31 2 2 0.439
大数据使用的各个环节均需要加强统筹协调，不过，目前汽车及相关产业的数据壁垒没有打通，丰富且分散的数据资源不能有效协调利用。
64 77 33 1 1 0.683
行业专家表示，迎接大数据、智能化时代对汽车产业技术发展带来的机遇与挑战，应立足国情、运用新技术手段，结合智能交通系统建设发展，加快汽车大数据分析技术研发，促进汽车制造商服务转型，这将是我国汽车产业重要的发展方向。
64 79 35 1 4 0.73
专家表示，无人驾驶技术可以直接带动智能汽车后市场等产业的快速发展。
64 80 35 2 4 0.74
当前，全球无人驾驶技术的发展正迎来新一轮热潮，而中国企业也在积极布局无人驾驶领域的核心技术研发和产业化应用。
64 81 35 3 4 0.43
在这种背景下，政策制定在经过一段时间观察后，应尽快出手，为无人驾驶技术的发展规划好路径。
64 83 36 1 5 0.673
同时，要加快发展车联网、车路协同、智能汽车等关键技术，推广汽车融合技术的应用。
64 84 36 2 5 0.652
车联网将有可能实现汽车大数据的产业化。
64 85 36 3 5 0.542
可探索建立统一的车车、车路通信协议，加强海量异质车辆数据的采集、传输、存储与发布技术研发。
64 87 36 5 5 0.637
综合交通出行大数据，完善汽车相关大数据采集与交互技术体系，持续提升车辆感知智能化水平。
64 86 36 4 5 0.577
在车辆动态组网、状态实时获取、环境智能感知、车路信息交互等前沿技术领域取得突破。
64 90 38 2 2 0.621
整合汽车结构化与非结构化的数据资源，形成汽车大数据资源的共享与服务平台，提升汽车相关数据资源的整体服务能力。
64 89 38 1 2 0.317
与此同时，加强数据安全防范措施，提升数据监管和保护能力，维护数据的安全使用。
64 91 39 1 3 0.617
此外，要创新汽车大数据分析应用，实现基于大数据技术的智能化辅助设计与制造、维修、销售新模式。
64 92 39 2 3 0.593
整合汽车车辆及零部件生产制造的相关数据，指导车辆的设计、制造过程，优化汽车各种性能，提升汽车的行驶安全性，减少排放。
65 61 33 1 1 0.618
AI时代最强的技术力量来自于众包，但无人驾驶领域的众包研发确实个全新命题。
66 5 2 1 2 0.69
今年7月5日，百度在北京国家会议中心举办百度AI开发者大会时，李彦宏乘坐通过百度Apollo无人驾驶平台开发的无人驾驶汽车前往会场。
66 6 2 2 2 0.404
在大会现场的视频连线中，李彦宏与正在台上发言的百度公司首席运营官陆奇沟通，表示车辆刚上五环，行驶顺利。
67 1 1 1 1 0.618
7月5日，一段百度董事长李彦宏乘坐无人驾驶汽车的视频引发巨大争议。
67 7 4 1 1 0.662
记者日前在采访中发现，业界普遍盼望政府有关部门尽快制定出台无人驾驶汽车的相关政策法规，让无人驾驶汽车早日进入开放道路测试，同时也让相关交通安全执法做到有法可依。
67 8 5 1 1 0.777
清华大学汽车工程系教授李克强、上海国际汽车城董事长荣文伟等业界人士认为，我国在无人驾驶汽车领域拥有市场规模大、信息产业强、可率先进入5G时代等发展优势，但如果政府相关部门迟迟不制定相关政策法规，使无人驾驶汽车无法进入开放道路测试的话，我国可能在该产业和技术领域贻误战机。
67 9 6 1 2 0.7
当前，无人驾驶汽车领域的国际竞争日益激烈，相关政策法规的制定已十分紧迫。
67 10 6 2 2 0.539
现在一些企业已有成型车辆，如果不能让企业尽快合法进入开放道路测试，一方面可能导致我国本来与外国企业处于同一起跑线的无人驾驶汽车产业最终落后于国际发展水平，另一方面也无法应对企业偷偷上路测试可能带来的安全隐患。
67 11 7 1 4 0.627
据悉，最早上路测试的谷歌无人驾驶汽车已在美国的开放道路上累计测试行驶了近300万公里。
67 12 7 2 4 0.63
已有无人驾驶汽车在开放道路行驶的外国企业每天都在积累新的实验数据，为以后的研发和技术突破打下了基础。
67 13 7 3 4 0.694
百度、腾讯等多家企业和机构联合投资的“蔚来汽车”日前获得由美国加州政府颁发的无人驾驶汽车测试牌照。
67 14 7 4 4 0.677
该公司公共事务总监余晨介绍，全球已有18家企业获得加州政府颁发的无人驾驶汽车测试牌照。
67 15 8 1 2 0.741
上汽集团高级经理梁伟铭表示，无人驾驶汽车产业发展正处于窗口期，未来5年至10年，无人驾驶技术将日臻完善，并大量进入人类社会。
67 16 8 2 2 0.603
我们目前在技术上并不落后于人，关键在于公安部、工信部、交通部等部门能否在政策法规方面尽快给予支持，以推进无人驾驶汽车的研发。
67 17 9 1 5 0.722
同济大学汽车学院教授朱西产说，虽然上海国际汽车城的国家智能网联汽车（上海）示范区有世界最完善的无人驾驶汽车封闭测试场地，但无人驾驶汽车要考察应对复杂交通状况的能力，在封闭测试场无法完全实现，必须在实际开放道路上进行测试。
67 18 9 2 5 0.54
只要能尽快允许无人驾驶汽车在开放道路测试，我们就能走出和美国不同的技术道路。
67 29 14 1 1 0.697
目前，美国、德国、日本、英国等主要无人驾驶领域技术领先的国家都在进行相关立法，以适应新时代无人驾驶领域的发展需求。
67 30 15 1 4 0.711
德国联邦参议院5月12日通过了首部关于无人驾驶汽车的法律，允许装有自无人驾驶系统的汽车上路并在特定条件下代替人类驾驶。
67 31 15 2 4 0.617
这是全球首次将无人驾驶纳入生效的道路交通法规中。
67 32 15 3 4 0.219
作为世界汽车强国，德国这次又走在了前面。
67 34 16 1 3 0.635
日本警察厅也于6月1日公布了无人驾驶汽车在开放公路上进行测试所需的道路使用许可标准，使日本无人驾驶车辆进入开放道路测试有法可依。
67 35 16 2 3 0.565
这是日本首次允许无人驾驶汽车在驾驶座无人的状态下进行开放道路测试。
67 36 16 3 3 0.716
2016年，日本国土交通省就成立了无人驾驶战略本部，而推进无人驾驶汽车研发和应用正是日本中长期发展战略“未来投资战略2017”的重要部分。
67 37 17 1 2 0.677
而作为世界上最早开始研发无人驾驶汽车技术的国家之一，美国早在2016年9月就出台了第一份《自动驾驶汽车联邦政策》文件。
67 38 17 2 2 0.532
在此之前，已有多个州通过州立法为无人驾驶汽车进入开放道路测试开了绿灯。
68 2 1 2 2 0.615
其目的是为了托扎无人驾驶技术的发展。
68 1 1 1 2 0.483
【TechWeb报道】根据国微软方面的消息，微软与国内第一大搜索公司百度在美国华盛顿州雷德蒙德宣布合作，双方通过微软Azure向阿波罗合作伙伴提供云平台，在中国境外安全分享技术。
68 3 2 1 2 0.695
阿波罗是百度四月份推出的项目，是一个开放式平台，旨在让无人驾驶汽车比较快速的在城市道路上行驶，算是快速落地的一个服务平台，从而推动自动驾驶技术发展。
68 4 2 2 2 0.485
前不久百度大会上李彦宏也曾经展示了一下，虽然引起了很大争议，但不得不说无人驾驶汽车正在前进的道路上。
68 6 4 1 2 0.691
微软公司资深副总裁KevinDallas表示：双方在自动驾驶领域迈出了坚实一步，兑现帮助汽车制造商和供应商实现自主驾驶的承诺。
68 7 4 2 2 0.604
现今，很多汽车都已具备了非常复杂的数据收集能力，通过运用微软全球云计算的人工智能、机器学习和深度神经网络功能来分析这些数据，我们可以大大加速无人驾驶技术的发展，让自动驾驶汽车的安全性得到质的飞越。
68 13 6 3 3 0.625
微软和百度将在联网汽车解决方案领域探索更多合作机会。
68 12 6 2 3 0.361
为了实现这一共同目标，就需要生态系统中的合作伙伴彼此协作。
70 3 2 1 4 0.671
在7月5日召开的百度AI开发者大会上，百度COO陆奇在介绍百度无人驾驶平台阿波罗时，连线正在搭乘无人驾驶汽车的李彦宏，李彦宏通过视频直播展示了一段自己乘坐公司研发的无人驾驶汽车的情景。
70 4 2 2 4 0.467
视频中，李彦宏坐在一辆红色的汽车的副驾驶座位上，视频中驾驶座位没有驾驶员。
70 9 3 3 3 0.753
身为第十二届全国政协委员的李彦宏，2016年的两会提案之一，就是加快制定和完善无人驾驶汽车相关政策法规，为无人驾驶汽车的研发、测试和商业化应用提供制度保障。
70 8 3 2 3 0.47
我国的《道路交通安全法》2003年公布，2007年与2011年两次修订，都没能够把无人驾驶的问题纳入考虑，相关的配套法律体系也是如此。
70 10 4 1 6 0.661
看到百度的遭遇，就会联想到同为热衷于无人驾驶技术的互联网公司谷歌，2009年谷歌开始研发自己的无人驾驶技术，8年来搭载谷歌无人驾驶技术的车辆已经完成了200万英里的测试。
70 11 4 2 6 0.257
谷歌2017年4月宣布大规模开放公测，全部600辆无人车都将投放在美国凤凰城进行公测，普通民众可以通过在线预约的方式来免费乘坐。
70 17 5 2 2 0.617
我国有良好的汽车工业体系和庞大的汽车保有量，未来无人驾驶汽车及其可能带来的共享经济对人类社会带来的影响可能会超出我们的想象，无人驾驶在我国未来的汽车市场潜力非常巨大。
70 16 5 1 2 0.387
据中国汽车工业协会统计，2016年我国汽车产销较快增长，产销总量再创历史新高，全年汽车产销分别完成2811.9万辆和2802.8万辆，比上年同期分别增长14.5%和13.7%，产销量连续8年蝉联全球第一。
70 19 6 2 3 0.603
无人驾驶将驾驶员抽离“人-车-路”系统模型，是对汽车工业的革命性变革。
70 18 6 1 3 0.432
我国汽车工业经济效益指标呈明显增长，对确保宏观经济平稳运行起到了重要作用。
70 20 6 3 3 0.679
无人驾驶是智能汽车发展的终极阶段，无人驾驶车辆构造可分为环境感知、定位导航、中央处理单元、辅助驾驶等多个系统，将衍生出众多的新技术、新产品和新商业模式，背后隐藏的风口将给汽车工业带来众多崭新的投资机会。
70 23 7 3 3 0.637
我们要在汽车产业的变革中打破常规，以创新抢抓新一轮互联网汽车产业革命先机，抢占汽车产业未来发展制高点，我国的汽车产业才有可能实现跨越式发展，才有可能抓住制定行业游戏规则的主动权，打造中国主场，树立起中国在全球互联网汽车产业领域的旗帜。
70 22 7 2 3 0.588
发展无人驾驶技术，使我国和许多西方经济强国站在了同一起跑线上。
71 1 1 1 2 0.71
7月5日，百度创始人、董事长兼CEO李彦宏乘坐百度无人驾驶汽车进入百度AI开发者大会会场，成为百度自动驾驶领域“Apollo（阿波罗）计划”推行成果的重要体现。
71 2 1 2 2 0.583
这一计划意在向汽车行业及自动驾驶领域的合作伙伴提供一个开放、完整、安全的软件平台，帮助他们结合车辆和硬件系统，快速搭建一套属于自己的完整的自动驾驶系统。
71 3 2 1 4 0.631
对此，百度首席运营官兼总裁陆奇介绍，Apollo是自动驾驶的安卓，并宣布Apollo生态成立，目前已拥有超过50家合作伙伴，包括整车厂商、集成制造商、芯片厂商、传感技术企业、研究机构等。
71 4 2 2 4 0.286
李彦宏表示，AI是必由之路，开放让所有人都收获更多。
72 1 1 1 1 0.671
德国对自动驾驶在开放道路试验，正在筹划立法规划，并要求汽车制造商为旗下配备自动驾驶模式的汽车安装“黑匣子”，以帮助确认事故责任人的权责。
72 2 2 1 2 0.624
美国国家公路交通安全管理局（NHTSA）针对高度自动驾驶的安全设计、开发、测试和应用，提出了规章制度框架，甚至要求汽车厂商不得在广告宣传中使用“自动驾驶”等词汇。
72 3 2 2 2 0.437
即使是对自动驾驶技术最为“宽容”的美国加州，对道路测试也要求：需向加州管理机构DMV缴纳500万美元的押金，保障事故赔偿能力；需要满足加州DMV对技术和公司资质的审核，并提交测试数据。
72 5 4 1 1 0.686
在近日召开的百度AI开发者大会上，百度创始人李彦宏为了推广自动驾驶成果，乘坐无人驾驶汽车的一段视频，引发关注和讨论。
72 11 9 2 2 0.611
2016年7月，由于特斯拉ModelS无人驾驶汽车发生车祸并造成驾驶员死亡，这也成为运用无人驾驶最新技术的发生的首例致命车祸，也给自动驾驶敲响了警钟。
72 10 9 1 2 0.297
任何新技术的探索和应用，不应凌驾于规则之上，更不能以危害人身安全为代价，特斯拉的事故已经是前车之鉴。
72 14 11 2 2 0.671
德国方面，对自动驾驶在开放道路试验，正在筹划立法规划，并要求汽车制造商为旗下配备自动驾驶模式的汽车安装“黑匣子”，以帮助确认事故责任人的权责。
72 13 11 1 2 0.585
鉴于自动驾驶技术安全的重要性，包括美国、德国在内的汽车工业发达国家，对该项技术的探索都提出了严格的规定。
72 15 12 1 1 0.624
美国国家公路交通安全管理局（NHTSA）针对高度自动驾驶的安全设计、开发、测试和应用，提出了规章制度框架，甚至要求汽车厂商不得在广告宣传中使用“自动驾驶”等词汇。
73 17 6 3 3 0.694
他也建议尽快修订和完善无人驾驶相关的法律法规，为无人驾驶汽车的研发、测试和商业化应用提供制度保障，推进无人驾驶汽车相关技术标准的建立和完善。
73 16 6 2 3 0.567
李彦宏曾提出，当前一些发达国家都已采取多种措施支持企业开展无人驾驶汽车的研发和测试，并对相关法律法规的修订进行了积极探索，但是我国现有的大部分政策法规与无人车发展还不相适应。
75 2 1 2 3 0.6
大会上，百度集团总裁陆奇详细介绍了百度无人驾驶Apollo（阿波罗）计划。
75 1 1 1 3 0.34
7月5日上午，百度在京正式召开“百度AI开发者大会”（BaiduCreate2017）。
75 3 1 3 3 0.436
他表示，Apollo就是自动驾驶的安卓，比安卓更加开放、能力更强。
75 9 5 2 2 0.614
工作人员表示，百度无人车已经可以在繁忙的交通要道上，实现无人驾驶。
75 8 5 1 2 0.373
与第一代相比，第二代百度无人车有了很大的性能提升。
75 29 17 1 1 0.671
利用阿波罗开放平台和参考硬件，开汽车行业及自动驾驶领域的合作伙伴快速搭建一套属于自己的完整的自动驾驶系统。
76 7 3 1 3 0.739
在自动驾驶领域，百度将推出Apollo计划，在后台提供百度大脑和智能云，为汽车带来自动驾驶未来。
76 8 3 2 3 0.389
在端上，百度通过由度秘升级来的DuerOS作为交互平台，可以嵌入任何一个平台，提供有效服务。
78 2 2 1 1 0.678
昨日，百度在北京国家会议中心举办百度AI开发者大会时，百度公司创始人、董事会主席兼首席执行官李彦宏，乘坐通过百度Apollo无人驾驶平台开发的自动驾驶汽车前往会场。
78 11 10 1 1 0.629
此外，在百度自动驾驶汽车刚刚影响了其它车辆正常通行之后，这辆百度自动驾驶汽车又干了件影响道路安全的事：白实线变道。
78 13 12 1 1 0.632
除此之外，从自动驾驶白实线并道也能明显看出，百度与博世联合研发的这套自动驾驶汽车，可能无法正确识别各种道路标识。
79 3 2 1 2 0.704
以互联网搜索引擎起家的百度，当前一个重要的发展方向是AI与无人驾驶汽车。
79 4 2 2 2 0.569
昨日，在百度AI开发者大会上，百度创始人、董事长兼首席执行官李彦宏通过视频直播展示了一段自己乘坐百度研发的无人驾驶汽车的情景。
79 13 6 3 6 0.603
即使到了三级，无人驾驶系统控制方向盘，但也要求驾驶员全程关注，当前车企的无人驾驶汽车都会在说明书上标明。
79 12 6 2 6 0.406
无人驾驶有很多种分级标准，按照SAE（美国汽车工程师学会）标准，在一级、二级情况下出了事故由驾驶员负责，因为驾驶员需要全程关注。
79 14 6 4 6 0.422
如果是完全无人驾驶状态下出现违章或事故，则涉及技术问题，生产厂家要负责任。
79 15 6 5 6 0.625
百度无人驾驶汽车实线变道不打灯问题，或涉及车辆系统对路况的判断错误。
79 16 6 6 6 0.715
据悉，此次李彦宏乘坐的无人驾驶汽车基于最新推出的Apollo技术，由百度和博世一起开发，汽车会自动识别路上障碍。
79 22 9 2 2 0.68
我国国内车企基本采用美国的SAE标准为无人驾驶汽车分级，即：
79 21 9 1 2 0.599
以欧美地区为例，NHTSA（美国高速公路安全管理局）、SAE（美国汽车工程师学会）、ERTRAC（欧洲道路交通研究咨询委员会）分别对无人驾驶进行了分级定义，也成了欧美等各国研究无人驾驶汽车相关法规的依据。
79 25 11 2 2 0.74
记者从曾经在国内进行过多次无人驾驶汽车上路测试的长安汽车获悉，当前无人驾驶汽车仍然需要配备驾驶员，且这个驾驶员需要有专门的“自动驾驶汽车”驾驶证。
79 24 11 1 2 0.542
记者从相关车企业获悉，国内现行的法规并不允许无人驾驶汽车上路，但如果是企业为了测试所需，可向国家相关部门申请审批。
79 29 13 2 3 0.726
记者留意到，去年6月，中国汽车行业监管机构曾表示，将联合公安部制定规范有关无人驾驶汽车道路测试的法律法规，法规发布前禁止车企在高速路上开展无人驾驶汽车测试。
79 28 13 1 3 0.557
中国从2016年已经开展了对于无人驾驶问题的法律研究。
79 30 13 3 3 0.273
今年6月13日，工信部网站已经正式对外发布《关于征求<国家车联网产业标准体系建设指南（智能网联汽车）（2017年）>（征求意见稿）意见的通知》，目前已经初步确立了不少意见。
81 7 2 3 3 0.692
陆奇介绍，李彦宏正在乘坐通过Apollo平台生产的无人驾驶汽车。
81 6 2 2 3 0.555
视频连线中，李彦宏乘坐在一辆无人驾驶汽车的副驾驶位置。
81 9 3 2 3 0.615
随后，百度向新浪科技表示，当时李彦宏所乘坐的无人驾驶汽车，驾驶位有人乘坐，为百度智能汽车事业部总经理顾维灏。
81 8 3 1 3 0.466
视频连线中，李彦宏乘坐在一辆无人驾驶汽车的副驾驶位置，他表示刚上五环。
81 10 3 3 3 0.118
而实际上，在视频连线中，李彦宏也提到了顾维灏在他身边，双手没有触碰方向盘。
83 1 1 1 2 0.607
7月5日，百度AI开发者大会在北京召开，其全力打造的Apollo自动驾驶开放平台成为现场最具人气的热点。
83 2 1 2 2 0.281
从今年4月份百度首次公布Apollo至今，Apollo的“季报”备受期待。
83 11 6 1 2 0.615
在业界看来，Apollo平台的开放是全球范围内自动驾驶技术首次“系统级”开放，对整个产业链的提速及落地具有重大意义。
83 12 6 2 2 0.36
对此，陆奇亦表示：“Apollo开放平台是汽车界的安卓系统，并且比安卓更开放、更强大，对于整个汽车工业的贡献将是非常巨大、非常深远的。”
83 16 8 1 2 0.694
除了对中国无人驾驶产业链赋能，百度还将向全球赋能。
83 17 8 2 2 0.605
陆奇透露，百度还将在美国、新加坡等地成立Apollo子公司，“今天的Apollo已经是世界上最强大的自动驾驶生态。Apollo有能力实现中国近现代史上第一次以中国公司、中国技术来引领世界级产业。”
84 13 9 1 1 0.618
后又着手整合了智能驾驶事业群组，将之前分裂在两个体系向不同副总裁汇报的L4自动驾驶事业部、L3智能汽车事业部以及车联网业务部门统一在一个部门，由他亲任总经理。
84 40 26 2 3 0.631
百度向自动驾驶以及汽车业内提供了一个开放的软件平台，意在帮助整个汽车生态的厂商结合它们的车辆快速搭建一个完整的自动驾驶系统。
84 39 26 1 3 0.256
今年的4月19日，百度在上海车展正式公布了“Apollo（阿波罗）计划”。
84 41 26 3 3 0.384
而在今天的开发者大会现场，陆奇进一步介绍了阿波罗计划的规划。
85 9 6 1 1 0.612
百度公布的AI开放生态战略包括：前端的对话式人工智能系统DuerOS和自动驾驶Apollo开放平台，以及后端的百度大脑和智能云。
85 25 16 1 1 0.616
继今年4月，百度发布“Apollo（阿波罗）计划”，向汽车行业及自动驾驶领域的合作伙伴提供一个开放、完整、安全的软件平台，帮助他们快速搭建完整的自动驾驶系统后，陆奇宣布正式开放Apollo1.0，并且成立了美国子公司和新加坡子公司，把触角延伸到了国际市场。
85 33 22 2 2 0.625
“随着Apollo开放平台合作伙伴的增多，共享的数据、资源和技术将成倍增加，这意味着，开发者和企业将不用再进行基础的重复工作，而是直接进入自动驾驶高阶研究，这将大幅提升自动驾驶行业的发展速度，加速自动驾驶汽车走进我们的日常生活。”
85 32 22 1 2 0.495
而在借助Apollo平台在几天内做出了自动驾驶汽车的AutonomouStuff公司CEORobertHambrick看来，以往一个企业需要花费数年开展自己的自动驾驶研究，但几年后它会发现自己的代码和技术都已经过时了。
86 5 3 1 2 0.644
身为全国政协委员的李彦宏2016年两会就递交相关提案：应加快制定和完善无人驾驶汽车相关政策法规。
86 6 3 2 2 0.581
一方面，现有汽车行业的相关行业标准、技术标准、法律法规及保险等都不适用于无人驾驶车；另一方面，无人驾驶相关的地图内容、测绘资质等规定也阻碍了无人驾驶车的发展。
86 11 6 1 1 0.715
按照这个路线图，包含无人驾驶在内的智能网联汽车产业有着15年期的分步计划，在智能化（侧重人工智能）和网联化（侧重联网程度）两个纵深方向，逐步实现驾驶辅助、部分自动驾驶、高度自动驾驶、完全自动驾驶（无人驾驶）。
86 12 7 1 2 0.655
路线图的长远愿景是，至2030年实现完全自动驾驶车辆市场占有率接近10%，彼时中国汽车产业规模预计为3800万辆，意味着无人驾驶车辆要逼近400万辆。
86 13 7 2 2 0.725
加上驾驶辅助、部分自动驾驶和高度自动驾驶不同类型，智能网联汽车总体产业占比将超过70%。
86 15 8 2 2 0.671
今年6月13日，工信部、国家标准委联合制定的《国家车联网产业标准体系建设指南（智能网联汽车）（2017年）》勾勒了无人驾驶技术标准制定纬度的框架，提出在2020年和2025年之前，分别建立低级别和高级别自动驾驶（无人驾驶）技术标准相关体系。
86 14 8 1 2 0.477
如此看涨的无人驾驶行情倒逼各种标准的马不停蹄。
86 18 9 3 4 0.636
今年4月，苹果公司被美国加州车辆管理局添加到被允许在该州进行无人驾驶汽车测试的公司名单中。
86 17 9 2 4 0.384
甚至于，企业“测试”级别的“上路通行证”也并无法理和牌照可循。
86 19 9 4 4 0.439
据悉，这份接近40家企业的加州无人驾驶路测名单，特斯拉、谷歌、英伟达等知名公司赫然在列，百度、蔚来汽车、AutoX、图森等中国背景的公司很快将达到两位数。
86 20 10 1 1 0.622
百度前高级副总裁、自动驾驶事业部总经理王劲，今年4月创办自动驾驶解决方案公司景驰，两个月后，景驰获得了加州无人驾驶路测许可。
86 21 11 1 1 0.682
长安汽车无人驾驶业务负责人、工程研究总院总工程师黎予生多次呼吁：“如果我们的汽车企业想在中国把无人驾驶这一功能技术推向市场，就必须要在公路上做相关测试，但这与我国的现行政策法规是相冲突的。希望政府相关管理部门加快出台相关法规，在保证安全的前提下，促进中国无人驾驶汽车的科技创新。”
87 7 3 4 5 0.616
当时，李彦宏正乘坐一辆百度无人驾驶汽车赶往会场。
87 6 3 3 5 0.506
会上，百度集团总裁兼首席运营官陆奇在介绍百度无人驾驶平台Apollo时，与百度创始人、董事长兼首席执行官李彦宏连线。
87 8 3 5 5 0.542
连线画面显示：李彦宏坐在无人车的副驾驶座上，正驾驶位上的是百度智能汽车事业部总经理顾维灏；但顾维灏双手脱离方向盘，该“无人车”正在无人操控的情况下自行驾驶。
87 18 9 1 2 0.657
陆奇形象地将阿波罗计划比作自动驾驶领域的安卓系统，车企可以利用这一平台打造自己专属的自动驾驶产品。
87 19 9 2 2 0.454
发布会上，百度在中央屏幕上高调地公布了即将合作的15家汽车厂商，包括北汽、东风、长安、长城等13家国内车企和福特、戴姆勒两家国际车企。
87 23 11 2 3 0.711
今年上海车展期间，长安汽车与英特尔在自动驾驶领域签署了战略合作协议；2016年11月，长城汽车与四维图新签署了《汽车自动驾驶项目合作协议》；为了实现自动驾驶，福特愿意直接收购其他公司，如斥资10亿美元收购ArgoAI。
87 22 11 1 3 0.41
记者翻阅报道发现，百度公布的车企名单中，大部分都已经宣布了自己的自动驾驶计划。
87 24 11 3 3 0.276
一位不具姓名的企业相关负责人直言，“对于这一关系到未来竞争核心的关键技术领域，整车厂都不愿意放弃”。
88 7 4 1 1 0.61
受此影响，长安汽车、长城汽车、福田汽车、江淮汽车、金龙客车、中兴通讯、路畅科技等入围Apollo生态合作伙伴联盟的A股上市公司股价纷纷大涨，路畅科技午后更是直接涨停，连中兴通讯这样的大盘股也大涨3.89%。
88 16 9 2 3 0.659
这也必将加速国内企业在无人驾驶产业链上的布局。
88 15 9 1 3 0.489
利用Apollo开放平台，无人驾驶的开发将有多快呢？从0到1只需要三天！李彦宏前往会场所乘坐的正是一辆依靠Apollo1.0能力、在三天时间内打造的循迹自动驾驶汽车。
88 17 9 3 3 0.382
而从目前的情况来看，“单车智能”和“车联网”虽然都已被上市公司覆盖，但布局的深度仍然非常薄弱。
88 18 10 1 3 0.633
另外，Apollo开放平台还有望帮助车企加速挖掘价值超过千亿的国内无人驾驶市场。
88 19 10 2 3 0.509
百度方面表示，随着首批50多家行业合作伙伴的陆续加入，Apollo计划创建了一个快速创新的良性循环，鼓励合作伙伴在各专业领域贡献，实现资源优势互补，随着更多生态合作伙伴加入并持续贡献，Apollo能力将越来越强。
89 3 3 1 1 0.627
那何为Apollo1.0呢？据百度介绍，Apollo是全球范围内自动驾驶技术的一次系统级开放，开发者借助Apollo能力，可以快速搭建一套属于自己的完整的自动驾驶系统，即无人驾驶汽车。
89 7 6 2 2 0.672
百度计划在今年7月开放封闭场地循迹自动驾驶能力以及Apollo数据开放平台，在2020年之前实现高速和城市道路全路网自动驾驶。
89 6 6 1 2 0.544
从现场公布的Apollo开放路线图中可以看出，百度将循序渐进地开放自动驾驶能力。
89 12 9 2 2 0.616
他表示，Apollo希望通过快速迭代的创新方式，为中国汽车产业升级找到突破点，推动中国自动驾驶产业在3-5年内站到世界前沿。
89 11 9 1 2 0.397
陆奇用“开放能力、共享资源、加速创新、持续共赢”十六字宣言概述了Apollo生态的战略目标。
90 15 13 1 1 0.602
百度集团总裁兼首席运营官陆奇表示，人工智能技术在推动社会发展方面拥有巨大的潜力，而智能汽车是其中最大的产业机会之一。
90 16 14 1 1 0.609
此次，百度将把自己所拥有的最强、最成熟、最安全的自动驾驶技术开放给业界，旨在建立一个以合作为中心的生态体系，发挥百度在人工智能领域的技术优势，为合作伙伴赋能，共同促进自动驾驶技术的发展和普及。
90 18 15 2 2 0.64
百度相信自动驾驶和智能汽车也是这样的事业。
90 17 15 1 2 0.309
而将这个计划命名为“Apollo”计划，就是借用了阿波罗登月计划，意指具备开创性，又需要汇聚众多参与者的力量，能为社会发展带来巨大推动力的超级工程。
91 1 1 1 1 0.711
百度董事长李彦宏乘坐百度无人驾驶汽车的视频在互联网上引发热议，同时也将无人驾驶汽车上路的合法问题再次摆在公众面前。
91 4 2 3 6 0.625
当时李彦宏正乘坐一辆百度无人驾驶汽车赶往会场。
91 3 2 2 6 0.546
在会上，百度集团总裁兼首席运营官陆奇在介绍百度无人驾驶平台Apollo时，与正在前往会场的李彦宏连线。
91 5 2 4 6 0.511
连线画面显示，李彦宏坐在无人车的副驾驶座上，正驾驶位上的是百度智能汽车事业部总经理顾维灏。
92 14 6 3 3 0.63
对于特殊的端——汽车，百度将提供Apollo——全球第一个自动驾驶开放平台；后端，百度大脑和智能云将为开发者提供一流的AI开发工具和有效的解决方案。
92 13 6 2 3 0.327
前端，百度将提供DuerOS——基于自然语言的新一代交互平台，让每一个设备、器件都能听得懂、交互、提供有效的服务。
92 29 14 2 3 0.695
陆奇现场连线了李彦宏，而后者正乘坐百度和博世合作打造的无人驾驶汽车行驶在北京五环路上。
92 28 14 1 3 0.535
在陆奇开始介绍Apollo无人驾驶平台之前，现场出现了彩蛋。
92 30 14 3 3 0.481
到达会场附近后，李彦宏又换乘了搭载Apollo1.0技术的循迹自动驾驶汽车抵达会场，而这辆车正是来自美国硅谷的AutonomouStuff公司借助Apollo1.0能力，仅花了三天时间改装而成的。
92 32 15 2 2 0.616
他表示，Apollo希望通过快速迭代的创新方式，为中国汽车产业升级找到突破点，推动中国自动驾驶产业在3-5年内站到世界前沿。
92 31 15 1 2 0.4
会上，陆奇用“开放能力、共享资源、加速创新、持续共赢”十六字宣言概述了Apollo生态的战略目标。
92 37 18 1 2 0.649
现场公布了Apollo开放路线图，百度计划在今年7月开放封闭场地循迹自动驾驶能力以及Apollo数据开放平台，在2020年之前实现高速和城市道路全路网自动驾驶。
92 38 18 2 2 0.407
陆奇表示，这只是Apollo生态快速创新的开始,“随着更多生态合作伙伴加入并持续贡献，Apollo的能力也将越来越强。”
92 58 31 1 2 0.666
NVIDIA将和百度共同在Apollo上合作开发自动驾驶技术，NV将提供Apollo的参考计算硬件。
92 59 31 2 2 0.38
NV将在Paddle-Paddle平台专门投入研发团队，在Duer-OS和百度智能云上，NV将提供更好的GPU支持。
93 1 1 1 1 0.731
百度无人驾驶汽车尚未在技术层面引发反响，便已反映了该技术在当前法规环境下的应用前景问题。
93 6 4 2 2 0.68
按照中国现行交通法规，无人驾驶汽车未获准上路行驶。
93 5 4 1 2 0.177
此后有媒体援引北京交管部门工作人员的表述称，交管部门已经获悉相关情况，正在就此展开调查。
94 12 7 1 2 0.722
此前，李彦宏曾在2016年两会提案中呼吁加快制定和完善无人驾驶汽车相关政策法规，为无人驾驶汽车的研发、测试和商业化应用提供制度保障。
94 13 7 2 2 0.458
另一份亿欧网爆料的疑似百度无人车中关村路测申请中也提及，百度目前最为迫切的需求是“在海淀区特定路线和区域进行开放道路测试，特定路线进行体验试乘，希望中关村管委会及海淀园区帮助协调交通安全管理部门的支持和默许。”
94 16 8 3 3 0.601
有汽车业内人士称，无人驾驶应该给予一定的试验空间。
94 15 8 2 3 0.224
其他也有公司在各地试验。
95 12 7 1 2 0.722
此前，李彦宏曾在2016年两会提案中呼吁加快制定和完善无人驾驶汽车相关政策法规，为无人驾驶汽车的研发、测试和商业化应用提供制度保障。
95 13 7 2 2 0.458
另一份亿欧网爆料的疑似百度无人车中关村路测申请中也提及，百度目前最为迫切的需求是“在海淀区特定路线和区域进行开放道路测试，特定路线进行体验试乘，希望中关村管委会及海淀园区帮助协调交通安全管理部门的支持和默许。”
96 1 1 1 2 0.612
2017百度AI开发者大会于今日在国家会议中心举行，百度公司CEO李彦宏乘坐着百度无人驾驶汽车赶往会场，并在途中与陆奇进行了现场连线。
96 2 1 2 2 0.258
坐着无人驾驶汽车去开会，听起来比王思聪可以带狗上去的私人飞机还要酷，但据说李彦宏的这辆车属于外地牌照且今日限行，并涉嫌在驾驶途中实线并道，连续违章，这下交警就不乐意了。
97 4 4 1 1 0.617
据悉，百度“Apollo（阿波罗）计划”向汽车行业及自动驾驶领域的合作伙伴提供一个开放、完整、安全的软件平台，帮助他们结合车辆和硬件系统，快速搭建一套属于自己的完整的自动驾驶系统。
98 3 2 1 2 0.674
今天上午，百度在北京国家会议中心举办百度AI开发者大会时，百度公司创始人、董事会主席兼首席执行官李彦宏乘坐通过百度Apollo无人驾驶平台开发的无人驾驶汽车前往会场。
98 4 2 2 2 0.404
在大会现场的视频连线中，李彦宏与正在台上发言的百度公司首席运营官陆奇沟通，表示车辆刚上五环，行驶顺利。
100 1 1 1 1 0.62
在今天上午的2017百度AI开发者大会上，百度展示了CEO李彦宏乘坐无人驾驶汽车的视频。
