2
1 4 3 1 2 0.482
马丁院士说，宫颈癌是最常见的妇科恶性肿瘤之一，而全球数据显示，其死亡率逐渐上升为妇科肿瘤首位。
1 5 3 2 2 0.666
据世界卫生组织统计，每年有近50万宫颈癌新发病例，其中我国新发病例超过10万人，约占世界的三分之一，发病率明显上升且趋向于年轻化。
3
2 10 6 1 3 0.472
四川省疾病预防控制中心工作人员介绍，宫颈癌作为严重威胁妇女健康的常见恶性肿瘤，在全世界女性恶性肿瘤中发病率位居前三位。
2 11 6 2 3 0.753
在中国，宫颈癌疾病负担同样沉重，根据2015年中国癌症统计报告，2015年中国宫颈癌新发病例高达9.89万例，死亡病例高达3.05万例，相当于每小时有3个中国妇女死于宫颈癌。
2 12 6 3 3 0.367
且在中国女性中HPV感染年龄呈双峰分布，第一个高峰在17-24岁之间，第二个高峰在40-44岁之间。
2
3 9 6 1 2 0.499
在我国，宫颈癌仅次于乳腺癌，是15-44岁女性中的第二大高发癌症。
3 10 6 2 2 0.681
据世界卫生组织国际癌症研究中心和世界卫生组织最新估计，我国宫颈癌每年的新发病例为13.15万，死亡病例高达3万！
2
7 8 4 4 5 0.531
据市疾控中心相关专家介绍，最新数据显示，每年我国新发宫颈癌10万例，死亡3万例，占全球的28%以上。
7 9 4 5 5 0.601
宫颈癌也多年占据我市城区女性恶性肿瘤死亡排名前十位。
2
13 5 3 2 3 0.529
宫颈癌是女性恶性肿瘤的第二大杀手，仅次于乳腺癌。
13 6 3 3 3 0.66
全国每年新发宫颈癌病例9.89万，每年因宫颈癌死亡的人数约3.05万，相当于每小时有3个中国妇女死于宫颈癌。
3
16 6 3 2 4 0.468
它是由致癌型人乳头瘤病毒（HPV）在女性生殖道持续性感染引起的疾病。
16 7 3 3 4 0.725
根据报告显示，2012年全世界约有53万宫颈癌新发病例，约27万女性死于宫颈癌，其中的1/5发生在中国。
16 8 3 4 4 0.576
目前，在中国30至44岁女性中，宫颈癌高居新发恶性肿瘤的第二位。
2
16 9 4 1 5 0.817
“2015年中国癌症统计报告”显示：2015年中国宫颈癌新发病例约9.89万例，死亡病例约3.05万例。
16 10 4 2 5 0.415
并且有研究显示，近年来宫颈癌的发病率和死亡率呈上升趋势。
2
19 23 16 1 2 0.732
2012年全世界约有53万宫颈癌新发病例，约27万女性死于宫颈癌，其中的1/5发生在中国。
19 24 16 2 2 0.572
目前，在中国30—44岁女性中，宫颈癌高居新发恶性肿瘤的第二位。
1
19 25 17 1 1 0.821
“2015年中国癌症统计报告”显示：2015年中国宫颈癌新发病例约9.89万例，死亡病例约3.05万例，宫颈癌发病率在我国女性新发恶性肿瘤中位居第二位，为女性健康的主要杀手。
3
22 20 10 2 5 0.432
有关研究显示，近年来宫颈癌的发病率和死亡率呈上升趋势。
22 21 10 3 5 0.732
2012年全世界约有53万宫颈癌新发病例，约27万女性死于宫颈癌，其中的1/5发生在中国。
22 22 10 4 5 0.57
目前，在中国30-44岁女性中，宫颈癌高居新发恶性肿瘤的第二位。
1
22 23 10 5 5 0.821
"2015年中国癌症统计报告"显示：2015年中国宫颈癌新发病例约9.89万例，死亡病例约3.05万例，宫颈癌发病率在我国女性新发恶性肿瘤中位居第二位，为女性健康的主要杀手。
3
24 23 10 2 5 0.432
有关研究显示，近年来宫颈癌的发病率和死亡率呈上升趋势。
24 24 10 3 5 0.732
2012年全世界约有53万宫颈癌新发病例，约27万女性死于宫颈癌，其中的1/5发生在中国。
24 25 10 4 5 0.584
目前，在中国30～44岁女性中，宫颈癌高居新发恶性肿瘤的第二位。
1
24 26 10 5 5 0.826
2015年中国癌症统计报告显示：2015年中国宫颈癌新发病例约9.89万例，死亡病例约3.05万例，宫颈癌发病率在我国女性新发恶性肿瘤中位居第二位，为女性健康的主要杀手。
2
26 6 4 1 2 0.614
宫颈癌是全球女性第三大常见恶性肿瘤，在15-44岁女性中，宫颈癌高居新发恶性肿瘤第二位。
26 7 4 2 2 0.821
我国每年新发病例10万，死亡病例3万。
0
2
30 16 10 2 3 0.517
根据“2015中国癌症统计报告”，平均每5分钟就有一位女性罹患宫颈癌。
30 17 10 3 3 0.613
每17分钟就有一位女性死于宫颈癌，几乎所有宫颈癌病例都与HPV感染有关。
1
31 10 7 1 1 0.68
根据国家统计局《中国统计年鉴2016》数据显示，截至2015年，我国20-45岁年龄段女性人口数约为2.8亿，我国宫颈癌每年约有13.2万新发病例，占世界宫颈癌新发病例总数的28%，已经为女性第二发病率的疾病。
2
33 8 3 2 3 0.347
中国女性HPV感染率呈“双峰”分布：一个在“17~24岁”，一个在“40~44岁”。
33 9 3 3 3 0.734
据世界卫生组织国际癌症研究中心和世界卫生组织最新估计，我国宫颈癌每年的新发病例为13.15万，死亡病例高达3万！在全球范围内，平均每分钟即检查出一例新发病例；每两分钟就有一名女性死于宫颈癌！宫颈癌主要是由HPV病毒导致，而国内女性HPV感染率竟然高达21.1%。
2
34 6 3 1 2 0.499
在我国，宫颈癌仅次于乳腺癌，是15-44岁女性中的第二大高发癌症。
34 7 3 2 2 0.734
据世界卫生组织国际癌症研究中心和世界卫生组织最新估计，我国宫颈癌每年的新发病例为13.15万，死亡病例高达3万！在全球范围内，平均每分钟即检查出一例新发病例；每两分钟就有一名女性死于宫颈癌！宫颈癌主要是由HPV病毒导致，而国内女性HPV感染率竟然高达21.1%。
3
41 5 4 1 4 0.553
据世卫组织报告，宫颈癌是常见的妇科恶性肿瘤之一，也是全球15至44岁女性中第二大高发癌症。
41 6 4 2 4 0.743
据《2015中国癌症统计报告》预计，当年我国宫颈癌新发病例约9.89万例，死亡人数约3.05万。
41 7 4 3 4 0.505
作为人类历史上首个病因明确的癌症，宫颈癌是由高危型HPV病毒的持续感染引起，接种疫苗是预防HPV感染和发展为宫颈癌的最有效方法，美国默沙东四价HPV疫苗是全球第一个宫颈癌疫苗。
3
49 22 16 1 3 0.571
宫颈癌发病率在我国女性恶性肿瘤中居第2位，仅次于乳腺癌。
49 23 16 2 3 0.749
我国每年约有新发病例13万。
49 24 16 3 3 0.438
在上海，宫颈癌发病率目前在女性恶性肿瘤中居第9位，死亡率居第13位，年发病率为12.1/10万，年死亡率为3.5/10万。
3
50 22 16 1 3 0.571
宫颈癌发病率在我国女性恶性肿瘤中居第2位，仅次于乳腺癌。
50 23 16 2 3 0.749
我国每年约有新发病例13万。
50 24 16 3 3 0.438
在上海，宫颈癌发病率目前在女性恶性肿瘤中居第9位，死亡率居第13位，年发病率为12.1/10万，年死亡率为3.5/10万。
2
51 20 12 1 2 0.552
宫颈癌是威胁女性健康的常见恶性肿瘤，在我国女性恶性肿瘤死亡率中排名第二，患病率居女性生殖道恶性肿瘤之首。
51 21 12 2 2 0.785
据统计，我国宫颈癌每年新发病例大约十万，死亡病例大约三万，是15至44岁女性中第三大高发癌症。
3
53 7 5 1 4 0.424
宫颈癌是严重威胁妇女健康的常见恶性肿瘤。
53 8 5 2 4 0.735
我国每年新发病例为10万，死亡病例3万，是15岁至44岁女性中第三大高发癌症。
53 9 5 3 4 0.286
和其他恶性肿瘤病因尚不明确不同，高发的宫颈癌病因非常明确，那就是和感染HPV病毒（人乳头瘤病毒）有着直接关系。
3
54 15 9 1 3 0.556
宫颈癌是女性发病率最高的癌症之一。
54 16 9 2 3 0.721
2015年中国宫颈癌新发病例约10万人，死亡约3万人，其中是15岁至44岁女性中第三大高发癌症。
54 17 9 3 3 0.471
因此，在开展宫颈癌筛查的同时，宫颈癌疫苗接种将显著降低宫颈癌及其癌前病变的发病率，从而降低疾病负担。
2
64 4 2 1 2 0.626
宫颈癌是发病率及死亡率很高的疾病，中国的宫颈癌发病率居世界第二位，在中国每年有近13万新病例和2-3万死亡病例，患病年轻化趋势明显。
64 5 2 2 2 0.459
几乎所有宫颈癌病变样本中都能找到人乳头瘤病毒(HPV)，从而印证了HPV感染是引发宫颈癌的主要原因。
3
67 6 4 1 4 0.442
宫颈癌是妇女最常见的恶性肿瘤之一。
67 7 4 2 4 0.725
在我国每年新发病例为10万，死亡病例3万，是15岁至44岁女性中第三大高发癌症。
67 8 4 3 4 0.606
2015年年底，东莞启动了第二轮“两癌”筛查，截至2016年12月31日，150443名妇女接受了宫颈癌筛查，共筛查出宫颈癌及癌前病变966例。
1
67 9 4 4 4 0.522
其中高度病变935例（6.0%）、宫颈癌31例（0.02%）。
2
71 14 6 1 4 0.694
在中国，宫颈癌的发病率和死亡率在女性生殖系统恶性肿瘤中居第一位，我国每年新发病例为10万，死亡病例3万，其中是15岁至44岁女性中第三大高发癌症。
71 15 6 2 4 0.459
宫颈癌高发于20岁至55岁女性，发病率在20到40岁持续大幅上升。
3
71 24 10 1 3 0.432
答：二价宫颈癌疫苗针对16、18亚型的HPV病毒。
71 25 10 2 3 0.735
HPV-16和18引起的宫颈癌占宫颈癌病例的70%。
71 26 10 3 3 0.406
全球大规模临床研究证实，在未感染人群中接种该疫苗，由HPV16、18亚型引起的宫颈癌前病变的预防保护效力达到100%，因其对其它致癌型HPV的良好交叉保护效果，对任何型别HPV引起的宫颈癌前病变（CIN3+）的保护效力达到93.2%。
2
72 28 11 1 2 0.478
市预防医学会表示，致癌型HPV感染是引发宫颈癌的必要条件。
72 29 11 2 2 0.735
HPV-16和18引起的宫颈癌占宫颈癌病例的70%。
2
73 6 3 1 2 0.392
广州市疾控中心专家、市预防医学会秘书长黄桂花表示，宫颈癌是严重威胁妇女健康的常见恶性肿瘤。
73 7 3 2 2 0.746
我国每年新发病例为10万，死亡病例3万，是15—44岁女性中第三大高发癌症。
2
74 2 2 1 2 0.424
宫颈癌是严重威胁妇女健康的常见恶性肿瘤。
74 3 2 2 2 0.735
我国每年新发病例为10万，死亡病例3万，是15岁至44岁女性中第三大高发癌症。
2
74 4 3 1 3 0.612
致癌型HPV感染是引发宫颈癌的必要条件，16、18亚型引起的宫颈癌占宫颈癌病例的70%，即将在广州上市的二价宫颈癌疫苗正是针对这两种亚型。
74 5 3 2 3 0.462
全球大规模临床研究证实，在未感染人群中接种该疫苗，由HPV16、18亚型引起的宫颈癌前病变的预防保护效力达到100%，对任何型别HPV引起的宫颈癌前病变（CIN3+）的保护效力达到93.2%。
3
78 5 3 1 3 0.565
据世界卫生组织报告，宫颈癌是常见的妇科恶性肿瘤之一，是全球15岁至44岁女性中第二大高发癌症。
78 6 3 2 3 0.743
据《2015中国癌症统计报告》预计，当年我国宫颈癌新发病例约9.89万例，死亡人数约3.05万。
78 7 3 3 3 0.472
宫颈癌是由高危型HPV病毒的持续感染引起，接种疫苗是预防HPV感染和发展为宫颈癌的最有效方法。
3
78 30 14 1 4 0.306
对此，GSK称，美国市场目前仅使用HPV九价疫苗，HPV四价疫苗和二价疫苗都已停止供应。
78 31 14 2 4 0.651
GSK向记者介绍，HPV16和HPV18引起的宫颈癌占宫颈癌病例的70%。
78 32 14 3 4 0.434
研究证实希瑞适对未感染人群中由HPV16、HPV18引起的宫颈癌前病变（CIN3+）的预防保护效力达到100%。
3
80 2 2 1 3 0.497
我国女性宫颈癌防治形势严峻,HPV疫苗是预防最有效方法。
80 3 2 2 3 0.725
据《2015中国癌症统计报告》预计,当年我国宫颈癌新发病例约9.89万例,死亡人数约3.05万,是15岁至44岁女性中第三大高发癌症,防治形势严峻。
80 4 2 3 3 0.479
作为人类历史上首个病因明确的癌症,宫颈癌是由高危型HPV病毒的持续感染引起,接种疫苗是预防HPV感染和发展为宫颈癌的最有效方法。
3
84 7 5 1 3 0.559
据世界卫生组织报告，宫颈癌是常见的妇科恶性肿瘤之一，是全球15至44岁女性中第二大高发癌症。
84 8 5 2 3 0.743
据《2015中国癌症统计报告》预计，当年我国宫颈癌新发病例约9.89万例，死亡人数约3.05万。
84 9 5 3 3 0.499
作为人类历史上首个病因明确的癌症，宫颈癌是由高危型HPV病毒的持续感染引起，接种疫苗是预防HPV感染和发展为宫颈癌的最有效方法，四价HPV疫苗是全球第一个宫颈癌疫苗。
2
87 12 9 1 2 0.553
据世卫组织报告，宫颈癌是常见的妇科恶性肿瘤之一，也是全球15至44岁女性中第二大高发癌症。
87 13 9 2 2 0.743
据《2015中国癌症统计报告》预计，当年我国宫颈癌新发病例约9.89万例，死亡人数约3.05万。
2
93 13 6 2 3 0.397
中国医学科学院肿瘤研究所流行病学专家乔友林教授表示，宫颈癌是严重威胁妇女健康的常见恶性肿瘤。
93 14 6 3 3 0.727
我国每年新发病例为10万，死亡病例3万，其中宫颈癌在15岁至44岁女性中属于第三大高发癌症（仅次于肺癌和乳腺癌）。
2
93 84 40 1 5 0.645
常规的宫颈癌筛查（巴氏涂片和HPV检测）可以预防大多数宫颈癌病例。
93 85 40 2 5 0.064
巴氏涂片能够在癌变之前检测到宫颈细胞的变化。
2
94 7 3 2 3 0.448
从年龄分布看，20岁以前的女性患宫颈癌概率非常低，20岁以后随着年龄的增长发病率逐渐增高，45至55岁宫颈癌发病达到高峰，随后发病率随年龄增长呈现下降趋势。
94 8 3 3 3 0.669
近几年数据显示，全市每年度报告新发诊断病例大概300例左右，报告因宫颈癌死亡的病例接近100例。
3
100 4 2 1 3 0.439
宫颈癌作为严重威胁妇女健康的常见恶性肿瘤，在我国女性生殖系统恶性肿瘤中，发病率和死亡率都居第一位。
100 5 2 2 3 0.713
仅2015年，我国宫颈癌新发病例就有约10万人，死亡约3万人。
100 6 2 3 3 0.512
有关文献指出，近年来我国女性宫颈癌的发病和死亡已呈年轻化趋势，小于35岁的年轻患者所占比例正逐年上升。
