1 3 2 2 2 0.81
因此，接种了HPV疫苗也不代表100%有效，他强调，定期进行宫颈癌筛查与接种HPV疫苗同等重要！
1 2 2 1 2 0.534
作为国家“973”肿瘤侵袭转移项目的首席科学家，同济医院马丁院士提醒大家，当前HPV疫苗未能针对全部致癌的高危型HPV病毒所有亚型。
1 10 7 1 1 0.731
目前国内上市的是二价和四价HPV疫苗。
1 11 8 1 3 0.758
即便接种了二价和四价HPV疫苗，并不能完全覆盖高危型HPV所有亚型。
1 12 8 2 3 0.754
此外，接种HPV疫苗也不是一劳永逸的。
1 13 8 3 3 0.666
2016年，曾经接种了HPV疫苗的澳大利亚著名划船运动员沙拉·泰特就死于宫颈癌，年仅33岁。
1 23 12 2 3 0.628
在2013年上半年，有30多名日本女性接种HPV疫苗后出现浑身疼痛及其他少见的严重并发症。
1 22 12 1 3 0.598
尽管目前HPV疫苗已在全球160个国家批准使用，但是疫苗的安全性也不得不谈及。
1 24 12 3 3 0.546
马丁院士说，只有1%-4%的个体会逐渐发展成宫颈癌前病变及癌变，为了4%以内的发病率，在中国实施国外推行的全民接种HPV疫苗不实际。
1 34 19 1 1 0.603
随后，马丁院士又提出宫颈癌早期预警的策略：我国宫颈癌预防的重点应该是将约1%～4%的易感人群筛选出来，实行HPV疫苗精准接种，从而让老百姓打得起，为国家节约巨额开支。
2 1 1 1 1 0.739
距离二价宫颈癌疫苗希瑞适上市4个月后，四价宫颈癌疫苗佳达修也来了，相较而言，四价疫苗的接种年龄范围更广、预防病毒种类更多。
2 4 2 3 3 0.601
届时，20-45岁的女性皆可到当地社区卫生服务中心、乡镇卫生院接种。
2 3 2 2 3 0.565
到月底，四价疫苗将覆盖全川各地。
2 5 3 1 1 0.697
“由于疫苗货源充足，能基本满足人们的需要。”四川省疾病预防控制中心免疫规划所所长张佩如昨日在人乳头瘤病毒感染相关疾病防控学术交流会上透露，首批抵蓉的四价疫苗共3万支，按照二类疫苗的流通渠道，在省级平台招标，各区县疾控中心根据采购需求计划进行采购。
2 7 5 1 3 0.792
据了解，2017年11月13日，四价疫苗首针接种在重庆市第七人民医院李家沱街道社区卫生服务中心开针，沈亚绿成为全国首个接种四价宫颈癌疫苗佳达修的女性。
2 8 5 2 3 0.705
此次上市的四价宫颈癌疫苗佳接种程序为0/2/6月各接种一针次，共接种3针次，约1100元一针，适用人群为20-45岁的女性。
2 9 5 3 3 0.609
广大女性可以陆续在全国其他城市各社区卫生服务中心、疫苗接种门诊进行咨询、预约或接种。
2 13 7 1 5 0.608
据了解，致癌型HPV（人乳头瘤病毒）感染是引发宫颈癌的必要条件，与宫颈癌相关的高危HPV有14种。
2 14 7 2 5 0.396
而“价”是指病毒的类型，“价”越高，可预防的病毒类型就越多。
2 16 7 4 5 0.736
另外，二价疫苗的接种年龄为9-25岁，四价疫苗则扩展为20-45岁。
2 15 7 3 5 0.591
今年8月左右上市的二价疫苗可预防HPV16型、HPV18型引发的宫颈癌，而本次上市的四价疫苗则在二价的基础上，多了对HPV6型和HPV11型引发的尖锐湿疣、外阴癌的预防。
2 17 7 5 5 0.011
成都商报记者王拓
3 1 1 1 4 0.668
12月1日，记者从省疾病预防控制中心了解到，四价宫颈癌疫苗将在我省落地。
3 2 1 2 4 0.372
12月5日，首针将在成都玉林社区卫生服务中心开打。
3 4 1 4 4 0.63
届时，凡有需求的女性均可到社区卫生中心或乡镇卫生院注射疫苗。
3 3 1 3 4 0.57
据了解，首批3万支疫苗已到货，疫苗将在月底前覆盖全省各地。
3 5 2 1 1 0.605
省疾控中心免疫规划所所长张佩如告诉记者，四价宫颈癌疫苗的接种周期为0、2、6个月，即首次接种后，过两个月、六个月再接种两次即可。
3 7 4 1 1 0.68
四价宫颈癌疫苗的中国总代理重庆智飞生物制品股份有限公司经理黄伟平告诉记者，四价宫颈癌疫苗每针价格大约在1100元左右。
3 8 5 1 1 0.66
他告诉记者，首批3万支四价宫颈癌疫苗已到货，并按照二类疫苗的流通渠道，在省级平台招标，各区县疾控中心根据采购需求计划进行采购，由于疫苗货源充足，能基本满足人们的需要。
3 13 9 1 3 0.623
可以预防由HPV16和HPV18型病变引起的宫颈癌，适用于9岁～25岁的女性群体。
3 14 9 2 3 0.143
这可以说是雪中送炭，因为，超过70%的宫颈癌都是由这两种病毒引起的！2016年7月，率先幸运获准进入中国市场的就是这位同学。
3 15 9 3 3 0.609
（备注：今年8月起，二价疫苗已可在四川各个地区接种。
3 24 13 2 2 0.609
如果以预防宫颈癌为目的，二价疫苗可完全满足需求。
3 23 13 1 2 0.558
二价HPV疫苗，对国内人群的感染预防率更高，达到84.5%，高于全球平均值。
3 34 19 1 2 0.629
考虑到HPV可以反复感染，通常认为接种前无需检测体内有无HPV感染。
3 35 19 2 2 0.445
但如果感染过HPV或者由此造成了宫颈病变，则另当别论，还是治疗转阴后再接种更好。
3 36 20 1 3 0.847
无论接种2价疫苗、4价疫苗还是9价疫苗，接种疫苗后仍然需要定期筛查。
3 37 20 2 3 0.579
原因很简单，现有疫苗，包括9价疫苗并不能预防所有的高危型HPV。
4 2 2 1 2 0.652
作为备受市场关注的疫苗企业，智飞生物通过上述活动对外界透露，由其独家代理的美国默沙东四价宫颈癌疫苗（以下简称四价HPV疫苗）处上市初期，供应比较紧张，的确存在“抢苗”现象。
4 3 2 2 2 0.484
此外，2017上半年智飞生物独家产品AC-Hib三联疫苗销售超过170万支，销售额超过3.5亿元。
4 8 4 1 2 0.639
在回答投资者提问时，智飞生物董秘秦菲表示，智飞协议代理的美国默沙东四价HPV疫苗已于11月13日在重庆接种了全国首针，随后河南郑州、云南昆明、广西南宁等省市都已陆续开针。
4 9 4 2 2 0.32
截至目前，四价HPV疫苗已在云南、重庆、河南、黑龙江、江西、广西、湖北、湖南、四川、福建、宁夏等11个省份（直辖市）中标，其他省份也已按各省招投标进展提交或准备提交相关招投标资料。
4 10 5 1 2 0.664
秦菲介绍，默沙东四价HPV疫苗是全球第一个宫颈癌疫苗，已于2006年率先在墨西哥和美国上市。
4 11 5 2 2 0.446
截至2017年3月，该款产品已在全球132个国家获批上市，接种剂量超过2.3亿剂次，北欧长期随访研究证实其保护效力达8年。
4 12 6 1 3 0.796
此次，四价HPV疫苗在国内获批适用于20~45岁女性，完成整个免疫程序需接种三针。
4 13 6 2 3 0.664
该年龄段女性四价HPV疫苗对HPV16/18相关CIN2+的保护效力高达100%且耐受性良好。
4 14 6 3 3 0.292
根据国家统计局《中国统计年鉴2016》数据显示，截至2015年，我国20~45岁年龄段女性人口数为2.8亿左右。
5 1 1 1 6 0.808
宫颈癌疫苗已经可以在长宁接种。
5 2 1 2 6 0.676
记者从区疾控中心了解到，此次露面的宫颈癌疫苗是中国内地首个通过国家食药监局审批的，商品名叫希瑞适，是由英国制药企业葛兰素史克公司生产的二价HPV疫苗，能预防HPV-16和HPV-18两种基因型的病毒感染。
5 3 1 3 6 0.344
采用肌肉注射，首选部位为上臂三角肌，采用三剂程序，即0、1、6月接种，每剂0.5mL。
5 5 1 5 6 0.787
该疫苗适用于9-25岁的女性，市民如需接种疫苗，可向社区接种门诊和特需门诊提前致电预约。
5 4 1 4 6 0.564
由于是第二类疫苗，知情、自愿、自费接种，在社区卫生服务中心，定价每支585.5元，三剂程序共1756.5元。
5 6 1 6 6 0.757
超过9-25岁年龄段的女性朋友，如要注射，还需要等默沙东公司的四价宫颈癌疫苗（佳达修）登陆上海，接种对象为20-45岁女性，预计明年上半年可以在本市接种。
5 7 2 1 5 0.698
有关专家表示，并非人人适合接种宫颈癌疫苗，譬如有计划怀孕的和已经怀孕的人群，哺乳期妇女需谨慎接种。
5 8 2 2 5 0.538
此外已有宫颈癌、湿疣、外阴和癌前病变的患者、对该疫苗任一活性成分或辅料严重过敏反应者均禁止接种。
5 10 2 4 5 0.649
也就是说，打过HPV疫苗依然可能得宫颈癌。
5 9 2 3 5 0.587
值得注意的是，无论是二价、四价还是九价HPV疫苗，都只针对了一部分导致宫颈癌的高危型HPV，不能覆盖所有致癌的高危型HPV。
5 11 2 5 5 0.752
另外接种HPV疫苗女性仍应定期进行宫颈癌筛查，且筛查方案不变。
5 12 3 1 3 0.722
记者了解到，和接种任何一种疫苗一样，注射HPV疫苗也有风险。
5 13 3 2 3 0.454
HPV疫苗的不良反应包括：注射部位肿痛、精神紊乱、消化系统疾病和呼吸系统疾病等。
7 1 1 1 1 0.722
继今年8月桂林引进2价宫颈癌疫苗之后，首批4价宫颈癌疫苗近日也已抵达我市，并于昨日上午在桂林市疾病预防控制中心举行了首针接种仪式。
7 2 2 1 1 0.797
昨日上午10点不到，桂林市疾控中心综合接种门诊就排起了长队，她们大部分是预约接种4价宫颈癌疫苗的市民，手里拿着疫苗接种知情告知书等待缴费接种。
7 3 3 1 2 0.602
“我觉得特别幸运，成为第一个接种这款疫苗的人。”作为我市预约并成功接种4价宫颈癌疫苗的第一人，今年30岁的李娟很兴奋。
7 4 3 2 2 0.247
完成接种后，李娟按医嘱在现场观察了30分钟，确认没有出现过敏等其他反应后才放心离开。
7 5 4 1 5 0.85
据了解，宫颈癌疫苗指可预防宫颈癌的HPV疫苗。
7 6 4 2 5 0.596
宫颈癌是由高危型（也称致癌型）人乳头瘤病毒（以下简称HPV）在女性生殖道持续性感染引起的疾病，99.7%的宫颈癌都是由HPV感染所致。
7 10 5 1 3 0.77
目前，全球预防宫颈癌的疫苗共有2价、4价和9价宫颈癌疫苗3种。
7 11 5 2 3 0.746
今年8月2价宫颈癌疫苗到达我市，它虽能预防HPV16型、18型所导致的疾病（包括宫颈癌），但只适宜9—25岁的女性接种。
7 12 5 3 3 0.701
所以，适合20—45岁的4价宫颈癌疫苗一到达我市，便吸引了众多有意愿的市民前来接种。
7 13 6 1 2 0.712
“宫颈癌是目前唯一可以用疫苗预防的癌症。”市疾控中心副主任石朝辉告诉记者，此次首批共有971支4价宫颈癌疫苗到达桂林。
7 14 6 2 2 0.474
除了市疾控中心外，阳朔、荔浦、平乐、永福和龙胜各县的疾控中心也将陆续开展接种业务，有需要的市民可自行选择接种。
7 15 7 1 2 0.74
4价宫颈癌疫苗与之前引进的2价宫颈癌疫苗，除了适用年龄范围不同外，4价宫颈癌疫苗除了可预防由HPV16、18型引起的宫颈癌，还可预防由HPV6、11型引起的生殖道疣。
7 16 7 2 2 0.647
专家表示，市民可按照需求进行接种，没必要重复接种，但适龄人群越早接种，效果越好。
7 17 8 1 1 0.748
“宫颈癌疫苗虽然是有效的预防手段，但我们并不推荐备孕、怀孕、妊娠期、哺乳期的女性进行接种。”市疾控中心专家表示，从昨日接种的火爆情况来看，市民对4价宫颈癌疫苗的接种意愿很高，第一批没能接种到疫苗的市民也不要着急，疾控中心将继续根据计划采购第二批疫苗，确保有意愿的市民能够尽快顺利接种上疫苗。
7 18 9 1 3 0.779
“从预防角度看，每位女性都应接种宫颈癌疫苗，但接种疫苗并不等于就进了保险箱。疫苗接种不能取代常规宫颈癌筛查，也不能取代预防HPV感染和性传播疾病的其他措施。”疾控专家解释，宫颈癌预防包括一级预防HPV疫苗接种、二级预防意识的提高和筛查、三级预防的诊断与治疗。
7 19 9 2 3 0.599
HPV病毒有100多种亚型，与宫颈癌相关的高危亚型有十几种，疫苗只针对其中几项，不能取代预防HPV感染和性传播疾病的其他措施，且对已感染相关病毒的患者并无治疗效用。
7 20 9 3 3 0.68
专家建议，有性经历的女性应检查HPV感染情况后接种HPV疫苗；市民还应当注意卫生，避免性关系复杂、吸烟等不良行为，定期到正规医院做检测筛查，减少HPV病毒感染的几率。
8 4 4 1 2 0.608
据了解，11月上旬智飞生物所代理的默沙东四价HPV（人类乳头瘤病毒，宫颈癌罪魁）疫苗正式在国内上市，此次与美年健康的合作也被市场视作为了推广该疫苗销售的一大动作。
8 5 4 2 2 0.537
但值得一提的是，葛兰素中国旗下的二价HPV疫苗也已在国内上市销售。
8 17 13 2 2 0.658
今年7月，GSK宣布其在国内获批的宫颈癌疫苗希瑞适（二价HPV疫苗）已正式上市；而在11月9日晚间，智飞生物才公告称其收到国家食品药品监督管理总局签发的四价HPV疫苗《生物制品批签发合格证》，已在多个省份上市销售。
8 16 13 1 2 0.473
而正是GSK，或在宫颈癌疫苗市场与智飞生物成为竞争对手。
8 21 16 1 2 0.713
据GSK披露信息，希瑞适适用年龄段为9~25岁，假设这个年龄段所有女性都接种该疫苗，其市场规模可达2133.58亿元；同时，而智飞生物所代理的四价疫苗接种对象适用人群为20~45岁的女性。
8 22 16 2 2 0.336
两者存在20~25岁年龄段的重叠，双方在销售上短兵相接难以避免。
9 4 2 3 3 0.714
作为国内综合实力最强的民营疫苗供应和服务商，智飞生物引进代理的默沙东宫颈癌疫苗Gardasil系国内首个获批并正式上市的宫颈癌四价疫苗，主要使用对象为20岁至45岁妇女。
9 3 2 2 3 0.571
在医学治疗上，宫颈癌疫苗是目前唯一有效防止癌症的疫苗，可使宫颈癌的发病率和死亡率明显下降，市场需求巨大。
9 5 3 1 3 0.66
美年健康和智飞生物合作后，拟在美年健康旗下的体检中心设立成人预防接种门诊，用于宫颈癌疫苗的接种服务。
9 6 3 2 3 0.301
美年健康目前在全国200多个核心城市拥有近400家医疗及体检中心，考虑到疫苗的供给等因素，首批将选择部分城市的体检中心推广。
10 3 2 1 1 0.715
据悉，智飞生物引进代理的默沙东HPV疫苗Gardasil系国内首个获批并正式上市的HPV四价疫苗，且于今年11月13日在重庆接种了全国首针四价宫颈癌疫苗，随后河南郑州、云南昆明、广西南宁等省市都已陆续开针，目前已完成招投标的7个省市都将开始陆续接种。
11 1 1 1 2 0.811
11月27日，湖南省疾控中心门诊部，市民在接种四价宫颈癌疫苗。
11 2 1 2 2 0.593
全省各市、区县的首批四价宫颈癌疫苗预计将在12月中下旬陆续到货。
11 3 2 1 1 0.705
“我已经37岁了，属于宫颈癌的高发年龄，赶紧来接种。”27日一早，市民罗锡女士就赶到省疾控中心门诊部，接种等待已久的四价宫颈癌疫苗。
11 4 3 1 2 0.708
27日上午，省预防医学会、省疾病预防控制中心召开我省宫颈癌疫苗上市新闻发布会，即日起20-45岁的女性可根据自身需求在省疾病预防控制中心门诊自费接种。
11 5 3 2 2 0.679
据悉，全省各市、区县的首批四价宫颈癌疫苗预计将会在12月中下旬陆续到货，有接种需求的女性可向当地社区卫生服务中心咨询预约。
11 10 6 1 3 0.661
“今天来接诊的市民有100多人。”省疾控中心门诊医生陈万慧表示，不推荐孕妇接种HPV疫苗，但如果接种者在接种期间发现已经怀孕，并不需终止妊娠。
11 11 6 2 3 0.428
如果半年内计划怀孕的，也不建议接种，可以等到生完孩子再接种。
11 17 9 1 2 0.642
由HPV引起的宫颈癌，是唯一可以通过疫苗预防的癌症。
11 18 9 2 2 0.822
接种人乳头瘤病毒(HPV)疫苗及定期宫颈癌筛查，是预防宫颈癌的必要措施。
11 20 11 1 2 0.621
据悉，四价宫颈癌疫苗既能预防HPV16、18型别引起的宫颈癌，又能预防感染HPV6、11型别引发的生殖器疣。
11 21 11 2 2 0.65
推荐接种的主要人群为20-45岁的女性，接种程序为0/2/6月各接种一剂次，全程免疫3针次，共计2454元。
11 22 12 1 2 0.624
湖南省疾控中心副主任陈曦解释，四价HPV疫苗除了覆盖引起宫颈癌的HPV16、18型别以外，多了HPV6、11两个型别。
11 23 12 2 2 0.365
它是世界上第一个研发出来的宫颈癌疫苗，全球的使用时间超过了10年。
11 24 13 1 2 0.684
赵方辉教授表示，对女性来说，宫颈癌疫苗越早接种越好，二价疫苗和四价疫苗的适用年龄不同，女性可根据自己的年龄选择。
11 25 13 2 2 0.484
主要看针对性，是宫颈癌还是生殖道疣，没必要重复接种。
11 28 15 1 2 0.779
湖南省妇幼保健院妇科主任龚颖萍解释，四价疫苗接种不能取代常规宫颈癌筛查，也不能取代预防HPV感染和性传播疾病的其他措施。
11 29 15 2 2 0.306
因此，按照相关部门建议常规进行宫颈癌筛查依然极为重要。
12 1 1 1 1 0.661
四价宫颈癌疫苗终于来了。
12 2 2 1 1 0.67
11月27日，省疾控中心门诊处，不少女性正排队等候，准备接种疫苗。
12 3 3 1 2 0.68
首批到货的四价宫颈癌疫苗预计2万支。
12 4 3 2 2 0.752
已经打过二价宫颈癌疫苗的女性，可根据需求，没必要重复接种。
12 5 4 1 1 0.768
本报长沙讯11月27日上午，四价宫颈癌疫苗在湖南正式上市，目前，适龄女性（20岁至45岁）可以到省疾控中心门诊接种四价宫颈癌疫苗。
12 6 5 1 2 0.75
当天上午9点，省疾控中心门诊处，接种疫苗的队伍从门诊大厅一直排到三楼楼梯口，大部分是接种四价宫颈癌疫苗的市民。
12 7 5 2 2 0.638
大家手里拿着单子等待缴费，准备接种首批宫颈癌疫苗。
12 9 6 2 3 0.635
从朋友圈得知四价疫苗上市的消息后，她就想来接种疫苗。
12 8 6 1 3 0.206
42岁的吴兰英家住长沙县江背镇，是超市服务员。
12 10 6 3 3 0.184
“天不亮就出门了，早上6点半就开始排队。”吴兰英说，花2500元左右就能预防宫颈癌，比较划算。
12 11 7 1 4 0.728
除了长沙本地市民，还有其他市县的人前来接种首批四价宫颈癌疫苗。
12 12 7 2 4 0.13
今年27岁的吴依融特意从常德赶过来。
12 14 7 4 4 0.797
得知省疾控中心能接种四价疫苗，吴依融立马赶过来接种。
12 13 7 3 4 0.232
“提前一天就到了，特意在附近酒店订了房，今天早上7点半就过来排队了。”吴依融告诉记者，她不少朋友都去香港接种宫颈癌疫苗，自己也咨询过，但香港已断货了。
12 15 8 1 2 0.621
据悉，四价宫颈癌疫苗既能预防HPV16、18型别引起的宫颈癌，又能预防感染HPV6、11型别引发的生殖器疣。
12 16 8 2 2 0.571
推荐接种的主要人群是20岁至45岁的女性，接种程序为第0、2、6月各接种一次，全程3次，价格共2500元左右。
12 20 10 1 3 0.711
11月27日起，长沙市民可直接在省疾控中心门诊接种，全省各市、区县的首批四价宫颈癌疫苗预计会在12月中下旬到货，有接种需求的女性可向当地社区卫生服务中心咨询预约。
12 21 10 2 3 0.333
省疾控中心副主任高立冬表示，首批预计20000支。
12 29 14 2 3 0.676
首先，对已有性生活但无HPV感染的女性，接种疫苗可得到有效保护。
12 28 14 1 3 0.516
有性生活的成年女性是否有必要接种？北京协和医院妇产科主任谭先杰教授表示，即使有性生活的成年女性也有必要接种。
12 30 14 3 3 0.57
其次，对已有性生活且可能感染过HPV的女性，同时感染多种HPV型别的可能性非常小（HPV阳性群体中，感染一种HPV型别的比例为80%，感染三种及以上HPV型别的比例不足10%），接种HPV疫苗对那些未感染的型别依然有良好的保护效果。
12 31 15 1 1 0.784
相比之前上市的二价宫颈癌疫苗，四价宫颈癌疫苗有何特点？
12 32 16 1 2 0.609
中国医学科学院肿瘤医院流行病学教授赵方辉表示，二价宫颈癌疫苗可预防70%由HPV16、18型引起的宫颈癌。
12 33 16 2 2 0.694
四价疫苗在此基础上，还可预防由HPV6、11型引起的90%的生殖道疣（尖锐湿疣），可按照需求进行接种，没必要重复接种，但适龄人群越早接种，效果越好。
12 35 18 1 2 0.766
省妇幼保健院妇科主任龚颖萍表示，疫苗接种不能取代常规宫颈癌筛查，也不能取代预防HPV感染和性传播疾病的其他措施。
12 36 18 2 2 0.381
因此，进行常规宫颈癌筛查依然重要。
13 2 1 2 2 0.693
适合9岁至25岁女性的二价宫颈癌疫苗来到湖南不到1个月，11月27日，适合20岁至45岁女性的四价宫颈癌疫苗也登陆湖南了。
13 1 1 1 2 0.497
湖南女性在预防宫颈癌方面又多了一道利器。
13 10 6 1 4 0.659
目前我省上市的是二价和四价疫苗。
13 11 6 2 4 0.706
专家介绍，“价”的多少代表了疫苗可预防的HPV病毒种类。
13 12 6 3 4 0.539
二价疫苗主要预防HPV16型和HPV18型，这两个亚型是导致宫颈癌的主要亚型。
13 18 9 1 3 0.748
专家建议，越早接种效果越好，已接种二价疫苗的不推荐也没必要再接种四价疫苗。
13 19 9 2 3 0.554
由于我国女性HPV感染率按年龄呈“双峰”分布：第一个高峰在“17岁至24岁”，第二个高峰在“40岁至44岁”，所以应在感染高峰到来之前，尽早完成疫苗的接种。
13 21 10 1 3 0.691
北京协和医院妇产科主任谭先杰教授介绍，HPV主要通过性传播，对于已有性生活但无HPV感染的成年女性群体，接种疫苗可得到有效的保护。
13 22 10 2 3 0.516
对于已有性生活并且可能感染过HPV的女性群体，也可以接种。
13 23 10 3 3 0.604
因为同时感染多种HPV型别的可能性非常小，接种HPV疫苗对那些未感染的型别依旧有良好的保护效果。
13 24 11 1 3 0.686
目前还不推荐孕妇接种HPV疫苗，但如果接种者在接种期间发现已经怀孕，并不需终止妊娠。
13 25 11 2 3 0.506
如已完成3针疫苗注射，建议在完成注射半年后再备孕；如果半年内计划怀孕的，也不建议接种，可以等到生完孩子再接种。
13 30 14 1 1 0.679
是不是打了疫苗，就能高枕无忧？湖南省妇幼保健院妇科主任龚颖萍介绍，无论是二价疫苗还是四价疫苗，以及还未在内地上市的九价疫苗，都无法完全预防所有的HPV亚型病毒。
13 31 15 1 3 0.67
接种疫苗是宫颈癌的一级预防屏障，大大减少了妇女患宫颈癌的风险，并不代表对HPV病毒完全免疫，仍旧有患上宫颈癌的可能。
13 32 15 2 3 0.572
因此，对于21岁以上的女性或有性生活3年以上的女性，无论是否接种HPV疫苗，建议至少每两年做一次宫颈筛查。
14 1 1 1 1 0.772
今天上午，记者从湖南省预防医学会、湖南省疾病预防控制中心举行的湖南省宫颈癌疫苗上市新闻发布会上获悉，即日起，20岁至45岁的女性可在省疾控制中心预防医学门诊部接种四价HPV疫苗了。
14 3 2 2 3 0.632
二价疫苗可预防70%由HPV16、18型引起的宫颈癌;而四价疫苗，在此基础上，还可预防由HPV6、11型引起的90%的生殖道疣(尖锐湿疣)。
14 2 2 1 3 0.112
没有必要。
14 4 2 3 3 0.535
主要看针对性，是宫颈癌还是生殖道疣，没必要重复接种，但适龄人群接种的时间越早越好。
14 5 3 1 1 0.625
疫苗的问世使宫颈癌的预防手段更加全面、有效，但目前全球上市的所有HPV疫苗都无法提供100%的保护，即使接种了仍应定期筛查宫颈癌，这是预防宫颈癌的必要措施。
14 6 4 1 1 0.717
省疾控制中心预防医学门诊部主任石琼表示，四价疫苗推荐接种的主要人群为20岁至45岁的女性，接种程序为0/2/6月各接种一剂次，全程免疫3针次，共计价格约在2500元左右。
14 7 5 1 1 0.703
全省各市、区县的首批四价HPV疫苗，预计会在12月中下旬陆续上市，有接种需求的女性可以向当地社区卫生服务中心咨询预约。
15 1 1 1 2 0.725
继HPV二价疫苗在浙江“开打”以来，不少25岁以上的大龄女性，都在盼望HPV四价疫苗的早日来临。
15 2 1 2 2 0.285
如今，这种盼望马上成为现实，大龄女性再也不用跑去香港排队、加塞打宫颈癌疫苗了！
15 3 2 1 2 0.673
HPV四价疫苗其实与浙江渊源颇深。
15 4 2 2 2 0.505
早在2009年2月起，默沙东就在浙江大学医学院附属妇产科医院等医院进行为期3年的HPV四价疫苗Ⅲ期临床试验，在经历层层审批，四个时期的临床试验，样本量、重度感染指标不够，延长试验等重重障碍后，终于在国内上市。
15 5 3 1 2 0.645
据悉，在今年11月13日，默沙东的四价HPV疫苗“佳达修”率先在重庆打出了内地第一针，正式宣告结束中国内地市场尚无四价HPV疫苗的现状。
15 6 3 2 2 0.672
我省目前也正在加快四价HPV疫苗的采购工作。
15 7 4 1 2 0.616
其实，HPV疫苗不仅适用于女性，也适用于男性。
15 8 4 2 2 0.566
众所周知，HPV的主要传播途径是性传播，HPV感染可致男性阴茎癌。
15 11 7 1 1 0.702
美国FDA日前批准扩大新一代九价HPV疫苗（佳达修9）的接种范围，将该疫苗接种的男性年龄组从此前的9至15岁扩展为9至26岁年龄组，9至26岁男性和女性均是这种疫苗的适用人群范围。
15 13 8 2 3 0.637
但由于年龄越大，接种HPV疫苗后抗体滴度浓度越低。
15 12 8 1 3 0.498
目前国内推荐的接种年龄为女性9至45岁，最佳年龄为10至14岁。
15 14 8 3 3 0.497
与16至26岁的人群相比，9至15岁接种疫苗后，抗体滴度可达到前一人群的2倍。
15 15 9 1 2 0.722
HPV疫苗通常采用3针接种，全程6个月内完成可达较好的接种效果。
15 16 9 2 2 0.456
接种后最长保护时间尚不清楚，但不推荐增加注射次数或剂量强化免疫反应。
15 17 10 1 1 0.746
但是，接种疫苗前已确定妊娠的女性和对酵母过敏的人群不应接种疫苗。
15 18 11 1 2 0.646
虽然HPV疫苗预防的有效性高达90%以上，但仍不能100%预防宫颈癌。
15 19 11 2 2 0.321
健康的生活方式，尤其是性生活方式仍是预防宫颈癌的关键。
16 1 1 1 1 0.677
[宫颈癌疫苗供不应求预约接种需趁早]今天中午11点半，记者在南宁市七星社区卫生服务中心看到，尽管接种高峰已过，但依然有不少市民赶着在医生下班前把宫颈癌疫苗的第一针给打了。
16 11 4 3 5 0.702
但在我国大陆地区，宫颈癌疫苗在今年7月才上市二价疫苗，比世界第一支宫颈癌疫苗的上市迟到了11年。
16 10 4 2 5 0.246
并且有研究显示，近年来宫颈癌的发病率和死亡率呈上升趋势。
16 12 4 4 5 0.505
至于市民们对于宫颈癌疫苗分为“二价”、“四价”、“九价”几个不同种类的困惑，杨科长介绍说，有70%以上的宫颈癌与HPV16和18型感染有关。
16 13 4 5 5 0.685
因此，“二价”相当于基础款，但由于适用人群在9~25岁，而四价HPV疫苗的接种年龄范围放宽到45岁。
17 1 1 1 2 0.715
[松江宫颈癌疫苗已到位，9-25岁的女性居民们可就近接种啦！]#便民提示#松江的妹子们请注意！@上海松江发布说：松江已经开始二价HPV疫苗（俗称宫颈癌疫苗）的接种服务。
17 2 1 2 2 0.646
符合接种对象的女性居民可携本人身份证（女童另携绿色接种本）自行前往全区20家社区卫生服务中心及分中心接种门诊（地址及、开设时间和咨询电话见下图），接种后请留观30分钟哦~PS，全市各区的二价HPV疫苗都在陆续到货中哦~~
18 1 1 1 1 0.785
东莞时间网讯近日，记者从大朗镇社卫中心获悉，二价HPV疫苗已配送至大朗，该疫苗全程接种3针，每针价格为605元，市民随时可以前来社卫中心接种。
18 2 2 1 1 0.774
据介绍，HPV疫苗可以阻止人乳头瘤病毒，主要预防宫颈癌，接种的最佳人群为9至25岁女性，最好在有性生活之前完成接种。
19 2 2 1 1 0.643
跟着二价宫颈癌疫苗的步伐，近期四价宫颈癌疫苗，也会在柳州上市，大家可以先预定。
19 3 3 1 2 0.605
昨日上午，记者从市疾控中心了解到，想要打四价宫颈癌疫苗的市民可以在全市社区卫生服务中心预定。
19 4 3 2 2 0.519
除了预定的方式之外，等疫苗到货后，市民再去市疾控中心及各社区卫生服务中心交费也可以接种。
19 6 5 1 1 0.663
四价疫苗比二价疫苗的接种价格高，厂家指导价约980元/剂，一共要注射3次，共计花费3000元左右。
19 7 6 1 1 0.686
四价接种年龄也从二价疫苗的25岁以下放宽到45岁以下。
19 16 11 1 1 0.69
二价HPV疫苗：接种对象为9~25岁女性，针对HPV病毒家族中的HPV16/18，即最常引起宫颈癌和宫颈癌癌前病变的两个亚型。
19 17 12 1 1 0.714
四价HPV疫苗：接种对象为20~45岁女性，针对HPV16/18/6/11，不但能预防70%的子宫颈癌，还可预防常见的性病、皮肤病。
19 18 13 1 1 0.674
九价HPV疫苗：9岁以上人群可接种，针对HPV16/18/6/11/31/33/45/52/58，可预防90%的子宫颈癌。
19 28 20 1 2 0.648
宫颈癌是可以预防的，在全世界范围内宫颈癌的综合防控受到高度重视，世卫组织WHO及ASCO指出“HPV疫苗是目标人群针对某些型别HPV感染（导致宫颈癌）一级预防的最佳策略，没有其它预防策略可以替代疫苗”。
19 29 20 2 2 0.717
接种HPV疫苗是预防宫颈癌最经济最有效的防控措施。
20 4 3 1 2 0.752
记者了解到，现在上市的二价宫颈癌疫苗获批年龄是9-25岁，而四价宫颈癌疫苗则适合于20—45岁的女性。
20 5 3 2 2 0.611
四价宫颈癌疫苗是在HPV16和HPV18二价苗的基础上，增加了HPV6和HPV11二种HPV低危型亚型，可预防更多的HPV感染，不但可减少宫颈癌的风险，还可以预防男女性常见的性病皮肤病，预防作用更加广泛。
20 6 4 1 1 0.654
源汇区疾控中心疫苗管理科：3396596。
21 3 2 1 1 0.75
这次，省疾控中心放大招，11月27日起，20岁至45岁的女性可以接种四价宫颈癌疫苗。
21 4 3 1 1 0.737
相比二价，四价宫颈癌疫苗能有效预防更多的病毒，接种三针的价格一共是2500元左右。
21 5 4 1 4 0.669
刚上市的二价宫颈癌疫苗获批年龄是9岁至25岁，但不少女性都超龄了。
21 6 4 2 4 0.625
庆幸的是，适合20岁至45岁的四价宫颈癌疫苗即将与大家见面。
21 7 4 3 4 0.717
11月20日，记者从湖南省疾控中心获悉，11月27日，适龄女性（20岁至45岁）可以到省疾控中心预防门诊，接种进口四价宫颈癌疫苗。
21 8 4 4 4 0.506
完成整个免疫程序共需接种三针，价格一共是2500元左右。
21 10 5 2 4 0.6
在中国，女性HPV感染率高达21.1%，HPV感染后，可被免疫机制自行清除，所以多数HPV感染是无临床症状的，但某些型别的HPV持续感染可导致病变，变为宫颈癌。
21 9 5 1 4 0.57
宫颈癌是常见的妇科恶性肿瘤之一，严重危害女性的健康，持续的HPV病毒（人乳头瘤病毒）感染，尤其是高危型HPV病毒感染，导致宫颈癌的发生。
21 11 5 3 4 0.425
据悉，中国女性HPV感染率按年龄呈“双峰”分布，第一个高峰在17岁至24岁，第二个高峰在40岁至44岁。
21 12 5 4 4 0.845
因此，接种HPV疫苗预防宫颈癌很有必要。
21 13 6 1 6 0.675
HPV疫苗分为二价、四价、九价。
21 14 6 2 6 0.745
“价”的多少代表疫苗可预防的HPV病毒种类。
21 15 6 3 6 0.531
四价疫苗针对4种HPV病毒有效，包括高危病毒16号和18号（导致70%以上的宫颈癌），低危病毒6号和11号（90%以上的生殖器疣）。
21 17 6 5 6 0.817
目前，国内上市的是二价HPV疫苗和四价HPV疫苗。
21 16 6 4 6 0.579
九价疫苗在四价疫苗的基础上，覆盖了31、33、45、52，58亚型，能预防90%的宫颈癌。
21 18 6 6 6 0.485
九价疫苗只限于在香港使用，国内其他地方还未引进。
21 20 7 2 2 0.617
四价疫苗在中国注册，适用于20岁至45岁的女性群体，完成整个免疫程序共需接种三针，分别在第0、2、6个月，三剂接种的价格在2500元左右。
21 19 7 1 2 0.585
二价疫苗在中国注册，适用于9岁至25岁的女性群体，完成整个免疫程序共需接种三针，分别在第0、1、6个月。
21 21 8 1 2 0.772
专家提醒，接种宫颈癌疫苗预防宫颈癌，应根据自己的年龄，选择适合自己的疫苗种类。
21 22 8 2 2 0.832
11月27日，适龄女性可以到省疾病预防控制中心预防门诊，接种进口四价宫颈癌疫苗，接种需带上银行卡及身份证。
21 23 9 1 2 0.674
专家表示，不推荐孕妇接种HPV疫苗，但如果接种者在接种期间发现已经怀孕，并不需终止妊娠。
21 24 9 2 2 0.464
如果半年内计划怀孕的，也不建议接种，可等到生完孩子再接种。
21 27 11 1 3 0.72
感染了HPV是否可以接种疫苗？专家表示，如果感染了HPV，也可以接种疫苗，因为这可保护她们免于其他HPV亚型感染或者相同HPV型别的再次感染。
21 28 11 2 3 0.687
宫颈癌疫苗只是针对它所覆盖的HPV亚型起预防作用。
21 29 11 3 3 0.787
因此，即使接种了HPV疫苗，女性也应定期接受宫颈癌筛查。
22 1 1 1 2 0.709
23日，四价宫颈癌疫苗将来到南宁，届时，南宁市的女同胞不用组团赴香港或出国，就能接种疫苗得到防护。
22 2 1 2 2 0.681
这次四价疫苗的到来，距离二价疫苗的上市，仅仅隔了三个月的时间，接种年龄也从二价疫苗的25岁以下放宽到45岁以下。
22 3 2 1 3 0.715
今年8月，二价宫颈癌疫苗来到南宁后，不少医疗机构都购进了疫苗，为9-25岁女性同胞预防宫颈癌设置一道屏障。
22 4 2 2 3 0.51
记者从南宁市八医院了解到，当时该医院购进了200支二价疫苗，目前使用了97支。
22 6 3 1 1 0.75
引进二价宫颈癌疫苗之后，南宁市有关部门经过积极争取，首批四价宫颈癌疫苗（佳达修®四价人乳头瘤病毒疫苗）已确定本周抵达南宁，并于11月23日上午9:30在南宁市疾病预防控制中心综合门诊（厢竹大道55号）举行首针接种仪式。
22 7 4 1 2 0.673
今年8月我市获批的二价HPV疫苗，针对的正是极易引起高危因素的HPV16和18型，接种年龄是9~25岁。
22 8 4 2 2 0.656
四价HPV疫苗的接种年龄范围放宽到45岁，除了预防HPV16、18两个高危型，还包含了6和11两种低危型，其不但可减少宫颈癌的风险，还可以预防男女性常见的性病皮肤病，预防作用更加广泛。
22 12 6 2 2 0.647
因为价格较高，为避免过期浪费，首批进入南宁的四价宫颈癌疫苗数量非常有限，有需要的市民可在23日前到南宁市疾病预防控制中心综合门诊咨询或预约。
22 11 6 1 2 0.45
据了解，接种价格约980元/剂（含注射费），打完三针的价格大约在两三千元左右。
22 13 7 1 2 0.787
二价疫苗、四价疫苗，不同的疫苗为女性朋友的健康设置了一道道屏障，但是，疾控专家也提醒，宫颈癌疫苗并不能100%预防宫颈癌。
22 14 7 2 2 0.391
因为，医学资料显示，HPV病毒超过100种，人们感染了HPV通常没有任何症状，因此很容易通过生殖接触传播开来。
22 16 8 2 2 0.624
现有的HPV疫苗无法针对所有类型的HPV病毒，只能抵抗最有可能引发宫颈癌的病毒类型，注射疫苗后可以降低患宫颈癌的几率。
22 15 8 1 2 0.333
当女性感染了HPV，多数情况下自身的免疫系统会默默地在2年内把它们清除干净，但有些HPV就还是可以越过防线，进入到体内，经过长时间发展演变为癌症。
22 18 9 2 2 0.675
因此，接种了宫颈癌疫苗的人群也应该积极进行宫颈癌筛查，时刻提防宫颈癌的到来。
22 17 9 1 2 0.593
目前，宫颈癌疫苗能预防大约84%的宫颈癌，还有一部分是无法预防的。
23 1 1 1 2 0.702
刚刚上市的二价宫颈癌疫苗获批年龄是9-25岁，不少女性都超龄了。
23 2 1 2 2 0.613
所幸的是，适合20-45岁的四价宫颈癌疫苗即将与大家见面！
23 6 4 1 1 0.816
所以世界权威机构推荐接种HPV疫苗来预防宫颈癌。
23 9 7 1 1 0.613
九价疫苗：在四价疫苗的基础上，再覆盖了31，33，45，52，58亚型，能预防90%的宫颈癌。
23 10 8 1 2 0.828
目前国内上市的是二价HPV疫苗和四价HPV疫苗。
23 11 8 2 2 0.485
九价疫苗，目前只限于在香港使用，国内其它地方还未引进。
23 13 10 1 2 0.686
目前还不推荐孕妇接种HPV疫苗，但如果接种者在接种期间发现已经怀孕，并不需终止妊娠。
23 14 10 2 2 0.406
如果半年内计划怀孕的，也不建议接种，
23 18 14 1 1 0.712
因为只有极少数女性会同时染上疫苗所覆盖的所有HPV亚型，接种疫苗仍可保护她们免于其他HPV亚型感染或者相同HPV型别的再次感染。
23 19 15 1 3 0.617
再强调一次，宫颈癌疫苗只是针对它所覆盖的HPV亚型起预防作用！没有覆盖所有的高危型HPV，只能说是大大减少了妇女患宫颈癌的风险。
23 20 15 2 3 0.735
因此，即使接种了HPV疫苗，妇女同胞们也应该定期接受宫颈癌筛查。
23 21 15 3 3 0.259
（我中心门诊部就可以做宫颈癌细胞学检查）。
23 24 18 1 1 0.602
四价疫苗在中国注册，适用于20岁~45岁的女性群体，完成整个免疫程序共需接种三针，分别在第0、2、6个月。
23 26 20 1 1 0.788
应用宫颈癌疫苗预防宫颈癌，应根据自己的年龄，选择适合自己的疫苗种类进行接种。
23 27 21 1 3 0.714
为了自己的健康，也为了更好的陪伴家人，11月27日适龄女性（20一45岁）可以到湖南省疾病预防控制中心预防门诊接种进口4价宫颈癌疫苗（佳达修）了，有需要接种的亲，请带上银行卡及身份证。
23 28 21 2 3 0.521
3剂接种的价格在2500元左右。
24 3 1 3 3 0.721
这次四价宫颈癌疫苗的到来，距离二价疫苗的上市，仅仅隔了3个月时间，接种最高年龄限制也从二价疫苗的25岁以下放宽到45岁以下。
24 2 1 2 3 0.533
届时，南宁市的女同胞不用组团赴香港或出国，就能接种疫苗得到防护。
24 4 2 1 3 0.716
今年8月，二价宫颈癌疫苗来到南宁后，不少医疗机构都购进了疫苗，为9～25岁女性同胞预防宫颈癌设置一道屏障。
24 5 2 2 3 0.61
记者从南宁市八医院了解到，当时该医院购进了200支二价宫颈癌疫苗，目前使用了97支。
24 6 2 3 3 0.602
此次四价宫颈癌疫苗计划购进300支，这段时间已有近百人预约登记。
24 7 3 1 1 0.733
引进二价宫颈癌疫苗之后，南宁市有关部门经过积极争取，首批四价宫颈癌疫苗（佳达修·四价人乳头瘤病毒疫苗）已确定本周抵达南宁，并于11月23日上午9时30分在南宁市疾病预防控制中心综合门诊（厢竹大道55号）举行首针接种仪式。
24 8 4 1 2 0.651
今年8月南宁市获批的二价疫苗，针对的正是极易引起高危因素的HPV（人类乳头瘤病毒）16和18型，接种年龄是9～25岁。
24 9 4 2 2 0.607
四价疫苗的接种年龄范围放宽到45岁，除了预防HPV16、18两个高危型，还包含了HPV6和HPV11两种低危型，其不但可减少宫颈癌的风险，还可以预防男女性常见的性病皮肤病，预防作用更加广泛。
24 10 5 1 3 0.745
此次引进的四价宫颈癌疫苗适用于20～45岁女性。
24 11 5 2 3 0.383
根据国外临床研究数据，首剂与第2剂的接种间隔至少为1个月，而第2剂与第3剂的接种间隔至少为3个月，所有3剂应在1年内完成。
24 15 6 3 3 0.647
因为价格较高，为避免过期浪费，首批进入南宁的四价宫颈癌疫苗数量非常有限，有需要的市民可在23日前到南宁市疾病预防控制中心综合门诊咨询或预约。
24 14 6 2 3 0.467
据了解，接种价格约980元/剂（含注射费），打完3针的价格为两三千元。
24 16 7 1 2 0.787
二价疫苗、四价疫苗，不同的疫苗为女性朋友的健康设置了一道道屏障，但是，疾控专家也提醒，宫颈癌疫苗并不能100%预防宫颈癌。
24 17 7 2 2 0.354
因为，医学资料显示，HPV超过100种，人们感染了HPV通常没有任何症状，因此很容易通过生殖接触传播开来。
24 19 8 2 2 0.622
现有的HPV疫苗无法针对所有类型的HPV，只能抵抗最有可能引发宫颈癌的病毒类型，注射疫苗后可以降低患宫颈癌的概率。
24 18 8 1 2 0.34
当女性感染了HPV，大多数情况下自身的免疫系统会默默地在2年内把它们清除干净，但有些HPV还是可以越过防线，进入体内，经过长时间发展演变为癌症。
24 21 9 2 2 0.675
因此，接种了宫颈癌疫苗的人群也应该积极进行宫颈癌筛查，时刻提防宫颈癌的到来。
24 20 9 1 2 0.593
目前，宫颈癌疫苗能预防大约84%的宫颈癌，还有一部分是无法预防的。
25 1 1 1 3 0.728
【智飞生物：四价HPV疫苗增补为湖南第二类疫苗挂网产品】据湖南公共资源交易中心披露，该省疾病预防控制中心受理了智飞生物代理的新取得批发的0.5ml四价人乳头瘤病毒疫苗（酿酒酵母）申报为湖南省第二类疫苗挂网产品的申请。
25 2 1 2 3 0.437
公示期结束后（11月17日~21日）即纳入湖南省医药集中采购平台第二类疫苗交易系统供县级疾控机构采购交易。
25 3 1 3 3 0.76
据悉，这款产品即默沙东四价HPV疫苗，中国大陆地区首剂四价HPV疫苗已在重庆开针接种，此后将陆续在全国上市。
26 1 1 1 1 0.574
11月15日下午，在武汉市洪山区关山街华中科技大学社区卫生服务中心，20岁华中科技大学女学生李某成功接种了该疫苗，成为第一个在湖北本地接种该疫苗的居民。
26 19 13 1 1 0.75
而如今，刚刚在湖北上市的首个预防宫颈癌的疫苗，则可满足适龄女性对通过疫苗接种来预防宫颈癌的健康需求。
26 23 16 1 1 0.617
完成二价宫颈癌疫苗接种共需3针，分别是“0、1、6”个月进行肌肉注射，每剂0.5毫升，即接种完第一针后，一个月后接种第二针，半年后接种第三针。
26 24 17 1 1 0.687
不需要，根据世界卫生组织立场文件，接种宫颈癌疫苗前不需要进行HPV检测。
26 25 18 1 1 0.765
有必要，接种宫颈癌疫苗可以预防其它相关HPV型别的感染或者相同HPV型别的再次感染。
26 26 19 1 4 0.723
二价宫颈癌疫苗在内地获批的适用年龄为9岁－25岁的女性。
26 27 19 2 4 0.384
越早接种，保护的效力就越大。
26 28 19 3 4 0.688
世界卫生组织推荐接种宫颈癌疫苗的最佳年龄为9岁-13岁的女孩。
26 29 19 4 4 0.374
18岁以下的女孩宫颈上皮还没有发育成熟，更容易受到HPV病毒的“攻击”。
26 30 20 1 1 0.718
今年5月获批的四价宫颈癌疫苗，最快12月下旬也会上市，而这一疫苗适合20岁-45岁女性接种。
26 33 21 3 4 0.712
另外，疫苗并不能产生百分之百的保护，疫苗接种不能取代常规宫颈癌筛查，也不能取代预防HPV感染和性传播疾病的其他措施。
26 32 21 2 4 0.503
有过性生活的女性可能已经感染HPV，但自然感染后是否可诱导出对再感染的抵抗力尚无定论，而疫苗接种后可以产生有效的保护，能防止病毒的感染。
26 34 21 4 4 0.291
因此，按照相关部门建议常规进行宫颈癌筛查仍然极为重要。
26 36 23 1 1 0.718
不行，根据疫苗说明书，该疫苗只能用于9-25岁女性。
26 42 26 1 1 0.798
二价宫颈癌疫苗是二类疫苗，需要市民自费接种，武汉市的接种价格为614元/剂次，比去香港接种要便宜。
26 43 27 1 2 0.684
提供该疫苗接种的医疗卫生机构。
26 44 27 2 2 0.652
和其他疫苗一样，武汉市民在有预防接种门诊的社区卫生服务中心或乡镇卫生院，武汉以外的地区在有预防接种门诊的医疗卫生机构。
26 45 28 1 2 0.692
我省首批二价宫颈癌疫苗到货29500支，接下来陆续会有疫苗补充，暂时供应充足；目前武汉市中心城区（洪山、硚口、江汉、江岸、青山、武昌、汉阳等7个区）大部分具有接种资质的社区均可接种该疫苗，具体接种时间请咨询相关社区卫生服务中心。
26 46 28 2 2 0.615
仙桃、荆州、潜江也已到货，预计下周湖北省大部分地级市都可接种该疫苗。
26 49 30 1 1 0.65
如果你们想方便预约接种宫颈癌疫苗，也可以登录手机淘宝，搜索“宫颈癌疫苗”五个字，就可以进行相关的咨询和预约接种了。
27 3 2 1 2 0.714
公司介绍了四价HPV疫苗正式上市接种后的市场反应，国内适龄人群对HPV病毒和HPV疫苗还是有很高的认知度，认知的同时表现出较高的接种意愿，部分省区市场已开始接种，反响非常强烈。
27 4 2 2 2 0.478
如重庆11月13日打出了该疫苗在中国大陆获批后的第一针，随后河南郑州、云南昆明、广西南宁等省市都已陆续开针，目前已完成招投标的7个省市都将开始陆续接种。
28 1 1 1 1 0.729
日前，国内首个获批的宫颈癌四价疫苗正式上市，2017年11月15日，“云南首针”新闻发布会在盘龙辖区的预防接种单位——云南玛莉亚医院召开，这标志着云南20-45岁之间女性预防宫颈疾病新时代的开启，从这一刻开始，需要注射宫颈癌疫苗的25岁以上女性不用再组团出国打针，而是在家门口就可以得到宫颈癌疫苗的防护。
28 2 2 1 2 0.721
今年8月15日，国内首个宫颈癌疫苗二价疫苗在昆明上市，但由于二价疫苗的接种年龄段为9-25岁，超过25岁的女性无法接受注射，大量超过25岁的女性只能观望。
28 3 2 2 2 0.642
时隔三个月，广大女性期盼许久的四价疫苗终于落地昆明，对于需要接种疫苗的女性无疑是一个好消息。
28 6 3 3 3 0.685
云南玛莉亚医院的专家沈鸿雁主任也就疫苗上市大家关注的热点做出了解释，她告诉广大女性，宫颈癌是如今唯一知病因，可预防，可治疗的癌症，国内人群宫颈癌高发期有两个年龄段，四价疫苗的上市解决了大龄人群宫颈癌一级预防的问题，可说是女性的福音。
28 5 3 2 3 0.517
会上，李琼芬所长在讲话中强调：宫颈癌四价疫苗接种工作关系到万千女性的健康和家庭幸福，一定要做好宫颈癌三级预防体系的第一步，为广大女性的健康保驾护航。
28 7 4 1 2 0.761
首批四价宫颈癌疫苗是11月14日下午送达盘龙区疾病预防控制中心冷库的，区疾控中心的工作人员在第一时间用冷链车为辖区预防接种单位云南省玛莉亚医院配送了疫苗。
28 8 4 2 2 0.727
2017年11月15日下午，首位接种对象在云南玛莉亚医院成功接种了云南省首针四价宫颈癌疫苗。
28 9 5 1 3 0.721
接受宫颈癌四价疫苗首针注射的包艳萍是一位36岁的昆明妈妈，她原本计划今年抽时间到香港进行宫颈癌疫苗注射。
28 10 5 2 3 0.66
8月中旬二价宫颈癌疫苗上市后，她相信四价疫苗的上市不会太远，于是决定等一等。
28 11 5 3 3 0.544
从云南玛莉亚医院公众号得知11月15日四价宫颈癌疫苗首针将在这里注射，心情激动的她立即拨打电话进行了预约，并幸运的成为了首位接种者。
28 16 8 1 1 0.629
同时，云南玛莉亚医院还是云南省预防接种规范单位，医院在预防接种方面做出的工作得到了上级卫生部门的高度认可，连续多年成为盘龙区预防接种量前三的接种点。
28 17 9 1 6 0.75
2009年，世界卫生组织（WHO）建议将HPV疫苗接种用于宫颈癌的一级预防。
28 18 9 2 6 0.381
现在，我国的一级预防已经引进。
29 2 1 2 2 0.844
20位昆明市民在当地医院接种了该疫苗，成为云南最先接种到四价宫颈癌疫苗的民众。
29 1 1 1 2 0.519
中新网昆明11月15日电(记者胡远航)15日，四价宫颈癌疫苗在云南上市。
29 3 2 1 2 0.752
此次上市的四价宫颈癌疫苗价格为825元/支，接种程序为0/2/6月各接种一针次，共接种3针次。
29 4 2 2 2 0.607
疫苗的适用人群为20-45岁的女性。
29 5 3 1 2 0.687
目前，云南省首批4700余支四价宫颈癌疫苗正陆续配送至各接种点。
29 6 3 2 2 0.652
预计一周后，广大女性可以陆续在云南全省各地州各社区卫生服务中心、疫苗接种门诊进行咨询、预约或接种。
29 7 4 1 4 0.822
云南省疾控中心免疫规划首席专家丁峥嵘介绍称，新上市的四价宫颈癌疫苗，相比二价宫颈癌疫苗，可以预防更多型别的HPV病毒。
29 8 4 2 4 0.58
但需要说明的是，接种了疫苗并不代表对HPV病毒完全免疫。
29 11 5 1 3 0.656
36岁的包女士成为云南首个四价宫颈癌疫苗接种者。
29 12 5 2 3 0.542
她表示，一直期待四价宫颈癌疫苗进入云南，很幸运成为首个接种者。
30 1 1 1 1 0.763
四价宫颈癌疫苗也上市啦。
30 3 3 1 2 0.774
此次上市的四价宫颈癌疫苗“佳达修”接种程序为0/2/6月各接种一针次，共接种3针次，疫苗的价格为825元/支，适用人群为20—45岁的女性。
30 4 3 2 2 0.688
自今天接种之后，广大女性可以陆续在云南省各地州社区卫生服务中心、疫苗接种门诊进行。
30 5 4 1 2 0.738
四价疫苗在二价疫苗的基础上增加了6型和11型HPV病毒。
30 6 4 2 2 0.247
最重要的是，在临床实验中证实，该疫苗对高危宫颈癌前病变表现出了100%的保护效力。
30 9 7 1 3 0.661
与二价疫苗相比，此次上市的四价疫苗一个显著特点是，接种人群覆盖到了20-45岁的“大年龄群体”。
30 10 7 2 3 0.681
根据国家食药总局的批准，该疫苗用于20-45岁女性接种，适用于预防由16/18型人乳头瘤状病毒（HPV）所致的宫颈癌，宫颈上皮内瘤样病变（CIN1/2/3）和原位腺癌（AIS）。
30 11 7 3 3 0.649
另外，在四价疫苗的国际临床实验中，9-25岁的低龄组也同样有效，所以也不排斥低龄组的人群接种该疫苗。
30 14 9 1 1 0.619
2017年5月，四价宫颈癌疫苗“佳达修”获得了国家食品药品监督管理总局颁发的药品注册批件；9月，首批次疫苗取得北京市食品药品监督管理局签发的《进口药品通关单》，11月9日收到国家食品药品监督管理总局签发的四价人乳头瘤病毒疫苗（酿酒酵母）《生物制品批签发合格证》……2017年，四价宫颈癌疫苗“佳达修”用了近半年的时间，结束了她在中国长达十年之久的长跑，意味着该疫苗进入消费者视线，开启中国20—45岁之间女性预防宫颈癌疾病的新时代。
30 23 14 1 2 0.709
答：HPV疫苗在未发生过性行为的女性中接种效果最佳。
30 24 14 2 2 0.616
有性生活之后，感染HPV的概率就非常高，但此时接种疫苗仍可对未感染的型别进行预防。
30 26 16 1 2 0.806
答：孕妇应避免接种HPV疫苗。
30 27 16 2 2 0.467
不过，以往有妊娠期不慎接种HPV疫苗的情况发生，对产妇及其宝宝进行观察，并未发现与疫苗相关的不良事件。
30 28 17 1 3 0.737
答：男性接种四价和九价HPV疫苗可以预防可能引起喉癌、阴茎癌和肛门癌的HPV感染以及尖锐湿疣。
30 29 17 2 3 0.727
同时，男性接种HPV疫苗能够减少将HPV传染给性伴侣的可能性。
30 30 17 3 3 0.688
而此次在国内获批的二价HPV疫苗并不适用男性。
30 31 18 1 1 0.663
答：临床研究结果显示，HPV疫苗对疫苗相关基因型的癌前病变的预防效果几乎达到了100%。
30 37 21 2 4 0.757
绝大多数人接种HPV疫苗后没有不良反应。
30 36 21 1 4 0.559
答：HPV疫苗已在全球使用数十年，被证实具有良好的安全性。
30 38 21 3 4 0.1
少数人会发生一些轻微的反应，如接种部位红肿、疼痛、发热、头疼、疲倦、恶心、肌肉或关节酸痛，但很快会康复。
30 40 22 1 3 0.681
答：需要，HPV疫苗并不能预防所有基因型的HPV感染。
30 41 22 2 3 0.515
WHO建议，30-49岁的妇女至少进行一次宫颈癌筛查。
31 1 1 1 2 0.853
二价宫颈癌疫苗获批的接种年龄是9-25岁女性接种，可预防HPV病毒家族中的HPV16和18。
31 2 1 2 2 0.707
四价HPV疫苗适用人群延伸至20-45岁，可预防HPV16、18、6、11，除了预防宫颈癌，还可预防湿疣等疾病。
31 3 2 1 1 0.69
据了解，合肥二价宫颈癌疫苗是612元一次，完成三针是1836元，不同地区价格会略有差异，请以当地门诊为主，目前来该卫生服务中心接种二价宫颈癌疫苗有40多人。
31 4 3 1 2 0.652
四价HPV疫苗每针948元，每个城市有不同的差价。
31 5 3 2 2 0.355
非常肯定是今年12月到明年1月四价HPV疫苗会在合肥市参与招标，招标后不久就会和市民正式见面了。
31 6 4 1 1 0.737
据悉，11月13日下午，我国内地首批上市的四价宫颈癌疫苗，在重庆市巴南区李家沱街道社区卫生服务中心接种了第一针，这也意味着历时十年临床试验的四价宫颈癌疫苗正式面向国人。
31 7 5 1 1 0.682
目前，首批上市的四价HPV疫苗为15万支。
31 8 6 1 2 0.799
宫颈癌疫苗，又称为HPV疫苗，是一种预防宫颈癌发病的疫苗。
31 9 6 2 2 0.706
宫颈癌主要由感染人乳头瘤病毒(HPV)引起，该疫苗通过预防HPV病毒感染，进而有效预防了宫颈癌的发病，可防止人体感染疫苗所涵盖的人乳头状瘤病毒亚型变异。
31 17 11 1 1 0.686
在国内，二价获批的接种对象是9-25岁女性，四价获批对象是20-45岁女性。
31 18 12 1 1 0.667
二价疫苗可预防HPV病毒家族中的HPV16/18，四价可预HPV16/18/6/11。
31 19 13 1 1 0.632
HPV疫苗一共要打三针，通过注射器打在上臂三角肌区。
31 24 16 2 2 0.808
即便HPV检测结果阳性，仍然推荐接种疫苗。
31 23 16 1 2 0.501
包括WHO在内的国际卫生组织均指出接种前不需要进行HPV检测。
31 26 18 1 1 0.757
不论有无性行为，只要在疫苗适宜接种年龄段内，都推荐接种疫苗。
31 33 24 1 2 0.647
目前国内获批上市的二价和四价疫苗，主要针对HPV16和HPV18两种高危型别（四价还可预防HPV6和HPV11引起的生殖器疣），二者共导致了70%的宫颈癌，疫苗可以降低这部分宫颈癌的发生率。
31 34 24 2 2 0.488
但是导致宫颈癌的HPV还有其他亚型，不在预防范围内(9价也不能完全覆盖)。
31 35 25 1 1 0.715
因此，即使接种了HPV疫苗，也应该按照正规的宫颈癌筛查策略，接受宫颈癌筛查哦。
32 2 1 2 3 0.615
今年7月份，二价宫颈癌疫苗上市的消息引得大家一片欢呼，但因其只适用9~25岁，让众多超龄女性遗憾。
32 1 1 1 3 0.44
在我国，宫颈癌仅次于乳腺癌，是15~44岁女性中的第二大高发癌症。
32 3 1 3 3 0.551
近期，随着四价宫颈癌疫苗上市的好消息，超龄女性也可以及时接种了。
32 4 2 1 4 0.713
11月14日，我省第一针四价宫颈癌疫苗在河南省中医院21世纪社区门诊内接种。
32 5 2 2 4 0.48
记者打探到，第一批货是1100多支，明天开始分布在金水区各个接种门诊。
32 6 2 3 4 0.62
一周后，郑州市金水区32个接种门诊均可接种。
32 7 2 4 4 -0.194
□东方今报·猛犸新闻记者董彩红
32 9 4 1 2 0.67
据悉，四价宫颈癌疫苗是在HPV16和HPV18二价疫苗的基础上，增加了HPV6和HPV11二种HPV低危型亚型。
32 10 4 2 2 0.676
四价宫颈癌疫苗可预防更多的HPV感染，不但可减少宫颈癌的风险，还可以预防男女性常见的性病皮肤病，预防作用更加广泛。
32 11 5 1 3 0.752
河南省中医院21世纪门诊免疫接种门诊负责人赵荷苹提醒，宫颈癌四价疫苗前后需要接种3针，半年内接种完。
32 12 5 2 3 0.446
如果有备孕计划的女性，至少半年内不建议接种。
32 14 6 1 2 0.645
据悉，第一批到达的疫苗1100多支，明天开始分布在金水区各个接种门诊，大家可选择离家最近的门诊接种。
32 15 6 2 2 0.62
一周后，郑州市金水区32个接种门诊均可接种。
32 16 7 1 3 0.745
之前接种过二价疫苗的女性，是否需要再重复接种四价疫苗？郑州市金水区疾控中心免疫规划科科长张书彦说，不需要。
32 17 7 2 3 0.558
二价HPV疫苗，对国内人群的感染预防率更高，达到84.5%，高于全球平均值。
32 18 7 3 3 0.609
如果以预防宫颈癌为目的，二价疫苗可完全满足需求。
32 19 8 1 1 0.668
据了解，四价宫颈癌疫苗，每针820元，打三针。
32 20 9 1 1 0.712
另外，接种门诊上午要给孩子们接种各类疫苗，大家可每周一到周五下午预约各门诊的宫颈癌疫苗接种。
32 21 10 1 1 0.6
●二价疫苗适用于9岁~25岁的女性群体，完成整个免疫程序共需接种三针，分别在第0、1、6个月。
32 22 11 1 1 0.609
●四价疫苗适用于20岁~45岁的女性群体，完成整个免疫程序共需接种三针，分别在第0、2、6个月。
33 1 1 1 3 0.682
现在上市的二价宫颈癌疫苗获批年龄是9~25岁，不少女性都超龄了。
33 2 1 2 3 0.573
所幸的是适合20~45岁的四价宫颈癌疫苗终于来了，郑州是继重庆之后第二个开始接种的城市。
33 3 1 3 3 0.673
据了解，预计下周郑州市区内接种门诊均可进行接种。
33 6 2 3 3 0.62
一周后，郑州市金水区32个接种门诊均可接种。
33 5 2 2 3 0.435
据了解，昨日送到郑州的第一批货有1100多支，今天开始在金水区各个接种门诊开打。
33 10 4 1 5 0.666
郑州市金水区疾控中心免疫规划科科长张书彦说，二价HPV疫苗，对国内人群的感染预防率更高，达到84.5%，高于全球平均值。
33 11 4 2 5 0.609
如果以预防宫颈癌为目的，二价疫苗可完全满足需求。
33 12 4 3 5 0.607
四价疫苗适用于20岁~45岁的女性群体，完成整个免疫程序共需接种三针，分别在第0、2、6个月。
33 13 4 4 5 0.68
四价宫颈癌疫苗，每针820元，打三针。
33 14 4 5 5 0.21
进价是798元，加价22元。
33 16 6 1 1 0.832
郑州市二七区疾控中心免疫规划科科长王衡介绍，根据二价疫苗接种情况，二七区这次采购了896支宫颈癌四价疫苗，“市区其他几个区也采购了四价疫苗，预计下周市区接种门诊都可以进行接种”。
33 18 8 1 2 0.624
四价宫颈癌疫苗是在HPV16和HPV18二价苗的基础上，增加了HPV6和HPV11二种HPV低危型亚型。
33 19 8 2 2 0.676
四价宫颈癌疫苗可预防更多的HPV感染，不但可减少宫颈癌的风险，还可以预防男女性常见的性病皮肤病，预防作用更加广泛。
33 21 9 2 3 0.728
目前九价宫颈癌疫苗在中国香港可以接种，但是内地还没有引进。
33 20 9 1 3 0.541
至于九价宫颈癌疫苗，是在四价苗的基础上又增加了属于高风险组的31、33、45、52和58五种HPV亚型，是迄今为止功能最强大的宫颈癌疫苗。
33 22 9 3 3 0.428
九价疫苗引进到内地，最快也要3年后。
34 1 1 1 2 0.698
现在上市的二价宫颈癌疫苗获批年龄是9-25岁，不少女性都超龄了。
34 2 1 2 2 0.612
所幸的是适合20-45岁的四价宫颈癌疫苗终于来了，郑州是继重庆之后第二个开始接种的城市，20—45岁女性都可以注射。
34 5 2 3 3 0.62
一周后，郑州市金水区32个接种门诊均可接种。
34 4 2 2 3 0.449
据了解，今天送到郑州的第一批货是1100多支，明天开始分布在金水区各个接种门诊。
34 9 5 1 5 0.624
四价宫颈癌疫苗是在HPV16和HPV18二价苗的基础上，增加了HPV6和HPV11二种HPV低危型亚型。
34 10 5 2 5 0.676
四价宫颈癌疫苗可预防更多的HPV感染，不但可减少宫颈癌的风险，还可以预防男女性常见的性病皮肤病，预防作用更加广泛。
34 11 5 3 5 0.52
至于九价宫颈癌疫苗，更是在四价苗的基础上又增加了属于高风险组的31、33、45、52和58五种HPV亚型，是迄今为止功能最强大的宫颈癌疫苗。
34 12 5 4 5 0.682
目前9价宫颈癌疫苗在中国香港可以接种，但是大陆还没有引进。
34 13 5 5 5 0.411
9价疫苗引进到大陆，最快也要3年后。
34 14 6 1 5 0.666
郑州市金水区疾控中心免疫规划科科长张书彦说，二价HPV疫苗，对国内人群的感染预防率更高，达到84.5%，高于全球平均值。
34 15 6 2 5 0.609
如果以预防宫颈癌为目的，二价疫苗可完全满足需求。
34 16 6 3 5 0.612
四价疫苗在中国注册，适用于20岁～45岁的女性群体，完成整个免疫程序共需接种三针，分别在第0、2、6个月。
34 17 6 4 5 0.68
四价宫颈癌疫苗，每针820元，打三针。
34 18 6 5 5 0.21
进价是798元，加价22元。
34 19 7 1 1 0.666
省中医院21世纪门诊免疫接种门诊负责人赵荷苹说，宫颈癌四价疫苗需要接种3针，半年内接种完，如果半年内准备怀孕的，不建议接种，可以等到生完孩子再接种。
35 1 1 1 2 0.61
今天（14日）上午10点，在省中医院21世纪社区门诊内，我省第一针四价宫颈癌疫苗正式开打，而一周后，郑州市金水区的32个门诊均可接种。
35 2 1 2 2 0.528
郑州市金水区疾控中心免疫规划科科长张书彦说，因为每个门诊一般上午是给孩子们接种疫苗，所以建议需要接种的读者每周一至周五的下午去，去接种之前，最好给接种门诊打个电话说一下。
35 4 3 1 1 0.691
车上，装载的是1120支四价宫颈癌疫苗。
35 6 5 1 2 0.685
据了解，今年8月，我省开始接种二价宫颈癌疫苗，本次郑州开打四价宫颈癌疫苗，属于全国第二个开打的城市，第一个是重庆。
35 7 5 2 2 0.754
四价宫颈癌疫苗接种年龄是20岁至45岁。
35 12 10 1 2 0.636
张书彦说，目前9价宫颈癌疫苗在中国香港可以接种，但是大陆还没有引进。
35 13 10 2 2 0.411
9价疫苗引进到大陆，最快也要3年后。
35 18 14 2 2 0.771
换言之，接种了二价宫颈癌疫苗，女性同胞们今后患上宫颈癌的风险可大大减少。
35 17 14 1 2 0.391
二价宫颈癌疫苗是科学家们本着“首恶必办”的宗旨，针对HPV16和HPV18两个为非作歹的首恶之徒而研发的生物武器，如上所述，HPV16和HPV18在所有引发宫颈癌的HPV亚型中占了70%以上的份额，因此，针对它们就等于打蛇打在七寸的位置上，可以给宫颈癌以致命一击。
35 19 15 1 3 0.624
四价宫颈癌疫苗是在HPV16和HPV18二价苗的基础上，增加了HPV6和HPV11二种HPV低危型亚型。
35 20 15 2 3 0.36
为什么要增加低危型的HPV亚型？上面已介绍过，低危型的HPV也会引起生殖道肛周皮肤和阴道下部的外生性湿疣类病变、扁平湿疣类病变和低度子宫颈上皮内瘤样变，同样也对人体健康造成损害。
35 21 15 3 3 0.664
也就是说，四价宫颈癌疫苗可预防更多的HPV感染，不但可减少宫颈癌的风险，还可以预防男女性常见的性病皮肤病，预防作用更加广泛。
35 25 19 1 1 0.703
因此，即使接种了HPV疫苗，妇女同胞们也应该按照正规的宫颈癌筛查策略，定期接受宫颈癌筛查。
36 2 2 1 1 0.829
20-45岁女性可以在重庆接种宫颈癌疫苗了！昨日下午，四价宫颈癌疫苗佳达修中国内地首针接种在重庆市巴南区李家沱社区卫生服务中心开针。
36 3 3 1 1 0.689
当日上午1080支四价宫颈癌疫苗佳达修送到巴南区，预计本月内重庆各区县将会陆续到货，有接种需求的女性可以向当地社区卫生服务中心咨询。
36 4 4 1 1 0.843
当日下午2点，沈亚绿女士在李家沱社区卫生服务中心完成四价宫颈癌疫苗佳达修接种，她也成为首位接种该疫苗的女性。
36 5 5 1 1 0.684
沈女士是医院职工，她一直比较关注宫颈癌疫苗，此前已有二价宫颈癌疫苗落地重庆，但年龄在9至25岁的女性才可接种，她已经“超龄”了。
36 6 6 1 2 0.667
此次上市的四价宫颈癌疫苗共接种3针，接种时间分别是第0月，第2月，第6月，即首针接种后，两个月之后接种第二针，而第三针接种则在首针六个月之后。
36 7 6 2 2 0.586
疫苗的价格为948元/支，适用人群为20-45岁的女性。
36 13 11 1 1 0.64
目前四价HPV疫苗已在全球133个国家获批上市，进入了69个国家和地区的政府免疫计划，接种计量超过2.27亿剂。
36 14 12 1 1 0.671
疫苗供应方相关负责人介绍，自当天接种之后，广大女性可以陆续在全国其他城市各社区卫生服务中心、疫苗接种门诊进行咨询、预约或接种。
37 1 1 1 4 0.753
东莞时间网讯上周,东莞多个镇街已陆续开始接种二价宫颈癌疫苗。
37 2 1 2 4 0.795
同时,流感疫苗也开始接种。
37 3 1 3 4 0.542
截至目前,我市已有16个镇街(园区)社区卫生服务中心订购了二价HPV疫苗,市疾控中心已于11月6日开始陆续配送至这16个镇街(园区),预计11月13日完成配送。
37 5 2 1 1 0.722
市疾控中心专家建议,市民在接种前,先向预防接种门诊咨询疫苗是否到货。
38 1 1 1 2 0.721
11月13日，四价HPV疫苗（宫颈癌疫苗）“佳达修”首针在重庆开打。
38 2 1 2 2 0.736
上证报记者从智飞生物获悉，首个在内地接种四价HPV疫苗的是一位24岁的女士。
38 3 2 1 2 0.657
“佳达修”是智飞生物独家代理美国默沙东的四价HPV疫苗。
38 4 2 2 2 0.461
该疫苗今年5月22日获批，第一批产品于9月18日获得《进口药品通关单》，11月9日收到国家食品药品监督管理总局（下称“CFDA”）签发的合格证，结束了中国内地尚无正式销售的四价HPV疫苗的现状。
38 5 3 1 2 0.685
据悉，“佳达修”可用于20岁至45岁的女性接种，采用0/2/6月各接种一针次、共3剂免疫接种程序，适用于预防由16型、18型人乳头瘤病毒（HPV）所致的宫颈癌、宫颈上皮内瘤样病变（CIN123）和原位腺癌（AIS）。
38 6 3 2 2 0.706
作为全球第一个宫颈癌疫苗，相比葛兰素史克的二价疫苗，默沙东的四价疫苗从年龄与预防功效上均有所扩展。
38 13 7 1 2 0.602
国内人群虽对HPV疫苗认知度较低，但接种意愿很高。
38 14 7 2 2 0.616
据广证恒生统计，在2008年到2016年间，国内发起的16项针对HPV、HPV疫苗和HPV接种意愿的调查表明，国内人群对HPV和HPV疫苗的认知度平均仅为27.24%和16.91%，但表现出较高的接种意愿，平均为64.32%。
39 1 1 1 4 0.719
记者从智飞生物(300122)了解到，中国大陆地区首剂四价HPV疫苗接种在重庆开针。
39 2 1 2 4 0.697
此次，上市的默沙东四价HPV疫苗共需接种3针次，价格为952元/支，共需2856元。
39 3 1 3 4 0.754
自此次接种之后，广大女性可以陆续在全国其他城市各社区卫生服务中心、疫苗接种门诊进行咨询、预约或接种，智飞生物将作为四价HPV疫苗在中国大陆独家经销商。
39 4 1 4 4 0.023
（e公司）
40 3 1 3 3 0.785
而人乳头瘤病毒（HPV）疫苗接种是世界卫生组织推荐的宫颈癌预防一级措施。
40 2 1 2 3 0.389
作为严重威胁妇女健康的常见恶性肿瘤，宫颈癌在我国女性生殖系统恶性肿瘤中，发病率和死亡率都居首位，且患病年轻化趋势日显。
40 4 2 1 2 0.651
2017年7月31日，由葛兰素史克生产的二价HPV疫苗“希瑞适”成为中国内地首个获批正式上市的HPV疫苗。
40 5 2 2 2 0.733
这意味着，国内9-25岁的女性可根据自身需要，自愿自费在省、市、区（县）疾控中心或有二类疫苗接种资质的接种点进行接种。
41 1 1 1 1 0.634
历时五年的申请程序之后，智飞生物（300122）独家代理的美国默沙东四价宫颈癌疫苗(简称HPV疫苗)终于获得批签发合格证，这就意味着该款产品已获许可在中国大陆地区上市销售。
41 7 4 3 4 0.747
作为人类历史上首个病因明确的癌症，宫颈癌是由高危型HPV病毒的持续感染引起，接种疫苗是预防HPV感染和发展为宫颈癌的最有效方法，美国默沙东四价HPV疫苗是全球第一个宫颈癌疫苗。
41 6 4 2 4 0.322
据《2015中国癌症统计报告》预计，当年我国宫颈癌新发病例约9.89万例，死亡人数约3.05万。
41 8 4 4 4 0.374
据悉，该产品已在全球超过100个国家和地区上市销售，默沙东Gardasil系列（4价&9价）2016年销售额达到21.73亿美元。
41 9 5 1 2 0.612
按照程序来看，默沙东四价HPV疫苗将通过各省疾病预防控制机构组织，并在省级公共资源交易平台集中采购。
41 10 5 2 2 0.616
此后，由县级疾病预防控制机构向疫苗生产企业采购，并供应给该行政区域的接种单位后，将陆续进入当地疫苗流通领域推广应用，为国内适龄女性预防相应疾病提供更多选择。
41 12 6 2 2 0.656
此次，默沙东四价HPV疫苗获得批签发合格证，也就标志着该四价HPV疫苗正式可以进入市场流通领域，为符合条件的受种者提供防护选择。
41 11 6 1 2 0.453
值得注意的是，根据国家有关规定，疫苗类制品在进行强制性检验、审核获得批签发合格后，方可正式上市销售。
41 16 8 1 2 0.705
目前，中国大陆区域尚无四价HPV疫苗的正式销售，默沙东HPV产品的上市销售将填补国内四价HPV疫苗的空白。
41 17 8 2 2 0.321
而智飞生物则指出，此次四价HPV疫苗的签发、销售，能够满足国内市场的需求，有利于更进一步丰富公司的产品线，继续强化公司市场地位，增强公司在疫苗行业的影响和竞争实力。
41 18 9 1 1 0.7
值得注意的是，默沙东四价HPV疫苗在取得药品注册批件后，已迅速推进四价HPV疫苗在全国CDC的招投标工作。
41 20 10 2 2 0.72
如今，随着批签发合格证的取得，默沙东四价HPV疫苗将在中标地区陆续进入上市销售环节，有需求的人群可到当地医疗部门咨询注射疫苗。
41 19 10 1 2 0.455
据智飞生物相关人士透露，默沙东四价HPV疫苗产品已在河南、云南、重庆、黑龙江、江西、湖北等六个省（直辖市）中标，中标价格均为798元/剂。
41 26 13 1 2 0.658
中泰证券研报指出，此次默沙东获批四价HPV疫苗，获批人群为20～45岁女性，按照对应群体2.69亿人，按照渗透率5%、2400元/3针售价预测，这块市场空间可达323亿元。
41 27 13 2 2 0.504
根据国家统计局第六次人口普查的汇总数据来分析，中国宫颈癌疫苗适龄群体分为三个阶段：9～26岁女性群体1.7亿人；27～45岁女性群体2亿人；9～26岁男性群体1.8亿人。
41 28 14 1 4 0.698
按照我国现行的疫苗管理有关规定，四价HPV疫苗属于二类疫苗，其销售价格由厂家自主定价。
41 29 14 2 4 0.621
有行业人士对记者表示，此前智飞生物代理的疫苗毛利率在40%～45%间，代理销售四价HPV疫苗并不会增加多少成本。
41 30 14 3 4 0.384
他进一步指出，以默沙东四价HPV疫苗国内定价798元/支（一人份为2394元），按净利率接近15%，则净利约360元，500万人份即为净利润约18亿元。
42 1 1 1 5 0.601
【全国100个城市可网上预约宫颈癌疫苗】近日获悉，全国100多个城市的800多家社区卫生服务中心可在线预约宫颈癌疫苗接种服务。
42 2 1 2 5 0.788
人乳头瘤病毒(HPV)疫苗接种是世界卫生组织推荐的宫颈癌预防一级措施。
42 3 1 3 5 0.652
今年7月，由葛兰素史克生产的二价HPV疫苗“希瑞适”成为中国内地首个获批正式上市的HPV疫苗。
42 4 1 4 5 0.427
8月阿里巴巴旗下“阿里健康”平台与葛兰素史克(中国)联合宣布共同推出成人疾病预防创新服务，接种HPV疫苗有了更便利的网络预约通道。
43 1 1 1 2 0.765
东莞时间网讯我市的二价宫颈癌疫苗近日已经开打,对于该疫苗,市民有很多疑问。
42 5 1 5 5 -0.079
（新华社）
43 2 1 2 2 0.259
为此,市疾控中心就提问最多的几个问题进行了解答。
43 4 2 2 4 0.756
因为二价HPV疫苗适用于9-25岁的女性。
43 3 2 1 4 0.493
答:不能接种。
43 5 2 3 4 0.772
也不用太担心,你们还可以选择四价HPV疫苗,该疫苗适用人群为20-45岁女性。
43 6 2 4 4 0.685
预计明年年初我市可为市民提供该疫苗的接种服务。
43 8 3 2 2 0.694
人感染及清除HPV病毒是一个动态过程,接种前没有必要进行HPV检测。
43 7 3 1 2 0.187
答:不需要。
43 10 4 2 3 0.697
由于HPV主要通过性途径传播,因此,女性在没有性生活前一般不会感染HPV,这时,根据疫苗说明书的要求接种HPV疫苗,可以获得最好的保护。
43 9 4 1 3 0.145
答:可以。
43 11 4 3 3 0.581
有了性生活以后,部分女性可能会感染某一型别的HPV,接种HPV疫苗虽然也能够起到保护作用,但保护作用会下降。
43 20 8 3 3 0.679
虽然接种二价HPV疫苗可以大大降低患宫颈癌的风险,但是并不意味一定不会得宫颈癌。
43 19 8 2 3 0.169
目前世界卫生组织确定与宫颈癌相关的高危型HPV有13种,分别是:16、18、31、33、35、39、45、51、52、56、58、59、68。
43 22 9 2 2 0.743
二价HPV疫苗属于预防性疫苗,只具有预防作用而不具备治疗效果。
43 21 9 1 2 0.235
答:不能。
44 2 1 2 4 0.761
昨天，浦东新区部分社区卫生服务中心的接种门诊，率先开始提供二价HPV疫苗接种服务。
44 1 1 1 4 -0.146
好消息总是一起来。
44 3 1 3 4 0.45
备受瞩目、翘首以盼的宫颈癌疫苗，终于在上海落地。
44 5 2 1 3 0.643
今天，重庆智飞生物制品股份有限公司收到国家食品药品监督管理总局签发的四价人乳头瘤病毒疫苗，也就是“四价HPV疫苗”的《生物制品批签发合格证》。
44 6 2 2 3 0.471
根据国家有关规定，疫苗类制品在进行强制性检验、审核获得批签发合格后，方可正式上市销售。
44 7 2 3 3 0.658
此次四价HPV疫苗获得批签发合格证，标志着四价HPV疫苗正式可以进入市场流通领域，为符合条件的受种者提供防护选择。
44 8 3 1 3 0.673
该四价HPV疫苗为美国默沙东药厂有限公司产品，是全球第一个宫颈癌疫苗。
44 9 3 2 3 0.612
截至目前，中国大陆区域尚无四价HPV疫苗的正式销售。
44 10 3 3 3 0.456
获得“准生证”后，该疫苗将通过各省疾病预防控制机构组织，在省级公共资源交易平台集中采购。
45 1 1 1 3 0.654
【智飞生物：公司协议代理的四价HPV疫苗获得批签发合格证】智飞生物(300122)11月9日晚公告，当日下午，公司协议代理的四价HPV疫苗获得批签发合格证，标志着四价HPV疫苗正式可以进入市场流通领域为符合条件的受种者提供防护选择。
45 2 1 2 3 0.736
默沙东公司的四价HPV疫苗产品是全球第一个宫颈癌疫苗。
45 3 1 3 3 0.531
截至目前，中国大陆区域尚无四价HPV疫苗的正式销售，此次四价HPV疫苗的签发、销售，能够满足国内市场的需求，有利于更进一步丰富公司的产品线。
46 1 1 1 5 0.61
【上海开始接种国内首个宫颈癌疫苗三剂共1756.5元】国内首个宫颈癌疫苗今天开始将在上海陆续露面。
46 2 1 2 5 0.521
昨天上午，上海打下第一针宫颈癌疫苗。
46 4 1 4 5 0.637
此次露面的宫颈癌疫苗是中国内地首个通过国家食药监局审批的，商品名叫希瑞适，是由英国制药企业葛兰素史克公司生产的二价HPV疫苗，在社区卫生服务中心，定价每支585.5元，三剂程序共1756.5元。
46 3 1 3 5 0.452
预计全市大部分区的疫苗将于今年年底前陆续到货。
46 5 1 5 5 -0.092
（新闻晨报）
47 5 3 1 4 0.683
国内目前尚无4价流感病毒裂解疫苗获批准上市。
47 6 3 2 4 0.611
国际上已经上市的季节性流感疫苗主要有流感灭活疫苗、流感减毒活疫苗和重组蛋白流感疫苗三种，均包含3价或4价疫苗。
47 7 3 3 4 0.422
目前美国市场上共有三家公司获得4价流感疫苗上市许可，分别为葛兰素史克、赛诺菲和阿斯利康。
48 1 1 1 2 0.673
[上海市首剂宫颈癌疫苗今早在浦东开针！13日起，全区都可接种→]宫颈癌疫苗开打啦！浦东本次共配送4200剂宫颈癌疫苗，保质期到2020年。
48 2 1 2 2 0.712
11月8日-10日，浦东新区完成对辖区内所有接种单位的疫苗配送；11月13日起，全区社区卫生服务中心门诊和9家医院的特需门诊就可以接种疫苗啦！想要去接种HPV疫苗的小伙伴可以去预约咯~详情戳http://t.cn/RlYhKUS
49 1 1 1 3 0.571
“上海发布”微信公号11月8日消息，HPV（HumanPapillomavirus，人乳头瘤病毒）疫苗在国内获批后，很多市民都很关心什么时候可以在上海接种。
49 2 1 2 3 0.604
市疾控中心说：目前，浦东新区11月8日-10日完成对辖区内所有接种单位的疫苗配送，11月13日起全区成人门诊和特需门诊可以接种。
49 3 1 3 3 0.669
该疫苗适用于9-25岁的女性。
49 5 2 2 2 0.68
市民如需接种HPV疫苗，可向社区接种门诊和特需门诊提前致电预约，相关联系方式请查看下文。
49 4 2 1 2 0.453
PS：预计全市大部分区的疫苗将于今年年底前陆续到货。
49 6 3 1 2 0.654
浦东本批次接种对象为9-25岁女性。
49 7 3 2 2 0.734
超过年龄段的女性朋友，敬请等待明年的四价宫颈癌疫苗，接种对象为20-45岁女性。
49 10 5 1 1 0.806
注意：在接种宫颈癌疫苗前不需要进行HPV检测。
49 11 6 1 1 0.694
宫颈癌疫苗为第二类疫苗，知情、自愿、自费接种，585.5元/支，三剂程序共1756.5元。
49 13 7 2 2 0.673
这是因为目前缺乏足够的研究评估宫颈癌疫苗对妊娠妇女的影响，因此不推荐妊娠妇女接种宫颈癌疫苗。
49 12 7 1 2 0.321
（1）有计划怀孕的和已经怀孕的人群。
49 14 8 1 1 0.612
（2）与其他疫苗一样，患急性严重发热性疾病应延后接种。
49 19 13 1 1 0.719
（3）接种该疫苗不会导致HPV感染，因为该疫苗本身不含病毒DNA。
49 20 14 1 1 0.639
（4）接种该疫苗不能治疗已有感染和病变，也不能替代宫颈癌筛查，只能预防由本疫苗包括的HPV引起的疾病。
49 27 18 1 3 0.712
目前，国际上在使用的HPV疫苗有三种：二价、四价和九价HPV疫苗。
49 28 18 2 3 0.649
此次在国内获批的是二价HPV疫苗，能预防HPV-16和HPV-18两种基因型的病毒感染。
49 29 18 3 3 0.476
这两种基因型病毒可引起约70%的宫颈癌和宫颈癌癌前病变。
49 32 20 1 1 0.645
如需接种，请致电接种门诊了解详情。
49 37 23 1 2 0.709
答：HPV疫苗在未发生过性行为的女性中接种效果最佳。
49 38 23 2 2 0.616
有性生活之后，感染HPV的概率就非常高，但此时接种疫苗仍可对未感染的型别进行预防。
49 40 25 1 2 0.806
答：孕妇应避免接种HPV疫苗。
49 41 25 2 2 0.467
不过，以往有妊娠期不慎接种HPV疫苗的情况发生，对产妇及其宝宝进行观察，并未发现与疫苗相关的不良事件。
49 42 26 1 3 0.737
答：男性接种四价和九价HPV疫苗可以预防可能引起喉癌、阴茎癌和肛门癌的HPV感染以及尖锐湿疣。
49 43 26 2 3 0.727
同时，男性接种HPV疫苗能够减少将HPV传染给性伴侣的可能性。
49 44 26 3 3 0.688
而此次在国内获批的二价HPV疫苗并不适用男性。
49 45 27 1 1 0.663
答：临床研究结果显示，HPV疫苗对疫苗相关基因型的癌前病变的预防效果几乎达到了100%。
49 51 30 2 4 0.757
绝大多数人接种HPV疫苗后没有不良反应。
49 50 30 1 4 0.559
答：HPV疫苗已在全球使用数十年，被证实具有良好的安全性。
49 52 30 3 4 0.1
少数人会发生一些轻微的反应，如接种部位红肿、疼痛、发热、头疼、疲倦、恶心、肌肉或关节酸痛，但很快会康复。
49 54 31 1 3 0.681
答：需要，HPV疫苗并不能预防所有基因型的HPV感染。
49 55 31 2 3 0.515
WHO建议，30-49岁的妇女至少进行一次宫颈癌筛查。
50 2 1 2 3 0.604
市疾控中心说：目前，浦东新区11月8日-10日完成对辖区内所有接种单位的疫苗配送，11月13日起全区成人门诊和特需门诊可以接种。
50 1 1 1 3 0.571
“上海发布”微信公号11月8日消息，HPV（HumanPapillomavirus，人乳头瘤病毒）疫苗在国内获批后，很多市民都很关心什么时候可以在上海接种。
50 3 1 3 3 0.669
该疫苗适用于9-25岁的女性。
50 5 2 2 2 0.68
市民如需接种HPV疫苗，可向社区接种门诊和特需门诊提前致电预约，相关联系方式请查看下文。
50 4 2 1 2 0.453
PS：预计全市大部分区的疫苗将于今年年底前陆续到货。
50 6 3 1 2 0.654
浦东本批次接种对象为9-25岁女性。
50 7 3 2 2 0.734
超过年龄段的女性朋友，敬请等待明年的四价宫颈癌疫苗，接种对象为20-45岁女性。
50 10 5 1 1 0.806
注意：在接种宫颈癌疫苗前不需要进行HPV检测。
50 11 6 1 1 0.694
宫颈癌疫苗为第二类疫苗，知情、自愿、自费接种，585.5元/支，三剂程序共1756.5元。
50 13 7 2 2 0.673
这是因为目前缺乏足够的研究评估宫颈癌疫苗对妊娠妇女的影响，因此不推荐妊娠妇女接种宫颈癌疫苗。
50 12 7 1 2 0.321
（1）有计划怀孕的和已经怀孕的人群。
50 14 8 1 1 0.612
（2）与其他疫苗一样，患急性严重发热性疾病应延后接种。
50 19 13 1 1 0.719
（3）接种该疫苗不会导致HPV感染，因为该疫苗本身不含病毒DNA。
50 20 14 1 1 0.639
（4）接种该疫苗不能治疗已有感染和病变，也不能替代宫颈癌筛查，只能预防由本疫苗包括的HPV引起的疾病。
50 27 18 1 3 0.712
目前，国际上在使用的HPV疫苗有三种：二价、四价和九价HPV疫苗。
50 28 18 2 3 0.649
此次在国内获批的是二价HPV疫苗，能预防HPV-16和HPV-18两种基因型的病毒感染。
50 29 18 3 3 0.476
这两种基因型病毒可引起约70%的宫颈癌和宫颈癌癌前病变。
50 32 20 1 1 0.645
如需接种，请致电接种门诊了解详情。
50 37 23 1 2 0.709
答：HPV疫苗在未发生过性行为的女性中接种效果最佳。
50 38 23 2 2 0.616
有性生活之后，感染HPV的概率就非常高，但此时接种疫苗仍可对未感染的型别进行预防。
50 40 25 1 2 0.806
答：孕妇应避免接种HPV疫苗。
50 41 25 2 2 0.467
不过，以往有妊娠期不慎接种HPV疫苗的情况发生，对产妇及其宝宝进行观察，并未发现与疫苗相关的不良事件。
50 42 26 1 3 0.737
答：男性接种四价和九价HPV疫苗可以预防可能引起喉癌、阴茎癌和肛门癌的HPV感染以及尖锐湿疣。
50 43 26 2 3 0.727
同时，男性接种HPV疫苗能够减少将HPV传染给性伴侣的可能性。
50 44 26 3 3 0.688
而此次在国内获批的二价HPV疫苗并不适用男性。
50 45 27 1 1 0.663
答：临床研究结果显示，HPV疫苗对疫苗相关基因型的癌前病变的预防效果几乎达到了100%。
50 51 30 2 4 0.757
绝大多数人接种HPV疫苗后没有不良反应。
50 50 30 1 4 0.559
答：HPV疫苗已在全球使用数十年，被证实具有良好的安全性。
50 52 30 3 4 0.1
少数人会发生一些轻微的反应，如接种部位红肿、疼痛、发热、头疼、疲倦、恶心、肌肉或关节酸痛，但很快会康复。
50 54 31 1 3 0.681
答：需要，HPV疫苗并不能预防所有基因型的HPV感染。
50 55 31 2 3 0.515
WHO建议，30-49岁的妇女至少进行一次宫颈癌筛查。
51 5 4 1 1 0.608
2017年7月31日，由GSK生产的二价HPV疫苗希瑞适成为中国内地首个获批正式上市的HPV疫苗，首批中标覆盖重庆、贵州等17个省市区，但并未包括北上广深等一线城市。
52 1 1 1 3 0.666
HPV（HumanPapillomavirus，人乳头瘤病毒）疫苗在国内获批后，很多市民都很关心什么时候可以在上海接种。
52 2 1 2 3 0.604
市疾控中心说：目前，浦东新区11月8日-10日完成对辖区内所有接种单位的疫苗配送，11月13日起全区成人门诊和特需门诊可以接种。
52 3 1 3 3 0.669
该疫苗适用于9-25岁的女性。
52 5 2 2 2 0.68
市民如需接种HPV疫苗，可向社区接种门诊和特需门诊提前致电预约，相关联系方式请查看下文。
52 4 2 1 2 0.453
PS：预计全市大部分区的疫苗将于今年年底前陆续到货。
52 6 3 1 2 0.654
浦东本批次接种对象为9-25岁女性。
52 7 3 2 2 0.734
超过年龄段的女性朋友，敬请等待明年的四价宫颈癌疫苗，接种对象为20-45岁女性。
52 10 5 1 1 0.806
注意：在接种宫颈癌疫苗前不需要进行HPV检测。
53 1 1 1 2 0.686
东莞时间网讯昨日，我市首针二价宫颈癌疫苗在南城社区卫生服务中心开打，受种者是一位22岁的在校大学生。
53 2 1 2 2 0.56
据了解，我市33个镇街（园区）社区卫生服务中心将陆续到货，有需要的市民可以就近自费接种。
53 6 4 2 2 0.636
该疫苗全程接种3针，每针价格为605元人民币。
53 5 4 1 2 0.576
据市疾控中心介绍，我市已采购了10000支二价HPV疫苗，11月6日开始将陆续配送至各镇街（园区）社区卫生服务中心。
53 11 6 1 1 0.621
而此次的二价HPV疫苗，就是为了预防HPV-16与HPV-18这两种型别的病毒引起的宫颈癌及相关疾病。
53 13 7 2 2 0.621
接种最佳人群为9至25岁的女性，最好在有性生活之前完成接种。
53 12 7 1 2 0.574
接种程序方面，全程接种3针，接种第一针后，分别于1个月、6个月再接种，总共三针。
54 1 1 1 2 0.693
预检、登记、缴费、接种……11月4日上午，雨湖区雨湖路街道社区卫生服务中心预防接种门诊，大四女生小邓接受了宫颈癌疫苗的接种。
54 2 1 2 2 0.332
这也是湘潭打出的第一针宫颈癌疫苗。
54 5 2 3 3 0.754
今年8月，我国内地首个宫颈癌疫苗——人乳头状瘤病毒HPV疫苗［16型和18型］（即二价宫颈癌疫苗）正式获批上市，11月开始登陆湖南。
54 4 2 2 3 0.354
近年来，宫颈癌的治疗及预防越来越受到大家的关注。
54 6 3 1 1 0.77
雨湖区疾控中心相关负责人介绍，这次上市的二价宫颈癌疫苗，推荐接种的主要人群为9-25岁女性，因为该疫苗在未被暴露于HPV病毒的人群中最为有效。
54 7 4 1 1 0.603
从现在起，雨湖区凡符合条件的女性，可根据自身需要，自愿自费到所在的社区卫生服务中心或乡镇卫生院预约接种，接种程序为0/1/6月各接种一剂次，全程免疫3针次，每针609.5元。
54 9 6 1 1 0.627
今年8月，英国制药巨头葛兰素史克宣布，首批进口的HPV疫苗已通过中国相关质检部门的检验放行，现正供应全国市场，以满足大量中国适龄女性对通过疫苗接种来预防宫颈癌的健康需求。
54 10 7 1 3 0.701
这次上市的是二价HPV疫苗，主要针对16型和18型人乳头状瘤病毒疫苗，它俩是全球约70%宫颈癌的致病原因，接种年龄范围为9-25岁。
54 11 7 2 3 0.509
适龄女性无论是否有过性生活，均可以接种。
54 14 8 2 2 0.751
超过年龄又想接种的女性朋友，也不要沮丧！据了解，第二个获批上市的默沙东四价宫颈癌疫苗“佳达修”，其接种年龄范围为20-45岁！预计年底可以接种。
54 13 8 1 2 0.498
（PS：适合接种HPV疫苗的年龄，各个国家，甚至同一国家的不同机构建议都不一样，全球范围内是9-45岁，国家食药监总局批准的年龄是9-25岁。
54 17 9 3 3 0.681
因此，在开展宫颈癌筛查的同时，宫颈癌疫苗接种将显著降低宫颈癌及其癌前病变的发病率，从而降低疾病负担。
54 16 9 2 3 0.426
2015年中国宫颈癌新发病例约10万人，死亡约3万人，其中是15岁至44岁女性中第三大高发癌症。
54 18 10 1 1 0.736
全球被批准上市的HPV疫苗有三种，分别是葛兰素史克的二价疫苗（希瑞适）、默沙东的四价疫苗和九价疫苗。
54 19 11 1 2 0.677
目前在国内上市的是葛兰素史克公司的二价HPV疫苗“希瑞适”，它能预防HPV-16和HPV-18两种高危HPV病毒亚型感染。
54 20 11 2 2 0.476
这两种病毒亚型可引起70%左右的宫颈癌和宫颈癌癌前病变。
54 21 12 1 2 0.711
二价疫苗推荐用于9-25岁女性。
54 22 12 2 2 0.651
已婚、已育、有性行为的女性都可以接种HPV疫苗，在发生性行为前接种的效果最好。
54 23 13 1 1 0.61
疫苗采用3剂免疫程序：0月、1月、6月各接种1剂，3剂接种完毕大约需要半年的时间。
54 24 14 1 3 0.736
根据规定，超过25岁的女性不能接种二价HPV疫苗，但是以后可能还会有其它的疫苗推出，包括四价HPV疫苗可能也会很快上市。
54 25 14 2 3 0.836
据了解，四价HPV疫苗国内批准的接种年龄是20-45岁。
54 26 14 3 3 0.824
所以不在二价HPV疫苗接种年龄段的女性，可以再等一等四价HPV。
54 33 20 2 2 0.635
根据美国疾病预防控制中心（简称美国CDC）截至2015年6月的数据，宫颈癌疫苗使用超过6000万支，未发生疫苗本身引起的严重不良反应。
54 32 20 1 2 0.545
HPV疫苗的安全性是有保障的。
54 35 21 2 2 0.873
无论接种二价疫苗、四价疫苗还是九价疫苗，接种疫苗后仍然需要定期进行宫颈癌筛查。
54 34 21 1 2 0.599
接种HPV疫苗可以降低患宫颈癌的风险，但并不能保障一定不会得宫颈癌。
55 8 4 2 4 0.785
而人乳头瘤病毒（HPV）疫苗接种是世界卫生组织推荐的宫颈癌预防一级措施。
55 7 4 1 4 0.385
作为严重威胁妇女健康的常见恶性肿瘤，宫颈癌在我国女性生殖系统恶性肿瘤中，其发病率和死亡率都居首位，且患病年轻化趋势日显。
55 9 4 3 4 0.651
2017年7月31日，由葛兰素史克生产的二价HPV疫苗“希瑞适”成为中国内地首个获批正式上市的HPV疫苗。
55 10 4 4 4 0.733
这意味着，国内9-25岁的女性可根据自身需要，自愿自费在省、市、区（县）疾控中心或有二类疫苗接种资质的接种点进行接种。
56 8 4 2 2 0.785
而人乳头瘤病毒（HPV）疫苗接种是世界卫生组织推荐的宫颈癌预防一级措施。
56 7 4 1 2 0.385
作为严重威胁妇女健康的常见恶性肿瘤，宫颈癌在我国女性生殖系统恶性肿瘤中，其发病率和死亡率都居首位，且患病年轻化趋势日显。
56 9 5 1 2 0.646
今年7月31日，由葛兰素史克生产的二价HPV疫苗“希瑞适”成为中国内地首个获批正式上市的HPV疫苗。
56 10 5 2 2 0.735
这意味着，国内9—25岁的女性可根据自身需要，自愿自费在省、市、区（县）疾控中心或有二类疫苗接种资质的接种点进行接种。
57 5 2 3 3 0.754
今年8月，我国内地首个宫颈癌疫苗——人乳头状瘤病毒HPV疫苗［16型和18型］（即二价宫颈癌疫苗）正式获批上市，11月开始登陆湖南。
57 4 2 2 3 0.354
近年来，宫颈癌的治疗及预防越来越受到大家的关注。
57 8 3 3 3 0.681
当天除小邓外，雨湖区还有两名年轻女性也来到该社区卫生服务中心接种了宫颈癌疫苗。
57 7 3 2 3 0.342
而小邓通过网络、电视等媒体了解宫颈癌及宫颈癌疫苗相关知识后，也欣然接受了母亲的建议。
57 9 4 1 2 0.77
雨湖区疾控中心相关负责人介绍，这次上市的二价宫颈癌疫苗，推荐接种的主要人群为9-25岁女性，因为该疫苗在未被暴露于HPV病毒的人群中最为有效。
57 10 4 2 2 0.591
从现在起，雨湖区凡符合条件的女性，可根据自身需要，自愿自费到所在的社区卫生服务中心或乡镇卫生院预约接种，接种程序为0/1/6月各接种一剂次，全程免疫3针次。
58 2 1 2 3 0.605
记者从市卫生计生局了解到，我市已采购了10000支二价HPV疫苗，将陆续配送至各镇街（园区）社区卫生服务中心。
58 1 1 1 3 0.498
东莞时间网讯（记者李广）我市宫颈癌疫苗将于11月6日开打。
58 3 1 3 3 0.636
该疫苗全程接种3针，每针价格为605元人民币。
58 4 2 1 1 0.673
记者了解到，此次到货的二价HPV疫苗，由葛兰素史克公司生产，可预防HPV-16与HPV-18这两种型别的病毒引起的宫颈癌及相关疾病。
58 6 3 2 2 0.621
接种最佳人群为9至25岁的女性，最好在有性生活之前完成接种。
58 5 3 1 2 0.574
接种程序方面，全程接种3针，接种第一针后，分别于1个月、6个月再接种，总共三针。
58 10 5 2 2 0.611
哺乳期妇女应该谨慎接种。
58 9 5 1 2 0.384
此外，正在患急性、严重发热性疾病的人要延迟到症状消失后再接种。
58 11 6 1 1 0.72
市卫生计生局提醒，二价HPV疫苗只对HPV-16和HPV-18感染引起的宫颈癌及其相关疾病具有保护作用，不能预防其他型别的HPV引起的疾病；和其他疫苗一样，接种HPV疫苗后不一定产生100%的保护效果。
59 1 1 1 1 0.696
“我今天接到几十个电话咨询有关宫颈癌疫苗以及预约接种的。”集里街道社区卫生服务中心的工作人员表示，自11月1日起，就有很多女性市民纷纷打电话来咨询相关事宜，关注何时能够接种宫颈癌疫苗（又称HPV疫苗）。
59 3 2 2 2 0.621
很快，浏阳的女性市民不用再跑香港，在家门口就能接种宫颈癌疫苗了。
59 2 2 1 2 0.51
11月2日上午，记者从浏阳市疾控中心了解到，目前宫颈癌疫苗已到浏阳疾控中心仓库。
59 4 3 1 2 0.661
宫颈癌是严重威胁女性健康的常见恶性肿瘤，接种HPV疫苗，可刺激免疫系统产生保护性抗体，达到预防HPV感染的目的。
59 5 3 2 2 0.834
因为无法在湖南接种HPV疫苗，在得知HPV疫苗上市销售之前，不少市民甚至“打飞的”去香港接种疫苗，而前往香港接种二价HPV疫苗总价在人民币2584.4元左右（本报8月2日09版报道）。
59 6 4 1 1 0.619
近日，二价HPV疫苗到达浏阳的消息成为不少女性市民的关注热点。
59 11 8 1 1 0.703
“宫颈癌疫苗属于收费的二类疫苗，考虑到价格和数量，我们暂时主要安排在城区的四个街道社区卫生服务中心，市民可按需预约接种。”市疾控中心免疫规划管理科科长张小明介绍，此次浏阳引进的为二价宫颈癌疫苗，在内地获批的适应症只适用于9岁至25岁女性，完成整个二价宫颈癌疫苗接种程序共需要三针，“分别在第0、1、6个月，即第一针和第二针间隔1个月，第二针和第三针间隔5个月。”
59 12 9 1 2 0.711
相比前往香港接种的花费，此次获批的二价宫颈癌疫苗价格较为“亲民”。
59 13 9 2 2 0.767
“二价宫颈癌疫苗接种收费标准是609.5元/支（三针共1828.5元）。”疾控中心后勤科科长黄启明介绍，在11月2日下午召集街道社区卫生服务中心的工作人员召开疫苗接种培训会后，“近两天，预计市民可接种到宫颈癌疫苗。”
59 14 10 1 2 0.758
超过25岁能否接种？对于超过25岁的女性而言，想要接种宫颈癌疫苗就得等四价宫颈癌疫苗的引进了。
59 15 10 2 2 0.658
四价宫颈癌疫苗适用于20至45岁的女性人群，浏阳预计在明年年初能够引进。
59 16 11 1 1 0.779
接种宫颈癌疫苗可以预防其他相关HPV型别感染或者相同HPV型别再次感染。
60 2 1 2 2 0.797
11月1日是接种宫颈癌疫苗的第一天，下午三点半，在天元区嵩山街道社区卫生服务中心，23岁的杜若琳和她的同事一起，成功接种株洲首针二价宫颈癌疫苗，成为首批接种此疫苗的株洲市民。
60 1 1 1 2 0.342
株洲传媒网11月02日讯（新闻综合频道记者廖姗廖智勇）10月30日，很多女性翘首期盼的宫颈癌疫苗登陆株洲。
60 3 2 1 1 0.689
当天下午三点，在天元区嵩山街道社区卫生服务中心，23岁的杜若琳和25岁的王莹，分别接种了二价宫颈癌疫苗。
60 5 3 2 4 0.735
他们这次接种的疫苗名叫希瑞适，是针对9岁到25岁女性的二价宫颈癌疫苗，目前定价为609.5元一针。
60 4 3 1 4 0.54
杜若琳和王莹在同一家单位上班，得知株洲可以接种宫颈癌疫苗的消息后，两人立马通过电话和社区卫生服务中心进行了预约。
60 6 3 3 4 0.449
在当天接种完第一针后，杜若琳和王莹需要在一个月后来接种第二针，半年之后，再接种最后一针。
60 8 4 1 1 0.648
记者从市疾控部门了解到，目前在株洲上市的是二价宫颈癌疫苗，只适用于9到25岁的女性，超过二十五岁的女性也不要心急，适用于20岁到45岁的四价宫颈癌疫苗会在不久后和大家见面。
60 15 7 3 4 0.763
天元区疾控中心免疫规划科科长黄琼说，目前天元区疾控部门到货二价宫颈癌疫苗1000支，按照一人需要接种三针来算，这一批疫苗可供三百多人进行接种。
60 14 7 2 4 0.231
疫苗接种后到底有没有作用？会不会对身体有影响？这些是被问得最多的问题。
60 16 7 4 4 0.033
从10月31日到货开始，就不断有人来咨询。
60 21 10 1 5 0.705
王劲进说，目前上市的二价宫颈癌疫苗，预防率可达到70%，得过宫颈癌已经治愈了的患者，也可以接种HPV疫苗，这样可以减少疾病的复发率。
60 22 10 2 5 0.589
目前疫苗有二价、四价和九价三种，价数越高，可以预防的HPV亚型就越多。
60 29 12 2 2 0.629
王劲进提醒，现有的疫苗并不能预防所有高位型HPV，女性还是需要定期进行宫颈癌筛查。
60 28 12 1 2 0.433
另外，接种了疫苗后，也不是一劳永逸的事。
61 1 1 1 1 0.774
长沙晚报讯（记者杨蔚然通讯员张亚娜沈菁）“今后，湖南人接种宫颈癌疫苗（HPV疫苗）不用再打‘飞的’跑香港了，家门口就能注射。”昨日10时，23岁的长沙市民曹小姐在湖南省疾控中心接种了宫颈癌疫苗，这是宫颈癌疫苗湖南上市的第一针。
61 2 2 1 1 0.724
“此次获批的宫颈癌疫苗希瑞适，是二价宫颈癌疫苗。”湖南省疾控中心预防医学门诊部主任、副主任医师石琼介绍，宫颈癌在我省女性生殖系统恶性肿瘤中，发病率和死亡率都居首位，且呈年轻化趋势，接种宫颈癌疫苗、定期进行宫颈癌筛查，是预防宫颈癌的必要措施。
61 3 3 1 3 0.663
此次二价宫颈癌疫苗主要推荐9岁至13岁（在性行为开始前）的女性接种，适用于9岁至25岁的女性，接种程序为0/1/6月各接种一剂次，全程免疫3针次。
61 4 3 2 3 0.792
11月1日起，9岁至25岁的女性可根据自身需要，自愿自费前往省、市、区（县）疾控中心或有二类疫苗接种资质的接种点，接种二价宫颈癌疫苗。
61 5 3 3 3 0.68
适合25岁以上年龄的四价宫颈癌疫苗，预计在2018年初上市。
62 2 1 2 3 0.672
签接种告知单，缴费，取药，打针，留观30分钟，宫颈癌接种疫苗就完成了。
62 1 1 1 3 0.546
红网时刻10月31日讯（记者易征洋通讯员张亚娜沈菁）今天上午，市民曹小姐在湖南省疾控中心接种了宫颈癌疫苗。
62 3 1 3 3 0.693
这是宫颈癌疫苗湖南上市的第一针。
62 4 2 1 2 0.682
“今后，湖南人接种宫颈癌疫苗（HPV疫苗）不用再打“飞的”往境外跑了，家门口就能注射。
62 5 2 2 2 0.823
”今天在长沙召开的湖南宫颈癌疫苗上市新闻发布会宣布，11月1日起，9至25岁的女性可根据自身需要，自愿自费前往在省、市、区（县）疾控中心或有二类疫苗接种资质的接种点，接种二价HPV疫苗。
62 7 3 2 2 0.821
接种人乳头瘤病毒（HPV）疫苗及定期宫颈癌筛查，成为预防宫颈癌的必要措施。
62 6 3 1 2 0.389
宫颈癌作为严重威胁妇女健康的常见恶性肿瘤，在我国女性生殖系统恶性肿瘤中，其发病率和死亡率都居第一位，且患病年轻化趋势日显。
62 8 4 1 3 0.744
专家表示，此次获批的宫颈癌疫苗“希瑞适”为二价宫颈癌疫苗，主要推荐9至13岁（在性行为开始前）的女性接种，适用于9-25岁的女性。
62 9 4 2 3 0.556
接种程序为0/1/6月各接种一剂次，全程免疫3针次。
62 11 5 1 3 0.62
当天上午，还举办了湖南省宫颈癌预防与疫苗应用健康教育培训会议。
62 12 5 2 3 0.395
会议特别邀请江苏省疾控中心疫苗临床评价所所长胡月梅、湖南省妇幼保健院妇女保健科主任吴颖岚参加，来自湖南省各市、区县疾控中心主管领导及相关科室负责人共计150余人参会。
62 14 6 1 1 0.788
湖南哪里可以接种希瑞适宫颈癌疫苗？
62 19 9 2 2 0.742
世界卫生组织推荐接种宫颈癌疫苗的主要接种人群为9-13岁女性，次要接种人群为较大的女性青少年和年轻妇女。
62 18 9 1 2 0.563
可以，有性生活不是疫苗接种的禁忌症。
62 20 10 1 1 0.657
如果已感染HPV还有必要接种吗？
62 21 11 1 1 0.774
接种宫颈癌疫苗可以预防其他相关HPV型别的感染或者相同HPV型别的再次感染。
62 22 12 1 1 0.617
接种了疫苗，还需要筛查吗？
62 24 14 1 3 0.726
今天上午，市民曹小姐在湖南省疾控中心接种了宫颈癌疫苗。
62 25 14 2 3 0.672
签接种告知单，缴费，取药，打针，留观30分钟，宫颈癌接种疫苗就完成了。
62 26 14 3 3 0.693
这是宫颈癌疫苗湖南上市的第一针。
62 27 15 1 2 0.621
10月31日，湖南省预防医学会、湖南省疾病预防控制中心召开湖南宫颈癌疫苗上市新闻发布会。
62 28 15 2 2 0.791
记者获悉，11月1日起，9-25岁的女性可前往长沙各预防接种单位（如社区卫生服务中心、乡镇卫生院的预防接种门诊等）接种二价HPV疫苗。
62 30 16 2 3 0.632
“宫颈癌在我们印象中是不治之症，现在有预防宫颈癌的疫苗，所以想趁着年轻接种预防”曹小姐告诉记者，身边有很多朋友非常关注宫颈癌且飞去香港接种疫苗。
62 29 16 1 3 0.308
曹小姐今年23岁，湘潭人，在长沙一家外企做销售工作。
62 31 16 3 3 0.488
最近从电视和朋友圈得知“家门口就可以接种宫颈癌疫苗”，曹小姐非常激动，随即在淘宝上进行预约，“香港疫苗价格贵，而且来回三趟非常不方便，现在在家门口就可以接种疫苗非常方便”。
63 1 1 1 3 0.716
北京市正在采购2价宫颈癌疫苗。
63 2 1 2 3 0.71
记者昨天分别从市疾控中心与葛兰素史克公司获悉，疫苗最快将于11月上旬派发到接种站点，届时市民可到附近的接种站点预约接种疫苗。
63 3 1 3 3 0.453
首批供应一万余支，疫苗将遵循“0差价”，按照采购价580一支供给市民。
63 5 2 2 2 0.74
记者从2价宫颈癌疫苗研发企业葛兰素史克公司了解到，日前，北京市疾控中心与葛兰素史克正式签订2价宫颈癌疫苗（HPV疫苗）采购合同及订单合同，很快疫苗将入库北京。
63 4 2 1 2 0.583
10月18日，北京市卫计委作为采购人的“二类疫苗HPV疫苗采购成交结果公告”正式发布。
63 7 3 2 3 0.701
市疾控中心副主任庞星火介绍说，按照疫苗采购配送流程，下月宫颈癌疫苗将配送至接种点。
63 6 3 1 3 0.236
市疾控中心也向北青报记者证实了此事。
63 8 3 3 3 0.69
市疾控中心官网公布有全市497家接种门诊地址和电话，“有接种意愿的市民，下月起可以与接种点预约，接种点提交疫苗申请，到货后通知市民前来接种”。
63 11 5 1 1 0.717
记者了解到，目前已开始接种宫颈癌疫苗的省份里，2价宫颈癌疫苗的价格从600元至700元每支不等。
63 12 6 1 2 0.719
对于本市宫颈癌疫苗价格，市疾控中心介绍说，本市宫颈癌疫苗将实行“0差价”，也就是疫苗价格与采购价一致。
63 13 6 2 2 0.683
采购公告显示，2价宫颈癌疫苗在北京地区的采购价为580元每支，接种全程三针共计1740元。
63 14 7 1 3 0.65
根据采购公告，北京地区2价宫颈癌疫苗的采购成交数量将以实际接种数量为准。
63 15 7 2 3 0.462
葛兰素史克公司介绍说，首批将供应一万余支疫苗，将于今明两天配送到市疾控中心。
63 17 8 1 3 0.734
2价宫颈癌疫苗在国内的建议接种人群为9岁至25岁的女性，全程3针，推荐于0,1,6月分别接种一剂，半年完成接种。
63 18 8 2 3 0.742
此外，同样获批的4价宫颈癌疫苗，接种人群为20岁至45岁。
63 19 8 3 3 0.724
但目前4价宫颈癌疫苗还需经过疫苗进口、批签发检测、省级中标公示后方能在内地上市销售。
63 20 9 1 4 0.786
记者了解到，2价宫颈癌疫苗与4价疫苗的主要区别在于可预防病毒种类及可接种人群年龄段的不同。
63 21 9 2 4 0.639
2价宫颈癌疫苗可以预防16、18两种HPV病毒，同时可交叉保护31、33、45型病毒；4价宫颈癌疫苗可用于预防6、11、16、18四种HPV病毒亚型。
63 22 9 3 4 0.262
其中，16、18是引起宫颈癌的高危致病因素。
64 1 1 1 3 0.733
自从HPV(人乳头瘤病毒)疫苗(俗称宫颈癌疫苗)在我国内地获批上市以来，很多市民翘首期盼。
64 2 1 2 3 0.786
记者27日从长沙市疾控中心获悉，11月起，全市各预防接种门诊相继可以接种二价HPV疫苗了。
64 3 1 3 3 0.767
四价HPV疫苗预计今年年底或明年年初可在长沙接种。
64 6 3 1 1 0.613
接种HPV疫苗，可刺激免疫系统产生保护性抗体，这种抗体存在于人的体液之中，HPV病毒一旦出现，抗体会立即作用，将其清除，阻止HPV病毒进行感染，从而达到预防HPV感染的目的。
64 7 4 1 1 0.703
目前，二价HPV疫苗主要预防HPV病毒16型和18型的感染，四价疫苗主要预防6、11、16、18型病毒的感染。
64 8 5 1 1 0.717
目前国内已获得批准上市的二价和四价HPV疫苗全程均注射3剂次，全程接种需6个月的时间完成。
64 13 9 1 1 0.774
11月起，长沙各预防接种单位(如：社区卫生服务中心、乡镇卫生院的预防接种门诊等)可相继接种二价HPV疫苗。
64 14 10 1 1 0.767
四价HPV疫苗预计今年年底或明年年初可在长沙接种。
64 16 12 1 1 0.812
中国内地上市的二价HPV疫苗建议接种对象是9～25岁的女性。
64 17 13 1 1 0.759
四价疫苗建议接种对象是20～45岁的女性。
64 22 14 5 5 0.687
接种后，依然要注意个人卫生及生活习惯，定期做宫颈癌筛查，因为HPV疫苗并不能预防所有高危型HPV。
64 21 14 4 5 0.386
但必须强调的是，并不是接种疫苗就不会得宫颈癌。
64 24 15 2 4 0.675
可以等HPV阳性转阴后再注射疫苗，从而预防疫苗包含型别的后续新感染或持续感染。
64 23 15 1 4 0.494
如果检测出已经感染HPV，注射疫苗并不能清除已经存在的感染，依然需要自身的免疫系统自动清除。
64 25 15 3 4 0.795
已被确诊为宫颈癌，则不需要接种HPV疫苗。
64 26 15 4 4 0.693
因为HPV疫苗只是预防性疫苗，并无治疗作用。
65 1 1 1 4 0.8
【北京497家门诊下月可接种HPV疫苗售价580一支】葛兰素史克研发的二价HPV疫苗在中国大陆上市已近3月，下月起北京地区居民也可接种疫苗。
65 2 1 2 4 0.681
此次北京HPV疫苗遵循零差价原则，按照采购价580/针提供给市民，接种全程需要1740元。
65 3 1 3 4 0.639
另外，今年5月，默沙东生产的四价疫苗也获得了食药监总局的批准，将年龄范围延长至45岁，有消息称四价HPV疫苗已获得进口药品通关单，现处于批签发阶段，预计今年底有望正式上市销售。
65 4 1 4 4 -0.068
（界面）
66 2 1 2 3 0.756
湖南省疾控中心今天透露，该中心的预防门诊从11月1日开始就能接种二价HPV疫苗，全省的社区卫生服务中心、乡镇卫生院等预防接种门诊11月起也可相继接种，每针次价格预计在650元左右。
66 1 1 1 3 0.535
华声在线10月27日讯(记者段涵敏通讯员张亚娜刘姝)大家期盼已久的HPV(人乳头瘤病毒)疫苗(俗称“宫颈癌疫苗”)来湖南了。
66 3 1 3 3 0.799
四价HPV疫苗预计今年底或明年初可在长沙接种。
66 6 3 1 3 0.678
长沙市疾控中心免疫规划专家林希建介绍，接种HPV疫苗，可刺激免疫系统产生保护性抗体，这种抗体存在于人的体液之中，HPV病毒一旦出现，抗体会立即作用，将其清除，阻止HPV病毒感染，从而预防HPV感染。
66 7 3 2 3 0.749
目前，二价HPV疫苗主要预防HPV病毒16型和18型的感染，建议接种对象是9至25岁的女性;四价疫苗主要预防6、11、16、18型病毒的感染，接种对象是20至45岁的女性。
66 8 3 3 3 0.711
二价和四价HPV疫苗全程均注射3剂次，全程接种需6个月的时间完成。
66 10 4 2 4 0.633
如果检测出已经感染HPV，注射疫苗并不能清除已经存在的感染，可以等HPV阳性转阴后再注射疫苗。
66 9 4 1 4 0.415
针对女性关注的“有了性生活还有必要接种吗”的问题，专家介绍，在临床研究中，部分受测试的女性虽已有性行为，但结果显示疫苗仍对她们有效。
66 11 4 3 4 0.795
已被确诊为宫颈癌，则不需要接种HPV疫苗。
66 12 4 4 4 0.693
因为HPV疫苗只是预防性疫苗，并无治疗作用。
66 15 5 3 3 0.694
目前HPV疫苗并不能预防所有高危型HPV，所以接种后依然要注意个人卫生及生活习惯，定期做宫颈癌筛查。
66 14 5 2 3 0.472
HPV有100多种亚型，分为低危型和高危型，只有高危型HPV(例如16型和18型)的持续感染，才可能会进展为宫颈癌。
67 2 1 2 2 0.718
东莞的不少市民也在关注，什么时候在东莞就可以接种宫颈癌疫苗？昨日，东莞市疾控中心通报称，目前，东莞正加快进度通过“广东省第三方药品电子交易平台”采购二价人乳头瘤病毒疫苗，预计11月中旬全市各镇街（园区）社卫中心将可为市民提供该疫苗的接种服务。
67 1 1 1 2 0.459
大洋网讯10月23日下午，广东省第一针宫颈癌疫苗在广州天河区妇幼保健院开打。
67 4 3 1 2 0.807
疾控专家介绍，HPV疫苗，就是宫颈癌疫苗，是一种预防宫颈癌发病的疫苗。
67 5 3 2 2 0.721
宫颈癌主要由感染人乳头瘤病毒（HPV病毒）引起，该疫苗通过预防HPV病毒感染，进而有效预防宫颈癌的发病。
67 10 5 1 3 0.692
二价疫苗：99.7%的宫颈癌，都是由HPV病毒感染所引起。
67 11 5 2 3 0.409
女性只要开始性生活，一生中被HPV感染的概率就非常高。
67 12 5 3 3 0.677
二价HPV疫苗，能有效预防HPV-16和HPV-18两种基因型的病毒感染，以及这两种基因型病毒引起的宫颈癌和宫颈癌癌前病变，接种二价疫苗后可以预防93%左右的宫颈癌和癌前病变。
67 18 8 2 3 0.632
据介绍，二价宫颈癌疫苗适用于9~25岁女性。
67 17 8 1 3 0.358
其实，年龄的限制并不是绝对的，关键是看有没有性生活，HPV疫苗对于无性生活的女性效果最佳。
67 19 8 3 3 0.737
超过25岁的女性也不用着急，预计再等几个月，年龄稍大的女性也能接种另一种宫颈癌疫苗：四价宫颈癌疫苗，这一疫苗适合20~45岁女性接种。
67 21 9 2 2 0.862
HPV疫苗属于二类疫苗，需要自费自愿接种。
67 20 9 1 2 0.457
HPV疫苗需要接种3剂次，共需要6个月左右的时间完成，即开始的第1剂次、1个月后接种第2剂次，6个月后注射最后一剂次。
67 23 10 2 4 0.657
国内二价疫苗针对的是HPV16和HPV18两种亚型，通过接种疫苗可以降低这部分亚型引起宫颈癌的发生率。
67 22 10 1 4 0.266
有人认为“打了疫苗就可以不得宫颈癌”，这种说法不确切。
67 24 10 3 4 0.512
但导致宫颈癌的HPV还有其他亚型，不在预防范围内。
67 25 10 4 4 0.739
因此，即使接种HPV疫苗，也应该按照正规的宫颈癌筛查策略，接受宫颈癌筛查。
67 26 11 1 1 0.626
目前，东莞正加快进度通过“广东省第三方药品电子交易平台”采购二价人乳头瘤病毒疫苗，预计11月中旬全市各镇街（园区）社卫中心将可为市民提供该疫苗的接种服务。
67 27 12 1 1 0.754
就市民关注四价宫颈癌疫苗一事，东莞市疾控中心表示，现在“广东省第三方药品电子交易平台”尚不能采购四价人乳头瘤病毒疫苗，市疾控中心正积极与省疾控中心等部门沟通，密切关注四价人乳头瘤病毒疫苗上市进展情况，一旦可以采购该疫苗，将及时采购供市民接种。
68 1 1 1 2 0.723
中新网杭州10月24日电(记者方堃)宫颈癌是女性健康的重大威胁，人乳头瘤病毒(HPV)疫苗接种是世界卫生组织推荐的宫颈癌预防一级措施。
68 2 1 2 2 0.851
2017年7月31日，由葛兰素史克生产的二价HPV疫苗，成为中国内地首个获批正式上市的HPV疫苗，该二价HPV疫苗推荐用于9～25岁女性，属于群众自费、自愿接种的疫苗，采用3剂免疫接种程序。
68 3 2 1 2 0.698
据悉，浙江省疾病预防控制中心于2017年9月完成了HPV疫苗政府集中采购工作，该省各县区疾控中心可在浙江省政府采购云平台上采购HPV疫苗。
68 4 2 2 2 0.511
该批疫苗主要针对16型和18型人乳头状瘤病毒，这两种病毒是全球约70%宫颈癌的致病原因。
68 5 3 1 1 0.692
24日，记者从浙江省疾病预防控制中心获悉，浙江首批HPV疫苗已经于23日供应到位，浙江省宁波市鄞州区第三医院和浙江省嘉兴市南湖区城南街道社区卫生服务中心迎来首位接种宫颈癌疫苗的市民；24日，浙江省杭州市江干区采荷、凯旋、四季青和彭埠街道社区卫生服务中心也迎来首位接种宫颈癌疫苗的市民。
68 6 4 1 1 0.76
目前，浙江全省已有63家县级疾控中心完成了HPV疫苗采购，近5万支HPV疫苗将陆续供应到位，市民在就近的镇医院、卫生院、社区卫生服务中心即可接种疫苗。
69 1 1 1 2 0.775
大洋网讯昨日下午，24岁的龚小姐在罗湖中医院成人预防接种门诊接种了深圳首针HPV疫苗。
69 2 1 2 2 0.76
据介绍，目前在深可接种的HPV疫苗为二价疫苗，主要针对导致宫颈癌风险最高的病毒株HPV-16型和HPV-18型，这两个高危亚型被内地专家普遍认为与我国近80%的宫颈癌患病相关，预计HPV四价疫苗将在今年底前可接种。
69 7 4 1 1 0.615
“首批疫苗为500支。”罗湖医院集团妇产科主任张帝开教授告诉记者，目前HPV二价疫苗按照国家相关规定针对的接种年龄为9~25岁，要分三次注射半年完成，总价为1740元（每次注射费用25元，实际共1815元）。
69 8 5 1 1 0.767
据介绍，为了接种HPV疫苗，罗湖医院集团对相关医务人员进行了疫苗接种及疑似预防接种异常反应处理等多场次专题培训。
69 9 6 1 1 0.7
“九价疫苗确实预防覆盖的HPV病毒型别更多，可预防约85%的宫颈癌病例。”内地妇科肿瘤专家、中国医学科学院肿瘤医院深圳医院副院长盛修贵教授说，“但不同地区感染的HPV亚型是不同的。中国女性接种二价疫苗的预防几率可赶得上九价疫苗的预防几率。”
69 11 7 2 2 0.674
那么接种HPV疫苗是否就可以不得宫颈癌？“一般来说8~15岁是最佳接种年龄。但即使这个年龄段女孩接种了HPV疫苗，预防也不是一劳永逸的，她们也有15%的几率感染其他亚型的HPV病毒。”盛修贵说。
69 10 7 1 2 0.33
近年来，深圳宫颈癌发病率也处于全国较高水平，发病年龄有呈年轻化趋势。
69 12 8 1 2 0.827
记者昨日获悉，今年底前后，由默沙东公司生产的四价HPV疫苗将可在深圳接种，该疫苗适用于20~45岁女性，接种要求也是3针次。
69 13 8 2 2 0.652
据介绍，市民通过关注“约苗”微信公众号预约接种HPV疫苗。
69 14 9 1 3 0.626
宫颈癌是目前世界上首个可以通过注射疫苗预防的癌症。
69 15 9 2 3 0.384
人乳头状瘤病毒是乳头瘤病毒家族中的一种，简称HPV。
69 19 11 1 2 0.679
目前在深可接种的HPV疫苗即为针对HPV-16型和HPV-18型这两种病毒株的二价疫苗。
69 20 11 2 2 0.489
所谓的“价”代表了疫苗覆盖的病毒细分种类，价越高，覆盖面越大。
69 22 12 2 3 0.644
罗湖医院集团妇产科主任张帝开告诉记者，希瑞适可预防HPV-16型和HPV-18型病毒导致的宫颈癌，被称为“二价HPV疫苗”。
69 21 12 1 3 0.508
据了解，目前全球仅有葛兰素史克生产的希瑞适和默沙东生产的佳达修（Gardasil）两款HPV疫苗产品。
69 23 12 3 3 0.604
默沙东2006年推出的全球第一款HPV疫苗佳达修，可用于预防6、11、16、18四种HPV病毒亚型所导致的多种疾病，被称为“HPV四价疫苗”。
70 1 1 1 2 0.775
大洋网讯昨日下午，24岁的龚小姐在罗湖中医院成人预防接种门诊接种了深圳首针HPV疫苗。
70 2 1 2 2 0.76
据介绍，目前在深可接种的HPV疫苗为二价疫苗，主要针对导致宫颈癌风险最高的病毒株HPV-16型和HPV-18型，这两个高危亚型被内地专家普遍认为与我国近80%的宫颈癌患病相关，预计HPV四价疫苗将在今年底前可接种。
70 7 4 1 1 0.615
“首批疫苗为500支。”罗湖医院集团妇产科主任张帝开教授告诉记者，目前HPV二价疫苗按照国家相关规定针对的接种年龄为9~25岁，要分三次注射半年完成，总价为1740元（每次注射费用25元，实际共1815元）。
70 8 5 1 1 0.767
据介绍，为了接种HPV疫苗，罗湖医院集团对相关医务人员进行了疫苗接种及疑似预防接种异常反应处理等多场次专题培训。
70 9 6 1 1 0.7
“九价疫苗确实预防覆盖的HPV病毒型别更多，可预防约85%的宫颈癌病例。”内地妇科肿瘤专家、中国医学科学院肿瘤医院深圳医院副院长盛修贵教授说，“但不同地区感染的HPV亚型是不同的。中国女性接种二价疫苗的预防几率可赶得上九价疫苗的预防几率。”
70 11 7 2 2 0.674
那么接种HPV疫苗是否就可以不得宫颈癌？“一般来说8~15岁是最佳接种年龄。但即使这个年龄段女孩接种了HPV疫苗，预防也不是一劳永逸的，她们也有15%的几率感染其他亚型的HPV病毒。”盛修贵说。
70 10 7 1 2 0.33
近年来，深圳宫颈癌发病率也处于全国较高水平，发病年龄有呈年轻化趋势。
70 12 8 1 2 0.827
记者昨日获悉，今年底前后，由默沙东公司生产的四价HPV疫苗将可在深圳接种，该疫苗适用于20~45岁女性，接种要求也是3针次。
70 13 8 2 2 0.652
据介绍，市民通过关注“约苗”微信公众号预约接种HPV疫苗。
70 14 9 1 3 0.626
宫颈癌是目前世界上首个可以通过注射疫苗预防的癌症。
70 15 9 2 3 0.384
人乳头状瘤病毒是乳头瘤病毒家族中的一种，简称HPV。
70 19 11 1 2 0.679
目前在深可接种的HPV疫苗即为针对HPV-16型和HPV-18型这两种病毒株的二价疫苗。
70 20 11 2 2 0.489
所谓的“价”代表了疫苗覆盖的病毒细分种类，价越高，覆盖面越大。
70 22 12 2 3 0.644
罗湖医院集团妇产科主任张帝开告诉记者，希瑞适可预防HPV-16型和HPV-18型病毒导致的宫颈癌，被称为“二价HPV疫苗”。
70 21 12 1 3 0.508
据了解，目前全球仅有葛兰素史克生产的希瑞适和默沙东生产的佳达修（Gardasil）两款HPV疫苗产品。
70 23 12 3 3 0.604
默沙东2006年推出的全球第一款HPV疫苗佳达修，可用于预防6、11、16、18四种HPV病毒亚型所导致的多种疾病，被称为“HPV四价疫苗”。
71 2 1 2 2 0.676
首批宫颈癌疫苗近日将在市内的122家社区卫生服务中心陆续到货，各区9岁到25岁女性都可以就近咨询、接种。
71 1 1 1 2 0.347
广州日报讯（全媒体记者伍仞）宫颈癌疫苗来到广州了！昨天下午，在天河区妇幼保健院分院打出了全广东省的第一针。
71 6 4 1 5 0.748
二价宫颈癌疫苗目前在内地不在计划免疫范围内，属于二类疫苗。
71 7 4 2 5 0.302
天河区每针定价为605元，各区定价也在600元左右。
71 11 5 1 3 0.619
据了解，天河区首批宫颈癌疫苗到货1500人份、4500支，接下来陆续会有疫苗补充，暂时供应充足。
71 12 5 2 3 0.706
目前该区大部分具有接种资质的社区均可接种该疫苗，具体接种时间要咨询相关社区卫生服务中心。
71 13 5 3 3 0.643
市预防医学会秘书长黄桂花介绍，全市已经有122家社区医院或者社区卫生服务中心上报疫苗需求，分布在11区，预计近日都会陆续到货，各位女性可以选择就近的社区医院咨询、接种。
71 17 6 4 4 0.652
致癌型HPV感染是引发宫颈癌的必要条件，16、18亚型引起的宫颈癌占宫颈癌病例的70%，这次在广州上市的二价宫颈癌疫苗正是针对这两种亚型。
71 16 6 3 4 0.573
同时，近几年中国宫颈癌的发病和死亡还呈现年轻化趋势，因此专家提倡宫颈癌疫苗要趁年轻早接种，早获保护。
71 18 7 1 1 0.799
根据世界卫生组织指引，接种宫颈癌疫苗前不需要进行HPV检测。
71 19 8 1 1 0.824
天河区妇幼保健院预防接种门诊医师伍艳芬介绍，即使感染了HPV，接种宫颈癌疫苗仍然可以预防其他相关HPV型别的感染或者相同HPV型别的再次感染。
71 20 9 1 4 0.709
答：二价宫颈癌疫苗在内地的获批适应症是适用于9岁~25岁的女性。
71 21 9 2 4 0.746
世界卫生组织推荐接种宫颈癌疫苗的主要接种人群为9岁~13岁女性，次要接种人群为较大的女性青少年和年轻妇女。
71 22 9 3 4 0.245
各个国家和地区药监机构基于本国或地区实际情况考虑，批准的适应年龄可能有所不同。
71 24 10 1 3 0.764
答：二价宫颈癌疫苗针对16、18亚型的HPV病毒。
71 25 10 2 3 0.499
HPV-16和18引起的宫颈癌占宫颈癌病例的70%。
71 32 12 3 3 0.627
值得注意的是，即使接种了宫颈癌疫苗仍然应定期筛查。
71 31 12 2 3 0.535
目前全球上市的所有HPV疫苗都无法提供100%的保护。
71 33 13 1 4 0.627
答：有性生活不是疫苗接种的禁忌症。
71 34 13 2 4 0.436
虽然有过性生活的女性可能已经感染HPV，但HPV感染仅限于黏膜上皮内层，不会诱导产生强烈的免疫应答。
71 36 13 4 4 0.654
目前医学界普遍认为，接种HPV疫苗，是及早预防子宫颈癌最积极有效的方法。
71 35 13 3 4 0.367
自然感染后大约有50%的女性可检测到抗体，效价低，不足以对再次感染产生保护作用。
72 1 1 1 1 0.724
对于广州9岁~25岁的女性而言，接种宫颈癌疫苗不用再跑港澳地区了，在家门口的社区医院就可以预约接种。
72 3 2 2 3 0.628
记者从广州市预防医学会了解到，目前全市已有122个点上报采购宫颈癌疫苗计划，预计月底，疫苗全部到货。
72 2 2 1 3 0.498
昨日下午，广东省第一针宫颈癌疫苗在天河区妇幼保健院开打。
72 4 2 3 3 0.463
完成整个接种需要打三支，每支在600元左右。
72 5 3 1 3 0.688
昨日下午5时许，24岁的梁小姐如约来到天河区妇幼保健院龙口西分院的预防保健接种门诊接种疫苗。
72 6 3 2 3 0.203
梁小姐表示，身边的不少女性朋友都觉得，若是去香港打宫颈癌疫苗很麻烦，而且来回路费也是笔不小的支出。
72 11 5 1 3 0.615
记者了解到，目前双价宫颈癌疫苗全市没有统一定价。
72 12 5 2 3 0.447
天河区的疫苗价格一支约605元，其他区的价格也是在600元左右。
72 13 5 3 3 0.828
宫颈癌疫苗属二类疫苗，需接种者自费。
72 16 6 3 3 0.722
目前天河区大部分具有接种资质的社区均可接种该疫苗，具体接种时间，市民可咨询相关社区卫生服务中心。
72 15 6 2 3 0.382
区疾控工作人员表示，接下来陆续会有疫苗补充，暂时供应充足。
72 17 7 1 6 0.717
可接种“二价”宫颈癌疫苗的不只是天河区的医疗机构。
72 18 7 2 6 0.647
广州市预防医学会秘书长黄桂花介绍，目前全市已经有122个点上报了宫颈癌疫苗计划，覆盖广州市11区。
72 19 7 3 6 0.485
由于采购疫苗是各区各自直接在省采购平台采购，所以暂未统计出全市采购数量。
72 21 7 5 6 0.609
月底前，第一批“二价”宫颈癌疫苗基本都能到位。
72 20 7 4 6 0.304
另外，受到物流配送因素影响，各个社区医院具体的到货时间不同。
72 22 7 6 6 0.526
“今日起，宫颈癌疫苗会陆续在全市铺开”。
72 23 8 1 1 0.754
A不需要，WHO文件接种宫颈癌疫苗前不需要进行HPV检测。
72 24 9 1 1 0.758
A有必要，接种宫颈癌疫苗可以预防其它相关HPV基因型别的感染或者相同HPV基因型别的再次感染。
72 27 10 3 3 0.659
值得注意的是,即使接种了宫颈癌疫苗仍然应定期筛查。
72 26 10 2 3 0.535
目前全球上市的所有HPV疫苗都无法提供100%的保护。
72 28 11 1 2 0.667
市预防医学会表示，致癌型HPV感染是引发宫颈癌的必要条件。
72 29 11 2 2 0.499
HPV-16和18引起的宫颈癌占宫颈癌病例的70%。
72 30 12 1 1 0.662
只适用于9岁~25岁女性接种，可预防两种基因型的HPV病毒16和18。
73 2 1 2 3 0.705
23日17时，24岁的天河居民梁小姐在天河区妇幼保健院龙口西分院接种了第一针次的二价子宫颈癌疫苗。
73 1 1 1 3 0.467
南方日报讯（记者/李秀婷）广州女性期盼已久的子宫颈癌疫苗到货了，在天河区的定价为605元每针次。
73 3 1 3 3 0.406
在随后的一个月、六个月继续接种2针后，她将获得免疫保护，患子宫颈癌的风险将大大降低。
73 5 2 2 2 0.769
随着疫苗陆续到货，9—25岁适龄女性可就近前往社区卫生服务中心接种疫苗。
73 4 2 1 2 0.552
目前，广州全市11区的122个社区卫生服务中心，均已向疾控部门上报了疫苗采购计划。
73 10 4 3 3 0.726
而梁小姐接种的广东省内第一针疫苗，正是覆盖这两种病毒亚型的疫苗。
73 9 4 2 3 0.29
而在中国人群中，有超过70%的子宫颈癌患者，是因为感染了其中16、18两种亚型的病毒。
73 11 5 1 2 0.709
宫颈癌疫苗目前在广州是作为二类苗供适龄的女性自费接种，需要在0、1、6个月接种三针后方才完成整个免疫程序。
73 12 5 2 2 0.648
以天河区为例，该区为该类疫苗确定的价格为605元一针次，该费用已包含了全面医改后，社区医疗机构接种二类疫苗需收取的25元预防接种费用。
73 14 6 2 2 0.64
此外，疫苗接种并没有户籍要求，在广州地区长期工作生活的非户籍人员有接种需要，也可就近前往社区卫生服务中心接种。
73 13 6 1 2 0.482
“其他区的定价大致也在这个水准上调整，总体价格会比去香港接种要便宜。”黄桂花表示，由于各区疫苗到货时间不同，女性如有接种需要，最好先联系就近的社区卫生服务中心咨询时间。
73 16 8 1 2 0.605
但是疫苗开发机构通过大量研究发现，首次接种疫苗后的9.4年内，都观察到了疫苗具有保护效力。
73 17 8 2 2 -0.046
随着试验、观察时间的延续，这一保护时限还会更长。
73 18 9 1 3 0.602
黄桂花表示，该疫苗明确了妊娠期应避免使用疫苗，若计划接种者已经或者准备妊娠，建议推迟或中断接种，待分娩后再进行接种。
73 19 9 2 3 0.553
由于许多药品可经母乳分泌，哺乳期的女性接种时也需谨慎。
74 1 1 1 1 0.725
广州日报全媒体记者从广州市预防医学会召开的宫颈癌防治社区健康教育研讨会上了解到，二价宫颈癌疫苗在内地的获批适应症是适用于9岁~25岁的女性，有过性生活的女性也可以接种，每针次的费用在600元左右，完成整个免疫程序需要接种三针。
74 4 3 1 3 0.657
致癌型HPV感染是引发宫颈癌的必要条件，16、18亚型引起的宫颈癌占宫颈癌病例的70%，即将在广州上市的二价宫颈癌疫苗正是针对这两种亚型。
74 5 3 2 3 0.621
全球大规模临床研究证实，在未感染人群中接种该疫苗，由HPV16、18亚型引起的宫颈癌前病变的预防保护效力达到100%，对任何型别HPV引起的宫颈癌前病变（CIN3+）的保护效力达到93.2%。
74 6 3 3 3 0.736
目前全球上市的宫颈癌疫苗都无法提供100%的保护，即使接种了宫颈癌疫苗仍然应该定期筛查。
74 7 4 1 3 0.682
该疫苗在我国的计划免疫体系中属于二类苗，需市民自费接种。
74 8 4 2 3 0.57
完成整个二价宫颈癌疫苗接种程序共需要三针，分别在第0、1、6个月。
74 11 5 2 2 0.704
据了解，目前香港二价HPV疫苗接种完三支的总价在3000港元（约合人民币2584.4元）左右，四价疫苗与二价花费差别不大，九价HPV疫苗的接种价格约为4000港币。
74 10 5 1 2 0.509
从目前公布的定价来看，内地的“希瑞适”的接种花费低于香港同类疫苗。
74 16 9 1 1 0.683
“世界卫生组织推荐接种宫颈癌疫苗的主要接种人群为9岁~13岁女性，次要接种人群为较大的女性青少年和年轻妇女。”广州市预防医学会秘书长黄桂花介绍，“虽然有过性生活的女性可能已经感染HPV，但HPV感染仅限于黏膜上皮内层，不会诱导产生强烈的免疫应答。自然感染后大约有50%的女性可检测到抗体，效价低，不足以对再次感染产生保护作用。目前医学界普遍认为，接种HPV疫苗，是及早预防子宫颈癌最积极有效的方法。”
74 17 10 1 1 0.612
年龄稍大的女性什么时候在广州能接种？预计再等几个月，年龄稍大的女性才能在广州接种上宫颈癌疫苗。
74 24 13 2 2 0.653
有感冒、发烧者，对疫苗成分有过敏者及孕妇不宜接种此类疫苗。
74 23 13 1 2 0.549
注射此疫苗不能同时注射其他针剂。
74 31 16 1 5 0.668
事实上，HPV疫苗共有三种，分别是2价、4价和9价疫苗。
74 32 16 2 5 0.709
从2016年4月起，美国疾控中心将2、4价HPV疫苗从采购名单中剔除，仅留有9价HPV疫苗。
74 33 16 3 5 0.261
至于为何会被“剔除”，这与疫苗的质量和安全性无关，除了因为9价疫苗的覆盖面更广，也有出于卫生经济学方面的考虑。
74 40 18 1 1 0.686
今年5月，默沙东四价宫颈癌疫苗“佳达修”成为被CFDA准许获批上市的第二个宫颈癌疫苗。
74 44 20 3 4 0.792
也就是说，接种HPV2价疫苗就可以保护绝大多数的年轻人群，预防宫颈癌。
74 43 20 2 4 0.314
但实际上，大部分的宫颈癌都是由16、18两种亚型病毒引起的。
74 45 20 4 4 0.293
从这一点上来看，HPV2价疫苗依旧有其积极意义。
76 20 10 2 3 0.647
在默沙东HPV四价疫苗获得上市批准之后，为了抢占市场，智飞生物已经在多地申请中标。
76 19 10 1 3 0.476
今年5月22日，智飞生物发布了《关于公司协议代理的四价HPV疫苗获得药品注册批件的公告》。
76 21 10 3 3 0.535
智飞生物称，截至目前，四价HPV疫苗已在中国大陆河南、云南、重庆、黑龙江四个省（直辖市）中标。
77 1 1 1 4 0.647
智飞生物独家代理的MSD4价HPV疫苗Gardasil于今年5月获得CFDA的上市批文。
77 2 1 2 4 0.5
日前,智飞所订购的第一批疫苗已经完成北京药监局的通关备案,即将进入批签发申请。
78 7 3 3 3 0.719
宫颈癌是由高危型HPV病毒的持续感染引起，接种疫苗是预防HPV感染和发展为宫颈癌的最有效方法。
78 6 3 2 3 0.322
据《2015中国癌症统计报告》预计，当年我国宫颈癌新发病例约9.89万例，死亡人数约3.05万。
78 8 4 1 3 0.746
目前全球范围内目前仅有GSK和默沙东两家公司的宫颈癌疫苗获批上市，包括默沙东的四价HPV疫苗、九价HPV疫苗和葛兰素史克公司的二价HPV疫苗。
78 9 4 2 3 0.728
在我国，GSK的二价HPV疫苗希瑞适去年获批上市，今年5月份，默沙东的四价HPV疫苗佳达修获批上市。
78 10 4 3 3 0.377
GSK今年7月31日宣布希瑞适正式上市销售，而默沙东的佳达修有望在获批后6个月实现上市销售。
78 20 9 1 2 0.637
在默沙东四价HPV疫苗获得上市批准之后，为了抢占市场，智飞生物已经在多地申请中标。
78 21 9 2 2 0.507
9月18日下午，智飞生物公告称，公司取得北京市食品药品监督管理局签发的《进口药品通关单》，获悉智飞生物采购的首批默沙东关联公司生产的四价HPV疫苗已完成药监进口通关备案，可以办理批签发申请及进口药品检验。
78 25 11 2 2 0.652
“我们希望希瑞适宫颈癌疫苗的定价策略将确保更多中国女性可以通过疫苗接种得到宫颈癌的防护”。
78 24 11 1 2 0.322
在定价方面，GSK介绍，在已经中标的省份，希瑞适的中标价格是人民币580元/支，但根据各省当地政府的政策，接种者最终付费价格会不同。
78 30 14 1 4 0.772
对此，GSK称，美国市场目前仅使用HPV九价疫苗，HPV四价疫苗和二价疫苗都已停止供应。
78 31 14 2 4 0.505
GSK向记者介绍，HPV16和HPV18引起的宫颈癌占宫颈癌病例的70%。
79 28 13 2 3 0.703
疫苗中的“价”代表可预防病毒亚型数量，目前，预防种类最多的为9价宫颈癌疫苗。
79 27 13 1 3 0.41
据中国之声《新闻晚高峰》报道，随着2价和4价宫颈癌疫苗在国内获批，越来越多的女性关注相关话题。
79 29 13 3 3 0.591
但是，9价宫颈癌疫苗内地还没有获批，多数人选择去香港接种，但因为要分三次打，往返有些麻烦。
80 2 2 1 3 0.712
我国女性宫颈癌防治形势严峻,HPV疫苗是预防最有效方法。
80 3 2 2 3 0.459
据《2015中国癌症统计报告》预计,当年我国宫颈癌新发病例约9.89万例,死亡人数约3.05万,是15岁至44岁女性中第三大高发癌症,防治形势严峻。
80 4 2 3 3 0.669
作为人类历史上首个病因明确的癌症,宫颈癌是由高危型HPV病毒的持续感染引起,接种疫苗是预防HPV感染和发展为宫颈癌的最有效方法。
80 5 3 1 6 0.631
默沙东四价HPV疫苗独家代理商,公司未来业绩可观。
80 6 3 2 6 0.688
默沙东四价人乳头瘤病毒疫苗(HPV6、11、16、18型号)是全球第一个宫颈癌疫苗,可有效预防70%的宫颈癌。
80 7 3 3 6 0.665
今年5月该疫苗于国内获批,是国内首个上市的四价HPV疫苗。
80 8 3 4 6 0.403
公司是该疫苗的独家代理商,公开数据显示,该代理产品已在河南、云南等地中标。
81 1 1 1 1 0.634
投资要点事件：2017年9月18日，公司公告四价人乳头瘤病毒疫苗（HPV疫苗）已获得进口药品通关单，可以办理批签发申请及进口药品检验。
81 5 2 4 9 0.676
目前国内仅获批GSK2价和默沙东4价两个HPV疫苗产品。
81 4 2 3 9 0.422
默沙东Gardasil系列（4价&9价）2016年销售额达到21.73亿美元，稳居全球疫苗产品销售榜榜眼，2010-2016年CAGR达到14%。
81 6 2 5 9 0.789
智飞代理的默沙东4价HPV疫苗获批人群为20-45岁女性。
81 7 2 6 9 0.297
按照对应群体2.69亿人、渗透率5%、2400元/3针售价预测，我们预计市场空间可达323亿元。
81 14 4 2 3 0.632
AC-Hib三联苗是智飞生物研发的全球独家产品，可有效降低流脑和Hib疫苗接种次数，降低不良反应概率。
81 13 4 1 3 0.401
重磅品种AC-Hib疫苗优势明显，2017年进入放量增长期。
81 15 4 3 3 0.088
我们预计公司AC-Hib三联苗2017-2019年分别贡献3.3、4.9、5.9亿净利润。
81 16 5 1 1 0.694
预防微卡和代理五价轮状病毒疫苗均有望在2年内上市。
82 2 1 2 2 0.603
智飞生物今日公告，公司取得北京市食品药品监督管理局签发的《进口药品通关单》，智飞生物采购的首批默沙东药厂股份有限公司的关联公司生产的四价人乳头瘤病毒疫苗（酿酒酵母）（简称“宫颈癌疫苗”或“四价HPV疫苗”）已完成药监进口通关备案，可以办理批签发申请及进口药品检验。
82 1 1 1 2 0.524
默沙东的宫颈癌疫苗今年底有望在中国市场上市销售。
82 11 6 2 4 0.734
接种疫苗是预防HPV感染和发展为宫颈癌的最有效方法。
82 10 6 1 4 0.373
据世界卫生组织报告，宫颈癌是常见的妇科恶性肿瘤之一，是全球15至44岁女性中第二大高发癌症。
82 12 6 3 4 0.564
据了解，宫颈癌疫苗是全球第一个，也是唯一获准上市的用于预防由HPV6、11、16和18型引起的宫颈癌和生殖器官癌前病变的癌症疫苗，目前已在全球124个国家和地区上市销售。
83 8 7 1 2 0.674
截至目前，中国大陆区域尚无四价HPV疫苗的正式销售，四价HPV疫苗已在中国大陆河南、云南、重庆、黑龙江四个省（直辖市）中标，其他省份业已按各省招投标进展提交或准备提交相关招投标资料，该产品的上市销售将填补国内四价HPV疫苗的空白。
83 9 7 2 2 0.239
智飞生物还表示，该产品的上市销售，预计对公司2017年的经营业绩不会构成重大影响。
84 9 5 3 3 0.746
作为人类历史上首个病因明确的癌症，宫颈癌是由高危型HPV病毒的持续感染引起，接种疫苗是预防HPV感染和发展为宫颈癌的最有效方法，四价HPV疫苗是全球第一个宫颈癌疫苗。
84 8 5 2 3 0.322
据《2015中国癌症统计报告》预计，当年我国宫颈癌新发病例约9.89万例，死亡人数约3.05万。
84 14 8 2 2 0.636
结合有关省份的疫苗招投标要求，该批疫苗产品的成功入境及批签发将有助于招投标工作的开展，扩大四价HPV疫苗服务国内民众的范围。
84 13 8 1 2 0.496
根据公开信息获悉，截至目前，四价HPV疫苗已在中国大陆河南、云南、重庆、黑龙江四个省（直辖市）中标，其他省份业已按各省招投标进展提交或准备提交相关招投标资料。
85 2 2 1 2 0.695
四价人乳头瘤病毒疫苗（酿酒酵母）即四价宫颈癌疫苗，由国际制药巨头企业默沙东于2006年研发成功，可用于预防宫颈癌和湿疣等疾病。
85 3 2 2 2 0.747
今年5月，默沙东四价宫颈癌疫苗“佳达修”在中国获批，可用于20-45岁的女性接种。
85 4 3 1 1 0.622
今年7月，葛兰素史克二价宫颈癌疫苗“希瑞适”正式在中国上市，成为中国大陆首个获批上市的HPV疫苗。
86 4 2 2 3 0.636
结合有关省份的疫苗招投标要求，该批疫苗产品的成功入境及批签发将有助于招投标工作的开展，扩大四价HPV疫苗服务国内民众的范围。
86 3 2 1 3 0.459
公司表示，截至目前，中国大陆区域尚无四价HPV疫苗的正式销售，该产品的上市销售将填补国内四价HPV疫苗的空白，满足国内市场的需求，有利于进一步丰富公司的产品线，强化公司市场地位，增强公司在疫苗行业的影响和竞争实力，符合公司发展战略；该产品上市销售后，若销售推广进展顺利，预计将显著提升公司主营业务销售规模，增加主营业务利润，提升公司经营业绩和盈利能力；根据公开信息获悉，截至目前，四价HPV疫苗已在中国大陆河南、云南、重庆、黑龙江四个省（直辖市）中标，其他省份业已按各省招投标进展提交或准备提交相关招投标资料。
86 5 2 3 3 -0.028
（董宁宁）
87 3 2 1 1 0.651
9月18日晚间，智飞生物公告，已取得北京市食药监局签发的《进口药品通关单》，公司采购的首批默沙东关联公司生产的四价人乳头瘤病毒疫苗（即“宫颈癌疫苗”或“四价HPV疫苗”）已完成药监进口通关备案，可办理批签发申请及进口药品检验。
87 5 4 1 1 0.746
作为人类历史上首个病因明确的癌症，宫颈癌是由高危型HPV病毒的持续感染引起，接种疫苗是预防HPV感染和发展为宫颈癌的最有效方法，四价HPV疫苗是全球第一个宫颈癌疫苗。
87 9 7 1 1 0.635
目前，中国大陆区域尚无四价HPV疫苗的正式销售，该产品的上市销售将填补国内四价HPV疫苗的空白，满足国内市场需求。
87 16 11 1 2 0.621
据此前披露，智飞生物已于2017年5月22日收到默沙东通知，其四价HPV疫苗在大陆区域获得药品注册批件，并迅速推进四价HPV疫苗在全国CDC的招投标工作。
87 17 11 2 2 0.344
资料显示，该产品已在全球超过100个国家和地区上市销售，默沙东Gardasil系列（四价&九价）2016年销售额达到21.73亿美元。
87 18 12 1 2 0.634
从公开渠道查询获悉，智飞生物代理默沙东四价HPV疫苗、甲型肝炎灭活疫苗、23价肺炎球菌多糖疫苗等3款疫苗产品。
87 19 12 2 2 0.698
值得注意的是，四价HPV疫苗中标价格为798元/剂。
87 20 13 1 1 0.619
上述业内人士透露，此前智飞生物代理的疫苗毛利率在40%~45%间，代理销售宫颈癌疫苗并不会增加多少成本。
88 1 1 1 1 0.692
据了解，宫颈癌疫苗有二价、四价、九价之分，目前国内允许使用的是二价疫苗，主要用于9岁—25岁的女性。
88 7 6 1 1 0.728
也就是说，原则上，宫颈癌疫苗不能跨区接种。
88 8 7 1 1 0.786
同时，张华表示，接种宫颈癌疫苗没有户口限制，只要是青岛市常住人口即可接种疫苗。
88 9 8 1 2 0.844
宫颈癌疫苗，实际上是指HPV疫苗。
88 10 8 2 2 0.447
HPV（Humanpapillomavirus）称为人乳头瘤病毒，是最常见的性传播病毒。
88 17 11 2 5 0.653
有感冒、发烧者，对疫苗成分有过敏者及孕妇不宜接种此类疫苗。
88 16 11 1 5 0.549
注射此疫苗不能同时注射其他针剂。
88 18 11 3 5 0.443
接种后半年内别怀孕。
88 22 13 1 1 0.67
专科医生认为，宫颈癌疫苗并非终生免疫，注射疫苗后可以降低患宫颈癌的几率，但并不能100%预防宫颈癌，定期的宫颈筛查必不可少。
89 3 1 3 4 0.689
目前，大连女性已可以在部分定点社区卫生服务中心和预防保健所接种疫苗。
89 2 1 2 4 0.5
今年7月31日，国内首个获批的宫颈癌疫苗“希瑞适”正式上市。
89 4 1 4 4 0.246
但是，不少女性在接种时都遇到了与莫女士类似的问题。
89 5 2 1 5 0.681
据了解，宫颈癌疫苗目前有二价、四价和九价，这个“价”代表了疫苗能预防病毒的种类。
89 6 2 2 5 0.668
“希瑞适”二价疫苗接种的适宜人群是年龄9-25岁的女性，最佳接种人群是未发生过性行为的少女。
89 7 2 3 5 0.574
“希瑞适”接种程序类似乙肝疫苗，为3剂免疫接种程序，共6个月，分别是0、1、6个月接种。
89 11 4 1 3 0.659
针对莫女士的疑问，市卫计委答复：宫颈癌疫苗属于第二类疫苗。
89 12 4 2 3 0.838
国家卫生计生委印发的《预防接种工作规范》规定“根据国家制定的第二类疫苗使用指导原则或国家、省级发布的接种第二类疫苗建议信息或疫苗使用说明书接种第二类疫苗。”目前已上市的二价宫颈癌疫苗说明书明确接种对象为9-25岁的女性，故接种单位在接种二价宫颈癌疫苗时严格按照说明书执行。
89 13 4 3 3 0.782
对于25岁以上女性来说，四价宫颈癌疫苗已获得国家食品药品监督管理总局的批准，即将上市，四价HPV疫苗将适用人群延伸至20-45岁，届时此年龄段女性可选择接种。
90 1 1 1 1 0.662
广州日报讯（全媒体记者汪万里）昨天，记者从东莞市疾控中心获悉，预计今年年底东莞各镇街（园区）预防接种门诊可为市民提供二价HPV疫苗接种服务，届时，有需要的市民就不必再专门跑到香港接种了。
90 2 2 1 2 0.79
HPV疫苗，就是宫颈癌疫苗，是一种预防宫颈癌发病的疫苗。
90 3 2 2 2 0.732
宫颈癌主要由感染人乳头瘤病毒（HPV）引起，该疫苗通过预防HPV病毒感染，进而有效预防宫颈癌的发病。
90 7 5 1 3 0.611
据悉，宫颈癌疫苗有注射使用的年龄门槛，适用年龄为9~25岁，需要分三次接种，半年内完成。
90 8 5 2 3 0.273
价格上，各地有所不同，记者查询发现，江西、重庆采购公告显示，中标价为580元/支，3剂价格为1740元；而江西则加价，零售价每支约725元。
91 1 1 1 3 0.639
8月21日，江苏省第一针宫颈癌疫苗在南京止马营社区卫生服务中心接种。
91 2 1 2 3 0.458
据了解，包括南京在内的江苏6市的部分区县疫苗已到货。
91 3 1 3 3 0.657
那么，南京有哪些社区卫生服务中心可以接种，接种疫苗有哪些注意事项……本期，我们准备了一份南京宫颈癌疫苗接种攻略，并绘制了一份“接种地图”奉献给读者。
91 4 2 1 3 0.817
据了解，此次在江苏省内上市的为双价HPV疫苗，该疫苗在国内获批的接种人群为9-25岁女性，接种程序为0/1/6月各接种一针次，共接种3剂。
91 5 2 2 3 0.63
江苏省疫苗为零差价销售，在我省第二类疫苗增补采购产品公示中，双价HPV疫苗价格为每支580元，3支总价为1740元，这就是消费者所需支付的疫苗价格。
91 6 2 3 3 0.589
而根据规定，接种单位还可收取一定的接种服务费，接种服务费价格很低廉，只需一两元。
91 7 3 1 4 0.624
需要提醒的是，宫颈癌疫苗用于预防而不是治疗HPV感染，最有效的接种时间是进入性活跃期之前。
91 8 3 2 4 0.555
世界卫生组织有文件指出，在接种完3剂的疫苗后，观察到的最高的免疫反应发生在9-15岁的女孩中，所以世卫组织推荐女孩和年轻女性接种。
91 10 3 4 4 0.742
对已有性生活但还未感染HPV的女性，接种宫颈癌疫苗可以预防相关HPV型别的感染及其引起的宫颈病变，对于有性生活后已经可能被HPV感染的女性，接种宫颈癌疫苗可以预防其他相关HPV型别的感染或者相同HPV型别的再次感染。
91 9 3 3 4 0.308
但是，性生活史和生育史并不是接种的禁忌症。
91 11 4 1 4 0.651
中国首个获批的宫颈癌疫苗的接种对象是9-25岁的女性，也就是说，现阶段如果超过25岁想接种是会被拒绝的。
91 12 4 2 4 0.613
但四价HPV疫苗已于今年5月拿到内地的进口注册证。
91 13 4 3 4 0.832
四价HPV疫苗在国内获批的接种人群为20-45岁女性，接种程序为0/2/6月各接种一针次，共接种3剂。
91 14 4 4 4 0.689
该疫苗还需经过疫苗进口、批签发检测、省级中标公示后方能面向大众，预计2018年初江苏省内适龄女性能接种到该疫苗。
91 15 5 1 1 0.633
1、本次上市的二价宫颈癌疫苗防护HPV16/18型所引起的宫颈癌及癌前病变，并且对其他致癌性HPV有一定的交叉保护效应，对所有型别HPV所引发的宫颈癌前病变的总体保护效力达到93.2%。
91 16 6 1 1 0.602
2、需接种3针，即0/1/6月接种，采用上臂肌肉注射。
91 17 7 1 1 0.704
3、根据说明书，接种对象9-25岁女性，超过25岁可等待明年年初上市的四价疫苗。
91 22 11 1 1 0.739
7、疫苗不能保护所有的HPV感染，所以接种宫颈癌疫苗后，仍然需要定期宫颈筛查。
91 23 12 1 1 0.721
答：可以的，经期不影响接种HPV疫苗。
91 27 14 1 1 0.806
答：只要没有同时感染HPV疫苗所覆盖的病毒，接种此疫苗仍能有效预防其他型号HPV病毒。
91 29 16 1 2 0.719
答：宫颈癌疫苗分很多型，此次国内获批的疫苗只针对HPV-16和HPV-18这两型病毒，称为二价疫苗，所以注射疫苗后的女性仍有机会接触到其他亚型病毒，仍然存在患宫颈癌的风险。
91 30 16 2 2 0.718
因此，接种HPV疫苗不能100%预防宫颈癌、也不会终身免疫，常规的宫颈癌预防仍有必要。
91 31 17 1 2 0.784
备注：接种宫颈癌疫苗，均需提前预约。
91 32 17 2 2 0.431
江宁、玄武，目前尚无法接种。
92 4 3 1 3 0.625
昨日，泉州市第一位接种HPV疫苗、20岁的女孩小黄在父亲的陪同下，再次来到泉州市丰泽区东海街道社区卫生服务中心。
92 5 3 2 3 0.205
在办理好相关的手续后，小黄向护士出示了之前的接种提示卡。
92 9 5 2 3 0.629
因此，她的父亲听闻宫颈癌疫苗可在泉州接种，便第一时间带着女儿前来接种。
92 8 5 1 3 0.356
据了解，小黄的亲人曾患宫颈癌，幸亏治疗及时。
92 10 5 3 3 0.154
她的父亲说：“预防一下，总有好处，刚好孩子年龄也适合。”
92 11 6 1 1 0.672
该社区卫生服务中心预防保健科工作人员庄海天介绍：“疫苗投放第一天共有3人前来接种，第一个月我们总共采购了100支疫苗，接种了近30人。其中年龄最大的25岁，最小的9岁。接下来，这些接种过疫苗的市民会陆续前来接种第二针。”
92 12 7 1 2 0.743
据了解，二价（注：“价”代表疫苗覆盖的病毒细分种类，价越高，覆盖面越大）宫颈癌疫苗接种的年龄为9岁—25岁，而且越早接种越好。
92 13 7 2 2 0.316
庄海天告诉记者，目前前来接种的人群，主要以学生以及刚参加工作的女性为主，但咨询的人要比真正接种的人要多。
92 16 9 2 2 0.663
据悉，鲤中社区卫生服务中心当前申领了60支疫苗，仅16人接种。
92 15 9 1 2 0.488
鲤城区疾控中心的工作人员告诉记者，鲤城区共采购了400支疫苗，在7个社区卫生服务中心投放了300支。
92 17 10 1 1 0.646
江南社区卫生服务中心预防接种门诊的高科长说：“我们共申领了30支疫苗，有13人接种了疫苗。因为疫苗有限，我们要保证接种第一针疫苗人员的用量，所以对于一些前来接种的，我们会进行登记，等到疫苗到位时，再通知她们来接种。但前来接种的人数并没有我们预想的多。”
92 21 13 2 2 0.619
对此，庄海天分析：“宫颈癌疫苗是我国首个上市的预防癌症的疫苗，居民有观望的心态，看看接种后是否安全，看看别人接种后有什么样的反应。其次，此次接种的人群是9至25岁的女性，这部分女性有的没有自主的经济能力，有的自主经济能力很弱，需要父母的支持，所以接种主动性也差一些。此外，四价的宫颈癌疫苗有望在年底或者明年初上市，在二十四五岁这个年龄段的女性，就会想等四价疫苗上市再接种。”
92 20 13 1 2 0.04
在采访过程中，记者发现很多市民都处于观望的状态。
92 24 15 1 1 0.61
泉州市疾控中心免疫规划科副主任医师黄彩虹告诉记者，在很长时间内，人们对于疫苗接种的认知还局限在儿童接种，而成人预防接种很少被人谈及，成人防病意识还不够。
92 26 16 2 4 0.699
目前，常见的适合成人接种的疫苗包括甲肝疫苗、乙肝疫苗、流感疫苗、肺炎疫苗、麻风疫苗、麻腮风疫苗等。
92 25 16 1 4 0.416
她表示，随着免疫规划疫苗品种的不断增多和儿童疫苗接种率的不断提高，其针对传染病在儿童中的发病越来越少，像甲肝、风疹等疾病在成人的发病数已远超儿童，然而成人疫苗免疫却常常被忽视。
92 27 16 3 4 0.289
从健康角度来说，成年人应该注意选择合适的疫苗接种，不仅对自己身体有益，对家人也是一种健康的保护。
93 21 10 1 2 0.84
HPV疫苗，顾名思义，即预防HPV病毒的疫苗。
93 22 10 2 2 0.578
疫苗接种后，可刺激免疫系统产生保护性抗体，这种抗体存在于人的体液之中，HPV病毒一旦出现，抗体会立即作用，将其清除，阻止HPV病毒感染，从而达到预防HPV感染的目的。
93 26 12 1 1 0.622
目前，全球共有3种HPV疫苗上市，分别是二价、四价和九价。
93 31 15 2 2 0.608
佳达修9价于2015年获欧盟批准，用于9-26岁女性以及9-15岁男性的主动免疫，它对宫颈癌的预防率达到90%。
93 30 15 1 2 0.53
2014年，默沙东再接再厉，推出佳达修9价（Gardasil?9，加卫苗9），一种在原先四价的基础上新增了31、33、45、52和58五种亚型病毒的超级9价疫苗，并获得FDA批准上市。
93 33 16 2 4 0.723
自上市以来，大多数发达国家开始推行女孩接种HPV疫苗项目。
93 32 16 1 4 0.547
作为首个癌症疫苗，HPV疫苗被称为抗癌史上的一次重大突破。
93 34 16 3 4 0.705
早在2014年，世界卫生组织（WHO）就已发布指南，9到13岁女孩需要注射两剂量的HPV疫苗，以防感染HPV病毒。
93 35 16 4 4 0.595
10年数据显示，HPV疫苗的出现，结合宫颈癌筛查的推广显著降低了宫颈癌的发病率。
93 41 19 2 2 0.724
已接受HPV感染之女性接种疫苗仍可预防日后感染HPV病毒，减低因持续感染而演变成子宫颈癌的机会。
93 40 19 1 2 0.537
对于已过26岁及已开始性行为/已受感染之女性，疫苗虽未能治疗已感染的病毒，但可预防将来再受感染。
93 45 21 2 3 0.618
但是，出于对疫苗成本以及认知的顾虑，男孩接种HPV疫苗的普及率远远低于女孩。
93 44 21 1 3 0.161
目前，包括澳大利亚、奥地利、巴西、加拿大、德国、以色列、意大利、瑞士以及美国在内的多个国家都开始对同年龄段男孩接种HPV疫苗。
93 46 21 3 3 0.173
更重要的是，尽管大多数国家都推行着有效的宫颈癌筛查项目，但是它并不涉及早期口咽癌和肛门癌的检查。
93 48 23 1 1 0.644
2017年7月31日，GSK官网发布喜讯：中国内地首个获批的宫颈癌疫苗——希瑞适正式上市，适用范围为9-25周岁女性，采用3剂免疫接种程序，价格为580元/支（全国统一中标价格，各地会因政策差异而略有浮动）。
93 50 24 2 2 0.613
据悉，二价疫苗的首批供应量为27万支，由于到货的疫苗数量有限，多地采取了预约接种机制。
93 49 24 1 2 0.358
目前，已有18省区市完成“希瑞适”招标准入工作，多地疫苗已配送到相关站点，江苏、福建、江西、山东、河南、广西、海南、重庆、四川、贵州等省份、直辖市已有市民接种该疫苗。
93 54 26 2 2 0.61
该项目有着“为广大用户悉心打造从线上到线下（O2O）便捷式的疾病预防和疫苗接种咨询体验”的规划，目前主要针对HPV疫苗——用户可以在手机淘宝上进行疫苗接种预约及线下接种点的查询服务。
93 53 26 1 2 0.289
为打开在国内的销售局面，GSK中国联合阿里健康，推出“瑞至-成人疫苗服务项目“。
93 65 30 4 4 0.606
此外，公司的九价HPV疫苗也已经申报临床。
93 64 30 3 4 0.346
据悉，这一款疫苗在动物体内显示出良好的安全性和免疫原性，目前已进入临床Ⅲ期。
93 75 36 1 2 0.728
理想情况下，女性应该在性生活活跃之前接种HPV疫苗。
93 76 36 2 2 0.419
但是，已经有过性经验的女性也可以接种疫苗，但是受益相对有限，因为她们很有可能已经感染了一至多种HPV亚型。
93 77 37 1 4 0.712
目前，并不推荐孕妇接种该疫苗。
93 78 37 2 4 0.246
虽然已有研究揭示，HPV疫苗并不会给胎儿造成不良影响，但是这一结论依然需要更多的研究佐证。
93 79 37 3 4 0.723
在生育结束之后，依然可以正常接种HPV疫苗。
93 80 37 4 4 0.459
如果接种期间发现怀孕，应当停止继续接种，剩余的剂次在分娩后继续进行。
93 81 38 1 1 0.699
另外，曾对HPV疫苗或其任何成分有严重过敏反应者，同样不适宜接种HPV疫苗。
93 82 39 1 2 0.804
接种过HPV疫苗偶后依然需要定期进行宫颈癌筛查。
93 83 39 2 2 0.585
HPV疫苗并不代表“一劳永逸”，因为HPV疫苗并不能预防所有类型的病毒感染，所以定期检查很有必要。
93 84 40 1 5 0.666
常规的宫颈癌筛查（巴氏涂片和HPV检测）可以预防大多数宫颈癌病例。
93 85 40 2 5 0.229
巴氏涂片能够在癌变之前检测到宫颈细胞的变化。
94 1 1 1 3 0.685
7月31日，中国批准了首个在内地上市的预防宫颈癌的HPV（双价人乳头瘤病毒）疫苗。
94 2 1 2 3 0.808
目前，连云港市已经采购到第一批预防宫颈癌的HPV疫苗，广大女性朋友可以在家门口就接种到HPV疫苗了。
94 3 1 3 3 0.127
怎么打？多大年纪可以打？又有哪些注意事项，来听听专家怎么说。
94 9 4 1 3 0.718
HPV疫苗是首个专为预防癌症而研制的疫苗，该疫苗将能大大减低罹患宫颈癌的风险。
94 10 4 2 3 0.195
受宫颈癌侵害的妇女往往正值壮年，处于能够生儿育女及经营家庭的黄金时期。
94 12 5 1 2 0.692
市疾病控制预防中心相关负责人介绍，今年7月31日，双价人乳头瘤病毒（HPV）疫苗获得中国食品药品检定研究院的批准签发，成为内地首个可以上市销售的宫颈癌疫苗。
94 13 5 2 2 0.668
江苏省已于8月14日完成获批上市的HPV疫苗的中标公示，省内各区县疾病预防控制中心即可在江苏省药品网上集中采购平台上点击采购订单，由配送企业配送到位后，区县疾控中心按照接种门诊需求逐级发放。
94 15 6 2 3 0.654
这次上市的是二价HPV疫苗，适用于9至25岁的女性。
94 14 6 1 3 0.544
针对这一新型疫苗，目前我市实施了网上集中采购，首批疫苗只有60支。
94 16 6 3 3 0.616
疫苗将采用3剂免疫接种程序，即第“0，1，6”个月的接种程序。
94 17 7 1 1 0.677
是不是接种了HPV疫苗，就不会得宫颈癌了？“接种宫颈癌HPV疫苗，并不等于进了保险箱。”市疾控部门相关负责人表示，宫颈癌的发生有多重因素，高危型人乳头瘤病毒（HPV）持续感染是宫颈癌的主要危险因素，90%以上的宫颈癌伴有高危型HPV感染。
94 21 8 4 5 0.707
而此次上市的HPV疫苗是针对HPV16和HPV18亚型的二价疫苗。
94 20 8 3 5 0.425
研究显示，71%的宫颈癌主要是由HPV16型、HPV18型病毒引起的，国内的宫颈癌病例中，经由这两种病毒感染的比例更高，平均超过80%。
94 22 8 5 5 0.684
换句话来说，HPV疫苗在上市后，超过80%的宫颈癌风险可以预防。
94 23 9 1 2 0.8
另外，即使已接种HPV疫苗，仍须定期接受宫颈癌筛查，因为HPV疫苗并不能预防所有类型的HPV感染。
94 24 9 2 2 0.332
所以，并不能因为打了疫苗就不去筛查或减少筛查的次数。
94 28 11 1 3 0.724
此次上市的二价HPV疫苗，推荐接种年龄为9至25岁的女性，越早注射保护效果越好。
94 29 11 2 3 0.47
这主要基于以下两方面的考虑：第一，HPV的传播途径主要是性接触及性行为，从疫苗预防效果及卫生经济学角度讲，最佳接种人群为尚未发生性行为的年轻女孩。
94 30 11 3 3 0.724
第二，有研究数据表明接种HPV疫苗后，9~17岁接种是18到25岁接种产生保护性抗体效能的两倍。
94 31 12 1 3 0.615
那么，超过25岁或者有过性生活的女性还能打HPV疫苗吗？大家也不要急，可以等待后期的四价、九价的HPV疫苗。
94 32 12 2 3 0.466
相关人士解释，目前为止国际上最流行的HPV疫苗，分别是：二价、四价和九价。
95 1 1 1 1 0.703
随着2价和4价宫颈癌疫苗在国内陆续获批，宫颈癌疫苗受关注程度越来越高。
95 2 2 1 1 0.667
鉴于不同“价”的宫颈癌疫苗可预防病毒亚型数量不同，被视为“豪华保护效力”的9价宫颈癌疫苗成为不少消费者追捧的对象。
95 3 3 1 2 0.671
然而9价宫颈癌疫苗在国内尚未获批，去香港（澳门）接种需要跑三趟。
95 4 3 2 2 0.623
在这样的情况下，有平台推出“一次搞定9价宫颈癌疫苗”的接种广告：
95 6 4 2 2 0.62
自行带回疫苗上门接种是否安全？
95 5 4 1 2 0.489
消费者到香港（澳门）接种第一针，同时带回第二、三针在家里冰箱保存，通过平台预约护士上门接种。
95 11 7 2 3 0.629
但对于部分一直以来关注该疫苗的女性而言，这个消息有些“美中不足”，因为上市的是“低配版”2价宫颈癌疫苗，且仅适合9至25岁女性接种。
95 10 7 1 3 0.559
7月31日，宫颈癌疫苗首次在国内上市供货。
95 12 7 3 3 0.703
5月下旬，4价宫颈癌疫苗也正式获批，预计年底或明年年初在国内上市，可供20至45岁女性接种。
95 14 8 2 5 0.65
根据可预防HPV病毒亚型种类的不同，目前市面上有三种宫颈癌疫苗，分别是2价、4价和9价，“价”数即可预防病毒亚型数量。
95 13 8 1 5 0.559
然而，这似乎并没有满足公众对于宫颈癌疫苗的期待和需求，9价宫颈癌疫苗仍是很多人认为的“最佳接种选择”。
95 15 8 3 5 0.53
在各类可引发宫颈癌的HPV病毒中，6型和18型HPV病毒是高危病毒，全球约70%的宫颈癌都是由这两类病毒引起的，上述三种疫苗均可预防这两类高危病毒。
95 17 8 5 5 0.725
9价则可预防9种HPV病毒亚型，但9价疫苗在国内尚未获批。
95 16 8 4 5 0.596
在此基础上，4价疫苗增加了低危的6型和11型病毒，可预防4种HPV病毒亚型。
95 18 9 1 3 0.756
此前，由于国内没有宫颈癌疫苗的接种，不少女性选择到香港接种，甚至出现了“赴港接种宫颈癌疫苗”旅行团。
95 19 9 2 3 0.684
按照接种程序，9价宫颈癌疫苗半年内需接种三针，接种者在半年内需定期赴港三次。
95 20 9 3 3 0.726
随着2价和4价宫颈癌疫苗的获批，尤其是8月以来各地开始供应2价宫颈癌疫苗，半年跑三趟香港来接种宫颈癌疫苗似乎显得“不那么划算”。
95 23 10 3 3 0.64
根据介绍，消费者到香港（澳门）接种第一针9价HPV疫苗，第二、三针可以带回家里，由“医护到家”的护士上门为其接种。
95 22 10 2 3 0.209
北京青年报记者注意到，名为“医护到家”的App发布了一项新业务，称与“春雨国际”联合，可以“一次搞定9价HPV疫苗”。
95 28 11 5 5 0.703
预约专业护士，上门接种剩下两针疫苗。
95 27 11 4 5 0.262
首诊赴港（澳）接种，其余两针放入冰盒自行带回；4。
95 38 17 1 3 0.639
宫颈癌疫苗带回北京后如何接种？工作人员告诉北青报记者，到接种时间后可以预约护士上门接种。
95 39 17 2 3 0.145
按照“医护到家”的说法，该平台上的护士多数来自三甲医院，是专业护士。
96 33 11 2 3 0.724
继GSK的二价HPV疫苗迎来上市后，默沙东的四价HPV疫苗在内地上市时间也在迫近。
96 32 11 1 3 0.091
如今看起来，智飞生物的“代理”方式似乎略胜一筹。
96 34 11 3 3 0.645
今年5月份，智飞生物发布公告称，其协议代理默沙东的四价HPV疫苗获得药品注册批件，预计该疫苗到上市销售需要6个月左右时间。
96 46 21 1 3 0.621
事实上，四价的疫苗，比二价覆盖的预防范围更加广泛。
96 47 21 2 3 0.547
对照GSK的二价疫苗，其可以预防16、18两种HPV病毒，由这两种病毒引起的宫颈癌占了总数的70%。
97 3 2 1 2 0.699
在“HPV疫苗于内地上市”的消息传出后，市民就将注意力转移到疫苗接种事宜上，“什么人能接种、接种花费多少、接种效果如何”都成为大家关注的重点。
97 4 2 2 2 0.557
本报记者走访了首批疫苗接种单位——重庆五洲妇儿医院，请相关专家作了解答。
97 8 4 1 1 0.648
“本次上市的双价HPV疫苗主要针对HPV16和18型。”徐筱琳说：“它对未感染人群中由这两种亚型引起的宫颈癌前病变（CIN3+）预防保护效力达99%，所以推荐9-26岁女性接种，在发生性行为前接种的效果最佳。”
97 9 5 1 3 0.682
重庆作为首批接种地区，市民对疫苗上市的反响异常热情。
97 10 5 2 3 0.457
但由于首批疫苗全国仅27万支，分拨到每个县区也就千支左右，存在不小的缺口。
97 12 6 1 3 0.777
据介绍，HPV疫苗也采用3剂“0，1，6”免疫接种程序，类似乙肝疫苗接种流程。
97 13 6 2 3 0.433
每针统一价734元，三针接种完仅需2202元。
98 2 1 2 23 0.755
8月10日，成都的第一批宫颈癌疫苗——二价宫颈癌疫苗也到货了，此批疫苗全市统一价格为800.4元/支，部分区县存在差异，但不低于800元，需分三次接种，共打三支。
98 1 1 1 23 0.455
7月31日，中国内地首个宫颈癌疫苗“希瑞适”在获批一年后，终于宣布上市销售。
98 3 1 3 23 0.583
记者了解到，二价宫颈癌疫苗已经到达成都多个社区卫生服务中心，已有市民前往接种。
98 6 1 6 23 0.656
武侯区疾控中心免疫规划科吴明菊医生向记者表示：“二价宫颈癌疫苗主要适合9到25岁的女性。现在引进的进口的疫苗已经在全球上市了10年，安全性还是非常高的。所以大家不用担心安全性的问题。”吴明菊建议，符合标准的人群可以早点去打，“宫颈癌疫苗越早打获益越高。因为宫颈癌最主要是通过性感染，在没发生性行为前接种效果最好，一旦发生性行为，就有可能感染病毒，疫苗预防的效果降低，但还是具有一定的保护作用。”吴明菊透露，四价疫苗可能在明年上半年之前上市，不过具体时间还不能确定，“四价疫苗适用于20岁到45岁的女性，超过25岁的人群可以等待四价疫苗上市。”另外，吴明菊还提到，在国外，男士也可以打四价疫苗，“因为男性也可以感染HPV病毒，导致男性的肛门癌、阴茎癌和口腔癌等，所以，男性接种也是可以的。”不过，由于四价宫颈癌疫苗国内还未上市，男性具体是否能接种还要以疫苗具体上市后获批状况来定。
98 5 1 5 23 0.116
不过，按照医嘱，打针后最好在现场留下观察半个小时，若无不良反应再行离开。
98 7 1 7 23 0.576
随机调查不少市民愿意打疫苗，也有人还在观望近日，记者走访了多个社区卫生服务中心，发现大部分社区都有宫颈癌疫苗。
98 12 1 12 23 0.653
由于二价HPV疫苗为自愿接种的二类疫苗，所以供应与市民的接种意愿有关，还需要进一步“摸底”，“因为每个社区对宫颈癌疫苗的需求不同，我们会根据社区卫生服务中心的申请来发放疫苗。”吴明菊表示，想打宫颈癌疫苗的女士可以去就近的社区卫生服务中心，不过为了保险起见，提前打电话先咨询一下，一个是确定该社区医院有打宫颈癌疫苗的服务，方便社区医院提前备货，以免出现去了医院结果没打到针的尴尬情况;另外，提前跟医院预约好时间，避免在社区医院接种疫苗的高峰时间段去打针。
98 11 1 11 23 0.31
市民李先生表示要给上初中的女儿打，“我女儿班上好多同学都去香港打了疫苗，我还是想让女儿打，不过还是先观望下吧。”另一位市民宋先生的女儿也在上初中，不过他表示不打算让女儿去打疫苗：“虽然宫颈癌很可怕，但我周围没有人得这个病，不是很有危机感。”记者还采访到了28岁的朱先生，当他听到男性也能打宫颈癌疫苗时，显得很诧异：“我还真不知道男的也可以打!等上市了再说吧。”医生建议提前电话咨询错峰接种疫苗吴明菊医生向记者透露，武侯区第一批宫颈癌疫苗已于8月9日到货，一共有1000支，一支定价为800.4元。
98 13 1 13 23 0.279
望江路社区卫生服务中心的工作人员向记者表示，目前望江路社区可以直接去打宫颈癌疫苗，不需要提前预约：“我们社区医院的上班时间是星期一到星期五，上午8点30到11点30，下午2点到4点30，周末不上班，直接带身份证来打就可以了。”同时，该工作人员也建议大家最好是下午去打，“上午会有很多家长带小孩来打针，人会比较多”。
98 14 1 14 23 0.792
■小知识宫颈癌疫苗，又称为HPV疫苗，是一种预防宫颈癌发病的疫苗。
98 15 1 15 23 0.706
宫颈癌主要由感染人乳头瘤病毒(HPV)引起，该疫苗通过预防HPV病毒感染，进而有效预防了宫颈癌的发病，可防止人体感染疫苗所涵盖的人乳头状瘤病毒亚型变异。
98 16 1 16 23 0.7
●打了宫颈癌疫苗就不得宫颈癌了?答：本次上市的二价宫颈癌疫苗防护HPV16/18型所引起的宫颈癌及癌前病变，并且对其他致癌性HPV有一定的交叉保护效应，对所有型别HPV所引发的宫颈癌前病变的总体保护效力达到93.2%。
98 17 1 17 23 0.749
疫苗不能保护所有的HPV感染，所以接种宫颈癌疫苗后，仍然需要定期宫颈筛查。
98 18 1 18 23 0.625
●宫颈癌疫苗会有什么样的不良反应?答：该疫苗全球已接种6000多万人次，有较好的安全性。
98 19 1 19 23 0.257
任何药物都存在一定比例的不良反应，该疫苗有可能发生发热、红肿、局部疼痛等一过性不良反应，总体是安全的。
98 22 1 22 23 0.686
●为啥二价HPV疫苗只适合9—25岁女性?答：二价HPV疫苗在江苏进行了为期8年的临床试验，结果显示，在18—25岁女性中免疫原性良好，HPV16/HPV18抗体转阳率达99%以上，这与全球试验结论一致。
98 21 1 21 23 0.408
性传播疾病会增加宫颈癌的风险，多个性伴侣会增加宫颈癌的风险。
98 23 1 23 23 0.72
二价宫颈癌疫苗主要适合9到25岁的女性四价宫颈癌疫苗可能在明年上半年之前上市，适用于20岁到45岁的女性
99 1 1 1 4 0.829
女性通过接种疫苗，可有效防止罹患宫颈癌。
99 2 1 2 4 0.593
我市9—25岁的女孩和年轻女性都可接种。
99 15 7 1 3 0.723
目前，全球范围的HPV疫苗有二价、四价和九价疫苗。
99 16 7 2 3 0.655
“价”，代表了疫苗可预防的病毒种类。
99 17 7 3 3 0.03
据悉，HPV主要类型为HPV1、2、6、11、16、18、31、33及35型等。
99 18 8 1 2 0.66
其中，二价疫苗可以预防由HPV16和HPV18型病变引起的宫颈癌。
99 19 8 2 2 0.481
研究显示，超过70%的宫颈癌都是由这两种病毒引起的，而该疫苗对所有型别HPV所引发的宫颈癌前病变的总体保护效力达到93.2%。
99 22 9 3 3 0.707
预计2018年初江苏省内适龄女性能接种到四价疫苗。
99 21 9 2 3 0.464
还需经过疫苗进口、批签发检测、省级中标公示后方能面向大众。
100 1 1 1 3 0.614
好消息！女童靴期待已久的宫颈癌疫苗（以下简称“HPV疫苗”）终于可以在苏州注射了。
100 2 1 2 3 0.665
昨天上午，全省首批HPV疫苗到达苏州，在吴江区松陵完成了苏州的首针注射。
100 3 1 3 3 0.717
省内首批疫苗吴江区300支、姑苏区3000支已到位，本月底二价疫苗会覆盖全市，而覆盖面更广的四价疫苗估计明年上半年可以接种。
100 7 3 1 2 0.73
世界卫生组织的立场文件指出：通过接种人乳头瘤病毒（HPV）疫苗及定期宫颈癌筛查，是预防宫颈癌的必要措施。
100 8 3 2 2 0.725
为了预防宫颈癌，世界卫生组织推荐接种宫颈癌疫苗的主要人群为9-13岁（在性行为开始前）的女孩，次要接种人群为青年女性，因为宫颈癌疫苗在未被暴露于HPV病毒的人群中是最有效的。
100 9 4 1 5 0.721
HPV疫苗是首个专为预防癌症而研制的疫苗。
100 10 4 2 5 0.416
该疫苗将能大大减低罹患子宫颈癌的风险。
100 13 4 5 5 0.677
当前主要有三种HPV疫苗，分别是二价、四价和九价疫苗，“价”代表疫苗覆盖的病毒细分种类，价越高，覆盖的HPV病毒亚型种类越多。
100 12 4 4 5 0.243
根据全球71个国家的使用经验及国际权威机构的认证，均为安全有效的疫苗。
100 14 5 1 3 0.782
目前国内获批上市的HPV疫苗主要针对HPV-16型和HPV-18型，即俗称的宫颈癌“二价疫苗”，接种人群仅限于9至25岁的女性。
100 15 5 2 3 0.598
江苏省已于8月14日完成获批上市的宫颈癌疫苗的中标公示，省内各县级病预防控制中心已可在江苏省药品网上集中采购平台上采购订单，由配送企业配送到位后，逐级发放至接种单位。
100 17 6 1 1 0.77
记者也从市疾控了解到，四价疫苗预计明年上半年也能进行接种，该疫苗接种人群为25至40岁女性。
