2
2 2 2 1 3 0.645
昨日（12月1日）记者从四川省疾病预防控制中心获悉，首批四价疫苗已经到货，预计12月5日成都市玉林社区卫生服务中心将开打第一针，下周也将覆盖全市。
2 3 2 2 3 0.376
到月底，四价疫苗将覆盖全川各地。
1
2 4 2 3 3 0.74
届时，20-45岁的女性皆可到当地社区卫生服务中心、乡镇卫生院接种。
2
2 7 5 1 3 0.62
据了解，2017年11月13日，四价疫苗首针接种在重庆市第七人民医院李家沱街道社区卫生服务中心开针，沈亚绿成为全国首个接种四价宫颈癌疫苗佳达修的女性。
2 8 5 2 3 0.272
此次上市的四价宫颈癌疫苗佳接种程序为0/2/6月各接种一针次，共接种3针次，约1100元一针，适用人群为20-45岁的女性。
1
2 9 5 3 3 0.77
广大女性可以陆续在全国其他城市各社区卫生服务中心、疫苗接种门诊进行咨询、预约或接种。
3
3 1 1 1 4 0.533
12月1日，记者从省疾病预防控制中心了解到，四价宫颈癌疫苗将在我省落地。
3 2 1 2 4 0.741
12月5日，首针将在成都玉林社区卫生服务中心开打。
3 3 1 3 4 0.363
据了解，首批3万支疫苗已到货，疫苗将在月底前覆盖全省各地。
1
3 4 1 4 4 0.638
届时，凡有需求的女性均可到社区卫生中心或乡镇卫生院注射疫苗。
3
5 4 1 4 6 0.563
由于是第二类疫苗，知情、自愿、自费接种，在社区卫生服务中心，定价每支585.5元，三剂程序共1756.5元。
5 5 1 5 6 0.607
该疫苗适用于9-25岁的女性，市民如需接种疫苗，可向社区接种门诊和特需门诊提前致电预约。
5 6 1 6 6 0.325
超过9-25岁年龄段的女性朋友，如要注射，还需要等默沙东公司的四价宫颈癌疫苗（佳达修）登陆上海，接种对象为20-45岁女性，预计明年上半年可以在本市接种。
2
11 4 3 1 2 0.62
27日上午，省预防医学会、省疾病预防控制中心召开我省宫颈癌疫苗上市新闻发布会，即日起20-45岁的女性可根据自身需求在省疾病预防控制中心门诊自费接种。
11 5 3 2 2 0.686
据悉，全省各市、区县的首批四价宫颈癌疫苗预计将会在12月中下旬陆续到货，有接种需求的女性可向当地社区卫生服务中心咨询预约。
0
2
12 20 10 1 3 0.705
11月27日起，长沙市民可直接在省疾控中心门诊接种，全省各市、区县的首批四价宫颈癌疫苗预计会在12月中下旬到货，有接种需求的女性可向当地社区卫生服务中心咨询预约。
12 21 10 2 3 0.42
省疾控中心副主任高立冬表示，首批预计20000支。
1
14 7 5 1 1 0.697
全省各市、区县的首批四价HPV疫苗，预计会在12月中下旬陆续上市，有接种需求的女性可以向当地社区卫生服务中心咨询预约。
2
17 1 1 1 2 0.378
[松江宫颈癌疫苗已到位，9-25岁的女性居民们可就近接种啦！]#便民提示#松江的妹子们请注意！@上海松江发布说：松江已经开始二价HPV疫苗（俗称宫颈癌疫苗）的接种服务。
17 2 1 2 2 0.635
符合接种对象的女性居民可携本人身份证（女童另携绿色接种本）自行前往全区20家社区卫生服务中心及分中心接种门诊（地址及、开设时间和咨询电话见下图），接种后请留观30分钟哦~PS，全市各区的二价HPV疫苗都在陆续到货中哦~~
2
19 3 3 1 2 0.663
昨日上午，记者从市疾控中心了解到，想要打四价宫颈癌疫苗的市民可以在全市社区卫生服务中心预定。
19 4 3 2 2 0.697
除了预定的方式之外，等疫苗到货后，市民再去市疾控中心及各社区卫生服务中心交费也可以接种。
0
1
26 1 1 1 1 0.658
11月15日下午，在武汉市洪山区关山街华中科技大学社区卫生服务中心，20岁华中科技大学女学生李某成功接种了该疫苗，成为第一个在湖北本地接种该疫苗的居民。
2
26 43 27 1 2 0.705
提供该疫苗接种的医疗卫生机构。
26 44 27 2 2 0.744
和其他疫苗一样，武汉市民在有预防接种门诊的社区卫生服务中心或乡镇卫生院，武汉以外的地区在有预防接种门诊的医疗卫生机构。
0
2
26 45 28 1 2 0.669
我省首批二价宫颈癌疫苗到货29500支，接下来陆续会有疫苗补充，暂时供应充足；目前武汉市中心城区（洪山、硚口、江汉、江岸、青山、武昌、汉阳等7个区）大部分具有接种资质的社区均可接种该疫苗，具体接种时间请咨询相关社区卫生服务中心。
26 46 28 2 2 0.378
仙桃、荆州、潜江也已到货，预计下周湖北省大部分地级市都可接种该疫苗。
2
26 47 29 1 2 0.6
只有采购了该疫苗并已到货的社区卫生服务中心就可以打。
26 48 29 2 2 0.829
具体咨询当地的社区卫生服务中心。
0
2
28 7 4 1 2 0.637
首批四价宫颈癌疫苗是11月14日下午送达盘龙区疾病预防控制中心冷库的，区疾控中心的工作人员在第一时间用冷链车为辖区预防接种单位云南省玛莉亚医院配送了疫苗。
28 8 4 2 2 0.397
2017年11月15日下午，首位接种对象在云南玛莉亚医院成功接种了云南省首针四价宫颈癌疫苗。
2
29 5 3 1 2 0.397
目前，云南省首批4700余支四价宫颈癌疫苗正陆续配送至各接种点。
29 6 3 2 2 0.707
预计一周后，广大女性可以陆续在云南全省各地州各社区卫生服务中心、疫苗接种门诊进行咨询、预约或接种。
2
30 3 3 1 2 0.302
此次上市的四价宫颈癌疫苗“佳达修”接种程序为0/2/6月各接种一针次，共接种3针次，疫苗的价格为825元/支，适用人群为20—45岁的女性。
30 4 3 2 2 0.729
自今天接种之后，广大女性可以陆续在云南省各地州社区卫生服务中心、疫苗接种门诊进行。
1
36 3 3 1 1 0.632
当日上午1080支四价宫颈癌疫苗佳达修送到巴南区，预计本月内重庆各区县将会陆续到货，有接种需求的女性可以向当地社区卫生服务中心咨询。
1
36 14 12 1 1 0.736
疫苗供应方相关负责人介绍，自当天接种之后，广大女性可以陆续在全国其他城市各社区卫生服务中心、疫苗接种门诊进行咨询、预约或接种。
3
39 2 1 2 4 0.216
此次，上市的默沙东四价HPV疫苗共需接种3针次，价格为952元/支，共需2856元。
39 3 1 3 4 0.664
自此次接种之后，广大女性可以陆续在全国其他城市各社区卫生服务中心、疫苗接种门诊进行咨询、预约或接种，智飞生物将作为四价HPV疫苗在中国大陆独家经销商。
39 4 1 4 4 0.143
（e公司）
2
40 1 1 1 3 0.69
记者今天从相关部门获悉，宫颈癌疫苗在线预约接种服务的范围近日由原来的41个城市扩大至全国100多个城市的800多家社区卫生服务中心，山东共有包括淄博在内的10个城市可以在线预约宫颈癌疫苗接种服务。
40 2 1 2 3 0.076
作为严重威胁妇女健康的常见恶性肿瘤，宫颈癌在我国女性生殖系统恶性肿瘤中，发病率和死亡率都居首位，且患病年轻化趋势日显。
3
40 6 3 1 3 0.366
现在，这项接种服务有了更便利的网络预约通道。
40 7 3 2 3 0.681
11月6日，阿里健康将宫颈癌疫苗在线预约接种服务的范围由原来的41个城市扩大至全国100多个城市的800多家社区卫生服务中心。
40 8 3 3 3 0.438
其中，山东共有10个城市可在线预约接种服务，分别是济南、东营、临沂、威海、泰安、济宁、淄博、潍坊、烟台、聊城。
2
40 9 4 1 2 0.677
记者打开手机淘宝、支付宝搜索“宫颈癌疫苗”，即可进入咨询预约服务页面，随时查询社区卫生服务中心接种信息、咨询医疗专业人士和智能咨询机器人，了解相关接种知识，并享受疫苗在线预约接种服务，点击“立即预约”便可以选择所在区域和附近的社区接种机构。
40 10 4 2 2 0.196
记者选择淄博后，注意到目前预约需要花1元，双十一狂欢价为0.8元。
1
40 11 5 1 1 0.659
记者梳理发现，淄博共有4家医疗机构可在线预约，分别是周村区疾病预防控制中心、桓台县妇幼保健院、北大医疗鲁中医院、淄博莲池妇婴医院股份有限公司。
2
42 1 1 1 5 0.68
【全国100个城市可网上预约宫颈癌疫苗】近日获悉，全国100多个城市的800多家社区卫生服务中心可在线预约宫颈癌疫苗接种服务。
42 2 1 2 5 0.494
人乳头瘤病毒(HPV)疫苗接种是世界卫生组织推荐的宫颈癌预防一级措施。
3
44 1 1 1 4 -0.124
好消息总是一起来。
44 2 1 2 4 0.77
昨天，浦东新区部分社区卫生服务中心的接种门诊，率先开始提供二价HPV疫苗接种服务。
44 3 1 3 4 0.224
备受瞩目、翘首以盼的宫颈癌疫苗，终于在上海落地。
2
48 1 1 1 2 0.278
[上海市首剂宫颈癌疫苗今早在浦东开针！13日起，全区都可接种→]宫颈癌疫苗开打啦！浦东本次共配送4200剂宫颈癌疫苗，保质期到2020年。
48 2 1 2 2 0.652
11月8日-10日，浦东新区完成对辖区内所有接种单位的疫苗配送；11月13日起，全区社区卫生服务中心门诊和9家医院的特需门诊就可以接种疫苗啦！想要去接种HPV疫苗的小伙伴可以去预约咯~详情戳http://t.cn/RlYhKUS
3
49 1 1 1 3 0.193
“上海发布”微信公号11月8日消息，HPV（HumanPapillomavirus，人乳头瘤病毒）疫苗在国内获批后，很多市民都很关心什么时候可以在上海接种。
49 2 1 2 3 0.622
市疾控中心说：目前，浦东新区11月8日-10日完成对辖区内所有接种单位的疫苗配送，11月13日起全区成人门诊和特需门诊可以接种。
49 3 1 3 3 0.29
该疫苗适用于9-25岁的女性。
2
49 4 2 1 2 0.23
PS：预计全市大部分区的疫苗将于今年年底前陆续到货。
49 5 2 2 2 0.62
市民如需接种HPV疫苗，可向社区接种门诊和特需门诊提前致电预约，相关联系方式请查看下文。
3
50 1 1 1 3 0.193
“上海发布”微信公号11月8日消息，HPV（HumanPapillomavirus，人乳头瘤病毒）疫苗在国内获批后，很多市民都很关心什么时候可以在上海接种。
50 2 1 2 3 0.622
市疾控中心说：目前，浦东新区11月8日-10日完成对辖区内所有接种单位的疫苗配送，11月13日起全区成人门诊和特需门诊可以接种。
50 3 1 3 3 0.29
该疫苗适用于9-25岁的女性。
2
50 4 2 1 2 0.23
PS：预计全市大部分区的疫苗将于今年年底前陆续到货。
50 5 2 2 2 0.62
市民如需接种HPV疫苗，可向社区接种门诊和特需门诊提前致电预约，相关联系方式请查看下文。
2
51 3 3 1 2 0.613
上海市疾控中心免疫规划所主任胡家瑜告诉第一财经记者，目前宫颈癌疫苗已经完成招标遴选并进入上海仓库，各个区县疾控中心还需要通过GPO（医院药品集团采购）平台进行采购。
51 4 3 2 2 0.575
据悉，上海市浦东新区11月8日-10日将完成对辖区内所有接种单位的疫苗配送，11月13日起全区成人门诊和特需门诊可以接种。
1
51 15 9 1 1 0.649
第一财经记者从阿里健康方面获悉，当前宫颈癌疫苗在线预约接种服务的范围已经由原来的41个城市扩大至全国100多个城市的800多家社区卫生服务中心，包括北上广深等一线城市，以及杭州、武汉、长沙、太原等省会城市。
2
51 16 10 1 2 0.53
第一财经记者查看手机淘宝发现，当前宫颈癌预约服务已经覆盖北上广深等一线城市，点击“立即预约”便可以选择所在区域和附近的社区接种机构，提交预约后还可选择方便的时间享受接种咨询服务。
51 17 10 2 2 0.731
以上海为例，本次开通的21家在线预约接种机构中，除了4家社区卫生服务中心外，其余多是私立医疗中心和门诊部。
3
52 1 1 1 3 0.2
HPV（HumanPapillomavirus，人乳头瘤病毒）疫苗在国内获批后，很多市民都很关心什么时候可以在上海接种。
52 2 1 2 3 0.622
市疾控中心说：目前，浦东新区11月8日-10日完成对辖区内所有接种单位的疫苗配送，11月13日起全区成人门诊和特需门诊可以接种。
52 3 1 3 3 0.29
该疫苗适用于9-25岁的女性。
2
52 4 2 1 2 0.23
PS：预计全市大部分区的疫苗将于今年年底前陆续到货。
52 5 2 2 2 0.62
市民如需接种HPV疫苗，可向社区接种门诊和特需门诊提前致电预约，相关联系方式请查看下文。
2
53 1 1 1 2 0.543
东莞时间网讯昨日，我市首针二价宫颈癌疫苗在南城社区卫生服务中心开打，受种者是一位22岁的在校大学生。
53 2 1 2 2 0.736
据了解，我市33个镇街（园区）社区卫生服务中心将陆续到货，有需要的市民可以就近自费接种。
1
53 4 3 1 1 0.71
据南城社区卫生服务中心副主任张健新介绍，该中心第一批到货了200支疫苗，市民随时可以来南城广彩路的站点接种。
2
53 5 4 1 2 0.685
据市疾控中心介绍，我市已采购了10000支二价HPV疫苗，11月6日开始将陆续配送至各镇街（园区）社区卫生服务中心。
53 6 4 2 2 0.271
该疫苗全程接种3针，每针价格为605元人民币。
2
54 1 1 1 2 0.698
预检、登记、缴费、接种……11月4日上午，雨湖区雨湖路街道社区卫生服务中心预防接种门诊，大四女生小邓接受了宫颈癌疫苗的接种。
54 2 1 2 2 -0.06
这也是湘潭打出的第一针宫颈癌疫苗。
2
55 1 1 1 2 0.664
11月6日，阿里健康宣布，将宫颈癌疫苗在线预约接种服务的范围由原来的41个城市扩大至全国100多个城市的800多家社区卫生服务中心。
55 2 1 2 2 0.152
在新增城市中，既包括了北上广深杭这样的一线城市，也包括武汉、长沙、太原这样的省会城市。
2
55 3 2 1 2 0.687
上海的女性居民，只要打开手机淘宝、支付宝搜索“宫颈癌疫苗”，即可进入咨询预约服务页面，随时查询社区卫生服务中心接种信息、咨询医疗专业人士和智能咨询机器人，了解相关接种知识，并享受疫苗在线预约接种服务。
55 4 2 2 2 0.493
点击“立即预约”便可以选择所在区域和附近的社区接种机构，提交预约后还可选择方便的时间享受接种咨询服务。
2
56 1 1 1 3 0.675
南方日报讯（记者/欧志葵叶丹）阿里健康宣布，将宫颈癌疫苗在线预约接种服务的范围扩大至全国100多个城市的800多家社区卫生服务中心。
56 2 1 2 3 0.271
6日，记者发现，在新增城市中，既包括北上广深一线城市，也包括武汉、长沙、太原等城市。
1
56 3 1 3 3 0.719
阿里健康疾病预防业务负责人钟聪娣表示，预计到今年底，该项目将覆盖全国120多个城市1500家社区卫生服务中心。
2
56 4 2 1 2 0.681
广州的女性居民，只要打开手机淘宝、支付宝搜索“宫颈癌疫苗”，即可进入咨询预约服务页面，随时查询社区卫生服务中心接种信息、咨询医疗专业人士和智能咨询机器人，了解相关接种知识，并享受疫苗在线预约接种服务。
56 5 2 2 2 0.402
若点击“立即预约”，便可以选择所在区域和附近的社区接种机构。
2
57 1 1 1 2 0.663
湘潭在线11月6日讯（湘潭日报社全媒体记者曾晓蓉通讯员朱朗）预检、登记、缴费、接种……11月4日上午，雨湖区雨湖路街道社区卫生服务中心预防接种门诊，大四女生小邓接受了宫颈癌疫苗的接种。
57 2 1 2 2 -0.035
这也是我市打出的第一针宫颈癌疫苗。
3
58 1 1 1 3 0.303
东莞时间网讯（记者李广）我市宫颈癌疫苗将于11月6日开打。
58 2 1 2 3 0.725
记者从市卫生计生局了解到，我市已采购了10000支二价HPV疫苗，将陆续配送至各镇街（园区）社区卫生服务中心。
58 3 1 3 3 0.271
该疫苗全程接种3针，每针价格为605元人民币。
2
59 7 5 1 2 0.686
11月2日上午，记者拨打了荷花街道社区卫生服务中心的电话。
59 8 5 2 2 0.474
“现在已经有75个电话预约了，还有许多打电话来咨询的。”工作人员介绍，一旦疫苗到达卫生服务中心，将第一时间电话通知来接种疫苗。
1
59 9 6 1 1 0.659
随后，记者走访其他三个街道社区卫生服务中心了解到，从11月1日可预约接种到目前，预约电话都异常火爆。
2
59 12 9 1 2 0.218
相比前往香港接种的花费，此次获批的二价宫颈癌疫苗价格较为“亲民”。
59 13 9 2 2 0.608
“二价宫颈癌疫苗接种收费标准是609.5元/支（三针共1828.5元）。”疾控中心后勤科科长黄启明介绍，在11月2日下午召集街道社区卫生服务中心的工作人员召开疫苗接种培训会后，“近两天，预计市民可接种到宫颈癌疫苗。”
1
60 3 2 1 1 0.619
当天下午三点，在天元区嵩山街道社区卫生服务中心，23岁的杜若琳和25岁的王莹，分别接种了二价宫颈癌疫苗。
2
60 9 5 1 2 0.729
想要预约接种的市民，可以就近前往所在的社区卫生服务中心或乡镇卫生院接种。
60 10 5 2 2 0.013
也可以关注微信公众号“约苗”，在网上直接预约。
2
60 13 7 1 4 0.797
在泰山街道社区卫生服务中心，市民易含英和肖格正在咨询宫颈癌疫苗。
60 14 7 2 4 -0.058
疫苗接种后到底有没有作用？会不会对身体有影响？这些是被问得最多的问题。
3
62 11 5 1 3 0.482
当天上午，还举办了湖南省宫颈癌预防与疫苗应用健康教育培训会议。
62 12 5 2 3 0.613
会议特别邀请江苏省疾控中心疫苗临床评价所所长胡月梅、湖南省妇幼保健院妇女保健科主任吴颖岚参加，来自湖南省各市、区县疾控中心主管领导及相关科室负责人共计150余人参会。
62 13 5 3 3 0.469
湖南省疾病预防控制中心主任李俊华、党委书记黄跃龙及副主任高立冬出席。
2
62 15 7 1 2 0.86
提供希瑞适接种的卫生机构和其他疫苗一样，是各城市的社区医院及社区卫生服务中心。
62 16 7 2 2 0.307
市民也可以登录手机淘宝APP端搜索“宫颈癌”，就可进行相关咨询和预约接种。
2
62 27 15 1 2 0.482
10月31日，湖南省预防医学会、湖南省疾病预防控制中心召开湖南宫颈癌疫苗上市新闻发布会。
62 28 15 2 2 0.715
记者获悉，11月1日起，9-25岁的女性可前往长沙各预防接种单位（如社区卫生服务中心、乡镇卫生院的预防接种门诊等）接种二价HPV疫苗。
1
64 13 9 1 1 0.719
11月起，长沙各预防接种单位(如：社区卫生服务中心、乡镇卫生院的预防接种门诊等)可相继接种二价HPV疫苗。
3
66 1 1 1 3 0.198
华声在线10月27日讯(记者段涵敏通讯员张亚娜刘姝)大家期盼已久的HPV(人乳头瘤病毒)疫苗(俗称“宫颈癌疫苗”)来湖南了。
66 2 1 2 3 0.649
湖南省疾控中心今天透露，该中心的预防门诊从11月1日开始就能接种二价HPV疫苗，全省的社区卫生服务中心、乡镇卫生院等预防接种门诊11月起也可相继接种，每针次价格预计在650元左右。
66 3 1 3 3 0.284
四价HPV疫苗预计今年底或明年初可在长沙接种。
1
68 5 3 1 1 0.726
24日，记者从浙江省疾病预防控制中心获悉，浙江首批HPV疫苗已经于23日供应到位，浙江省宁波市鄞州区第三医院和浙江省嘉兴市南湖区城南街道社区卫生服务中心迎来首位接种宫颈癌疫苗的市民；24日，浙江省杭州市江干区采荷、凯旋、四季青和彭埠街道社区卫生服务中心也迎来首位接种宫颈癌疫苗的市民。
1
68 6 4 1 1 0.686
目前，浙江全省已有63家县级疾控中心完成了HPV疫苗采购，近5万支HPV疫苗将陆续供应到位，市民在就近的镇医院、卫生院、社区卫生服务中心即可接种疫苗。
2
71 1 1 1 2 0.289
广州日报讯（全媒体记者伍仞）宫颈癌疫苗来到广州了！昨天下午，在天河区妇幼保健院分院打出了全广东省的第一针。
71 2 1 2 2 0.644
首批宫颈癌疫苗近日将在市内的122家社区卫生服务中心陆续到货，各区9岁到25岁女性都可以就近咨询、接种。
3
71 11 5 1 3 0.297
据了解，天河区首批宫颈癌疫苗到货1500人份、4500支，接下来陆续会有疫苗补充，暂时供应充足。
71 12 5 2 3 0.734
目前该区大部分具有接种资质的社区均可接种该疫苗，具体接种时间要咨询相关社区卫生服务中心。
71 13 5 3 3 0.721
市预防医学会秘书长黄桂花介绍，全市已经有122家社区医院或者社区卫生服务中心上报疫苗需求，分布在11区，预计近日都会陆续到货，各位女性可以选择就近的社区医院咨询、接种。
0
2
72 15 6 2 3 0.176
区疾控工作人员表示，接下来陆续会有疫苗补充，暂时供应充足。
72 16 6 3 3 0.727
目前天河区大部分具有接种资质的社区均可接种该疫苗，具体接种时间，市民可咨询相关社区卫生服务中心。
2
73 4 2 1 2 0.728
目前，广州全市11区的122个社区卫生服务中心，均已向疾控部门上报了疫苗采购计划。
73 5 2 2 2 0.65
随着疫苗陆续到货，9—25岁适龄女性可就近前往社区卫生服务中心接种疫苗。
0
2
73 13 6 1 2 0.383
“其他区的定价大致也在这个水准上调整，总体价格会比去香港接种要便宜。”黄桂花表示，由于各区疫苗到货时间不同，女性如有接种需要，最好先联系就近的社区卫生服务中心咨询时间。
73 14 6 2 2 0.637
此外，疫苗接种并没有户籍要求，在广州地区长期工作生活的非户籍人员有接种需要，也可就近前往社区卫生服务中心接种。
1
88 6 5 1 1 0.652
根据最新出台的《疫苗流通和预防接种管理条例》，接种门诊由当地的卫生计生行政部门根据服务范围和服务半径划定责任区域，在责任区域内，根据需求计划进行接种。
3
89 2 1 2 4 0.085
今年7月31日，国内首个获批的宫颈癌疫苗“希瑞适”正式上市。
89 3 1 3 4 0.72
目前，大连女性已可以在部分定点社区卫生服务中心和预防保健所接种疫苗。
89 4 1 4 4 -0.034
但是，不少女性在接种时都遇到了与莫女士类似的问题。
2
91 1 1 1 3 0.79
8月21日，江苏省第一针宫颈癌疫苗在南京止马营社区卫生服务中心接种。
91 2 1 2 3 0.503
据了解，包括南京在内的江苏6市的部分区县疫苗已到货。
2
92 4 3 1 3 0.63
昨日，泉州市第一位接种HPV疫苗、20岁的女孩小黄在父亲的陪同下，再次来到泉州市丰泽区东海街道社区卫生服务中心。
92 5 3 2 3 0.125
在办理好相关的手续后，小黄向护士出示了之前的接种提示卡。
2
92 15 9 1 2 0.647
鲤城区疾控中心的工作人员告诉记者，鲤城区共采购了400支疫苗，在7个社区卫生服务中心投放了300支。
92 16 9 2 2 0.658
据悉，鲤中社区卫生服务中心当前申领了60支疫苗，仅16人接种。
0
2
94 12 5 1 2 0.422
市疾病控制预防中心相关负责人介绍，今年7月31日，双价人乳头瘤病毒（HPV）疫苗获得中国食品药品检定研究院的批准签发，成为内地首个可以上市销售的宫颈癌疫苗。
94 13 5 2 2 0.622
江苏省已于8月14日完成获批上市的HPV疫苗的中标公示，省内各区县疾病预防控制中心即可在江苏省药品网上集中采购平台上点击采购订单，由配送企业配送到位后，区县疾控中心按照接种门诊需求逐级发放。
1
95 42 19 1 1 0.601
北青报记者了解到，根据国家卫计委发布的《预防接种工作规范（2016年版）》，承担预防接种的人员应当具备执业医师、执业助理医师、护士或者乡村医生资格，并经过县级卫生计生行政部门组织的预防接种专业培训，考核合格后方可从事预防接种服务工作。
3
98 2 1 2 23 0.286
8月10日，成都的第一批宫颈癌疫苗——二价宫颈癌疫苗也到货了，此批疫苗全市统一价格为800.4元/支，部分区县存在差异，但不低于800元，需分三次接种，共打三支。
98 3 1 3 23 0.682
记者了解到，二价宫颈癌疫苗已经到达成都多个社区卫生服务中心，已有市民前往接种。
98 4 1 4 23 0.303
记者探访疫苗已到社区医院，接种程序简单8月23日一大早，天府早报记者在望江路社区卫生服务中心，见到了前来打宫颈癌疫苗的胡小姐，“我9点钟还要上班，这个社区医院离公司比较近，就赶紧来打了。”今年23岁的胡小姐表示，自己也是看了最近的报道才了解到宫颈癌疫苗的事情，“看了新闻之后我觉得有必要来打，趁着自己还没超龄。”整个打疫苗过程其实十分方便，用身份证挂号、签《宫颈癌疫苗预防接种知情同意书》、测量体温、缴费、打针。
