1 3 2 2 2 0.625
因此，接种了HPV疫苗也不代表100%有效，他强调，定期进行宫颈癌筛查与接种HPV疫苗同等重要！
1 2 2 1 2 0.427
作为国家“973”肿瘤侵袭转移项目的首席科学家，同济医院马丁院士提醒大家，当前HPV疫苗未能针对全部致癌的高危型HPV病毒所有亚型。
2 2 2 1 3 0.652
昨日（12月1日）记者从四川省疾病预防控制中心获悉，首批四价疫苗已经到货，预计12月5日成都市玉林社区卫生服务中心将开打第一针，下周也将覆盖全市。
2 3 2 2 3 0.537
到月底，四价疫苗将覆盖全川各地。
2 4 2 3 3 0.724
届时，20-45岁的女性皆可到当地社区卫生服务中心、乡镇卫生院接种。
2 5 3 1 1 0.662
“由于疫苗货源充足，能基本满足人们的需要。”四川省疾病预防控制中心免疫规划所所长张佩如昨日在人乳头瘤病毒感染相关疾病防控学术交流会上透露，首批抵蓉的四价疫苗共3万支，按照二类疫苗的流通渠道，在省级平台招标，各区县疾控中心根据采购需求计划进行采购。
2 7 5 1 3 0.737
据了解，2017年11月13日，四价疫苗首针接种在重庆市第七人民医院李家沱街道社区卫生服务中心开针，沈亚绿成为全国首个接种四价宫颈癌疫苗佳达修的女性。
2 8 5 2 3 0.606
此次上市的四价宫颈癌疫苗佳接种程序为0/2/6月各接种一针次，共接种3针次，约1100元一针，适用人群为20-45岁的女性。
2 9 5 3 3 0.766
广大女性可以陆续在全国其他城市各社区卫生服务中心、疫苗接种门诊进行咨询、预约或接种。
2 16 7 4 5 0.621
另外，二价疫苗的接种年龄为9-25岁，四价疫苗则扩展为20-45岁。
2 15 7 3 5 0.509
今年8月左右上市的二价疫苗可预防HPV16型、HPV18型引发的宫颈癌，而本次上市的四价疫苗则在二价的基础上，多了对HPV6型和HPV11型引发的尖锐湿疣、外阴癌的预防。
2 17 7 5 5 0.123
成都商报记者王拓
3 1 1 1 4 0.703
12月1日，记者从省疾病预防控制中心了解到，四价宫颈癌疫苗将在我省落地。
3 2 1 2 4 0.552
12月5日，首针将在成都玉林社区卫生服务中心开打。
3 4 1 4 4 0.664
届时，凡有需求的女性均可到社区卫生中心或乡镇卫生院注射疫苗。
3 3 1 3 4 0.474
据了解，首批3万支疫苗已到货，疫苗将在月底前覆盖全省各地。
3 36 20 1 3 0.744
无论接种2价疫苗、4价疫苗还是9价疫苗，接种疫苗后仍然需要定期筛查。
3 37 20 2 3 0.417
原因很简单，现有疫苗，包括9价疫苗并不能预防所有的高危型HPV。
5 1 1 1 6 0.668
宫颈癌疫苗已经可以在长宁接种。
5 2 1 2 6 0.546
记者从区疾控中心了解到，此次露面的宫颈癌疫苗是中国内地首个通过国家食药监局审批的，商品名叫希瑞适，是由英国制药企业葛兰素史克公司生产的二价HPV疫苗，能预防HPV-16和HPV-18两种基因型的病毒感染。
5 5 1 5 6 0.805
该疫苗适用于9-25岁的女性，市民如需接种疫苗，可向社区接种门诊和特需门诊提前致电预约。
5 4 1 4 6 0.599
由于是第二类疫苗，知情、自愿、自费接种，在社区卫生服务中心，定价每支585.5元，三剂程序共1756.5元。
5 6 1 6 6 0.633
超过9-25岁年龄段的女性朋友，如要注射，还需要等默沙东公司的四价宫颈癌疫苗（佳达修）登陆上海，接种对象为20-45岁女性，预计明年上半年可以在本市接种。
5 7 2 1 5 0.604
有关专家表示，并非人人适合接种宫颈癌疫苗，譬如有计划怀孕的和已经怀孕的人群，哺乳期妇女需谨慎接种。
5 8 2 2 5 0.491
此外已有宫颈癌、湿疣、外阴和癌前病变的患者、对该疫苗任一活性成分或辅料严重过敏反应者均禁止接种。
5 11 2 5 5 0.623
另外接种HPV疫苗女性仍应定期进行宫颈癌筛查，且筛查方案不变。
5 10 2 4 5 0.418
也就是说，打过HPV疫苗依然可能得宫颈癌。
7 1 1 1 1 0.614
继今年8月桂林引进2价宫颈癌疫苗之后，首批4价宫颈癌疫苗近日也已抵达我市，并于昨日上午在桂林市疾病预防控制中心举行了首针接种仪式。
7 2 2 1 1 0.778
昨日上午10点不到，桂林市疾控中心综合接种门诊就排起了长队，她们大部分是预约接种4价宫颈癌疫苗的市民，手里拿着疫苗接种知情告知书等待缴费接种。
7 5 4 1 5 0.672
据了解，宫颈癌疫苗指可预防宫颈癌的HPV疫苗。
7 6 4 2 5 0.408
宫颈癌是由高危型（也称致癌型）人乳头瘤病毒（以下简称HPV）在女性生殖道持续性感染引起的疾病，99.7%的宫颈癌都是由HPV感染所致。
7 10 5 1 3 0.63
目前，全球预防宫颈癌的疫苗共有2价、4价和9价宫颈癌疫苗3种。
7 11 5 2 3 0.648
今年8月2价宫颈癌疫苗到达我市，它虽能预防HPV16型、18型所导致的疾病（包括宫颈癌），但只适宜9—25岁的女性接种。
7 12 5 3 3 0.575
所以，适合20—45岁的4价宫颈癌疫苗一到达我市，便吸引了众多有意愿的市民前来接种。
7 13 6 1 2 0.647
“宫颈癌是目前唯一可以用疫苗预防的癌症。”市疾控中心副主任石朝辉告诉记者，此次首批共有971支4价宫颈癌疫苗到达桂林。
7 14 6 2 2 0.635
除了市疾控中心外，阳朔、荔浦、平乐、永福和龙胜各县的疾控中心也将陆续开展接种业务，有需要的市民可自行选择接种。
7 15 7 1 2 0.666
4价宫颈癌疫苗与之前引进的2价宫颈癌疫苗，除了适用年龄范围不同外，4价宫颈癌疫苗除了可预防由HPV16、18型引起的宫颈癌，还可预防由HPV6、11型引起的生殖道疣。
7 16 7 2 2 0.605
专家表示，市民可按照需求进行接种，没必要重复接种，但适龄人群越早接种，效果越好。
7 17 8 1 1 0.678
“宫颈癌疫苗虽然是有效的预防手段，但我们并不推荐备孕、怀孕、妊娠期、哺乳期的女性进行接种。”市疾控中心专家表示，从昨日接种的火爆情况来看，市民对4价宫颈癌疫苗的接种意愿很高，第一批没能接种到疫苗的市民也不要着急，疾控中心将继续根据计划采购第二批疫苗，确保有意愿的市民能够尽快顺利接种上疫苗。
7 18 9 1 3 0.743
“从预防角度看，每位女性都应接种宫颈癌疫苗，但接种疫苗并不等于就进了保险箱。疫苗接种不能取代常规宫颈癌筛查，也不能取代预防HPV感染和性传播疾病的其他措施。”疾控专家解释，宫颈癌预防包括一级预防HPV疫苗接种、二级预防意识的提高和筛查、三级预防的诊断与治疗。
7 19 9 2 3 0.437
HPV病毒有100多种亚型，与宫颈癌相关的高危亚型有十几种，疫苗只针对其中几项，不能取代预防HPV感染和性传播疾病的其他措施，且对已感染相关病毒的患者并无治疗效用。
9 1 1 1 1 0.614
拥有近400家医疗及体检中心的美年健康与国内独家代理宫颈癌四价疫苗销售的智飞生物昨天在上海宣布，拟共同设立成人预防接种门诊全国网络，推动宫颈癌疫苗（HPV疫苗）在专业体检中心的配置和运营，包括资质审批、质控管理和人员培训等重要环节。
9 5 3 1 3 0.731
美年健康和智飞生物合作后，拟在美年健康旗下的体检中心设立成人预防接种门诊，用于宫颈癌疫苗的接种服务。
9 6 3 2 3 0.346
美年健康目前在全国200多个核心城市拥有近400家医疗及体检中心，考虑到疫苗的供给等因素，首批将选择部分城市的体检中心推广。
11 1 1 1 2 0.758
11月27日，湖南省疾控中心门诊部，市民在接种四价宫颈癌疫苗。
11 2 1 2 2 0.571
全省各市、区县的首批四价宫颈癌疫苗预计将在12月中下旬陆续到货。
11 3 2 1 1 0.675
“我已经37岁了，属于宫颈癌的高发年龄，赶紧来接种。”27日一早，市民罗锡女士就赶到省疾控中心门诊部，接种等待已久的四价宫颈癌疫苗。
11 4 3 1 2 0.83
27日上午，省预防医学会、省疾病预防控制中心召开我省宫颈癌疫苗上市新闻发布会，即日起20-45岁的女性可根据自身需求在省疾病预防控制中心门诊自费接种。
11 5 3 2 2 0.699
据悉，全省各市、区县的首批四价宫颈癌疫苗预计将会在12月中下旬陆续到货，有接种需求的女性可向当地社区卫生服务中心咨询预约。
11 10 6 1 3 0.64
“今天来接诊的市民有100多人。”省疾控中心门诊医生陈万慧表示，不推荐孕妇接种HPV疫苗，但如果接种者在接种期间发现已经怀孕，并不需终止妊娠。
11 11 6 2 3 0.422
如果半年内计划怀孕的，也不建议接种，可以等到生完孩子再接种。
11 18 9 2 2 0.74
接种人乳头瘤病毒(HPV)疫苗及定期宫颈癌筛查，是预防宫颈癌的必要措施。
11 17 9 1 2 0.534
由HPV引起的宫颈癌，是唯一可以通过疫苗预防的癌症。
11 21 11 2 2 0.61
推荐接种的主要人群为20-45岁的女性，接种程序为0/2/6月各接种一剂次，全程免疫3针次，共计2454元。
11 20 11 1 2 0.587
据悉，四价宫颈癌疫苗既能预防HPV16、18型别引起的宫颈癌，又能预防感染HPV6、11型别引发的生殖器疣。
11 22 12 1 2 0.636
湖南省疾控中心副主任陈曦解释，四价HPV疫苗除了覆盖引起宫颈癌的HPV16、18型别以外，多了HPV6、11两个型别。
11 23 12 2 2 0.14
它是世界上第一个研发出来的宫颈癌疫苗，全球的使用时间超过了10年。
11 28 15 1 2 0.716
湖南省妇幼保健院妇科主任龚颖萍解释，四价疫苗接种不能取代常规宫颈癌筛查，也不能取代预防HPV感染和性传播疾病的其他措施。
11 29 15 2 2 0.33
因此，按照相关部门建议常规进行宫颈癌筛查依然极为重要。
12 2 2 1 1 0.68
11月27日，省疾控中心门诊处，不少女性正排队等候，准备接种疫苗。
12 5 4 1 1 0.697
本报长沙讯11月27日上午，四价宫颈癌疫苗在湖南正式上市，目前，适龄女性（20岁至45岁）可以到省疾控中心门诊接种四价宫颈癌疫苗。
12 6 5 1 2 0.747
当天上午9点，省疾控中心门诊处，接种疫苗的队伍从门诊大厅一直排到三楼楼梯口，大部分是接种四价宫颈癌疫苗的市民。
12 7 5 2 2 0.577
大家手里拿着单子等待缴费，准备接种首批宫颈癌疫苗。
12 11 7 1 4 0.657
除了长沙本地市民，还有其他市县的人前来接种首批四价宫颈癌疫苗。
12 12 7 2 4 0.08
今年27岁的吴依融特意从常德赶过来。
12 14 7 4 4 0.794
得知省疾控中心能接种四价疫苗，吴依融立马赶过来接种。
12 13 7 3 4 0.223
“提前一天就到了，特意在附近酒店订了房，今天早上7点半就过来排队了。”吴依融告诉记者，她不少朋友都去香港接种宫颈癌疫苗，自己也咨询过，但香港已断货了。
12 20 10 1 3 0.779
11月27日起，长沙市民可直接在省疾控中心门诊接种，全省各市、区县的首批四价宫颈癌疫苗预计会在12月中下旬到货，有接种需求的女性可向当地社区卫生服务中心咨询预约。
12 21 10 2 3 0.446
省疾控中心副主任高立冬表示，首批预计20000支。
12 23 11 1 1 0.602
为方便市民进行网上疫苗预约，实时查询门诊信息，“约苗”公众号设立“HPV疫苗”专项服务。
12 33 16 2 2 0.655
四价疫苗在此基础上，还可预防由HPV6、11型引起的90%的生殖道疣（尖锐湿疣），可按照需求进行接种，没必要重复接种，但适龄人群越早接种，效果越好。
12 32 16 1 2 0.595
中国医学科学院肿瘤医院流行病学教授赵方辉表示，二价宫颈癌疫苗可预防70%由HPV16、18型引起的宫颈癌。
12 35 18 1 2 0.72
省妇幼保健院妇科主任龚颖萍表示，疫苗接种不能取代常规宫颈癌筛查，也不能取代预防HPV感染和性传播疾病的其他措施。
12 36 18 2 2 0.318
因此，进行常规宫颈癌筛查依然重要。
13 18 9 1 3 0.697
专家建议，越早接种效果越好，已接种二价疫苗的不推荐也没必要再接种四价疫苗。
13 19 9 2 3 0.385
由于我国女性HPV感染率按年龄呈“双峰”分布：第一个高峰在“17岁至24岁”，第二个高峰在“40岁至44岁”，所以应在感染高峰到来之前，尽早完成疫苗的接种。
14 1 1 1 1 0.767
今天上午，记者从湖南省预防医学会、湖南省疾病预防控制中心举行的湖南省宫颈癌疫苗上市新闻发布会上获悉，即日起，20岁至45岁的女性可在省疾控制中心预防医学门诊部接种四价HPV疫苗了。
14 3 2 2 3 0.61
二价疫苗可预防70%由HPV16、18型引起的宫颈癌;而四价疫苗，在此基础上，还可预防由HPV6、11型引起的90%的生殖道疣(尖锐湿疣)。
14 2 2 1 3 0.063
没有必要。
14 4 2 3 3 0.465
主要看针对性，是宫颈癌还是生殖道疣，没必要重复接种，但适龄人群接种的时间越早越好。
14 6 4 1 1 0.693
省疾控制中心预防医学门诊部主任石琼表示，四价疫苗推荐接种的主要人群为20岁至45岁的女性，接种程序为0/2/6月各接种一剂次，全程免疫3针次，共计价格约在2500元左右。
14 7 5 1 1 0.694
全省各市、区县的首批四价HPV疫苗，预计会在12月中下旬陆续上市，有接种需求的女性可以向当地社区卫生服务中心咨询预约。
15 15 9 1 2 0.605
HPV疫苗通常采用3针接种，全程6个月内完成可达较好的接种效果。
15 16 9 2 2 0.38
接种后最长保护时间尚不清楚，但不推荐增加注射次数或剂量强化免疫反应。
15 17 10 1 1 0.606
但是，接种疫苗前已确定妊娠的女性和对酵母过敏的人群不应接种疫苗。
16 1 1 1 1 0.651
[宫颈癌疫苗供不应求预约接种需趁早]今天中午11点半，记者在南宁市七星社区卫生服务中心看到，尽管接种高峰已过，但依然有不少市民赶着在医生下班前把宫颈癌疫苗的第一针给打了。
17 1 1 1 2 0.627
[松江宫颈癌疫苗已到位，9-25岁的女性居民们可就近接种啦！]#便民提示#松江的妹子们请注意！@上海松江发布说：松江已经开始二价HPV疫苗（俗称宫颈癌疫苗）的接种服务。
17 2 1 2 2 0.728
符合接种对象的女性居民可携本人身份证（女童另携绿色接种本）自行前往全区20家社区卫生服务中心及分中心接种门诊（地址及、开设时间和咨询电话见下图），接种后请留观30分钟哦~PS，全市各区的二价HPV疫苗都在陆续到货中哦~~
18 1 1 1 1 0.696
东莞时间网讯近日，记者从大朗镇社卫中心获悉，二价HPV疫苗已配送至大朗，该疫苗全程接种3针，每针价格为605元，市民随时可以前来社卫中心接种。
18 2 2 1 1 0.616
据介绍，HPV疫苗可以阻止人乳头瘤病毒，主要预防宫颈癌，接种的最佳人群为9至25岁女性，最好在有性生活之前完成接种。
19 3 3 1 2 0.677
昨日上午，记者从市疾控中心了解到，想要打四价宫颈癌疫苗的市民可以在全市社区卫生服务中心预定。
19 4 3 2 2 0.681
除了预定的方式之外，等疫苗到货后，市民再去市疾控中心及各社区卫生服务中心交费也可以接种。
19 8 7 1 1 0.61
接种部位：肌肉注射，首选接种部位为上臂三角肌区。
19 15 10 4 4 0.616
妊娠期、哺乳期妇女应推迟接种。
19 14 10 3 4 0.401
注射本品后有超敏反应症状者，不应再次接种本品。
19 17 12 1 1 0.649
四价HPV疫苗：接种对象为20~45岁女性，针对HPV16/18/6/11，不但能预防70%的子宫颈癌，还可预防常见的性病、皮肤病。
19 29 20 2 2 0.601
接种HPV疫苗是预防宫颈癌最经济最有效的防控措施。
19 28 20 1 2 0.531
宫颈癌是可以预防的，在全世界范围内宫颈癌的综合防控受到高度重视，世卫组织WHO及ASCO指出“HPV疫苗是目标人群针对某些型别HPV感染（导致宫颈癌）一级预防的最佳策略，没有其它预防策略可以替代疫苗”。
20 6 4 1 1 0.687
源汇区疾控中心疫苗管理科：3396596。
21 3 2 1 1 0.648
这次，省疾控中心放大招，11月27日起，20岁至45岁的女性可以接种四价宫颈癌疫苗。
21 4 3 1 1 0.623
相比二价，四价宫颈癌疫苗能有效预防更多的病毒，接种三针的价格一共是2500元左右。
21 7 4 3 4 0.754
11月20日，记者从湖南省疾控中心获悉，11月27日，适龄女性（20岁至45岁）可以到省疾控中心预防门诊，接种进口四价宫颈癌疫苗。
21 6 4 2 4 0.461
庆幸的是，适合20岁至45岁的四价宫颈癌疫苗即将与大家见面。
21 8 4 4 4 0.471
完成整个免疫程序共需接种三针，价格一共是2500元左右。
21 12 5 4 4 0.7
因此，接种HPV疫苗预防宫颈癌很有必要。
21 11 5 3 4 0.299
据悉，中国女性HPV感染率按年龄呈“双峰”分布，第一个高峰在17岁至24岁，第二个高峰在40岁至44岁。
21 21 8 1 2 0.676
专家提醒，接种宫颈癌疫苗预防宫颈癌，应根据自己的年龄，选择适合自己的疫苗种类。
21 22 8 2 2 0.885
11月27日，适龄女性可以到省疾病预防控制中心预防门诊，接种进口四价宫颈癌疫苗，接种需带上银行卡及身份证。
21 29 11 3 3 0.632
因此，即使接种了HPV疫苗，女性也应定期接受宫颈癌筛查。
21 28 11 2 3 0.558
宫颈癌疫苗只是针对它所覆盖的HPV亚型起预防作用。
22 1 1 1 2 0.62
23日，四价宫颈癌疫苗将来到南宁，届时，南宁市的女同胞不用组团赴香港或出国，就能接种疫苗得到防护。
22 2 1 2 2 0.477
这次四价疫苗的到来，距离二价疫苗的上市，仅仅隔了三个月的时间，接种年龄也从二价疫苗的25岁以下放宽到45岁以下。
22 3 2 1 3 0.687
今年8月，二价宫颈癌疫苗来到南宁后，不少医疗机构都购进了疫苗，为9-25岁女性同胞预防宫颈癌设置一道屏障。
22 4 2 2 3 0.394
记者从南宁市八医院了解到，当时该医院购进了200支二价疫苗，目前使用了97支。
22 6 3 1 1 0.688
引进二价宫颈癌疫苗之后，南宁市有关部门经过积极争取，首批四价宫颈癌疫苗（佳达修®四价人乳头瘤病毒疫苗）已确定本周抵达南宁，并于11月23日上午9:30在南宁市疾病预防控制中心综合门诊（厢竹大道55号）举行首针接种仪式。
22 10 5 2 2 0.616
妊娠期、哺乳期妇女应推迟接种。
22 9 5 1 2 0.375
此次引起的四价癌疫苗适用于20~45岁女性，根据国外临床研究数据，首剂与第2剂的接种间隔至少为1个月，而第2剂与第3剂的接种间隔至少为3个月，所有3剂应在一年内完成。
22 12 6 2 2 0.654
因为价格较高，为避免过期浪费，首批进入南宁的四价宫颈癌疫苗数量非常有限，有需要的市民可在23日前到南宁市疾病预防控制中心综合门诊咨询或预约。
22 11 6 1 2 0.385
据了解，接种价格约980元/剂（含注射费），打完三针的价格大约在两三千元左右。
22 13 7 1 2 0.68
二价疫苗、四价疫苗，不同的疫苗为女性朋友的健康设置了一道道屏障，但是，疾控专家也提醒，宫颈癌疫苗并不能100%预防宫颈癌。
22 14 7 2 2 0.199
因为，医学资料显示，HPV病毒超过100种，人们感染了HPV通常没有任何症状，因此很容易通过生殖接触传播开来。
23 6 4 1 1 0.789
所以世界权威机构推荐接种HPV疫苗来预防宫颈癌。
23 20 15 2 3 0.616
因此，即使接种了HPV疫苗，妇女同胞们也应该定期接受宫颈癌筛查。
23 19 15 1 3 0.465
再强调一次，宫颈癌疫苗只是针对它所覆盖的HPV亚型起预防作用！没有覆盖所有的高危型HPV，只能说是大大减少了妇女患宫颈癌的风险。
23 21 15 3 3 0.403
（我中心门诊部就可以做宫颈癌细胞学检查）。
23 26 20 1 1 0.67
应用宫颈癌疫苗预防宫颈癌，应根据自己的年龄，选择适合自己的疫苗种类进行接种。
23 27 21 1 3 0.732
为了自己的健康，也为了更好的陪伴家人，11月27日适龄女性（20一45岁）可以到湖南省疾病预防控制中心预防门诊接种进口4价宫颈癌疫苗（佳达修）了，有需要接种的亲，请带上银行卡及身份证。
23 28 21 2 3 0.463
3剂接种的价格在2500元左右。
24 4 2 1 3 0.679
今年8月，二价宫颈癌疫苗来到南宁后，不少医疗机构都购进了疫苗，为9～25岁女性同胞预防宫颈癌设置一道屏障。
24 5 2 2 3 0.463
记者从南宁市八医院了解到，当时该医院购进了200支二价宫颈癌疫苗，目前使用了97支。
24 7 3 1 1 0.695
引进二价宫颈癌疫苗之后，南宁市有关部门经过积极争取，首批四价宫颈癌疫苗（佳达修·四价人乳头瘤病毒疫苗）已确定本周抵达南宁，并于11月23日上午9时30分在南宁市疾病预防控制中心综合门诊（厢竹大道55号）举行首针接种仪式。
24 12 5 3 3 0.616
妊娠期、哺乳期妇女应推迟接种。
24 11 5 2 3 0.287
根据国外临床研究数据，首剂与第2剂的接种间隔至少为1个月，而第2剂与第3剂的接种间隔至少为3个月，所有3剂应在1年内完成。
24 15 6 3 3 0.654
因为价格较高，为避免过期浪费，首批进入南宁的四价宫颈癌疫苗数量非常有限，有需要的市民可在23日前到南宁市疾病预防控制中心综合门诊咨询或预约。
24 14 6 2 3 0.397
据了解，接种价格约980元/剂（含注射费），打完3针的价格为两三千元。
24 16 7 1 2 0.68
二价疫苗、四价疫苗，不同的疫苗为女性朋友的健康设置了一道道屏障，但是，疾控专家也提醒，宫颈癌疫苗并不能100%预防宫颈癌。
24 17 7 2 2 0.162
因为，医学资料显示，HPV超过100种，人们感染了HPV通常没有任何症状，因此很容易通过生殖接触传播开来。
25 1 1 1 3 0.611
【智飞生物：四价HPV疫苗增补为湖南第二类疫苗挂网产品】据湖南公共资源交易中心披露，该省疾病预防控制中心受理了智飞生物代理的新取得批发的0.5ml四价人乳头瘤病毒疫苗（酿酒酵母）申报为湖南省第二类疫苗挂网产品的申请。
25 2 1 2 3 0.476
公示期结束后（11月17日~21日）即纳入湖南省医药集中采购平台第二类疫苗交易系统供县级疾控机构采购交易。
26 19 13 1 1 0.647
而如今，刚刚在湖北上市的首个预防宫颈癌的疫苗，则可满足适龄女性对通过疫苗接种来预防宫颈癌的健康需求。
26 20 14 1 1 0.644
湖北省疾病预防控制中心生物制品管理办公室主任赵明江昨天接受了采访，一一解答了网友们关于我省此次接种的宫颈癌疫苗的相关问题。
26 28 19 3 4 0.63
世界卫生组织推荐接种宫颈癌疫苗的最佳年龄为9岁-13岁的女孩。
26 27 19 2 4 0.353
越早接种，保护的效力就越大。
26 29 19 4 4 0.215
18岁以下的女孩宫颈上皮还没有发育成熟，更容易受到HPV病毒的“攻击”。
26 42 26 1 1 0.683
二价宫颈癌疫苗是二类疫苗，需要市民自费接种，武汉市的接种价格为614元/剂次，比去香港接种要便宜。
26 43 27 1 2 0.671
提供该疫苗接种的医疗卫生机构。
26 44 27 2 2 0.796
和其他疫苗一样，武汉市民在有预防接种门诊的社区卫生服务中心或乡镇卫生院，武汉以外的地区在有预防接种门诊的医疗卫生机构。
26 45 28 1 2 0.702
我省首批二价宫颈癌疫苗到货29500支，接下来陆续会有疫苗补充，暂时供应充足；目前武汉市中心城区（洪山、硚口、江汉、江岸、青山、武昌、汉阳等7个区）大部分具有接种资质的社区均可接种该疫苗，具体接种时间请咨询相关社区卫生服务中心。
26 46 28 2 2 0.597
仙桃、荆州、潜江也已到货，预计下周湖北省大部分地级市都可接种该疫苗。
28 1 1 1 1 0.629
日前，国内首个获批的宫颈癌四价疫苗正式上市，2017年11月15日，“云南首针”新闻发布会在盘龙辖区的预防接种单位——云南玛莉亚医院召开，这标志着云南20-45岁之间女性预防宫颈疾病新时代的开启，从这一刻开始，需要注射宫颈癌疫苗的25岁以上女性不用再组团出国打针，而是在家门口就可以得到宫颈癌疫苗的防护。
28 7 4 1 2 0.779
首批四价宫颈癌疫苗是11月14日下午送达盘龙区疾病预防控制中心冷库的，区疾控中心的工作人员在第一时间用冷链车为辖区预防接种单位云南省玛莉亚医院配送了疫苗。
28 8 4 2 2 0.686
2017年11月15日下午，首位接种对象在云南玛莉亚医院成功接种了云南省首针四价宫颈癌疫苗。
28 9 5 1 3 0.632
接受宫颈癌四价疫苗首针注射的包艳萍是一位36岁的昆明妈妈，她原本计划今年抽时间到香港进行宫颈癌疫苗注射。
28 10 5 2 3 0.452
8月中旬二价宫颈癌疫苗上市后，她相信四价疫苗的上市不会太远，于是决定等一等。
28 16 8 1 1 0.725
同时，云南玛莉亚医院还是云南省预防接种规范单位，医院在预防接种方面做出的工作得到了上级卫生部门的高度认可，连续多年成为盘龙区预防接种量前三的接种点。
28 17 9 1 6 0.758
2009年，世界卫生组织（WHO）建议将HPV疫苗接种用于宫颈癌的一级预防。
28 18 9 2 6 0.353
现在，我国的一级预防已经引进。
29 2 1 2 2 0.729
20位昆明市民在当地医院接种了该疫苗，成为云南最先接种到四价宫颈癌疫苗的民众。
29 1 1 1 2 0.469
中新网昆明11月15日电(记者胡远航)15日，四价宫颈癌疫苗在云南上市。
29 3 2 1 2 0.641
此次上市的四价宫颈癌疫苗价格为825元/支，接种程序为0/2/6月各接种一针次，共接种3针次。
29 4 2 2 2 0.445
疫苗的适用人群为20-45岁的女性。
29 5 3 1 2 0.609
目前，云南省首批4700余支四价宫颈癌疫苗正陆续配送至各接种点。
29 6 3 2 2 0.788
预计一周后，广大女性可以陆续在云南全省各地州各社区卫生服务中心、疫苗接种门诊进行咨询、预约或接种。
29 7 4 1 4 0.684
云南省疾控中心免疫规划首席专家丁峥嵘介绍称，新上市的四价宫颈癌疫苗，相比二价宫颈癌疫苗，可以预防更多型别的HPV病毒。
29 8 4 2 4 0.414
但需要说明的是，接种了疫苗并不代表对HPV病毒完全免疫。
30 3 3 1 2 0.628
此次上市的四价宫颈癌疫苗“佳达修”接种程序为0/2/6月各接种一针次，共接种3针次，疫苗的价格为825元/支，适用人群为20—45岁的女性。
30 4 3 2 2 0.801
自今天接种之后，广大女性可以陆续在云南省各地州社区卫生服务中心、疫苗接种门诊进行。
30 26 16 1 2 0.637
答：孕妇应避免接种HPV疫苗。
30 27 16 2 2 0.269
不过，以往有妊娠期不慎接种HPV疫苗的情况发生，对产妇及其宝宝进行观察，并未发现与疫苗相关的不良事件。
30 28 17 1 3 0.642
答：男性接种四价和九价HPV疫苗可以预防可能引起喉癌、阴茎癌和肛门癌的HPV感染以及尖锐湿疣。
30 29 17 2 3 0.528
同时，男性接种HPV疫苗能够减少将HPV传染给性伴侣的可能性。
31 1 1 1 2 0.701
二价宫颈癌疫苗获批的接种年龄是9-25岁女性接种，可预防HPV病毒家族中的HPV16和18。
31 2 1 2 2 0.692
四价HPV疫苗适用人群延伸至20-45岁，可预防HPV16、18、6、11，除了预防宫颈癌，还可预防湿疣等疾病。
31 3 2 1 1 0.61
据了解，合肥二价宫颈癌疫苗是612元一次，完成三针是1836元，不同地区价格会略有差异，请以当地门诊为主，目前来该卫生服务中心接种二价宫颈癌疫苗有40多人。
31 24 16 2 2 0.652
即便HPV检测结果阳性，仍然推荐接种疫苗。
31 23 16 1 2 0.48
包括WHO在内的国际卫生组织均指出接种前不需要进行HPV检测。
31 26 18 1 1 0.679
不论有无性行为，只要在疫苗适宜接种年龄段内，都推荐接种疫苗。
32 4 2 1 4 0.745
11月14日，我省第一针四价宫颈癌疫苗在河南省中医院21世纪社区门诊内接种。
32 5 2 2 4 0.551
记者打探到，第一批货是1100多支，明天开始分布在金水区各个接种门诊。
32 6 2 3 4 0.689
一周后，郑州市金水区32个接种门诊均可接种。
32 7 2 4 4 -0.079
□东方今报·猛犸新闻记者董彩红
32 11 5 1 3 0.782
河南省中医院21世纪门诊免疫接种门诊负责人赵荷苹提醒，宫颈癌四价疫苗前后需要接种3针，半年内接种完。
32 12 5 2 3 0.368
如果有备孕计划的女性，至少半年内不建议接种。
32 14 6 1 2 0.701
据悉，第一批到达的疫苗1100多支，明天开始分布在金水区各个接种门诊，大家可选择离家最近的门诊接种。
32 15 6 2 2 0.689
一周后，郑州市金水区32个接种门诊均可接种。
32 16 7 1 3 0.724
之前接种过二价疫苗的女性，是否需要再重复接种四价疫苗？郑州市金水区疾控中心免疫规划科科长张书彦说，不需要。
32 17 7 2 3 0.334
二价HPV疫苗，对国内人群的感染预防率更高，达到84.5%，高于全球平均值。
32 20 9 1 1 0.8
另外，接种门诊上午要给孩子们接种各类疫苗，大家可每周一到周五下午预约各门诊的宫颈癌疫苗接种。
33 3 1 3 3 0.776
据了解，预计下周郑州市区内接种门诊均可进行接种。
33 2 1 2 3 0.468
所幸的是适合20~45岁的四价宫颈癌疫苗终于来了，郑州是继重庆之后第二个开始接种的城市。
33 4 2 1 3 0.64
14日上午10点，在省中医院21世纪社区门诊内，我省第一针四价宫颈癌疫苗正式开打。
33 5 2 2 3 0.486
据了解，昨日送到郑州的第一批货有1100多支，今天开始在金水区各个接种门诊开打。
33 6 2 3 3 0.689
一周后，郑州市金水区32个接种门诊均可接种。
33 16 6 1 1 0.762
郑州市二七区疾控中心免疫规划科科长王衡介绍，根据二价疫苗接种情况，二七区这次采购了896支宫颈癌四价疫苗，“市区其他几个区也采购了四价疫苗，预计下周市区接种门诊都可以进行接种”。
34 3 2 1 3 0.616
今天（14日）上午10点，在省中医院21世纪社区门诊内，我省第一针四价宫颈癌疫苗正式开打。
34 4 2 2 3 0.505
据了解，今天送到郑州的第一批货是1100多支，明天开始分布在金水区各个接种门诊。
34 5 2 3 3 0.689
一周后，郑州市金水区32个接种门诊均可接种。
34 19 7 1 1 0.685
省中医院21世纪门诊免疫接种门诊负责人赵荷苹说，宫颈癌四价疫苗需要接种3针，半年内接种完，如果半年内准备怀孕的，不建议接种，可以等到生完孩子再接种。
35 1 1 1 2 0.662
今天（14日）上午10点，在省中医院21世纪社区门诊内，我省第一针四价宫颈癌疫苗正式开打，而一周后，郑州市金水区的32个门诊均可接种。
35 2 1 2 2 0.654
郑州市金水区疾控中心免疫规划科科长张书彦说，因为每个门诊一般上午是给孩子们接种疫苗，所以建议需要接种的读者每周一至周五的下午去，去接种之前，最好给接种门诊打个电话说一下。
35 5 4 1 1 0.624
“给21世纪门诊先配112支，剩下的疫苗从今天开始会陆续配送到金水区其他门诊内。”郑州市金水区疾控中心免疫规划科科长张书彦说。
35 7 5 2 2 0.616
四价宫颈癌疫苗接种年龄是20岁至45岁。
35 6 5 1 2 0.557
据了解，今年8月，我省开始接种二价宫颈癌疫苗，本次郑州开打四价宫颈癌疫苗，属于全国第二个开打的城市，第一个是重庆。
35 9 7 1 1 0.618
“每支820元，需要打三针。”省中医院21世纪社区门诊免疫接种门诊负责人赵荷苹说，这个疫苗每针进价是798元，加价的22元是运输费和材料费。
35 18 14 2 2 0.602
换言之，接种了二价宫颈癌疫苗，女性同胞们今后患上宫颈癌的风险可大大减少。
35 17 14 1 2 0.244
二价宫颈癌疫苗是科学家们本着“首恶必办”的宗旨，针对HPV16和HPV18两个为非作歹的首恶之徒而研发的生物武器，如上所述，HPV16和HPV18在所有引发宫颈癌的HPV亚型中占了70%以上的份额，因此，针对它们就等于打蛇打在七寸的位置上，可以给宫颈癌以致命一击。
36 2 2 1 1 0.768
20-45岁女性可以在重庆接种宫颈癌疫苗了！昨日下午，四价宫颈癌疫苗佳达修中国内地首针接种在重庆市巴南区李家沱社区卫生服务中心开针。
36 3 3 1 1 0.684
当日上午1080支四价宫颈癌疫苗佳达修送到巴南区，预计本月内重庆各区县将会陆续到货，有接种需求的女性可以向当地社区卫生服务中心咨询。
36 4 4 1 1 0.758
当日下午2点，沈亚绿女士在李家沱社区卫生服务中心完成四价宫颈癌疫苗佳达修接种，她也成为首位接种该疫苗的女性。
36 14 12 1 1 0.789
疫苗供应方相关负责人介绍，自当天接种之后，广大女性可以陆续在全国其他城市各社区卫生服务中心、疫苗接种门诊进行咨询、预约或接种。
37 1 1 1 4 0.631
东莞时间网讯上周,东莞多个镇街已陆续开始接种二价宫颈癌疫苗。
37 2 1 2 4 0.668
同时,流感疫苗也开始接种。
37 3 1 3 4 0.576
截至目前,我市已有16个镇街(园区)社区卫生服务中心订购了二价HPV疫苗,市疾控中心已于11月6日开始陆续配送至这16个镇街(园区),预计11月13日完成配送。
37 5 2 1 1 0.821
市疾控中心专家建议,市民在接种前,先向预防接种门诊咨询疫苗是否到货。
38 2 1 2 2 0.603
上证报记者从智飞生物获悉，首个在内地接种四价HPV疫苗的是一位24岁的女士。
38 1 1 1 2 0.558
11月13日，四价HPV疫苗（宫颈癌疫苗）“佳达修”首针在重庆开打。
38 5 3 1 2 0.645
据悉，“佳达修”可用于20岁至45岁的女性接种，采用0/2/6月各接种一针次、共3剂免疫接种程序，适用于预防由16型、18型人乳头瘤病毒（HPV）所致的宫颈癌、宫颈上皮内瘤样病变（CIN123）和原位腺癌（AIS）。
38 6 3 2 2 0.531
作为全球第一个宫颈癌疫苗，相比葛兰素史克的二价疫苗，默沙东的四价疫苗从年龄与预防功效上均有所扩展。
38 8 4 2 2 0.611
公司公告称，该疫苗将通过各省疾病预防控制机构，在省级公共资源交易平台集中采购，由县级疾病预防控制机构向疫苗生产企业采购并供应给本行政区域的接种单位后，将陆续进入当地疫苗流通领域推广应用。
38 7 4 1 2 0.249
据了解，智飞生物早在2012年就与美国默沙东就该疫苗的供应、经销与推广达成协议。
39 1 1 1 4 0.634
记者从智飞生物(300122)了解到，中国大陆地区首剂四价HPV疫苗接种在重庆开针。
39 2 1 2 4 0.498
此次，上市的默沙东四价HPV疫苗共需接种3针次，价格为952元/支，共需2856元。
39 3 1 3 4 0.772
自此次接种之后，广大女性可以陆续在全国其他城市各社区卫生服务中心、疫苗接种门诊进行咨询、预约或接种，智飞生物将作为四价HPV疫苗在中国大陆独家经销商。
39 4 1 4 4 0.029
（e公司）
40 1 1 1 3 0.604
记者今天从相关部门获悉，宫颈癌疫苗在线预约接种服务的范围近日由原来的41个城市扩大至全国100多个城市的800多家社区卫生服务中心，山东共有包括淄博在内的10个城市可以在线预约宫颈癌疫苗接种服务。
40 2 1 2 3 0.277
作为严重威胁妇女健康的常见恶性肿瘤，宫颈癌在我国女性生殖系统恶性肿瘤中，发病率和死亡率都居首位，且患病年轻化趋势日显。
40 3 1 3 3 0.715
而人乳头瘤病毒（HPV）疫苗接种是世界卫生组织推荐的宫颈癌预防一级措施。
40 5 2 2 2 0.743
这意味着，国内9-25岁的女性可根据自身需要，自愿自费在省、市、区（县）疾控中心或有二类疫苗接种资质的接种点进行接种。
40 4 2 1 2 0.402
2017年7月31日，由葛兰素史克生产的二价HPV疫苗“希瑞适”成为中国内地首个获批正式上市的HPV疫苗。
40 9 4 1 2 0.631
记者打开手机淘宝、支付宝搜索“宫颈癌疫苗”，即可进入咨询预约服务页面，随时查询社区卫生服务中心接种信息、咨询医疗专业人士和智能咨询机器人，了解相关接种知识，并享受疫苗在线预约接种服务，点击“立即预约”便可以选择所在区域和附近的社区接种机构。
40 10 4 2 2 0.233
记者选择淄博后，注意到目前预约需要花1元，双十一狂欢价为0.8元。
41 9 5 1 2 0.618
按照程序来看，默沙东四价HPV疫苗将通过各省疾病预防控制机构组织，并在省级公共资源交易平台集中采购。
41 10 5 2 2 0.625
此后，由县级疾病预防控制机构向疫苗生产企业采购，并供应给该行政区域的接种单位后，将陆续进入当地疫苗流通领域推广应用，为国内适龄女性预防相应疾病提供更多选择。
42 1 1 1 5 0.606
【全国100个城市可网上预约宫颈癌疫苗】近日获悉，全国100多个城市的800多家社区卫生服务中心可在线预约宫颈癌疫苗接种服务。
42 2 1 2 5 0.753
人乳头瘤病毒(HPV)疫苗接种是世界卫生组织推荐的宫颈癌预防一级措施。
42 3 1 3 5 0.381
今年7月，由葛兰素史克生产的二价HPV疫苗“希瑞适”成为中国内地首个获批正式上市的HPV疫苗。
44 2 1 2 4 0.81
昨天，浦东新区部分社区卫生服务中心的接种门诊，率先开始提供二价HPV疫苗接种服务。
44 1 1 1 4 -0.048
好消息总是一起来。
44 3 1 3 4 0.314
备受瞩目、翘首以盼的宫颈癌疫苗，终于在上海落地。
48 1 1 1 2 0.637
[上海市首剂宫颈癌疫苗今早在浦东开针！13日起，全区都可接种→]宫颈癌疫苗开打啦！浦东本次共配送4200剂宫颈癌疫苗，保质期到2020年。
48 2 1 2 2 0.796
11月8日-10日，浦东新区完成对辖区内所有接种单位的疫苗配送；11月13日起，全区社区卫生服务中心门诊和9家医院的特需门诊就可以接种疫苗啦！想要去接种HPV疫苗的小伙伴可以去预约咯~详情戳http://t.cn/RlYhKUS
49 1 1 1 3 0.423
“上海发布”微信公号11月8日消息，HPV（HumanPapillomavirus，人乳头瘤病毒）疫苗在国内获批后，很多市民都很关心什么时候可以在上海接种。
49 2 1 2 3 0.76
市疾控中心说：目前，浦东新区11月8日-10日完成对辖区内所有接种单位的疫苗配送，11月13日起全区成人门诊和特需门诊可以接种。
49 3 1 3 3 0.467
该疫苗适用于9-25岁的女性。
49 5 2 2 2 0.778
市民如需接种HPV疫苗，可向社区接种门诊和特需门诊提前致电预约，相关联系方式请查看下文。
49 4 2 1 2 0.405
PS：预计全市大部分区的疫苗将于今年年底前陆续到货。
49 10 5 1 1 0.63
注意：在接种宫颈癌疫苗前不需要进行HPV检测。
49 11 6 1 1 0.638
宫颈癌疫苗为第二类疫苗，知情、自愿、自费接种，585.5元/支，三剂程序共1756.5元。
49 21 15 1 1 0.721
温馨提示：接种之前请先致电咨询、预约接种点门诊。
49 32 20 1 1 0.767
如需接种，请致电接种门诊了解详情。
49 40 25 1 2 0.637
答：孕妇应避免接种HPV疫苗。
49 41 25 2 2 0.269
不过，以往有妊娠期不慎接种HPV疫苗的情况发生，对产妇及其宝宝进行观察，并未发现与疫苗相关的不良事件。
49 42 26 1 3 0.642
答：男性接种四价和九价HPV疫苗可以预防可能引起喉癌、阴茎癌和肛门癌的HPV感染以及尖锐湿疣。
49 43 26 2 3 0.528
同时，男性接种HPV疫苗能够减少将HPV传染给性伴侣的可能性。
50 2 1 2 3 0.76
市疾控中心说：目前，浦东新区11月8日-10日完成对辖区内所有接种单位的疫苗配送，11月13日起全区成人门诊和特需门诊可以接种。
50 1 1 1 3 0.423
“上海发布”微信公号11月8日消息，HPV（HumanPapillomavirus，人乳头瘤病毒）疫苗在国内获批后，很多市民都很关心什么时候可以在上海接种。
50 3 1 3 3 0.467
该疫苗适用于9-25岁的女性。
50 5 2 2 2 0.778
市民如需接种HPV疫苗，可向社区接种门诊和特需门诊提前致电预约，相关联系方式请查看下文。
50 4 2 1 2 0.405
PS：预计全市大部分区的疫苗将于今年年底前陆续到货。
50 10 5 1 1 0.63
注意：在接种宫颈癌疫苗前不需要进行HPV检测。
50 11 6 1 1 0.638
宫颈癌疫苗为第二类疫苗，知情、自愿、自费接种，585.5元/支，三剂程序共1756.5元。
50 21 15 1 1 0.721
温馨提示：接种之前请先致电咨询、预约接种点门诊。
50 32 20 1 1 0.767
如需接种，请致电接种门诊了解详情。
50 40 25 1 2 0.637
答：孕妇应避免接种HPV疫苗。
50 41 25 2 2 0.269
不过，以往有妊娠期不慎接种HPV疫苗的情况发生，对产妇及其宝宝进行观察，并未发现与疫苗相关的不良事件。
50 42 26 1 3 0.642
答：男性接种四价和九价HPV疫苗可以预防可能引起喉癌、阴茎癌和肛门癌的HPV感染以及尖锐湿疣。
50 43 26 2 3 0.528
同时，男性接种HPV疫苗能够减少将HPV传染给性伴侣的可能性。
51 4 3 2 2 0.724
据悉，上海市浦东新区11月8日-10日将完成对辖区内所有接种单位的疫苗配送，11月13日起全区成人门诊和特需门诊可以接种。
51 3 3 1 2 0.565
上海市疾控中心免疫规划所主任胡家瑜告诉第一财经记者，目前宫颈癌疫苗已经完成招标遴选并进入上海仓库，各个区县疾控中心还需要通过GPO（医院药品集团采购）平台进行采购。
52 2 1 2 3 0.76
市疾控中心说：目前，浦东新区11月8日-10日完成对辖区内所有接种单位的疫苗配送，11月13日起全区成人门诊和特需门诊可以接种。
52 1 1 1 3 0.499
HPV（HumanPapillomavirus，人乳头瘤病毒）疫苗在国内获批后，很多市民都很关心什么时候可以在上海接种。
52 3 1 3 3 0.467
该疫苗适用于9-25岁的女性。
52 5 2 2 2 0.778
市民如需接种HPV疫苗，可向社区接种门诊和特需门诊提前致电预约，相关联系方式请查看下文。
52 4 2 1 2 0.405
PS：预计全市大部分区的疫苗将于今年年底前陆续到货。
52 10 5 1 1 0.63
注意：在接种宫颈癌疫苗前不需要进行HPV检测。
53 1 1 1 2 0.671
东莞时间网讯昨日，我市首针二价宫颈癌疫苗在南城社区卫生服务中心开打，受种者是一位22岁的在校大学生。
53 2 1 2 2 0.645
据了解，我市33个镇街（园区）社区卫生服务中心将陆续到货，有需要的市民可以就近自费接种。
53 4 3 1 1 0.638
据南城社区卫生服务中心副主任张健新介绍，该中心第一批到货了200支疫苗，市民随时可以来南城广彩路的站点接种。
53 5 4 1 2 0.636
据市疾控中心介绍，我市已采购了10000支二价HPV疫苗，11月6日开始将陆续配送至各镇街（园区）社区卫生服务中心。
53 6 4 2 2 0.517
该疫苗全程接种3针，每针价格为605元人民币。
54 1 1 1 2 0.87
预检、登记、缴费、接种……11月4日上午，雨湖区雨湖路街道社区卫生服务中心预防接种门诊，大四女生小邓接受了宫颈癌疫苗的接种。
54 2 1 2 2 0.17
这也是湘潭打出的第一针宫颈癌疫苗。
54 7 4 1 1 0.617
从现在起，雨湖区凡符合条件的女性，可根据自身需要，自愿自费到所在的社区卫生服务中心或乡镇卫生院预约接种，接种程序为0/1/6月各接种一剂次，全程免疫3针次，每针609.5元。
54 21 12 1 2 0.627
二价疫苗推荐用于9-25岁女性。
54 22 12 2 2 0.551
已婚、已育、有性行为的女性都可以接种HPV疫苗，在发生性行为前接种的效果最好。
54 25 14 2 3 0.632
据了解，四价HPV疫苗国内批准的接种年龄是20-45岁。
54 24 14 1 3 0.47
根据规定，超过25岁的女性不能接种二价HPV疫苗，但是以后可能还会有其它的疫苗推出，包括四价HPV疫苗可能也会很快上市。
54 26 14 3 3 0.634
所以不在二价HPV疫苗接种年龄段的女性，可以再等一等四价HPV。
54 35 21 2 2 0.755
无论接种二价疫苗、四价疫苗还是九价疫苗，接种疫苗后仍然需要定期进行宫颈癌筛查。
54 34 21 1 2 0.434
接种HPV疫苗可以降低患宫颈癌的风险，但并不能保障一定不会得宫颈癌。
55 3 2 1 2 0.626
上海的女性居民，只要打开手机淘宝、支付宝搜索“宫颈癌疫苗”，即可进入咨询预约服务页面，随时查询社区卫生服务中心接种信息、咨询医疗专业人士和智能咨询机器人，了解相关接种知识，并享受疫苗在线预约接种服务。
55 4 2 2 2 0.535
点击“立即预约”便可以选择所在区域和附近的社区接种机构，提交预约后还可选择方便的时间享受接种咨询服务。
55 8 4 2 4 0.715
而人乳头瘤病毒（HPV）疫苗接种是世界卫生组织推荐的宫颈癌预防一级措施。
55 7 4 1 4 0.261
作为严重威胁妇女健康的常见恶性肿瘤，宫颈癌在我国女性生殖系统恶性肿瘤中，其发病率和死亡率都居首位，且患病年轻化趋势日显。
55 9 4 3 4 0.402
2017年7月31日，由葛兰素史克生产的二价HPV疫苗“希瑞适”成为中国内地首个获批正式上市的HPV疫苗。
55 10 4 4 4 0.743
这意味着，国内9-25岁的女性可根据自身需要，自愿自费在省、市、区（县）疾控中心或有二类疫苗接种资质的接种点进行接种。
56 4 2 1 2 0.628
广州的女性居民，只要打开手机淘宝、支付宝搜索“宫颈癌疫苗”，即可进入咨询预约服务页面，随时查询社区卫生服务中心接种信息、咨询医疗专业人士和智能咨询机器人，了解相关接种知识，并享受疫苗在线预约接种服务。
56 5 2 2 2 0.478
若点击“立即预约”，便可以选择所在区域和附近的社区接种机构。
56 8 4 2 2 0.715
而人乳头瘤病毒（HPV）疫苗接种是世界卫生组织推荐的宫颈癌预防一级措施。
56 7 4 1 2 0.261
作为严重威胁妇女健康的常见恶性肿瘤，宫颈癌在我国女性生殖系统恶性肿瘤中，其发病率和死亡率都居首位，且患病年轻化趋势日显。
56 10 5 2 2 0.742
这意味着，国内9—25岁的女性可根据自身需要，自愿自费在省、市、区（县）疾控中心或有二类疫苗接种资质的接种点进行接种。
56 9 5 1 2 0.395
今年7月31日，由葛兰素史克生产的二价HPV疫苗“希瑞适”成为中国内地首个获批正式上市的HPV疫苗。
57 1 1 1 2 0.769
湘潭在线11月6日讯（湘潭日报社全媒体记者曾晓蓉通讯员朱朗）预检、登记、缴费、接种……11月4日上午，雨湖区雨湖路街道社区卫生服务中心预防接种门诊，大四女生小邓接受了宫颈癌疫苗的接种。
57 2 1 2 2 0.208
这也是我市打出的第一针宫颈癌疫苗。
57 8 3 3 3 0.689
当天除小邓外，雨湖区还有两名年轻女性也来到该社区卫生服务中心接种了宫颈癌疫苗。
57 7 3 2 3 0.384
而小邓通过网络、电视等媒体了解宫颈癌及宫颈癌疫苗相关知识后，也欣然接受了母亲的建议。
57 10 4 2 2 0.623
从现在起，雨湖区凡符合条件的女性，可根据自身需要，自愿自费到所在的社区卫生服务中心或乡镇卫生院预约接种，接种程序为0/1/6月各接种一剂次，全程免疫3针次。
57 9 4 1 2 0.569
雨湖区疾控中心相关负责人介绍，这次上市的二价宫颈癌疫苗，推荐接种的主要人群为9-25岁女性，因为该疫苗在未被暴露于HPV病毒的人群中最为有效。
58 2 1 2 3 0.66
记者从市卫生计生局了解到，我市已采购了10000支二价HPV疫苗，将陆续配送至各镇街（园区）社区卫生服务中心。
58 1 1 1 3 0.463
东莞时间网讯（记者李广）我市宫颈癌疫苗将于11月6日开打。
58 3 1 3 3 0.517
该疫苗全程接种3针，每针价格为605元人民币。
58 10 5 2 2 0.603
哺乳期妇女应该谨慎接种。
58 9 5 1 2 0.382
此外，正在患急性、严重发热性疾病的人要延迟到症状消失后再接种。
58 11 6 1 1 0.621
市卫生计生局提醒，二价HPV疫苗只对HPV-16和HPV-18感染引起的宫颈癌及其相关疾病具有保护作用，不能预防其他型别的HPV引起的疾病；和其他疫苗一样，接种HPV疫苗后不一定产生100%的保护效果。
59 1 1 1 1 0.672
“我今天接到几十个电话咨询有关宫颈癌疫苗以及预约接种的。”集里街道社区卫生服务中心的工作人员表示，自11月1日起，就有很多女性市民纷纷打电话来咨询相关事宜，关注何时能够接种宫颈癌疫苗（又称HPV疫苗）。
59 5 3 2 2 0.616
因为无法在湖南接种HPV疫苗，在得知HPV疫苗上市销售之前，不少市民甚至“打飞的”去香港接种疫苗，而前往香港接种二价HPV疫苗总价在人民币2584.4元左右（本报8月2日09版报道）。
59 4 3 1 2 0.452
宫颈癌是严重威胁女性健康的常见恶性肿瘤，接种HPV疫苗，可刺激免疫系统产生保护性抗体，达到预防HPV感染的目的。
59 11 8 1 1 0.635
“宫颈癌疫苗属于收费的二类疫苗，考虑到价格和数量，我们暂时主要安排在城区的四个街道社区卫生服务中心，市民可按需预约接种。”市疾控中心免疫规划管理科科长张小明介绍，此次浏阳引进的为二价宫颈癌疫苗，在内地获批的适应症只适用于9岁至25岁女性，完成整个二价宫颈癌疫苗接种程序共需要三针，“分别在第0、1、6个月，即第一针和第二针间隔1个月，第二针和第三针间隔5个月。”
59 13 9 2 2 0.776
“二价宫颈癌疫苗接种收费标准是609.5元/支（三针共1828.5元）。”疾控中心后勤科科长黄启明介绍，在11月2日下午召集街道社区卫生服务中心的工作人员召开疫苗接种培训会后，“近两天，预计市民可接种到宫颈癌疫苗。”
59 12 9 1 2 0.54
相比前往香港接种的花费，此次获批的二价宫颈癌疫苗价格较为“亲民”。
59 14 10 1 2 0.605
超过25岁能否接种？对于超过25岁的女性而言，想要接种宫颈癌疫苗就得等四价宫颈癌疫苗的引进了。
59 15 10 2 2 0.462
四价宫颈癌疫苗适用于20至45岁的女性人群，浏阳预计在明年年初能够引进。
59 16 11 1 1 0.634
接种宫颈癌疫苗可以预防其他相关HPV型别感染或者相同HPV型别再次感染。
60 2 1 2 2 0.713
11月1日是接种宫颈癌疫苗的第一天，下午三点半，在天元区嵩山街道社区卫生服务中心，23岁的杜若琳和她的同事一起，成功接种株洲首针二价宫颈癌疫苗，成为首批接种此疫苗的株洲市民。
60 1 1 1 2 0.302
株洲传媒网11月02日讯（新闻综合频道记者廖姗廖智勇）10月30日，很多女性翘首期盼的宫颈癌疫苗登陆株洲。
60 3 2 1 1 0.683
当天下午三点，在天元区嵩山街道社区卫生服务中心，23岁的杜若琳和25岁的王莹，分别接种了二价宫颈癌疫苗。
60 9 5 1 2 0.707
想要预约接种的市民，可以就近前往所在的社区卫生服务中心或乡镇卫生院接种。
60 10 5 2 2 0.056
也可以关注微信公众号“约苗”，在网上直接预约。
60 13 7 1 4 0.665
在泰山街道社区卫生服务中心，市民易含英和肖格正在咨询宫颈癌疫苗。
60 14 7 2 4 0.155
疫苗接种后到底有没有作用？会不会对身体有影响？这些是被问得最多的问题。
60 15 7 3 4 0.703
天元区疾控中心免疫规划科科长黄琼说，目前天元区疾控部门到货二价宫颈癌疫苗1000支，按照一人需要接种三针来算，这一批疫苗可供三百多人进行接种。
60 16 7 4 4 0.119
从10月31日到货开始，就不断有人来咨询。
61 1 1 1 1 0.693
长沙晚报讯（记者杨蔚然通讯员张亚娜沈菁）“今后，湖南人接种宫颈癌疫苗（HPV疫苗）不用再打‘飞的’跑香港了，家门口就能注射。”昨日10时，23岁的长沙市民曹小姐在湖南省疾控中心接种了宫颈癌疫苗，这是宫颈癌疫苗湖南上市的第一针。
61 2 2 1 1 0.678
“此次获批的宫颈癌疫苗希瑞适，是二价宫颈癌疫苗。”湖南省疾控中心预防医学门诊部主任、副主任医师石琼介绍，宫颈癌在我省女性生殖系统恶性肿瘤中，发病率和死亡率都居首位，且呈年轻化趋势，接种宫颈癌疫苗、定期进行宫颈癌筛查，是预防宫颈癌的必要措施。
61 4 3 2 3 0.783
11月1日起，9岁至25岁的女性可根据自身需要，自愿自费前往省、市、区（县）疾控中心或有二类疫苗接种资质的接种点，接种二价宫颈癌疫苗。
61 3 3 1 3 0.563
此次二价宫颈癌疫苗主要推荐9岁至13岁（在性行为开始前）的女性接种，适用于9岁至25岁的女性，接种程序为0/1/6月各接种一剂次，全程免疫3针次。
61 5 3 3 3 0.488
适合25岁以上年龄的四价宫颈癌疫苗，预计在2018年初上市。
62 5 2 2 2 0.767
”今天在长沙召开的湖南宫颈癌疫苗上市新闻发布会宣布，11月1日起，9至25岁的女性可根据自身需要，自愿自费前往在省、市、区（县）疾控中心或有二类疫苗接种资质的接种点，接种二价HPV疫苗。
62 4 2 1 2 0.561
“今后，湖南人接种宫颈癌疫苗（HPV疫苗）不用再打“飞的”往境外跑了，家门口就能注射。
62 7 3 2 2 0.708
接种人乳头瘤病毒（HPV）疫苗及定期宫颈癌筛查，成为预防宫颈癌的必要措施。
62 6 3 1 2 0.258
宫颈癌作为严重威胁妇女健康的常见恶性肿瘤，在我国女性生殖系统恶性肿瘤中，其发病率和死亡率都居第一位，且患病年轻化趋势日显。
62 14 6 1 1 0.715
湖南哪里可以接种希瑞适宫颈癌疫苗？
62 15 7 1 2 0.658
提供希瑞适接种的卫生机构和其他疫苗一样，是各城市的社区医院及社区卫生服务中心。
62 16 7 2 2 0.495
市民也可以登录手机淘宝APP端搜索“宫颈癌”，就可进行相关咨询和预约接种。
62 19 9 2 2 0.669
世界卫生组织推荐接种宫颈癌疫苗的主要接种人群为9-13岁女性，次要接种人群为较大的女性青少年和年轻妇女。
62 18 9 1 2 0.463
可以，有性生活不是疫苗接种的禁忌症。
62 21 11 1 1 0.613
接种宫颈癌疫苗可以预防其他相关HPV型别的感染或者相同HPV型别的再次感染。
62 24 14 1 3 0.704
今天上午，市民曹小姐在湖南省疾控中心接种了宫颈癌疫苗。
62 25 14 2 3 0.566
签接种告知单，缴费，取药，打针，留观30分钟，宫颈癌接种疫苗就完成了。
62 27 15 1 2 0.698
10月31日，湖南省预防医学会、湖南省疾病预防控制中心召开湖南宫颈癌疫苗上市新闻发布会。
62 28 15 2 2 0.879
记者获悉，11月1日起，9-25岁的女性可前往长沙各预防接种单位（如社区卫生服务中心、乡镇卫生院的预防接种门诊等）接种二价HPV疫苗。
63 1 1 1 3 0.62
北京市正在采购2价宫颈癌疫苗。
63 2 1 2 3 0.73
记者昨天分别从市疾控中心与葛兰素史克公司获悉，疫苗最快将于11月上旬派发到接种站点，届时市民可到附近的接种站点预约接种疫苗。
63 3 1 3 3 0.355
首批供应一万余支，疫苗将遵循“0差价”，按照采购价580一支供给市民。
63 7 3 2 3 0.763
市疾控中心副主任庞星火介绍说，按照疫苗采购配送流程，下月宫颈癌疫苗将配送至接种点。
63 6 3 1 3 0.323
市疾控中心也向北青报记者证实了此事。
63 8 3 3 3 0.74
市疾控中心官网公布有全市497家接种门诊地址和电话，“有接种意愿的市民，下月起可以与接种点预约，接种点提交疫苗申请，到货后通知市民前来接种”。
63 12 6 1 2 0.625
对于本市宫颈癌疫苗价格，市疾控中心介绍说，本市宫颈癌疫苗将实行“0差价”，也就是疫苗价格与采购价一致。
63 13 6 2 2 0.562
采购公告显示，2价宫颈癌疫苗在北京地区的采购价为580元每支，接种全程三针共计1740元。
63 17 8 1 3 0.619
2价宫颈癌疫苗在国内的建议接种人群为9岁至25岁的女性，全程3针，推荐于0,1,6月分别接种一剂，半年完成接种。
63 18 8 2 3 0.565
此外，同样获批的4价宫颈癌疫苗，接种人群为20岁至45岁。
63 20 9 1 4 0.659
记者了解到，2价宫颈癌疫苗与4价疫苗的主要区别在于可预防病毒种类及可接种人群年龄段的不同。
63 21 9 2 4 0.589
2价宫颈癌疫苗可以预防16、18两种HPV病毒，同时可交叉保护31、33、45型病毒；4价宫颈癌疫苗可用于预防6、11、16、18四种HPV病毒亚型。
64 2 1 2 3 0.816
记者27日从长沙市疾控中心获悉，11月起，全市各预防接种门诊相继可以接种二价HPV疫苗了。
64 1 1 1 3 0.517
自从HPV(人乳头瘤病毒)疫苗(俗称宫颈癌疫苗)在我国内地获批上市以来，很多市民翘首期盼。
64 3 1 3 3 0.6
四价HPV疫苗预计今年年底或明年年初可在长沙接种。
64 13 9 1 1 0.887
11月起，长沙各预防接种单位(如：社区卫生服务中心、乡镇卫生院的预防接种门诊等)可相继接种二价HPV疫苗。
64 16 12 1 1 0.619
中国内地上市的二价HPV疫苗建议接种对象是9～25岁的女性。
64 17 13 1 1 0.661
四价疫苗建议接种对象是20～45岁的女性。
65 1 1 1 4 0.628
【北京497家门诊下月可接种HPV疫苗售价580一支】葛兰素史克研发的二价HPV疫苗在中国大陆上市已近3月，下月起北京地区居民也可接种疫苗。
65 2 1 2 4 0.584
此次北京HPV疫苗遵循零差价原则，按照采购价580/针提供给市民，接种全程需要1740元。
66 2 1 2 3 0.839
湖南省疾控中心今天透露，该中心的预防门诊从11月1日开始就能接种二价HPV疫苗，全省的社区卫生服务中心、乡镇卫生院等预防接种门诊11月起也可相继接种，每针次价格预计在650元左右。
66 1 1 1 3 0.491
华声在线10月27日讯(记者段涵敏通讯员张亚娜刘姝)大家期盼已久的HPV(人乳头瘤病毒)疫苗(俗称“宫颈癌疫苗”)来湖南了。
66 3 1 3 3 0.617
四价HPV疫苗预计今年底或明年初可在长沙接种。
66 7 3 2 3 0.654
目前，二价HPV疫苗主要预防HPV病毒16型和18型的感染，建议接种对象是9至25岁的女性;四价疫苗主要预防6、11、16、18型病毒的感染，接种对象是20至45岁的女性。
66 6 3 1 3 0.513
长沙市疾控中心免疫规划专家林希建介绍，接种HPV疫苗，可刺激免疫系统产生保护性抗体，这种抗体存在于人的体液之中，HPV病毒一旦出现，抗体会立即作用，将其清除，阻止HPV病毒感染，从而预防HPV感染。
66 8 3 3 3 0.589
二价和四价HPV疫苗全程均注射3剂次，全程接种需6个月的时间完成。
67 2 1 2 2 0.662
东莞的不少市民也在关注，什么时候在东莞就可以接种宫颈癌疫苗？昨日，东莞市疾控中心通报称，目前，东莞正加快进度通过“广东省第三方药品电子交易平台”采购二价人乳头瘤病毒疫苗，预计11月中旬全市各镇街（园区）社卫中心将可为市民提供该疫苗的接种服务。
67 1 1 1 2 0.481
大洋网讯10月23日下午，广东省第一针宫颈癌疫苗在广州天河区妇幼保健院开打。
67 4 3 1 2 0.65
疾控专家介绍，HPV疫苗，就是宫颈癌疫苗，是一种预防宫颈癌发病的疫苗。
67 5 3 2 2 0.58
宫颈癌主要由感染人乳头瘤病毒（HPV病毒）引起，该疫苗通过预防HPV病毒感染，进而有效预防宫颈癌的发病。
67 21 9 2 2 0.69
HPV疫苗属于二类疫苗，需要自费自愿接种。
67 20 9 1 2 0.368
HPV疫苗需要接种3剂次，共需要6个月左右的时间完成，即开始的第1剂次、1个月后接种第2剂次，6个月后注射最后一剂次。
67 25 10 4 4 0.604
因此，即使接种HPV疫苗，也应该按照正规的宫颈癌筛查策略，接受宫颈癌筛查。
67 24 10 3 4 0.409
但导致宫颈癌的HPV还有其他亚型，不在预防范围内。
67 27 12 1 1 0.66
就市民关注四价宫颈癌疫苗一事，东莞市疾控中心表示，现在“广东省第三方药品电子交易平台”尚不能采购四价人乳头瘤病毒疫苗，市疾控中心正积极与省疾控中心等部门沟通，密切关注四价人乳头瘤病毒疫苗上市进展情况，一旦可以采购该疫苗，将及时采购供市民接种。
68 1 1 1 2 0.708
中新网杭州10月24日电(记者方堃)宫颈癌是女性健康的重大威胁，人乳头瘤病毒(HPV)疫苗接种是世界卫生组织推荐的宫颈癌预防一级措施。
68 2 1 2 2 0.652
2017年7月31日，由葛兰素史克生产的二价HPV疫苗，成为中国内地首个获批正式上市的HPV疫苗，该二价HPV疫苗推荐用于9～25岁女性，属于群众自费、自愿接种的疫苗，采用3剂免疫接种程序。
68 3 2 1 2 0.672
据悉，浙江省疾病预防控制中心于2017年9月完成了HPV疫苗政府集中采购工作，该省各县区疾控中心可在浙江省政府采购云平台上采购HPV疫苗。
68 4 2 2 2 0.332
该批疫苗主要针对16型和18型人乳头状瘤病毒，这两种病毒是全球约70%宫颈癌的致病原因。
68 5 3 1 1 0.74
24日，记者从浙江省疾病预防控制中心获悉，浙江首批HPV疫苗已经于23日供应到位，浙江省宁波市鄞州区第三医院和浙江省嘉兴市南湖区城南街道社区卫生服务中心迎来首位接种宫颈癌疫苗的市民；24日，浙江省杭州市江干区采荷、凯旋、四季青和彭埠街道社区卫生服务中心也迎来首位接种宫颈癌疫苗的市民。
68 6 4 1 1 0.727
目前，浙江全省已有63家县级疾控中心完成了HPV疫苗采购，近5万支HPV疫苗将陆续供应到位，市民在就近的镇医院、卫生院、社区卫生服务中心即可接种疫苗。
69 1 1 1 2 0.822
大洋网讯昨日下午，24岁的龚小姐在罗湖中医院成人预防接种门诊接种了深圳首针HPV疫苗。
69 2 1 2 2 0.548
据介绍，目前在深可接种的HPV疫苗为二价疫苗，主要针对导致宫颈癌风险最高的病毒株HPV-16型和HPV-18型，这两个高危亚型被内地专家普遍认为与我国近80%的宫颈癌患病相关，预计HPV四价疫苗将在今年底前可接种。
69 8 5 1 1 0.759
据介绍，为了接种HPV疫苗，罗湖医院集团对相关医务人员进行了疫苗接种及疑似预防接种异常反应处理等多场次专题培训。
69 9 6 1 1 0.638
“九价疫苗确实预防覆盖的HPV病毒型别更多，可预防约85%的宫颈癌病例。”内地妇科肿瘤专家、中国医学科学院肿瘤医院深圳医院副院长盛修贵教授说，“但不同地区感染的HPV亚型是不同的。中国女性接种二价疫苗的预防几率可赶得上九价疫苗的预防几率。”
69 12 8 1 2 0.668
记者昨日获悉，今年底前后，由默沙东公司生产的四价HPV疫苗将可在深圳接种，该疫苗适用于20~45岁女性，接种要求也是3针次。
69 13 8 2 2 0.574
据介绍，市民通过关注“约苗”微信公众号预约接种HPV疫苗。
70 1 1 1 2 0.822
大洋网讯昨日下午，24岁的龚小姐在罗湖中医院成人预防接种门诊接种了深圳首针HPV疫苗。
70 2 1 2 2 0.548
据介绍，目前在深可接种的HPV疫苗为二价疫苗，主要针对导致宫颈癌风险最高的病毒株HPV-16型和HPV-18型，这两个高危亚型被内地专家普遍认为与我国近80%的宫颈癌患病相关，预计HPV四价疫苗将在今年底前可接种。
70 8 5 1 1 0.759
据介绍，为了接种HPV疫苗，罗湖医院集团对相关医务人员进行了疫苗接种及疑似预防接种异常反应处理等多场次专题培训。
70 9 6 1 1 0.638
“九价疫苗确实预防覆盖的HPV病毒型别更多，可预防约85%的宫颈癌病例。”内地妇科肿瘤专家、中国医学科学院肿瘤医院深圳医院副院长盛修贵教授说，“但不同地区感染的HPV亚型是不同的。中国女性接种二价疫苗的预防几率可赶得上九价疫苗的预防几率。”
70 12 8 1 2 0.668
记者昨日获悉，今年底前后，由默沙东公司生产的四价HPV疫苗将可在深圳接种，该疫苗适用于20~45岁女性，接种要求也是3针次。
70 13 8 2 2 0.574
据介绍，市民通过关注“约苗”微信公众号预约接种HPV疫苗。
71 2 1 2 2 0.698
首批宫颈癌疫苗近日将在市内的122家社区卫生服务中心陆续到货，各区9岁到25岁女性都可以就近咨询、接种。
71 1 1 1 2 0.43
广州日报讯（全媒体记者伍仞）宫颈癌疫苗来到广州了！昨天下午，在天河区妇幼保健院分院打出了全广东省的第一针。
71 12 5 2 3 0.743
目前该区大部分具有接种资质的社区均可接种该疫苗，具体接种时间要咨询相关社区卫生服务中心。
71 11 5 1 3 0.468
据了解，天河区首批宫颈癌疫苗到货1500人份、4500支，接下来陆续会有疫苗补充，暂时供应充足。
71 13 5 3 3 0.747
市预防医学会秘书长黄桂花介绍，全市已经有122家社区医院或者社区卫生服务中心上报疫苗需求，分布在11区，预计近日都会陆续到货，各位女性可以选择就近的社区医院咨询、接种。
71 18 7 1 1 0.679
根据世界卫生组织指引，接种宫颈癌疫苗前不需要进行HPV检测。
71 19 8 1 1 0.737
天河区妇幼保健院预防接种门诊医师伍艳芬介绍，即使感染了HPV，接种宫颈癌疫苗仍然可以预防其他相关HPV型别的感染或者相同HPV型别的再次感染。
71 21 9 2 4 0.664
世界卫生组织推荐接种宫颈癌疫苗的主要接种人群为9岁~13岁女性，次要接种人群为较大的女性青少年和年轻妇女。
71 20 9 1 4 0.505
答：二价宫颈癌疫苗在内地的获批适应症是适用于9岁~25岁的女性。
71 22 9 3 4 0.218
各个国家和地区药监机构基于本国或地区实际情况考虑，批准的适应年龄可能有所不同。
72 1 1 1 1 0.673
对于广州9岁~25岁的女性而言，接种宫颈癌疫苗不用再跑港澳地区了，在家门口的社区医院就可以预约接种。
72 5 3 1 3 0.825
昨日下午5时许，24岁的梁小姐如约来到天河区妇幼保健院龙口西分院的预防保健接种门诊接种疫苗。
72 6 3 2 3 0.144
梁小姐表示，身边的不少女性朋友都觉得，若是去香港打宫颈癌疫苗很麻烦，而且来回路费也是笔不小的支出。
72 13 5 3 3 0.632
宫颈癌疫苗属二类疫苗，需接种者自费。
72 12 5 2 3 0.323
天河区的疫苗价格一支约605元，其他区的价格也是在600元左右。
72 16 6 3 3 0.747
目前天河区大部分具有接种资质的社区均可接种该疫苗，具体接种时间，市民可咨询相关社区卫生服务中心。
72 15 6 2 3 0.267
区疾控工作人员表示，接下来陆续会有疫苗补充，暂时供应充足。
72 17 7 1 6 0.637
可接种“二价”宫颈癌疫苗的不只是天河区的医疗机构。
72 18 7 2 6 0.641
广州市预防医学会秘书长黄桂花介绍，目前全市已经有122个点上报了宫颈癌疫苗计划，覆盖广州市11区。
72 19 7 3 6 0.44
由于采购疫苗是各区各自直接在省采购平台采购，所以暂未统计出全市采购数量。
73 2 1 2 3 0.687
23日17时，24岁的天河居民梁小姐在天河区妇幼保健院龙口西分院接种了第一针次的二价子宫颈癌疫苗。
73 1 1 1 3 0.399
南方日报讯（记者/李秀婷）广州女性期盼已久的子宫颈癌疫苗到货了，在天河区的定价为605元每针次。
73 3 1 3 3 0.354
在随后的一个月、六个月继续接种2针后，她将获得免疫保护，患子宫颈癌的风险将大大降低。
73 4 2 1 2 0.603
目前，广州全市11区的122个社区卫生服务中心，均已向疾控部门上报了疫苗采购计划。
73 5 2 2 2 0.741
随着疫苗陆续到货，9—25岁适龄女性可就近前往社区卫生服务中心接种疫苗。
73 6 3 1 2 0.623
广州市疾控中心专家、市预防医学会秘书长黄桂花表示，宫颈癌是严重威胁妇女健康的常见恶性肿瘤。
73 7 3 2 2 0.256
我国每年新发病例为10万，死亡病例3万，是15—44岁女性中第三大高发癌症。
73 11 5 1 2 0.644
宫颈癌疫苗目前在广州是作为二类苗供适龄的女性自费接种，需要在0、1、6个月接种三针后方才完成整个免疫程序。
73 12 5 2 2 0.585
以天河区为例，该区为该类疫苗确定的价格为605元一针次，该费用已包含了全面医改后，社区医疗机构接种二类疫苗需收取的25元预防接种费用。
73 14 6 2 2 0.674
此外，疫苗接种并没有户籍要求，在广州地区长期工作生活的非户籍人员有接种需要，也可就近前往社区卫生服务中心接种。
73 13 6 1 2 0.463
“其他区的定价大致也在这个水准上调整，总体价格会比去香港接种要便宜。”黄桂花表示，由于各区疫苗到货时间不同，女性如有接种需要，最好先联系就近的社区卫生服务中心咨询时间。
74 1 1 1 1 0.654
广州日报全媒体记者从广州市预防医学会召开的宫颈癌防治社区健康教育研讨会上了解到，二价宫颈癌疫苗在内地的获批适应症是适用于9岁~25岁的女性，有过性生活的女性也可以接种，每针次的费用在600元左右，完成整个免疫程序需要接种三针。
74 44 20 3 4 0.686
也就是说，接种HPV2价疫苗就可以保护绝大多数的年轻人群，预防宫颈癌。
74 43 20 2 4 0.294
但实际上，大部分的宫颈癌都是由16、18两种亚型病毒引起的。
74 45 20 4 4 0.13
从这一点上来看，HPV2价疫苗依旧有其积极意义。
82 11 6 2 4 0.612
接种疫苗是预防HPV感染和发展为宫颈癌的最有效方法。
82 10 6 1 4 0.284
据世界卫生组织报告，宫颈癌是常见的妇科恶性肿瘤之一，是全球15至44岁女性中第二大高发癌症。
82 12 6 3 4 0.446
据了解，宫颈癌疫苗是全球第一个，也是唯一获准上市的用于预防由HPV6、11、16和18型引起的宫颈癌和生殖器官癌前病变的癌症疫苗，目前已在全球124个国家和地区上市销售。
88 6 5 1 1 0.665
根据最新出台的《疫苗流通和预防接种管理条例》，接种门诊由当地的卫生计生行政部门根据服务范围和服务半径划定责任区域，在责任区域内，根据需求计划进行接种。
88 7 6 1 1 0.625
也就是说，原则上，宫颈癌疫苗不能跨区接种。
88 8 7 1 1 0.674
同时，张华表示，接种宫颈癌疫苗没有户口限制，只要是青岛市常住人口即可接种疫苗。
89 3 1 3 4 0.725
目前，大连女性已可以在部分定点社区卫生服务中心和预防保健所接种疫苗。
89 2 1 2 4 0.304
今年7月31日，国内首个获批的宫颈癌疫苗“希瑞适”正式上市。
89 4 1 4 4 0.232
但是，不少女性在接种时都遇到了与莫女士类似的问题。
89 12 4 2 3 0.724
国家卫生计生委印发的《预防接种工作规范》规定“根据国家制定的第二类疫苗使用指导原则或国家、省级发布的接种第二类疫苗建议信息或疫苗使用说明书接种第二类疫苗。”目前已上市的二价宫颈癌疫苗说明书明确接种对象为9-25岁的女性，故接种单位在接种二价宫颈癌疫苗时严格按照说明书执行。
89 11 4 1 3 0.551
针对莫女士的疑问，市卫计委答复：宫颈癌疫苗属于第二类疫苗。
89 13 4 3 3 0.619
对于25岁以上女性来说，四价宫颈癌疫苗已获得国家食品药品监督管理总局的批准，即将上市，四价HPV疫苗将适用人群延伸至20-45岁，届时此年龄段女性可选择接种。
90 1 1 1 1 0.755
广州日报讯（全媒体记者汪万里）昨天，记者从东莞市疾控中心获悉，预计今年年底东莞各镇街（园区）预防接种门诊可为市民提供二价HPV疫苗接种服务，届时，有需要的市民就不必再专门跑到香港接种了。
91 1 1 1 3 0.715
8月21日，江苏省第一针宫颈癌疫苗在南京止马营社区卫生服务中心接种。
91 2 1 2 3 0.458
据了解，包括南京在内的江苏6市的部分区县疫苗已到货。
91 3 1 3 3 0.62
那么，南京有哪些社区卫生服务中心可以接种，接种疫苗有哪些注意事项……本期，我们准备了一份南京宫颈癌疫苗接种攻略，并绘制了一份“接种地图”奉献给读者。
91 4 2 1 3 0.641
据了解，此次在江苏省内上市的为双价HPV疫苗，该疫苗在国内获批的接种人群为9-25岁女性，接种程序为0/1/6月各接种一针次，共接种3剂。
91 5 2 2 3 0.417
江苏省疫苗为零差价销售，在我省第二类疫苗增补采购产品公示中，双价HPV疫苗价格为每支580元，3支总价为1740元，这就是消费者所需支付的疫苗价格。
91 13 4 3 4 0.713
四价HPV疫苗在国内获批的接种人群为20-45岁女性，接种程序为0/2/6月各接种一针次，共接种3剂。
91 12 4 2 4 0.389
但四价HPV疫苗已于今年5月拿到内地的进口注册证。
91 14 4 4 4 0.562
该疫苗还需经过疫苗进口、批签发检测、省级中标公示后方能面向大众，预计2018年初江苏省内适龄女性能接种到该疫苗。
91 16 6 1 1 0.604
2、需接种3针，即0/1/6月接种，采用上臂肌肉注射。
91 27 14 1 1 0.609
答：只要没有同时感染HPV疫苗所覆盖的病毒，接种此疫苗仍能有效预防其他型号HPV病毒。
91 30 16 2 2 0.605
因此，接种HPV疫苗不能100%预防宫颈癌、也不会终身免疫，常规的宫颈癌预防仍有必要。
91 29 16 1 2 0.51
答：宫颈癌疫苗分很多型，此次国内获批的疫苗只针对HPV-16和HPV-18这两型病毒，称为二价疫苗，所以注射疫苗后的女性仍有机会接触到其他亚型病毒，仍然存在患宫颈癌的风险。
91 31 17 1 2 0.724
备注：接种宫颈癌疫苗，均需提前预约。
91 32 17 2 2 0.383
江宁、玄武，目前尚无法接种。
92 4 3 1 3 0.689
昨日，泉州市第一位接种HPV疫苗、20岁的女孩小黄在父亲的陪同下，再次来到泉州市丰泽区东海街道社区卫生服务中心。
92 5 3 2 3 0.261
在办理好相关的手续后，小黄向护士出示了之前的接种提示卡。
92 11 6 1 1 0.611
该社区卫生服务中心预防保健科工作人员庄海天介绍：“疫苗投放第一天共有3人前来接种，第一个月我们总共采购了100支疫苗，接种了近30人。其中年龄最大的25岁，最小的9岁。接下来，这些接种过疫苗的市民会陆续前来接种第二针。”
92 14 8 1 1 0.648
记者从泉州市疾病预防控制中心了解到，8月份，鲤城、丰泽、晋江、石狮、南安这五地率先采购并开始进行HPV疫苗接种。
92 16 9 2 2 0.683
据悉，鲤中社区卫生服务中心当前申领了60支疫苗，仅16人接种。
92 15 9 1 2 0.565
鲤城区疾控中心的工作人员告诉记者，鲤城区共采购了400支疫苗，在7个社区卫生服务中心投放了300支。
92 17 10 1 1 0.642
江南社区卫生服务中心预防接种门诊的高科长说：“我们共申领了30支疫苗，有13人接种了疫苗。因为疫苗有限，我们要保证接种第一针疫苗人员的用量，所以对于一些前来接种的，我们会进行登记，等到疫苗到位时，再通知她们来接种。但前来接种的人数并没有我们预想的多。”
92 26 16 2 4 0.602
目前，常见的适合成人接种的疫苗包括甲肝疫苗、乙肝疫苗、流感疫苗、肺炎疫苗、麻风疫苗、麻腮风疫苗等。
92 25 16 1 4 0.294
她表示，随着免疫规划疫苗品种的不断增多和儿童疫苗接种率的不断提高，其针对传染病在儿童中的发病越来越少，像甲肝、风疹等疾病在成人的发病数已远超儿童，然而成人疫苗免疫却常常被忽视。
92 27 16 3 4 0.28
从健康角度来说，成年人应该注意选择合适的疫苗接种，不仅对自己身体有益，对家人也是一种健康的保护。
93 21 10 1 2 0.628
HPV疫苗，顾名思义，即预防HPV病毒的疫苗。
93 22 10 2 2 0.388
疫苗接种后，可刺激免疫系统产生保护性抗体，这种抗体存在于人的体液之中，HPV病毒一旦出现，抗体会立即作用，将其清除，阻止HPV病毒感染，从而达到预防HPV感染的目的。
93 82 39 1 2 0.653
接种过HPV疫苗偶后依然需要定期进行宫颈癌筛查。
93 83 39 2 2 0.41
HPV疫苗并不代表“一劳永逸”，因为HPV疫苗并不能预防所有类型的病毒感染，所以定期检查很有必要。
94 2 1 2 3 0.64
目前，连云港市已经采购到第一批预防宫颈癌的HPV疫苗，广大女性朋友可以在家门口就接种到HPV疫苗了。
94 1 1 1 3 0.496
7月31日，中国批准了首个在内地上市的预防宫颈癌的HPV（双价人乳头瘤病毒）疫苗。
94 3 1 3 3 0.15
怎么打？多大年纪可以打？又有哪些注意事项，来听听专家怎么说。
94 13 5 2 2 0.707
江苏省已于8月14日完成获批上市的HPV疫苗的中标公示，省内各区县疾病预防控制中心即可在江苏省药品网上集中采购平台上点击采购订单，由配送企业配送到位后，区县疾控中心按照接种门诊需求逐级发放。
94 12 5 1 2 0.572
市疾病控制预防中心相关负责人介绍，今年7月31日，双价人乳头瘤病毒（HPV）疫苗获得中国食品药品检定研究院的批准签发，成为内地首个可以上市销售的宫颈癌疫苗。
94 23 9 1 2 0.61
另外，即使已接种HPV疫苗，仍须定期接受宫颈癌筛查，因为HPV疫苗并不能预防所有类型的HPV感染。
94 24 9 2 2 0.244
所以，并不能因为打了疫苗就不去筛查或减少筛查的次数。
94 30 11 3 3 0.607
第二，有研究数据表明接种HPV疫苗后，9~17岁接种是18到25岁接种产生保护性抗体效能的两倍。
94 29 11 2 3 0.409
这主要基于以下两方面的考虑：第一，HPV的传播途径主要是性接触及性行为，从疫苗预防效果及卫生经济学角度讲，最佳接种人群为尚未发生性行为的年轻女孩。
95 28 11 5 5 0.679
预约专业护士，上门接种剩下两针疫苗。
95 27 11 4 5 0.278
首诊赴港（澳）接种，其余两针放入冰盒自行带回；4。
95 38 17 1 3 0.664
宫颈癌疫苗带回北京后如何接种？工作人员告诉北青报记者，到接种时间后可以预约护士上门接种。
95 39 17 2 3 0.181
按照“医护到家”的说法，该平台上的护士多数来自三甲医院，是专业护士。
95 42 19 1 1 0.724
北青报记者了解到，根据国家卫计委发布的《预防接种工作规范（2016年版）》，承担预防接种的人员应当具备执业医师、执业助理医师、护士或者乡村医生资格，并经过县级卫生计生行政部门组织的预防接种专业培训，考核合格后方可从事预防接种服务工作。
97 4 2 2 2 0.613
本报记者走访了首批疫苗接种单位——重庆五洲妇儿医院，请相关专家作了解答。
97 3 2 1 2 0.572
在“HPV疫苗于内地上市”的消息传出后，市民就将注意力转移到疫苗接种事宜上，“什么人能接种、接种花费多少、接种效果如何”都成为大家关注的重点。
97 12 6 1 3 0.64
据介绍，HPV疫苗也采用3剂“0，1，6”免疫接种程序，类似乙肝疫苗接种流程。
97 13 6 2 3 0.351
每针统一价734元，三针接种完仅需2202元。
98 3 1 3 23 0.624
记者了解到，二价宫颈癌疫苗已经到达成都多个社区卫生服务中心，已有市民前往接种。
98 2 1 2 23 0.596
8月10日，成都的第一批宫颈癌疫苗——二价宫颈癌疫苗也到货了，此批疫苗全市统一价格为800.4元/支，部分区县存在差异，但不低于800元，需分三次接种，共打三支。
98 4 1 4 23 0.538
记者探访疫苗已到社区医院，接种程序简单8月23日一大早，天府早报记者在望江路社区卫生服务中心，见到了前来打宫颈癌疫苗的胡小姐，“我9点钟还要上班，这个社区医院离公司比较近，就赶紧来打了。”今年23岁的胡小姐表示，自己也是看了最近的报道才了解到宫颈癌疫苗的事情，“看了新闻之后我觉得有必要来打，趁着自己还没超龄。”整个打疫苗过程其实十分方便，用身份证挂号、签《宫颈癌疫苗预防接种知情同意书》、测量体温、缴费、打针。
98 12 1 12 23 0.645
由于二价HPV疫苗为自愿接种的二类疫苗，所以供应与市民的接种意愿有关，还需要进一步“摸底”，“因为每个社区对宫颈癌疫苗的需求不同，我们会根据社区卫生服务中心的申请来发放疫苗。”吴明菊表示，想打宫颈癌疫苗的女士可以去就近的社区卫生服务中心，不过为了保险起见，提前打电话先咨询一下，一个是确定该社区医院有打宫颈癌疫苗的服务，方便社区医院提前备货，以免出现去了医院结果没打到针的尴尬情况;另外，提前跟医院预约好时间，避免在社区医院接种疫苗的高峰时间段去打针。
98 11 1 11 23 0.268
市民李先生表示要给上初中的女儿打，“我女儿班上好多同学都去香港打了疫苗，我还是想让女儿打，不过还是先观望下吧。”另一位市民宋先生的女儿也在上初中，不过他表示不打算让女儿去打疫苗：“虽然宫颈癌很可怕，但我周围没有人得这个病，不是很有危机感。”记者还采访到了28岁的朱先生，当他听到男性也能打宫颈癌疫苗时，显得很诧异：“我还真不知道男的也可以打!等上市了再说吧。”医生建议提前电话咨询错峰接种疫苗吴明菊医生向记者透露，武侯区第一批宫颈癌疫苗已于8月9日到货，一共有1000支，一支定价为800.4元。
98 13 1 13 23 0.345
望江路社区卫生服务中心的工作人员向记者表示，目前望江路社区可以直接去打宫颈癌疫苗，不需要提前预约：“我们社区医院的上班时间是星期一到星期五，上午8点30到11点30，下午2点到4点30，周末不上班，直接带身份证来打就可以了。”同时，该工作人员也建议大家最好是下午去打，“上午会有很多家长带小孩来打针，人会比较多”。
98 14 1 14 23 0.601
■小知识宫颈癌疫苗，又称为HPV疫苗，是一种预防宫颈癌发病的疫苗。
98 15 1 15 23 0.564
宫颈癌主要由感染人乳头瘤病毒(HPV)引起，该疫苗通过预防HPV病毒感染，进而有效预防了宫颈癌的发病，可防止人体感染疫苗所涵盖的人乳头状瘤病毒亚型变异。
99 1 1 1 4 0.725
女性通过接种疫苗，可有效防止罹患宫颈癌。
98 23 1 23 23 0.528
二价宫颈癌疫苗主要适合9到25岁的女性四价宫颈癌疫苗可能在明年上半年之前上市，适用于20岁到45岁的女性
99 2 1 2 4 0.555
我市9—25岁的女孩和年轻女性都可接种。
99 22 9 3 3 0.613
预计2018年初江苏省内适龄女性能接种到四价疫苗。
99 21 9 2 3 0.413
还需经过疫苗进口、批签发检测、省级中标公示后方能面向大众。
100 7 3 1 2 0.675
世界卫生组织的立场文件指出：通过接种人乳头瘤病毒（HPV）疫苗及定期宫颈癌筛查，是预防宫颈癌的必要措施。
100 8 3 2 2 0.584
为了预防宫颈癌，世界卫生组织推荐接种宫颈癌疫苗的主要人群为9-13岁（在性行为开始前）的女孩，次要接种人群为青年女性，因为宫颈癌疫苗在未被暴露于HPV病毒的人群中是最有效的。
100 17 6 1 1 0.669
记者也从市疾控了解到，四价疫苗预计明年上半年也能进行接种，该疫苗接种人群为25至40岁女性。
