2
1 2 2 1 2 0.558
作为国家“973”肿瘤侵袭转移项目的首席科学家，同济医院马丁院士提醒大家，当前HPV疫苗未能针对全部致癌的高危型HPV病毒所有亚型。
1 3 2 2 2 0.664
因此，接种了HPV疫苗也不代表100%有效，他强调，定期进行宫颈癌筛查与接种HPV疫苗同等重要！
2
1 11 8 1 3 0.608
即便接种了二价和四价HPV疫苗，并不能完全覆盖高危型HPV所有亚型。
1 12 8 2 3 0.54
此外，接种HPV疫苗也不是一劳永逸的。
1
1 34 19 1 1 0.628
随后，马丁院士又提出宫颈癌早期预警的策略：我国宫颈癌预防的重点应该是将约1%～4%的易感人群筛选出来，实行HPV疫苗精准接种，从而让老百姓打得起，为国家节约巨额开支。
1
2 1 1 1 1 0.615
距离二价宫颈癌疫苗希瑞适上市4个月后，四价宫颈癌疫苗佳达修也来了，相较而言，四价疫苗的接种年龄范围更广、预防病毒种类更多。
1
2 5 3 1 1 0.637
“由于疫苗货源充足，能基本满足人们的需要。”四川省疾病预防控制中心免疫规划所所长张佩如昨日在人乳头瘤病毒感染相关疾病防控学术交流会上透露，首批抵蓉的四价疫苗共3万支，按照二类疫苗的流通渠道，在省级平台招标，各区县疾控中心根据采购需求计划进行采购。
2
2 7 5 1 3 0.645
据了解，2017年11月13日，四价疫苗首针接种在重庆市第七人民医院李家沱街道社区卫生服务中心开针，沈亚绿成为全国首个接种四价宫颈癌疫苗佳达修的女性。
2 8 5 2 3 0.514
此次上市的四价宫颈癌疫苗佳接种程序为0/2/6月各接种一针次，共接种3针次，约1100元一针，适用人群为20-45岁的女性。
2
2 10 6 1 3 0.602
四川省疾病预防控制中心工作人员介绍，宫颈癌作为严重威胁妇女健康的常见恶性肿瘤，在全世界女性恶性肿瘤中发病率位居前三位。
2 11 6 2 3 0.495
在中国，宫颈癌疾病负担同样沉重，根据2015年中国癌症统计报告，2015年中国宫颈癌新发病例高达9.89万例，死亡病例高达3.05万例，相当于每小时有3个中国妇女死于宫颈癌。
2
2 13 7 1 5 0.615
据了解，致癌型HPV（人乳头瘤病毒）感染是引发宫颈癌的必要条件，与宫颈癌相关的高危HPV有14种。
2 14 7 2 5 0.431
而“价”是指病毒的类型，“价”越高，可预防的病毒类型就越多。
2
2 15 7 3 5 0.633
今年8月左右上市的二价疫苗可预防HPV16型、HPV18型引发的宫颈癌，而本次上市的四价疫苗则在二价的基础上，多了对HPV6型和HPV11型引发的尖锐湿疣、外阴癌的预防。
2 16 7 4 5 0.544
另外，二价疫苗的接种年龄为9-25岁，四价疫苗则扩展为20-45岁。
2
3 1 1 1 4 0.675
12月1日，记者从省疾病预防控制中心了解到，四价宫颈癌疫苗将在我省落地。
3 2 1 2 4 0.297
12月5日，首针将在成都玉林社区卫生服务中心开打。
2
3 13 9 1 3 0.639
可以预防由HPV16和HPV18型病变引起的宫颈癌，适用于9岁～25岁的女性群体。
3 14 9 2 3 0.261
这可以说是雪中送炭，因为，超过70%的宫颈癌都是由这两种病毒引起的！2016年7月，率先幸运获准进入中国市场的就是这位同学。
2
5 1 1 1 6 0.624
宫颈癌疫苗已经可以在长宁接种。
5 2 1 2 6 0.656
记者从区疾控中心了解到，此次露面的宫颈癌疫苗是中国内地首个通过国家食药监局审批的，商品名叫希瑞适，是由英国制药企业葛兰素史克公司生产的二价HPV疫苗，能预防HPV-16和HPV-18两种基因型的病毒感染。
1
5 3 1 3 6 0.28
采用肌肉注射，首选部位为上臂三角肌，采用三剂程序，即0、1、6月接种，每剂0.5mL。
2
5 10 2 4 5 0.521
也就是说，打过HPV疫苗依然可能得宫颈癌。
5 11 2 5 5 0.647
另外接种HPV疫苗女性仍应定期进行宫颈癌筛查，且筛查方案不变。
2
6 12 7 2 3 0.427
今年9月，GSK与阿里健康联手，通过淘宝提供宫颈癌疫苗接种咨询和线上预约服务。
6 13 7 3 3 0.639
同时，GSK还和中华预防医学会等共同启动中国宫颈癌预防控制科普项目，瞄准高校年轻女性群体。
1
7 1 1 1 1 0.627
继今年8月桂林引进2价宫颈癌疫苗之后，首批4价宫颈癌疫苗近日也已抵达我市，并于昨日上午在桂林市疾病预防控制中心举行了首针接种仪式。
2
7 5 4 1 5 0.838
据了解，宫颈癌疫苗指可预防宫颈癌的HPV疫苗。
7 6 4 2 5 0.57
宫颈癌是由高危型（也称致癌型）人乳头瘤病毒（以下简称HPV）在女性生殖道持续性感染引起的疾病，99.7%的宫颈癌都是由HPV感染所致。
2
7 10 5 1 3 0.731
目前，全球预防宫颈癌的疫苗共有2价、4价和9价宫颈癌疫苗3种。
7 11 5 2 3 0.712
今年8月2价宫颈癌疫苗到达我市，它虽能预防HPV16型、18型所导致的疾病（包括宫颈癌），但只适宜9—25岁的女性接种。
1
7 12 5 3 3 0.512
所以，适合20—45岁的4价宫颈癌疫苗一到达我市，便吸引了众多有意愿的市民前来接种。
2
7 13 6 1 2 0.713
“宫颈癌是目前唯一可以用疫苗预防的癌症。”市疾控中心副主任石朝辉告诉记者，此次首批共有971支4价宫颈癌疫苗到达桂林。
7 14 6 2 2 0.377
除了市疾控中心外，阳朔、荔浦、平乐、永福和龙胜各县的疾控中心也将陆续开展接种业务，有需要的市民可自行选择接种。
2
7 15 7 1 2 0.754
4价宫颈癌疫苗与之前引进的2价宫颈癌疫苗，除了适用年龄范围不同外，4价宫颈癌疫苗除了可预防由HPV16、18型引起的宫颈癌，还可预防由HPV6、11型引起的生殖道疣。
7 16 7 2 2 0.435
专家表示，市民可按照需求进行接种，没必要重复接种，但适龄人群越早接种，效果越好。
2
7 18 9 1 3 0.771
“从预防角度看，每位女性都应接种宫颈癌疫苗，但接种疫苗并不等于就进了保险箱。疫苗接种不能取代常规宫颈癌筛查，也不能取代预防HPV感染和性传播疾病的其他措施。”疾控专家解释，宫颈癌预防包括一级预防HPV疫苗接种、二级预防意识的提高和筛查、三级预防的诊断与治疗。
7 19 9 2 3 0.575
HPV病毒有100多种亚型，与宫颈癌相关的高危亚型有十几种，疫苗只针对其中几项，不能取代预防HPV感染和性传播疾病的其他措施，且对已感染相关病毒的患者并无治疗效用。
3
9 2 2 1 3 0.418
宫颈癌是全球第七大常见恶性肿瘤，高发于年龄30岁至55岁的妇女。
9 3 2 2 3 0.603
在医学治疗上，宫颈癌疫苗是目前唯一有效防止癌症的疫苗，可使宫颈癌的发病率和死亡率明显下降，市场需求巨大。
9 4 2 3 3 0.568
作为国内综合实力最强的民营疫苗供应和服务商，智飞生物引进代理的默沙东宫颈癌疫苗Gardasil系国内首个获批并正式上市的宫颈癌四价疫苗，主要使用对象为20岁至45岁妇女。
2
11 1 1 1 2 0.631
11月27日，湖南省疾控中心门诊部，市民在接种四价宫颈癌疫苗。
11 2 1 2 2 0.537
全省各市、区县的首批四价宫颈癌疫苗预计将在12月中下旬陆续到货。
2
11 4 3 1 2 0.771
27日上午，省预防医学会、省疾病预防控制中心召开我省宫颈癌疫苗上市新闻发布会，即日起20-45岁的女性可根据自身需求在省疾病预防控制中心门诊自费接种。
11 5 3 2 2 0.544
据悉，全省各市、区县的首批四价宫颈癌疫苗预计将会在12月中下旬陆续到货，有接种需求的女性可向当地社区卫生服务中心咨询预约。
2
11 17 9 1 2 0.698
由HPV引起的宫颈癌，是唯一可以通过疫苗预防的癌症。
11 18 9 2 2 0.811
接种人乳头瘤病毒(HPV)疫苗及定期宫颈癌筛查，是预防宫颈癌的必要措施。
0
2
11 20 11 1 2 0.715
据悉，四价宫颈癌疫苗既能预防HPV16、18型别引起的宫颈癌，又能预防感染HPV6、11型别引发的生殖器疣。
11 21 11 2 2 0.455
推荐接种的主要人群为20-45岁的女性，接种程序为0/2/6月各接种一剂次，全程免疫3针次，共计2454元。
2
11 22 12 1 2 0.665
湖南省疾控中心副主任陈曦解释，四价HPV疫苗除了覆盖引起宫颈癌的HPV16、18型别以外，多了HPV6、11两个型别。
11 23 12 2 2 0.317
它是世界上第一个研发出来的宫颈癌疫苗，全球的使用时间超过了10年。
2
11 28 15 1 2 0.758
湖南省妇幼保健院妇科主任龚颖萍解释，四价疫苗接种不能取代常规宫颈癌筛查，也不能取代预防HPV感染和性传播疾病的其他措施。
11 29 15 2 2 0.391
因此，按照相关部门建议常规进行宫颈癌筛查依然极为重要。
1
12 5 4 1 1 0.601
本报长沙讯11月27日上午，四价宫颈癌疫苗在湖南正式上市，目前，适龄女性（20岁至45岁）可以到省疾控中心门诊接种四价宫颈癌疫苗。
2
12 15 8 1 2 0.715
据悉，四价宫颈癌疫苗既能预防HPV16、18型别引起的宫颈癌，又能预防感染HPV6、11型别引发的生殖器疣。
12 16 8 2 2 0.404
推荐接种的主要人群是20岁至45岁的女性，接种程序为第0、2、6月各接种一次，全程3次，价格共2500元左右。
1
12 31 15 1 1 0.646
相比之前上市的二价宫颈癌疫苗，四价宫颈癌疫苗有何特点？
2
12 32 16 1 2 0.737
中国医学科学院肿瘤医院流行病学教授赵方辉表示，二价宫颈癌疫苗可预防70%由HPV16、18型引起的宫颈癌。
12 33 16 2 2 0.588
四价疫苗在此基础上，还可预防由HPV6、11型引起的90%的生殖道疣（尖锐湿疣），可按照需求进行接种，没必要重复接种，但适龄人群越早接种，效果越好。
2
12 35 18 1 2 0.746
省妇幼保健院妇科主任龚颖萍表示，疫苗接种不能取代常规宫颈癌筛查，也不能取代预防HPV感染和性传播疾病的其他措施。
12 36 18 2 2 0.523
因此，进行常规宫颈癌筛查依然重要。
2
13 1 1 1 2 0.608
湖南女性在预防宫颈癌方面又多了一道利器。
13 2 1 2 2 0.526
适合9岁至25岁女性的二价宫颈癌疫苗来到湖南不到1个月，11月27日，适合20岁至45岁女性的四价宫颈癌疫苗也登陆湖南了。
1
13 7 4 1 1 0.62
几乎所有的宫颈癌病例的样本中都能找到HPV（人乳头瘤病毒），从而印证了HPV是宫颈癌致病病毒的观点，也使得宫颈癌成为目前唯一可以通过疫苗预防的癌症。
3
13 10 6 1 4 0.53
目前我省上市的是二价和四价疫苗。
13 11 6 2 4 0.657
专家介绍，“价”的多少代表了疫苗可预防的HPV病毒种类。
13 12 6 3 4 0.641
二价疫苗主要预防HPV16型和HPV18型，这两个亚型是导致宫颈癌的主要亚型。
1
13 13 6 4 4 0.595
四价疫苗在二价疫苗的基础上增加了HPV6型和HPV11型的预防，这两个亚型可导致生殖器疣。
2
13 14 7 1 2 0.634
那么，二价和四价疫苗，女性朋友该如何选择？中国医学科学院赵方辉教授表示，对于宫颈癌的预防来讲，两价和四价是没有差别，都是预防HPV16型、HPV18型两种高危型别引起的宫颈癌。
13 15 7 2 2 0.47
这两个型别的病毒是全球约70%宫颈癌的致病原因，而在中国人群中更高，可达85%左右，也就意味着可以预防约85%的宫颈癌。
2
13 16 8 1 2 0.613
不过，四价疫苗还可预防HPV6型和HPV11型两个低危型别感染，也就是预防尖锐湿疣等生殖器疣。
13 17 8 2 2 0.453
相比二价适用于9岁至25岁人群，四价适用人群更广泛，适用于20岁至45岁女性。
2
13 31 15 1 3 0.668
接种疫苗是宫颈癌的一级预防屏障，大大减少了妇女患宫颈癌的风险，并不代表对HPV病毒完全免疫，仍旧有患上宫颈癌的可能。
13 32 15 2 3 0.393
因此，对于21岁以上的女性或有性生活3年以上的女性，无论是否接种HPV疫苗，建议至少每两年做一次宫颈筛查。
1
14 1 1 1 1 0.793
今天上午，记者从湖南省预防医学会、湖南省疾病预防控制中心举行的湖南省宫颈癌疫苗上市新闻发布会上获悉，即日起，20岁至45岁的女性可在省疾控制中心预防医学门诊部接种四价HPV疫苗了。
3
14 2 2 1 3 0.022
没有必要。
14 3 2 2 3 0.674
二价疫苗可预防70%由HPV16、18型引起的宫颈癌;而四价疫苗，在此基础上，还可预防由HPV6、11型引起的90%的生殖道疣(尖锐湿疣)。
14 4 2 3 3 0.429
主要看针对性，是宫颈癌还是生殖道疣，没必要重复接种，但适龄人群接种的时间越早越好。
1
14 5 3 1 1 0.657
疫苗的问世使宫颈癌的预防手段更加全面、有效，但目前全球上市的所有HPV疫苗都无法提供100%的保护，即使接种了仍应定期筛查宫颈癌，这是预防宫颈癌的必要措施。
2
15 18 11 1 2 0.676
虽然HPV疫苗预防的有效性高达90%以上，但仍不能100%预防宫颈癌。
15 19 11 2 2 0.416
健康的生活方式，尤其是性生活方式仍是预防宫颈癌的关键。
1
18 2 2 1 1 0.671
据介绍，HPV疫苗可以阻止人乳头瘤病毒，主要预防宫颈癌，接种的最佳人群为9至25岁女性，最好在有性生活之前完成接种。
1
19 16 11 1 1 0.642
二价HPV疫苗：接种对象为9~25岁女性，针对HPV病毒家族中的HPV16/18，即最常引起宫颈癌和宫颈癌癌前病变的两个亚型。
1
19 17 12 1 1 0.673
四价HPV疫苗：接种对象为20~45岁女性，针对HPV16/18/6/11，不但能预防70%的子宫颈癌，还可预防常见的性病、皮肤病。
2
19 28 20 1 2 0.667
宫颈癌是可以预防的，在全世界范围内宫颈癌的综合防控受到高度重视，世卫组织WHO及ASCO指出“HPV疫苗是目标人群针对某些型别HPV感染（导致宫颈癌）一级预防的最佳策略，没有其它预防策略可以替代疫苗”。
19 29 20 2 2 0.732
接种HPV疫苗是预防宫颈癌最经济最有效的防控措施。
0
2
20 4 3 1 2 0.582
记者了解到，现在上市的二价宫颈癌疫苗获批年龄是9-25岁，而四价宫颈癌疫苗则适合于20—45岁的女性。
20 5 3 2 2 0.691
四价宫颈癌疫苗是在HPV16和HPV18二价苗的基础上，增加了HPV6和HPV11二种HPV低危型亚型，可预防更多的HPV感染，不但可减少宫颈癌的风险，还可以预防男女性常见的性病皮肤病，预防作用更加广泛。
1
21 3 2 1 1 0.619
这次，省疾控中心放大招，11月27日起，20岁至45岁的女性可以接种四价宫颈癌疫苗。
1
21 4 3 1 1 0.601
相比二价，四价宫颈癌疫苗能有效预防更多的病毒，接种三针的价格一共是2500元左右。
3
21 6 4 2 4 0.528
庆幸的是，适合20岁至45岁的四价宫颈癌疫苗即将与大家见面。
21 7 4 3 4 0.621
11月20日，记者从湖南省疾控中心获悉，11月27日，适龄女性（20岁至45岁）可以到省疾控中心预防门诊，接种进口四价宫颈癌疫苗。
21 8 4 4 4 0.293
完成整个免疫程序共需接种三针，价格一共是2500元左右。
2
21 11 5 3 4 0.326
据悉，中国女性HPV感染率按年龄呈“双峰”分布，第一个高峰在17岁至24岁，第二个高峰在40岁至44岁。
21 12 5 4 4 0.758
因此，接种HPV疫苗预防宫颈癌很有必要。
3
21 13 6 1 6 0.564
HPV疫苗分为二价、四价、九价。
21 14 6 2 6 0.695
“价”的多少代表疫苗可预防的HPV病毒种类。
21 15 6 3 6 0.538
四价疫苗针对4种HPV病毒有效，包括高危病毒16号和18号（导致70%以上的宫颈癌），低危病毒6号和11号（90%以上的生殖器疣）。
3
21 16 6 4 6 0.58
九价疫苗在四价疫苗的基础上，覆盖了31、33、45、52，58亚型，能预防90%的宫颈癌。
21 17 6 5 6 0.634
目前，国内上市的是二价HPV疫苗和四价HPV疫苗。
21 18 6 6 6 0.265
九价疫苗只限于在香港使用，国内其他地方还未引进。
2
21 21 8 1 2 0.695
专家提醒，接种宫颈癌疫苗预防宫颈癌，应根据自己的年龄，选择适合自己的疫苗种类。
21 22 8 2 2 0.745
11月27日，适龄女性可以到省疾病预防控制中心预防门诊，接种进口四价宫颈癌疫苗，接种需带上银行卡及身份证。
0
3
21 27 11 1 3 0.541
感染了HPV是否可以接种疫苗？专家表示，如果感染了HPV，也可以接种疫苗，因为这可保护她们免于其他HPV亚型感染或者相同HPV型别的再次感染。
21 28 11 2 3 0.762
宫颈癌疫苗只是针对它所覆盖的HPV亚型起预防作用。
21 29 11 3 3 0.63
因此，即使接种了HPV疫苗，女性也应定期接受宫颈癌筛查。
0
2
22 3 2 1 3 0.689
今年8月，二价宫颈癌疫苗来到南宁后，不少医疗机构都购进了疫苗，为9-25岁女性同胞预防宫颈癌设置一道屏障。
22 4 2 2 3 0.37
记者从南宁市八医院了解到，当时该医院购进了200支二价疫苗，目前使用了97支。
1
22 6 3 1 1 0.631
引进二价宫颈癌疫苗之后，南宁市有关部门经过积极争取，首批四价宫颈癌疫苗（佳达修®四价人乳头瘤病毒疫苗）已确定本周抵达南宁，并于11月23日上午9:30在南宁市疾病预防控制中心综合门诊（厢竹大道55号）举行首针接种仪式。
2
22 7 4 1 2 0.585
今年8月我市获批的二价HPV疫苗，针对的正是极易引起高危因素的HPV16和18型，接种年龄是9~25岁。
22 8 4 2 2 0.66
四价HPV疫苗的接种年龄范围放宽到45岁，除了预防HPV16、18两个高危型，还包含了6和11两种低危型，其不但可减少宫颈癌的风险，还可以预防男女性常见的性病皮肤病，预防作用更加广泛。
2
22 13 7 1 2 0.678
二价疫苗、四价疫苗，不同的疫苗为女性朋友的健康设置了一道道屏障，但是，疾控专家也提醒，宫颈癌疫苗并不能100%预防宫颈癌。
22 14 7 2 2 0.354
因为，医学资料显示，HPV病毒超过100种，人们感染了HPV通常没有任何症状，因此很容易通过生殖接触传播开来。
2
22 17 9 1 2 0.658
目前，宫颈癌疫苗能预防大约84%的宫颈癌，还有一部分是无法预防的。
22 18 9 2 2 0.676
因此，接种了宫颈癌疫苗的人群也应该积极进行宫颈癌筛查，时刻提防宫颈癌的到来。
0
1
23 6 4 1 1 0.798
所以世界权威机构推荐接种HPV疫苗来预防宫颈癌。
2
23 10 8 1 2 0.645
目前国内上市的是二价HPV疫苗和四价HPV疫苗。
23 11 8 2 2 0.272
九价疫苗，目前只限于在香港使用，国内其它地方还未引进。
2
23 19 15 1 3 0.647
再强调一次，宫颈癌疫苗只是针对它所覆盖的HPV亚型起预防作用！没有覆盖所有的高危型HPV，只能说是大大减少了妇女患宫颈癌的风险。
23 20 15 2 3 0.613
因此，即使接种了HPV疫苗，妇女同胞们也应该定期接受宫颈癌筛查。
1
23 21 15 3 3 0.272
（我中心门诊部就可以做宫颈癌细胞学检查）。
1
23 26 20 1 1 0.714
应用宫颈癌疫苗预防宫颈癌，应根据自己的年龄，选择适合自己的疫苗种类进行接种。
2
24 4 2 1 3 0.657
今年8月，二价宫颈癌疫苗来到南宁后，不少医疗机构都购进了疫苗，为9～25岁女性同胞预防宫颈癌设置一道屏障。
24 5 2 2 3 0.477
记者从南宁市八医院了解到，当时该医院购进了200支二价宫颈癌疫苗，目前使用了97支。
1
24 7 3 1 1 0.629
引进二价宫颈癌疫苗之后，南宁市有关部门经过积极争取，首批四价宫颈癌疫苗（佳达修·四价人乳头瘤病毒疫苗）已确定本周抵达南宁，并于11月23日上午9时30分在南宁市疾病预防控制中心综合门诊（厢竹大道55号）举行首针接种仪式。
2
24 8 4 1 2 0.562
今年8月南宁市获批的二价疫苗，针对的正是极易引起高危因素的HPV（人类乳头瘤病毒）16和18型，接种年龄是9～25岁。
24 9 4 2 2 0.654
四价疫苗的接种年龄范围放宽到45岁，除了预防HPV16、18两个高危型，还包含了HPV6和HPV11两种低危型，其不但可减少宫颈癌的风险，还可以预防男女性常见的性病皮肤病，预防作用更加广泛。
2
24 16 7 1 2 0.678
二价疫苗、四价疫苗，不同的疫苗为女性朋友的健康设置了一道道屏障，但是，疾控专家也提醒，宫颈癌疫苗并不能100%预防宫颈癌。
24 17 7 2 2 0.313
因为，医学资料显示，HPV超过100种，人们感染了HPV通常没有任何症状，因此很容易通过生殖接触传播开来。
2
24 20 9 1 2 0.658
目前，宫颈癌疫苗能预防大约84%的宫颈癌，还有一部分是无法预防的。
24 21 9 2 2 0.676
因此，接种了宫颈癌疫苗的人群也应该积极进行宫颈癌筛查，时刻提防宫颈癌的到来。
0
1
26 19 13 1 1 0.712
而如今，刚刚在湖北上市的首个预防宫颈癌的疫苗，则可满足适龄女性对通过疫苗接种来预防宫颈癌的健康需求。
1
26 20 14 1 1 0.611
湖北省疾病预防控制中心生物制品管理办公室主任赵明江昨天接受了采访，一一解答了网友们关于我省此次接种的宫颈癌疫苗的相关问题。
2
26 21 15 1 2 0.332
目前发现的HPV病毒有100多种，真正致癌的只有14种。
26 22 15 2 2 0.629
在我国，由16、18亚型引起的宫颈癌占整个宫颈癌发病率的84.5%，如今在武汉上市的二价宫颈癌疫苗正是针对这两种亚型，有效保护效力达到93.2%。
1
26 25 18 1 1 0.67
有必要，接种宫颈癌疫苗可以预防其它相关HPV型别的感染或者相同HPV型别的再次感染。
3
26 32 21 2 4 0.357
有过性生活的女性可能已经感染HPV，但自然感染后是否可诱导出对再感染的抵抗力尚无定论，而疫苗接种后可以产生有效的保护，能防止病毒的感染。
26 33 21 3 4 0.631
另外，疫苗并不能产生百分之百的保护，疫苗接种不能取代常规宫颈癌筛查，也不能取代预防HPV感染和性传播疾病的其他措施。
26 34 21 4 4 0.37
因此，按照相关部门建议常规进行宫颈癌筛查仍然极为重要。
2
26 51 32 1 2 0.638
除了注射疫苗外，健康的生活方式也有利于预防宫颈癌。
26 52 32 2 2 0.314
因HPV感染的高风险人群包括：有很多性伴侣、过早开始有性生活、患有其他性传播疾病、免疫系统较弱、吸烟人群等。
1
28 1 1 1 1 0.657
日前，国内首个获批的宫颈癌四价疫苗正式上市，2017年11月15日，“云南首针”新闻发布会在盘龙辖区的预防接种单位——云南玛莉亚医院召开，这标志着云南20-45岁之间女性预防宫颈疾病新时代的开启，从这一刻开始，需要注射宫颈癌疫苗的25岁以上女性不用再组团出国打针，而是在家门口就可以得到宫颈癌疫苗的防护。
2
28 5 3 2 3 0.508
会上，李琼芬所长在讲话中强调：宫颈癌四价疫苗接种工作关系到万千女性的健康和家庭幸福，一定要做好宫颈癌三级预防体系的第一步，为广大女性的健康保驾护航。
28 6 3 3 3 0.68
云南玛莉亚医院的专家沈鸿雁主任也就疫苗上市大家关注的热点做出了解释，她告诉广大女性，宫颈癌是如今唯一知病因，可预防，可治疗的癌症，国内人群宫颈癌高发期有两个年龄段，四价疫苗的上市解决了大龄人群宫颈癌一级预防的问题，可说是女性的福音。
2
28 7 4 1 2 0.691
首批四价宫颈癌疫苗是11月14日下午送达盘龙区疾病预防控制中心冷库的，区疾控中心的工作人员在第一时间用冷链车为辖区预防接种单位云南省玛莉亚医院配送了疫苗。
28 8 4 2 2 0.587
2017年11月15日下午，首位接种对象在云南玛莉亚医院成功接种了云南省首针四价宫颈癌疫苗。
2
28 17 9 1 6 0.719
2009年，世界卫生组织（WHO）建议将HPV疫苗接种用于宫颈癌的一级预防。
28 18 9 2 6 0.445
现在，我国的一级预防已经引进。
2
29 1 1 1 2 0.435
中新网昆明11月15日电(记者胡远航)15日，四价宫颈癌疫苗在云南上市。
29 2 1 2 2 0.603
20位昆明市民在当地医院接种了该疫苗，成为云南最先接种到四价宫颈癌疫苗的民众。
2
29 7 4 1 4 0.757
云南省疾控中心免疫规划首席专家丁峥嵘介绍称，新上市的四价宫颈癌疫苗，相比二价宫颈癌疫苗，可以预防更多型别的HPV病毒。
29 8 4 2 4 0.43
但需要说明的是，接种了疫苗并不代表对HPV病毒完全免疫。
1
30 1 1 1 1 0.628
四价宫颈癌疫苗也上市啦。
2
30 5 4 1 2 0.635
四价疫苗在二价疫苗的基础上增加了6型和11型HPV病毒。
30 6 4 2 2 0.268
最重要的是，在临床实验中证实，该疫苗对高危宫颈癌前病变表现出了100%的保护效力。
3
30 9 7 1 3 0.525
与二价疫苗相比，此次上市的四价疫苗一个显著特点是，接种人群覆盖到了20-45岁的“大年龄群体”。
30 10 7 2 3 0.649
根据国家食药总局的批准，该疫苗用于20-45岁女性接种，适用于预防由16/18型人乳头瘤状病毒（HPV）所致的宫颈癌，宫颈上皮内瘤样病变（CIN1/2/3）和原位腺癌（AIS）。
30 11 7 3 3 0.49
另外，在四价疫苗的国际临床实验中，9-25岁的低龄组也同样有效，所以也不排斥低龄组的人群接种该疫苗。
2
30 28 17 1 3 0.649
答：男性接种四价和九价HPV疫苗可以预防可能引起喉癌、阴茎癌和肛门癌的HPV感染以及尖锐湿疣。
30 29 17 2 3 0.54
同时，男性接种HPV疫苗能够减少将HPV传染给性伴侣的可能性。
2
31 1 1 1 2 0.729
二价宫颈癌疫苗获批的接种年龄是9-25岁女性接种，可预防HPV病毒家族中的HPV16和18。
31 2 1 2 2 0.756
四价HPV疫苗适用人群延伸至20-45岁，可预防HPV16、18、6、11，除了预防宫颈癌，还可预防湿疣等疾病。
0
2
31 8 6 1 2 0.751
宫颈癌疫苗，又称为HPV疫苗，是一种预防宫颈癌发病的疫苗。
31 9 6 2 2 0.727
宫颈癌主要由感染人乳头瘤病毒(HPV)引起，该疫苗通过预防HPV病毒感染，进而有效预防了宫颈癌的发病，可防止人体感染疫苗所涵盖的人乳头状瘤病毒亚型变异。
0
1
31 18 12 1 1 0.671
二价疫苗可预防HPV病毒家族中的HPV16/18，四价可预HPV16/18/6/11。
2
31 33 24 1 2 0.644
目前国内获批上市的二价和四价疫苗，主要针对HPV16和HPV18两种高危型别（四价还可预防HPV6和HPV11引起的生殖器疣），二者共导致了70%的宫颈癌，疫苗可以降低这部分宫颈癌的发生率。
31 34 24 2 2 0.509
但是导致宫颈癌的HPV还有其他亚型，不在预防范围内(9价也不能完全覆盖)。
1
31 35 25 1 1 0.652
因此，即使接种了HPV疫苗，也应该按照正规的宫颈癌筛查策略，接受宫颈癌筛查哦。
2
32 9 4 1 2 0.622
据悉，四价宫颈癌疫苗是在HPV16和HPV18二价疫苗的基础上，增加了HPV6和HPV11二种HPV低危型亚型。
32 10 4 2 2 0.759
四价宫颈癌疫苗可预防更多的HPV感染，不但可减少宫颈癌的风险，还可以预防男女性常见的性病皮肤病，预防作用更加广泛。
0
1
33 16 6 1 1 0.644
郑州市二七区疾控中心免疫规划科科长王衡介绍，根据二价疫苗接种情况，二七区这次采购了896支宫颈癌四价疫苗，“市区其他几个区也采购了四价疫苗，预计下周市区接种门诊都可以进行接种”。
2
33 18 8 1 2 0.614
四价宫颈癌疫苗是在HPV16和HPV18二价苗的基础上，增加了HPV6和HPV11二种HPV低危型亚型。
33 19 8 2 2 0.759
四价宫颈癌疫苗可预防更多的HPV感染，不但可减少宫颈癌的风险，还可以预防男女性常见的性病皮肤病，预防作用更加广泛。
0
2
34 9 5 1 5 0.614
四价宫颈癌疫苗是在HPV16和HPV18二价苗的基础上，增加了HPV6和HPV11二种HPV低危型亚型。
34 10 5 2 5 0.759
四价宫颈癌疫苗可预防更多的HPV感染，不但可减少宫颈癌的风险，还可以预防男女性常见的性病皮肤病，预防作用更加广泛。
1
34 11 5 3 5 0.522
至于九价宫颈癌疫苗，更是在四价苗的基础上又增加了属于高风险组的31、33、45、52和58五种HPV亚型，是迄今为止功能最强大的宫颈癌疫苗。
2
35 17 14 1 2 0.414
二价宫颈癌疫苗是科学家们本着“首恶必办”的宗旨，针对HPV16和HPV18两个为非作歹的首恶之徒而研发的生物武器，如上所述，HPV16和HPV18在所有引发宫颈癌的HPV亚型中占了70%以上的份额，因此，针对它们就等于打蛇打在七寸的位置上，可以给宫颈癌以致命一击。
35 18 14 2 2 0.691
换言之，接种了二价宫颈癌疫苗，女性同胞们今后患上宫颈癌的风险可大大减少。
2
35 19 15 1 3 0.614
四价宫颈癌疫苗是在HPV16和HPV18二价苗的基础上，增加了HPV6和HPV11二种HPV低危型亚型。
35 20 15 2 3 0.355
为什么要增加低危型的HPV亚型？上面已介绍过，低危型的HPV也会引起生殖道肛周皮肤和阴道下部的外生性湿疣类病变、扁平湿疣类病变和低度子宫颈上皮内瘤样变，同样也对人体健康造成损害。
1
35 21 15 3 3 0.74
也就是说，四价宫颈癌疫苗可预防更多的HPV感染，不但可减少宫颈癌的风险，还可以预防男女性常见的性病皮肤病，预防作用更加广泛。
1
35 25 19 1 1 0.646
因此，即使接种了HPV疫苗，妇女同胞们也应该按照正规的宫颈癌筛查策略，定期接受宫颈癌筛查。
1
36 2 2 1 1 0.672
20-45岁女性可以在重庆接种宫颈癌疫苗了！昨日下午，四价宫颈癌疫苗佳达修中国内地首针接种在重庆市巴南区李家沱社区卫生服务中心开针。
1
36 4 4 1 1 0.627
当日下午2点，沈亚绿女士在李家沱社区卫生服务中心完成四价宫颈癌疫苗佳达修接种，她也成为首位接种该疫苗的女性。
2
36 11 10 1 2 0.653
2006年，美国药企默沙东率先研制出了人乳头瘤病毒（HPV）疫苗“佳达修”并在美国推出，成为全球第一个宫颈癌疫苗，它既能预防HPV16、18型别引起的宫颈癌，又能预防感染HPV6、11型别引发的生殖器疣。
36 12 10 2 2 0.278
2016年，美国默沙东疫苗销售总额已达62.46亿美元。
2
38 5 3 1 2 0.615
据悉，“佳达修”可用于20岁至45岁的女性接种，采用0/2/6月各接种一针次、共3剂免疫接种程序，适用于预防由16型、18型人乳头瘤病毒（HPV）所致的宫颈癌、宫颈上皮内瘤样病变（CIN123）和原位腺癌（AIS）。
38 6 3 2 2 0.618
作为全球第一个宫颈癌疫苗，相比葛兰素史克的二价疫苗，默沙东的四价疫苗从年龄与预防功效上均有所扩展。
0
2
40 2 1 2 3 0.422
作为严重威胁妇女健康的常见恶性肿瘤，宫颈癌在我国女性生殖系统恶性肿瘤中，发病率和死亡率都居首位，且患病年轻化趋势日显。
40 3 1 3 3 0.738
而人乳头瘤病毒（HPV）疫苗接种是世界卫生组织推荐的宫颈癌预防一级措施。
3
41 6 4 2 4 0.35
据《2015中国癌症统计报告》预计，当年我国宫颈癌新发病例约9.89万例，死亡人数约3.05万。
41 7 4 3 4 0.73
作为人类历史上首个病因明确的癌症，宫颈癌是由高危型HPV病毒的持续感染引起，接种疫苗是预防HPV感染和发展为宫颈癌的最有效方法，美国默沙东四价HPV疫苗是全球第一个宫颈癌疫苗。
41 8 4 4 4 0.3
据悉，该产品已在全球超过100个国家和地区上市销售，默沙东Gardasil系列（4价&9价）2016年销售额达到21.73亿美元。
3
42 1 1 1 5 0.505
【全国100个城市可网上预约宫颈癌疫苗】近日获悉，全国100多个城市的800多家社区卫生服务中心可在线预约宫颈癌疫苗接种服务。
42 2 1 2 5 0.753
人乳头瘤病毒(HPV)疫苗接种是世界卫生组织推荐的宫颈癌预防一级措施。
42 3 1 3 5 0.532
今年7月，由葛兰素史克生产的二价HPV疫苗“希瑞适”成为中国内地首个获批正式上市的HPV疫苗。
3
43 3 2 1 4 0.295
答:不能接种。
43 4 2 2 4 0.6
因为二价HPV疫苗适用于9-25岁的女性。
43 5 2 3 4 0.545
也不用太担心,你们还可以选择四价HPV疫苗,该疫苗适用人群为20-45岁女性。
2
43 21 9 1 2 0.133
答:不能。
43 22 9 2 2 0.627
二价HPV疫苗属于预防性疫苗,只具有预防作用而不具备治疗效果。
2
48 1 1 1 2 0.636
[上海市首剂宫颈癌疫苗今早在浦东开针！13日起，全区都可接种→]宫颈癌疫苗开打啦！浦东本次共配送4200剂宫颈癌疫苗，保质期到2020年。
48 2 1 2 2 0.473
11月8日-10日，浦东新区完成对辖区内所有接种单位的疫苗配送；11月13日起，全区社区卫生服务中心门诊和9家医院的特需门诊就可以接种疫苗啦！想要去接种HPV疫苗的小伙伴可以去预约咯~详情戳http://t.cn/RlYhKUS
1
49 20 14 1 1 0.604
（4）接种该疫苗不能治疗已有感染和病变，也不能替代宫颈癌筛查，只能预防由本疫苗包括的HPV引起的疾病。
2
49 42 26 1 3 0.649
答：男性接种四价和九价HPV疫苗可以预防可能引起喉癌、阴茎癌和肛门癌的HPV感染以及尖锐湿疣。
49 43 26 2 3 0.54
同时，男性接种HPV疫苗能够减少将HPV传染给性伴侣的可能性。
1
50 20 14 1 1 0.604
（4）接种该疫苗不能治疗已有感染和病变，也不能替代宫颈癌筛查，只能预防由本疫苗包括的HPV引起的疾病。
2
50 42 26 1 3 0.649
答：男性接种四价和九价HPV疫苗可以预防可能引起喉癌、阴茎癌和肛门癌的HPV感染以及尖锐湿疣。
50 43 26 2 3 0.54
同时，男性接种HPV疫苗能够减少将HPV传染给性伴侣的可能性。
2
51 12 8 1 3 0.682
今年9月，GSK与中华预防医学会等共同启动中国宫颈癌预防控制科普项目，在全国高等院校进行宫颈癌防治宣传。
51 13 8 2 3 0.353
此外，GSK与阿里健康联手推出“瑞至-成人疫苗服务项目”，在淘宝上提供疫苗接种咨询和线上预约服务。
1
53 11 6 1 1 0.637
而此次的二价HPV疫苗，就是为了预防HPV-16与HPV-18这两种型别的病毒引起的宫颈癌及相关疾病。
2
54 4 2 2 3 0.552
近年来，宫颈癌的治疗及预防越来越受到大家的关注。
54 5 2 3 3 0.635
今年8月，我国内地首个宫颈癌疫苗——人乳头状瘤病毒HPV疫苗［16型和18型］（即二价宫颈癌疫苗）正式获批上市，11月开始登陆湖南。
1
54 6 3 1 1 0.624
雨湖区疾控中心相关负责人介绍，这次上市的二价宫颈癌疫苗，推荐接种的主要人群为9-25岁女性，因为该疫苗在未被暴露于HPV病毒的人群中最为有效。
2
54 10 7 1 3 0.629
这次上市的是二价HPV疫苗，主要针对16型和18型人乳头状瘤病毒疫苗，它俩是全球约70%宫颈癌的致病原因，接种年龄范围为9-25岁。
54 11 7 2 3 0.299
适龄女性无论是否有过性生活，均可以接种。
2
54 16 9 2 3 0.437
2015年中国宫颈癌新发病例约10万人，死亡约3万人，其中是15岁至44岁女性中第三大高发癌症。
54 17 9 3 3 0.709
因此，在开展宫颈癌筛查的同时，宫颈癌疫苗接种将显著降低宫颈癌及其癌前病变的发病率，从而降低疾病负担。
2
54 19 11 1 2 0.628
目前在国内上市的是葛兰素史克公司的二价HPV疫苗“希瑞适”，它能预防HPV-16和HPV-18两种高危HPV病毒亚型感染。
54 20 11 2 2 0.593
这两种病毒亚型可引起70%左右的宫颈癌和宫颈癌癌前病变。
3
54 24 14 1 3 0.471
根据规定，超过25岁的女性不能接种二价HPV疫苗，但是以后可能还会有其它的疫苗推出，包括四价HPV疫苗可能也会很快上市。
54 25 14 2 3 0.648
据了解，四价HPV疫苗国内批准的接种年龄是20-45岁。
54 26 14 3 3 0.593
所以不在二价HPV疫苗接种年龄段的女性，可以再等一等四价HPV。
2
54 34 21 1 2 0.513
接种HPV疫苗可以降低患宫颈癌的风险，但并不能保障一定不会得宫颈癌。
54 35 21 2 2 0.641
无论接种二价疫苗、四价疫苗还是九价疫苗，接种疫苗后仍然需要定期进行宫颈癌筛查。
3
55 7 4 1 4 0.409
作为严重威胁妇女健康的常见恶性肿瘤，宫颈癌在我国女性生殖系统恶性肿瘤中，其发病率和死亡率都居首位，且患病年轻化趋势日显。
55 8 4 2 4 0.738
而人乳头瘤病毒（HPV）疫苗接种是世界卫生组织推荐的宫颈癌预防一级措施。
55 9 4 3 4 0.54
2017年7月31日，由葛兰素史克生产的二价HPV疫苗“希瑞适”成为中国内地首个获批正式上市的HPV疫苗。
2
56 7 4 1 2 0.409
作为严重威胁妇女健康的常见恶性肿瘤，宫颈癌在我国女性生殖系统恶性肿瘤中，其发病率和死亡率都居首位，且患病年轻化趋势日显。
56 8 4 2 2 0.738
而人乳头瘤病毒（HPV）疫苗接种是世界卫生组织推荐的宫颈癌预防一级措施。
2
57 4 2 2 3 0.552
近年来，宫颈癌的治疗及预防越来越受到大家的关注。
57 5 2 3 3 0.635
今年8月，我国内地首个宫颈癌疫苗——人乳头状瘤病毒HPV疫苗［16型和18型］（即二价宫颈癌疫苗）正式获批上市，11月开始登陆湖南。
2
57 9 4 1 2 0.624
雨湖区疾控中心相关负责人介绍，这次上市的二价宫颈癌疫苗，推荐接种的主要人群为9-25岁女性，因为该疫苗在未被暴露于HPV病毒的人群中最为有效。
57 10 4 2 2 0.411
从现在起，雨湖区凡符合条件的女性，可根据自身需要，自愿自费到所在的社区卫生服务中心或乡镇卫生院预约接种，接种程序为0/1/6月各接种一剂次，全程免疫3针次。
1
58 4 2 1 1 0.679
记者了解到，此次到货的二价HPV疫苗，由葛兰素史克公司生产，可预防HPV-16与HPV-18这两种型别的病毒引起的宫颈癌及相关疾病。
1
58 11 6 1 1 0.655
市卫生计生局提醒，二价HPV疫苗只对HPV-16和HPV-18感染引起的宫颈癌及其相关疾病具有保护作用，不能预防其他型别的HPV引起的疾病；和其他疫苗一样，接种HPV疫苗后不一定产生100%的保护效果。
2
59 4 3 1 2 0.615
宫颈癌是严重威胁女性健康的常见恶性肿瘤，接种HPV疫苗，可刺激免疫系统产生保护性抗体，达到预防HPV感染的目的。
59 5 3 2 2 0.518
因为无法在湖南接种HPV疫苗，在得知HPV疫苗上市销售之前，不少市民甚至“打飞的”去香港接种疫苗，而前往香港接种二价HPV疫苗总价在人民币2584.4元左右（本报8月2日09版报道）。
1
59 16 11 1 1 0.7
接种宫颈癌疫苗可以预防其他相关HPV型别感染或者相同HPV型别再次感染。
2
60 19 9 1 2 0.612
据了解，宫颈癌是我国女性第二大高发癌症，也是病死率最高的癌症之一，根据湖南省妇幼保健院调查的相关数据，我省从2009年至今开展的农村妇女“两癌”检查项目，其中宫颈癌项目筛查390.78万人次，筛查出病变4240例，宫颈癌1203例。
60 20 9 2 2 0.383
市中心医院妇科主任王劲进对此也深有同感，她说，根据株洲市有关宫颈癌数据的统计，在全市400万人口中，每年有两百例以上的新发宫颈癌病例，而且呈现越来越年轻的趋势。
1
61 2 2 1 1 0.786
“此次获批的宫颈癌疫苗希瑞适，是二价宫颈癌疫苗。”湖南省疾控中心预防医学门诊部主任、副主任医师石琼介绍，宫颈癌在我省女性生殖系统恶性肿瘤中，发病率和死亡率都居首位，且呈年轻化趋势，接种宫颈癌疫苗、定期进行宫颈癌筛查，是预防宫颈癌的必要措施。
2
62 4 2 1 2 0.48
“今后，湖南人接种宫颈癌疫苗（HPV疫苗）不用再打“飞的”往境外跑了，家门口就能注射。
62 5 2 2 2 0.603
”今天在长沙召开的湖南宫颈癌疫苗上市新闻发布会宣布，11月1日起，9至25岁的女性可根据自身需要，自愿自费前往在省、市、区（县）疾控中心或有二类疫苗接种资质的接种点，接种二价HPV疫苗。
2
62 6 3 1 2 0.394
宫颈癌作为严重威胁妇女健康的常见恶性肿瘤，在我国女性生殖系统恶性肿瘤中，其发病率和死亡率都居第一位，且患病年轻化趋势日显。
62 7 3 2 2 0.806
接种人乳头瘤病毒（HPV）疫苗及定期宫颈癌筛查，成为预防宫颈癌的必要措施。
2
62 11 5 1 3 0.627
当天上午，还举办了湖南省宫颈癌预防与疫苗应用健康教育培训会议。
62 12 5 2 3 0.413
会议特别邀请江苏省疾控中心疫苗临床评价所所长胡月梅、湖南省妇幼保健院妇女保健科主任吴颖岚参加，来自湖南省各市、区县疾控中心主管领导及相关科室负责人共计150余人参会。
1
62 14 6 1 1 0.642
湖南哪里可以接种希瑞适宫颈癌疫苗？
1
62 21 11 1 1 0.694
接种宫颈癌疫苗可以预防其他相关HPV型别的感染或者相同HPV型别的再次感染。
2
62 27 15 1 2 0.735
10月31日，湖南省预防医学会、湖南省疾病预防控制中心召开湖南宫颈癌疫苗上市新闻发布会。
62 28 15 2 2 0.655
记者获悉，11月1日起，9-25岁的女性可前往长沙各预防接种单位（如社区卫生服务中心、乡镇卫生院的预防接种门诊等）接种二价HPV疫苗。
0
3
62 29 16 1 3 0.209
曹小姐今年23岁，湘潭人，在长沙一家外企做销售工作。
62 30 16 2 3 0.611
“宫颈癌在我们印象中是不治之症，现在有预防宫颈癌的疫苗，所以想趁着年轻接种预防”曹小姐告诉记者，身边有很多朋友非常关注宫颈癌且飞去香港接种疫苗。
62 31 16 3 3 0.337
最近从电视和朋友圈得知“家门口就可以接种宫颈癌疫苗”，曹小姐非常激动，随即在淘宝上进行预约，“香港疫苗价格贵，而且来回三趟非常不方便，现在在家门口就可以接种疫苗非常方便”。
2
63 1 1 1 3 0.643
北京市正在采购2价宫颈癌疫苗。
63 2 1 2 3 0.483
记者昨天分别从市疾控中心与葛兰素史克公司获悉，疫苗最快将于11月上旬派发到接种站点，届时市民可到附近的接种站点预约接种疫苗。
2
63 20 9 1 4 0.66
记者了解到，2价宫颈癌疫苗与4价疫苗的主要区别在于可预防病毒种类及可接种人群年龄段的不同。
63 21 9 2 4 0.649
2价宫颈癌疫苗可以预防16、18两种HPV病毒，同时可交叉保护31、33、45型病毒；4价宫颈癌疫苗可用于预防6、11、16、18四种HPV病毒亚型。
1
63 22 9 3 4 0.404
其中，16、18是引起宫颈癌的高危致病因素。
2
64 1 1 1 3 0.601
自从HPV(人乳头瘤病毒)疫苗(俗称宫颈癌疫苗)在我国内地获批上市以来，很多市民翘首期盼。
64 2 1 2 3 0.647
记者27日从长沙市疾控中心获悉，11月起，全市各预防接种门诊相继可以接种二价HPV疫苗了。
1
64 3 1 3 3 0.585
四价HPV疫苗预计今年年底或明年年初可在长沙接种。
1
64 7 4 1 1 0.7
目前，二价HPV疫苗主要预防HPV病毒16型和18型的感染，四价疫苗主要预防6、11、16、18型病毒的感染。
1
64 13 9 1 1 0.641
11月起，长沙各预防接种单位(如：社区卫生服务中心、乡镇卫生院的预防接种门诊等)可相继接种二价HPV疫苗。
1
64 16 12 1 1 0.613
中国内地上市的二价HPV疫苗建议接种对象是9～25岁的女性。
2
64 21 14 4 5 0.287
但必须强调的是，并不是接种疫苗就不会得宫颈癌。
64 22 14 5 5 0.61
接种后，依然要注意个人卫生及生活习惯，定期做宫颈癌筛查，因为HPV疫苗并不能预防所有高危型HPV。
3
66 1 1 1 3 0.474
华声在线10月27日讯(记者段涵敏通讯员张亚娜刘姝)大家期盼已久的HPV(人乳头瘤病毒)疫苗(俗称“宫颈癌疫苗”)来湖南了。
66 2 1 2 3 0.619
湖南省疾控中心今天透露，该中心的预防门诊从11月1日开始就能接种二价HPV疫苗，全省的社区卫生服务中心、乡镇卫生院等预防接种门诊11月起也可相继接种，每针次价格预计在650元左右。
66 3 1 3 3 0.563
四价HPV疫苗预计今年底或明年初可在长沙接种。
3
66 6 3 1 3 0.566
长沙市疾控中心免疫规划专家林希建介绍，接种HPV疫苗，可刺激免疫系统产生保护性抗体，这种抗体存在于人的体液之中，HPV病毒一旦出现，抗体会立即作用，将其清除，阻止HPV病毒感染，从而预防HPV感染。
66 7 3 2 3 0.678
目前，二价HPV疫苗主要预防HPV病毒16型和18型的感染，建议接种对象是9至25岁的女性;四价疫苗主要预防6、11、16、18型病毒的感染，接种对象是20至45岁的女性。
66 8 3 3 3 0.48
二价和四价HPV疫苗全程均注射3剂次，全程接种需6个月的时间完成。
2
66 14 5 2 3 0.463
HPV有100多种亚型，分为低危型和高危型，只有高危型HPV(例如16型和18型)的持续感染，才可能会进展为宫颈癌。
66 15 5 3 3 0.621
目前HPV疫苗并不能预防所有高危型HPV，所以接种后依然要注意个人卫生及生活习惯，定期做宫颈癌筛查。
2
67 4 3 1 2 0.743
疾控专家介绍，HPV疫苗，就是宫颈癌疫苗，是一种预防宫颈癌发病的疫苗。
67 5 3 2 2 0.77
宫颈癌主要由感染人乳头瘤病毒（HPV病毒）引起，该疫苗通过预防HPV病毒感染，进而有效预防宫颈癌的发病。
0
2
67 10 5 1 3 0.656
二价疫苗：99.7%的宫颈癌，都是由HPV病毒感染所引起。
67 11 5 2 3 0.328
女性只要开始性生活，一生中被HPV感染的概率就非常高。
1
67 12 5 3 3 0.706
二价HPV疫苗，能有效预防HPV-16和HPV-18两种基因型的病毒感染，以及这两种基因型病毒引起的宫颈癌和宫颈癌癌前病变，接种二价疫苗后可以预防93%左右的宫颈癌和癌前病变。
3
67 22 10 1 4 0.222
有人认为“打了疫苗就可以不得宫颈癌”，这种说法不确切。
67 23 10 2 4 0.619
国内二价疫苗针对的是HPV16和HPV18两种亚型，通过接种疫苗可以降低这部分亚型引起宫颈癌的发生率。
67 24 10 3 4 0.56
但导致宫颈癌的HPV还有其他亚型，不在预防范围内。
1
67 25 10 4 4 0.676
因此，即使接种HPV疫苗，也应该按照正规的宫颈癌筛查策略，接受宫颈癌筛查。
2
68 1 1 1 2 0.705
中新网杭州10月24日电(记者方堃)宫颈癌是女性健康的重大威胁，人乳头瘤病毒(HPV)疫苗接种是世界卫生组织推荐的宫颈癌预防一级措施。
68 2 1 2 2 0.63
2017年7月31日，由葛兰素史克生产的二价HPV疫苗，成为中国内地首个获批正式上市的HPV疫苗，该二价HPV疫苗推荐用于9～25岁女性，属于群众自费、自愿接种的疫苗，采用3剂免疫接种程序。
0
2
68 3 2 1 2 0.651
据悉，浙江省疾病预防控制中心于2017年9月完成了HPV疫苗政府集中采购工作，该省各县区疾控中心可在浙江省政府采购云平台上采购HPV疫苗。
68 4 2 2 2 0.56
该批疫苗主要针对16型和18型人乳头状瘤病毒，这两种病毒是全球约70%宫颈癌的致病原因。
2
69 1 1 1 2 0.655
大洋网讯昨日下午，24岁的龚小姐在罗湖中医院成人预防接种门诊接种了深圳首针HPV疫苗。
69 2 1 2 2 0.653
据介绍，目前在深可接种的HPV疫苗为二价疫苗，主要针对导致宫颈癌风险最高的病毒株HPV-16型和HPV-18型，这两个高危亚型被内地专家普遍认为与我国近80%的宫颈癌患病相关，预计HPV四价疫苗将在今年底前可接种。
0
1
69 9 6 1 1 0.752
“九价疫苗确实预防覆盖的HPV病毒型别更多，可预防约85%的宫颈癌病例。”内地妇科肿瘤专家、中国医学科学院肿瘤医院深圳医院副院长盛修贵教授说，“但不同地区感染的HPV亚型是不同的。中国女性接种二价疫苗的预防几率可赶得上九价疫苗的预防几率。”
2
69 14 9 1 3 0.723
宫颈癌是目前世界上首个可以通过注射疫苗预防的癌症。
69 15 9 2 3 0.403
人乳头状瘤病毒是乳头瘤病毒家族中的一种，简称HPV。
3
69 21 12 1 3 0.421
据了解，目前全球仅有葛兰素史克生产的希瑞适和默沙东生产的佳达修（Gardasil）两款HPV疫苗产品。
69 22 12 2 3 0.69
罗湖医院集团妇产科主任张帝开告诉记者，希瑞适可预防HPV-16型和HPV-18型病毒导致的宫颈癌，被称为“二价HPV疫苗”。
69 23 12 3 3 0.579
默沙东2006年推出的全球第一款HPV疫苗佳达修，可用于预防6、11、16、18四种HPV病毒亚型所导致的多种疾病，被称为“HPV四价疫苗”。
2
70 1 1 1 2 0.655
大洋网讯昨日下午，24岁的龚小姐在罗湖中医院成人预防接种门诊接种了深圳首针HPV疫苗。
70 2 1 2 2 0.653
据介绍，目前在深可接种的HPV疫苗为二价疫苗，主要针对导致宫颈癌风险最高的病毒株HPV-16型和HPV-18型，这两个高危亚型被内地专家普遍认为与我国近80%的宫颈癌患病相关，预计HPV四价疫苗将在今年底前可接种。
0
1
70 9 6 1 1 0.752
“九价疫苗确实预防覆盖的HPV病毒型别更多，可预防约85%的宫颈癌病例。”内地妇科肿瘤专家、中国医学科学院肿瘤医院深圳医院副院长盛修贵教授说，“但不同地区感染的HPV亚型是不同的。中国女性接种二价疫苗的预防几率可赶得上九价疫苗的预防几率。”
2
70 14 9 1 3 0.723
宫颈癌是目前世界上首个可以通过注射疫苗预防的癌症。
70 15 9 2 3 0.403
人乳头状瘤病毒是乳头瘤病毒家族中的一种，简称HPV。
3
70 21 12 1 3 0.421
据了解，目前全球仅有葛兰素史克生产的希瑞适和默沙东生产的佳达修（Gardasil）两款HPV疫苗产品。
70 22 12 2 3 0.69
罗湖医院集团妇产科主任张帝开告诉记者，希瑞适可预防HPV-16型和HPV-18型病毒导致的宫颈癌，被称为“二价HPV疫苗”。
70 23 12 3 3 0.579
默沙东2006年推出的全球第一款HPV疫苗佳达修，可用于预防6、11、16、18四种HPV病毒亚型所导致的多种疾病，被称为“HPV四价疫苗”。
2
71 16 6 3 4 0.525
同时，近几年中国宫颈癌的发病和死亡还呈现年轻化趋势，因此专家提倡宫颈癌疫苗要趁年轻早接种，早获保护。
71 17 6 4 4 0.685
致癌型HPV感染是引发宫颈癌的必要条件，16、18亚型引起的宫颈癌占宫颈癌病例的70%，这次在广州上市的二价宫颈癌疫苗正是针对这两种亚型。
1
71 18 7 1 1 0.62
根据世界卫生组织指引，接种宫颈癌疫苗前不需要进行HPV检测。
1
71 19 8 1 1 0.738
天河区妇幼保健院预防接种门诊医师伍艳芬介绍，即使感染了HPV，接种宫颈癌疫苗仍然可以预防其他相关HPV型别的感染或者相同HPV型别的再次感染。
2
71 24 10 1 3 0.67
答：二价宫颈癌疫苗针对16、18亚型的HPV病毒。
71 25 10 2 3 0.646
HPV-16和18引起的宫颈癌占宫颈癌病例的70%。
1
71 26 10 3 3 0.57
全球大规模临床研究证实，在未感染人群中接种该疫苗，由HPV16、18亚型引起的宫颈癌前病变的预防保护效力达到100%，因其对其它致癌型HPV的良好交叉保护效果，对任何型别HPV引起的宫颈癌前病变（CIN3+）的保护效力达到93.2%。
2
71 30 12 1 3 0.612
答：疫苗的问世使宫颈癌的预防手段更加全面、有效。
71 31 12 2 3 0.454
目前全球上市的所有HPV疫苗都无法提供100%的保护。
2
71 35 13 3 4 0.263
自然感染后大约有50%的女性可检测到抗体，效价低，不足以对再次感染产生保护作用。
71 36 13 4 4 0.622
目前医学界普遍认为，接种HPV疫苗，是及早预防子宫颈癌最积极有效的方法。
2
72 17 7 1 6 0.624
可接种“二价”宫颈癌疫苗的不只是天河区的医疗机构。
72 18 7 2 6 0.661
广州市预防医学会秘书长黄桂花介绍，目前全市已经有122个点上报了宫颈癌疫苗计划，覆盖广州市11区。
1
72 19 7 3 6 0.355
由于采购疫苗是各区各自直接在省采购平台采购，所以暂未统计出全市采购数量。
1
72 24 9 1 1 0.665
A有必要，接种宫颈癌疫苗可以预防其它相关HPV基因型别的感染或者相同HPV基因型别的再次感染。
2
72 25 10 1 3 0.604
A疫苗的问世使宫颈癌的预防手段更加全面、有效。
72 26 10 2 3 0.454
目前全球上市的所有HPV疫苗都无法提供100%的保护。
2
72 28 11 1 2 0.742
市预防医学会表示，致癌型HPV感染是引发宫颈癌的必要条件。
72 29 11 2 2 0.646
HPV-16和18引起的宫颈癌占宫颈癌病例的70%。
0
2
73 6 3 1 2 0.63
广州市疾控中心专家、市预防医学会秘书长黄桂花表示，宫颈癌是严重威胁妇女健康的常见恶性肿瘤。
73 7 3 2 2 0.384
我国每年新发病例为10万，死亡病例3万，是15—44岁女性中第三大高发癌症。
2
74 4 3 1 3 0.69
致癌型HPV感染是引发宫颈癌的必要条件，16、18亚型引起的宫颈癌占宫颈癌病例的70%，即将在广州上市的二价宫颈癌疫苗正是针对这两种亚型。
74 5 3 2 3 0.625
全球大规模临床研究证实，在未感染人群中接种该疫苗，由HPV16、18亚型引起的宫颈癌前病变的预防保护效力达到100%，对任何型别HPV引起的宫颈癌前病变（CIN3+）的保护效力达到93.2%。
1
74 6 3 3 3 0.656
目前全球上市的宫颈癌疫苗都无法提供100%的保护，即使接种了宫颈癌疫苗仍然应该定期筛查。
0
3
74 43 20 2 4 0.42
但实际上，大部分的宫颈癌都是由16、18两种亚型病毒引起的。
74 44 20 3 4 0.704
也就是说，接种HPV2价疫苗就可以保护绝大多数的年轻人群，预防宫颈癌。
74 45 20 4 4 0.244
从这一点上来看，HPV2价疫苗依旧有其积极意义。
2
78 6 3 2 3 0.35
据《2015中国癌症统计报告》预计，当年我国宫颈癌新发病例约9.89万例，死亡人数约3.05万。
78 7 3 3 3 0.729
宫颈癌是由高危型HPV病毒的持续感染引起，接种疫苗是预防HPV感染和发展为宫颈癌的最有效方法。
3
78 30 14 1 4 0.549
对此，GSK称，美国市场目前仅使用HPV九价疫苗，HPV四价疫苗和二价疫苗都已停止供应。
78 31 14 2 4 0.668
GSK向记者介绍，HPV16和HPV18引起的宫颈癌占宫颈癌病例的70%。
78 32 14 3 4 0.586
研究证实希瑞适对未感染人群中由HPV16、HPV18引起的宫颈癌前病变（CIN3+）的预防保护效力达到100%。
3
79 27 13 1 3 0.343
据中国之声《新闻晚高峰》报道，随着2价和4价宫颈癌疫苗在国内获批，越来越多的女性关注相关话题。
79 28 13 2 3 0.702
疫苗中的“价”代表可预防病毒亚型数量，目前，预防种类最多的为9价宫颈癌疫苗。
79 29 13 3 3 0.404
但是，9价宫颈癌疫苗内地还没有获批，多数人选择去香港接种，但因为要分三次打，往返有些麻烦。
2
80 2 2 1 3 0.727
我国女性宫颈癌防治形势严峻,HPV疫苗是预防最有效方法。
80 3 2 2 3 0.443
据《2015中国癌症统计报告》预计,当年我国宫颈癌新发病例约9.89万例,死亡人数约3.05万,是15岁至44岁女性中第三大高发癌症,防治形势严峻。
1
80 4 2 3 3 0.695
作为人类历史上首个病因明确的癌症,宫颈癌是由高危型HPV病毒的持续感染引起,接种疫苗是预防HPV感染和发展为宫颈癌的最有效方法。
3
80 5 3 1 6 0.449
默沙东四价HPV疫苗独家代理商,公司未来业绩可观。
80 6 3 2 6 0.714
默沙东四价人乳头瘤病毒疫苗(HPV6、11、16、18型号)是全球第一个宫颈癌疫苗,可有效预防70%的宫颈癌。
80 7 3 3 6 0.467
今年5月该疫苗于国内获批,是国内首个上市的四价HPV疫苗。
3
82 10 6 1 4 0.478
据世界卫生组织报告，宫颈癌是常见的妇科恶性肿瘤之一，是全球15至44岁女性中第二大高发癌症。
82 11 6 2 4 0.732
接种疫苗是预防HPV感染和发展为宫颈癌的最有效方法。
82 12 6 3 4 0.621
据了解，宫颈癌疫苗是全球第一个，也是唯一获准上市的用于预防由HPV6、11、16和18型引起的宫颈癌和生殖器官癌前病变的癌症疫苗，目前已在全球124个国家和地区上市销售。
1
82 13 6 4 4 0.243
据相关数据显示，该疫苗2016年在全球销售收入超过22亿美元。
2
84 8 5 2 3 0.35
据《2015中国癌症统计报告》预计，当年我国宫颈癌新发病例约9.89万例，死亡人数约3.05万。
84 9 5 3 3 0.722
作为人类历史上首个病因明确的癌症，宫颈癌是由高危型HPV病毒的持续感染引起，接种疫苗是预防HPV感染和发展为宫颈癌的最有效方法，四价HPV疫苗是全球第一个宫颈癌疫苗。
2
85 2 2 1 2 0.632
四价人乳头瘤病毒疫苗（酿酒酵母）即四价宫颈癌疫苗，由国际制药巨头企业默沙东于2006年研发成功，可用于预防宫颈癌和湿疣等疾病。
85 3 2 2 2 0.629
今年5月，默沙东四价宫颈癌疫苗“佳达修”在中国获批，可用于20-45岁的女性接种。
0
1
87 5 4 1 1 0.722
作为人类历史上首个病因明确的癌症，宫颈癌是由高危型HPV病毒的持续感染引起，接种疫苗是预防HPV感染和发展为宫颈癌的最有效方法，四价HPV疫苗是全球第一个宫颈癌疫苗。
2
88 9 8 1 2 0.684
宫颈癌疫苗，实际上是指HPV疫苗。
88 10 8 2 2 0.447
HPV（Humanpapillomavirus）称为人乳头瘤病毒，是最常见的性传播病毒。
1
88 22 13 1 1 0.669
专科医生认为，宫颈癌疫苗并非终生免疫，注射疫苗后可以降低患宫颈癌的几率，但并不能100%预防宫颈癌，定期的宫颈筛查必不可少。
2
89 5 2 1 5 0.636
据了解，宫颈癌疫苗目前有二价、四价和九价，这个“价”代表了疫苗能预防病毒的种类。
89 6 2 2 5 0.472
“希瑞适”二价疫苗接种的适宜人群是年龄9-25岁的女性，最佳接种人群是未发生过性行为的少女。
3
89 11 4 1 3 0.535
针对莫女士的疑问，市卫计委答复：宫颈癌疫苗属于第二类疫苗。
89 12 4 2 3 0.601
国家卫生计生委印发的《预防接种工作规范》规定“根据国家制定的第二类疫苗使用指导原则或国家、省级发布的接种第二类疫苗建议信息或疫苗使用说明书接种第二类疫苗。”目前已上市的二价宫颈癌疫苗说明书明确接种对象为9-25岁的女性，故接种单位在接种二价宫颈癌疫苗时严格按照说明书执行。
89 13 4 3 3 0.627
对于25岁以上女性来说，四价宫颈癌疫苗已获得国家食品药品监督管理总局的批准，即将上市，四价HPV疫苗将适用人群延伸至20-45岁，届时此年龄段女性可选择接种。
0
2
90 2 2 1 2 0.735
HPV疫苗，就是宫颈癌疫苗，是一种预防宫颈癌发病的疫苗。
90 3 2 2 2 0.781
宫颈癌主要由感染人乳头瘤病毒（HPV）引起，该疫苗通过预防HPV病毒感染，进而有效预防宫颈癌的发病。
0
2
91 9 3 3 4 0.217
但是，性生活史和生育史并不是接种的禁忌症。
91 10 3 4 4 0.636
对已有性生活但还未感染HPV的女性，接种宫颈癌疫苗可以预防相关HPV型别的感染及其引起的宫颈病变，对于有性生活后已经可能被HPV感染的女性，接种宫颈癌疫苗可以预防其他相关HPV型别的感染或者相同HPV型别的再次感染。
1
91 15 5 1 1 0.605
1、本次上市的二价宫颈癌疫苗防护HPV16/18型所引起的宫颈癌及癌前病变，并且对其他致癌性HPV有一定的交叉保护效应，对所有型别HPV所引发的宫颈癌前病变的总体保护效力达到93.2%。
1
91 22 11 1 1 0.618
7、疫苗不能保护所有的HPV感染，所以接种宫颈癌疫苗后，仍然需要定期宫颈筛查。
1
91 27 14 1 1 0.67
答：只要没有同时感染HPV疫苗所覆盖的病毒，接种此疫苗仍能有效预防其他型号HPV病毒。
2
91 29 16 1 2 0.589
答：宫颈癌疫苗分很多型，此次国内获批的疫苗只针对HPV-16和HPV-18这两型病毒，称为二价疫苗，所以注射疫苗后的女性仍有机会接触到其他亚型病毒，仍然存在患宫颈癌的风险。
91 30 16 2 2 0.685
因此，接种HPV疫苗不能100%预防宫颈癌、也不会终身免疫，常规的宫颈癌预防仍有必要。
2
93 21 10 1 2 0.73
HPV疫苗，顾名思义，即预防HPV病毒的疫苗。
93 22 10 2 2 0.487
疫苗接种后，可刺激免疫系统产生保护性抗体，这种抗体存在于人的体液之中，HPV病毒一旦出现，抗体会立即作用，将其清除，阻止HPV病毒感染，从而达到预防HPV感染的目的。
2
93 27 13 1 2 0.384
2006年，世界上第一个HPV疫苗——默沙东公司研发的佳达修（Gardasil）获得美国FDA批准并上市。
93 28 13 2 2 0.644
佳达修属于四价疫苗，采用酿酒酵母表达系统生产，可用于预防6、11、16、18四种HPV病毒亚型所导致的多种疾病，预防宫颈癌发生的有效率可达70%。
2
93 34 16 3 4 0.536
早在2014年，世界卫生组织（WHO）就已发布指南，9到13岁女孩需要注射两剂量的HPV疫苗，以防感染HPV病毒。
93 35 16 4 4 0.601
10年数据显示，HPV疫苗的出现，结合宫颈癌筛查的推广显著降低了宫颈癌的发病率。
2
93 40 19 1 2 0.416
对于已过26岁及已开始性行为/已受感染之女性，疫苗虽未能治疗已感染的病毒，但可预防将来再受感染。
93 41 19 2 2 0.614
已接受HPV感染之女性接种疫苗仍可预防日后感染HPV病毒，减低因持续感染而演变成子宫颈癌的机会。
2
93 82 39 1 2 0.636
接种过HPV疫苗偶后依然需要定期进行宫颈癌筛查。
93 83 39 2 2 0.516
HPV疫苗并不代表“一劳永逸”，因为HPV疫苗并不能预防所有类型的病毒感染，所以定期检查很有必要。
2
93 84 40 1 5 0.741
常规的宫颈癌筛查（巴氏涂片和HPV检测）可以预防大多数宫颈癌病例。
93 85 40 2 5 0.209
巴氏涂片能够在癌变之前检测到宫颈细胞的变化。
2
94 1 1 1 3 0.688
7月31日，中国批准了首个在内地上市的预防宫颈癌的HPV（双价人乳头瘤病毒）疫苗。
94 2 1 2 3 0.647
目前，连云港市已经采购到第一批预防宫颈癌的HPV疫苗，广大女性朋友可以在家门口就接种到HPV疫苗了。
1
94 3 1 3 3 0.086
怎么打？多大年纪可以打？又有哪些注意事项，来听听专家怎么说。
2
94 9 4 1 3 0.667
HPV疫苗是首个专为预防癌症而研制的疫苗，该疫苗将能大大减低罹患宫颈癌的风险。
94 10 4 2 3 0.191
受宫颈癌侵害的妇女往往正值壮年，处于能够生儿育女及经营家庭的黄金时期。
2
94 12 5 1 2 0.66
市疾病控制预防中心相关负责人介绍，今年7月31日，双价人乳头瘤病毒（HPV）疫苗获得中国食品药品检定研究院的批准签发，成为内地首个可以上市销售的宫颈癌疫苗。
94 13 5 2 2 0.533
江苏省已于8月14日完成获批上市的HPV疫苗的中标公示，省内各区县疾病预防控制中心即可在江苏省药品网上集中采购平台上点击采购订单，由配送企业配送到位后，区县疾控中心按照接种门诊需求逐级发放。
1
94 17 7 1 1 0.624
是不是接种了HPV疫苗，就不会得宫颈癌了？“接种宫颈癌HPV疫苗，并不等于进了保险箱。”市疾控部门相关负责人表示，宫颈癌的发生有多重因素，高危型人乳头瘤病毒（HPV）持续感染是宫颈癌的主要危险因素，90%以上的宫颈癌伴有高危型HPV感染。
3
94 20 8 3 5 0.524
研究显示，71%的宫颈癌主要是由HPV16型、HPV18型病毒引起的，国内的宫颈癌病例中，经由这两种病毒感染的比例更高，平均超过80%。
94 21 8 4 5 0.616
而此次上市的HPV疫苗是针对HPV16和HPV18亚型的二价疫苗。
94 22 8 5 5 0.662
换句话来说，HPV疫苗在上市后，超过80%的宫颈癌风险可以预防。
0
2
94 23 9 1 2 0.684
另外，即使已接种HPV疫苗，仍须定期接受宫颈癌筛查，因为HPV疫苗并不能预防所有类型的HPV感染。
94 24 9 2 2 0.277
所以，并不能因为打了疫苗就不去筛查或减少筛查的次数。
1
95 2 2 1 1 0.655
鉴于不同“价”的宫颈癌疫苗可预防病毒亚型数量不同，被视为“豪华保护效力”的9价宫颈癌疫苗成为不少消费者追捧的对象。
3
95 13 8 1 5 0.429
然而，这似乎并没有满足公众对于宫颈癌疫苗的期待和需求，9价宫颈癌疫苗仍是很多人认为的“最佳接种选择”。
95 14 8 2 5 0.672
根据可预防HPV病毒亚型种类的不同，目前市面上有三种宫颈癌疫苗，分别是2价、4价和9价，“价”数即可预防病毒亚型数量。
95 15 8 3 5 0.582
在各类可引发宫颈癌的HPV病毒中，6型和18型HPV病毒是高危病毒，全球约70%的宫颈癌都是由这两类病毒引起的，上述三种疫苗均可预防这两类高危病毒。
2
95 16 8 4 5 0.61
在此基础上，4价疫苗增加了低危的6型和11型病毒，可预防4种HPV病毒亚型。
95 17 8 5 5 0.626
9价则可预防9种HPV病毒亚型，但9价疫苗在国内尚未获批。
0
3
98 13 1 13 23 0.172
望江路社区卫生服务中心的工作人员向记者表示，目前望江路社区可以直接去打宫颈癌疫苗，不需要提前预约：“我们社区医院的上班时间是星期一到星期五，上午8点30到11点30，下午2点到4点30，周末不上班，直接带身份证来打就可以了。”同时，该工作人员也建议大家最好是下午去打，“上午会有很多家长带小孩来打针，人会比较多”。
98 14 1 14 23 0.739
■小知识宫颈癌疫苗，又称为HPV疫苗，是一种预防宫颈癌发病的疫苗。
98 15 1 15 23 0.727
宫颈癌主要由感染人乳头瘤病毒(HPV)引起，该疫苗通过预防HPV病毒感染，进而有效预防了宫颈癌的发病，可防止人体感染疫苗所涵盖的人乳头状瘤病毒亚型变异。
1
98 16 1 16 23 0.671
●打了宫颈癌疫苗就不得宫颈癌了?答：本次上市的二价宫颈癌疫苗防护HPV16/18型所引起的宫颈癌及癌前病变，并且对其他致癌性HPV有一定的交叉保护效应，对所有型别HPV所引发的宫颈癌前病变的总体保护效力达到93.2%。
1
98 17 1 17 23 0.625
疫苗不能保护所有的HPV感染，所以接种宫颈癌疫苗后，仍然需要定期宫颈筛查。
1
98 18 1 18 23 0.432
●宫颈癌疫苗会有什么样的不良反应?答：该疫苗全球已接种6000多万人次，有较好的安全性。
2
99 1 1 1 4 0.699
女性通过接种疫苗，可有效防止罹患宫颈癌。
99 2 1 2 4 0.446
我市9—25岁的女孩和年轻女性都可接种。
3
99 15 7 1 3 0.544
目前，全球范围的HPV疫苗有二价、四价和九价疫苗。
99 16 7 2 3 0.631
“价”，代表了疫苗可预防的病毒种类。
99 17 7 3 3 0.085
据悉，HPV主要类型为HPV1、2、6、11、16、18、31、33及35型等。
2
99 18 8 1 2 0.723
其中，二价疫苗可以预防由HPV16和HPV18型病变引起的宫颈癌。
99 19 8 2 2 0.51
研究显示，超过70%的宫颈癌都是由这两种病毒引起的，而该疫苗对所有型别HPV所引发的宫颈癌前病变的总体保护效力达到93.2%。
2
100 7 3 1 2 0.727
世界卫生组织的立场文件指出：通过接种人乳头瘤病毒（HPV）疫苗及定期宫颈癌筛查，是预防宫颈癌的必要措施。
100 8 3 2 2 0.649
为了预防宫颈癌，世界卫生组织推荐接种宫颈癌疫苗的主要人群为9-13岁（在性行为开始前）的女孩，次要接种人群为青年女性，因为宫颈癌疫苗在未被暴露于HPV病毒的人群中是最有效的。
0
2
100 9 4 1 5 0.651
HPV疫苗是首个专为预防癌症而研制的疫苗。
100 10 4 2 5 0.369
该疫苗将能大大减低罹患子宫颈癌的风险。
2
100 14 5 1 3 0.626
目前国内获批上市的HPV疫苗主要针对HPV-16型和HPV-18型，即俗称的宫颈癌“二价疫苗”，接种人群仅限于9至25岁的女性。
100 15 5 2 3 0.473
江苏省已于8月14日完成获批上市的宫颈癌疫苗的中标公示，省内各县级病预防控制中心已可在江苏省药品网上集中采购平台上采购订单，由配送企业配送到位后，逐级发放至接种单位。
