19 5 4 1 1
MUSO创始人兼CEO安迪·查特雷（AndyChatterle）表示：“《权力的游戏》在全球娱乐行业已经成为一部现象级的作品，在网络上遭受盗版的侵害程度也是史无前例的。大家都知道HBO此前受到黑客袭击，最新一季《权力的游戏》被提前泄露，在未经授权的情况下非法传播。除此以外，这些数字也显示种子下载并非盗版侵权的主要途径，未经授权的在线流媒体平台才是更加主流更加严重的盗版侵权方式。”
42 4 2 1 3
这次《权力的游戏》资源泄露恰恰发生在HBO遭受黑客袭击的风口浪尖上。
42 5 2 2 3
上个月HBO电脑系统被黑，1.5T的重要数据被窃，黑客组织向HBO索取价值数百万美元的比特币作为赎金。
42 6 2 3 3
此前黑客组织已经泄露了多部剧集的资源，其中包括热门喜剧《抑制热情》（CurbYourEnthusiasm）。
42 10 4 1 1
HBO欧洲分部公关副总裁汤姆·克洛戈斯加德·尼尔森（TomKrogsgaardNielsen）表示：“我们得知《权力的游戏》将在本周播出的那一集意外在HBONordic和HBOEspaña平台上播出了一段时间。这件事情和最近在美国发生的HBO黑客袭击事件并没有关联。”
42 18 8 1 4
目前还不清楚黑客袭击事件和资源泄露会对HBO的业务造成多大的影响。
42 19 8 2 4
《权力的游戏》在过去的几年里一直是盗版情况最严重的电视剧，但者却并未对HBO的收视率和订阅用户数量造成影响。
65 1 1 1 2
新浪娱乐讯北京时间8月3日消息，据国外媒体报道，HBO和《权力的游戏》遭黑客袭击事件可能比想象的要严重得多：新消息称HBO已和FBI开始调查，黑客窃取的有未播的影视剧本身、剧本等，还有HBO核心网络构架信息、高管私人信息及可能的高管权限。
65 2 1 2 2
窃取数据总量可能超过之前报道的巨大数字1.5T，可能比2014年臭名昭著的索尼黑客袭击还要严重。
65 1 1 1 2
新浪娱乐讯北京时间8月3日消息，据国外媒体报道，HBO和《权力的游戏》遭黑客袭击事件可能比想象的要严重得多：新消息称HBO已和FBI开始调查，黑客窃取的有未播的影视剧本身、剧本等，还有HBO核心网络构架信息、高管私人信息及可能的高管权限。
65 2 1 2 2
窃取数据总量可能超过之前报道的巨大数字1.5T，可能比2014年臭名昭著的索尼黑客袭击还要严重。
67 12 4 5 6
而好莱坞最大的黑客受害者，当属索尼。
67 13 4 6 6
在2014年一次黑客袭击中，该公司高层数千封私人邮件和众多明星联络方式被泄露，当时还未公映的《狂怒》《安妮》《透纳先生》《依然爱丽丝》等影片内容被公布至网络，事件导致当时索尼联合主席艾米帕斯卡尔引咎辞职。
71 1 1 1 1
播出《权力的游戏》（GameofThrones）的HBO频道是最新遭到黑客袭击、内容被泄露到网上的娱乐公司。
