4
34 2 1 2 2
并承诺对幼儿园监控系统进行全面升级，确保做到无死角不间断实时监控。
34 3 2 1 3
11月28日晚间，北京朝阳警方公布了对北京市朝阳区红黄蓝新天地幼儿园事件的最新调查情况：该园教师刘某某因部分儿童不按时睡觉，遂采用缝衣针扎的方式进行“管教”。
34 4 2 2 3
因涉嫌虐待被看护人罪，现刘某某已被刑事拘留。
34 5 2 3 3
针扎在孩子身上，也扎在了我们每一个人的心里。
1
24 37 26 1 1
另外，红黄蓝也于11月29日通过官方微博发布了道歉信，表示“我们倍感难过和耻辱，向孩子们和大家深深道歉。我们没有资格祈求原谅，唯有拿出实际行动”，并承诺“对幼儿园监控系统进行全面升级，确保做到无死角不间断实时监控”。
2
19 8 5 1 1
红黄蓝还表示，“我们没有资格祈求原谅，唯有拿出实际行动”，将对幼儿园监控系统进行全面升级，确保做到无死角不间断实时监控。
19 9 6 1 1
道歉信同时提到，还有个别红黄蓝幼儿园也传出家长举报有疑似幼儿受到伤害的情况，园所已全力配合警方调查。
5
37 2 2 1 1
红黄蓝还表示，“我们没有资格祈求原谅，唯有拿出实际行动”，将对幼儿园监控系统进行全面升级，确保做到无死角不间断实时监控。
37 3 3 1 1
道歉信同时提到，还有个别红黄蓝幼儿园也传出家长举报有疑似幼儿受到伤害的情况，园所已全力配合警方调查。
37 4 4 1 3
11月28日晚间，北京朝阳警方公布了对北京市朝阳区红黄蓝新天地幼儿园事件的最新调查情况：该园教师刘某某因部分儿童不按时睡觉，遂采用缝衣针扎的方式进行“管教”。
37 5 4 2 3
因涉嫌虐待被看护人罪，现刘某某已被刑事拘留。
37 6 4 3 3
针扎在孩子身上，也扎在了我们每一个人的心里。
1
30 11 9 1 1
4、对幼儿园监控系统进行全面升级，确保做到无死角不间断实时监控。
1
31 13 8 2 2
对幼儿园监控系统进行全面升级，确保做到无死角不间断实时监控。
1
34 10 7 1 1
4、对幼儿园监控系统进行全面升级，确保做到无死角不间断实时监控。
1
37 12 10 1 1
4．对幼儿园监控系统进行全面升级，确保做到无死角不间断实时监控。
4
31 1 1 1 1
今天早上，红黄蓝教育机构通过官方微博发布道歉信，表示“我们没有资格祈求原谅，唯有拿出实际行动”，并承诺“对幼儿园监控系统进行全面升级，确保做到无死角不间断实时监控。”
31 2 2 1 3
11月28日晚间，北京朝阳警方公布了对北京市朝阳区红黄蓝新天地幼儿园事件的最新调查情况：该园教师刘某某因部分儿童不按时睡觉，遂采用缝衣针扎的方式进行“管教”。
31 3 2 2 3
因涉嫌虐待被看护人罪，现刘某某已被刑事拘留。
31 4 2 3 3
针扎在孩子身上，也扎在了我们每一个人的心里。
2
30 1 1 1 1
11月29日一早，红黄蓝教育机构通过其官方微博@红黄蓝教育机构发布道歉信，称“倍感难过和耻辱，深深道歉”，并承诺对任何伤害孩子的行为零容忍。
30 2 2 1 1
红黄蓝教育机构共发布五条承诺，第一条称对任何人以任何方式伤害孩子的行为零容忍;第二条称对该园所受到伤害的孩子，承担相应法律责任;第三条称，积极配合政府，全力保护孩子;第四条称，对幼儿园监控系统全面升级;第五条称，尽最大可能开放透明办学。
