64 7 3 4 6
主办方将广泛邀请各央企驻雄安新区机构、各公路/交通建设单位、建筑公司、工程公司、房地产商、租赁公司、经销代理商等业界人士前来参观采购。
64 8 3 5 6
为工程机械制造企业参与雄安新区建设搭建一个集交流、展示、商贸洽谈为一体的高端平台。
64 9 3 6 6
（满珠）
76 3 2 1 2
唐华俊表示，中国农科院要认真贯彻落实中央关于建设雄安新区的决策部署，立足农业科研国家队的职责使命，加强前瞻性调研与工作对接，根据新区总体方案与工作需求，强化农业科技支撑。
76 4 2 2 2
要科学做好农业农村发展区域布局，探索发展绿色农业、智慧农业、都市农业的新业态、新模式、新技术，有针对性地开展土地、税收等农业发展特殊支持政策研究，以实际行动积极参与雄安新区建设。
93 1 1 1 2
阿里巴巴成为第一家与雄安新区开展深度合作的大型互联网企业。
93 2 1 2 2
马云表示，阿里巴巴有幸参与雄安新区建设，不仅是阿里巴巴努力的结果，更是因为国家发展和互联网时代带来的机会。
93 9 7 1 2
马云表示，阿里巴巴有幸参与雄安新区建设，不仅是阿里巴巴努力的结果，更是因为国家发展和互联网时代带来的机会。
93 10 7 2 2
雄安新区是“千年大计、国家大事”，这是一座创造未来的城市，代表着21世纪城市发展的趋势，所以阿里巴巴非常重视这次合作。
95 9 7 1 2
马云表示，阿里有幸参与雄安新区建设，不仅是阿里努力的结果，更是因为国家发展和互联网时代带来的机会。
95 10 7 2 2
雄安新区是“千年大计、国家大事”，这是一座创造未来的城市，代表着21世纪城市发展的趋势，所以阿里巴巴非常重视这次合作。
99 9 4 1 2
马云表示，阿里巴巴有幸参与雄安新区建设，不仅是阿里巴巴努力的结果，更是因为国家发展和互联网时代带来的机会。
99 10 4 2 2
雄安新区是“千年大计、国家大事”，这是一座创造未来的城市，代表着21世纪城市发展的趋势，所以阿里巴巴非常重视这次合作。
