3
18 7 5 1 3
马化腾说，雄安是一个全新的创新实验平台，各界都高度关注互联网公司在雄安的一举一动。
18 8 5 2 3
而腾讯将在雄安推进的创新，包括金融创新、城市创新、文化创新、产业创新、人才创新，打造数字生态共同体，共创美好生活。
18 9 5 3 3
“通过数字经济提升人民的幸福感和获得感，是非常重要的内容。在衣食住行、医疗、教育、文化艺术等领域，腾讯都可以用自己的科技能力和连接力量去促进提升。”
3
35 2 2 1 3
当天，马化腾出席了“2017中国国际数字经济峰会”并发表了主题演讲——《新时代的数字经济思考和探索》。
35 3 2 2 3
在石家庄，河北省委书记王东峰、省长许勤、常务副省长袁桐利和副省长兼雄安新区管委会主任陈刚等与马化腾进行了会谈。
35 4 2 3 3
随后，马化腾又马不停蹄走访了雄安。
1
35 8 4 1 1
马化腾在演讲中特别指出，“通过数字经济如何提升人民的幸福感和获得感是一块非常重要的内容。在衣食住行、医疗、教育、文化艺术等领域，腾讯都可以用自己的科技能力和连接力量去促进提升。”
2
35 9 5 1 2
从年初至今，马化腾已经多次提到数字经济，对于数字经济的思考也日益深入。
35 10 5 2 2
这次在河北，其又进一步提出了“数字生态共同体“的概念。
3
35 11 6 1 3
马化腾说，观察到数字经济的内容在不断丰富，与其他经济部门的关系日益紧密和共生共赢，所以提出“数字生态共同体”。
35 12 6 2 3
今年的数博会上，他曾用“实、新、通”来总结数字经济的特点，如今将其迭代为“高、深、快”：关注度高，融合度深，增长速度快。
35 13 6 3 3
马化腾表示，数字经济将成为中国领先全球，率先打开第四次工业革命之门的钥匙。
3
35 11 6 1 3
马化腾说，观察到数字经济的内容在不断丰富，与其他经济部门的关系日益紧密和共生共赢，所以提出“数字生态共同体”。
35 12 6 2 3
今年的数博会上，他曾用“实、新、通”来总结数字经济的特点，如今将其迭代为“高、深、快”：关注度高，融合度深，增长速度快。
35 13 6 3 3
马化腾表示，数字经济将成为中国领先全球，率先打开第四次工业革命之门的钥匙。
3
35 11 6 1 3
马化腾说，观察到数字经济的内容在不断丰富，与其他经济部门的关系日益紧密和共生共赢，所以提出“数字生态共同体”。
35 12 6 2 3
今年的数博会上，他曾用“实、新、通”来总结数字经济的特点，如今将其迭代为“高、深、快”：关注度高，融合度深，增长速度快。
35 13 6 3 3
马化腾表示，数字经济将成为中国领先全球，率先打开第四次工业革命之门的钥匙。
2
35 14 7 1 2
马化腾总结了河北数字经济发展的三个特点：整体发展速度比较快；最大动力来源于传统产业与互联网的加速融合；发展比较均衡，主要城市之间差距不大，基本处于同一量级。
35 15 7 2 2
对此，他给出了两条建议：在公共服务“互联网+”方面再加把劲；发挥数字经济潜力，实现京津冀联动。
2
35 14 7 1 2
马化腾总结了河北数字经济发展的三个特点：整体发展速度比较快；最大动力来源于传统产业与互联网的加速融合；发展比较均衡，主要城市之间差距不大，基本处于同一量级。
35 15 7 2 2
对此，他给出了两条建议：在公共服务“互联网+”方面再加把劲；发挥数字经济潜力，实现京津冀联动。
1
40 4 3 1 1
当天，马化腾还参加了在石家庄举办的“2017中国国际数字经济峰会”，他在演讲时说，“很少人知道石家庄对腾讯的意义，我对外也很少说，实际上腾讯第一笔业务就是在石家庄。腾讯1998年底成立到1999年初推出QQ这段时间，我往返深圳到石家庄四次，就为了完成一个项目，我记得当时是给河北电信126、127寻呼台做网络项目，这就是QQ诞生的起因。如果大家有印象，QQ的中文就是网络寻呼机，最早是和河北寻呼台互联互通，从这里诞生一步步发展到基于手机端的微信。再次来到石家庄，我感到非常激动。”
1
40 5 4 1 1
汇集腾讯的微信、QQ、支付、云等数据和京东、携程、新美大、滴滴的数据计算的“互联网+”数字经济指数，可以用来衡量各地的数字经济发展整体水平。
1
40 6 5 1 1
马化腾说，从这个指数可以看出河北省数字经济发展有如下三个特点。
2
40 7 6 1 2
首先，河北省数字经济整体发展速度比较快，去年在全国排名前进一位，到第十二位。
40 8 6 2 2
去年GDP整体中与数字经济相关的部分达到40%，比全国平均水平高10个百分点。
2
40 7 6 1 2
首先，河北省数字经济整体发展速度比较快，去年在全国排名前进一位，到第十二位。
40 8 6 2 2
去年GDP整体中与数字经济相关的部分达到40%，比全国平均水平高10个百分点。
3
40 9 7 1 3
其次，河北省数字经济发展的最大动力来源于传统产业与互联网的加速融合。
40 10 7 2 3
今年前9个月河北省数字经济中增速最快的三个行业是医疗、教育和大文化产业。
40 11 7 3 3
这三个产业也是在数字经济中占比最大的，是带动河北省数字经济整体发展的火车头。
3
40 9 7 1 3
其次，河北省数字经济发展的最大动力来源于传统产业与互联网的加速融合。
40 10 7 2 3
今年前9个月河北省数字经济中增速最快的三个行业是医疗、教育和大文化产业。
40 11 7 3 3
这三个产业也是在数字经济中占比最大的，是带动河北省数字经济整体发展的火车头。
3
40 9 7 1 3
其次，河北省数字经济发展的最大动力来源于传统产业与互联网的加速融合。
40 10 7 2 3
今年前9个月河北省数字经济中增速最快的三个行业是医疗、教育和大文化产业。
40 11 7 3 3
这三个产业也是在数字经济中占比最大的，是带动河北省数字经济整体发展的火车头。
3
40 12 8 1 3
第三，河北省内数字经济发展比较均衡，主要城市之间差距不大，石家庄、保定、廊坊、唐山、邯郸基本处在同一个量级。
40 13 8 2 3
这与其他省份非常不一样。
40 14 8 3 3
例如西安数字经济占陕西省一半，郑州占河南的三分之一。
3
40 12 8 1 3
第三，河北省内数字经济发展比较均衡，主要城市之间差距不大，石家庄、保定、廊坊、唐山、邯郸基本处在同一个量级。
40 13 8 2 3
这与其他省份非常不一样。
40 14 8 3 3
例如西安数字经济占陕西省一半，郑州占河南的三分之一。
1
40 15 9 1 1
结合上述特点，马化腾对河北省数字经济发展提了两点建议。
2
40 20 12 1 6
第二点建议，是发挥河北省在数字经济的潜力，实现京津冀联动。
40 21 12 2 6
京津冀联动具有天然的地理优势，在数字经济方面优势如此。
3
40 20 12 1 6
第二点建议，是发挥河北省在数字经济的潜力，实现京津冀联动。
40 21 12 2 6
京津冀联动具有天然的地理优势，在数字经济方面优势如此。
40 22 12 3 6
现在高铁时速250公里，以这个距离为半径画一个围绕北京的一小时高铁经济圈，可以覆盖天津和承德、廊坊、保定、唐山、张家口、衡水、沧州等河北省的重要城市。
3
40 22 12 3 6
现在高铁时速250公里，以这个距离为半径画一个围绕北京的一小时高铁经济圈，可以覆盖天津和承德、廊坊、保定、唐山、张家口、衡水、沧州等河北省的重要城市。
40 23 12 4 6
在全国范围内，处在北上广深这些中心城市一小时高铁经济圈内的城市数字经济增速显著高于其他城市。
40 24 12 5 6
高铁通、物流通、人流通；互联网通，信息通、服务通、人心通。
3
40 42 23 1 3
马化腾则认为，雄安新区坚持创新驱动的发展理念与腾讯高度契合。
40 43 23 2 3
对于落实十九大对发展数字经济和智慧社会方面的要求，雄安新区将是重要的创新实验平台，通过技术与制度的创新，未来雄安新区将成为我国向全世界输出数字化转型升级的样本。
40 44 23 3 3
根据以上考虑，腾讯今后在雄安的业务可以归纳为五个创新：金融创新、城市创新、文化创新、产业创新、人才创新。
2
41 24 18 1 2
在马化腾看来，通过数字经济提升人民幸福感和获得感是一块非常重要的内容。
41 25 18 2 2
此次腾讯在雄安的举措，可以总结为两个关键词，打造“数字生态共同体”，共创“美好生活”。
