25 1 1 1 1
沉寂多时的雄安新区概念股成为两市焦点。
25 2 2 1 2
雄安新区指数上涨1.22%，领涨沪深两市概念板块。
25 3 2 2 2
3只雄安新区概念股涨停，分别是四通新材、河北宣工、京汉股份，这3只个股均在上周五盘中创下4月份以来新低，超跌反弹迹象较为明显。
25 4 3 1 3
从今日主力资金流向来看，雄安新区概念股主力资金净流入合计2.87亿元，资金流入并不明显。
25 5 3 2 3
主力资金净流入最大的是京汉股份，今日主力资金净流入1.09亿元，该股早盘即被封上涨停板。
25 6 3 3 3
京汉股份今年前三季度净利润亏损逾0.9亿元，不过公司年度业绩有望实现大幅增长，公司预计今年净利润为2.49亿元至3.73亿元，比上年同期增长127.93%至241.43%。
25 22 8 1 6
尽管雄安新区概念股的市场表现不尽如人意，但部分个股还是受到了机构的关注。
25 23 8 2 6
数据显示，近一个月来，29只雄安新区概念股获得券商机构买入型评级。
25 22 8 1 6
尽管雄安新区概念股的市场表现不尽如人意，但部分个股还是受到了机构的关注。
25 23 8 2 6
数据显示，近一个月来，29只雄安新区概念股获得券商机构买入型评级。
25 24 8 3 6
华夏幸福、启迪桑德、碧水源、浪潮信息、京蓝科技、新奥股份等6股获买入型评级在5次以上。
25 25 8 4 6
地产股华夏幸福受关注度最高，近一个月来获得9次买入型评级。
25 26 8 5 6
华夏幸福净利润已经持续5年以上增长，该股最新动态市盈率11.35倍，在雄安新区概念股中仅高于荣盛发展。
25 27 8 6 6
值得注意的是，三季报前十大流通股东中，全国社保基金一一三组合在半年报新进该股后再度增持，中央汇金资产管理公司持股未发生变动。
26 3 2 1 2
值得注意的是，雄安新区概念股近日却再度迎来风口，昨日盘中板块涨幅一度逼近2%，虽然午后略有回落，但收盘仍有0.51%的涨幅。
26 4 2 2 2
个股方面，启迪设计、四通新材、河北宣工、京汉股份四股强势涨停，冀东装备涨幅过5%，太空板业、韩建河山、博深工具、先河环保涨幅均过3%。
26 5 3 1 2
从资金角度来看，根据同花顺显示，逾66只雄安新区概念股呈现资金净流入状态，其中京汉股份最受资金青睐，资金净流入达1.14亿元，华夏幸福资金净流入达9087万元，创业环保、启迪设计等4只个股资金净流入均超过2000万元。
26 6 3 2 2
而新兴铸管、银江股份等12只个股资金流入超千万元。
26 7 4 1 2
纵观雄安新区概念股下半年以来的整体走势，不难看出，多数个股呈现下跌调整态势，而且调整幅度较深。
26 8 4 2 2
中国网财经记者统计发现，依据同花顺概念分类，所属雄安新区概念个股共有139只，其中超过108只个股下半年来呈下跌走势，其中跌幅超过40%的个股有14只；跌幅超过20%有60只；其中北京科锐、科林电气、津膜科技位列三甲，其跌幅分别为48.65%、47.95%、47.18%。
26 9 5 1 2
虽然雄安新区概念股在这段时间表现不佳，但是雄安新区建设的利好消息一直不断。
26 10 5 2 2
9月28日，雄安新区管委会发布消息称，经过审核，首批获批阿里巴巴、腾讯、百度、京东金融、360奇虎、中国电信、中国人保等在新区设立48家企业，而且获批落户的48家企业全部为高端、高新企业。
26 16 8 1 1
另外，有分析认为，市场在上周经过大力度的杀跌之后，缺乏主流题材热点，大量的闲散资金游荡于盘面，迫切需要选择新的做多方向，而雄安新区概念股再经历过长时间调整后，极有可能成为市场关注的焦点。
39 26 7 1 2
当然，必须指出的是，雄安新区是千年大计，是我国未来城市建设的标杆之一，也是我国探索城市地产发展的重要标杆之一，所以，雄安新区概念股还是有着较大含金量的。
39 27 7 2 2
未来的大规模基建必然会给相关公司带来实质性的业绩驱动能量。
