1
13 6 5 1 1
“环保部党组对规划工作非常重视，接到任务的第一时间，环保部环境规划院就联合了中科院、北京大学、清华大学等权威单位，组成强有力的力量，奔赴雄安新区开展规划调研。”王金南表示。
3
18 18 9 1 3
本月上旬，阿里巴巴集团宣布，三家子公司已在雄安完成注册，分别为阿里巴巴雄安技术有限公司、蚂蚁金服雄安数字技术有限公司和菜鸟雄安网络科技有限公司，涵盖了科技、金融、物流三个领域。
18 19 9 2 3
阿里集团将在云计算、大数据、智慧物流、金融科技和电子商务等领域与雄安新区开展深度合作。
18 20 9 3 3
集团董事局主席马云强调，阿里巴巴的出发点不是到雄安做生意，而是拿出最先进的技术实力和创新资源，将雄安新区打造成未来城市的标杆和中国样本。
3
42 5 4 1 3
对环境保护方面的突出问题，中央财政已在中央水污染防治专项资金中安排了5亿元专项资金，支持雄安新区开展环境综合整治工作。
42 6 4 2 3
环保部还率先在雄安新区开展土壤污染状况详查，优先完成医院、学校等建设用地的土壤污染状况调查。
42 7 4 3 3
环保部会同河北省对雄安新区开展了环保专项督查，共清理“散乱污”企业12098家，交办674个案件，已经完成整改636个案件。
3
42 5 4 1 3
对环境保护方面的突出问题，中央财政已在中央水污染防治专项资金中安排了5亿元专项资金，支持雄安新区开展环境综合整治工作。
42 6 4 2 3
环保部还率先在雄安新区开展土壤污染状况详查，优先完成医院、学校等建设用地的土壤污染状况调查。
42 7 4 3 3
环保部会同河北省对雄安新区开展了环保专项督查，共清理“散乱污”企业12098家，交办674个案件，已经完成整改636个案件。
3
42 5 4 1 3
对环境保护方面的突出问题，中央财政已在中央水污染防治专项资金中安排了5亿元专项资金，支持雄安新区开展环境综合整治工作。
42 6 4 2 3
环保部还率先在雄安新区开展土壤污染状况详查，优先完成医院、学校等建设用地的土壤污染状况调查。
42 7 4 3 3
环保部会同河北省对雄安新区开展了环保专项督查，共清理“散乱污”企业12098家，交办674个案件，已经完成整改636个案件。
2
45 4 3 1 2
尤艳馨说，环保部已协调财政部安排专项资金5亿元，实施雄安新区“洗脸工程”，支持雄安新区正在开展的环境综合整治。
45 5 3 2 2
环保部率先在雄安新区开展土壤污染状况的详查，优先完成新区的医院、学校这些建设用地的土壤污染状况的调查。
1
45 11 9 1 1
规划的首席专家、环保部环境规划院院长王金南介绍，在接到规划编制任务的第一时间，环境规划院就联合中科院、北京大学、清华大学，组织力量奔赴雄安新区开展规划调研，在规划调研基础上形成初步方案。
1
45 16 14 1 1
今年5月，环保部会同河北省政府抽调了精干力量，对雄安新区开展环保督察，共清理散乱污企业12098家，交办674个案件，目前已完成636个案件，有38个正在整改当中。
3
47 9 4 2 4
中央财政在中央水污染防治专项资金中安排了5亿专项资金，支持雄安新区正在开展的环境综合整治工作。
47 10 4 3 4
环保部率先在雄安新区开展土壤污染状况的详查，优先完成新区的医院、学校这些建设用地的土壤污染状况的调查。
47 11 4 4 4
此外，今年5月份以来，环保部会同河北省人民政府抽调精干力量，对雄安新区开展环保督察。
2
47 10 4 3 4
环保部率先在雄安新区开展土壤污染状况的详查，优先完成新区的医院、学校这些建设用地的土壤污染状况的调查。
47 11 4 4 4
此外，今年5月份以来，环保部会同河北省人民政府抽调精干力量，对雄安新区开展环保督察。
1
48 6 3 1 1
尤艳馨透露，中央财政已在中央水污染防治专项资金中安排了5亿专项资金，支持雄安新区开展环境综合整治工作，并且环保部已率先在雄安新区开展土壤污染状况详查，优先完成新区的医院、学校等建设用地的土壤污染状况调查。
1
48 7 4 1 1
今年5月份以来，按照国务院领导的指示要求，环保部会同河北省人民政府抽调了精干力量，对雄安新区开展环保专项督查，共清理“散乱污”企业12098家，并且交办674个案件，目前已经整改完成636个案件，有38个正在整改当中。
2
49 1 1 1 2
经济观察网记者董瑞强11月23日上午，环保部规划财务司负责人尤艳馨在环保部11月例行新闻发布会上透露，中央财政在中央水污染防治专项资金中安排了5亿元实施雄安新区“洗脸工程”，支持雄安新区正在开展的环境综合整治工作。
49 2 1 2 2
环保部还率先在雄安新区开展土壤污染状况的详查，优先完成新区的医院、学校这些建设用地的土壤污染状况的调查。
2
49 6 4 1 2
据尤艳馨介绍，今年5月份以来，环保部会同河北省政府对雄安新区开展环保督察，共清理“散乱污”企业12098家，交办674个案件，目前已完成了636个案件，有38个正在整改中。
49 7 4 2 2
环保督察严厉打击了雄安新区各种环境违法行为，推动了新区环境质量改善。
2
49 9 6 1 2
对于雄安新区生态环境保护规划的进展情况，环保部环境规划院院长王金南表示，在接到规划编制任务的第一时间，环境规划院就联合中科院、北京大学、清华大学，组织力量，奔赴雄安新区开展规划调研，在规划调研基础上形成初步方案。
49 10 6 2 2
目前规划正等待专家论证，以及与雄安新区总体规划全面对接工作。
3
79 6 4 1 3
而雄安新区开展的历史遗留问题化解“清零”行动，密切了干群关系，打牢了雄安建设的群众基础。
79 7 4 2 3
既维护了群众的切身利益，也为新区的建设进一步铺平了道路。
79 8 4 3 3
雄安建设所遵循的原则，更是从长远考虑让人民在新区成长发展中实现全面发展。
2
93 1 1 1 2
阿里巴巴成为第一家与雄安新区开展深度合作的大型互联网企业。
93 2 1 2 2
马云表示，阿里巴巴有幸参与雄安新区建设，不仅是阿里巴巴努力的结果，更是因为国家发展和互联网时代带来的机会。
1
93 5 3 1 1
阿里巴巴也是第一家与雄安新区开展深度合作的大型互联网企业，将在云计算、大数据、智慧物流、金融科技和电子商务等领域，投入最顶尖的技术和创新资源，全力助推雄安新区这一“千年大计、国家大事”的建设。
