3 22 13 1 1
离婚案中，王宝强要求依法分割夫妻共同财产包括9套房屋，多家公司股权、出资，一辆宝马x5轿车、一辆宾利轿车，爱马仕、LV、香奈儿、GUCCI、迪奥、PRADA、范思哲、芬迪、TIFFANY等品牌的珠宝、首饰、名表、包、服饰等，还有存款、股票、理财产品、保险、原创设计品牌等。
41 25 16 1 1
据悉，王宝强要求分割的财产包括9套房屋，其中包括美国洛杉矶的一处房产，多家公司股权、出资，一辆宝马x5轿车、一辆宾利轿车，爱马仕、LV、香奈儿、GUCCI、PRADA、迪奥、范思哲、芬迪、TIFFANY等品牌的珠宝、首饰、名表、包、服饰等，此外还有存款、股票、理财产品、保险、原创设计品牌等。
45 10 4 1 2
据悉，王宝强要求分割的财产包括9套房屋，其中包括美国洛杉矶的一处房产，多家公司股权、出资，一辆宝马X5轿车，一辆宾利轿车，以及爱马仕、LV、香奈儿、GUCCI、PRADA、迪奥、范思哲、芬迪、TIFFANY等品牌的珠宝、首饰、名表、包、服饰等。
45 11 4 2 2
此外还有存款、股票、理财产品、保险、原创设计品牌等。
47 6 3 1 3
王宝强起诉状中，要求解除双方婚姻关系，判令婚生子女均由其抚养，马蓉依法支付抚养费至孩子年满18周岁，依法分割夫妻共同财产。
47 7 3 2 3
王宝强要求分割的财产包括9套房屋，其中包括美国洛杉矶的一处房产，多家公司股权、出资，一辆宝马x5轿车、一辆宾利轿车，名牌珠宝、表、包、服饰等，此外还有存款、股票、理财产品、保险、原创设计品牌等。
47 8 3 3 3
王宝强又向法院新增诉讼请求，将向马蓉索取精神抚慰金10万元。
63 5 3 1 2
8月15日上午，王宝强来到北京朝阳法院，起诉其妻马蓉要求离婚。
63 6 3 2 2
在诉状中王宝强要求解除双方婚姻关系，判令婚生子女均由其抚养，马蓉依法支付抚养费至孩子年满18周岁，依法分割夫妻共同财产。
67 4 2 1 1
10月17日，有媒体已获悉，王宝强要求马蓉支付精神抚慰金具体数额为10万元。
68 5 2 2 4
8月15日上午，王宝强到北京朝阳法院，起诉其妻马蓉要求离婚。
68 6 2 3 4
在诉状中王宝强要求解除双方婚姻关系，判令婚生子女均由其抚养，马蓉依法支付抚养费至孩子年满18周岁，依法分割夫妻共同财产。
68 7 2 4 4
马蓉16日也委托律师到法院起诉王宝强侵犯名誉，要求删博并道歉30天。
69 6 4 1 2
8月15日上午，王宝强来到北京朝阳法院，起诉其妻马蓉要求离婚。
69 7 4 2 2
在诉状中王宝强要求解除双方婚姻关系，判令婚生子女均由其抚养，马蓉依法支付抚养费至孩子年满18周岁，依法分割夫妻共同财产。
71 9 6 1 2
8月15日上午，王宝强来到北京朝阳法院，起诉其妻马蓉要求离婚。
71 10 6 2 2
在诉状中王宝强要求解除双方婚姻关系，判令婚生子女均由其抚养，马蓉依法支付抚养费至孩子年满18周岁，依法分割夫妻共同财产。
71 26 16 1 1
据悉，王宝强要求分割的财产包括9套房屋，其中包括美国洛杉矶的一处房产，多家公司股权、出资，一辆宝马x5轿车、一辆宾利轿车，爱马仕、LV、香奈儿、GUCCI、PRADA、迪奥、范思哲、芬迪、TIFFANY等品牌的珠宝、首饰、名表、包、服饰等，此外还有存款、股票、理财产品、保险、原创设计品牌等。
72 5 2 2 4
8月15日上午，王宝强来到北京朝阳法院，起诉其妻马蓉要求离婚。
72 6 2 3 4
在诉状中王宝强要求解除双方婚姻关系，判令婚生子女均由其抚养，马蓉依法支付抚养费至孩子年满18周岁，依法分割夫妻共同财产。
72 7 2 4 4
马蓉16日也委托律师到法院起诉王宝强侵犯名誉，要求删博并道歉30天。
77 42 19 1 1
王宝强要求分割的财产包括9套房屋，其中包括美国洛杉矶的一处房产，多家公司股权、出资，一辆宝马x5轿车、一辆宾利轿车，爱马仕、LV、香奈儿、GUCCI、PRADA、迪奥、范思哲、芬迪、TIFFANY等品牌的珠宝、首饰、名表、包、服饰等，此外还有存款、股票、理财产品、保险、原创设计品牌等。
94 1 1 1 2
距离8月15日王宝强[微博][微博]正式起诉妻子马蓉，至今已整整12天，而王宝强的离婚案仍是众多网友关注的热点，有关各种传闻更是满天飞。
94 2 1 2 2
王宝强起诉妻子马蓉离婚案何时开庭？马蓉以名誉侵权为由起诉王宝强要求删除微博上的离婚声明，为何还没删除？都是网友关注的重点。
95 1 1 1 2
距离8月15日王宝强[微博]正式起诉妻子马蓉，至今已整整12天，而王宝强的离婚案仍是众多网友关注的热点，有关各种传闻更是满天飞。
95 2 1 2 2
王宝强起诉妻子马蓉离婚案何时开庭？马蓉以名誉侵权为由起诉王宝强要求删除微博上的离婚声明，为何还没删除？都是网友关注的重点。
