4
9 1 1 1 2
近日，奥斯卡官网公布了选送的奥斯卡最佳外语片申请名单，其中，就有今年大热的主旋律影片《战狼2》。
9 2 1 2 2
有人说，选送《战狼2》去奥斯卡，何其意料之外，却又令人激赏，甚至可以说是中国影业对好莱坞的宣战书。
9 3 2 1 1
《战狼2》在上映超过一个月后，尚能票房压制了新上映《敦刻尔克》等好莱坞巨制大片，标志着中国影人同样有能力拍摄出为广大观众喜闻乐见的本土商业大片。
9 4 3 1 1
《战狼2》的成功，激励了中国影人，也激励了广大中国观众，我们有决心、有能力，守住自己本土的电影市场。
2
9 29 26 1 1
在戛纳国际电影，柏林国际电影节，威尼斯国际电影节相继都有所斩获后，奥斯卡这块处女圣地“诱使着”我国内地影人前仆后继，却都铩羽而归。
9 30 27 1 1
我们再来回顾下近10年我国内地送选奥斯卡最佳外语片的影片。
2
9 37 31 1 2
奥斯卡最佳外语片的评选，更是越来越偏向于欧洲流的审美标准。
9 38 31 2 2
奥斯卡外语片奖存在比较固定的美学趣味，简单来说，喜欢的都是大时代背景下小人物的命运和困惑。
4
10 1 1 1 3
每到10月，关于内地电影冲击奥斯卡的消息都会传得沸沸扬扬，要么是猜测哪部影片会上榜，要么对送选结果议论纷纷，今年也不例外。
10 2 1 2 3
国庆假期，除了满朋友圈的婚礼和旅行照片，颇受关注的还有奥斯卡。
10 3 1 3 3
近日，奥斯卡官网公布了选送的奥斯卡最佳外语片申请名单。
10 4 2 1 2
今年有92个国家参与竞争奥斯卡，是至今为止最多的一次，创下了奥斯卡影史记录。
4
10 5 2 2 2
我国内地选择了今年夏天的票房冠军《战狼2》冲击此次“奥斯卡最佳外语片”。
10 6 3 1 1
2017年暑期档的《战狼2》是一部现象级作品，票房已达到56.7亿的逆天数字，打破《美人鱼》33.9亿票房历史纪录，观影人次也打破《泰坦尼克号》1.4亿人次纪录，位居全球票房榜TOP100第55名，是全球票房排行榜前一百名里唯一的华语片。
10 7 4 1 2
在好几部国庆档大片厮杀正酣的时候，上映了70多天的《战狼2》每天仍然有一两百万的票房收入，中秋节当天票房甚至超过200万。
10 8 4 2 2
更难得的是，在票房不断刷新纪录的同时，《战狼2》也保持着良好的口碑，在各大购票平台出现了齐刷刷的空前高分，其中猫眼更打出了9.7的超高分数。
2
10 21 15 1 2
奥斯卡最佳外语片的评选，更是越来越偏向于欧洲流的审美标准。
10 22 15 2 2
奥斯卡外语片奖存在比较固定的美学趣味，简单来说，喜欢的都是大时代背景下小人物的命运和困惑。
2
11 1 1 1 2
广州日报讯（全媒体记者黄岸）由吴京自导自演的动作片《战狼2》正式被选定为申奥片，将代表中国内地参加第90届奥斯卡最佳外语片提名的角逐。
11 2 1 2 2
该片自7月28日上映以来票房火爆，目前累计票房已达56.73亿元。
3
12 1 1 1 3
今年有92个国家参与竞争奥斯卡，是至今为止最多的一次，创下了奥斯卡影史记录。
12 2 1 2 3
据外媒报道，中国内地选送《战狼2》冲击此次“奥斯卡最佳外语片”，中国香港与台湾则分别选送《一念无明》与《日常对话》。
12 3 1 3 3
《战狼2》作为今年中国电影票房黑马，按理说此次“冲奥”应该备受瞩目，但是网友对此似乎并不买账，开启“群嘲”模式。
2
12 28 17 2 2
奥斯卡最佳外语片的评选，更是越来越偏向于欧洲流的审美标准。
12 29 18 1 3
?奥斯卡最佳外语片喜欢的都是大时代背景下小人物的命运和困惑。
3
12 32 19 1 2
其次，看看中国的参奥之路。
12 33 19 2 2
中国上一次有人获得奥斯卡最佳外语片，还是16年前。
12 34 20 1 3
2001年第73届奥斯卡奖，李安导演的《卧虎藏龙》，代表中国台湾地区的参加奥斯卡，成为华语片中唯一获得过奥斯卡最佳外语片的影片。
3
12 57 32 2 3
最后《大唐玄奘》并没有入围奥斯卡。
12 58 32 3 3
也是华语电影连续第14年无缘奥斯卡最佳外语片的提名。
12 59 33 1 1
2015年，在《狼图腾》和《山河故人》为了第88届奥斯卡最佳外语片选送名额打破头之后，奥斯卡官方公布了2015年外语片名单，真正代表中国内地前往奥斯卡的却是《滚蛋吧！肿瘤君》。
9
12 66 35 1 1
奥斯卡最佳外语片的申报规则里有一条为：每个国家应选送本国最优秀的影片，必须由行业代表来选。
12 67 36 1 3
然而这些年的华语电影，一直努力将电影的大方向朝着商业类型片和重工业大片上靠拢，要从这些商业气息浓重的电影中选取符合奥斯卡评选标准，且能获得行业代表认同，确实不好选。
12 68 36 2 3
而脱离了“商业大圈”，挣扎求存的文艺电影又被行业代表所“歧视”。
12 69 36 3 3
就如贾樟柯曾说的：“我的电影和奥斯卡评选标准不符”。
12 70 37 1 3
如此一来，能够代表社会主义核心价值观的电影就成了行业代表最为喜好的类型。
12 71 37 2 3
如果再加上一点中国元素，电影本身还有特殊意义，那就再好不过了。
12 72 37 3 3
就如2008年，内地选送的北京奥运会纪录片《筑梦2008》。
12 73 38 1 2
国产片没必要把奥斯卡当作衡量电影优劣的唯一标准。
12 74 38 2 2
毕竟奥斯卡如今依然是白人审美把守，对于我们国家来说与其一味冲击奥斯卡，不如沉下心来好好研究国产电影未来该如何发展。
