4
51 1 1 1 3
近日，据美国权威影视杂志《Variety》报道，从2016年7月到2017年6月，中国的电影票房整整一年都在下降，电影制片人和电影公司开始拼命寻找答案。
51 2 1 2 3
直到《战狼2》的出现。
51 3 1 3 3
在7月28日上映以来，该片就一路创造了无数项中国电影市场记录，单片票房截稿时已经接近55亿元，单片观影人次突破1.4亿。
51 4 2 1 1
随着票房的不断推高，中国和好莱坞都在重新思考如何最好地接近和利用中国电影市场，因为中国电影市场有望在未来几年成为世界上最大的电影市场，而《战狼2》在此时正好展示了一部精心制作的中国电影。
3
51 7 4 1 1
中国观众对这部电影的爱国主义和剧中演员的不懈努力做出了强烈的反应。
51 8 5 1 2
美国TheHCollective电影公司相关负责人表示，《战狼2》具备让人眼前一亮的讲故事的能力。
51 9 5 2 2
主角是个军人，影片想要向我们传达的信息是他对每个人都一视同仁，这种想法也是非常现代的，并且片中的部分对话还是用英语说的。
3
51 19 9 2 3
虽然现在好莱坞电影公司与中国当局就放松对进口影片的限制的协议还在谈判中，但是这种做法是很短视的。
51 20 9 3 3
相反，想要巩固自身的好莱坞电影公司可能更需要放眼海外，比如支持中国本土电影制片人，并投资高质量的本地内容，而不仅仅是在他们自己的主力大片上。
51 21 10 1 1
影业咨询公司亚提森格维(ArtisanGateway)的创始人兼首席执行官兰斯·佩(RancePow)说:“中国已经找到了它的‘兰博’，我们希望在这个领域会有更多的电影出现，而《战狼2》的出现在电影史上绝对是一个重要的事件。”
5
52 1 1 1 1
[环球网报道记者郭鹏飞]美国综艺网站variety网站8月31日发表题为“《战狼2》迫使好莱坞重新思考中国之道”的文章称，《战狼2》的热映引发了好莱坞对如何更好地开发中国电影市场的反思。
52 2 2 1 7
从2016年7月到2017年6月，中国电影票房成绩整年下滑，这令人担忧。
52 3 2 2 7
中国电影制片人和电影公司被迫开始拼命寻找答案。
52 4 2 3 7
就在这个时候，《战狼Ⅱ》横空出世，但与现在不同，之前几乎没有人看好它。
52 5 2 4 7
自7月27日在中国首映以来，这部动作片出乎意料地成为中国电影史上的票房冠军。
3
52 9 3 1 2
中国观众对这部电影爱国主义的展现和吴京精彩的打斗反响强烈。
52 10 3 2 2
“中国已经找到了自己的兰博”，“我们期待这个领域更多的电影”，亚提森格维电影公司总裁RANCEPOW认为这“显然是一个很重要的事件。”
52 11 4 1 3
在这一过程中，《战狼2》引起了好莱坞对如何更好地靠近和开发这个有望在未来几年成为全球最大电影市场的反思。
3
52 15 5 2 2
好莱坞电影公司希望提高自己的底线，他们可能会更多地支持中国本土的电影制作人，并且投资高质量的电影内容，而不是死守自己的理念。
52 16 6 1 2
一味地追求拍摄通吃中美（市场）的电影是徒劳无功的，这一错误已经被多次证明：过分渲染合拍片；试图迎合中国人的审美；中国电影人错误地认为西方明星的招牌会转化为海外票房收入等等。
52 17 6 2 2
《战狼2》令人震惊的票房表现证明：在一个拥有13亿人口的国家，能在本土市场能取得成功就足够了。
4
66 1 1 1 2
截至26日19：00，《战狼2》上映31天票房已经收获53.35亿，而在25日，两家合作造就了这场中国电影票房神话的巨头——北京文化与阿里影业共同在北京宣布，这场《战狼2》之火并未烧完，阿里旗下的淘票票表示，仍会开放所有线上营销平台及娱乐入口，“将这个创纪录的数字再往前推深一些”。
66 2 1 2 2
与此同时，纵观整个内地电影市场，其产业格局也在随着《战狼2》的票房大胜，发生了微妙的变化。
66 3 2 1 2
随着近十年来中国电影票房市场的高歌猛进，横亘在一线的中国电影公司巨头虽有波动但一直还较为稳定。
66 4 2 2 2
然而，《战狼2》票房超越《美人鱼》登顶中国电影票房冠军后，它背后以北京文化为代表的14家出品方以8亿保底发行的结果是，产业发生了变局。
3
70 11 4 3 3
前些时候上映的几部国产喜剧片因为接地气的幽默、出色的制作水准以及主题触碰中产阶级的焦虑而票房大火。
70 12 5 1 1
虽然取得了上述令人满意的成功，但是中国的电影公司在更重要的一个方面多数折戟沉沙：制作出可以与好莱坞狂热爱国主义大片比肩的大制作动作片。
70 13 6 1 3
《战狼Ⅱ》推出时，好莱坞许多人先入为主地认为这部影片也会一败涂地。
5
71 13 5 2 6
《战狼2》由14家电影公司出品，七家发行公司发行。
71 14 5 3 6
“抱团取暖”已经成为电影界投资新趋势。
71 15 5 4 6
类似《战狼2》这般引入多家投资方的做法并不少见，《京城81号》《绝世高手》《绣春刀2》等影片背后分别站着20多家出品公司，《建军大业》甚至有将近40家公司参与。
71 16 5 5 6
过去的电影出品方大多只有三五家公司，而最近一两年里，优质的电影项目背后的出品方越来越多。
71 17 5 6 6
如今，不论怎样的片子都很难精确预计票房，为了规避风险，出品方们往往倾向于通过释放份额来吸引更多的投资方，《战狼2》便是中国电影产业资本“抱团取暖”的成功案例。
3
77 40 8 3 3
美国电影公司是否应该为这种竞争力感到担忧呢？
77 41 9 1 3
是的，我认为他们确实应该要担忧起来。
77 42 9 2 3
如果中国电影公司招募了正确的、有经验的人——他们的市场确实也能够承担这笔费用，那么中国动作电影绝对可以在本土票房上和好莱坞电影一争高下。
5
96 47 21 2 2
这种模式来自于迪士尼，也是宋歌从业多年来的抱负所在，即在中国实现迪士尼模式。
96 48 22 1 2
如今，提出这样目标的公司不在少数。
96 49 22 2 2
宋歌告诉记者，自己从2009年就有了这样的想法，并为之努力。
96 50 23 1 2
2013年，由于种种原因，万达在电影产业链上的思路发生变化，宋歌离开万达，并加入了光景瑞星（后更名摩天轮文化）。
96 51 23 2 2
当时的他，想做的是一家电影公司。
5
98 47 21 2 2
这种模式来自于迪士尼，也是宋歌从业多年来的抱负所在，即在中国实现迪士尼模式。
98 48 22 1 2
如今，提出这样目标的公司不在少数。
98 49 22 2 2
宋歌告诉记者，自己从2009年就有了这样的想法，并为之努力。
98 50 23 1 2
2013年，由于种种原因，万达在电影产业链上的思路发生变化，宋歌离开万达，并加入了光景瑞星（后更名摩天轮文化）。
98 51 23 2 2
当时的他，想做的是一家电影公司。
