8
1 1 1 1 3
来自国家新闻出版广电总局电影局的数据显示，截至2017年11月20日18时57分，中国电影年度票房首度突破500亿元，观影人次达到14.48亿，同比增长15%。
1 2 1 2 3
国产影片票房262亿元，占比达52.4%。
1 3 1 3 3
据估算，2017年全国全年总票房可望达550亿元。
1 4 2 1 2
年末的这个“战报”让一整年都为内地电影市场提心吊胆的人们舒了一口气。
1 5 2 2 2
今年电影市场走势趋于陡峭，开局的春节档就比较惨淡，破100亿元大关的时间比去年足足多用了6天，随之而来的3—5月，一场“倒春寒”让内地电影市场人人自危，票房表现低迷。
1 6 3 1 2
但暑期档的陡然冲高给整个大盘带来了一场票房奇观。
1 7 3 2 2
《战狼2》上映后，单片拉动票房大盘迅速回温，最终收获累计票房55.8亿元，《战狼2》单片就贡献了暑期档34%的票房，同时极大程度地调动了观众的观影热情，增强了观众对国产片的信心。
1 8 4 1 2
因此，500亿元总票房中，《战狼2》一家就占去了超过十分之一，而《羞羞的铁拳》《功夫瑜伽》《西游伏妖篇》以及进口大片《速度与激情8》，位列票房榜二至五位，票房累计达85亿元。
6
1 21 9 1 3
如果我们按550亿元的预估来计算2017年的总票房，并将其放入近3年的中期走势来评价，这个数据并不令人欢呼。
1 22 9 2 3
经历了2015年暴涨、2016年冲高后回跌，2017年内地电影市场的供求关系和收支关系正在靠近一个动态的平衡值。
1 23 9 3 3
在票补、票房造假、宣发泡沫等负面因素逐步被清出市场的过程中，低谷期、冷遇期是必然要面临的挑战。
1 24 10 1 3
如今，中国电影产业正走向成熟。
1 25 10 2 3
相比票房数值，票房的构成、影片整体质量更值得关注。
1 26 10 3 3
今年电影市场呈现的向质量回归、向艺术靠拢、“圈钱之作”遭受冷遇的一些新趋势，无疑是令人欣喜的，延续这样的势头，中国电影才能真正收获观众的满意。
5
2 1 1 1 3
北京商报讯（记者卢扬邓杏子）据国家新闻出版广电总局电影局最新数据显示，截至11月20日，2017年全国电影年度票房用324天首次突破500亿元大关。
2 2 1 2 3
其中，国产影片票房262亿元，占比达到52.4%。
2 3 1 3 3
中外影片票房过亿元的82部，其中票房过10亿元的13部。
2 4 2 1 5
近年来，国内电影市场持续火热，票房也持续增长。
2 5 2 2 5
2012年，全国电影票房170.73亿元，中国超越日本成为仅次于美国的第二大电影市场；2015年，全国电影票房达到440亿元；尽管2016年电影票房市场增速放缓，全国票房定格在457亿元。
4
3 1 1 1 2
截至11月20日记者发稿时，2017年全国电影票房达500.2亿元，创下新纪录。
3 2 1 2 2
记者从国家新闻出版广电总局电影局了解到，今年全国电影票房较去年同期增长15%，全国观影人次达14.48亿，较去年同期增长15%。
3 3 2 1 1
伴随这组数字刷新业界人士朋友圈的还有这一观点：“中国已成为民族电影文化占据主导地位的世界第二大电影市场。”
3 4 3 1 2
“世界第二大电影市场”指的是票房数字，中国的年票房仅次于北美市场。
3
5 6 4 1 1
其中，《战狼2》总票房56.79亿元，占总票房比11%。
5 7 5 1 1
自从2003年以来，中国电影保持30%的增长高速发展，2010年票房总额突破100亿元，2013年突破200亿元，2015年突破400亿元，今年突破了500亿元，市场份额不断提升。
5 8 6 1 1
有业内人士认为，在头部国产电影的带动下，中国电影市场与美国电影市场的差距正在逐渐缩小，“尤其是在中国娱乐产业高速增长，而美国的电影市场份额增长速度缓慢，在这样的背景下，中国市场份额超越美国指日可待。”
2
8 6 2 2 3
虽然票房不是衡量影片质量的唯一指标，但是要弘扬主旋律、释放正能量，在电影市场上就需要这样“叫好又叫座”的片子。
8 7 2 3 3
那么，这些影片何以掀起一波又一波现象化浪潮呢？
4
9 1 1 1 2
近日，奥斯卡官网公布了选送的奥斯卡最佳外语片申请名单，其中，就有今年大热的主旋律影片《战狼2》。
9 2 1 2 2
有人说，选送《战狼2》去奥斯卡，何其意料之外，却又令人激赏，甚至可以说是中国影业对好莱坞的宣战书。
9 3 2 1 1
《战狼2》在上映超过一个月后，尚能票房压制了新上映《敦刻尔克》等好莱坞巨制大片，标志着中国影人同样有能力拍摄出为广大观众喜闻乐见的本土商业大片。
9 4 3 1 1
《战狼2》的成功，激励了中国影人，也激励了广大中国观众，我们有决心、有能力，守住自己本土的电影市场。
3
15 1 1 1 2
新浪娱乐讯9月20日，吴宇森带着电影《追捕》受邀出席第十五届全国院线国产影片推介会暨青岛电影交博会，以华语电影人代表之一畅谈自己对当下电影市场的感受。
15 2 1 2 2
吴宇森表示，自己曾一度对中国电影市场前景担忧，好在近来国产佳作屡破票房成绩，令他坚信“我们的观众还是喜欢看自己的电影”，同时，吴宇森还赞赏了《战狼2》在暑期档的表现：“我觉得这个电影，可以看得出它的努力求新，看得出来导演惊人的创作力。”
15 3 2 1 2
现场，吴宇森、贾樟柯[微博]、黄渤[微博]代表华语电影人发声，并对内地电影未来发展作出展望。
6
19 1 1 1 3
今年的中国电影市场，《战狼2》注定是绕不开的话题。
19 2 1 2 3
在今年内，56亿的票房神话恐怕难以再被复制。
19 3 1 3 3
尽管《战狼2》凭借着良好口碑，票房像坐上火箭飙升，但不得不说，《战狼2》占尽了天时地利人和的因素，56亿的票房神话，有自身的实力，还有运气。
19 4 2 1 3
吴京曾在一次采访中坦承，电影票房达到8亿后，心里就放心了一块石头。
19 5 2 2 3
而在《战狼2》上映前，业内对《战狼2》票房的预判，虽看好它的潜力，56亿这个数字没有一个人敢这么想过。
19 6 2 3 3
简单来说，如果《战狼2》能达到20亿，大家就觉得发挥的很好了。
5
20 1 1 1 3
新浪娱乐讯截至9月12日，上映48天的《战狼2》已经斩获56.3亿票房，成为中国电影史新的市场奇迹。
20 2 1 2 3
12日，中国电影资料馆举行了一场以《战狼2》为主题的学术研讨会，国家新闻出版广电总局电影局副局长李国奇、制片处副处长高山，以及胡智峰、陈旭光、高雄杰、索亚斌、詹庆生、李镇、刘藩、左衡、虞晓等知名学者共同参加了研讨会。
20 3 1 3 3
专家们各抒己见，剖析了《战狼2》成功的原因，并对当下的中国电影市场表达了各自看法。
20 4 2 1 1
《人民日报》海外版主编李舫率先发言表示，《战狼2》在北美也引起很大关注，其成功原因有：1，刚健的姿态、英雄的血性引发群众共鸣；2，主题契合了“中国梦”表达的需要；3，是类型片中的优秀作品，也是我们从电影大国迈向电影强国的标志；4电影化改革催生了大批优秀作品，也培育了大批电影受众。
20 5 3 1 1
胡智峰表示认同李舫的观点，他说：“《战狼2》给我最大的启示是，它有点像点穴，点中了中国电影最核心的东西，是什么？是找到一个最大的认同的公约数，这个认同公约数体现在哪里？第一是国家认可，第二是社会认同，第三是老少皆宜。”
7
30 4 2 1 4
然而，《战狼2》的成功并不代表国产电影市场的回暖，反而进一步暴露了国产片的不足。
30 5 2 2 4
界面新闻注意到，今年暑期档上映的国产片总票房为108.02亿元，占比66%。
30 6 2 3 4
然而，如果从中去除《战狼2》的票房，其余约30部国产片总票房仅为52.93亿元，占比不足1/3。
30 7 2 4 4
从这个角度看，国产片的整体票房情况仍不容乐观，含金量有待提高。
30 8 3 1 3
从2017年整体票房情况来看，上半年中国内地电影票房为272亿元，其中国产片仅占38.5%。
30 9 3 2 3
截至9月6日，今年中国内地票房排名前十的影片中只有3部国产片。
30 10 3 3 3
国产片“逆袭”之路漫漫，希望《战狼2》是一个美妙的开端。
4
34 1 1 1 2
近日电影文化市场相当火爆，根据最新数据，上映41天的《战狼2》总票房过55亿，另一部战争题材的《敦刻尔克》上映5天也斩获了2.37亿的票房，还有《星际特工：千星之城》票房将近4亿。
34 2 1 2 2
网友表示，丰富的电影题材为大家的业余生活提供了广阔的选择，不管是选择哪部电影，都会拥有激动人心的观影体验。
34 3 2 1 2
电影市场的火爆带动影院的火爆，投资靠谱餐厅酒店等大消费行业的升值空间在不久前和汉中环球国际影城达成战略合作，为升值空间用户带来更加丰富的出借选择。
34 4 2 2 2
电影市场的持续火爆，再一次印证了升值空间筛选优质项目的眼光。
5
34 15 8 1 3
2015年我国电影市场票房以440亿元收官，比2014年增长48.7％，创下“十二五”以来最高年度增幅。
34 16 8 2 3
中国电影进入质量提升、产能优化的新阶段，社会效益和经济效益取得双丰收。
34 17 8 3 3
自进入2000年以来，中国电影产业一直在以每年30%左右的速度增长。
34 18 9 1 1
2017年中国电影的票房不断创新高，票房过亿的影片数不胜数，电影业的繁荣带动影院的告诉发展，人均观影频率上升，并且未来还有提升空间。
34 19 10 1 3
升值空间成立于2016年，曾获得险峰长青和涌金集团资本注入。
3
40 1 1 1 2
随着《敦刻尔克》、《星际特工》等一系列进口片的上映，有着“国产电影保护”之称的暑期档也画上了一个句号。
40 2 1 2 2
最终，暑期档以124.07亿元（包括服务费，去掉服务费为116.19亿）收官，与去年同期的91.24亿元（不包括服务费）票房相比，增幅达27.35%。
40 3 2 1 2
这样看似喜人的成绩，却并不意味着中国电影市场走出了低谷。
3
40 33 17 1 2
动作片的表现与《战狼2》不无关系，对观众的观影心态起到了带动作用。
40 34 17 2 2
由于同期其他电影的表现均差强人意，让《战狼2》的长尾效应也比较坚挺，带动同类动作影片的票房表现。
40 35 18 1 2
此外，纪录片的市场表现继续给电影市场带来了惊喜。
4
40 41 21 1 1
随着电影类型不断多元化，新题材、新类型片的探索正在成为当下的趋势。
40 42 22 1 2
付亚龙认为，从供需指数看，如奇幻、科幻类影片未来前景较好；动作、喜剧等类型，新题材新元素创新仍然有很大机会。
40 43 22 2 2
纪录片、文艺片等，随着中国电影市场观众类型的细化及观影质量需求提升，是值得关注的类型。
40 44 23 1 3
不过，好莱坞电影也似乎受到影响。
5
44 1 1 1 6
随着《战狼2》一路高歌猛进，群片逐鹿的暑期档也落下帷幕。
44 2 1 2 6
根据猫眼专业版数据显示，截至8月31日，内地电影市场在92天里创造了总票房为163.1亿的成绩，创下历史新高，比去年暑期档124.2亿票房提高了约38.9亿，增幅逾三成（31.3%），观影人次4.74亿，比去年增长26.7%。
44 3 1 3 6
长达3个月的时间中，共有138部电影登陆影院，累计放映场次2393万场。
44 4 1 4 6
其中，117部国产片共产出电影票房108亿元，占比达66%，同比上升约15个百分点；21部进口片则收获票房55.1亿票房。
44 5 1 5 6
在前10名的榜单上，国产电影有5部，票房占比67.4%，同比上升17.5个百分点。
6
44 29 10 1 2
例如7月中旬率先登场的《悟空传》，由于人设、口碑受到争议，并未能成为现象级爆款，最终仅收近7亿票房；8月初上映的《三生三世十里桃花》更被低分与争议影响，上映第九天排片率大跌至1.8%，连续4天仅收获一千多万票房。
44 30 10 2 2
随后，李易峰主演的《心理罪》也勉强获近3亿票房，而王大陆、张天爱主演的奇幻片《鲛珠传》更是口碑票房遭遇滑铁卢，成绩勉强破亿。
44 31 11 1 3
除了《战狼2》一枝独秀，中国第一部票房破亿的纪录电影《二十二》也在8月中旬诞生，讲述慰安妇现状、在不少观众的口碑相传中逐渐提升了每日的排片率，目前累计票房已经达到了1.68亿，取得的成绩与热度远远超过预期。
44 32 11 2 3
而讲述藏民朝圣的文艺电影《冈仁波齐》在《变形金刚5》的强大挤压下票房破亿，引发大众热议；《重返·狼群》、《地球：神奇的一天》等纪录片都获得数千万票房。
44 33 11 3 3
这些“冷门”类型电影创造票房纪录从另一方面说明中国观众的日渐成熟，市场也逐渐增强了包容性，电影市场专家蒋勇表示，“市场对小众文艺片的认可，产业化的发展中能够获得更多的资本青睐，形成双赢局面。”
44 34 12 1 2
不少业内人士表示，163亿的数字看起来一派繁荣，但若抛开《战狼2》，今年的暑期档电影基本上乏善可陈。
8
45 1 1 1 3
南都讯记者许嘉发自北京离2017结束还有4个月，华语电影市场新冠军已经诞生，没错，就是吴京[微博]的《战狼2》！上映接近40天，这头狼已拿下超过55亿元票房。
45 2 1 2 3
《战狼2》背后，名利双收的有两位大佬，一位是参与保底发行的北京文化，一位是独家互联网发行平台———阿里影业旗下的淘票票。
45 3 1 3 3
《战狼2》带来这么多实惠，让北京文化和阿里影业有了合作的新动作。
45 4 2 1 3
近日，阿里影业同北京文化联合宣布成为战略合作伙伴，未来，他们将在电影投资、制作、宣发、衍生品开发、影游互动等全产业领域深度合作。
45 5 2 2 3
谈及这次重磅联手，北京文化电影事业部总经理张苗将其比作“理科生和文科生的合作”。
45 6 2 3 3
北京文化可以加强自己在放映端和宣发方面的能力，而阿里影业则能够弥补内容制作上的短板。
45 7 3 1 2
发布会上，北京文化还发布了自己的近期片单。
45 8 3 2 2
徐浩峰导演的《刀背藏身》，乌尔善执导的魔幻系列《封神三部曲》正在制作中，《南极绝恋》《二代妖精》《岁月忽已暮》也将在年内上映。
7
48 1 1 1 2
中新网杭州9月1日电（赵小燕黄慧）30日，易观发布《2017年暑期档电影市场观察》。
48 2 1 2 2
报告显示，国内电影在线票务市场格局在暑期档发生变化，淘票票以30.94%的市场份额排名第一，猫眼电影和娱票儿分别以29.72%和21.84%紧随其后，百度糯米下滑至9.71%。
48 3 2 1 2
报告显示，上半年中国内地电影市场形势不容乐观，整体市场疲软，7月底内地累计电影票房才迈入300亿元大关。
48 4 2 2 2
而今年6-8月暑期档电影票房较去年同比增加了近三成，暑期档观影人次达到4.51亿，较去年同比增长20.59%，这主要是《战狼2》的拉动作用。
48 5 3 1 2
7月底，《战狼2》上映成为暑期档电影市场转折点，带动整体大盘上涨。
48 6 3 2 2
报告显示，今年暑期档国内电影总票房有望超过160亿元，比去年的124亿元上涨29%。
48 7 4 1 2
《战狼2》上映后，在周场次不变的情况下，周观影人次显著上升。
4
48 8 4 2 2
报告认为，观众对优秀的内容和价值观的认同感，仍是影响用户观影的主要因素。
48 9 5 1 2
但是从不同类型影片对票房的贡献来看，今年暑期档的电影市场仍依靠大片。
48 10 5 2 2
仅《变形金刚5》和《战狼2》两部影片的票房，就占到整个暑期档的半壁江山。
48 11 6 1 3
此外，易观的报告还显示，2017年暑期档电影市场共上映135部电影，数量上相较去年增加21.62%。
5
49 1 1 1 2
中新社北京9月1日电（记者高凯）伴随着9月1日开学季的到来，2017年暑期档正式收官。
49 2 1 2 2
根据艺恩中国电影票房数据，整个7月和8月，全国票房共计124亿元（人民币，下同），同比增长44.6%。
49 3 2 1 1
刚刚过去的8月票房约73亿，超越整个春节档、2016年2月的68.9亿，创造中国电影月票房的新纪录。
49 4 3 1 1
可以说，经历了自去年下半年开始的冷却萎靡，中国电影票房在这个暑期档终于迎来热浪升温。
49 5 4 1 2
然而这一大幅升温却并非整个电影市场的回暖，纵观整个暑期档，《绣春刀·修罗战场》《心理罪》《侠盗联盟》等关注度较高的电影票房惨淡，《三生三世十里桃花》《悟空传》《鲛珠传》等大IP电影遇冷。
3
49 6 4 2 2
事实上，此番升温主因皆在《战狼2》的爆发。
49 7 5 1 1
在《战狼2》上映之前，7月电影市场仅收获33.54亿票房，不仅无望超越2015年7月的55.06亿，甚至与已经开始降温的2016年同期的45.15亿也颇有距离，但在《战狼2》的带动下，7月的后四天共产出票房13.75亿（其中《战狼2》贡献10.91亿），最终报收分账票房47.28亿，超越去年同期。
49 8 6 1 1
今年暑期档内地院线几十部影片，《战狼2》单片票房高达55亿，一部电影就几乎占据了整个暑期档票房的一半。
2
49 12 8 1 2
“大IP+小鲜肉”模式的遇冷说明中国电影市场已经开始摒弃以往的制作、明星拉动。
49 13 8 2 2
尽管促成《战狼2》的成功因素众多，但其中颇具意义的一点是，内容和质量已逐渐成为内地票房的主要驱动。
4
51 1 1 1 3
近日，据美国权威影视杂志《Variety》报道，从2016年7月到2017年6月，中国的电影票房整整一年都在下降，电影制片人和电影公司开始拼命寻找答案。
51 2 1 2 3
直到《战狼2》的出现。
51 3 1 3 3
在7月28日上映以来，该片就一路创造了无数项中国电影市场记录，单片票房截稿时已经接近55亿元，单片观影人次突破1.4亿。
51 4 2 1 1
随着票房的不断推高，中国和好莱坞都在重新思考如何最好地接近和利用中国电影市场，因为中国电影市场有望在未来几年成为世界上最大的电影市场，而《战狼2》在此时正好展示了一部精心制作的中国电影。
3
51 22 11 1 1
目前，《战狼2》进入全球电影史票房排行前100名，现排名50多位，这是亚洲电影首次入席，也是前100名里唯一一部非好莱坞电影。
51 23 12 1 1
总是想着中美合拍电影能带来票房似乎已经渐渐成为徒劳，过度的炒作、主题的变化以及好莱坞电影试图去迎合中国人的口味也被证明正在被市场厌倦，曾经中国电影市场认为西方明星会带来电影票房效应的概念也正在弱化。
51 24 13 1 1
因为《战狼2》令人惊叹的票房成绩表明，在一个拥有13亿人口的国家里，仅靠自己的市场就足够了。
2
52 1 1 1 2
[环球网报道记者郭鹏飞]美国综艺网站variety网站8月31日发表题为“《战狼2》迫使好莱坞重新思考中国之道”的文章称，《战狼2》的热映引发了好莱坞对如何更好地开发中国电影市场的反思。
52 2 1 2 2
以下为文章部分摘编：
3
52 10 3 1 2
中国观众对这部电影爱国主义的展现和吴京精彩的打斗反响强烈。
52 11 3 2 2
“中国已经找到了自己的兰博”，“我们期待这个领域更多的电影”，亚提森格维电影公司总裁RANCEPOW认为这“显然是一个很重要的事件。”
52 12 4 1 3
在这一过程中，《战狼2》引起了好莱坞对如何更好地靠近和开发这个有望在未来几年成为全球最大电影市场的反思。
7
55 1 1 1 3
新浪娱乐讯眼下的电影市场，无论是演员还是导演，都逃不过被票房这一衡量成功与否的标准比较。
55 2 1 2 3
尤其在大众审视的透明状态下，票房数字基本约等于成功值。
55 3 1 3 3
由新京报给出的演员总票房榜单吸引了大众的视线，而女演员榜单中余男第一的好名次更是瞬间成为焦点。
55 4 2 1 3
近日，新京报记者以演员个体为单位，统计出华语女演员票房排行榜。
55 5 2 2 3
纵观榜单排名，除了众所周知具有极高票房号召力的白百合、杨幂[微博]等，年仅21岁的林允[微博]，凭借《美人鱼》近34亿票房，成为唯一挤进前十的90后小花。
55 6 2 3 3
而职业群演张美娥，因5次参演周星驰的电影，成为排名第五的“最强女配”。
55 7 3 1 3
最值得关注的，自然是摘夺第一桂冠的余男。
3
57 1 1 1 5
电影市场瞬息万变，女演员们不仅在银幕上争奇斗艳，累计的票房成绩也是事业成功的重要指标，谁的号召力最强是观众比较关注的问题。
57 2 1 2 5
随着《战狼2》持续上涨的票房，一向低调并多次被封为“最佳女主角”的余男在最近几日力压舒淇登顶榜首。
57 3 1 3 5
虽然很难把《战狼2》成功的原因都算在余男身上，但数字也证明了选对了影片会有惊喜。
4
62 1 1 1 2
新浪娱乐讯《战狼2》成为中国影史第一部“50亿+”影片，上映多日热度不减，仍然以持续强悍的票房数据秒杀一众新片。
62 2 1 2 2
8月26日，《战狼2》剧组在京举行答谢宴，青年女演员柏安从湖南卫视自制大戏《火王》剧组杀青归来，应邀出席答谢宴，面贺吴京[微博]导演和剧组众多台前幕后工作人员，并超级期待京哥早日将《战狼3》搬上大银幕。
62 3 2 1 2
《战狼2》的巨大成功和全民热捧，让世界看到了中国电影市场的潜力，也点燃了中国电影人用心专注制作好电影的信心。
62 4 2 2 2
柏安参加《战狼2》答谢宴时表示：“《战狼2》是一部充满激情和正能量的电影，许多情节非常感人，是近年来最具国际水准的动作类型电影，其质量绝不输给好莱坞。《战狼2》不仅让吴京导演成为了中国的史泰龙，更让作为演员和观众的我强烈感受到吴京导演的认真、专注和拼命。正如京哥在答谢宴上所说，中国电影人是在用生命拍电影。京哥用自己的实践告诉我们，专注且拼命地做好一件事，认真对待自己的每一个角色和机会，才会迎来成功和掌声。”
7
63 1 1 1 1
据瑞士《新苏黎世报》网站报道，《战狼2》在中国电影市场的大获成功，反映了中国的国家自信已经增强，并且在世界秩序中找到了新的位置。
63 2 2 1 2
1985年10月，美国大片首次在中国的大银幕上映。
63 3 2 2 2
电影《第一滴血》进入中国市场，美国越战老兵“兰博”刮起的旋风席卷了中国影院。
63 4 3 1 4
报道称，2017年8月，“兰博”获得了重生。
63 5 3 2 4
在异国他乡与坏人作战的英雄回来了——带着民族主义的激情。
63 6 3 3 4
和过去一样，打斗、肌肉和炮火完全符合大众对消遣和文化爱国主义的需求。
63 7 3 4 4
今天的这部影片名为《战狼2》，而主人公的名字叫做冷锋——一位在非洲执行任务的退伍老兵，他拯救了陷入困境的同胞并帮助了无辜的非洲人。
5
63 8 4 1 3
报道称，该片反映了中国的国家自信已经增强，它在世界秩序中找到了新的位置。
63 9 4 2 3
中国进入到世界领导集团当中。
63 10 4 3 3
而且中国有电影业也躲不开这点，好莱坞也是同样，离开了中国投资人它也玩不转。
63 11 5 1 7
《新苏黎世报》认为，中国可能会在今年成为世界最大的电影市场。
63 12 5 2 7
单单是中国对“兰博”素材的全新诠释就显示出巨大的空间。
5
65 1 1 1 1
一部主旋律作品要想叫好又叫座，就应直面市场需求和观众期待，在好的故事、好的精神、好的技术上下功夫。
65 2 2 1 2
电影《战狼2》仅用了13天，就打破了《美人鱼》创下的34亿票房纪录，截至记者发稿前，尚在放映期的《战狼2》票房已达53亿，把中国电影票房最高纪录整整拉高了一个台阶。
65 3 2 2 2
这部没有流量明星挑大梁的电影是如何成功的？影片的品质与高票房是否匹配？主旋律商业片是两种类型片的交融尝试还是中国特色的电影新品种？近日，《绿海副刊》邀请北京电影学院助理研究员程麒台，从专业视角说说这匹难得一见的“战狼”。
65 4 3 1 1
程麒台：《战狼2》成为今年暑期电影市场的现象级爆款，可以说是“天时地利人和”的结果。
65 5 4 1 8
“天时”是《战狼2》上映时间节点比较好。
4
66 1 1 1 2
截至26日19：00，《战狼2》上映31天票房已经收获53.35亿，而在25日，两家合作造就了这场中国电影票房神话的巨头——北京文化与阿里影业共同在北京宣布，这场《战狼2》之火并未烧完，阿里旗下的淘票票表示，仍会开放所有线上营销平台及娱乐入口，“将这个创纪录的数字再往前推深一些”。
66 2 1 2 2
与此同时，纵观整个内地电影市场，其产业格局也在随着《战狼2》的票房大胜，发生了微妙的变化。
66 3 2 1 2
随着近十年来中国电影票房市场的高歌猛进，横亘在一线的中国电影公司巨头虽有波动但一直还较为稳定。
66 4 2 2 2
然而，《战狼2》票房超越《美人鱼》登顶中国电影票房冠军后，它背后以北京文化为代表的14家出品方以8亿保底发行的结果是，产业发生了变局。
4
67 1 1 1 3
在过去的大半个月时间里，《战狼2》的票房数字如火箭般蹿升，成为了国民级大片。
67 2 1 2 3
早在8月19日，其总票房就已突破50亿大关。
67 3 1 3 3
在中国电影市场发展似乎遇到拐点的时候，这部国民级影片票房数字背后的故事，更值得我们挖掘与分析……
67 4 2 1 1
本期《贵圈》截取了《战狼2》上映最火爆的前两周数据，从不同维度考量了这部票房冠军影片的含金量，看看它火热背后隐藏的新变化。
6
67 5 3 1 2
截至8月23日晚，《战狼2》累积的综合票房达到了52.37亿，分账票房（去除服务费）48.93亿。
67 6 3 2 2
这意味着本片不仅是中国内地电影历史上第一部票房达到50亿+级别的电影，更让中国电影市场“走进新时代”。
67 7 4 1 1
放眼全球市场，《战狼2》所取得的票房成绩折算成美元已经超过7亿，是进入全球票房前100的唯一一部非英语电影，也是仅次于《星战大战：原力觉醒》（9.36亿美元）的全球影史上单片单地区的票房亚军。
67 8 5 1 1
票房50亿是什么概念？一部《战狼2》的票房超过了5部漫威超级英雄大片的内地票房总和。
67 9 6 1 1
和整个《变形金刚》系列（5部）的总票房都旗鼓相当。
67 10 7 1 2
1.4亿的观影人次也是创纪录的水平，这相当于2016年全年内地电影市场观影总人次的十分之一，2007年全年观影人次的总和。
2
67 11 7 2 2
《战狼2》的数据，不仅反映了内地电影市场的现状，更让大家看到了未来的新希望。
67 12 8 1 5
别急着感叹，这数字的背后也离不开市场环境的发展。
4
67 13 8 2 5
去年，中国内地的银幕数已经超越北美市场达到了4.5万块。
67 14 8 3 5
《战狼2》在场次最多的时候，一天就可以排映16万场。
67 15 8 4 5
对比一下：《美人鱼》上映的时候，单日最高场次则是接近10万场。
67 16 8 5 5
内地电影市场还有更大的潜力尚待开发：我国人均观影次数目前只有一年0.9次左右，而北美观众是人均3.8次，全球最高的韩国观众可以达到人均4.2次。
2
67 24 12 3 3
谁说主旋律不能“年轻化”、“全民化”？假以时日，这些新生代观众都将是在今后扛起内地电影市场大旗的核心人群。
67 25 13 1 3
通常，女性观众是更愿意走进电影院的群体，在2016年的全国观众中，有56%都是女性。
5
67 31 14 4 4
尤其在一线城市，男性观众的比例更是占据了多数。
67 32 15 1 2
北上广深四座一线城市虽然单体成绩高，但是二线城市的总体市场容量和票房产量都大大超越前者，是目前中国电影市场最重要的部分。
67 33 15 2 2
和2016年的数据对比，反映在《战狼2》单片上的变化是：四线城市的票房占比增幅最高。
67 34 16 1 2
10大票仓城市中，过去像南京、西安这样的票房重镇都没有上榜。
67 35 16 2 2
而东莞和苏州这样在地理层面上相对较小的城市，反而产出了更高的票房。
6
70 1 1 1 3
参考消息网8月25日报道美媒称，《战狼Ⅱ》这部爱国主义影片刚刚成为中国史上票房最高的影片，也是第一部跻身全球票房前100名影片行列的非好莱坞影片。
70 2 1 2 3
用好莱坞手法讲述爱国主义故事是中国电影人一直以来的梦想，《战狼Ⅱ》证明他们能够做到这一点。
70 3 1 3 3
这对中国观众而言是一个好消息——但对好莱坞来说则敲响了凄厉的警钟。
70 4 2 1 2
据彭博新闻社网站8月23日报道，自中国对外开放电影市场以来，好莱坞电影一直拥有强大的观影群。
70 5 2 2 2
虽然中国政府每年对引进外国影片设限，但是去年外国影片——大多数来自美国——的票房占中国市场票房收入的比例仍然接近42%。
70 6 3 1 3
报道称，虽然美国电影在中国很受欢迎，但是不可否认的是，中国对于会讲故事的本国影片的饥渴仍然存在。
4
77 10 3 1 8
我本来对于这部影片没有太高的期待。
77 11 3 2 8
我看过第一部作品，对于我了解的中国电影市场而言，我觉得这是一部挺酷的电影。
77 12 3 3 8
毕竟我参与过《人类清除计划》系列和漫威电影宇宙的影片，相比之下那些影片的制作水准更高一些。
77 13 3 4 8
我只是觉得，万一这部影片和前作一样在中国取得成功，那会是一件很棒的事情。
4
77 36 7 5 6
CAA（经纪公司）已经把我介绍给了一大票中国制片公司，我已经准备好改变我的职业生涯了。
77 37 7 6 6
我热爱在中国的拍戏经历，如果我的星途因此达到另外一个高度，让我有机会在中国拍更多电影，我百分之一千愿意参与其中。
77 38 8 1 3
在中国，喜剧和爱情题材的本土影片往往能够击败同类型的好莱坞电影，因为中国影迷更喜欢在银幕上看到自己的语言或者本土文化，然而注重动作和特效的大片却能主宰中国电影市场。
77 39 8 2 3
《战狼2》可能是第一部达到好莱坞大片制作水准的中国动作影片，票房也超过了很多好莱坞大片。
5
78 1 1 1 2
上映11天零4小时后，《战狼2》以优异的票房打破国产片票房最高纪录33.9356亿元，并跃居此前纪录维持者《美人鱼》成为中国票房第一。
78 2 1 2 2
这一纪录，后者用63天才达成。
78 3 2 1 2
伴随着国内电影市场的快速发展，票房过亿已不是新鲜事。
78 4 2 2 2
细数Top100电影，尽管票房均在3亿之上，但对于绝大多数国产影片而言，10亿票房仍是个难以跨越的门槛。
78 5 3 1 3
中国共有19部影片成功跨过10亿大关。
3
83 14 3 4 6
当同档期的主旋律大片还在迷信聚星，《战狼Ⅱ》却在努力聚力。
83 15 3 5 6
在市场迷信流量IP、粉丝经济捞快钱的时候，在有人高高在上鄙视垃圾观众的时候，在有人还寄望依靠行政命令推广电影上映的时候，《战狼Ⅱ》在拍摄、制作上下功夫，在原创故事的内容和观赏性上作突破，所以它的认真诚意和一股子不向市场随波逐流的倔强勇气，应当是国产电影今后制作的方向。
83 16 3 6 6
注重制作、回归内容才是检验国产电影市场风向的新标杆！
3
83 17 4 1 6
当《湄公河行动》成功收获了商业大片的票房时，便有了主旋律商业片的概念。
83 18 4 2 6
此后被称为“第二个湄公河行动”的《非凡任务》，也取得了票房和口碑的认同。
83 19 4 3 6
如今，《战狼Ⅱ》又创票房新高，成就了主旋律商业片乃至整个电影市场中商业片的一个范例。
2
83 20 4 4 6
但是，仅仅以目前几部影片来做样本，就想找到成功秘诀，就认为主旋律商业片的风口到了，这还需要打上问号。
83 21 4 5 6
彼时，在国内的电影市场，除非老牌的八一电影制片厂自己牵头，否则在中国电影圈内，一听说要拍现代军事题材无不大摇其头。
3
87 16 5 1 2
5、互联网产业方面本月聚焦于百度、腾讯与搜狗上。
87 17 5 2 2
百度提出“AllinAI”,第二季度营收同比增长14.3%;腾讯提出“三把斧”措施防用户沉迷《王者荣耀》;搜狗计划提交IPO申请,第二季度营收同期增26%。
87 18 6 1 1
6、风险提示:传媒板块系统风险,电影市场增长乏力。
4
92 1 1 1 1
《战狼2》票房已超过51亿元。
92 2 2 1 3
截至昨日18：25，《战狼2》的票房已达51.6亿元人民币，顺利跨过50亿的大门槛。
92 3 2 2 3
而在未来几年，《战狼2》都将是华语电影市场的标杆。
92 4 2 3 3
刚过去的这二十几天，《《战狼2》掀起了各个维度的讨论，从电影创作到产业趋势，从大众心理到资本运转，的确，无论你是否喜欢这部电影，《战狼2》已经成为一个社会议题。
5
93 1 1 1 4
上映20天，国产电影《战狼2》票房已经达到47亿元，并仍稳固盘踞在上座率的王座。
93 2 1 2 4
中国票房增速放缓之后，这次票房“爆款”的出现如大地惊雷，再次引发了各界对中国电影行业及文化软实力的重新探讨。
93 3 1 3 4
累计观众超过1亿人次，不但使《战狼2》进入电影史各项评比数据的前列，也使得这部电影不再是一部单纯的动作片，而具有了一种观察社会文化的透镜效应。
93 4 1 4 4
显然，《战狼2》已经成为当下社会文化的“大事件”。
93 5 2 1 1
票房“爆款”说明什么问题？“《战狼2》最大的意义，在于它将检验出中国电影市场水有多深，电影市场发展至今，潜力何在。”这是上海电影家协会副主席石川的观点。
3
97 12 7 2 2
目前，吴京已经接到了多位好莱坞导演的邀请。
97 13 8 1 1
吴京：这种重军事题材的电影别人没有拍过，我比别人有了最新的经验。
97 14 9 1 1
同时，战狼2的成功，也丰富了以往以爱情、魔幻、动作等为主的中国电影市场。
5
99 34 17 1 2
猫眼数据显示，今年1~7月，90后观影人群占据了58%，如果算上85后，人群占比将达到79%。
99 35 17 2 2
“分析观影人群的年龄分布不难发现，25岁以下，以及25～30岁的人群占据了超过七成，暑期档作为全年中时间持续最长的档期，而暑期档中并未出现扎堆在7月末8月初的好莱坞大制作的影片，无论是吴京说的爱国情绪的爆发，还是对于整个暑期档期观影需求的爆发，都促成了《战狼2》成为现象级影片。”王文华表示。
99 36 18 1 3
反观暑期档其他影片，无论在人群定位、内容制作还是创新方面均没有达到观众预期。
99 37 18 2 3
王文华认为，几部寄予厚望的影片，《变形金刚5》的票房未及预期，除了系列影片内容和风格的几乎毫无变化，对于IP的过度消费使得变形金刚的粉丝在审美上存在疲劳度，这从北美的票房不及预期中也可见一斑。
99 38 18 3 3
如果说某些电影的票房不及专业人士的预期，认为是电影观众的原因导致票房的失利，倒不如说是电影本身对于电影市场和观众的不够敬畏。
2
99 44 22 1 2
而《战狼2》则让业界了解中国电影市场有多大潜力。
99 45 22 2 2
上海戏剧学院教授、上海电影家协会副主席石川表示，《战狼2》就是这样一块探路石，它能探出今天中国电影市场的水有多深。
3
99 58 28 1 3
如今，还有一些中方资本背景的文化公司，希望在好莱坞大片不断进入中国电影市场的同时，中国电影也能更多地走向世界。
99 59 28 2 3
中美众多战略股东背景的全球娱乐传媒公司TangMediaPartners(下称“TMP”)近期收购好莱坞电影发行与制作公司OpenRoadFilms。
99 60 28 3 3
TMP由华人企业家唐伟(DonaldTang)于2015年创立，其创始股东包括腾讯控股有限公司等。
4
99 61 29 1 2
唐伟告诉第一财经记者，此番TMP收购OpenRoadFilms就是希望未来可以将更多中国电影向北美市场发行，当然，其也看到目前在内容方面，中国电影在海外市场的接受度还有限，这需要更多优质的中国电影内容以及更好的发行渠道来提升中国电影产业。
99 62 29 2 2
“OpenRoad是好莱坞最出色的电影发行公司之一，其具备完善的院线及非院线发行网络,发行过众多叫好又叫座的影片。拥有OpenRoad后,TMP未来可以吸引更多有才华的电影人和制作团队一起创作优质的电影内容，把它们带给全世界的观众。”唐伟表示。
99 63 30 1 2
《战狼2》的成功虽不代表暑期档很成功，却告诉所有电影人，中国电影市场潜力还很大，观众数量庞大。
99 64 30 2 2
在如今这个信息时代，观众很明白什么是好的电影，就看你有没有能力拿下。
