3
4 2 1 2 4 0.232
12月3日上午，第四届世界互联网大会在乌镇隆重开幕。
4 3 1 3 4 0.72
本届大会主题为“发展数字经济促进开放共享——携手共建网络空间命运共同体”。
4 4 1 4 4 0.767
中国国家主席习近平给大会发来贺信，再次倡导互联网发展的“四项原则”和“五点主张”，希望推动世界各国共同搭乘互联网和数字经济发展的快车，希望大家集思广益、增进共识，深化互联网和数字经济交流合作，让互联网发展成果更好造福世界各国人民。
0
3
4 5 2 1 5 0.522
世界互联网大会体现了浓郁的时代色彩。
4 6 2 2 5 0.745
本届大会将“发展数字经济促进开放共享”作为主题，围绕数字经济、前沿技术、互联网与社会、网络空间治理和交流合作等方面进行探讨交流，充满了浓厚的新时代气息。
4 7 2 3 5 0.773
在当今世界经济缓慢增长的背景下，数字经济已经成为全球经济增长的新动能和新引擎。
1
4 8 2 4 5 0.704
尤其是随着大数据、云计算、物联网、人工智能等新一代新兴信息技术的风起云涌，互联网和实体经济深度融合，数字经济蓬勃发展，为加快传统产业数字化、智能化，拓展经济发展新空间提供了新的可能。
1
4 9 2 5 5 0.264
同时，本届盛会有26个智慧化项目亮相，包括阿里无人超市、科大讯飞晓译翻译机、中电科技智慧路灯杆、远传智能机器人、量子通信成果展示等智慧化体验项目。
3
4 11 3 2 5 0.583
世界互联网大会是体现中国自信、向世界展示中国理念和中国方案的重要平台。
4 12 3 3 5 0.639
党的十八大以来，习近平总书记以宏阔视野和战略思维，高瞻远瞩地提出了网络强国战略思想，就如何认识、运用、发展、管理互联网等提出了一系列战略性、前瞻性、创造性观点，深刻回答了中国是否要发展互联网、怎样发展互联网等重大理论和实践问题，深刻揭示了互联网的本质特征、发展规律、发展路径。
4 13 3 4 5 0.637
本届盛会立足“国际、创新、未来、领先、融合”的视角，集中展示云计算、物联网、人工智能等全球互联网技术和应用创新及数字经济发展的最新成果，向世界展示中国精神、中国担当、中国力量和中国方案。
1
4 14 3 5 5 0.394
事实充分证明，拥有5000年文明史的中华民族，经过不屈不挠的艰苦努力，已经从互联网国际大家庭中迈向世界舞台中心。
3
4 16 4 2 4 0.234
习近平主席在贺信中说，中国对外开放的大门不会关闭，只会越开越大。
4 17 4 3 4 0.602
世界互联网大会不是中国唱独角戏，而是由中国倡导并举办的世界性互联网顶级盛会，旨在推动全球构建网络空间命运共同体，搭建中国与世界互联互通的国际平台和国际互联网共享共治的平台。
4 18 4 4 4 0.542
本次盛会邀请了联合国经济和社会事务部、国际电信联盟、世界知识产权组织、世界经济论坛、全球移动通信协会作为协办单位，同时邀请了32家国际组织共设置了20个分论坛，吸引了来自全球的411家国内外知名企业参展，大会期间博览会上将举办118场新产品新技术发布活动、10场互联网项目合作专题对接会，为全球数字经济合作提供了广阔舞台，让创新驱动、共治共享的“乌镇红利”真正惠及全世界人民。
1
6 30 17 1 1 0.629
而这种基础保障，也将为我们国家今后的经济、科技发展提供坚实的支持。
2
9 1 1 1 2 0.653
中国经济周刊-经济网讯（记者肖翊摄影报道）12月3日上午，第四届世界互联网大会在浙江省乌镇开幕，本届大会主题为“发展数字经济促进开放共享——携手共建网络空间命运共同体”。
9 2 1 2 2 -0.156
此次大会，云集了各路互联网大佬，都说真正的有钱人出门连包都不带，看过这么多跟拍和抓拍发现，他们是真的不带包，但手里都不空，时刻“抓”着一样东西：手机！
2
10 15 8 1 4 0.713
12月4日，在浙江乌镇举行的第四届世界互联网大会“互联网之光”博览会以“发展数字经济促进开放共享——携手共建网络空间命运共同体”为主题，集中展示了云计算、物联网、人工智能等全球互联网技术和应用创新及数字经济发展的最新成果。
10 16 8 2 4 0.184
博览会吸引了来自全球的411家知名企业参展。
1
11 23 11 1 1 0.644
正是他们在不断向中国经济释放“新经济”的影响力。
3
12 13 6 1 3 0.31
贺信中强调的“开放”令人印象深刻。
12 14 6 2 3 0.666
数字经济的一个重要特征就是开放分享，它的发展将超越过去传统的行业、地域边界。
12 15 6 3 3 0.635
中国的数字经济将进入快车道，这两年来诞生了移动支付、共享单车等独特创新，我们更应当开放分享、心怀全球、协作创新，让各个国家的人们都享受到数字经济的红利。
0
2
12 16 7 1 3 0.646
此外，贺信也提到全球互联网治理体系变革进入关键时期，构建网络空间命运共同体日益成为国际社会的广泛共识。
12 17 7 2 3 0.36
今天每一个人、每一家企业或组织，都通过数字技术紧密地联系在一起，都是“网络空间命运共同体”的组成部分。
2
12 19 8 1 2 0.71
习主席的贺信从战略高度阐释了这次会议的主题——“发展数字经济促进开放共享——携手共建网络空间命运共同体”。
12 20 8 2 2 0.418
在重申“四项原则，五点主张”提法同时，此次“发展共同推进、安全共同维护、治理共同参与、成果共同分享”的“四个共同”的提法更具体，简明扼要，十分充实。
2
12 21 9 1 4 0.713
以数字经济为抓手、为推动力，带动全球经济的发展，是我们共同的期待。
12 22 9 2 4 0.68
当前发展数字经济，一个国家很难关起门来自己发展，首要目标就是要携手共建网络空间命运共同体。
1
12 23 9 3 4 0.667
习主席在贺信中指出，全球互联网治理体系变革进入关键时期，构建网络空间命运共同体日益成为国际社会的广泛共识。
1
12 24 9 4 4 0.281
“大家的事由大家商量着办”，互联网发展没有一个国家是旁观者。
2
12 25 10 1 2 0.499
我们要从构建网络空间命运共同体的高度来进一步贯彻落实党的十九大精神。
12 26 10 2 2 0.807
首先把事情做好，通过发展数字经济和共享经济等，来实现十九大提出的建设网络强国、数字中国、智慧社会等目标，同时也为推动世界各国共同搭乘互联网和数字经济发展的快车创造条件。
2
12 31 14 1 4 0.754
科技创新则是促进数字经济与实体经济深度融合的关键。
12 32 14 2 4 0.546
未来，传统产业要继续发展、提升效率、甚至在全球范围内拥有竞争力，一定要靠创新，尤其是技术创新。
2
12 35 15 1 2 0.808
习主席在贺信中指出，要推动互联网、大数据、人工智能和实体经济深度融合，发展数字经济、共享经济，培育新增长点、形成新动能。
12 36 15 2 2 0.665
这给实体经济乃至整个经济体系的现代化指明了方向。
0
2
12 37 16 1 2 0.675
当前数字经济和实体经济、线上和线下、国内市场和国际市场都紧密融合，零售行业甚至整个经济都进入“无界时代”。
12 38 16 2 2 0.449
作为互联网企业，京东与16万企业紧密合作，在大数据、人工智能、智慧物流等方面具有独特优势，可帮助实体企业打造涵盖研发、生产、流通到售后的“品质供应链”，为企业插上数字“翅膀”，为社会提供高品质商品，为供给侧改革贡献力量。
3
12 40 18 1 4 0.305
我非常认同习主席的判断和观点。
12 41 18 2 4 0.673
随着中国数字经济进入快车道，处于高速发展时期，从全球角度看，互联网已经进入了大安全时代，跨国界的网络攻击无处不在，网络犯罪呈现日益多样化。
12 42 18 3 4 0.501
我们更应该居安思危，紧紧围绕着建立网络空间命运共同体，迎接大安全时代的挑战。
2
12 44 19 1 3 0.709
当前，以信息技术为代表的新一轮科技和产业革命正在萌发，为经济社会发展注入了强劲动力，同时，互联网发展也给世界各国主权、安全、发展利益带来许多新的挑战。
12 45 19 2 3 0.645
全球互联网治理体系变革进入关键时期，构建网络空间命运共同体日益成为国际社会的广泛共识。
1
12 46 19 3 3 0.418
我们倡导“四项原则”、“五点主张”，就是希望与国际社会一道，尊重网络主权，发扬伙伴精神，大家的事由大家商量着办，做到发展共同推进、安全共同维护、治理共同参与、成果共同分享。
2
12 47 20 1 4 0.79
中共十九大制定了新时代中国特色社会主义的行动纲领和发展蓝图，提出要建设网络强国、数字中国、智慧社会，推动互联网、大数据、人工智能和实体经济深度融合，发展数字经济、共享经济，培育新增长点、形成新动能。
12 48 20 2 4 0.885
中国数字经济发展将进入快车道。
1
12 49 20 3 4 0.762
中国希望通过自己的努力，推动世界各国共同搭乘互联网和数字经济发展的快车。
1
12 50 20 4 4 0.054
中国对外开放的大门不会关闭，只会越开越大。
1
12 51 21 1 1 0.78
本届大会以“发展数字经济促进开放共享——携手共建网络空间命运共同体”为主题，希望大家集思广益、增进共识，深化互联网和数字经济交流合作，让互联网发展成果更好造福世界各国人民。
1
13 15 8 1 1 0.604
在大会期间举行的全球产业互联网创业创新分享会上，星河互联CEO傅淼阐述了中国在产业互联网领域的潜力。
1
13 17 10 1 1 0.611
大数据、人工智能，是产业互联网发展的重要组成部分，在本次世界互联网大会期间均为热议话题。
1
13 18 11 1 1 0.606
大数据专家、清华数据创新基地（清数D-LAB）主任邱东晓，在全球产业互联网创业创新分享会上指出，大数据是生产资料、是资源，是传统产业升级转型、创新生态的关键词。
1
13 24 15 1 1 0.6
在全球产业互联网创业创新分享会上，我们能看到产业互联网创新是如何具体落到实处的。
1
13 35 21 1 1 0.66
如今的世界正处于“第四次工业革命”的初期，随着美国“工业互联网”、德国“工业4.0”、英国“高价值制造”等战略的提出，全球产业互联网创业热潮已起，汲取国际先进经验、开放合作，走向全球对产业互联网发展至关重要。
3
14 1 1 1 3 0.553
12月4日，《世界互联网发展报告2017》和《中国互联网发展报告2017》蓝皮书在乌镇第四届世界互联网大会发布。
14 2 1 2 3 0.717
两大报告旨在全面呈现全球互联网发展态势，充分展现我国互联网发展成就。
14 3 1 3 3 0.474
这也是世界互联网大会举办以来，首次面向全球发布互联网领域最新学术研究成果。
2
14 4 2 1 2 0.398
《中国经营报》记者获悉，两大蓝皮书由中国网络空间研究院牵头，组织中国信通院、工信部电子一所、工信部安全中心、国家信息中心、清华大学国家治理研究院等10余家智库机构共同参与研究而成。
14 5 2 2 2 0.648
两大蓝皮书从中国视角出发，聚焦国内国外互联网信息基础设施、网络信息技术、网络安全、数字经济、电子政务、互联网媒体和网络空间国际治理等方面的发展。
2
14 6 3 1 2 0.689
其中，《世界互联网发展报告2017》对全球互联网发展情况作了全领域、全景式梳理研究，是全球互联网发展状况的“小百科全书”。
14 7 3 2 2 0.681
《中国互联网发展报告2017》对党的十八大以来的中国互联网发展情况进行了全面回顾，是互联网治理中国经验的系统展现。
0
1
14 8 4 1 1 0.682
另外，两大蓝皮书首次设立了世界互联网发展指数指标体系和中国互联网发展指数指标体系，填补了国内外互联网发展综合指标的空白。
1
14 9 5 1 1 0.611
“从世界范围来看，目前，联合国、国际电信联盟、全球信息通信技术发展指数等已经是互联网领域认可度较高的指标体系，但是这些指标体系以专项指数、人均指数为主，难以全面反映各国互联网发展总体状况，难以体现互联网用户等总量指标的重要作用。”参与编写两大蓝皮书的中国网络空间研究院院长杨树桢在接受《中国经营报》等媒体采访时表示，因此设定了基础设施、创新能力、产业发展、网络应用、网络安全和网络治理六大维度的一级指标，兼顾总量指标和人均指标对38个世界主要大国和地区进行了综合评估。
1
14 11 7 1 1 0.639
从国内来看，中国互联网发展指数指标体系是对习近平总书记网络强国战略思想的具体化、标准化和指标化，也是从基础设施、创新能力、产业发展、网络应用、网络安全和网络治理六大维度对全国各省市互联网发展成效和水平进行科学分析、量化评估。
2
14 12 8 1 2 0.659
中国网络空间研究院副院长李欲晓表示，指数指标体系对各地进一步明确互联网发展的战略目标和重点，准确把握自身比较优势、地域优势和发展优势，提高本地区互联网发展水平具有重要的指导和参考意见。
14 13 8 2 2 0.11
从目前的评估结果来看，广东、北京、浙江、江苏和上海分列综合指数前五。
2
14 14 9 1 2 0.445
杨树桢表示，世界互联网大会除了展示领先科技成果之外，也将展示理论思想成果，其中最主要的就是两大蓝皮书。
14 15 9 2 2 0.708
“今后每届世界互联网大会都将发布《世界互联网发展报告》和《中国互联网发展报告》，展现当年互联网发展的新理论和新实践、新动向和新趋势。”
2
15 2 2 1 3 0.648
12月3日，主题为“发展数字经济促进开放共享——携手共建网络空间命运共同体”的第四届世界互联网大会在浙江乌镇开幕，国家主席习近平发来贺信。
15 3 2 2 3 0.672
贺信指出，全球互联网治理体系变革进入关键时期，构建网络空间命运共同体日益成为国际社会的广泛共识。
1
15 4 2 3 3 0.424
我们倡导“四项原则”“五点主张”，就是希望与国际社会一道，尊重网络主权，发扬伙伴精神，大家的事由大家商量着办，做到发展共同推进、安全共同维护、治理共同参与、成果共同分享。
2
15 16 9 1 2 0.115
“大家的事由大家商量着办”，不少与会专家对贺信中的这句话印象深刻。
15 17 9 2 2 0.618
中国人民大学国际关系学院教授王义桅告诉经济日报记者：“习主席的贺信体现出一种开放共享的新理念，这正是我们所倡导的网络空间治理原则。全球互联网治理体系的变革，必须建立在共建共治共享基础上，规则大家一起来商量，不存在垄断与主导。”
1
15 18 10 1 1 0.631
中国工程院院士、中国互联网协会理事长邬贺铨同样对贺信中体现出的开放共享精神颇有感触：“习主席的贺信从战略高度阐释了本届世界互联网大会的主题。‘四个共同’，是我国构建网络空间命运共同体的基本原则和基本做法。从互联网的普及率、互联网对经济发展的影响、社会治理的任务和完善国际治理的迫切性来看，全球互联网治理体系变革已经进入关键时期；‘大家的事由大家商量着办’，意味着各国必须携手共同面对互联网带来的正面和负面影响。”
1
15 19 11 1 1 0.75
开放共享的“伙伴精神”如何实现？国务院发展研究中心研究员李广乾表示：“从具体推进方式来看，一是要在互联网技术和互联网产品方面实现共同发展、共同分享。二是网络基础设施也要全球协同发展，特别是推进落后国家借助信息化科技成果发展本国经济，从而让互联网真正服务各国经济发展，成为经济发展红利的重要内容。”
2
15 21 12 2 3 0.549
老挝邮政与通信部副部长本沙乐塞·肯纳翁和塞尔维亚贸易旅游与通讯部秘书塔提亚娜·马迪奇对移动支付、共享单车、“双11”等中国互联网经济中的“新名片”如数家珍。
15 22 12 3 3 0.752
塔提亚娜·马迪奇表示：“我们希望加强与中国在智慧城市、电子商务和在线旅游等方面合作，共同推进数字经济的发展。全球网络空间的治理需要国际社会的共同努力，共同建立安全与公平的新秩序。”本沙乐塞·肯纳翁则表示：“老挝也希望能够搭上互联网和数字经济发展的快车，在网络基础设施建设、数字经济发展等方面深入合作。”
1
15 23 13 1 1 0.623
“中国国家主席习近平在贺信中专门提到，‘中国对外开放的大门不会关闭，只会越开越大’。”Airbnb爱彼迎联合创始人、中国区主席内森·布莱卡斯亚克对此高度评价：“我们看到中国政府持有开放、包容、合作的积极态度，这增强了我们加大在华投资和推进本土化策略的决心，为我们深耕中国市场提供了机遇和保障。中国的政策环境、运营环境稳定宽松，Airbnb爱彼迎对未来在华发展非常有信心。中国对新科技和新经济的高接受度，也展现出在数字经济领域的发展雄心。”
1
15 27 15 1 1 0.753
“截至今年6月，中国互联网普及率达到54%，全球不到50%，中国数字经济占到GDP的30%，这些数据都说明，中国有能力推动世界各国共同搭乘互联网和数字经济发展的快车。”邬贺铨表示。
3
15 30 17 1 3 0.296
谈及未来，“共搭快车”的“中国主张”，也让互联网企业家们感受到肩头上沉甸甸的责任。
15 31 17 2 3 0.687
浪潮集团董事长孙丕恕表示：“中国互联网企业要大胆走出去，将中国基于信息化、互联网形成的共享经济模式以及智慧城市、智慧教育、智慧医疗等成熟的中国方案带到世界各国共享，让中国在现代化建设中积累形成的社会文化的优秀成果和发展模式为各国实现社会公平和转型升级提供借鉴，让更多国家的人民深切感受到新技术、新革命带来的普惠式发展的成果。”中国电子科技集团公司董事长熊群力表示，“中国电科愿意与国内外同行一道，加大互联网基础技术和产品的研究开发，创新信息服务的内容和商业模式，积极参与网络空间治理和规则制定，助力‘一带一路’沿线国家信息化建设，推进互联网技术创新成果普惠共享，让互联网带来的福祉为世界人民共享”。
15 32 17 3 3 0.281
（经济日报记者陈静黄鑫吉蕾蕾）
2
17 3 2 1 2 0.602
经济日报-中国经济网12月4日讯由中国国家互联网信息办公室和浙江省人民政府联合主办的第四届“世界互联网大会·乌镇峰会”于2017年12月3日—5日在浙江省乌镇举行，大会以“发展数字经济促进开放共享——携手共建网络空间命运共同体”为主题。
17 4 2 2 2 0.529
在“共享红利：互联网精准扶贫”分论坛上，中国国家互联网信息办公室副主任任贤良表示，国家互联网信息办公室会同国务院扶贫办等部门统筹实施网络扶贫行动，深入推进网络覆盖、农村电商、网络扶智、信息服务、网络公益五大工程，取得明显成效。
1
18 2 2 1 1 0.662
中国网络空间研究院4日上午在乌镇发布的蓝皮书《世界互联网发展报告（2017）》提出，全球移动互联网爆发式扩张正在接近尾声，世界互联网规模增长步入动力转换期，进入从“人人互联”向“万物互联”转变跨越新阶段，人工智能等成为全球科技竞争的新高地，5G、量子通信、卫星通信等新兴技术正在加速到来。
2
21 1 1 1 2 0.267
12月4日，第四届世界互联网大会迎来了论坛议程最为集中的一天。
21 2 1 2 2 0.695
上午，两个重磅蓝皮书《世界互联网发展报告2017》、《中国互联网发展报告2017》在乌镇发布，全面展现世界各国和中国互联网发展现状及未来趋势。
1
21 3 2 1 1 0.753
《世界互联网报告2017》报告指出，全球移动互联网爆发式扩张正在接近尾声，世界互联网连接规模增长步入动力转换期，互联网发展进入从“人人互联”向“万物互联”转变跨越新阶段，人工智能等新兴网络信息技术成为全球科技竞争的新高地，数字经济成为世界各国谋求经济增长的新动能，网络空间成为全球治理体系变革的新领域，智慧社会成为人们生产生活的新社会形态，互联网日益成为你中有我、我中有你的共有文明家园。
2
21 4 3 1 2 0.637
《中国互联网报告2017》则对党的十八大以来我国互联网发展情况进行了全面回顾，是互联网治理中国经验的系统展现。
21 5 3 2 2 0.632
报告指出，中国网民规模全球第一，数字经济规模总量跃居全球第二，网络零售全球居首。
0
1
21 6 4 1 1 0.685
“在两本蓝皮书总论部分，我们还首次设立并发布了世界互联网发展指数指标体系和中国互联网发展指数指标体系，填补了国内外互联网发展综合指标的空白。”报告发布方——中国网络空间研究院方面表示，这是蓝皮书的重要成果和重大创新。
2
21 7 5 1 2 0.622
据悉，在世界互联网发展指数指标体系设定和评估的过程中，中国网络空间研究院设定了基础设施、创新能力、产业发展、网络应用、网络安全、网络治理等六大维度的以及指标，兼顾总量指标和人均指标，对38个世界主要大国和新兴经济体的互联网发展状况进行了综合评估。
21 8 5 2 2 0.474
从结果看，发达经济体的互联网平均发展水平最高，紧随其后的是欧洲和新兴的亚洲国家，拉丁美洲及撒哈拉以南非洲发展中国家和地区也在加大发展力度，其中，美国、中国、韩国、日本、英国分列前五位。
1
22 1 1 1 1 0.634
千龙网乌镇12月4日讯（记者龙娱平）4日，世界互联网大会进入第二天，《世界互联网发展报告2017》和《中国互联网发展报告2017》蓝皮书首次发布，全面呈现世界各国和中国互联网发展现状及未来趋势。
2
22 5 3 1 2 0.454
记者了解到，这是世界互联网大会举办以来，首次面向全球发布互联网领域最新学术研究成果。
22 6 3 2 2 0.707
今后的每届世界互联网大会，都将发布《世界互联网发展报告》和《中国互联网发展报告》，展现当年互联网发展的新理论和新实践、新动向和新趋势。
1
22 7 4 1 1 0.764
《世界互联网发展报告2017》报告指出，全球移动互联网爆发式扩张正在接近尾声，世界互联网连接规模增长步入动力转换期，互联网发展进入从“人人互联”向“万物互联”转变跨越新阶段，人工智能等新兴网络信息技术成为全球科技竞争的新高地，数字经济成为世界各国谋求经济增长的新动能，网络空间成为全球治理体系变革的新领域，智慧社会成为人们生产生活的新社会形态，互联网日益成为你中有我、我中有你的共有文明家园。
1
22 8 5 1 1 0.687
《中国互联网发展报告2017》则对党的十八大以来我国互联网发展情况进行了全面回顾，是互联网治理中国经验的系统展现。
1
22 9 6 1 1 0.685
“此外，在两本蓝皮书总论部分，我们还首次设立并发布了世界互联网发展指数指标体系和中国互联网发展指数指标体系，填补了国内外互联网发展综合指标的空白。”中国网络空间研究院方面表示，这是蓝皮书的重要成果和重大创新。
2
22 10 7 1 2 0.628
在世界互联网发展指数指标体系设定和评估的过程中，中国网络空间研究院设定了基础设施、创新能力、产业发展、网络应用、网络安全、网络治理等六大维度的以及指标，兼顾总量指标和人均指标，对38个世界主要大国和新兴经济体的互联网发展状况进行了综合评估。
22 11 7 2 2 0.484
结果显示，发达经济体的互联网平均发展水平最高，紧随其后的是欧洲和新兴的亚洲国家，拉丁美洲及撒哈拉以南非洲发展中国家和地区也在加大发展力度，其中，美国、中国、韩国、日本、英国分列前五位。
1
24 9 6 1 1 0.673
作为国内规模最大、层次最高的互联网大会，也是全球互联网业界盛况空前的高峰会议，本届大会将围绕“发展数字经济促进开放共享――携手共建网络空间命运共同体”这一主题开展世界性的探讨。
2
25 1 1 1 2 0.617
2017年12月3日-5日，以“发展数字经济、促进开放共享――携手共建网络空间命运共同体”为主题的第四届世界互联网大会在浙江乌镇隆重召开，世界互联网再次进入“乌镇时间”。
25 2 1 2 2 0.316
在乌镇世界互联网大会开幕式中，中央政治局常委、中央书记处书记王沪宁，在现场发表致辞讲话。
2
25 5 3 1 3 0.615
作为全球互联网领域规模最大、层次最高的高峰会议，本届大会充分体现建设网络强国、“互联网+行动计划”等重大战略，全球范围内邀请来自政府、国际组织、企业、技术社群和民间团体的互联网领军人物，围绕数字经济、前沿技术、互联网与社会、网络空间治理和交流合作等五个方面进行探讨交流，设置了分享经济、人工智能、互联网精准扶贫、未成年人网络保护、国际合作等20个分论坛。
25 6 3 2 3 0.058
苹果公司CEO库克受邀首度参会并在开幕式上发表演讲。
2
26 5 3 1 3 0.697
世界互联网大会蓝皮书由《世界互联网发展报告2017》和《中国互联网发展报告2017》两本报告组成，前者侧重国际，后者聚焦国内，内容涵盖国内外信息基础设施、网络信息技术、网络安全、数字经济、电子政务、互联网媒体、网络空间国际治理等互联网发展重点领域，是互为补充的有机整体。
26 6 3 2 3 0.752
其中，《世界互联网发展报告2017》对全球互联网发展情况作了全领域、全景式梳理研究，全面展现全球互联网发展现状和趋势，系统总结世界主要大国和新兴经济体的互联网发展状况和发展特点，是全球互联网发展状况的“小百科全书”。
1
26 7 3 3 3 0.708
《中国互联网发展报告2017》对党的十八大以来我国互联网发展情况进行了全面回顾，对我国互联网未来发展进行了展望，是互联网治理中国经验的系统展现。
0
2
26 8 4 1 2 0.607
《世界互联网发展报告2017》和《中国互联网发展报告2017》。
26 9 4 2 2 0.188
中国青年网记者吴楚摄
2
26 10 5 1 4 0.713
会上首次发布世界互联网发展指数指标体系和中国互联网发展指数指标体系，填补了国内外互联网发展综合指标的空白，是蓝皮书的重要成果和重大创新。
26 11 5 2 4 0.633
两大指标体系充分借鉴全球电子政务发展指数、全球信息通信技术发展指数、全球网络就绪指数等世界认可度较高的指标体系，充分考量总量水平和人均水平。
1
26 12 5 3 4 0.616
其中，世界互联网发展指数指标体系包含基础设施、创新能力、产业发展、网络应用、网络安全、网络治理等六大一级指标，兼顾总量指标和人均指标，首次对38个世界主要大国和新兴经济体的互联网发展状况进行了综合评估比较。
1
26 13 5 4 4 0.695
中国互联网发展指数指标体系从基础设施建设、创新能力、数字经济发展、互联网应用、网络安全和网络管理等六个方面，对全国各省区市互联网发展成效和水平进行科学分析、量化评估，以更全面、科学、客观地反映各地互联网发展现状和全国互联网发展总体态势，对各地进一步推进互联网发展具有重要的指导和参考作用。
0
1
26 15 7 1 1 0.715
中国网络空间研究院院长杨树桢表示，作为世界互联网大会的一项重要成果，《世界互联网发展报告》和《中国互联网发展报告》蓝皮书将在每年大会期间发布，展现当年互联网发展的新理论和新实践、新动向和新趋势。
2
27 1 1 1 2 0.249
2017年12月3日，第四届世界互联网大会如约而至，在风景如画的江南水乡乌镇拉开了帷幕。
27 2 1 2 2 0.637
此次峰会恰逢中共十九大胜利闭幕之后，各国政要、国际组织负责人、互联网领军人物以及众多关注全球网络空间安全与发展的研究者，云集乌镇水乡，共同聆听中国的主张，共同探讨应对和处置全球网络空间发展面临的各项挑战，共同探索建设网络空间命运共同体的方案。
3
27 3 2 1 4 0.347
开幕式上，国家主席习近平发来贺信。
27 4 2 2 4 0.707
这体现了以习近平同志为核心的党中央清晰展示了坚定推进改革开放，促进数字经济发展的战略决心。
27 5 2 3 4 0.646
当前，全球互联网治理体系变革进入关键时期，我们需要同国际社会一道发扬伙伴精神，共同推进发展、维护安全、参与治理、分享成果。
1
27 6 2 4 4 0.228
这种决心得到了广泛认同，开幕式上，多国政要以及苹果公司首席执行官库克、思科首席执行官罗卓克等领军人物出席并发表演讲。
2
27 7 3 1 3 0.624
自创立以来，世界互联网大会矢志不渝地围绕如何推进全球网络空间治理秩序良性变革等重大议题，进行着不懈努力。
27 8 3 2 3 0.573
2014年，习近平就共同构建网络空间命运共同体提出5点主张，为全球所有既希望从信息技术革命中获取前进动力，又希望保持自身合理的安全与发展利益的国家，打开了一个全新的局面，全球网络治理新秩序变革的路径，因此获得了新的选项。
2
27 10 4 1 3 0.606
自20世纪90年代以来，以互联网为代表的信息技术革命在全球范围高歌猛进，不仅催生了全球网络空间，推进了全球经济的数字化转型，也对全球各类行为体的能力提出了全新的挑战。
27 11 4 2 3 0.573
至2017年，全球网络空间已经成为人类生活不可分割的重要组成部分，成为与人们习以为常的传统空间深度嵌入的新空间，成为决定可持续发展能否实现的关键节点，成为推进人类命运共同体形成和发展的重要动力。
3
27 14 5 2 4 0.404
在此过程中，主权国家，尤其是拥有规模和能力优势的大国，理所当然地肩负着特殊的历史使命和国际责任，要以更加积极的方式，提供具有充分代表性、包容性、灵活性的战略性解决方案。
27 15 5 3 4 0.631
中国从国内治理、双边关系、全球体系三个维度作出了自己的选择：在国内紧紧抓住信息技术革命的历史机遇，推进自身发展，建设和完善国家治理能力体系。
27 16 5 4 4 0.451
同时，与美国、俄罗斯、欧盟、金砖成员、东盟等进行积极的交流与建设，管控分歧、推进合作，并努力将由此形成的积极成果通过20国集团、联合国等多边-全球架构，转化成为事实上的国际规范。
1
27 17 6 1 1 0.715
千里之行始于足下，十九大结束之后召开的第四届世界互联网大会向世界展示了中国推进数字经济发展，邀请志同道合的伙伴共同建设网络空间命运共同体的清晰战略构想，在以习近平同志为核心的党中央领导下，中国将为推进全球网络空间治理新秩序的建设作出更大的贡献，乌镇世界互联网大会也将为推进数字经济发展，构建和平、安全、开放、合作的网络空间，建立多边、民主、透明的国际互联网治理体系，提供更多的智慧和解决方案。
3
30 3 1 3 6 0.346
12月3日至5日，由中国国家互联网信息办公室和浙江省人民政府联合主办的第四届“世界互联网大会·乌镇峰会”在浙江乌镇举办。
30 4 1 4 6 0.737
本届世界互联网大会的主题是“发展数字经济促进开放共享——携手共建网络空间命运共同体”。
30 5 1 5 6 0.338
大会精心设置了20个分论坛，“互联网之光博览会”汇集了400余家全球知名的互联网企业和创新型企业。
2
30 7 2 1 7 0.626
网络改变世界，科技成就未来。
30 8 2 2 7 0.703
随着互联网的普及与发展，互联网日益成为创新驱动发展的先导力量。
1
30 9 2 3 7 0.45
回顾互联网登陆中国20多年，中国从被动接受者、跟进者成为引领者，互联网也深刻改变着中国，影响着中国。
2
30 14 3 1 5 0.824
我们强调发展数字经济，是全面发展互联网的内在需求。
30 15 3 2 5 0.839
当前，发展数字经济已成为全球共识。
1
30 16 3 3 5 0.728
德国发布《数字化战略2025》，英国出台《数字经济战略（2015-2018）》，日本提出建设“超智能社会”……未来的经济繁荣很大程度上将由数字经济来驱动，由此必然创造新的赢家，重绘竞争图景。
1
30 17 3 4 5 0.553
纵观我国的发展，当前，光缆线路总长已达3041万公里，全球第一；5年来通讯基础设施投入超2万亿元，固定带宽已覆盖全国所有城市、乡镇和95%的行政村；数字经济总量跃居全球第二，一批世界级互联网企业重塑创新格局，成为名副其实的网络大国。
3
30 23 5 2 4 0.371
对于当今世界来说，互联网让世界变成了地球村。
30 24 5 3 4 0.724
唯有通过“发展数字经济促进开放共享”，通过国际社会共同抵御网络危险，共同构建和谐的网络安全，社会才会进步，互联网产业才会健康发展。
30 25 5 4 4 0.59
我们之所以强调“发展数字经济促进开放共享——携手共建网络空间命运共同体”，并非独善其身，更不是应对网络安全挑战的权益之计，而是致力于互利共赢，为构建网络空间的命运共同体做基石。
3
30 27 6 2 4 0.558
诚然，互联网让世界各国变成一家人，我们唯有共同构建多边、民主、透明的国际互联网治理体系，才能为网络安全注入强劲正能量，让互联网更好地造福全世界。
30 28 6 3 4 0.726
唯有坚定“发展数字经济促进开放共享——携手共建网络空间命运共同体”的理念，网络治理的中国智慧和中国方案才会在世界得到回响和呼应。
30 29 6 4 4 0.33
中国和世界收获的，才不仅是产业的往来，还有人心的沟通；不仅是设施的链接，更有文明的交融。
1
33 7 2 1 1 0.724
习近平指出，当前，以信息技术为代表的新一轮科技和产业革命正在萌发，为经济社会发展注入了强劲动力，同时，互联网发展也给世界各国主权、安全、发展利益带来许多新的挑战。
2
33 8 3 1 2 0.67
对于当前互联网发展形势，习近平给出了清醒的判断：全球互联网治理体系变革进入关键时期，构建网络空间命运共同体日益成为国际社会的广泛共识。
33 9 3 2 2 0.488
这也是习近平第三次在世界互联网大会这个场合提出“构建网络空间命运共同体”。
1
33 13 7 1 1 0.659
“五点主张”是：加快全球网络基础设施建设，促进互联互通；打造网上文化交流共享平台，促进交流互鉴；推动网络经济创新发展，促进共同繁荣；保障网络安全，促进有序发展；构建互联网治理体系，促进公平正义。
2
33 14 8 1 2 0.627
习近平介绍了十九大对中国互联网发展的规划。
33 15 8 2 2 0.796
他指出，中共十九大制定了新时代中国特色社会主义的行动纲领和发展蓝图，提出要建设网络强国、数字中国、智慧社会，推动互联网、大数据、人工智能和实体经济深度融合，发展数字经济、共享经济，培育新增长点、形成新动能。
0
1
33 16 9 1 1 0.742
“中国数字经济发展将进入快车道。”对于中国互联网发展，习近平给出了他的预期。
3
33 17 10 1 3 0.501
中国是世界上最大的互联网市场。
33 18 10 2 3 0.773
习近平指出，中国希望通过自己的努力，推动世界各国共同搭乘互联网和数字经济发展的快车。
33 19 10 3 3 0.211
习近平向世界承诺：“中国对外开放的大门不会关闭，只会越开越大。”
2
33 20 11 1 2 0.712
本届大会以“发展数字经济促进开放共享——携手共建网络空间命运共同体”为主题。
33 21 11 2 2 0.719
习近平在贺信的结尾提出了一个希望：希望大家集思广益、增进共识，深化互联网和数字经济交流合作，让互联网发展成果更好造福世界各国人民。
0
2
35 3 2 1 2 0.626
据中国网络空间研究院院长杨树桢介绍，在两本蓝皮书总论部分，首次设立并发布了世界互联网发展指数指标体系，填补了国内外互联网发展综合指标的空白。
35 4 2 2 2 0.44
这是蓝皮书的重要成果和重大创新。
2
35 5 3 1 4 0.616
杨树桢表示，在世界互联网发展指数指标体系设定和评估过程中，我们设定了基础设施、创新能力、产业发展、网络应用、网络安全、网络治理等六大维度的一级指标，兼顾总量指标和人均指标，对38个世界主要大国和新兴经济体的互联网发展状况进行了综合评估比较。
35 6 3 2 4 0.537
从本次评估结果看，发达经济体的互联网平均发展水平最高，紧随其后的是欧洲和新兴的亚洲国家，拉丁美洲以及撒哈拉以南非洲发展中国家和地区也在加大发展力度。
2
37 7 3 1 4 0.638
他认为，过去的一年数字经济目前已经成为发展最快、创新最活跃、辐射最广的经济活动。
37 8 3 2 4 0.273
在全球市值最大的十家公司里面，七家是科技公司。
2
37 13 5 1 2 0.619
马化腾认为，数字经济和实体经济的关系是融合而不是互相替代，以互联网为代表的数字技术将帮助线上线下打通成为一体。
37 14 5 2 2 0.465
过去我们说互联网企业是解决个人用户的痛点，未来则希望互联网企业给各行各业进行赋能，来解决传统企业的痛点。
3
37 17 7 1 3 0.44
互联网企业的第三大责任是“治理”。
37 18 7 2 3 0.619
以互联网为基础的数字平台发挥着新型基础设施的作用，互联网公司需要贡献技术方案，更好地参与到社会治理中，构建起“网络空间命运共同体”。
37 19 7 3 3 0.381
马化腾说：“目前这个‘命运共同体’中出现的各种新问题，涉及法律、道德、技术、文化等方方面面，不是任何一家公司或组织可以凭借一己之力就能够完全解决和应对，需要各国政府、行业合作伙伴以及社会各界一起探索，进行共建、共治。”
2
37 25 10 1 2 0.7
马化腾：今年大会的主题是“发展数字经济促进开放共享——携手共建网络空间命运共同体”。
37 26 10 2 2 0.362
可以看到，过去的一年数字经济已经成为发展最快、创新最活跃、辐射最广的经济活动，全球主要的科技和互联网公司都可以说站在了这个风口上，获得了高速的发展，仅仅在最近的这一年时间里，我们看到全球市值最大的十家公司里有七家是科技公司，这七家里面又有五家是互联网公司，但是当外面掌声越热烈的时候，我们需要更加清醒地认识到自己身上的责任。
1
37 33 12 1 1 0.712
台促进文化创意产业的发展，未来更多的科技和文化产品将通过数字丝绸之路走向世界。
3
37 36 14 1 5 0.142
马化腾：第二是赋能。
37 37 14 2 5 0.616
数字经济和实体经济的关系它是融合而不是互相替代，以互联网为代表的数字技术将帮助线上线下打通成为一体。
37 38 14 3 5 0.428
所以，过去如果我们说互联网企业是解决个人用户的痛点，未来将来希望互联网企业给各行各业进行赋能，来解决传统企业的痛点。
3
37 44 16 2 4 0.409
以互联网为基础的数字平台，正在从多用户平台变成全用户平台，就好像水、电等基础设施一样，成为今天人类社会所有个人和组织的基本的需求，这将对互联网公司的业务模式、内部组织形态以及它的企业责任都提出了新的要求。
37 45 16 3 4 0.621
这一次的世界互联网大会强调，希望为全球互联网的治理贡献中国力量向世界呈现“共建网络空间命运共同体”的中国方案。
37 46 16 4 4 0.236
目前这个“命运共同体”中出现的各种新问题涉及法律、道德、技术、文化等方方面面，不是任何一个公司或者是一个组织可以凭借一己之力就可以解决的，需要
3
38 1 1 1 5 0.245
12月3日，第四届“世界互联网大会·乌镇峰会”在浙江省乌镇拉开帷幕。
38 2 1 2 5 0.816
本届大会以“发展数字经济促进开放共享——携手共建网络空间命运共同体”为主题，充分反映了目前全球经济的发展趋势和各国发展诉求。
38 3 1 3 5 0.534
大会开幕当天，受邀来自各国政府、国际组织、企业、技术社群和民间团体的互联网领军人物，围绕数字经济、前沿技术等主题进行了广泛交流。
2
38 4 1 4 5 0.722
各界普遍认为，互联网的广泛使用，使得数字经济蓬勃发展。
38 5 1 5 5 0.725
未来，随着人工智能、物联网等新技术的大规模应用，数字经济不但会成长为潜力巨大的新兴产业，还会成为全球经济发展的新动能。
0
2
38 7 2 2 3 0.449
由中国主导的全球互联网盛会，从首届的“互联互通·共享共治”，到第二届的“互联互通·共享共治——构建网络空间命运共同体”，再到第三届的“创新驱动造福人类——携手共建网络空间命运共同体”，可以说，是从发出“中国声音”到分享“中国经验”的过程。
38 8 2 3 3 0.768
而本届大会的主题“发展数字经济促进开放共享——携手共建网络空间命运共同体”，则被各国参会者一致认为，是互联网和经济发展的方向，同时也是对互联网发展中国经验的最好总结。
2
38 9 3 1 3 0.651
多位世界互联网产业界和学界的大咖在大会期间公开表示，世界互联网大会的背后，是中国互联网从消费者互联网时代到产业互联网的转型，更是中国受益于互联网经济后，下决心引领世界互联网发展的强大自信。
38 10 3 2 3 0.437
中国的互联网已经和世界发达国家站在同一起跑线，某些领域还领先于世界并拥有更大的优势。
1
38 11 3 3 3 0.623
世界互联网大会让全球各界人士有机会相聚在一起分享中国的互联网发展经验。
1
38 12 4 1 1 0.765
美团点评CEO王兴向《经济参考报》记者表示，中国的互联网和实体经济融合，让人切身感受到新旧动能转换，这是新时代中国数字经济发展的领先经验，对全球经济发展非常有借鉴意义。
2
38 13 5 1 3 0.762
中欧数字经济协会主席鲁乙己认为，中国发展互联网和数字经济的优势很大程度上源于中国政府高效的行政效率，能够及时做出决策。
38 14 5 2 3 0.595
“在中国，政府主导在农村地区部署统一的光纤网络，并向所有电信运营商开放，是中国在数字经济领域的最佳实践，这种模式也将被复制到全球。”鲁乙己表示，中国能够借世界互联网大会的平台，向世界传达在解决数字鸿沟问题上的先进做法。
2
38 16 6 1 2 0.801
本届大会上，各界人士均对数字经济发展前景寄予厚望，认为聚焦数字经济发展，既是对信息化的迎合和推动，也能产生促进经济转型升级和持续发展的内生力。
38 17 6 2 2 0.819
事实上，发展数字经济已成为全球共识。
0
2
38 18 7 1 2 0.624
目前，我国数字经济发展势头良好，2016年，我国网民达到7.5亿，数字经济规模达到22.4万亿元，占GDP的比重达到30.1%，电子商务的交易额达到26万亿元，网络零售年均增长30%。
38 19 7 2 2 0.579
与此同时，大数据、云计算、人工智能、共享经济等新技术和新业态不断涌现，不但创造出新的产业和经济增长点，还使我们的日常生活变得更加便捷和丰富多彩。
2
38 20 8 1 2 0.826
毫无疑问，数字经济已成为中国经济发展的新动能，其发展模式也为世界提供了“中国样板”。
38 21 8 2 2 0.639
目前，我国已经出台了信息化发展战略纲要、“宽带中国”战略、“互联网+”行动等一系列重大政策和措施，并积极布局了大数据、云计算、物联网、5G、人工智能、机器人等产业，同时完善和宽松的政策环境和产业生态还培育了一大批具有国际竞争力的互联网和科技企业，这些都为我国数字经济的持续健康发展奠定了基础。
0
2
38 22 9 1 2 0.675
爱彼迎联合创始人、首席战略官及中国区主席内森·布兰查兹克(NathanBlecharczyk)向《经济参考报》记者表示，中国对数字经济的高度重视和开放支持的态度，鼓励了互联网及数字经济行业和企业的积极创新，使得中国一直走在世界先列。
38 23 9 2 2 0.761
中国的数字经济和共享经济产业为中国经济增长注入了新动能，也对中国的社会发展发挥了众多积极作用，其产生的经济价值和社会效益惠及民众，这在全世界都有目共睹。
0
2
38 24 10 1 2 0.653
国务院参事、中国与全球化智库理事长兼主任王辉耀认为，“在数字经济领域，中国应该有所为，而且是大有可为。”他认为，在数字经济领域，中国取得了很大的成就，伴随着“一带一路”倡议、构建eWTP全球电子商务平台倡议的不断推进，应该让中国智慧走出去。
38 25 10 2 2 0.686
可以通过共建共享互联网“一带一路”智能制造平台和共享平台，以及推进跨境电商发展等方式，促进各国数字经济的共同繁荣和发展。
0
1
38 26 11 1 1 0.766
大会期间，各界还就互联网和数字经济的发展前景达成共识，认为中国数字发展正在进入快车道，数字经济也正在向以大数据、人工智能等新一代信息技术为基础、以海量数据互联和应用为核心的方向发展，随着互联网、物联网把数据资源融入产业创新和升级的各个环节，社会生活和经济发展也将随之迎来巨大变革。
3
38 37 14 1 5 0.266
进入大规模应用期的还有新一代互联网。
38 38 14 2 5 0.698
11月26日，中共中央办公厅、国务院办公厅印发了《推进互联网协议第六版(IPv6)规模部署行动计划》，提出用5到10年时间，形成下一代互联网自主技术体系和产业生态，建成全球最大规模的IPv6商业应用网络，实现下一代互联网在经济社会各领域深度融合应用，成为全球下一代互联网发展的重要主导力量。
38 39 14 3 5 0.577
中国工程院院士邬贺铨向《经济参考报》记者表示，随着IPv6的部署，我国下一代互联网建设将正式启动，并逐渐提速。
2
38 40 14 4 5 0.549
届时，我国的网络基础设施水平有望大幅提升，并处于世界领先。
38 41 14 5 5 0.603
这不仅会大大促进互联网产业的发展，还将为车联网、物联网、工业互联网、云计算、大数据、人工智能等产业的发展奠定网络基础，进而推动全行业的快速成长。
2
38 42 15 1 2 0.69
对于各类新技术的应用前景，浪潮集团董事长兼CEO孙丕恕向《经济参考报》记者表示，数字经济发展正在从IT(InformationTechnology)朝“新IT”(IntelligenceTechnology)发展，以人工智能为代表的智能化，正不断延伸其技术应用广度、拓展技术突破深度并不断增强技术落地的速度，推动传统社会及商业运行模式发生裂变，激发各行业、各领域智能化场景构建，加深技术与社会、商业及个体的智能化融合。
38 43 15 2 2 0.041
记者侯云龙北京报道
1
39 6 5 1 1 0.692
“当前，以信息技术为代表的新一轮科技和产业革命正在萌发，为经济社会发展注入了强劲动力，同时，互联网发展也给世界各国主权、安全、发展利益带来许多新的挑战。”在贺信中，习近平主席对世界互联网发展形势的深刻洞悉和判断，获得了中外与会嘉宾、业内人士的高度认同。
1
39 7 6 1 1 0.746
“2016年，我国数字经济规模超过22万亿元人民币，总量跃居全球第二，占GDP比重超过30%。”听完习近平主席的贺信，北京邮电大学经济管理学院副院长杨学成深有感触地说：“我们看到，互联网自身的发展正在改造整个传统产业，我们迎来了数字、数据、信息技术的新时代，跟经济、社会、治理等方方面面深度融合，伴随着物联网、人工智能的发展，技术对传统领域的改革正在加速。”
1
39 8 7 1 1 0.7
互联网在飞速发展的同时，也给世界各国主权、安全、发展利益带来许多新的挑战，习近平主席在贺信中作出判断，“全球互联网治理体系变革进入关键时期”。
1
39 10 9 1 1 0.795
习近平主席在贺信中提出，“中共十九大制定了新时代中国特色社会主义的行动纲领和发展蓝图，提出要建设网络强国、数字中国、智慧社会，推动互联网、大数据、人工智能和实体经济深度融合，发展数字经济、共享经济，培育新增长点、形成新动能。”
1
39 13 11 1 1 0.686
从移动支付、电子商务，到共享单车、快递送餐……数字经济、共享经济不仅为中国百姓的生活带来更多便利，也为世界经济发展注入新动力。
2
39 14 12 1 2 0.412
美团点评CEO王兴说，我们确实感受到互联网和实体经济深度融合所焕发出的新活力，感受到新旧动能的接续转换。
39 15 12 2 2 0.78
这是新时代中国数字经济发展的领先经验，对全球经济发展也非常有借鉴意义。
1
39 16 13 1 1 0.698
“从习近平主席的贺信中我看到中国发展数字经济和共享经济的决心和举措，令人振奋。”Airbnb爱彼迎联合创始人、首席战略官及中国区主席内森·布莱查奇克说，中国从国家领导人到各级政府所持有的这种开放和扶持的态度，鼓励了互联网及数字经济行业和企业的积极创新，使得中国一直走在世界前列，也增强了我们加大在华投资信心，为我们深耕中国市场提供了机遇和保障。
1
39 17 14 1 1 0.764
“习近平主席说中国数字经济发展将进入快车道，这对我们既是机遇，也是责任。”中国电子科技集团公司总经理刘烈宏说，我们希望企业之间能够联合起来建立行业自律规范，推动数字经济法律法规建设和完善，为打造支撑数字经济健康发展的良好环境共同努力。
1
39 18 15 1 1 0.638
“作为原创的共享经济模式，摩拜单车目前已进入全球12个国家、200个城市，展现了中国经济蓬勃发展的创新活力。正是得益于国内开放、包容的政策环境，我们才能够根植国内，走向世界。”摩拜单车联合创始人兼CEO王晓峰说：“习近平主席指出，‘中国对外开放的大门不会关闭，只会越开越大’，这为我们今后的发展注入了一剂强心针。共享经济已经成为未来全球经济增长点，我们将抓住这一机遇，让更多人加入简约、绿色、低碳的出行生活方式，享受数字经济发展带来的便利。”
1
39 19 16 1 1 0.753
习近平主席在贺信中希望大家集思广益、增进共识，深化互联网和数字经济交流合作，让互联网发展成果更好造福世界各国人民。
1
39 20 17 1 1 0.621
中国网络空间战略研究所所长秦安说：“要实现这一美好愿景，我们必须理解构建网络空间命运共同体的深刻内涵，把握数字经济的发展趋势，才能让更多人在共享互联网发展成果上拥有更多获得感。”
1
39 22 19 1 1 0.712
“中国希望通过自己的努力，推动世界各国共同搭乘互联网和数字经济发展的快车。在本届世界互联网大会之后，我们希望泰国能沿着数字‘丝绸之路’，与中国一道共享互联网发展的成果和幸福。”泰国立法会秘书长万洛比埃·翁哥欧对此充满信心。
3
40 1 1 1 3 0.245
海外网12月4日电第四届世界互联网大会3日在浙江乌镇举行开幕式。
40 2 1 2 3 0.603
本届大会主题为“发展数字经济促进开放共享——携手共建网络空间命运共同体”，全球80多个国家和地区的1500余位嘉宾齐聚一堂，将在乌镇向全球发出互联网的“好声音”。
40 3 1 3 3 0.5
中共中央总书记、中国国家主席习近平为第四届世界互联网大会发来贺信。
2
40 5 3 1 3 0.659
美国《世界日报》盛赞中国互联网产业的发展。
40 6 3 2 3 0.605
文章称，中国改革开放后，创造出许多世人意想不到的奇迹，互联网产业的发展是其一。
1
40 7 3 3 3 0.104
1987年，中国第一封跨国电子邮件从北京发至德国卡尔斯鲁厄理工学院（KIT）的一部电脑上，信的内容是分别用英文和德文写着“越过长城，走向世界”。
2
42 3 2 1 2 0.724
12月3日，习近平主席在第四届世界互联网大会的贺信中再次提出，中国将建设网络强国、数字中国、智慧社会，推动互联网、大数据、人工智能和实体经济深度融合。
42 4 2 2 2 0.352
此前，中国国家领导人就曾在不同场合多次强调要建设网络强国。
3
42 8 4 1 3 0.479
人类社会已经进入了网络社会，网络不仅成为我们生活不可或缺的一部分，也是主要大国展示竞争力和影响力的重要领域。
42 9 4 2 3 0.812
建立网络强国的意义不仅仅在网络本身，从经济发展角度来看，网络经济、数字经济、共享经济等新的经济变革将会极大的促进生产力的发展，代表了未来全球经济发展的方向。
42 10 4 3 3 0.35
在这一领域，中国的腾讯、阿里巴巴、百度等互联网企业已经扩大了自身的全球影响力，其中腾讯的市值已经超过5000亿美金，并一度超过了美国的脸谱公司，甚至超越了很多国家的国民生产总值。
2
42 15 6 1 3 0.618
自网络强国目标提出以来，中国网络安全与信息化事业的发展目标更加清晰，规划更加明确，围绕着网络强国的顶层设计也开始逐步建立。
42 16 6 2 3 0.48
特别是围绕着基础技术、通用技术；非对称技术、“杀手锏”技术；前沿技术、颠覆性技术这三类核心技术逐步加大资源投入和人才培养，逐渐开始取得突破。
2
42 20 8 1 2 0.617
世界互联网大会已经举办四届，成为了全球网络治理领域的盛会，来自全球负责网络事务的重要政府官员、互联网企业领袖、网络技术专家和智库领袖汇聚乌镇，就网络空间的重要事件和未来发展趋势开展交流和讨论。
42 21 8 2 2 0.507
会议在每年结束之后还会发布《世界互联网发展报告》，已经成为全球各界关注网络事务的人必须阅读和参考的重要文件。
2
42 22 9 1 4 0.736
今年的世界互联网大会主题为“发展数字经济，促进开放共享——携手共建网络空间命运共同体”。
42 23 9 2 4 0.743
大会主题不仅抓住了数字经济这一建设网络强国的基础，并且提出要通过发展数字经济，在开放、共享的基础之上，更好的推动全球经济的深化合作，从而建立网络空间的命运共同体。
1
42 24 9 3 4 0.679
这些关键词引起了各国与会嘉宾的积极评价，认为中国不仅在数字经济领域具有很强的实力和影响力，并且有意愿通过合作来进一步推动全球经济的开放发展。
1
42 25 9 4 4 0.381
这对于当前逆全球化潮流盛行无疑是一剂良药，同时也向世界表明，中国的经济发展将会继续走在开放的道路上，“开放的大门不会关闭，只会越开越大。”
2
43 3 2 1 2 0.263
12月3日，第四届世界互联网大会在浙江省乌镇开幕。
43 4 2 2 2 0.669
本次大会以“发展数字经济促进开放共享——携手共建网络空间命运共同体”为主题，为期3天。
3
43 6 3 2 5 0.193
此外，苹果公司CEO库克、思科、微软、IBM等海外嘉宾也参与了此次大会。
43 7 3 3 5 0.608
围绕人工智能、数字经济、网络空间治理等重大议题，与会嘉宾积极讨论，碰撞出思想火花。
43 8 3 4 5 0.376
对于人工智能，大部分嘉宾都持乐观的态度，认为技术终将为人类造福。
1
43 9 3 5 5 0.693
以人工智能为代表的创新，将在未来的几十年当中不断推动数字经济的发展。
3
43 20 9 1 3 0.327
此前高调宣布ALLIN（全面布局）人工智能的百度，今年峰会上也提出了新的思考。
43 21 9 2 3 0.682
百度董事局主席李彦宏认为，以人工智能为代表的创新，会在未来的几十年当中不断推动数字经济的发展。
43 22 9 3 3 0.316
具体有三个方面：第一个是算法，人工智能尤其是机器学习的算法在过去几年迅速发展；第二个是算力，计算的成本在不断下降，今天的算力已经到达了临界点，可以使得很多的人工智能变成实际；第三个是数据，中国7.5亿的网民产生庞大的数据集，会进一步推动算法的不断创新以及对算力提出更新的要求。
2
43 25 12 1 3 0.738
谈及数字经济与实体经济的关系，马化腾认为两者应该是融合，而不是替代，腾讯通过开放数字技术，赋能各行各业，推动数字经济深入发展。
43 26 12 2 3 0.458
他表示，需要通过智慧连接帮助各行各业实现数字化转型升级。
1
43 32 16 1 1 0.679
腾讯董事会主席兼首席执行官马化腾：数字经济目前已经成为发展最快、创新最活跃、辐射最广的经济活动。
1
43 33 17 1 1 0.691
百度董事局主席李彦宏：以人工智能为代表的创新，会在未来的几十年当中不断推动数字经济的发展。
1
43 35 19 1 1 0.736
Airbnb爱彼迎联合创始人、首席战略官及中国区负责人NathanBlecharczyk：中国的数字经济和共享经济产业为中国经济增长注入了新动能。
3
45 1 1 1 3 0.003
白墙黛瓦，拱桥小巷，古韵悠悠。
45 2 1 2 3 0.656
以“发展数字经济促进开放共享——携手共建网络空间命运共同体”为主题，第四届世界互联网大会在浙江乌镇拉开帷幕。
45 3 1 3 3 0.414
千年京杭大运河在小镇边平静流淌，网络的数据流、信息流却是奔腾激荡，古老与现代、历史与未来，在这里交汇成数字中国的一个缩影。
1
45 4 2 1 1 0.747
“全球互联网治理体系变革进入关键时期，构建网络空间命运共同体日益成为国际社会的广泛共识。”“中国希望通过自己的努力，推动世界各国共同搭乘互联网和数字经济发展的快车。”在致第四届世界互联网大会的贺信中，习近平主席深刻洞察互联网发展趋势，着眼携手共建网络命运共同体，表达了中国以开放姿态推动数字经济发展的坚定决心，赢得与会嘉宾高度认同，引发国际社会广泛关注。
3
45 11 4 2 5 0.532
农业经济时代，丝绸之路上的驼队往来欧亚要花上数年，路漫漫其修远兮；数字经济时代，一条正在筹划中的“数字丝绸之路”，能让要素在“弹指一挥间”完成流动。
45 12 4 3 5 0.807
从G20杭州峰会制定《二十国集团数字经济发展与合作倡议》到本次大会形成《“一带一路”数字经济国际倡议》，中国不断向世界发出深化互联网与数字经济交流合作的新邀约。
45 13 4 4 5 0.665
党的十九大报中出现“网络强国、数字中国、智慧社会”等关键词，并提出推动互联网、大数据、人工智能和实体经济深度融合，培育新增长点、形成新动能。
1
45 14 4 5 5 0.799
展望未来，中国数字经济发展将进入快车道，也必将在全球范围创造更多发展机遇。
0
3
45 16 5 2 5 0.472
现实中，很多中国乡村一步跨入移动互联网时代，电商下乡成为精准脱贫的重要抓手，“地无三里平”的贵州成长为世界级大数据中心。
45 17 5 3 5 0.721
数字经济，修正了传统意义上的经济地理区位概念。
45 18 5 4 5 0.327
但数字红利的另一面也可能是数字鸿沟，我们不能忘记，目前全球仍有超过一半的人口无法使用互联网。
3
45 21 6 2 4 0.57
环顾寰宇，既要促进互联互通，让更多国家与地区能够平等参与数字经济，共享数字红利；也要消除沉默的数据、打破信息的孤岛，让互联网更好服务实体经济，让数据资源的价值充分涌流。
45 22 6 3 4 0.725
进而言之，由于需要高度协同，数字经济堪称优化全球互联网治理的突破口。
45 23 6 4 4 0.641
能否探索跨境电商领域的信息共享和互信互认机制？怎样推动数字经济时代的国际标准化合作？如何在敞开发展大门的同时守好治理的关口？真正做到发展共同推进、安全共同维护、治理共同参与、成果共同分享，人类社会才能畅享数字红利。
0
2
45 24 7 1 2 0.231
“中国对外开放的大门不会关闭，只会越开越大。”30年前，中国发出一封“越过长城，走向世界”的电子邮件，昭示了走向开放、拥抱寰宇的初心。
45 25 7 2 2 0.628
今天，当中国邀请全世界共谋互联网更加开放共享的未来，更彰显着以数字经济造福世界的决心：建设网络命运共同体没有旁观者，携手同行才能共创美好未来。
2
47 1 1 1 2 0.631
【环球时报综合报道】“发展数字经济，促进开放共享——携手共建网络空间命运共同体”，3日，以此为主题的第四届世界互联网大会在浙江乌镇开幕。
47 2 1 2 2 0.377
既有国家领导人对网络空间治理的宏观论述，又有企业精英“未来要把机器变成人”VS“更担心人变得像机器”的“水乡论剑”，乌镇这个江南水乡再次成为世界互联网的焦点。
2
47 18 5 5 6 0.169
中国人每天用智能手机支付，在欧洲是不可能的。
47 19 5 6 6 0.748
中国互联网公司正在给德国提供“数字发展援助”。
2
47 20 6 1 2 0.748
在沙特通信和信息技术部副大臣穆罕默德·曼舍卡看来，中国的数字经济发展速度快，对世界经济格局的改变也具有示范效应。
47 21 6 2 2 0.54
中国作为G20成员国，秉承着合作开放的态度与其他国家合作，在加强互联互通的同时，也在推进网络安全体系的构建。
3
47 25 8 2 4 0.076
而在30年后的今天，大陆使用手机上网用户已突破11亿，居世界第一。
47 26 8 3 4 0.636
数字经济总量跃居全球第二，已成为名副其实的网络大国。
47 27 8 4 4 0.502
大陆目前正在加紧从“网络大国”转变成“网络强国”，一字之变，预示着中国互联网发展进入全新的时代。
3
48 1 1 1 3 0.249
第四届世界互联网大会12月3日在浙江乌镇开幕。
48 2 1 2 3 0.72
本届大会主题为“发展数字经济促进开放共享——携手共建网络空间命运共同体”。
48 3 1 3 3 0.49
本次大会是党的十九大胜利闭幕后在中国举行的一场重要国际会议，也将是集中展示当今世界互联网最新发展趋势和前沿技术的一次盛会。
2
48 5 3 1 4 0.69
事实毋容置疑地显示：全球正步入一个前景无限的数字经济时代。
48 6 3 2 4 0.23
从人们的消费购物到交通、饮食，再到物流、旅游、社交、金融、办公，如今都可以互联网化或者说数字化了。
2
48 9 4 1 2 0.739
数字经济正在改变着我们的日常生产生活方式，带来了人类生存方式的巨大嬗变；数字经济的迅猛发展也给世界经济带来了新的发展机遇，成为世界经济增长的倍增器和新引擎。
48 10 4 2 2 0.732
只有充分认识和把握数字经济的本质、规律和发展趋势，紧紧抓住数字经济发展的大机遇，我们才能在瞬息万变的信息时代浪潮中站立潮头，迎接更加美好的数字未来。
0
3
48 11 5 1 6 0.525
20世纪下半叶信息技术的发展和互联网的发明到应用，成为当代创新最活跃、交叉最密集、渗透性最广的领域。
48 12 5 2 6 0.656
2008年世界金融危机爆发之后，世界经济在深度调整中曲折复苏，处于新旧增长动能转换的关键时期，世界各国都在寻求新的发展动力。
48 13 5 3 6 0.497
大数据、人工智能、虚拟现实、区块链等数字技术的兴起为人们带来了希望。
2
48 14 5 4 6 0.75
数字经济作为发展最迅速、创新最活跃、辐射最广泛的经济活动，正在成为全球经济增长的新动能和新引擎，成为世界各国面向未来的战略选择，成为世界各国寻求可持续发展的重要机遇。
48 15 5 5 6 0.739
在2016年9月，二十国集团（G20）领导人杭州峰会首次提出全球性的《二十国集团数字经济发展与合作倡议》，标志着发展数字经济已成为全球共识。
1
48 16 5 6 6 0.769
数字经济正在并还将日益改变着资源要素的配置方式和经济发展的观念，成就着后工业时代社会文明发展的全新经济形态。
0
2
48 17 6 1 4 0.765
党的十八大以来，以习近平同志为核心的党中央始终站在新技术革命的潮头，顺应信息技术革命的新浪潮，紧跟数字经济发展的大趋势，大力促进数字经济在中国的加快发展。
48 18 6 2 4 0.823
发展数字经济也从理念不断落实到国家发展的行动议程和发展战略中。
1
48 19 6 3 4 0.731
2015年至今，中国先后出台了《中国制造2025》、《促进大数据发展行动纲要》、《国家信息化发展战略纲要》、“互联网+”行动方案等，为数字经济的发展提供了完整的政策、技术等各方面的保障，在我国“十三五”规划中又将“拓展网络经济空间”作为国家的战略发展目标。
1
48 20 6 4 4 0.67
党的十九大报告进一步明确要建设网络强国、数字中国和智慧社会，推动互联网、大数据、人工智能和实体经济深度融合，加强信息、物流等基础设施网络建设的目标。
0
1
48 21 7 1 1 0.72
数字经济也正在成为我国创新经济发展方式、推进供给侧结构性改革、实现经济发展方式的根本性转变的新经济动能，在引领经济增长从低起点高速追赶走向高水平稳健超越、供给结构从中低端增量扩能走向中高端供给优化、动力引擎从密集的要素投入走向持续的创新驱动、技术产业从模仿式跟跑并跑走向自主型并跑领跑全面转型、构建信息时代国家竞争新优势的重要先导力量。
2
48 25 9 1 3 0.755
更加可喜的是，中国乌镇已成为世界互联网和数字经济发展的风向标。
48 26 9 2 3 0.468
每一届论坛有明确的定位和时代发展主题。
1
48 27 9 3 3 0.669
本届峰会关注涉及数字经济、前沿技术、互联网与社会、网络空间治理、交流合作等前沿热点问题，经过各方面的智慧碰撞，可以预期这将进一步推动互联网全面、健康、持续、安全、文明地生存、发展，进一步惠及本国和世界各国人民，开启新时代世界互联网生存、发展宽阔之路。
2
49 1 1 1 4 0.669
第四届世界互联网大会昨日在浙江乌镇开幕，主题为“发展数字经济促进开放共享——携手共建网络空间命运共同体”。
49 2 1 2 4 0.617
国家主席习近平发来贺信，向大会的召开致以热烈的祝贺，向出席会议的各国代表、国际机构负责人和专家学者、企业家等各界人士表示诚挚的欢迎，希望大家集思广益、增进共识，深化互联网和数字经济交流合作，让互联网发展成果更好造福世界各国人民。
1
49 3 1 3 4 0.42
来自五大洲80多个国家和地区的1500位嘉宾云集乌镇，400余家知名互联网企业和创新型企业在“互联网之光”博览会上展示最新的发展趋势和前沿技术。
2
50 1 1 1 2 0.626
以“发展数字经济促进开放共享”为主题的第四届世界互联网大会于12月3日在浙江乌镇开幕。
50 2 1 2 2 0.387
作为下一代互联网的关键技术，AI成为今年互联网大佬论剑的重点，如何正确看待AI？该通过什么渠道实现AI？目前互联网从业者在AI领域已取得哪些建树？这些均被业界聚焦。
2
51 2 2 1 2 0.737
本届世界互联网大会的主题是“发展数字经济促进开放共享——携手共建网络空间命运共同体”。
51 3 2 2 2 0.32
来自世界五大洲的嘉宾带着关于互联网的经历和思考齐聚中国江南水乡乌镇。
2
51 4 3 1 2 0.765
习近平主席在贺信中提出，中国数字经济发展将进入快车道。
51 5 3 2 2 0.762
中国希望通过自己的努力，推动世界各国共同搭乘互联网和数字经济发展的快车。
0
1
51 6 4 1 1 0.786
中欧数字协会主席鲁乙己说，中国大力发展数字经济和分享经济，培育新的增长点，形成新动能，这是对中国经济的驱动力，也是对世界经济的驱动力。
1
51 7 5 1 1 0.65
习近平主席在贺信中还提到，全球互联网治理体系变革进入关键时期，构建网络空间命运共同体日益成为国际社会的广泛共识。
2
51 8 6 1 2 0.376
北美最大的独立影视剧内容发行商美国赛点数字集团CEO克里斯·麦格尔克说，我赞同习近平主席这一提法。
51 9 6 2 2 0.677
为此，世界各国应该在互联网发展问题上更加紧密地合作，以确保网络空间命运共同体继续向着积极的方向发展。
1
51 10 7 1 1 0.743
与会外国嘉宾评价说，贺信充分体现了习近平主席对全球互联网发展趋势的深刻洞察，对网络空间发展治理规律的准确把握，对中国同世界各国携手发展互联网和数字经济的真诚愿望。
2
54 2 2 1 2 0.334
滴滴出行CEO程维亦在现场演讲中分享了滴滴的技术创新之道。
54 3 2 2 2 0.626
在他看来，中国交通互联网创新正在引领全球，滴滴也将继续推动交通向着共享、智能、新能源的方向发展，相信第一代大规模运营的共享新能源汽车会在中国实现，中国有机会从交通大国，成为在服务和技术创新全面领先的交通强国。
3
54 24 12 2 4 0.382
100年前，德国的奔驰发明了汽车，美国的福特普及了汽车，我们希望第一批共享应用的共享汽车在中国出现。
54 25 12 3 4 0.617
中国有机会从交通大国，成为在服务和技术创新全面领先的交通强国。
54 26 12 4 4 0.133
5年滴滴才上路，只为让出行更美好。
3
56 1 1 1 3 0.238
初冬时节，江南水乡乌镇再次吸引世界目光。
56 2 1 2 3 0.649
以“发展数字经济促进开放共享——携手共建网络空间命运共同体”为主题的第四届世界互联网大会在这里开幕，来自８０多个国家和地区的１５００多名嘉宾与会。
56 3 1 3 3 0.68
习近平主席在致大会的贺信中，提出“大家的事由大家商量着办”的网络共治理念，阐述携手共建网络空间命运共同体的中国主张，充分体现了对全球互联网发展趋势的深刻洞察，对网络空间发展治理规律的准确把握，对中国同世界各国携手发展互联网和数字经济的真诚愿望。
0
3
56 4 2 1 4 0.034
大潮激荡，洪波涌起。
56 5 2 2 4 0.656
当前，以信息技术为代表的新一轮科技和产业革命正在萌发，为经济社会发展注入了强劲动力。
56 6 2 3 4 0.602
同时，互联网发展也给世界各国主权、安全、发展利益带来许多新的挑战，互联网领域发展不平衡、规则不健全、秩序不合理等问题日益凸显。
1
56 7 2 4 4 0.566
互联网具有高度全球化的特征，面对风险挑战，唯有加强对话合作，共同构建和平、安全、开放、合作的网络空间，建立多边、民主、透明的全球互联网治理体系，才能抓住机遇、趋利避害，建设好互联网这个人类的共同家园。
3
56 8 3 1 4 -0.035
凡益之道，与时偕行。
56 9 3 2 4 0.656
当前，全球互联网治理体系变革进入关键时期，构建网络空间命运共同体日益成为国际社会的广泛共识。
56 10 3 3 4 0.449
从倡导“四项原则”到提出“五点主张”，中国希望同国际社会一道，尊重网络主权，发扬伙伴精神，以共商促共建，以共建谋共享。
3
56 12 4 1 4 0.55
进入新时代，中国网信事业的发展也站上新起点。
56 13 4 2 4 0.786
党的十九大提出建设网络强国、数字中国、智慧社会等发展目标，作出推动互联网、大数据、人工智能和实体经济深度融合，发展数字经济、共享经济等一系列决策部署，描绘了新时代中国互联网发展的蓝图。
56 14 4 3 4 0.381
就在第四届世界互联网大会召开前夕，中办、国办印发的《推进互联网协议第六版（ＩＰｖ６）规模部署行动计划》引起广泛关注。
1
56 15 4 4 4 0.787
一个矢志创新的中国，将推动数字经济发展进入快车道，创造更多互联网时代的传奇；一个对外开放的中国，将推动世界各国共同搭乘互联网和数字经济发展的快车，为深入开展网络合作创造新机遇。
2
56 17 5 2 3 0.52
从支付宝、共享单车和网购跻身“新四大发明”，给人民生活带来便利，到互联网在脱贫攻坚中发挥重要作用，再到信息化服务加快普及、应用成本不断降低，互联网的发展依靠人民、惠及人民，激发出源源不竭的动力。
56 18 5 3 3 0.718
各方集思广益、增进共识，深化互联网和数字经济交流合作，必将不断满足人民日益增长的美好生活需要，让互联网发展成果更好造福中国人民和各国人民。
2
58 3 2 1 2 0.707
王彬颖分析称，2017年世界经济增长缓慢，但数字经济却表现喜人。
58 4 2 2 2 0.654
据统计数据显示，互联网经济对世界最大经济体的经济发展贡献率达到了4%，而世界主要经济体占整个世界GDP(国内生产总值)的70%，“正是由于互联网技术的创新，信息通信技术也成为专利申请数量最多的行业。”
0
2
59 2 2 1 2 0.488
在会见巴金时，王沪宁表示，习近平主席同巴育总理在厦门会晤，为中泰全面战略合作伙伴关系发展指明方向。
59 3 2 2 2 0.618
中方愿同泰方一道，加强互联网治理经验交流，共同构建全球互联网治理体系。
1
59 4 3 1 1 0.616
巴金表示，泰方珍视泰中友好，愿同中方对接发展战略，加强各方面特别是互联网领域交流合作，推动形成开放、公正、安全的网络空间。
1
59 7 6 1 1 0.638
在会见德维尔潘时，王沪宁表示，中方始终从战略高度重视发展中法和中欧关系，双方应该共同努力促进全球互联网治理向更加公正合理方向发展。
1
59 8 7 1 1 0.704
德维尔潘表示，祝贺中国进入新时代，当前法中和欧中关系保持良好发展势头，他将继续致力于发展双方关系，促进双方新技术、网络空间治理、气候变化等领域合作。
2
59 9 8 1 2 0.642
在会见库克时，王沪宁对苹果公司为中美数字经济发展和合作发挥的作用表示肯定。
59 10 8 2 2 0.501
他说，中美在网络领域拥有广泛共同利益，双方应该维护好当前合作势头，共同构建网络空间命运共同体。
1
59 13 11 1 1 0.61
罗卓克表示，思科关注中国发展，愿助力中国智慧城市、网络安全建设，努力打造创新平台，在促进美中合作中发挥积极作用。
2
63 40 18 3 4 0.296
过去我们说，互联网公司要尽力解决个人用户的“痛点”。
63 41 18 4 4 0.639
未来，数字经济要求我们互联网公司给各行各业赋能，解决传统企业的“痛点”。
2
63 54 24 1 5 0.744
还有技术红利，以人工智能为代表的技术创新会在未来几十年不断推动数字经济的发展。
63 55 24 2 5 0.216
具体的讲，有三个成长动力。
1
63 74 31 1 1 0.726
第三，在新时代、新机遇，数字经济将重塑世界经济，世界经济将会有新的模型。
1
65 4 3 1 1 0.644
《倡议》表示，为拓展数字经济领域的合作，作为支持“一带一路”倡议的相关国家，我们将本着互联互通、创新发展、开放合作、和谐包容、互利共赢的原则，探讨共同利用数字机遇、应对挑战，通过加强政策沟通、设施联通、贸易畅通、资金融通和民心相通，致力于实现互联互通的“数字丝绸之路”，打造互利共赢的“利益共同体”和共同发展繁荣的“命运共同体”。
1
65 5 4 1 1 0.702
《倡议》提出，扩大宽带接入，提高宽带质量；促进智慧物流、在线旅游、移动支付、数字创意和分享经济等服务业的持续发展；促进电子商务合作；支持互联网创业创新；促进中小微企业发展；加强数字化技能培训；促进信息通信技术领域的投资；推动城市间的数字经济合作；采取多种政策措施和技术手段来缩小数字鸿沟，包括各国之间和各国之内的数字鸿沟，大力推进互联网普及；发展和保持公开、透明、包容的数字经济政策制定方式。
1
66 11 9 1 1 0.673
谈到互联网对世界经济的影响，马云认为，世界正在迎来新时代、新机遇，数字经济将重塑世界经济，世界经济将会有新的模型，不仅仅是在中国，全世界都在进入一个新的时代。
2
66 40 23 1 2 0.639
第三，在新时代、新机遇，数字经济将重塑世界经济，世界经济将会有新的模型，不仅仅是在中国，全世界都在进入一个新的时代。
66 41 23 2 2 0.407
新时代我们将面临新的问题，而同时又是新的机遇。
1
70 7 4 1 1 0.809
贺信中指出，“中共十九大制定了新时代中国特色社会主义的行动纲领和发展蓝图，提出要建设网络强国、数字中国、智慧社会，推动互联网、大数据、人工智能和实体经济深度融合，发展数字经济、共享经济，培育新增长点、形成新动能。”“中国数字经济发展将进入快车道。中国希望通过自己的努力，推动世界各国搭乘互联网和数字经济发展的快车。”这一表态让不少国外嘉宾表示钦佩，为网络空间命运共同体点赞，为新时代的“数字中国”点赞。
1
70 10 6 1 1 0.607
“世界互联网大会是非常重要的会议，非常成功。”联合国网络犯罪问题政府专家组主席DoctorMashabane表示，“习近平主席的贺信彰显了中国智慧，互联网安全需要共同维护，成果应该共同分享。数字经济的发展将让世界受益，数字中国的蓝图更让人佩服。我来自南非，我认为‘一带一路’这一伟大的倡议，通过数字互联互通能更好地实现，期待更美好的未来。”
1
70 11 7 1 1 0.631
“‘发展共同推进、安全共同维护、治理共同参与、成果共同分享’，总书记给我们指明了一个奋斗方向。”中国科学院计算技术研究所研究员、中国工程院院士倪光南认为，“连续两年致贺信，习近平总书记对于世界互联网大会非常重视，大会对于世界的影响也越来越大。经过四次大会，每一次大会都有所发展。例如去年，大会还首次发布了领先科技成果。这个发展，不仅是规模上，更有影响力上的发展。大家希望在这里找到中国答案，希望获得共同繁荣的发展。”
1
70 12 8 1 1 0.734
习近平在贺信中表示，“希望大家集思广益、增进共识，深化互联网和数字经济交流合作，让互联网发展成果更好造福世界各国人民。”
2
70 20 13 1 2 0.657
乌镇峰会是观察互联网发展的重要窗口，澳大利亚《悉尼先驱晨报》记者KirstyNeedham表示，习近平主席的贺信非常引人关注，让她感受到了中国国家领导人对互联网治理和数字经济的高度重视。
70 21 13 2 2 0.567
“近年来，中国在互联网领域取得的巨大成就举世瞩目，世界都在关注中国声音和中国方案。”KirstyNeedham说：“我欣喜地看到，中国在世界互联网领域承担着越来越多的责任，特别是本次大会多次提到要发展数字经济，这让我对互联网未来发展充满信心！”（记者吴楚卢冠琼陈琛宋继祥）
1
72 2 2 1 1 0.678
阿里巴巴集团董事局主席马云在演讲时说，未来30年互联网将无处不在，数字经济将重塑世界经济，与其担心不如担当。
2
72 4 4 1 2 0.727
针对“发展数字经济促进开放共享——携手共建网络空间命运共同体”的主题，马云说，对网络空间，对数字经济，与其担心不如担当。
72 5 4 2 2 0.354
新技术不是让人失业，而是让人更有尊严、更有价值、更有创造力，“新时代会产生新问题但更会面临新机遇，我们应当拥抱新技术解决新问题。”
2
72 7 6 1 3 0.652
“人类只有共建命运共同体，才能一起迎接新时代的挑战。”马云认为，在新时代新机遇面前，数字经济将重塑世界经济，世界经济将有新的模型。
72 8 6 2 3 0.384
人类只有共建命运共同体，才能一起迎接新时代的挑战。
3
73 1 1 1 4 0.165
中新网12月3日电12月3日至5日，第四届世界互联网大会在浙江乌镇举办。
73 2 1 2 4 0.723
本届大会的主题是“发展数字经济促进开放共享——携手共建网络空间命运共同体”。
73 3 1 3 4 0.378
在本届互联网大会上，网络安全主题再次成为了各界嘉宾热议话题。
1
74 24 18 1 1 0.745
第四届世界互联网大会以“发展数字经济促进开放共享——携手共建网络空间命运共同体”为主题，会上将探讨数字经济、前沿技术、互联网与社会、网络空间治理、交流合作等多个话题。
2
76 4 2 1 2 0.702
据悉，第四届世界互联网大会的主题是“发展数字经济促进开放共享——携手共建网络空间命运共同体”。
76 5 2 2 2 0.588
全球范围内的政府、国际组织、企业、技术社群和民间团体的互联网领军人物都将聚集于此，围绕数字经济、前沿技术、互联网与社会、网络空间治理、交流合作五大方面交流，并精心设置了分享经济、人工智能、互联网精准扶贫、国际合作等20个分论坛。
2
76 8 4 1 2 0.486
人民网发布的《乌镇四年：让互联网之光辉映人类命运共同体的未来》总结称，每年一届，人们齐聚这里共议互联网建设大计，而其主题始终聚焦“网络空间命运共同体”。
76 9 4 2 2 0.636
从“互联互通、共享共治”到“创新驱动造福人类”，再到“发展数字经济促进开放共享”，世界互联网大会在变与不变中，探寻着携手共建网络空间命运共同体的永恒答案。
2
76 11 5 2 3 0.545
他表示，从智能手机到wifi、3G、4G的普及，中国在移动设备、移动通信网络和移动应用服务等领域已经走在世界前列；人工智能技术逐渐渗透各行各业，大数据成为升级产业经济的重要引擎。
76 12 5 3 3 0.71
中国样板正在互联网领域不断出现，中国也乐于与世界共享信息技术发展成果。
2
76 14 6 2 3 0.162
快手成立于2011年，是全民记录和分享生活的短视频平台。
76 15 6 3 3 0.611
得益于中国智能手机的普及和移动互联网的发展，短视频形态应运而生，并得到快速发展。
2
77 1 1 1 2 0.209
新华社杭州12月3日电第四届世界互联网大会3日上午在浙江省乌镇开幕。
77 2 1 2 2 0.615
国家主席习近平发来贺信，代表中国政府和中国人民，并以他个人的名义，向大会的召开致以热烈的祝贺，向出席会议的各国代表、国际机构负责人和专家学者、企业家等各界人士表示诚挚的欢迎，希望大家集思广益、增进共识，深化互联网和数字经济交流合作，让互联网发展成果更好造福世界各国人民。
2
77 3 2 1 3 0.727
习近平在贺信中指出，当前，以信息技术为代表的新一轮科技和产业革命正在萌发，为经济社会发展注入了强劲动力，同时，互联网发展也给世界各国主权、安全、发展利益带来许多新的挑战。
77 4 2 2 3 0.645
全球互联网治理体系变革进入关键时期，构建网络空间命运共同体日益成为国际社会的广泛共识。
1
77 5 2 3 3 0.414
我们倡导“四项原则”、“五点主张”，就是希望同国际社会一道，尊重网络主权，发扬伙伴精神，大家的事由大家商量着办，做到发展共同推进、安全共同维护、治理共同参与、成果共同分享。
2
77 6 3 1 4 0.794
习近平强调，中共十九大制定了新时代中国特色社会主义的行动纲领和发展蓝图，提出要建设网络强国、数字中国、智慧社会，推动互联网、大数据、人工智能和实体经济深度融合，发展数字经济、共享经济，培育新增长点、形成新动能。
77 7 3 2 4 0.885
中国数字经济发展将进入快车道。
1
77 8 3 3 4 0.762
中国希望通过自己的努力，推动世界各国共同搭乘互联网和数字经济发展的快车。
1
77 9 3 4 4 0.054
中国对外开放的大门不会关闭，只会越开越大。
3
77 10 4 1 5 0.125
王沪宁出席开幕式并发表主旨演讲。
77 11 4 2 5 0.746
他表示，习近平主席的贺信，充分体现了对全球互联网发展趋势的深刻洞察，对网络空间发展治理规律的准确把握，对中国同世界各国携手发展互联网和数字经济的真诚愿望。
77 12 4 3 5 0.726
习近平主席在党的十九大报告中对坚持和平发展道路、推动构建人类命运共同体以及深化互联网和数字经济合作等进行了深刻阐述，不仅对中国互联网发展提出了新的要求，也为中国同世界各国开展网络合作提供了新的机遇。
1
77 13 4 4 5 0.725
中国愿同各国一道，顺应互联网发展带来的历史机遇，以数字经济为重要驱动力，推动网络空间开放、合作、交流、共享，携手共建网络空间命运共同体。
1
77 14 4 5 5 0.576
要鼓励创新创造、增强发展活力，促进开放合作、拓展发展空间，推动包容共享、夯实共赢基础，强化协同联动、凝聚互动合力，促进安全可控、构建良好秩序，建设安全稳定繁荣的网络空间。
2
77 18 8 1 2 0.65
第四届世界互联网大会12月3日至5日举行，主题为“发展数字经济促进开放共享——携手共建网络空间命运共同体”。
77 19 8 2 2 0.301
来自五大洲80多个国家和地区的政府代表、国际组织负责人、互联网企业领军人物、互联网名人、专家学者等共1500多名嘉宾参加大会。
2
78 1 1 1 2 0.082
千龙网乌镇12月3日讯（记者龙娱平）第四届互联网大会3日上午在浙江省乌镇开幕。
78 2 1 2 2 0.64
第四届世界互联网大会于12月3日至5日举行，主题为“发展数字经济促进开放共享——携手共建网络空间命运共同体”。
1
78 6 3 1 1 0.609
据悉，本届大会将充分发挥论坛、世界互联网领先科技成果发布和博览会三大功能，围绕数字经济、前沿技术、互联网与社会、网络空间治理、交流合作五大板块，精心设置了分享经济、人工智能、互联网精准扶贫、未成年人网络保护、数字丝绸之路、国际合作等20个分论坛。
2
78 21 9 1 2 0.535
据悉，本届大会将首次发布蓝皮书《世界互联网发展报告2017》和《中国互联网发展报告2017》。
78 22 9 2 2 0.648
与此同时，大会将发布本年度大会的成果文件，为全球互联网治理贡献中国智慧，并对未来发展进行展望。
2
78 23 10 1 2 0.522
数据显示，2016年中国数字经济规模达到22.4万亿，占GDP的比重达到30.1%。
78 24 10 2 2 0.828
数字经济作为随着信息技术革命发展而产生的新型经济业态，正成为中国经济发展的新引擎。
3
79 1 1 1 3 0.211
12月3日上午10点30分，第四届世界互联网大会开幕式在浙江乌镇互联网国际会展中心正式召开。
79 2 1 2 3 0.723
本届大会的主题是“发展数字经济促进开放共享——携手共建网络空间命运共同体”。
79 3 1 3 3 0.381
国家主席习近平为大会发来贺信，中共中央政治局常委、中央书记处书记王沪宁发表主题演讲，来自全球80多个国家的1500位嘉宾、400余家知名互联网企业和创新型企业参与了本次大会。
2
79 4 2 1 2 0.722
习近平在贺信中表示，当前，以信息技术为代表的新一轮科技和产业革命正在萌发，为经济社会发展注入了强劲动力，同时，互联网发展也给世界各国主权、安全、发展利益带来许多新的挑战。
79 5 2 2 2 0.64
全球互联网治理体系变革进入关键时期,构建网络空间命运共同体日益成为国际社会的广泛共识。
0
2
79 6 3 1 2 0.79
中共十九大制定了新时代中国特色社会主义的行动纲领和发展蓝图，提出要建设网络强国、数字中国、智慧社会，推动互联网、大数据、人工智能和实体经济深度融合，发展数字经济、共享经济，培育新增长点、形成新动能。
79 7 3 2 2 0.843
中国数字经济发展将进入快车道，中国希望通过自己的努力，推动世界各国共同搭乘互联网和数字经济发展的快车。
0
3
79 8 4 1 3 0.537
王沪宁表示，当今世界跨国性的网络安全问题持续蔓延，携手共建网络空间命运共同体是当前的重要话题，并且顺应了历史潮流。
79 9 4 2 3 0.723
习近平对数字经济的重要思想，不仅对中国互联网发展提出了新要求，也为中国同世界开展网络合作提供了新机遇。
79 10 4 3 3 0.386
对于如何携手共建网络空间命运共同体，王沪宁提出了五点建议。
3
79 11 5 1 4 0.545
第一，鼓励创新创造，增强发展国力。
79 12 5 2 4 0.706
创新是互联网的发展基因，随着新一轮产业革命兴起，数字经济、共享经济在全球范围内掀起了强有力的浪潮，人工智能等新技术不断取得突破，互联网全面渗透、跨界融合，加速创新引领发展的新阶段。
79 13 5 3 4 0.745
实践证明数字经济是发展最迅速、创新最活跃、辐射最广泛的领域，为经济增长注入了新动能，增添了新引擎，我们应该以创新为主要抓手，发挥创新发展的带头作用，推动互联网经济融合发展，加快传统产业升级化、网络化、智能化转型，不断培育新技术、新模式，以信息化培育新动能、用新动能推动新发展，不断加大经济增长空间，走上强劲可持续、平衡包容发展。
1
79 14 5 4 4 0.592
支持基于互联网特点的创新，大力推动技术创新、应用创新、商业模式创新，鼓励、引导大型企业布局前沿技术，加大对成长型、创新型中小型企业的资助，促进科技成果转化、给予良好的创新生态、让创新活力充分释放。
2
79 15 6 1 4 0.647
第二，促进开放合作，拓展发展空间。
79 16 6 2 4 0.528
开放性是互联网的本质属性，开放共享是构建网络共同体的必由之路。
2
79 17 6 3 4 0.624
过去十年间，全球跨境数据流动增长了四至五倍，并且在迅猛发展，数字信息成为经济全球化的重要动力，我们应该发挥数据作为关键生产要素和需求性战略的重要意义，在更大范围、更宽领域、更深层次推动资源的流动和开放共享，让数据经济的资源更加充分利用。
79 18 6 4 4 0.537
我们应该深化互联网领域开放合作、打造互利共赢的网络市场，创造更多利益契合点、合作增长点、共赢新亮点。
3
79 19 7 1 3 0.391
第三，推动包容共享，夯实共赢基础。
79 20 7 2 3 0.678
让世界各国人民平等使用互联网，共享互联网发展成果是我们的方向和目标。
79 21 7 3 3 0.464
2016年全球互联网平均普及率只有45.9％，我们应该加快互联网应用普及，提升基础信息建设普及率，不断提供用得上、用得起、用得好的数字产品和服务，让人民群众在共享互联网发展成果上有更多获得感。
2
79 22 8 1 2 0.25
第四，强化协同、联动。
79 23 8 2 2 0.677
我们应该加强互联网和数字经济领域的政策、法律、规则的联动，改革现行互联网体系中不公正不合理的发展，制定更加平衡的国际规则和国际标准，为各国平等参与全球互联网发展创造条件。
2
79 25 9 2 3 0.533
当今世界网络安全问题持续蔓延，网络犯罪、网络恐怖主义愈演愈烈，希望各国增强战略互信，加强沟通协商，推动信息共享。
79 26 9 3 3 0.725
中国愿同世界各国一道建立健全适应数字化监管的监管模式，共同防范数字经济快速发展带来的网络安全挑战。
1
79 27 10 1 1 0.624
据了解，本届大会继续聚焦论坛、世界互联网领先科技成果发布和博览会三大功能，侧重体现建设网络强国、“一带一路”、“互联网+行动计划”等重大战略，围绕数字经济、前沿技术、互联网与社会、网络空间治理、交流合作五大板块，精心设置了分享经济、人工智能、互联网精准扶贫、未成年人网络保护、数字丝绸之路、国际合作等20个分论坛。
1
79 28 11 1 1 0.727
此外，本次大会将在12月4日首次发布蓝皮书《世界互联网发展报告2017》和《中国互联网发展报告2017》，客观全面梳理总结展现世界各国的发展实力和发展特点，以及中国互联网的发展现状和未来的态势。
2
80 8 4 1 4 0.676
中国互联网经济火热的背后，是中国经济的全面崛起。
80 9 4 2 4 0.447
在这个经济引领文化热潮的当今世界，海外掀起了中文学习热潮。
2
90 1 1 1 3 0.627
今天，以“发展数字经济促进开放共享——携手共建网络空间命运共同体”为主题的第四届世界互联网大会在浙江乌镇正式拉开帷幕。
90 2 1 2 3 0.441
来自世界五大洲包括国际组织负责人、互联网领军人物、互联网名人、专家学者共1500位嘉宾齐聚这个千年小镇，共享“中国红利”、共治“世界网事”。
2
90 9 3 2 3 0.499
乌镇只是一个浓缩展现“互联网+”的中国样本，其背后还是中国互联网的井喷式发展：网民规模已达7.51亿，堪为世界第一；移动支付交易规模超过81万亿元，位居全球之首。
90 10 3 3 3 0.624
近年来，通过实施信息化发展战略纲要、“宽带中国”战略、“互联网+”行动等重大政策措施，互联网带动了物流、金融、医疗等多个行业的发展，让偏远地区的困难民众摆脱了贫困。
3
90 15 5 1 4 0.383
同一个世界，同一个未来。
90 16 5 2 4 0.651
互联网发展是无国界无边界的，利用好、发展好、治理好互联网，必须深化网络空间国际合作，携手构建网络空间命运共同体。
90 17 5 3 4 0.588
习近平总书记曾强调指出：一个安全稳定繁荣的网络空间，对各国乃至世界都具有重大意义。
3
90 20 6 2 4 0.409
从第一届世界互联网大会到第四届世界互联网大会，“中国声音”越来越响亮，从乌镇里传出的互联网主张越来越受到欢迎和关注。
90 21 6 3 4 0.671
第四届世界互联网大会将促成中外政府、社会组织、企业等签署一系列合作协议，相信也能够借助这一中国与世界互联互通、共享共治的平台，推动国际社会加强沟通交流，提速创新驱动发展，促进网络文化交流互鉴，让互联网更好地造福全世界、开创人类发展新未来。
90 22 6 4 4 -0.012
（南方网秦华）
2
91 1 1 1 2 0.029
12月3日至5日，浙江乌镇再一次汇集全球目光。
91 2 1 2 2 0.684
第四届世界互联网大会，以“发展数字经济促进开放共享——携手共建网络空间命运共同体”为主题在乌镇举行。
1
92 4 2 1 1 0.686
本届大会将以“发展数字经济促进开放共享——携手共建网络空间命运共同体”为主题，在全球范围内邀请来自政府、国际组织、企业、技术社群和民间团体的互联网领军人物，围绕数字经济、前沿技术、互联网与社会、网络空间治理和交流合作等五个方面进行探讨交流。
3
92 5 3 1 4 0.336
作为本届大会的重要功能板块，第四届世界互联网大会·互联网之光博览会已于12月2日拉开帷幕。
92 6 3 2 4 0.608
博览会立足“国际、创新、未来、领先、融合”的视角，集中展示了云计算、物联网、人工智能等全球互联网技术和应用创新及数字经济发展的最新成果。
92 7 3 3 4 0.495
本届博览会设置了发展理念区、综合展区、主题展区、新产品新技术发布区、项目合作洽谈区等，凸显了全球视野、创新驱动和开放合作的特点，吸引了来自全球的411家国内外知名企业参展。
1
92 13 6 1 1 0.636
此外，大会还将首次发布蓝皮书《世界互联网发展报告2017》《中国互联网发展报告2017》，发布本年度大会成果文件和《全球互联网发展最佳实践案例集》，梳理总结互联网发展的全球经验，大会还将促成中外政府、社会组织、企业等签署一系列合作协议。
1
92 15 8 1 1 0.713
国家互联网信息办公室副主任任贤良表示，本届大会着力于推动构建网络空间命运共同体，倡导国际社会在网络空间尊重差异、凝聚共识，聚焦发展、助力创新，让互联网繁荣发展的机遇和成果更好造福人类。
1
93 2 2 1 1 0.682
据悉，主题为“发展数字经济促进开放共享——携手共建网络空间命运共同体”，全球范围内的政府、国际组织、企业、技术社群和民间团体的互联网领军人物都将聚集于此，围绕数字经济、前沿技术、互联网与社会、网络空间治理和交流合作等五个方面进行探讨交流。
3
94 1 1 1 4 0.295
#直通世界互联网大会#【互联网大会开幕】第四届世界互联网大会·乌镇峰会，于12月3日-5日在浙江乌镇举行。
94 2 1 2 4 0.723
本届大会的主题是“发展数字经济促进开放共享——携手共建网络空间命运共同体”。
94 3 1 3 4 0.219
来自全球1500位嘉宾、400余家知名互联网企业和创新型企业参会。
2
95 1 1 1 2 0.231
12月3日消息，第四届世界互联网大会将于今日在乌镇举行。
95 2 1 2 2 0.684
本届大会主题是“发展数字经济促进开放共享——携手共建网络空间命运共同体”，全球互联网大咖们将围绕数字经济、前沿技术、互联网与社会、网络空间治理和交流合作等五个方面进行探讨交流，设置了分享经济、人工智能、互联网精准扶贫、未成年人网络保护、国际合作等20个分论坛。
3
96 1 1 1 3 0.22
今日起至5日，第四届世界互联网大会将在浙江乌镇举办。
96 2 1 2 3 0.723
本届大会的主题是“发展数字经济促进开放共享——携手共建网络空间命运共同体”。
96 3 1 3 3 0.431
这是党的十九大胜利闭幕后，中国举行的一场重要国际会议，美丽水乡乌镇奏响新时代世界互联网主题进行曲，为世人所瞩目。
1
96 4 2 1 1 0.714
据国家互联网信息办公室介绍，本届世界互联网大会将全面贯彻落实习近平新时代中国特色社会主义思想，紧紧围绕习近平总书记的治网主张，聚焦“数字经济”，强调“开放共享”，积极搭建中国与世界互联互通、共享共治的平台，弥合发展中国家和发达国家之间的数字鸿沟，为全球互联网的治理贡献中国力量，向世界呈现“携手共建网络空间命运共同体”的中国方案。
2
96 10 6 1 3 0.678
本次大会将首次发布蓝皮书《世界互联网发展报告2017》和《中国互联网发展报告2017》，为全球互联网治理贡献中国智慧，对未来发展进行展望。
96 11 6 2 3 0.634
同时发布《全球互联网发展最佳实践案例集》，梳理总结互联网发展的全球经验。
1
96 12 6 3 3 0.376
大会还将促成中外政府、社会组织、企业等签署一系列合作协议。
2
96 17 8 1 2 0.605
我国连续4年举办世界互联网大会，旨在搭建中国与世界互联互通的国际平台和国际互联网共享共治的中国平台。
96 18 8 2 2 0.595
习近平指出，“互联网让世界变成了地球村，推动国际社会越来越成为你中有我、我中有你的命运共同体。”“互联网发展是无国界、无边界的，利用好、发展好、治理好互联网必须深化网络空间国际合作，携手构建网络空间命运共同体。”
1
96 19 9 1 1 0.618
为推动互联网国际合作，中国积极开展双边、多边国际交流，共同应对网络安全面临的挑战，共同分享全球信息革命的机遇和成果。
2
96 20 10 1 2 0.475
在联合国、二十国集团、金砖国家、亚太经济合作组织、上海合作组织等国际框架和多边机制内，中国大力推动建立信息化领域国际互信对话机制;在移动通信、“互联网+”、下一代广播电视网、云计算、大数据、物联网、智能制造、智慧城市、网络安全等关键技术和重要领域，中国积极参与国际标准制定。
96 21 10 2 2 0.607
同时，中国还积极推进“一带一路”建设信息化发展、统筹规划海底光缆和跨境陆地光缆建设……这一系列举措，旨在打造全球范围的网络命运共同体。
2
96 22 11 1 2 0.589
今年3月1日，我国发布《网络空间国际合作战略》，指出国际社会应携起手来，加强对话交流，共同维护网络空间和平、稳定与繁荣，共同构建网络空间命运共同体。
96 23 11 2 2 0.639
构建网络空间命运共同体的主张，反映了国际社会的共同心声，为推进全球互联网治理贡献了中国智慧。
1
96 24 12 1 1 0.642
展望未来，在新理念新思想新战略的引领下，中国正向着网络强国目标奋勇前进，全球范围的网络命运共同体建设也将实现新的跨越。
3
97 1 1 1 4 0.3
12月3日，第四届世界互联网大会开幕。
97 2 1 2 4 0.723
本届大会的主题是“发展数字经济促进开放共享——携手共建网络空间命运共同体”。
97 3 1 3 4 0.486
来自全球1500位嘉宾在浙江乌镇参会，400余家知名互联网企业和创新型企业，展示世界互联网最新的发展趋势和前沿技术。
1
98 2 2 1 1 0.686
本届大会以“发展数字经济促进开放共享——携手共建网络空间命运共同体”为主题，在全球范围内邀请来自政府、国际组织、企业、技术社群和民间团体的互联网领军人物，围绕数字经济、前沿技术、互联网与社会、网络空间治理和交流合作等五个方面进行探讨交流。
1
99 2 2 1 1 0.714
据了解，本届大会的主题是“发展数字经济促进开放共享—携手共建网络空间命运共同体”，设置了分享经济、人工智能、互联网精准扶贫、未成年人网络保护、国际合作等20个分论坛，增设了“互联网前沿技术”和“互联网与社会”两个板块，前者聚焦全球互联网未来新趋势，设计了人工智能、共享经济等前沿的议题，后者结合联合国2030年的可持续发展目标，关注互联网在扶贫减灾、保护文化等方面的应用。
2
99 3 3 1 2 0.553
在第四届世界互联网大会上，将首次发布蓝皮书《世界互联网发展报告2017》和《中国互联网发展报告2017》，作为大会的两大成果。
99 4 3 2 2 0.777
其中，《世界互联网发展报告2017》全年展现世界互联网发展现状和趋势，《中国互联网发展报告2017》全面呈现我国互联网发展现状和未来态势，系统总结互联网发展的中国经验。
1
99 5 4 1 1 0.685
据了解，《世界互联网发展报告2017》内容主要包括基础设施、创新能力、产业发展、互联网应用、网络安全、网络治理等6个方面，客观全面展现各主要国家发展实力和发展特点，《报告》将对全球38个国家互联网发展情况进行评估。
1
99 6 5 1 1 0.634
《中国互联网发展报告2017》内容涵盖基础设施、创新能力、数字经济、互联网应用、网络安全、地方互联网管理等6个方面，客观反映全国31个省区市互联网发展情况。
2
99 11 10 1 2 0.348
从第二届世界互联网大会开始，“互联网之光”博览会便成为必不可少的一个内容。
99 12 10 2 2 0.648
本届博览会以“国际、创新、未来、领先、融合”为定位，聚焦世界互联网最新发展趋势和前沿技术，集中展示了云计算、物联网、人工智能等全球互联网技术和应用创新及数字经济发展的最新成果，凸显了全球视野、创新驱动和开放合作的特点。
2
100 1 1 1 2 0.155
12月3日上午10时30分，第四届世界互联网大会在浙江乌镇开幕。
100 2 1 2 2 0.72
本届大会主题为“发展数字经济促进开放共享——携手共建网络空间命运共同体”。
1
100 7 6 1 1 0.623
值得一提的是，12月4日上午，本届大会还将首次发布蓝皮书《世界互联网发展报告2017》《中国互联网发展报告2017》《全球互联网发展最佳实践案例集》等成果，为全球互联网治理贡献中国智慧。
