4
51 1 1 1 5
京华时报10月18日报道今天下午，王宝强[微博]诉马蓉离婚及马蓉诉王宝强名誉侵权两案均在朝阳法院举行庭前会议。
51 2 1 2 5
据了解，今天下午共进行了两个庭前会议。
51 3 1 3 5
第一个是王宝强诉马蓉离婚案。
51 4 1 4 5
第二个是马蓉诉王宝强名誉侵权案。
5
45 1 1 1 3
备受关注的王宝强与马蓉离婚案，昨天下午在北京朝阳法院开庭。
45 2 1 2 3
而马蓉诉王宝强名誉侵权案，则在离婚案之后的下午4时开庭。
45 3 1 3 3
有意思的是，夫妻俩的两场官司，在同一个法院、同一天下午开庭。
45 4 2 1 4
18日下午1时许，王宝强出现在北京朝阳法院，他低头一言不发。
45 5 2 2 4
开庭前，王宝强的代理律师张起淮接受成都商报记者采访时表示，王宝强最近的状态很好，开庭前还在忙工作。
8
55 1 1 1 3
新浪娱乐讯18日下午，王宝强[微博]和马蓉的离婚诉讼案与马蓉诉王宝强名誉侵权案在北京朝阳法院首次开庭审理，当天王宝强亲自出庭，马蓉未出庭。
55 2 1 2 3
据媒体获悉，王宝强和马蓉离婚案除财产分割和争夺孩子抚养权之外，王宝强一方还要求马蓉支付的精神抚慰金仅为10万元，而王宝强将向法院提交包括聊天记录等马蓉与宋喆“出轨”的相关证据。
55 3 1 3 3
但庭审结束后，新浪娱乐联系王宝强律师张起淮，对方没有就案件进展作出任何回应。
55 4 2 1 5
此外，王宝强律师张起淮下午微博转发一名网友评论引发关注。
55 5 2 2 5
内容分两方面，一方面，该名网友发言称王宝强应该争取让马蓉净身出户，如果马蓉婚内出轨还能分到大笔财产，那以后婚内出轨只会更加严重。
55 6 2 3 5
另一方面，网友发布的微博里还包含了此前不知名人士曝光的、自称是“马蓉与宋喆出轨证据”的微信聊天记录。
55 7 2 4 5
微博被张起淮律师转发后，网友纷纷猜测是否传言为真，而新浪娱乐就此事火速追问张起淮律师，对方没有给出答复，只是在此之后速度删除了转发。
55 8 2 5 5
(南音/文)
5
63 37 22 1 2
但是与王宝强决定亲自出庭的态度不同，马蓉已向法院申请，她不出庭，并申请不公开审理。
63 38 22 2 2
马蓉是否有不出庭的权利？
63 39 23 1 2
据了解，因为婚姻案件的特殊性，当审本人必须出庭，律师代理资格也是一般代理而不是特别授权。
63 40 23 2 2
但是张向龙律师提到也有一些例外，“本人不在国内或有疾病必须在医院救治，可以提前向法院申请，但需要提供相应的证明。如果马蓉不在国内，必须经过中国驻外大使馆的认证，出具相关证明，才具有不出庭的资格。”
63 41 24 1 1
至于马蓉诉王宝强名誉侵权一案，双方都可以委托律师，本人不用出庭。
3
60 1 1 1 2
新浪娱乐讯备受关注的王宝强[微博]与马蓉离婚案，于18日下午13时30分在北京朝阳法院开庭。
60 2 1 2 2
中午12时许，法院门口已经挤满许多媒体和不少群众，任何人进出都会引起骚动，现场更有人闹事，大喊“王宝强就是人渣一个”。
60 3 2 1 1
据悉马蓉诉王宝强名誉侵权案，也将在王宝强诉马蓉离婚案之后16时开庭。
5
33 1 1 1 1
无论律师，还是公众，沉浸娱乐喧嚣之中，固然是自由，但也应恪守一份冷静。
33 2 2 1 3
备受关注的王宝强与马蓉离婚案，10月18日在北京朝阳法院开庭。
33 3 2 2 3
马蓉诉王宝强名誉侵权案，也在之后压茬开庭。
33 4 2 3 3
当天下午，王宝强律师张起淮转发马蓉出轨的聊天记录，里面不无两人暧昧的内容，还对博主“林哥看天下”表示马蓉应该净身出户看法表示认同。
33 5 3 1 3
对于普通吃瓜群众，这份“对话记录”的曝光，无疑是一个重燃神经的兴奋点。
5
65 1 1 1 5
新浪娱乐讯10月18日下午13时30分，备受瞩目王宝强[微博]与马蓉的离婚案官司，将在北京朝阳法院举办庭前会议。
65 2 1 2 5
届时，王宝强或将向法院提交包括聊天记录等马蓉与宋喆同居的相关证据。
65 3 1 3 5
王宝强本人将亲自出庭，而马蓉则申请不出庭，本案不公开审理。
65 4 1 4 5
与此同时，马蓉诉王宝强名誉侵权案，也将在今天16时开庭。
65 5 1 5 5
对此，新浪娱乐在12时30分开始，也将全程直击报道此次官司，为广大网友持续追踪案件进展。
3
63 1 1 1 3
备受关注的王宝强与马蓉离婚案，将于今日下午1时30分在北京朝阳法院开庭，据悉，王宝强本人将亲自和律师张起淮一起出庭。
63 2 1 2 3
同时，马蓉诉王宝强名誉侵权案，也将在王宝强诉马蓉离婚案之后的下午4时开庭。
63 3 1 3 3
夫妻俩的两场官司，将在同一个法院、同一天下午开庭开打。
4
39 1 1 1 6
新浪娱乐讯18日下午14时，王宝强诉马蓉离婚案和马蓉诉王宝强名誉侵权案在北京朝阳法院首次开庭审理。
39 2 1 2 6
根据朝阳法院公告，在此次离婚案的庭前会议上，王宝强本人到场，马蓉已于庭前陈述意见，未出席。
39 3 1 3 6
双方主要围绕被告婚内出轨、转移夫妻共同财产、要求分割共同财产、孩子抚养权等焦点问题陈述了意见，并进行举证。
39 4 1 4 6
对此，新浪娱乐第一时间联系曾经手李阳离婚案的戚连峰律师，请他继续向大家科普各种新增法律知识。
3
73 1 1 1 3
昨天媒体报道：马蓉诉王宝强名誉侵权案，将在王宝强诉马蓉离婚案之后的10月18日下午4时开庭。
73 2 1 2 3
据悉，夫妻俩的两场官司，在同一个法院、同一天下午开庭开打，这在近年来的北京朝阳法院也是极其少见的。
73 3 1 3 3
但据了解，面对王宝强决定亲自出庭的态度，马蓉已向法院申请，她不出庭，并申请不公开审理。
2
75 12 7 3 3
王宝强本人和他将一起出庭。
75 13 8 1 1
张起淮同时证实，“18日下午，我和王宝强将打两场官司。”也就是在王宝强诉马蓉离婚案开庭之后，马蓉诉王宝强名誉侵权案也在同一法院下午4时开庭。
4
64 1 1 1 3
是时候了。
64 2 1 2 3
在王宝强马蓉离婚故事的开头，马蓉曾发短信威胁王宝强，“你要敢发声明，我会让你身败名裂一无所有，不信走着看”。
64 3 1 3 3
8月14日凌晨，王宝强发出了声明。
64 4 2 1 1
今天，王宝强与马蓉的离婚官司将于13时30分第一次“过堂”，马蓉诉王宝强名誉侵权案，也将在离婚案之后的下午4时开庭。
3
63 30 17 1 1
对于威胁信息，是否能成为王宝强诉讼中的一个筹码呢？“只能证明夫妻感情是否破裂，而且还只能作为间接证据，不会对结果产生太大的影响。”张向龙律师说。
63 31 18 1 2
马蓉诉王宝强名誉侵权案，也将在今日下午4点王宝强诉马蓉离婚案之后开庭。
63 32 18 2 2
对于该案件，张向龙律师认为并不乐观。
7
47 1 1 1 3
王宝强诉马蓉离婚、马蓉诉王宝强名誉侵权两案昨日下午在北京朝阳法院先后举行庭前会议，王宝强现身，但马蓉并未出席。
47 2 1 2 3
法院门口剧集上百群众围观。
47 3 1 3 3
离婚案究竟会围绕哪些问题审理？前不久最高法院公布的指导案例是否意味着马蓉可能“净身出户”？
47 4 2 1 2
庭前会议是指在开庭以前，审判人员可以召集公诉人、当事人和辩护人、诉讼代理人，对回避、出庭证人名单、非法证据排除等与审判相关的问题，了解情况，听取意见。
47 5 2 2 2
庭前会议不是法庭审理前的必经程序，是法院在法庭审理前根据公诉案件的复杂程度或者其他需要召集相关人员了解事实与证据情况、听取控辩双方的意见，整理争议焦点，为庭审安排进行的准备活动。
47 6 3 1 3
王宝强起诉状中，要求解除双方婚姻关系，判令婚生子女均由其抚养，马蓉依法支付抚养费至孩子年满18周岁，依法分割夫妻共同财产。
47 7 3 2 3
王宝强要求分割的财产包括9套房屋，其中包括美国洛杉矶的一处房产，多家公司股权、出资，一辆宝马x5轿车、一辆宾利轿车，名牌珠宝、表、包、服饰等，此外还有存款、股票、理财产品、保险、原创设计品牌等。
6
54 4 1 4 5
18日晚，王宝强发微博就出庭作出回应，感谢大家关心。
54 5 1 5 5
张起淮律师也转发了王宝强的微博。
54 6 2 1 4
18日下午，王宝强和马蓉的离婚诉讼案与马蓉诉王宝强名誉侵权案在北京朝阳法院首次开庭审理，当天王宝强亲自出庭。
54 7 2 2 4
由于现场围观群众太多，王宝强没有在外逗留，来去匆匆。
54 8 2 3 4
晚上，他在微博上解释并感谢大家关心：谢谢媒体和关心我的朋友们，今天开庭审理很顺利，本想结束后见面致谢！因下午两个案子时间较长，结束时天色已黑，法院工作人员都劝说希望不要引起现场骚乱，只能先行离开，对来到现场的朋友不能当面说声谢谢只能心怀感激，有你们在，我会一直很坚强，法院一定会公平公正处理此案！期待最终审判。
54 9 2 4 4
(南音/文)
5
66 1 1 1 5
新浪娱乐讯10月18日下午13时30分，备受瞩目王宝强[微博]与马蓉的离婚案官司，将在北京朝阳法院举办庭前会议。
66 2 1 2 5
届时，王宝强或将向法院提交包括聊天记录等马蓉与宋喆同居的相关证据。
66 3 1 3 5
王宝强本人将亲自出庭，而马蓉则申请不出庭，本案不公开审理。
66 4 1 4 5
与此同时，马蓉诉王宝强名誉侵权案，也将在今天16时开庭。
66 5 1 5 5
对此，新浪娱乐在12时30分开始，也将全程直击报道此次官司，为广大网友持续追踪案件进展。
4
46 1 1 1 6
新浪娱乐讯18日下午14时，王宝强[微博]诉马蓉离婚案和马蓉诉王宝强名誉侵权案在北京朝阳法院首次开庭审理。
46 2 1 2 6
根据朝阳法院公告，在此次离婚案的庭前会议上，王宝强本人到场，马蓉已于庭前陈述意见，未出席。
46 3 1 3 6
双方主要围绕被告婚内出轨、转移夫妻共同财产、要求分割共同财产、孩子抚养权等焦点问题陈述了意见，并进行举证。
46 4 1 4 6
对此，新浪娱乐第一时间联系曾经手李阳离婚案的戚连峰律师，请他继续向大家科普各种新增法律知识。
5
59 1 1 1 4
备受关注的王宝强与马蓉离婚案，于今日（10月18日）下午1时30分在北京朝阳法院开庭。
59 2 1 2 4
王宝强代理律师张起淮告诉成都商报客户端记者，王宝强本人亲自和他一起出庭。
59 3 1 3 4
而马蓉诉王宝强名誉侵权案，也将于下午4时审理。
59 4 1 4 4
有意思的是，夫妻俩的两场官司，在同一个法院、同一天下午开庭。
59 5 2 1 5
10月18日下午1时许，王宝强出现在北京朝阳法院，面对媒体他低头一言不发。
4
44 1 1 1 3
昨日下午，王宝强[微博]诉马蓉离婚及马蓉诉王宝强名誉侵权两案均在朝阳法院举行庭前会议，现场引来数百名媒体记者和围观群众。
44 2 1 2 3
王宝强现身法院，但马蓉未露面。
44 3 1 3 3
据了解，王宝强新增一项诉讼请求，要求马蓉支付其精神损害抚慰金10万元。
44 4 2 1 3
庭前会议本来安排在昨天14时开始，但自中午12时开始，便有媒体持直播设备前来直播。
8
51 9 2 4 6
当日16时，马蓉诉王宝强名誉权案庭前会议举行。
51 10 2 5 6
马蓉一方提交了王宝强发布微博给其造成名誉损害的证据，而王宝强一方则不认可侵害了其名誉权，其虽未当庭提交证据，但表示将在举证期限内提交。
51 11 2 6 6
因原被告双方均表示有证据提交，故法院给双方规定了举证期限。
51 12 3 1 5
此外，王宝强以两案同时审理可能产生冲突为由，向法院申请中止审理名誉权纠纷一案，该申请将由合议庭评议后决定是否准许。
51 13 3 2 5
两起案件的庭前会议，马蓉均未现身。
51 14 3 3 5
因马蓉向法庭申请不公开审理，故未来两起案件的庭审均会不公开进行。
51 15 3 4 5
晚间，王宝强发微博对媒体及关心他的朋友表示感谢，并称庭前会议进展顺利。
51 16 3 5 5
京华时报记者张淑玲赵思衡
6
57 1 1 1 2
中国新闻网10月18日报道10月18日下午13时30分，备受瞩目的王宝强[微博]与马蓉的离婚案官司，在北京朝阳法院开庭。
57 2 1 2 2
与此同时，马蓉诉王宝强名誉侵权案，也在今天16时开庭。
57 3 2 1 3
当天中午12时，在朝阳法院门口就聚集了大批的媒体记者和围观群众，其数量和规模堪比数年前的李天一案。
57 4 2 2 3
下午1时许，法院增派30名左右的安保人员并拉起警戒线维持现场秩序。
57 5 2 3 3
1时13分，王宝强乘坐一辆红色两厢飞度小轿车在家人和律师的陪同下到达现场。
57 6 3 1 1
王宝强的出现的一瞬间，朝阳法院门口引起巨大骚动，百余家媒体为了亲睹王宝强不顾安保人员阻拦冲破警戒线蜂拥而上，更有不少的媒体记者在该过程种不慎受伤。
3
54 1 1 1 5
新浪娱乐讯18日下午，王宝强[微博]和马蓉的离婚诉讼案与马蓉诉王宝强名誉侵权案在北京朝阳法院首次开庭审理，当天王宝强亲自出庭，马蓉未出庭。
54 2 1 2 5
由于事件备受社会关注，得知案件在此审理，朝阳法院门口人山人海，不仅聚集北京全媒体阵仗，更有大批吃瓜群众围观，从中午12时许至傍晚18时许，人潮久未散去，也给警力现场维持秩序带来不少压力。
54 3 1 3 5
目前案件尚未披露更多细节。
3
56 1 1 1 3
新浪娱乐讯18日下午，王宝强[微博]和马蓉的离婚诉讼案与马蓉诉王宝强名誉侵权案在北京朝阳法院首次开庭审理，当天王宝强亲自出庭，马蓉未出庭。
56 2 1 2 3
由于事件备受社会关注，得知案件在此审理，朝阳法院门口人山人海，不仅聚集北京全媒体阵仗，更有大批吃瓜群众围观，从中午12时许至傍晚18时许，人潮久未散去，也给警力现场维持秩序带来不少压力。
56 3 1 3 3
目前案件尚未披露更多细节。
4
41 1 1 1 1
王宝强通往朝阳法院短短的一段路，在全民直播与围观之下，竟走得如此漫长疲惫。
41 2 2 1 2
2016年10月18日，也许是王宝强这一生中最累的一天。
41 3 2 2 2
这一天，他打了人生中或许最重要的两场官司：王宝强诉马蓉离婚案和马蓉诉王宝强名誉侵权案，可是首日开庭，一切都还未有定论。
41 4 3 1 1
当王宝强快走进法院厅内时，有吃瓜群众站在围栏之外高喊：“宝宝加油，我们挺你”，幸运的是，“神情疲惫、明显消瘦”的王宝强，并没有听到有人在法院门口喊出的另外一句，“王宝强就是人渣一个”。
5
75 1 1 1 2
封面新闻-华西都市报讯(记者杜恩湖)10月16日早间，封面新闻-华西都市报记者从北京获悉：备受关注的王宝强[微博]与马蓉的离婚案官司，将于10月18日中午1时30分在北京朝阳法院开庭。
75 2 1 2 2
据悉，王宝强本人将亲自和律师张起淮一起出庭。
75 3 2 1 2
封面新闻-华西都市报记者今早还同时独家获悉：马蓉诉王宝强名誉侵权案，也将在王宝强诉马蓉离婚案之后的10月18日下午4时开庭。
75 4 2 2 2
据悉，夫妻俩的两场官司，在同一个法院、同一天下午开庭开打，这在近年来的北京朝阳法院也是极其少见的。
75 5 3 1 1
但据了解，面对王宝强决定亲自出庭的态度，马蓉已向法院申请，她不出庭，并申请不公开审理。
5
74 1 1 1 2
封面新闻-华西都市报讯（记者杜恩湖）封面新闻-华西都市报记者从北京获悉：备受关注的王宝强[微博]与马蓉的离婚案官司，将于10月18日中午1时30分在北京朝阳法院开庭。
74 2 1 2 2
据悉，王宝强本人将亲自和律师张起淮一起出庭。
74 3 2 1 2
封面新闻-华西都市报记者今早还同时独家获悉：马蓉诉王宝强名誉侵权案，也将在王宝强诉马蓉离婚案之后的10月18日下午4时开庭。
74 4 2 2 2
据悉，夫妻俩的两场官司，在同一个法院、同一天下午开庭开打，这在近年来的北京朝阳法院也是极其少见的。
74 5 3 1 1
但据了解，面对王宝强决定亲自出庭的态度，马蓉已向法院申请，她不出庭，并申请不公开审理。
2
63 33 19 1 1
“目前情况来看，王宝强很可能存在侵权行为。出轨属于‘个人隐私’的范畴，在婚姻案件中，涉及到个人隐私的内容，不是不能对外陈述，而是必须在合法的范围之内。王宝强即使所言都是真实的，也应在离婚诉讼中出具或陈述这些内容，而不是选择向大众公布。加之双方身份的特殊性，王宝强对马蓉的名誉间接或直接造成了影响，王宝强在这个案件中比较被动。”张律师解释。
63 34 20 1 1
王宝强“维权方式的不正当”，可能会对马蓉诉王宝强名誉侵权案造成影响，不过马蓉要求的赔偿项目和数额是否正当，还需等开庭揭分晓。
4
39 37 18 1 4
此外，马蓉诉王宝强名誉侵权案其实与离婚案相互关联。
39 38 18 2 4
上文可见，如果王宝强诉马蓉出轨证据不足，法院没有判定马蓉出轨事实，则无论在离婚案中还是在马蓉诉王宝强名誉侵权案中，都会成为马蓉的有利反击武器。
39 39 18 3 4
新浪娱乐获悉，离婚案将于11月上旬第二次开庭审理，我们将持续关注事件进展，继续为大家送上普法小课堂。
39 40 18 4 4
（南音/文）
4
46 37 18 1 4
此外，马蓉诉王宝强名誉侵权案其实与离婚案相互关联。
46 38 18 2 4
上文可见，如果王宝强诉马蓉出轨证据不足，法院没有判定马蓉出轨事实，则无论在离婚案中还是在马蓉诉王宝强名誉侵权案中，都会成为马蓉的有利反击武器。
46 39 18 3 4
新浪娱乐获悉，离婚案将于11月上旬第二次开庭审理，我们将持续关注事件进展，继续为大家送上普法小课堂。
46 40 18 4 4
(南音/文)
4
41 30 20 2 2
在王宝强诉马蓉一案的庭前会议中，王宝强围绕马蓉婚内出轨、转移夫妻共同财产及要求分割的共同财产进行了举证；马蓉一方围绕子女身份情况提交了相应证据。
41 31 21 1 3
当日16时，马蓉诉王宝强名誉权案庭前会议举行。
41 32 21 2 3
马蓉一方提交了王宝强发布微博给其造成名誉损害的证据，而王宝强一方则不认可侵害了其名誉权，其虽未当庭提交证据，但表示将在举证期限内提交。
41 33 21 3 3
因原被告双方均表示有证据提交，故法院给双方规定了举证期限。
