1
80 1 1 1 2
新浪娱乐讯据台湾媒体报道，HBO影集《冰与火之歌：权力游戏》第7季收视再创佳绩。
1
78 1 1 1 1
新浪娱乐讯据台湾媒体报道，HBO影集《冰与火之歌：权力游戏》第7季首播再创佳绩，第2集已经在美国时间7月23日播出，由混血女星洁西卡汉维克（JessicaHenwick）饰演的沙蛇小妹纳梅莉亚（Nymeria）被杀死，她日前在受访时谈及此事称，自己在接到剧本之前已经心里有数，因为她在电话中听见两名原创编剧的声音。
1
22 1 1 1 1
新浪娱乐讯据台湾媒体报道，HBO影集《冰与火之歌：权力的游戏》第7季正式画下句点，最后一季粉丝可得耐心等候，而就在本季结束后，不少周边话题也在网路上掀起热议，像是最后一集琼恩雪诺的床戏，现在更有网友发现他的翘臀竟然符合“黄金比例”，笑翻剧迷肚皮。
2
98 1 1 1 1
新浪娱乐讯据台湾媒体报道，HBO影集《冰与火之歌：权力的游戏》第7季将在台湾时间17日播出，男主角基特哈灵顿（KitHarington）近来积极宣传，还登上《吉米基墨脱口秀》（JimmyKimmelLive），假装自己在试镜剧中各角色，“耻度”全开，笑翻网友。
98 2 2 1 1
基特哈灵顿在剧中饰演雪诺，但在这段恶搞短片中，就变成一般素人来试镜，先是穿上女装、长假发扮演瑟曦，脱口“我要去和我弟弟做爱”；之后又变成艾莉亚，用下跪的方式让自己变矮，也扮成女野人耶哥蕊特、阿多、夜王，把每个角色的特色呈现出来，让人一看就知道，但这些还不够，最精彩的便是换上白色假发，露出事业线，反串成龙母，直说“你想看我的‘龙’吗”，下一秒便打开衣服，大秀假奶。
1
99 1 1 1 2
新浪娱乐讯据台湾媒体报道，HBO原创剧集《冰与火之歌：权力的游戏》新一季即将播出，官方公布前3集名称为《龙石岛》、《生于风暴》和《女王的正义》（暂译）。
3
15 1 1 1 1
新浪娱乐讯据台湾媒体报道，英国女星艾米莉亚·克拉克（EmiliaClarke）因在《冰与火之歌：权力的游戏》中饰演“龙母”一角而备受关注，她在剧中一直以来都是以金色长发亮相，但是她日前突然在IG上晒出一张自拍照，她不仅将头发剪短到耳下3公分，并且还将原本的棕发染成金色并宣告，“艾米莉亚终于与龙母见面啦”。
15 2 2 1 1
艾米莉亚18日在IG上晒出一张自拍照，画面中她顶着一头金色短发，虽然看起来仍非常湿，但是明显她已经挥别过去的招牌长发，将头发剪到耳下3公分的长度，浅金色的发色将她的肌肤映衬得更为白皙，看起来更有活力，她在发文中宣告自己终于与龙母相见了，不再需要“龙母的假发”，“在这么多年后，终于把那神奇的时刻变成现实了”，但她也指出不会忘记那8年间陪着自己的《冰与火》假发。
15 3 3 1 1
《冰与火之歌》的最后一季即将拍摄，艾米莉亚·克拉克突然选在这个时候将长发剪短，并染成与剧中角色的发色，引来粉丝一阵热议，虽然她尚未公布改变发型的原因，但是有影迷猜测是因为是要遵从原着的角色设定，书中“龙母”丹妮莉丝曾经因为发生意外，而失去了一部分金色长发，在过去几季当中，艾米莉亚的假发也曾被嫌太长，因此在最后一季当中，影迷猜测可能是为了更贴合剧情，所以艾米莉亚将头发染成金色并剪短了。
1
52 1 1 1 2
新浪娱乐讯据台湾媒体报道，《冰与火之歌：权力游戏》正在播出第7季，开播至今已经5年多，人气不减反增，尤其是第7季在播出后，再次重新刷新了HBO的纪录，再创佳绩。
4
57 1 1 1 1
新浪娱乐讯据台湾媒体报道，先前入侵美国有线电视频道HBO的黑客组织，以“史密斯先生”之名，7日再度在网络上散播遭窃档案，其中包含热门美国影集《冰与火之歌：权力的游戏》（GameofThrone）最新集数剧本，要求HBO付数百万美元赎金，否则将再度流出相关文件。
57 2 2 1 1
遭流出的档案包含5集的《权力的游戏》剧本，内有即将播出的最新一集内容，另有HBO制片副总裁柯恩（LeslieCohen）长达一个月的电子邮件，以及公司内部文件，包含法律文件、执行高层的工作推荐信。
57 3 3 1 2
黑客声称，手上仍握有更多资料，包括剧本、即将播出的影集与电影、以及有损HBO的文件资料。
57 4 3 2 2
一份给HBO执行长普莱普勒（RichardPlepler）的影片中，黑客威胁若不付赎金，将进一步披露更多相关档案，且要求付“六个月的比特币薪水”的赎金，意味着至少600万美元（约人民币4千万元）。
1
79 1 1 1 1
新浪娱乐讯据台湾媒体报道，HBO影集《冰与火之歌：权力的游戏》（GameOfThrones）风靡全世界，第7季首播刷新该频道纪录，再创佳绩，第2集已经在美国时间23日播出，由混血女星杰西卡-亨维克（JessicaHenwick）饰演的沙蛇小妹纳梅莉亚（Nymeria）被杀死，她日前在受访时谈及此事称，自己在接到剧本之前已经心里有数，因为她在电话中听见两名原创编剧的声音。
1
49 1 1 1 1
新郎娱乐据台湾媒体报道，HBO剧集《权力的游戏》第七季第4集迎来本季首场大战，龙母骑着龙横扫兰尼斯特大军，让剧迷看得超过瘾，但是她的盟友一一被击败，她究竟该怎么办？在最新的第5集，一位消失了好几季的角色突然现身，更藏了不少重点铺陈。
1
27 1 1 1 1
新浪娱乐讯据台湾媒体报道，《权力的游戏》第7季终于在28日迎来最后一集“TheDragonandtheWolf”，在这集当中雪诺与龙母的感情戏终于有了一个结果，两人在船上发生了性关系，但两人的关系其实是姑姑与侄子，对此饰演龙母的艾米莉亚·克拉克（EmiliaClarke）表示，“感觉真的很奇怪”，随后还做出一副作呕的样子，让人笑翻。
4
58 1 1 1 1
新浪娱乐讯据台湾媒体报道，先前入侵美国有线电视频道HBO的黑客组织，以“史密斯先生”之名，7日再度在网络上散播遭窃档案，其中包含热门美国影集《冰与火之歌：权力游戏》（GameofThrone）最新集数剧本，要求HBO付数百万美元赎金，否则将再度流出相关文件。
58 2 2 1 1
遭流出的档案包含5集的《权力游戏》剧本，内有即将播出的最新一集内容，另有HBO制片副总裁柯恩（LeslieCohen）长达一个月的电子邮件，以及公司内部文件，包含法律文件、执行高层的工作推荐信等。
58 3 3 1 2
黑客声称，手上仍握有更多资料，包括剧本、即将播出的影集与电影、以及有损HBO的文件资料。
58 4 3 2 2
一份给HBO执行长普莱普勒（RichardPlepler）的影片中，骇客威胁若不付赎金，将进一步披露更多相关档案，且要求付“六个月的比特币薪水”的赎金，意味著至少600万美元。
