3 21 11 1 1
阿根廷和尼日利亚被同分入D组，这是两支国家队第五次在世界杯小组赛中相遇，在两队此前的4次世界杯小组赛（1994年、2002年、2010年和2014年）交手中，阿根廷国家队取得全胜。
8 9 3 1 2
也有球迷觉得，俄罗斯虽然小组出线没太大问题，但在淘汰赛一上来就可能遭遇西班牙或葡萄牙，这对东道主来说也是烦心事，不能打进八强对东道主来说难言成功，因此他们也只是得了一个“中签”。
8 10 3 2 2
记者：“世界杯小组赛的对战阵容最终揭晓，虽然没有产生真正意义上的死亡之组，但是无论是西班牙遭遇葡萄牙，还是巴西抽到的幸运签，球迷们更为期待的都是可以在2018年世界杯赛决赛阶段的赛场上，欣赏到各大高手狭路相逢的巅峰对决。”结果波澜不惊仪式“星光熠熠”虽然32强的分组抽签结果波澜不惊，但这场在克里姆林宫举行的抽签仪式，还是非常精彩。
9 1 1 1 1
2018年俄罗斯世界杯小组赛分组抽签仪式于北京时间昨天晚上11点，在莫斯科克里姆林宫举行。
9 23 10 1 4
考虑到俄罗斯与中国的时差，明年世界杯小组赛阶段的比赛大多会在北京时间晚上8点、10点和11点进行，可以说是黄金时间了。
9 24 10 2 4
个别场次会在凌晨2点或3点开球，但比起巴西世界杯的晨昏颠倒，也是基本能够容忍的。
11 53 20 1 3
本届世界杯小组赛，除了西班牙和葡萄牙这对老熟人之外，还有些彼此间非常熟悉的对手，比如说英格兰打比利时。
11 54 20 2 3
看看比利时的阵容吧，主帅是前埃弗顿主帅马丁内斯，助教是前阿森纳功勋亨利；球队的两个队长，一个是曼城队长孔帕尼，另一个是切尔西核心阿扎尔。
11 55 20 3 3
而比利时的中场核心是曼城的德布劳内，他们的主力中锋是曼联的卢卡库，门将是切尔西的库尔图瓦，后防线上有热刺的维尔通亨和阿尔德雷维尔德，中场还有曼联的费莱尼；而替补席上还有热刺的登贝莱，水晶宫的本特克，切尔西的巴楚亚伊，利物浦的米尼奥莱等人。
13 1 1 1 3
2018年俄罗斯世界杯小组赛抽签仪式在莫斯科的克里姆林宫落下帷幕，32支国家队被分为8个小组，将于明年夏天争夺第21届世界杯的桂冠。
13 2 1 2 3
根据抽签结果，世界排名前八位的国家队中，除排名第三的葡萄牙和排名第八的西班牙同组以外，其他队都被分在不同组中。
13 3 1 3 3
比利时和英格兰两个英超大户将上演英超内战！
16 1 1 1 2
中新网北京12月2日电北京时间12月1日深夜，2018年俄罗斯世界杯小组赛分组抽签仪式在俄罗斯莫斯科克里姆林宫举行，32强分组结果尘埃落定。
16 2 1 2 2
这意味着明年6月，全球32强时隔四年将齐聚俄罗斯重燃战火，争夺大力神杯的至上荣耀。
20 1 1 1 1
中青在线北京12月2日电（中国青年报·中青在线记者郭剑）北京时间12月2日凌晨，2018俄罗斯世界杯小组赛抽签仪式在莫斯科克里姆林宫结束，众多球迷期待的“死亡小组”没有出现，东道主俄罗斯队将与亚洲球队沙特阿拉伯队进行揭幕战。
25 1 1 1 2
新华网莫斯科12月1日电1日，2018年俄罗斯世界杯小组赛分组抽签仪式在莫斯科举行，32强分组结果尘埃落定。
25 2 1 2 2
作为2018年俄罗斯世界杯的官方赞助商，当天，vivo也正式将第一批世界杯官方手机移交给国际足联。
27 13 5 1 4
二档最强的西班牙队进入了B组，同组的种子队是C罗领衔的欧洲杯冠军葡萄牙，此外还有摩洛哥与伊朗。
27 14 5 2 4
西班牙队与葡萄牙队的强强对话不仅是本组的焦点之战，更是整个世界杯小组赛阶段的最大看点之一。
27 15 5 3 4
过往战绩上，西班牙稍占上风。
33 1 1 1 2
北京时间12月1日23时（俄罗斯当地时间18时），2018年世界杯小组赛抽签在莫斯科克里姆林宫举行。
33 2 1 2 2
西班牙与葡萄牙同组；英格兰抽到比利时。
33 14 9 1 1
两队在历史上交战过1场，葡萄牙队在1986墨西哥世界杯小组赛中1比3不敌摩洛哥队。
33 15 10 1 2
两队在历史上交战过2场，葡萄牙队2战保持全胜战绩占据绝对优势，进5球未失球；其中两队在世界杯历史上交战过一场，葡萄牙队2006德国世界杯小组赛中以2比0轻取对手。
33 16 10 2 2
其中两队在友谊赛历史上交战过一场，葡萄牙队在1972年6月的友谊赛中以3比0完胜对手。
33 29 21 1 2
两队在历史上交战过4场，阿根廷队2胜1平1负占据优势，进5球失4球；其中两队在世界杯历史上交战过一场，阿根廷队在1998法国世界杯小组赛中以1比0小胜克罗地亚队。
33 30 21 2 2
其中两队在友谊赛历史上交战过3场，阿根廷队1胜1平1负与克罗地亚平分秋色，进4球失4球。
33 36 26 1 2
两队在历史上交战过8场，巴西队3胜3平2负占据优势，进10球失8球；其中两队在世界杯历史上交战过一场，巴西队在1950巴西世界杯小组赛中与瑞士2比2战平。
33 37 26 2 2
其中两队在友谊赛历史上交战过7场，巴西队3胜2平2负稍占上风，进8球失6球。
33 43 30 1 3
两队（包括前南斯拉夫）在历史上交战过13场，瑞士队2胜5平6负处于下风，进16球失29球；其中两队在世界杯历史上交战过一场，瑞士队在1950巴西世界杯小组赛中以0比3不敌前南斯拉夫。
33 44 30 2 3
其中两队在世界杯预选赛中交战过3场，瑞士队2平1负未有胜绩处于下风，进4球失5球。
33 45 30 3 3
其中两队在友谊赛中交战过9场，瑞士队2胜3平4负处于下风，进12球失21球。
33 54 35 1 2
两队在历史上交战过9场，墨西哥队2胜3平4负处于下风，进5球失8球；其中两队在世界杯历史上交战过一场，墨西哥队在1958世界杯小组赛中以3比0战胜墨西哥队。
33 55 35 2 2
两队在友谊赛历史上交战过8场，墨西哥队2胜3平3负稍处下风，进5球失5球。
33 56 36 1 3
两队在历史上交战过7场，墨西哥队3胜1平3负与韩国队平分秋色，进12球失8球；其中两队在世界杯历史上交战过一场，墨西哥队在1998法国世界杯小组赛中3比1战胜韩国队。
33 57 36 2 3
两队在联合会杯历史上交战过一场，墨西哥队在2001联合会杯小组赛中1比2不敌韩国队。
33 58 36 3 3
两队在友谊赛历史上交战过8场，墨西哥队5胜1平2负占据优势，进17球失7球。
33 61 39 1 1
两队在历史上交战过3场，比利时队1胜1平负与突尼斯平分秋色，进3球失3球；其中两队在世界杯历史上交战过一场，比利时队在2002日韩世界杯小组赛中1比1与突尼斯战平。
33 66 43 1 1
两队在历史上交战过2场，突尼斯队1平1负未有胜绩处于下风，进1球失3球；其中两队在世界杯历史上交战过一场，突尼斯队在1998法国世界杯小组赛中以0比2完败给英格兰队。
33 73 50 1 1
两队在历史上交战过3场，哥伦比亚队队2胜1平保持不败战绩占据优势，进5球失3球；其中两队在世界杯历史上交战过一场，哥伦比亚队在2014世界杯小组赛中以4比1完胜日本队。
42 1 1 1 2
【环球网综合报道】北京时间12月1日晚间23点(俄罗斯当地时间下午16点)，2018年俄罗斯世界杯小组赛抽签仪式在莫斯科克里姆林宫音乐大厅进行。
42 2 1 2 2
世界杯32强按照世界排名分为4档，经过分组抽签，明年世界杯的8个小组全部产生。
46 1 1 1 2
北京时间12月1日23时（俄罗斯当地时间18时），2018年世界杯小组赛抽签在莫斯科克里姆林宫举行。
46 2 1 2 2
西班牙与葡萄牙同组；英格兰抽到比利时。
51 1 1 1 2
12月1日，2018年俄罗斯世界杯小组赛分组抽签仪式在俄罗斯莫斯科克里姆林宫举行。
51 2 1 2 2
作为2018FIFA俄罗斯世界杯的官方赞助商，中国品牌vivo也正式将第一批官方手机移交给FIFA组委会。
73 5 5 1 1
12月1日，2018年世界杯抽签仪式将在莫斯科克里姆林宫举行，届时将公布2018年世界杯小组赛对阵情况，入围世界杯决赛的32支球队将被分为8个小组进行角逐，所有的比赛场次也将最终确定。
96 22 9 1 2
2010年世界杯冠军西班牙队在当期排名中位列法国队之后，未能成为种子队，而是落入到第二档。
96 23 9 2 2
同时进入第二档的前世界冠军队还有乌拉圭与英格兰，再加上三档的丹麦与瑞典、四档的塞尔维亚等劲旅，虽然抽签有回避规则，但世界杯小组赛还是可能出现不止一个“死亡之组”。
98 6 3 1 1
世界杯小组赛的分组抽签将于北京时间12月1日在俄罗斯进行。
