3
49 1 1 1 3
北京时间12月1日晚23时许，俄罗斯世界杯决赛阶段分组抽签仪式将在克里姆林宫上演。
49 2 1 2 3
随着32强分组形势的出炉，世人瞩目的2018年俄罗斯世界杯关注度越发火热。
49 3 1 3 3
本届杯赛将是国际足联第21届世界杯足球赛，有哪些是你必须get的世界杯知识点？本次世界杯抽签规则、分组流程又有哪些新变化？央视新闻帮你全方位解读↓↓
2
50 1 1 1 2
俄罗斯当地时间12月1日晚上6点，也就是北京时间晚上11点，2018年俄罗斯世界杯决赛阶段比赛分组抽签仪式将在克里姆林宫进行。
50 2 1 2 2
据克里姆林宫消息，俄罗斯总统普京将出席今天的抽签仪式。
2
67 1 1 1 2
作为国际足联的官方支付服务合作伙伴，Visa(纽交所：V)发布了2018年俄罗斯世界杯的相关旅游和消费数据，迎接即将到来的2018年俄罗斯世界杯决赛阶段抽签仪式。
67 2 1 2 2
Visa将在所有国际足联官方场馆安装POS终端，受理Visa信用卡或借记卡以及各种数字支付形式，例如手机或手表支付，为球迷提供多种电子支付体验。
1
68 2 2 1 1
北京时间12月1日夜，2018年俄罗斯世界杯决赛阶段的抽签仪式就将在莫斯科举行。
1
68 12 11 1 1
进入2018年世界杯决赛阶段的32强中，东道主俄罗斯队是今年10月公布的世界排名中，位居32强末位的那一支。
1
85 10 7 1 1
好在中国足球正在慢慢改变贫瘠土壤的现状，相关部门对校园足球的扶持，使得越来越多的孩子走上绿茵场去体会足球的快乐，而根据国际足联的改革计划，2026年中国足球冲击世界杯或可梦想成真——尽管93年龄段、95年龄段和97年龄段几支国字号球队近年来在亚青赛最好成绩只是一次小组出线且连续6届无缘世青赛，但2026年世界杯扩军决议已经形成，届时世界杯决赛阶段参赛球队将由目前的32支增加到48支，而亚洲的出线席位也在今年国际足联理事会上确定为8.5个，这为国足打进世界杯决赛圈提供了最有力保障。
3
86 31 13 1 3
当然中国申办肯定也有难题，首先就是此前国际足联的轮流举办的规定。
86 32 13 2 3
同一个大洲，至少需要间隔两届才能申办世界杯，这是大家都知道的明规则。
86 33 13 3 3
不过如今这一规定已经被修改为“原则上，世界杯决赛阶段比赛的主办权不能授予承办过此前两届的同一大洲的会员协会。但如果环境要求，理事会可以根据申办规则作出其他决定。”相当于国际足联为中国申办2030年世界杯开了绿灯。
1
87 9 8 1 1
等到了世界杯决赛阶段，每当中国队登场，很多中小学都选择以爱国主义教育之名组织学生观看。
2
93 3 2 1 4
北京时间11月16日中午，在2018年俄罗斯世界杯最后一场预选赛中，南美洲第五名秘鲁队主场以2∶0战胜新西兰队，从而以两回合2∶0的总比分淘汰对手，时隔36年再度拿到世界杯决赛阶段的入场券。
93 4 2 2 4
至此，俄罗斯世界杯的32强全部诞生，巴西队、德国队、西班牙队等传统强队轻松晋级，而意大利队、荷兰队等劲旅却未能如愿突围。
3
93 4 2 2 4
至此，俄罗斯世界杯的32强全部诞生，巴西队、德国队、西班牙队等传统强队轻松晋级，而意大利队、荷兰队等劲旅却未能如愿突围。
93 5 2 3 4
此外，来自欧洲的冰岛队和中北美及加勒比海地区的巴拿马队则将在明年首次登上世界杯决赛阶段比赛的舞台。
93 6 2 4 4
当地时间12月1日，俄罗斯世界杯的分组抽签仪式将在莫斯科的克里姆林宫举行。
2
93 7 3 1 2
3月28日，南美洲的5届世界杯冠军得主巴西队在预选赛中主场以3∶0完胜巴拉圭队，提前4轮锁定了一张俄罗斯世界杯的入场券，也成为首支顺利晋级32强的球队。
93 8 3 2 2
与此同时，桑巴军团延续着自己从未缺席任何一次世界杯决赛阶段比赛的骄人纪录，明年夏天，他们将在俄罗斯迎来自己第二十一次世界杯之旅。
3
93 16 7 1 3
就在32强全部产生的这一天，3天前在欧洲区预选赛附加赛中被淘汰出局的意大利队宣布解雇主帅文图拉。
93 17 7 2 3
北京时间11月14日凌晨，意大利队在主场圣西罗球场以0∶0被瑞典队逼平，从而以0∶1的总比分遗憾地与俄罗斯世界杯决赛圈擦肩而过。
93 18 7 3 3
作为4届世界杯冠军得主，“蓝衣军团”自1958年以来首次无缘世界杯决赛阶段比赛，也成为8支世界杯冠军球队中唯一未能获得俄罗斯世界杯入场券的球队。
