5 2 2 1 1
主业画画，偶尔看球的刘画家从我手里拿过手机，浏览了一下俄罗斯世界杯的32强名单，幽幽感叹说，世界杯决赛圈的弱队就是多。
13 8 6 1 1
世界杯决赛圈的比赛将于2018年6月14日至7月15日期间进行，其中揭幕战俄罗斯VS沙特，将在北京时间2018年6月14日晚23:00打响，决赛时间为7月15日23:00。
16 4 3 1 2
具体来说，阿根廷所在的D组充满变数：克罗地亚无论是整体实力，还是个人能力，都堪称世界顶级强队，他们必将给阿根廷队制造不小的麻烦；尽管冰岛队是首次杀入世界杯决赛圈，但他们在预选赛力压克罗地亚获得小组头名的表现，证明了这支队伍是个“难啃的骨头”；作为非洲诸队中实力最强、大赛经验最丰富的尼日利亚，更是拥有多位世界级球星，想要从这支非洲劲旅身上拿分并不容易。
16 5 3 2 2
即使小组赛突围，阿根廷在四分之一决赛便很可能遭遇西班牙或葡萄牙这样的顶级强队，可以说，阿根廷的签运极差。
19 12 7 1 3
德国队主教练约阿希姆·勒夫同样出言谨慎。
19 13 7 2 3
他表示，同在F组的瑞典队能杀进世界杯决赛圈一点也不让人意外，该队实力强大、战绩出众，德国队同瑞典队的比赛不会轻松。
19 14 7 3 3
“我关注过瑞典队球员，他们能力均衡，作风顽强，经验丰富，充满自信，防守出色。在2012年巴西世界杯欧洲区预选赛中德国与瑞典队4:4战平，而且瑞典人是下半场连入4球，令人震惊。瑞典队以自己的表现告诉世人：足球场上什么都有可能发生”。
21 55 20 1 2
晋级世界杯决赛圈后主帅斯拉沃柳布·穆斯林下课。
21 56 20 2 2
目前的临时主帅是穆拉登·科尔斯塔季奇，他同时也是波黑俱乐部比耶利纳工人的主席。
21 65 24 1 3
连续第9次进入世界杯决赛圈。
21 66 24 2 3
虽然只有2002年（第4名）和2010年（16强）突破小组赛，但每届比赛都有进球。
21 67 24 3 3
主帅申台龙球员时代曾代表国家队出场23次，但未能入选1994年世界杯大名单。
27 34 13 1 2
算上这回，“非洲雄鹰”尼日利亚共6次入围世界杯决赛圈，其中5次与“潘帕斯雄鹰”阿根廷队分在同一个小组。
27 35 13 2 2
此前4次交手尼日利亚队全败，不过上个月的热身赛，“非洲雄鹰”4-2击败阿根廷，这给予了球迷更多遐想的空间。
31 1 1 1 3
【环球时报综合报道】北京时间12月1日晚，2018年俄罗斯世界杯分组抽签仪式在莫斯科克里姆林宫举行，俄总统普京出席。
31 2 1 2 3
根据抽签结果，世界排名前八位的国家队中，除排名第三的葡萄牙和排名第八的西班牙同组以外，其他队都被分在不同组中。
31 3 1 3 3
有分析认为，此次世界杯决赛圈没有绝对意义的死亡之组。
37 1 1 1 1
北京时间12月1日晚23时，2018年世界杯决赛圈分组抽签仪式在俄罗斯首都莫斯科的克里姆林宫举行。
44 1 1 1 2
北京时间12月1日晚23时，2018年世界杯决赛圈分组抽签仪式在俄罗斯首都莫斯科的克里姆林宫举行。
44 2 1 2 2
作为东道主，俄罗斯总理普京在仪式的开始发表了讲话，欢迎32支参赛球队。
57 1 1 1 1
就在俄罗斯世界杯决赛圈分组抽签前夕，国际足联公布了本届世界杯第一阶段门票的销售情况——截至11月30日，这一阶段售出的门票已近75万张。
57 2 2 1 1
据国际足联相关负责人介绍，第一阶段售出的75万张门票中的绝大部分被俄罗斯人买走，而并未进入世界杯决赛圈的美国则排在购票数的第二位，来自巴西、德国和中国球迷依次包揽了购票排行榜的前五位。
82 1 1 1 1
央视网消息：意大利足协主席塔维奇奥在20号的一次会议中正式辞职，这一人事变动被意大利媒体视为意大利国家队60年来首次无缘世界杯决赛圈的连锁反应。
82 2 2 1 2
意大利队在2018年俄罗斯世界杯预选赛附加赛中总比分0：1被瑞典队淘汰，自1958年以来首次无缘世界杯决赛圈，其后主帅文图拉下课。
82 3 2 2 2
关于塔维奇奥应该引咎辞职的声音也不绝于耳，但他本人在辞职前一直坚称会让意大利足球重整旗鼓。
85 2 2 1 1
5支亚洲球队进入世界杯决赛圈，是亚洲足球不断进步的最好证明——小组赛只输1场却因净胜球关系被沙特队挤到附加赛的澳大利亚队战胜洪都拉斯队，为亚洲足球带来荣耀时刻，不过国际足坛重心仍在欧洲，欧洲区预选赛的风云变幻才是国际足坛主要议题。
85 10 7 1 1
好在中国足球正在慢慢改变贫瘠土壤的现状，相关部门对校园足球的扶持，使得越来越多的孩子走上绿茵场去体会足球的快乐，而根据国际足联的改革计划，2026年中国足球冲击世界杯或可梦想成真——尽管93年龄段、95年龄段和97年龄段几支国字号球队近年来在亚青赛最好成绩只是一次小组出线且连续6届无缘世青赛，但2026年世界杯扩军决议已经形成，届时世界杯决赛阶段参赛球队将由目前的32支增加到48支，而亚洲的出线席位也在今年国际足联理事会上确定为8.5个，这为国足打进世界杯决赛圈提供了最有力保障。
85 13 9 1 1
不过按照多位业内专家的分析，中国足协申办2034年世界杯是更加稳妥的做法（阿根廷、巴拉圭和乌拉圭南美三国高调提出联办2030年世界杯申请并且志在必得），因此对于力求从低谷中崛起的中国足球而言，学习冰岛做好基础建设、努力提高包括基层教练和基层裁判在内的从业人员业务能力，才能保证昂首征战世界杯决赛圈赛事。
91 1 1 1 2
北京时间昨天，南美区的秘鲁队在世预赛附加赛中战胜新西兰队，拿到了2018年世界杯决赛圈的最后一张门票。
91 2 1 2 2
至此，俄罗斯世界杯32强全部揭晓。
91 5 3 1 3
值得一提的是，率领秘鲁队圆了世界杯梦的是阿根廷主帅卡多·加雷卡，而在32年前，正是加雷卡的进球帮助“潘帕斯雄鹰”出线，并将秘鲁队挤到了附加赛，后者在附加赛中输球最终无缘墨西哥世界杯，从那以后开始了连续无缘8届世界杯的历史。
91 6 3 2 3
如今，加雷卡率领球队为秘鲁人打破宿命。
91 7 3 3 3
不过让人意想不到的是，32年前挤掉秘鲁队的阿根廷队夺得那一届世界杯冠军，但在预选赛上挽救了球队的加雷卡居然没有参加世界杯决赛圈的比赛。
91 8 4 1 2
此外，有多支队伍时隔多年后重返世界杯决赛圈，第32个出线的秘鲁队是阔别世界杯正赛时间最长的，他们上一次打决赛圈是1982年的世界杯，随后是埃及和摩洛哥队，分别时隔28年和20年重返世界杯正赛。
91 9 4 2 2
另外，冰岛队和巴拿马队是本届世界杯的两支新军。
92 1 1 1 1
昨天2018俄罗斯世界杯决赛圈32强出炉，虽然热闹是别人的，但中国球迷的热情很快被另一则新闻点燃：国家队主教练里皮透露，中国足协将申办2030世界杯。
93 16 7 1 3
就在32强全部产生的这一天，3天前在欧洲区预选赛附加赛中被淘汰出局的意大利队宣布解雇主帅文图拉。
93 17 7 2 3
北京时间11月14日凌晨，意大利队在主场圣西罗球场以0∶0被瑞典队逼平，从而以0∶1的总比分遗憾地与俄罗斯世界杯决赛圈擦肩而过。
93 18 7 3 3
作为4届世界杯冠军得主，“蓝衣军团”自1958年以来首次无缘世界杯决赛阶段比赛，也成为8支世界杯冠军球队中唯一未能获得俄罗斯世界杯入场券的球队。
93 24 9 3 4
与意大利队类似，荷兰队也在经历着人才断档所造成的困难。
93 25 9 4 4
此外，上届美洲杯冠军智利队，今年的非洲国家杯冠军喀麦隆队以及中北美及加勒比海地区金杯赛冠军美国队均未能晋级俄罗斯世界杯决赛圈。
94 29 13 1 4
参加世界杯决赛圈的分成也不复存在。
94 30 13 2 4
2014年巴西世界杯，美国队杀入16强，分到了1050万美元。
94 31 13 3 4
缺席世界杯，会对美国足协的赞助招商以及与美国足球相关的利益攸关方产生负面影响。
94 32 13 4 4
美国职业足球大联盟发表声明称：“美国队冲击2018年俄罗斯世界杯决赛圈失利，对美国所有从事足球运动的人来说都是一个挫折。”
95 1 1 1 2
随着秘鲁在世界杯附加赛中淘汰新西兰，进入2018年俄罗斯世界杯决赛圈的32支球队也全部确定。
95 2 1 2 2
在经历了各大洲预选赛的激烈突围后，这32支球队又将要在世界杯正赛的舞台上展开厮杀，如今他们就要迎来登顶世界之巅的第一关——分组抽签。
96 6 3 1 3
这是意大利队60年来首次被挡在世界杯决赛圈的大门外，蓝衣军团上次无缘还要追溯到1958年，那届世界杯恰好在瑞典进行。
96 7 3 2 3
老队长布冯的国脚生涯也在这场失利后画上了句号，他国家队的出场次数停留在了175次。
96 8 3 3 3
紧随这位39岁的传奇门将，德罗西、巴尔扎利、基耶利尼等老臣也选择脱下蓝色战袍，意大利队将面临新老换代的节点。
96 13 5 1 2
有失意者，自然就会有新面孔。
96 14 5 2 2
巴拿马、冰岛历史首次晋级世界杯决赛圈，埃及、摩洛哥、秘鲁等球队也是时隔许久后重返世界杯大家庭。
96 15 6 1 2
两回合淘汰洪都拉斯后，澳大利亚队搭上了通往俄罗斯世界杯的末班车，这支球队在通过了两轮附加赛的考验后才得以突出重围。
96 16 6 2 2
韩国、日本、伊朗、沙特、澳大利亚，亚足联旗下有五支球队入围世界杯决赛圈，这也是史上首次。
96 20 8 1 2
根据规则，排名前7位的球队以及东道主俄罗斯队，将成为世界杯决赛圈32强分组抽签的种子队。
96 21 8 2 2
他们分别是：俄罗斯队、德国队、巴西队、葡萄牙队、阿根廷队、比利时队、波兰队和法国队。
98 3 2 1 3
在北京时间16日进行的2017年世界杯预选赛洲际附加赛第二回合比赛中，秘鲁主场以2：0击败了新西兰队。
98 4 2 2 3
获得了最后一个2018年俄罗斯世界杯决赛圈席位。
98 5 2 3 3
至此，俄罗斯世界杯的32强全部产生。
100 1 1 1 3
在北京时间16日进行的2017年世界杯预选赛洲际附加赛第二回合比赛中，秘鲁主场以2：0击败了新西兰队。
100 2 1 2 3
获得了最后一个2018年俄罗斯世界杯决赛圈席位。
100 3 1 3 3
至此，俄罗斯世界杯的32强全部产生。
