2
6 1 1 1 2
昨晚，2018俄罗斯世界杯抽签仪式落幕，32强分组以及小组赛赛场随即出炉。
6 2 1 2 2
而为了照顾亚洲球迷的看球时间，保证世界杯收视率，国际足联又对赛程进行了微调，日本、韩国、澳大利亚三支亚洲球队各有1场比赛提前开打，而法国、德国、波兰三队各有1场比赛对调到北京时间的后半夜进行。
1
23 1 1 1 1
北京时间12月2日凌晨，万众瞩目的俄罗斯世界杯抽签仪式终于落下了帷幕，而这次世界杯抽出的8个小组中，东道主的签运尤其引人瞩目，而俄罗斯的签运相当之好，不由得让人浮想联翩。
1
24 1 1 1 1
以宇航员作为倒计时元素，俄罗斯世界杯抽签仪式，果然留给球迷足够开放的想象空间。
2
32 2 2 1 2
据俄罗斯卫星通讯报道，2018俄罗斯世界杯抽签仪式在莫斯科克里姆林宫举行。
32 3 2 2 2
普京表示：“我们翘首以盼世界杯的到来，并有意将其打造成最高水平的一届，使球员得以施展所有技能，展现真正的大足球运动。”
2
38 1 1 1 7
北京时间12月1日，2018年俄罗斯世界杯抽签仪式在莫斯科克里姆林宫举行，中超河北华夏幸福球员张呈栋做客新浪《签动世界》节目时表示我在欧洲这么多年，可能是开阔了眼界吧。
38 2 1 2 7
在有机会参加2018俄罗斯世界杯的中超外援中，我比较熟悉的是维特塞尔。
1
41 1 1 1 1
北京时间12月1日晚，2018年俄罗斯世界杯抽签仪式正式落下帷幕，C罗率领的葡萄牙抽在了B组，而梅西所在的阿根廷队则分到了D组，如果两队分别拿到小组第一，那么两队将会在1/4决赛相遇，而胜者更是有可能遭遇卫冕冠军德国队。
2
61 1 1 1 2
2018年俄罗斯世界杯抽签仪式，明天凌晨将在俄罗斯首都莫斯科的克里姆林宫进行。
61 2 1 2 2
在分组抽签之前，英媒分析了英格兰的抽签前景，并列出了英格兰可能陷入的三大死亡之组。
1
75 1 1 1 1
2018年俄罗斯世界杯抽签仪式将在北京时间本周六凌晨进行，国际足联在今天公布了本届世界杯的官方海报，前苏联传奇门将列夫-雅辛成为了海报的主角。
1
78 1 1 1 1
新华社苏黎世11月21日电国际足联官网21日宣布，包括卡纳瓦罗、马拉多纳在内的7名足坛巨星将以世界杯抽签助手的身份出席12月1日在莫斯科克里姆林宫举行的2018年俄罗斯世界杯抽签仪式。
2
80 3 2 1 2
参加2018年俄罗斯世界杯抽签仪式的8位嘉宾分别是意大利的卡纳瓦罗、西班牙的普约尔、阿根廷的马拉多纳、法国的布兰科、英格兰的班克斯、巴西的卡福、乌拉圭的弗兰、以及俄罗斯的西蒙尼扬。
80 4 2 2 2
除了来自东道主俄罗斯、现年91岁的足球名宿西蒙尼扬外，其余7人均是来自曾获得世界杯冠军的国家的名宿。
1
81 1 1 1 1
北京时间11月21日，国际足联公布了参加2018年俄罗斯世界杯抽签仪式的嘉宾名单，一共有8位足坛名宿将出席这次抽签。
