3
2 2 2 1 3
昨日（12月1日）记者从四川省疾病预防控制中心获悉，首批四价疫苗已经到货，预计12月5日成都市玉林社区卫生服务中心将开打第一针，下周也将覆盖全市。
2 3 2 2 3
到月底，四价疫苗将覆盖全川各地。
2 4 2 3 3
届时，20-45岁的女性皆可到当地社区卫生服务中心、乡镇卫生院接种。
3
2 2 2 1 3
昨日（12月1日）记者从四川省疾病预防控制中心获悉，首批四价疫苗已经到货，预计12月5日成都市玉林社区卫生服务中心将开打第一针，下周也将覆盖全市。
2 3 2 2 3
到月底，四价疫苗将覆盖全川各地。
2 4 2 3 3
届时，20-45岁的女性皆可到当地社区卫生服务中心、乡镇卫生院接种。
3
2 7 5 1 3
据了解，2017年11月13日，四价疫苗首针接种在重庆市第七人民医院李家沱街道社区卫生服务中心开针，沈亚绿成为全国首个接种四价宫颈癌疫苗佳达修的女性。
2 8 5 2 3
此次上市的四价宫颈癌疫苗佳接种程序为0/2/6月各接种一针次，共接种3针次，约1100元一针，适用人群为20-45岁的女性。
2 9 5 3 3
广大女性可以陆续在全国其他城市各社区卫生服务中心、疫苗接种门诊进行咨询、预约或接种。
3
2 7 5 1 3
据了解，2017年11月13日，四价疫苗首针接种在重庆市第七人民医院李家沱街道社区卫生服务中心开针，沈亚绿成为全国首个接种四价宫颈癌疫苗佳达修的女性。
2 8 5 2 3
此次上市的四价宫颈癌疫苗佳接种程序为0/2/6月各接种一针次，共接种3针次，约1100元一针，适用人群为20-45岁的女性。
2 9 5 3 3
广大女性可以陆续在全国其他城市各社区卫生服务中心、疫苗接种门诊进行咨询、预约或接种。
3
3 1 1 1 4
12月1日，记者从省疾病预防控制中心了解到，四价宫颈癌疫苗将在我省落地。
3 2 1 2 4
12月5日，首针将在成都玉林社区卫生服务中心开打。
3 3 1 3 4
据了解，首批3万支疫苗已到货，疫苗将在月底前覆盖全省各地。
3
5 3 1 3 6
采用肌肉注射，首选部位为上臂三角肌，采用三剂程序，即0、1、6月接种，每剂0.5mL。
5 4 1 4 6
由于是第二类疫苗，知情、自愿、自费接种，在社区卫生服务中心，定价每支585.5元，三剂程序共1756.5元。
5 5 1 5 6
该疫苗适用于9-25岁的女性，市民如需接种疫苗，可向社区接种门诊和特需门诊提前致电预约。
1
8 15 12 1 1
早在今年8月15日，葛兰素中国（下简称GSK）便与阿里健康联手打造的合作项目“瑞至—成人疫苗服务项目”已启动，该项目推出成人疾病预防创新服务，并宣称到今年底，项目将覆盖包括北京、上海、广州、武汉等上百个城市的1500家社区卫生服务中心。
2
11 4 3 1 2
27日上午，省预防医学会、省疾病预防控制中心召开我省宫颈癌疫苗上市新闻发布会，即日起20-45岁的女性可根据自身需求在省疾病预防控制中心门诊自费接种。
11 5 3 2 2
据悉，全省各市、区县的首批四价宫颈癌疫苗预计将会在12月中下旬陆续到货，有接种需求的女性可向当地社区卫生服务中心咨询预约。
3
12 20 10 1 3
11月27日起，长沙市民可直接在省疾控中心门诊接种，全省各市、区县的首批四价宫颈癌疫苗预计会在12月中下旬到货，有接种需求的女性可向当地社区卫生服务中心咨询预约。
12 21 10 2 3
省疾控中心副主任高立冬表示，首批预计20000支。
12 22 10 3 3
按照当前各区县疾控计划，基本能满足群众需求。
1
14 7 5 1 1
全省各市、区县的首批四价HPV疫苗，预计会在12月中下旬陆续上市，有接种需求的女性可以向当地社区卫生服务中心咨询预约。
1
16 1 1 1 1
[宫颈癌疫苗供不应求预约接种需趁早]今天中午11点半，记者在南宁市七星社区卫生服务中心看到，尽管接种高峰已过，但依然有不少市民赶着在医生下班前把宫颈癌疫苗的第一针给打了。
2
17 1 1 1 2
[松江宫颈癌疫苗已到位，9-25岁的女性居民们可就近接种啦！]#便民提示#松江的妹子们请注意！@上海松江发布说：松江已经开始二价HPV疫苗（俗称宫颈癌疫苗）的接种服务。
17 2 1 2 2
符合接种对象的女性居民可携本人身份证（女童另携绿色接种本）自行前往全区20家社区卫生服务中心及分中心接种门诊（地址及、开设时间和咨询电话见下图），接种后请留观30分钟哦~PS，全市各区的二价HPV疫苗都在陆续到货中哦~~
1
18 3 3 1 1
朗镇社区卫生服务中心公卫医师梁玉莹告诉记者：“这个疫苗的接种程序是016，就是说今天你打了，一个月之后，还有半年之后还要各接种一针，一共是接种三针。主要是针对十六型和十八型的人乳头瘤病毒。主要预防的是适合的人群，现在就是九到二十五岁，其他年龄段暂时不适宜接种。”
2
19 3 3 1 2
昨日上午，记者从市疾控中心了解到，想要打四价宫颈癌疫苗的市民可以在全市社区卫生服务中心预定。
19 4 3 2 2
除了预定的方式之外，等疫苗到货后，市民再去市疾控中心及各社区卫生服务中心交费也可以接种。
2
19 3 3 1 2
昨日上午，记者从市疾控中心了解到，想要打四价宫颈癌疫苗的市民可以在全市社区卫生服务中心预定。
19 4 3 2 2
除了预定的方式之外，等疫苗到货后，市民再去市疾控中心及各社区卫生服务中心交费也可以接种。
1
19 5 4 1 1
以潭西社区卫生服务中心为例，市民来预定的话，需交300元定金，届时等疫苗到货后就可以打了。
1
26 1 1 1 1
11月15日下午，在武汉市洪山区关山街华中科技大学社区卫生服务中心，20岁华中科技大学女学生李某成功接种了该疫苗，成为第一个在湖北本地接种该疫苗的居民。
2
26 43 27 1 2
提供该疫苗接种的医疗卫生机构。
26 44 27 2 2
和其他疫苗一样，武汉市民在有预防接种门诊的社区卫生服务中心或乡镇卫生院，武汉以外的地区在有预防接种门诊的医疗卫生机构。
2
26 45 28 1 2
我省首批二价宫颈癌疫苗到货29500支，接下来陆续会有疫苗补充，暂时供应充足；目前武汉市中心城区（洪山、硚口、江汉、江岸、青山、武昌、汉阳等7个区）大部分具有接种资质的社区均可接种该疫苗，具体接种时间请咨询相关社区卫生服务中心。
26 46 28 2 2
仙桃、荆州、潜江也已到货，预计下周湖北省大部分地级市都可接种该疫苗。
2
26 47 29 1 2
只有采购了该疫苗并已到货的社区卫生服务中心就可以打。
26 48 29 2 2
具体咨询当地的社区卫生服务中心。
2
26 47 29 1 2
只有采购了该疫苗并已到货的社区卫生服务中心就可以打。
26 48 29 2 2
具体咨询当地的社区卫生服务中心。
2
29 5 3 1 2
目前，云南省首批4700余支四价宫颈癌疫苗正陆续配送至各接种点。
29 6 3 2 2
预计一周后，广大女性可以陆续在云南全省各地州各社区卫生服务中心、疫苗接种门诊进行咨询、预约或接种。
2
30 3 3 1 2
此次上市的四价宫颈癌疫苗“佳达修”接种程序为0/2/6月各接种一针次，共接种3针次，疫苗的价格为825元/支，适用人群为20—45岁的女性。
30 4 3 2 2
自今天接种之后，广大女性可以陆续在云南省各地州社区卫生服务中心、疫苗接种门诊进行。
1
31 6 4 1 1
据悉，11月13日下午，我国内地首批上市的四价宫颈癌疫苗，在重庆市巴南区李家沱街道社区卫生服务中心接种了第一针，这也意味着历时十年临床试验的四价宫颈癌疫苗正式面向国人。
1
36 2 2 1 1
20-45岁女性可以在重庆接种宫颈癌疫苗了！昨日下午，四价宫颈癌疫苗佳达修中国内地首针接种在重庆市巴南区李家沱社区卫生服务中心开针。
1
36 3 3 1 1
当日上午1080支四价宫颈癌疫苗佳达修送到巴南区，预计本月内重庆各区县将会陆续到货，有接种需求的女性可以向当地社区卫生服务中心咨询。
1
36 4 4 1 1
当日下午2点，沈亚绿女士在李家沱社区卫生服务中心完成四价宫颈癌疫苗佳达修接种，她也成为首位接种该疫苗的女性。
1
36 14 12 1 1
疫苗供应方相关负责人介绍，自当天接种之后，广大女性可以陆续在全国其他城市各社区卫生服务中心、疫苗接种门诊进行咨询、预约或接种。
3
37 2 1 2 4
同时,流感疫苗也开始接种。
37 3 1 3 4
截至目前,我市已有16个镇街(园区)社区卫生服务中心订购了二价HPV疫苗,市疾控中心已于11月6日开始陆续配送至这16个镇街(园区),预计11月13日完成配送。
37 4 1 4 4
其余的17个镇街(园区)由于前期准备工作尚未就绪,开始接种的时间将会顺延。
3
39 2 1 2 4
此次，上市的默沙东四价HPV疫苗共需接种3针次，价格为952元/支，共需2856元。
39 3 1 3 4
自此次接种之后，广大女性可以陆续在全国其他城市各社区卫生服务中心、疫苗接种门诊进行咨询、预约或接种，智飞生物将作为四价HPV疫苗在中国大陆独家经销商。
39 4 1 4 4
（e公司）
3
40 1 1 1 3
记者今天从相关部门获悉，宫颈癌疫苗在线预约接种服务的范围近日由原来的41个城市扩大至全国100多个城市的800多家社区卫生服务中心，山东共有包括淄博在内的10个城市可以在线预约宫颈癌疫苗接种服务。
40 2 1 2 3
作为严重威胁妇女健康的常见恶性肿瘤，宫颈癌在我国女性生殖系统恶性肿瘤中，发病率和死亡率都居首位，且患病年轻化趋势日显。
40 3 1 3 3
而人乳头瘤病毒（HPV）疫苗接种是世界卫生组织推荐的宫颈癌预防一级措施。
3
40 6 3 1 3
现在，这项接种服务有了更便利的网络预约通道。
40 7 3 2 3
11月6日，阿里健康将宫颈癌疫苗在线预约接种服务的范围由原来的41个城市扩大至全国100多个城市的800多家社区卫生服务中心。
40 8 3 3 3
其中，山东共有10个城市可在线预约接种服务，分别是济南、东营、临沂、威海、泰安、济宁、淄博、潍坊、烟台、聊城。
2
40 9 4 1 2
记者打开手机淘宝、支付宝搜索“宫颈癌疫苗”，即可进入咨询预约服务页面，随时查询社区卫生服务中心接种信息、咨询医疗专业人士和智能咨询机器人，了解相关接种知识，并享受疫苗在线预约接种服务，点击“立即预约”便可以选择所在区域和附近的社区接种机构。
40 10 4 2 2
记者选择淄博后，注意到目前预约需要花1元，双十一狂欢价为0.8元。
2
42 1 1 1 5
【全国100个城市可网上预约宫颈癌疫苗】近日获悉，全国100多个城市的800多家社区卫生服务中心可在线预约宫颈癌疫苗接种服务。
42 2 1 2 5
人乳头瘤病毒(HPV)疫苗接种是世界卫生组织推荐的宫颈癌预防一级措施。
3
44 1 1 1 4
好消息总是一起来。
44 2 1 2 4
昨天，浦东新区部分社区卫生服务中心的接种门诊，率先开始提供二价HPV疫苗接种服务。
44 3 1 3 4
备受瞩目、翘首以盼的宫颈癌疫苗，终于在上海落地。
3
46 3 1 3 5
预计全市大部分区的疫苗将于今年年底前陆续到货。
46 4 1 4 5
此次露面的宫颈癌疫苗是中国内地首个通过国家食药监局审批的，商品名叫希瑞适，是由英国制药企业葛兰素史克公司生产的二价HPV疫苗，在社区卫生服务中心，定价每支585.5元，三剂程序共1756.5元。
46 5 1 5 5
（新闻晨报）
2
48 1 1 1 2
[上海市首剂宫颈癌疫苗今早在浦东开针！13日起，全区都可接种→]宫颈癌疫苗开打啦！浦东本次共配送4200剂宫颈癌疫苗，保质期到2020年。
48 2 1 2 2
11月8日-10日，浦东新区完成对辖区内所有接种单位的疫苗配送；11月13日起，全区社区卫生服务中心门诊和9家医院的特需门诊就可以接种疫苗啦！想要去接种HPV疫苗的小伙伴可以去预约咯~详情戳http://t.cn/RlYhKUS
1
51 15 9 1 1
第一财经记者从阿里健康方面获悉，当前宫颈癌疫苗在线预约接种服务的范围已经由原来的41个城市扩大至全国100多个城市的800多家社区卫生服务中心，包括北上广深等一线城市，以及杭州、武汉、长沙、太原等省会城市。
2
51 16 10 1 2
第一财经记者查看手机淘宝发现，当前宫颈癌预约服务已经覆盖北上广深等一线城市，点击“立即预约”便可以选择所在区域和附近的社区接种机构，提交预约后还可选择方便的时间享受接种咨询服务。
51 17 10 2 2
以上海为例，本次开通的21家在线预约接种机构中，除了4家社区卫生服务中心外，其余多是私立医疗中心和门诊部。
2
53 1 1 1 2
东莞时间网讯昨日，我市首针二价宫颈癌疫苗在南城社区卫生服务中心开打，受种者是一位22岁的在校大学生。
53 2 1 2 2
据了解，我市33个镇街（园区）社区卫生服务中心将陆续到货，有需要的市民可以就近自费接种。
2
53 1 1 1 2
东莞时间网讯昨日，我市首针二价宫颈癌疫苗在南城社区卫生服务中心开打，受种者是一位22岁的在校大学生。
53 2 1 2 2
据了解，我市33个镇街（园区）社区卫生服务中心将陆续到货，有需要的市民可以就近自费接种。
1
53 4 3 1 1
据南城社区卫生服务中心副主任张健新介绍，该中心第一批到货了200支疫苗，市民随时可以来南城广彩路的站点接种。
2
53 5 4 1 2
据市疾控中心介绍，我市已采购了10000支二价HPV疫苗，11月6日开始将陆续配送至各镇街（园区）社区卫生服务中心。
53 6 4 2 2
该疫苗全程接种3针，每针价格为605元人民币。
1
53 14 8 1 1
由于各个镇街社区卫生服务中心疫苗到货的时间会有不同，有的还没开打，市民接种前，最好先电话咨询，确定接种时间，以免跑空趟。
2
54 1 1 1 2
预检、登记、缴费、接种……11月4日上午，雨湖区雨湖路街道社区卫生服务中心预防接种门诊，大四女生小邓接受了宫颈癌疫苗的接种。
54 2 1 2 2
这也是湘潭打出的第一针宫颈癌疫苗。
1
54 7 4 1 1
从现在起，雨湖区凡符合条件的女性，可根据自身需要，自愿自费到所在的社区卫生服务中心或乡镇卫生院预约接种，接种程序为0/1/6月各接种一剂次，全程免疫3针次，每针609.5元。
2
55 1 1 1 2
11月6日，阿里健康宣布，将宫颈癌疫苗在线预约接种服务的范围由原来的41个城市扩大至全国100多个城市的800多家社区卫生服务中心。
55 2 1 2 2
在新增城市中，既包括了北上广深杭这样的一线城市，也包括武汉、长沙、太原这样的省会城市。
2
55 3 2 1 2
上海的女性居民，只要打开手机淘宝、支付宝搜索“宫颈癌疫苗”，即可进入咨询预约服务页面，随时查询社区卫生服务中心接种信息、咨询医疗专业人士和智能咨询机器人，了解相关接种知识，并享受疫苗在线预约接种服务。
55 4 2 2 2
点击“立即预约”便可以选择所在区域和附近的社区接种机构，提交预约后还可选择方便的时间享受接种咨询服务。
1
55 15 6 1 1
“阿里健康的使命，是让健康触手可及。疫苗在线预约接种服务在这么多城市赶场双11前上线，也是希望让更多年轻都市女性，可以用更便捷的方式关注自身健康。”阿里健康疾病预防业务负责人钟聪娣表示，预计到今年底，该项目将覆盖全国120多个城市1500家社区卫生服务中心。
3
56 1 1 1 3
南方日报讯（记者/欧志葵叶丹）阿里健康宣布，将宫颈癌疫苗在线预约接种服务的范围扩大至全国100多个城市的800多家社区卫生服务中心。
56 2 1 2 3
6日，记者发现，在新增城市中，既包括北上广深一线城市，也包括武汉、长沙、太原等城市。
56 3 1 3 3
阿里健康疾病预防业务负责人钟聪娣表示，预计到今年底，该项目将覆盖全国120多个城市1500家社区卫生服务中心。
3
56 1 1 1 3
南方日报讯（记者/欧志葵叶丹）阿里健康宣布，将宫颈癌疫苗在线预约接种服务的范围扩大至全国100多个城市的800多家社区卫生服务中心。
56 2 1 2 3
6日，记者发现，在新增城市中，既包括北上广深一线城市，也包括武汉、长沙、太原等城市。
56 3 1 3 3
阿里健康疾病预防业务负责人钟聪娣表示，预计到今年底，该项目将覆盖全国120多个城市1500家社区卫生服务中心。
2
56 4 2 1 2
广州的女性居民，只要打开手机淘宝、支付宝搜索“宫颈癌疫苗”，即可进入咨询预约服务页面，随时查询社区卫生服务中心接种信息、咨询医疗专业人士和智能咨询机器人，了解相关接种知识，并享受疫苗在线预约接种服务。
56 5 2 2 2
若点击“立即预约”，便可以选择所在区域和附近的社区接种机构。
2
57 1 1 1 2
湘潭在线11月6日讯（湘潭日报社全媒体记者曾晓蓉通讯员朱朗）预检、登记、缴费、接种……11月4日上午，雨湖区雨湖路街道社区卫生服务中心预防接种门诊，大四女生小邓接受了宫颈癌疫苗的接种。
57 2 1 2 2
这也是我市打出的第一针宫颈癌疫苗。
3
57 6 3 1 3
“知道社区卫生服务中心可以打，就马上预约了，没想到还是湘潭第一个。”小邓的母亲是一名医务工作者，对宫颈癌一直都比较关注，为了孩子的健康，积极鼓励孩子接种。
57 7 3 2 3
而小邓通过网络、电视等媒体了解宫颈癌及宫颈癌疫苗相关知识后，也欣然接受了母亲的建议。
57 8 3 3 3
当天除小邓外，雨湖区还有两名年轻女性也来到该社区卫生服务中心接种了宫颈癌疫苗。
3
57 6 3 1 3
“知道社区卫生服务中心可以打，就马上预约了，没想到还是湘潭第一个。”小邓的母亲是一名医务工作者，对宫颈癌一直都比较关注，为了孩子的健康，积极鼓励孩子接种。
57 7 3 2 3
而小邓通过网络、电视等媒体了解宫颈癌及宫颈癌疫苗相关知识后，也欣然接受了母亲的建议。
57 8 3 3 3
当天除小邓外，雨湖区还有两名年轻女性也来到该社区卫生服务中心接种了宫颈癌疫苗。
2
57 9 4 1 2
雨湖区疾控中心相关负责人介绍，这次上市的二价宫颈癌疫苗，推荐接种的主要人群为9-25岁女性，因为该疫苗在未被暴露于HPV病毒的人群中最为有效。
57 10 4 2 2
从现在起，雨湖区凡符合条件的女性，可根据自身需要，自愿自费到所在的社区卫生服务中心或乡镇卫生院预约接种，接种程序为0/1/6月各接种一剂次，全程免疫3针次。
3
58 1 1 1 3
东莞时间网讯（记者李广）我市宫颈癌疫苗将于11月6日开打。
58 2 1 2 3
记者从市卫生计生局了解到，我市已采购了10000支二价HPV疫苗，将陆续配送至各镇街（园区）社区卫生服务中心。
58 3 1 3 3
该疫苗全程接种3针，每针价格为605元人民币。
1
58 12 7 1 1
虽然原则上全市33个镇街（园区）的社区卫生服务中心均可接种，但有17个镇街（园区）因前期准备工作尚未就绪，预计开始接种的时间会稍微顺延，建议这些镇街的女性市民耐心等待，也可以到邻近的镇街接种。
1
59 1 1 1 1
“我今天接到几十个电话咨询有关宫颈癌疫苗以及预约接种的。”集里街道社区卫生服务中心的工作人员表示，自11月1日起，就有很多女性市民纷纷打电话来咨询相关事宜，关注何时能够接种宫颈癌疫苗（又称HPV疫苗）。
2
59 7 5 1 2
11月2日上午，记者拨打了荷花街道社区卫生服务中心的电话。
59 8 5 2 2
“现在已经有75个电话预约了，还有许多打电话来咨询的。”工作人员介绍，一旦疫苗到达卫生服务中心，将第一时间电话通知来接种疫苗。
1
59 9 6 1 1
随后，记者走访其他三个街道社区卫生服务中心了解到，从11月1日可预约接种到目前，预约电话都异常火爆。
1
59 11 8 1 1
“宫颈癌疫苗属于收费的二类疫苗，考虑到价格和数量，我们暂时主要安排在城区的四个街道社区卫生服务中心，市民可按需预约接种。”市疾控中心免疫规划管理科科长张小明介绍，此次浏阳引进的为二价宫颈癌疫苗，在内地获批的适应症只适用于9岁至25岁女性，完成整个二价宫颈癌疫苗接种程序共需要三针，“分别在第0、1、6个月，即第一针和第二针间隔1个月，第二针和第三针间隔5个月。”
2
59 12 9 1 2
相比前往香港接种的花费，此次获批的二价宫颈癌疫苗价格较为“亲民”。
59 13 9 2 2
“二价宫颈癌疫苗接种收费标准是609.5元/支（三针共1828.5元）。”疾控中心后勤科科长黄启明介绍，在11月2日下午召集街道社区卫生服务中心的工作人员召开疫苗接种培训会后，“近两天，预计市民可接种到宫颈癌疫苗。”
2
60 1 1 1 2
株洲传媒网11月02日讯（新闻综合频道记者廖姗廖智勇）10月30日，很多女性翘首期盼的宫颈癌疫苗登陆株洲。
60 2 1 2 2
11月1日是接种宫颈癌疫苗的第一天，下午三点半，在天元区嵩山街道社区卫生服务中心，23岁的杜若琳和她的同事一起，成功接种株洲首针二价宫颈癌疫苗，成为首批接种此疫苗的株洲市民。
1
60 3 2 1 1
当天下午三点，在天元区嵩山街道社区卫生服务中心，23岁的杜若琳和25岁的王莹，分别接种了二价宫颈癌疫苗。
2
60 4 3 1 4
杜若琳和王莹在同一家单位上班，得知株洲可以接种宫颈癌疫苗的消息后，两人立马通过电话和社区卫生服务中心进行了预约。
60 5 3 2 4
他们这次接种的疫苗名叫希瑞适，是针对9岁到25岁女性的二价宫颈癌疫苗，目前定价为609.5元一针。
2
60 9 5 1 2
想要预约接种的市民，可以就近前往所在的社区卫生服务中心或乡镇卫生院接种。
60 10 5 2 2
也可以关注微信公众号“约苗”，在网上直接预约。
2
60 13 7 1 4
在泰山街道社区卫生服务中心，市民易含英和肖格正在咨询宫颈癌疫苗。
60 14 7 2 4
疫苗接种后到底有没有作用？会不会对身体有影响？这些是被问得最多的问题。
2
62 15 7 1 2
提供希瑞适接种的卫生机构和其他疫苗一样，是各城市的社区医院及社区卫生服务中心。
62 16 7 2 2
市民也可以登录手机淘宝APP端搜索“宫颈癌”，就可进行相关咨询和预约接种。
2
62 27 15 1 2
10月31日，湖南省预防医学会、湖南省疾病预防控制中心召开湖南宫颈癌疫苗上市新闻发布会。
62 28 15 2 2
记者获悉，11月1日起，9-25岁的女性可前往长沙各预防接种单位（如社区卫生服务中心、乡镇卫生院的预防接种门诊等）接种二价HPV疫苗。
1
64 13 9 1 1
11月起，长沙各预防接种单位(如：社区卫生服务中心、乡镇卫生院的预防接种门诊等)可相继接种二价HPV疫苗。
3
66 1 1 1 3
华声在线10月27日讯(记者段涵敏通讯员张亚娜刘姝)大家期盼已久的HPV(人乳头瘤病毒)疫苗(俗称“宫颈癌疫苗”)来湖南了。
66 2 1 2 3
湖南省疾控中心今天透露，该中心的预防门诊从11月1日开始就能接种二价HPV疫苗，全省的社区卫生服务中心、乡镇卫生院等预防接种门诊11月起也可相继接种，每针次价格预计在650元左右。
66 3 1 3 3
四价HPV疫苗预计今年底或明年初可在长沙接种。
1
68 5 3 1 1
24日，记者从浙江省疾病预防控制中心获悉，浙江首批HPV疫苗已经于23日供应到位，浙江省宁波市鄞州区第三医院和浙江省嘉兴市南湖区城南街道社区卫生服务中心迎来首位接种宫颈癌疫苗的市民；24日，浙江省杭州市江干区采荷、凯旋、四季青和彭埠街道社区卫生服务中心也迎来首位接种宫颈癌疫苗的市民。
1
68 6 4 1 1
目前，浙江全省已有63家县级疾控中心完成了HPV疫苗采购，近5万支HPV疫苗将陆续供应到位，市民在就近的镇医院、卫生院、社区卫生服务中心即可接种疫苗。
2
71 1 1 1 2
广州日报讯（全媒体记者伍仞）宫颈癌疫苗来到广州了！昨天下午，在天河区妇幼保健院分院打出了全广东省的第一针。
71 2 1 2 2
首批宫颈癌疫苗近日将在市内的122家社区卫生服务中心陆续到货，各区9岁到25岁女性都可以就近咨询、接种。
3
71 11 5 1 3
据了解，天河区首批宫颈癌疫苗到货1500人份、4500支，接下来陆续会有疫苗补充，暂时供应充足。
71 12 5 2 3
目前该区大部分具有接种资质的社区均可接种该疫苗，具体接种时间要咨询相关社区卫生服务中心。
71 13 5 3 3
市预防医学会秘书长黄桂花介绍，全市已经有122家社区医院或者社区卫生服务中心上报疫苗需求，分布在11区，预计近日都会陆续到货，各位女性可以选择就近的社区医院咨询、接种。
3
71 11 5 1 3
据了解，天河区首批宫颈癌疫苗到货1500人份、4500支，接下来陆续会有疫苗补充，暂时供应充足。
71 12 5 2 3
目前该区大部分具有接种资质的社区均可接种该疫苗，具体接种时间要咨询相关社区卫生服务中心。
71 13 5 3 3
市预防医学会秘书长黄桂花介绍，全市已经有122家社区医院或者社区卫生服务中心上报疫苗需求，分布在11区，预计近日都会陆续到货，各位女性可以选择就近的社区医院咨询、接种。
3
72 14 6 1 3
记者从天河区了解到，天河区首批宫颈癌疫苗到货4500支。
72 15 6 2 3
区疾控工作人员表示，接下来陆续会有疫苗补充，暂时供应充足。
72 16 6 3 3
目前天河区大部分具有接种资质的社区均可接种该疫苗，具体接种时间，市民可咨询相关社区卫生服务中心。
2
73 4 2 1 2
目前，广州全市11区的122个社区卫生服务中心，均已向疾控部门上报了疫苗采购计划。
73 5 2 2 2
随着疫苗陆续到货，9—25岁适龄女性可就近前往社区卫生服务中心接种疫苗。
2
73 4 2 1 2
目前，广州全市11区的122个社区卫生服务中心，均已向疾控部门上报了疫苗采购计划。
73 5 2 2 2
随着疫苗陆续到货，9—25岁适龄女性可就近前往社区卫生服务中心接种疫苗。
2
73 13 6 1 2
“其他区的定价大致也在这个水准上调整，总体价格会比去香港接种要便宜。”黄桂花表示，由于各区疫苗到货时间不同，女性如有接种需要，最好先联系就近的社区卫生服务中心咨询时间。
73 14 6 2 2
此外，疫苗接种并没有户籍要求，在广州地区长期工作生活的非户籍人员有接种需要，也可就近前往社区卫生服务中心接种。
2
73 13 6 1 2
“其他区的定价大致也在这个水准上调整，总体价格会比去香港接种要便宜。”黄桂花表示，由于各区疫苗到货时间不同，女性如有接种需要，最好先联系就近的社区卫生服务中心咨询时间。
73 14 6 2 2
此外，疫苗接种并没有户籍要求，在广州地区长期工作生活的非户籍人员有接种需要，也可就近前往社区卫生服务中心接种。
1
74 14 7 1 1
广东也已完成疫苗采购，正在配送过程中，最快下周在广州的社区医院和社区卫生服务中心就能接种，最迟下个月也会上市，“届时，适龄女性可以在社区卫生服务中心就能接种上这一疫苗。”
3
89 2 1 2 4
今年7月31日，国内首个获批的宫颈癌疫苗“希瑞适”正式上市。
89 3 1 3 4
目前，大连女性已可以在部分定点社区卫生服务中心和预防保健所接种疫苗。
89 4 1 4 4
但是，不少女性在接种时都遇到了与莫女士类似的问题。
3
91 1 1 1 3
8月21日，江苏省第一针宫颈癌疫苗在南京止马营社区卫生服务中心接种。
91 2 1 2 3
据了解，包括南京在内的江苏6市的部分区县疫苗已到货。
91 3 1 3 3
那么，南京有哪些社区卫生服务中心可以接种，接种疫苗有哪些注意事项……本期，我们准备了一份南京宫颈癌疫苗接种攻略，并绘制了一份“接种地图”奉献给读者。
3
91 1 1 1 3
8月21日，江苏省第一针宫颈癌疫苗在南京止马营社区卫生服务中心接种。
91 2 1 2 3
据了解，包括南京在内的江苏6市的部分区县疫苗已到货。
91 3 1 3 3
那么，南京有哪些社区卫生服务中心可以接种，接种疫苗有哪些注意事项……本期，我们准备了一份南京宫颈癌疫苗接种攻略，并绘制了一份“接种地图”奉献给读者。
3
92 4 3 1 3
昨日，泉州市第一位接种HPV疫苗、20岁的女孩小黄在父亲的陪同下，再次来到泉州市丰泽区东海街道社区卫生服务中心。
92 5 3 2 3
在办理好相关的手续后，小黄向护士出示了之前的接种提示卡。
92 6 3 3 3
确认好接种时间后，护士为其进行了疫苗注射。
1
92 11 6 1 1
该社区卫生服务中心预防保健科工作人员庄海天介绍：“疫苗投放第一天共有3人前来接种，第一个月我们总共采购了100支疫苗，接种了近30人。其中年龄最大的25岁，最小的9岁。接下来，这些接种过疫苗的市民会陆续前来接种第二针。”
2
92 15 9 1 2
鲤城区疾控中心的工作人员告诉记者，鲤城区共采购了400支疫苗，在7个社区卫生服务中心投放了300支。
92 16 9 2 2
据悉，鲤中社区卫生服务中心当前申领了60支疫苗，仅16人接种。
2
92 15 9 1 2
鲤城区疾控中心的工作人员告诉记者，鲤城区共采购了400支疫苗，在7个社区卫生服务中心投放了300支。
92 16 9 2 2
据悉，鲤中社区卫生服务中心当前申领了60支疫苗，仅16人接种。
1
92 17 10 1 1
江南社区卫生服务中心预防接种门诊的高科长说：“我们共申领了30支疫苗，有13人接种了疫苗。因为疫苗有限，我们要保证接种第一针疫苗人员的用量，所以对于一些前来接种的，我们会进行登记，等到疫苗到位时，再通知她们来接种。但前来接种的人数并没有我们预想的多。”
2
93 55 27 1 2
据介绍，目前该项目提供的服务首批已覆盖山东、江西、重庆、福建、海南、河南、黑龙江、辽宁、内蒙古、广西、四川、山西、云南、安徽14个省市的部分城市。
93 56 27 2 2
GSK预计，到今年底项目覆盖还将进一步扩大至北京、上海、广州、深圳、杭州、南京、武汉等上百个城市的1500家社区卫生服务中心。
3
98 2 1 2 23
8月10日，成都的第一批宫颈癌疫苗——二价宫颈癌疫苗也到货了，此批疫苗全市统一价格为800.4元/支，部分区县存在差异，但不低于800元，需分三次接种，共打三支。
98 3 1 3 23
记者了解到，二价宫颈癌疫苗已经到达成都多个社区卫生服务中心，已有市民前往接种。
98 4 1 4 23
记者探访疫苗已到社区医院，接种程序简单8月23日一大早，天府早报记者在望江路社区卫生服务中心，见到了前来打宫颈癌疫苗的胡小姐，“我9点钟还要上班，这个社区医院离公司比较近，就赶紧来打了。”今年23岁的胡小姐表示，自己也是看了最近的报道才了解到宫颈癌疫苗的事情，“看了新闻之后我觉得有必要来打，趁着自己还没超龄。”整个打疫苗过程其实十分方便，用身份证挂号、签《宫颈癌疫苗预防接种知情同意书》、测量体温、缴费、打针。
3
98 3 1 3 23
记者了解到，二价宫颈癌疫苗已经到达成都多个社区卫生服务中心，已有市民前往接种。
98 4 1 4 23
记者探访疫苗已到社区医院，接种程序简单8月23日一大早，天府早报记者在望江路社区卫生服务中心，见到了前来打宫颈癌疫苗的胡小姐，“我9点钟还要上班，这个社区医院离公司比较近，就赶紧来打了。”今年23岁的胡小姐表示，自己也是看了最近的报道才了解到宫颈癌疫苗的事情，“看了新闻之后我觉得有必要来打，趁着自己还没超龄。”整个打疫苗过程其实十分方便，用身份证挂号、签《宫颈癌疫苗预防接种知情同意书》、测量体温、缴费、打针。
98 5 1 5 23
不过，按照医嘱，打针后最好在现场留下观察半个小时，若无不良反应再行离开。
3
98 6 1 6 23
武侯区疾控中心免疫规划科吴明菊医生向记者表示：“二价宫颈癌疫苗主要适合9到25岁的女性。现在引进的进口的疫苗已经在全球上市了10年，安全性还是非常高的。所以大家不用担心安全性的问题。”吴明菊建议，符合标准的人群可以早点去打，“宫颈癌疫苗越早打获益越高。因为宫颈癌最主要是通过性感染，在没发生性行为前接种效果最好，一旦发生性行为，就有可能感染病毒，疫苗预防的效果降低，但还是具有一定的保护作用。”吴明菊透露，四价疫苗可能在明年上半年之前上市，不过具体时间还不能确定，“四价疫苗适用于20岁到45岁的女性，超过25岁的人群可以等待四价疫苗上市。”另外，吴明菊还提到，在国外，男士也可以打四价疫苗，“因为男性也可以感染HPV病毒，导致男性的肛门癌、阴茎癌和口腔癌等，所以，男性接种也是可以的。”不过，由于四价宫颈癌疫苗国内还未上市，男性具体是否能接种还要以疫苗具体上市后获批状况来定。
98 7 1 7 23
随机调查不少市民愿意打疫苗，也有人还在观望近日，记者走访了多个社区卫生服务中心，发现大部分社区都有宫颈癌疫苗。
98 8 1 8 23
成华区妇幼保健院接种科的医生表示，宫颈癌疫苗刚上市那几天时打的人比较多，最近有所减少，“像今天，上午只有一个人来打，下午也只有一个打针的。”而前台咨询处的志愿者表示，每天来咨询宫颈癌疫苗的人还是相当多。
3
98 11 1 11 23
市民李先生表示要给上初中的女儿打，“我女儿班上好多同学都去香港打了疫苗，我还是想让女儿打，不过还是先观望下吧。”另一位市民宋先生的女儿也在上初中，不过他表示不打算让女儿去打疫苗：“虽然宫颈癌很可怕，但我周围没有人得这个病，不是很有危机感。”记者还采访到了28岁的朱先生，当他听到男性也能打宫颈癌疫苗时，显得很诧异：“我还真不知道男的也可以打!等上市了再说吧。”医生建议提前电话咨询错峰接种疫苗吴明菊医生向记者透露，武侯区第一批宫颈癌疫苗已于8月9日到货，一共有1000支，一支定价为800.4元。
98 12 1 12 23
由于二价HPV疫苗为自愿接种的二类疫苗，所以供应与市民的接种意愿有关，还需要进一步“摸底”，“因为每个社区对宫颈癌疫苗的需求不同，我们会根据社区卫生服务中心的申请来发放疫苗。”吴明菊表示，想打宫颈癌疫苗的女士可以去就近的社区卫生服务中心，不过为了保险起见，提前打电话先咨询一下，一个是确定该社区医院有打宫颈癌疫苗的服务，方便社区医院提前备货，以免出现去了医院结果没打到针的尴尬情况;另外，提前跟医院预约好时间，避免在社区医院接种疫苗的高峰时间段去打针。
98 13 1 13 23
望江路社区卫生服务中心的工作人员向记者表示，目前望江路社区可以直接去打宫颈癌疫苗，不需要提前预约：“我们社区医院的上班时间是星期一到星期五，上午8点30到11点30，下午2点到4点30，周末不上班，直接带身份证来打就可以了。”同时，该工作人员也建议大家最好是下午去打，“上午会有很多家长带小孩来打针，人会比较多”。
3
98 12 1 12 23
由于二价HPV疫苗为自愿接种的二类疫苗，所以供应与市民的接种意愿有关，还需要进一步“摸底”，“因为每个社区对宫颈癌疫苗的需求不同，我们会根据社区卫生服务中心的申请来发放疫苗。”吴明菊表示，想打宫颈癌疫苗的女士可以去就近的社区卫生服务中心，不过为了保险起见，提前打电话先咨询一下，一个是确定该社区医院有打宫颈癌疫苗的服务，方便社区医院提前备货，以免出现去了医院结果没打到针的尴尬情况;另外，提前跟医院预约好时间，避免在社区医院接种疫苗的高峰时间段去打针。
98 13 1 13 23
望江路社区卫生服务中心的工作人员向记者表示，目前望江路社区可以直接去打宫颈癌疫苗，不需要提前预约：“我们社区医院的上班时间是星期一到星期五，上午8点30到11点30，下午2点到4点30，周末不上班，直接带身份证来打就可以了。”同时，该工作人员也建议大家最好是下午去打，“上午会有很多家长带小孩来打针，人会比较多”。
98 14 1 14 23
■小知识宫颈癌疫苗，又称为HPV疫苗，是一种预防宫颈癌发病的疫苗。
3
100 14 5 1 3
目前国内获批上市的HPV疫苗主要针对HPV-16型和HPV-18型，即俗称的宫颈癌“二价疫苗”，接种人群仅限于9至25岁的女性。
100 15 5 2 3
江苏省已于8月14日完成获批上市的宫颈癌疫苗的中标公示，省内各县级病预防控制中心已可在江苏省药品网上集中采购平台上采购订单，由配送企业配送到位后，逐级发放至接种单位。
100 16 5 3 3
即日起，吴江区和姑苏区有需求的居民，在知情同意、自愿自费的原则下，就可到居住地所在的社区卫生服务机构进行登记预约接种。
