3
33 2 2 1 3
备受关注的王宝强与马蓉离婚案，10月18日在北京朝阳法院开庭。
33 3 2 2 3
马蓉诉王宝强名誉侵权案，也在之后压茬开庭。
33 4 2 3 3
当天下午，王宝强律师张起淮转发马蓉出轨的聊天记录，里面不无两人暧昧的内容，还对博主“林哥看天下”表示马蓉应该净身出户看法表示认同。
2
39 1 1 1 6
新浪娱乐讯18日下午14时，王宝强诉马蓉离婚案和马蓉诉王宝强名誉侵权案在北京朝阳法院首次开庭审理。
39 2 1 2 6
根据朝阳法院公告，在此次离婚案的庭前会议上，王宝强本人到场，马蓉已于庭前陈述意见，未出席。
2
39 37 18 1 4
此外，马蓉诉王宝强名誉侵权案其实与离婚案相互关联。
39 38 18 2 4
上文可见，如果王宝强诉马蓉出轨证据不足，法院没有判定马蓉出轨事实，则无论在离婚案中还是在马蓉诉王宝强名誉侵权案中，都会成为马蓉的有利反击武器。
3
39 37 18 1 4
此外，马蓉诉王宝强名誉侵权案其实与离婚案相互关联。
39 38 18 2 4
上文可见，如果王宝强诉马蓉出轨证据不足，法院没有判定马蓉出轨事实，则无论在离婚案中还是在马蓉诉王宝强名誉侵权案中，都会成为马蓉的有利反击武器。
39 39 18 3 4
新浪娱乐获悉，离婚案将于11月上旬第二次开庭审理，我们将持续关注事件进展，继续为大家送上普法小课堂。
2
41 2 2 1 2
2016年10月18日，也许是王宝强这一生中最累的一天。
41 3 2 2 2
这一天，他打了人生中或许最重要的两场官司：王宝强诉马蓉离婚案和马蓉诉王宝强名誉侵权案，可是首日开庭，一切都还未有定论。
3
41 31 21 1 3
当日16时，马蓉诉王宝强名誉权案庭前会议举行。
41 32 21 2 3
马蓉一方提交了王宝强发布微博给其造成名誉损害的证据，而王宝强一方则不认可侵害了其名誉权，其虽未当庭提交证据，但表示将在举证期限内提交。
41 33 21 3 3
因原被告双方均表示有证据提交，故法院给双方规定了举证期限。
3
44 1 1 1 3
昨日下午，王宝强[微博]诉马蓉离婚及马蓉诉王宝强名誉侵权两案均在朝阳法院举行庭前会议，现场引来数百名媒体记者和围观群众。
44 2 1 2 3
王宝强现身法院，但马蓉未露面。
44 3 1 3 3
据了解，王宝强新增一项诉讼请求，要求马蓉支付其精神损害抚慰金10万元。
3
45 1 1 1 3
备受关注的王宝强与马蓉离婚案，昨天下午在北京朝阳法院开庭。
45 2 1 2 3
而马蓉诉王宝强名誉侵权案，则在离婚案之后的下午4时开庭。
45 3 1 3 3
有意思的是，夫妻俩的两场官司，在同一个法院、同一天下午开庭。
2
46 1 1 1 6
新浪娱乐讯18日下午14时，王宝强[微博]诉马蓉离婚案和马蓉诉王宝强名誉侵权案在北京朝阳法院首次开庭审理。
46 2 1 2 6
根据朝阳法院公告，在此次离婚案的庭前会议上，王宝强本人到场，马蓉已于庭前陈述意见，未出席。
2
46 37 18 1 4
此外，马蓉诉王宝强名誉侵权案其实与离婚案相互关联。
46 38 18 2 4
上文可见，如果王宝强诉马蓉出轨证据不足，法院没有判定马蓉出轨事实，则无论在离婚案中还是在马蓉诉王宝强名誉侵权案中，都会成为马蓉的有利反击武器。
3
46 37 18 1 4
此外，马蓉诉王宝强名誉侵权案其实与离婚案相互关联。
46 38 18 2 4
上文可见，如果王宝强诉马蓉出轨证据不足，法院没有判定马蓉出轨事实，则无论在离婚案中还是在马蓉诉王宝强名誉侵权案中，都会成为马蓉的有利反击武器。
46 39 18 3 4
新浪娱乐获悉，离婚案将于11月上旬第二次开庭审理，我们将持续关注事件进展，继续为大家送上普法小课堂。
3
47 1 1 1 3
王宝强诉马蓉离婚、马蓉诉王宝强名誉侵权两案昨日下午在北京朝阳法院先后举行庭前会议，王宝强现身，但马蓉并未出席。
47 2 1 2 3
法院门口剧集上百群众围观。
47 3 1 3 3
离婚案究竟会围绕哪些问题审理？前不久最高法院公布的指导案例是否意味着马蓉可能“净身出户”？
2
51 1 1 1 5
京华时报10月18日报道今天下午，王宝强[微博]诉马蓉离婚及马蓉诉王宝强名誉侵权两案均在朝阳法院举行庭前会议。
51 2 1 2 5
据了解，今天下午共进行了两个庭前会议。
3
51 3 1 3 5
第一个是王宝强诉马蓉离婚案。
51 4 1 4 5
第二个是马蓉诉王宝强名誉侵权案。
51 5 1 5 5
原告方是王宝强及其律师张起淮，被告方只有马蓉律师参加了庭前会议。
3
51 8 2 3 6
根据当事人的诉辩意见及举证情况，法院要求原被告双方就夫妻感情是否破裂、如解除婚姻关系子女的抚养问题、被告是否存在过错及是否对原告造成精神损害进一步举证。
51 9 2 4 6
当日16时，马蓉诉王宝强名誉权案庭前会议举行。
51 10 2 5 6
马蓉一方提交了王宝强发布微博给其造成名誉损害的证据，而王宝强一方则不认可侵害了其名誉权，其虽未当庭提交证据，但表示将在举证期限内提交。
2
54 1 1 1 5
新浪娱乐讯18日下午，王宝强[微博]和马蓉的离婚诉讼案与马蓉诉王宝强名誉侵权案在北京朝阳法院首次开庭审理，当天王宝强亲自出庭，马蓉未出庭。
54 2 1 2 5
由于事件备受社会关注，得知案件在此审理，朝阳法院门口人山人海，不仅聚集北京全媒体阵仗，更有大批吃瓜群众围观，从中午12时许至傍晚18时许，人潮久未散去，也给警力现场维持秩序带来不少压力。
2
54 6 2 1 4
18日下午，王宝强和马蓉的离婚诉讼案与马蓉诉王宝强名誉侵权案在北京朝阳法院首次开庭审理，当天王宝强亲自出庭。
54 7 2 2 4
由于现场围观群众太多，王宝强没有在外逗留，来去匆匆。
3
55 1 1 1 3
新浪娱乐讯18日下午，王宝强[微博]和马蓉的离婚诉讼案与马蓉诉王宝强名誉侵权案在北京朝阳法院首次开庭审理，当天王宝强亲自出庭，马蓉未出庭。
55 2 1 2 3
据媒体获悉，王宝强和马蓉离婚案除财产分割和争夺孩子抚养权之外，王宝强一方还要求马蓉支付的精神抚慰金仅为10万元，而王宝强将向法院提交包括聊天记录等马蓉与宋喆“出轨”的相关证据。
55 3 1 3 3
但庭审结束后，新浪娱乐联系王宝强律师张起淮，对方没有就案件进展作出任何回应。
3
56 1 1 1 3
新浪娱乐讯18日下午，王宝强[微博]和马蓉的离婚诉讼案与马蓉诉王宝强名誉侵权案在北京朝阳法院首次开庭审理，当天王宝强亲自出庭，马蓉未出庭。
56 2 1 2 3
由于事件备受社会关注，得知案件在此审理，朝阳法院门口人山人海，不仅聚集北京全媒体阵仗，更有大批吃瓜群众围观，从中午12时许至傍晚18时许，人潮久未散去，也给警力现场维持秩序带来不少压力。
56 3 1 3 3
目前案件尚未披露更多细节。
2
57 1 1 1 2
中国新闻网10月18日报道10月18日下午13时30分，备受瞩目的王宝强[微博]与马蓉的离婚案官司，在北京朝阳法院开庭。
57 2 1 2 2
与此同时，马蓉诉王宝强名誉侵权案，也在今天16时开庭。
3
59 2 1 2 4
王宝强代理律师张起淮告诉成都商报客户端记者，王宝强本人亲自和他一起出庭。
59 3 1 3 4
而马蓉诉王宝强名誉侵权案，也将于下午4时审理。
59 4 1 4 4
有意思的是，夫妻俩的两场官司，在同一个法院、同一天下午开庭。
1
60 3 2 1 1
据悉马蓉诉王宝强名誉侵权案，也将在王宝强诉马蓉离婚案之后16时开庭。
3
63 1 1 1 3
备受关注的王宝强与马蓉离婚案，将于今日下午1时30分在北京朝阳法院开庭，据悉，王宝强本人将亲自和律师张起淮一起出庭。
63 2 1 2 3
同时，马蓉诉王宝强名誉侵权案，也将在王宝强诉马蓉离婚案之后的下午4时开庭。
63 3 1 3 3
夫妻俩的两场官司，将在同一个法院、同一天下午开庭开打。
2
63 31 18 1 2
马蓉诉王宝强名誉侵权案，也将在今日下午4点王宝强诉马蓉离婚案之后开庭。
63 32 18 2 2
对于该案件，张向龙律师认为并不乐观。
1
63 34 20 1 1
王宝强“维权方式的不正当”，可能会对马蓉诉王宝强名誉侵权案造成影响，不过马蓉要求的赔偿项目和数额是否正当，还需等开庭揭分晓。
1
63 41 24 1 1
至于马蓉诉王宝强名誉侵权一案，双方都可以委托律师，本人不用出庭。
1
64 4 2 1 1
今天，王宝强与马蓉的离婚官司将于13时30分第一次“过堂”，马蓉诉王宝强名誉侵权案，也将在离婚案之后的下午4时开庭。
3
65 3 1 3 5
王宝强本人将亲自出庭，而马蓉则申请不出庭，本案不公开审理。
65 4 1 4 5
与此同时，马蓉诉王宝强名誉侵权案，也将在今天16时开庭。
65 5 1 5 5
对此，新浪娱乐在12时30分开始，也将全程直击报道此次官司，为广大网友持续追踪案件进展。
3
66 3 1 3 5
王宝强本人将亲自出庭，而马蓉则申请不出庭，本案不公开审理。
66 4 1 4 5
与此同时，马蓉诉王宝强名誉侵权案，也将在今天16时开庭。
66 5 1 5 5
对此，新浪娱乐在12时30分开始，也将全程直击报道此次官司，为广大网友持续追踪案件进展。
3
73 1 1 1 3
昨天媒体报道：马蓉诉王宝强名誉侵权案，将在王宝强诉马蓉离婚案之后的10月18日下午4时开庭。
73 2 1 2 3
据悉，夫妻俩的两场官司，在同一个法院、同一天下午开庭开打，这在近年来的北京朝阳法院也是极其少见的。
73 3 1 3 3
但据了解，面对王宝强决定亲自出庭的态度，马蓉已向法院申请，她不出庭，并申请不公开审理。
2
74 3 2 1 2
封面新闻-华西都市报记者今早还同时独家获悉：马蓉诉王宝强名誉侵权案，也将在王宝强诉马蓉离婚案之后的10月18日下午4时开庭。
74 4 2 2 2
据悉，夫妻俩的两场官司，在同一个法院、同一天下午开庭开打，这在近年来的北京朝阳法院也是极其少见的。
2
75 3 2 1 2
封面新闻-华西都市报记者今早还同时独家获悉：马蓉诉王宝强名誉侵权案，也将在王宝强诉马蓉离婚案之后的10月18日下午4时开庭。
75 4 2 2 2
据悉，夫妻俩的两场官司，在同一个法院、同一天下午开庭开打，这在近年来的北京朝阳法院也是极其少见的。
1
75 13 8 1 1
张起淮同时证实，“18日下午，我和王宝强将打两场官司。”也就是在王宝强诉马蓉离婚案开庭之后，马蓉诉王宝强名誉侵权案也在同一法院下午4时开庭。
