1
21 4 3 1 1
黄老板认为，他扮演的会唱歌的兰尼斯特家族士兵应该不会从龙母驾驭的喷火巨龙口下余生，“那些士兵都很年轻，实话实说，和喷火龙生活在同一个年代，我觉得我也活不了太久。”
1
36 9 3 2 3
因为“龙母”骑着龙出击，光靠一条龙就把“狮家”兰尼斯特家族的镖队烧成灰，甚至差点要了詹姆·兰尼斯特的老命。
1
43 4 2 3 3
在攻打兰尼斯特家族时，她熟练地骑着喷火的巨龙出现，把敌人烧为灰烬。
3
54 7 3 1 4
本集末尾，丹妮莉丝和她的龙虽然摧毁了兰尼斯特家族的许多部队，但兰尼斯特军的佣兵波隆也使用专门为弑龙改造的巨型弓弩射伤了龙的肩膀，不过龙也烧毁了这台武器。
54 8 3 2 4
为打败丹妮莉丝和龙，瑟曦必须指挥重新制造更多这种武器。
54 9 3 3 4
问题的关键在于，跌入水中的詹姆是否能够告知瑟曦这种武器的威力。
1
60 33 10 1 3
在《权力的游戏》中，最有权势的家族是兰尼斯特家族，他们富有，但声名狼藉，有一对乱伦的姐弟瑟曦和詹姆，他们的弟弟提利昂是个精于权术的侏儒。
1
60 110 35 3 4
作为兰尼斯特家族的后代，前两样他唾手可得，后两样却不尽然。
1
60 148 49 1 1
《权力的游戏》播出7年，剧中的多位小演员伴随它一同成长，包括史塔克家族的子女、兰尼斯特家族的后裔在内的主要角色，都在“权游粉”们的追随下，慢慢变成了大人样。
3
87 24 8 1 3
不难预见，第七季将有几场大战，而最先爆发的很可能是丹妮莉丝的部队和兰尼斯特家族部队的战斗。
87 25 8 2 3
在第四集中，丹妮莉丝的大军会对兰尼斯特家族发动一场伏击，战斗将占据本集约1/3的篇幅。
87 26 8 3 3
从之前片场流出的资料来看，双方在一片开阔的平原上展开较量，丹妮莉丝出动了三只巨龙，兰尼斯特家族则由詹姆亲自率队冲锋。
4
89 11 6 1 2
四面迎敌，瑟曦也有一大利好，原本游离在维斯特洛大陆之外的乌贼家族葛雷乔伊前来结盟，不过靠篡权夺位的攸伦提出要和瑟曦结姻，从而狮家牵手乌贼，打破各大家族包围圈。
89 12 6 2 2
这个建议自然遭到了色后和詹姆一致白眼。
89 13 7 1 2
不过攸伦在铁王座前，上演了好一场撩“后”好戏，先是说“我有两双手”，暗示詹姆断臂，然后又说“我拥有最强大的海军”，直克兰尼斯特家族海战不利的死穴，最后提出“会为婚礼献上无价之宝”。
89 14 7 2 2
而极有可能，攸伦手中的“强大海军”，会在下一集中初露锋芒，至少会上演《权力的游戏》至今首场海战。
2
90 11 4 3 3
正是由于“簒夺者战争”之后，脆弱的权力平衡难以维系，使得拜拉席恩、史塔克、兰尼斯特、徒利与艾琳五大家族之间相继反目，其最终结果是，兰尼斯特家族独揽大权。
90 12 5 1 1
由此，开启了整部《权力的游戏》之后的故事：兰尼斯特家族渴望巩固不义得来的统治，而史塔克、拜拉席恩等家族则掀起一轮又一轮的复仇运动，将整个维斯特洛大陆的所有家族势力裹挟其中，爆发了规模堪比簒夺者战争的“五王之战”，权力的重心不断分化、移动和突转，直至本季。
2
94 22 9 3 4
艾德·希兰出演了一位兰尼斯特士兵，一出场就吟唱了一首新歌《金手》。
94 23 9 4 4
对于这场戏，有部分观众猜测，二丫如此嫉恶如仇，遇到了兰尼斯特家族的人必然不会心慈手软，并且很有可能会易容成希兰所扮演的士兵来接近自己的下一个目标——瑟曦。
