5 1 1 1 1 0.601
#江歌案东京开庭#江歌案庭审第六天，检方宣布求刑20年。
6 5 3 1 1 0.628
今日庭审持续半天，是该案在东京地方裁判所426号法庭的最后一场庭审。
6 52 41 1 2 0.663
12月18日（下周一）上午，江歌案将在东京地方裁判所813号法庭继续审理。
6 53 41 2 2 0.094
之后，法官和陪审团人员将进行闭门会议讨论。
17 2 2 1 2 0.647
12月10日上午，江秋莲在日本东京召开小型媒体见面会。
17 3 2 2 2 -0.101
（来源：视觉中国）
17 16 8 1 1 0.601
北京时间8点50分（东京时间9点50分），江歌案庭审开始，人员正在陆续入场。
18 1 1 1 3 0.644
中国女留学生江歌在日本遇害案12月11日在日本东京开庭审理，检察官以两项罪名起诉被告人陈世峰。
18 2 1 2 3 -0.011
一是恐吓罪，二是故意杀人罪。
18 6 3 1 4 0.802
庭审于东京时间上午10点在东京地方法院开庭。
18 7 3 2 4 0.121
陈世峰被带上法庭，身着蓝色上衣，黑色裤子，看起来很白净，头发打着发胶，没有表情。
25 1 1 1 2 0.709
中国女留学生江歌在日本遇害案12月11日在日本东京开庭审理。
24 5 1 5 5 0.277
她现在很后悔，也许一直通话的话，陈世峰知道江歌和母亲在通话，就不会杀害江歌。
25 2 1 2 2 0.326
本次庭审和宣判将用时七日，即12月11日-15日、12月18日，12月20日宣判。
25 9 6 1 1 0.718
在11日下午的庭审中，日本东京地方法院庭上公布了江歌的尸检报告。
27 1 1 1 2 0.657
12月11日，中国留学生江歌在日遇害案在日本东京开庭。
27 2 1 2 2 0.181
面对检方的指控，被告人陈世峰只承认对刘鑫的恐吓罪，不承认对江歌的故意杀人罪。
28 1 1 1 3 0.685
12月11日，中国女留学生江歌遇害一案在日本东京开庭审理。
28 2 1 2 3 0.337
江歌的妈妈，原、被告双方的律师以及犯罪嫌疑人陈世峰及其家人悉数到庭。
28 7 4 1 5 0.871
东京时间上午10点，该案在东京地方法院开庭。
28 8 4 2 5 0.121
陈世峰被带上法庭，身着蓝色上衣，黑色裤子，看起来很白净，头发打着发胶，没有表情。
28 54 32 1 2 0.75
东京地方法院门口聚集了大量民众与媒体。
28 55 32 2 2 -0.021
（来源：看看新闻）
28 56 33 1 2 0.662
当地时间2017年12月11日，日本东京，江歌案今日开庭审理，现场媒体和普通民众关注事件进展。
28 57 33 2 2 -0.101
（来源：视觉中国）
29 2 2 1 1 0.723
2017年12月11日，东京地方法院门口已聚集了大量关心“江歌案”的媒体。
29 4 4 1 1 0.71
著名旅日社评作家蒋丰在东京地方法院发来消息。
29 17 14 1 1 0.696
著名旅日社评作家蒋丰在东京地方法院发来的消息。
31 2 2 1 3 0.679
12月11日上午10点，江歌被害案在东京裁判所开庭。
31 3 2 2 3 0.207
陈世峰被控蓄意杀人，但其本人予以否认，只承认恐吓罪。
32 1 1 1 3 0.606
今天上午，备受关注的中国女留学生江歌被杀一案在日本东京首次开庭审理。
32 2 1 2 3 0.415
江歌母亲江秋莲与代理律师一同出现在法庭现场。
33 2 2 1 2 0.644
今天上午，备受关注的“江歌案”在东京地方裁判所第426号法庭开庭。
33 3 2 2 2 0.365
整个审理将持续至18日上午结束，12月20日下午进行宣判。
34 1 1 1 1 0.68
12月11日上午，江歌被害案在东京裁判所开庭。
34 69 51 1 1 0.611
12月11日，江歌案将于东京公开审判。
35 1 1 1 6 0.606
今天上午，备受关注的中国女留学生江歌被杀一案在日本东京首次开庭审理。
35 2 1 2 6 0.151
法医在庭上介绍说，江歌致命伤为左侧动脉的刺切伤。
36 1 1 1 2 0.629
今天上午，中国女留学生江歌被杀一案在日本东京开庭审理，庭审将持续至12月18日，并于12月20日宣判。
36 2 1 2 2 0.34
江歌妈妈江秋莲、案发时的室友刘鑫等人悉数到庭。
36 3 2 1 2 0.648
当地时间早上7时许，日本东京，江秋莲在女儿的生前公寓进行祭拜。
36 4 2 2 2 0.228
她说，自己对庭审表示期待，并称希望江歌能放心。
37 6 3 1 4 0.737
2017年12月11日，东京时间上午10点，备受关注的江歌案在东京地方法院开庭。
37 7 3 2 4 0.139
被告陈世峰被带上法庭，身着蓝色上衣，黑色裤子，看起来很白净，头发打着发胶，没有表情。
38 1 1 1 1 0.66
当地时间12月11日10时（北京时间9时），中国留学生江歌在日本被害案在东京开始审理。
39 5 2 1 2 0.697
今日上午10点，江歌被害案在东京裁判所开庭。
39 6 2 2 2 -0.023
截至目前，法庭上出现的第一个有关事实的争议焦点是，刀是谁的?
40 1 1 1 5 0.714
12月11日，中国女留学生江歌在日本被中国男留学生陈世峰伤害致死一案在东京地方法院进入一审阶段。
40 2 1 2 5 0.129
这对于一年前痛失独生女儿的江歌妈妈来讲，或许是一种安慰，因为此案终于进入法庭审理时段，或许也是一种刺激，因为这意味着漫长法庭驳辨纷争的刚刚开始。
41 2 2 1 2 0.669
事发404天后，“江歌案”今天在日本东京开庭。
41 3 2 2 2 0.274
上午的庭审中，陈世峰方否认预谋杀人，称刀是刘鑫从门内递给江歌的，在搏斗中误伤江歌（第一刀）；还称江歌多次按门铃、刘鑫未开门。
41 52 35 1 1 0.611
12月11日，江歌案将于东京公开审判。
41 54 37 1 3 0.6
为了给女儿讨公道，江秋莲于2017年8月14日在国内发起签名活动，请求日本法院判处陈世峰死刑。
41 55 37 2 3 0.393
11月4日，江歌遇害一周年后，江秋莲赴日开展签名活动。
41 56 37 3 3 0.735
12月1日，她向东京地方法院提交了450多万份签名。
43 1 1 1 1 0.666
海外网12月11日电据日本共同社报道，中国留学生江歌在日本被杀一案11日在东京地方法院首次开庭，被告人陈世峰当庭否认被控罪名。
42 6 1 6 6 0.266
按照日本法律，在庭审中刘鑫出庭是应该且必要的。
44 3 3 1 1 0.668
12月10日，江歌案开庭前一天，江歌母亲江秋莲在东京台东区立浅草公会堂召开记者见面会。
44 15 11 1 3 0.6
为了给女儿讨公道，江秋莲于2017年8月14日在国内发起签名活动，请求日本法院判处陈世峰死刑。
44 16 11 2 3 0.393
11月4日，江歌遇害一周年后，江秋莲赴日开展签名活动。
44 17 11 3 3 0.75
12月1日，她向东京地方法院提交450多万份签名。
44 52 40 1 1 0.678
12月11日，江歌案在东京公开审判。
45 1 1 1 1 0.613
法制晚报·看法新闻（记者张子渊黎史翔）今天上午，在中国留日学生江歌遇害404天后，“江歌案”在东京地方裁判所开庭，庭审从12月11日至15日上午10时开始审理，12月20日下午15时宣判。
46 1 1 1 2 0.738
12月11日，中国在日留学生江歌被害案中的被告人陈世峰在日本东京地方法院初次接受开庭审理。
46 2 1 2 2 0.204
此前围绕江歌案的审理、江母的救济措施，以及本案关系人刘鑫的责任等问题，曾引发舆论热议。
47 1 1 1 2 0.66
当地时间12月11日10时（北京时间9时），中国留学生江歌在日本被害案在东京开始审理。
47 2 1 2 2 0.326
本次庭审和宣判将用时七日，即12月11日-15日、12月18日，12月20日宣判。
47 8 5 2 4 0.668
12月10日，江歌案开庭前一天，江歌母亲江秋莲在东京台东区立浅草公会堂召开记者见面会。
47 7 5 1 4 0.26
案件的另一个焦点是刘鑫是否会出席庭审。
47 9 5 3 4 0.46
此前一天，江秋莲被检察官约见，结束后告诉澎湃新闻，刘鑫可能会出庭作证，届时法院会安排其走证人特殊通道。
48 1 1 1 1 0.624
新京报快讯（记者陶若谷黄钟方辰）12月11日上午10点，江歌被害案在东京裁判所开庭。
51 1 1 1 2 0.753
[环球网报道赴东京地方法院庭审现场特约记者蒋丰]中国女留学生江歌被杀一案12月11日在日本东京开庭审理。
50 8 1 8 8 0.018
（via蒋丰）
51 2 1 2 2 0.314
江歌的妈妈，原告和被告的律师以及犯罪嫌疑人陈世峰的家人均到庭。
52 1 1 1 3 0.675
当地时间12月11日7时许，日本东京，开庭前夕，江歌母亲江秋莲在女儿的生前公寓进行祭拜。
52 2 1 2 3 0.337
江歌母亲告诉澎湃新闻，自己对庭审表示期待，并称希望江歌能放心。
52 4 2 1 2 0.62
[“江歌案”在日本庭审，江歌妈妈刘鑫等人悉数到庭]12月11日，中国女留学生江歌被杀一案在日本东京开庭审理。
52 5 2 2 2 0.215
大批中日两国的媒体记者一起参加庭审。
52 6 3 1 2 0.613
今日上午东京时间9时，江歌母亲即将前往律师事务所，与律师一同前往庭审。
52 7 3 2 2 0.757
东京时间10时，“江歌案”在日本东京即将开庭审理。
52 8 4 1 4 0.7
一名在日读文学系的中国留学生在东京地方法院门口接受澎湃采访。
52 9 4 2 4 0.2
他说自己早上6点多（北京时间）就到了，很关心庭审结果。
53 2 2 1 2 0.738
12月11日，中国在日留学生江歌被害案中的被告人陈世峰在日本东京地方法院初次接受开庭审理。
53 3 2 2 2 0.204
此前围绕江歌案的审理、江母的救济措施，以及本案关系人刘鑫的责任等问题，曾引发舆论热议。
54 1 1 1 4 0.664
2017年12月11日，中国女留学生江歌被杀一案在日本东京开庭审理。
54 2 1 2 4 0.537
12月11日上午北京时间6点15分，江歌母亲出现在女儿的生前公寓进行祭拜。
54 5 2 1 3 0.675
环球网综合报道中国女留学生江歌被杀一案12月11日在日本东京开庭审理。
54 6 2 2 3 0.314
江歌的妈妈，原告和被告的律师以及犯罪嫌疑人陈世峰的家人均到庭。
54 36 26 1 1 0.638
12月11日，江歌案于东京公开审判。
55 3 3 1 1 0.661
12月10日，在江歌案开庭前一天，江歌母亲江秋莲在东京台东区立浅草公会堂召开记者见面会。
55 12 10 1 3 0.6
为了给女儿讨公道，江秋莲于2017年8月14日在国内发起签名活动，请求日本法院判处陈世峰死刑。
55 13 10 2 3 0.393
11月4日，江歌遇害一周年后，江秋莲赴日开展签名活动。
55 14 10 3 3 0.75
12月1日，她向东京地方法院提交450多万份签名。
56 1 1 1 12 0.723
2017年12月11日，东京地方法院门口已聚集了大量关心“江歌案”的媒体。
56 2 1 2 12 0.636
视觉中国图当地时间12月11日10时（北京时间9时），中国留学生江歌在日本被害案在东京开始审理。
56 3 1 3 12 0.326
本次庭审和宣判将用时七日，即12月11日-15日、12月18日，12月20日宣判。
56 9 1 9 12 0.668
12月10日，江歌案开庭前一天，江歌母亲江秋莲在东京台东区立浅草公会堂召开记者见面会。
56 8 1 8 12 0.26
案件的另一个焦点是刘鑫是否会出席庭审。
56 10 1 10 12 0.46
此前一天，江秋莲被检察官约见，结束后告诉澎湃新闻，刘鑫可能会出庭作证，届时法院会安排其走证人特殊通道。
57 1 1 1 2 0.686
中国女留学生江歌被杀一案12月11日在日本东京开庭审理。
56 12 1 12 12 0.528
11日7时许，开庭前夕，江歌母亲江秋莲前往女儿生前公寓进行祭拜。
57 2 1 2 2 0.314
江歌的妈妈，原告和被告的律师以及犯罪嫌疑人陈世峰的家人均到庭。
57 16 6 1 7 0.763
江歌被害案12月11日在东京地方法庭开庭审理。
57 17 6 2 7 0.228
被告陈世峰在法庭上否认部分罪行，认为自己是杀人未遂罪，并陈述凶器的水果刀是刘鑫从房间里拿出来递给江歌的，并且迅速关上了房门。
57 27 8 1 2 0.686
中国女留学生江歌被杀一案12月11日在日本东京开庭审理。
57 28 8 2 2 0.314
江歌的妈妈，原告和被告的律师以及犯罪嫌疑人陈世峰的家人均到庭。
57 55 14 1 3 0.755
当地时间12月11日8时30分，日本东京地方法院外有300余民众排队抽签获取旁听资格。
57 56 14 2 3 0.28
有在日中国留学生表示留学生群体，对江歌案态度分两极化。
57 58 15 1 3 0.675
当地时间12月11日7时许，日本东京，开庭前夕，江歌母亲江秋莲在女儿的生前公寓进行祭拜。
57 59 15 2 3 0.337
江歌母亲告诉澎湃新闻，自己对庭审表示期待，并称希望江歌能放心。
57 61 16 1 2 0.683
12月11日，中国女留学生江歌被杀一案在日本东京开庭审理。
57 62 16 2 2 0.215
大批中日两国的媒体记者一起参加庭审。
57 63 17 1 2 0.613
今日上午东京时间9时，江歌母亲即将前往律师事务所，与律师一同前往庭审。
57 64 17 2 2 0.757
东京时间10时，“江歌案”在日本东京即将开庭审理。
57 65 18 1 4 0.7
一名在日读文学系的中国留学生在东京地方法院门口接受澎湃采访。
57 66 18 2 4 0.2
他说自己早上6点多（北京时间）就到了，很关心庭审结果。
58 2 2 1 1 0.668
12月10日，江歌案开庭前一天，江歌母亲江秋莲在东京台东区立浅草公会堂召开记者见面会。
58 18 14 1 3 0.6
为了给女儿讨公道，江秋莲于2017年8月14日在国内发起签名活动，请求日本法院判处陈世峰死刑。
58 19 14 2 3 0.393
11月4日，江歌遇害一周年后，江秋莲赴日开展签名活动。
58 20 14 3 3 0.75
12月1日，她向东京地方法院提交450多万份签名。
58 50 39 1 1 0.611
12月11日，江歌案将于东京公开审判。
59 1 1 1 2 0.652
12月11日，引起舆论广泛关注的中国留学生江歌被杀案将在日本东京开庭。
59 2 1 2 2 0.627
昨日上午，江歌的母亲江秋莲在东京台东区浅草公会堂召开了小型媒体见面会。
59 5 3 1 2 0.62
据日本东京地方裁判所的网上公示，江歌案将于12月11日至15日每天上午10时审理，20日下午15时判决。
59 6 3 2 2 0.392
江秋莲透露，11日至14日的庭审，法庭由之前的813号改为426号，并于18日增加了半天庭审。
59 16 9 1 3 0.65
今天，江歌案将在东京开庭。
59 17 9 2 3 0.119
这也是她遇害的第404天。
60 1 1 1 3 0.676
12月11日，江歌案将在日本东京开庭。
60 2 1 2 3 0.095
几大疑点包括，案发时是否存在刘鑫人为锁门？江歌妈妈坚持认为刘鑫反锁了门，而刘鑫曾表示是外力把门挡住了。
62 6 3 1 2 0.652
12月11日，引起舆论广泛关注的中国留学生江歌被杀案将在日本东京开庭。
62 7 3 2 2 0.635
今日上午，江歌的母亲江秋莲在东京台东区浅草公会堂召开了小型媒体见面会。
63 1 1 1 2 0.653
中国留学生江歌日本被杀案，将于12月11日在东京开庭。
63 2 1 2 2 0.362
江歌母亲江秋莲在接受法制晚报·看法新闻记者采访时表示，她最近的身体状况非常不好，虽然还无法考虑判决之后的打算，但她表示，刑事案件结束后，会对陈世峰提起民事诉讼。
63 3 2 1 2 0.668
12月10日，江歌案开庭前一天，江歌母亲江秋莲在东京台东区立浅草公会堂召开记者见面会。
63 4 2 2 2 0.158
据媒体报道，见面会上，江秋莲身着一袭黑衣，神态疲惫，她对出席的媒体不断表示感谢，称“大家对我的帮助，让我有种不敢死的感觉。”
63 8 4 1 2 0.74
明天，江歌案将在日本东京地方裁判所公开审判。
63 9 4 2 2 0.247
江秋莲说，她不清楚刘鑫是否会出庭作证，“她说她会来出庭作证，但不到那一刻，我就不相信她说的。”
64 1 1 1 3 0.654
中国留学生江歌被杀案将于12月11日在日本东京开庭，江歌的母亲于10日召开小型媒体见面会。
64 2 1 2 3 0.267
江母表示并不知道刘鑫是否会出庭作证。
65 3 3 1 1 0.661
12月10日，在江歌案开庭前一天，江歌母亲江秋莲在东京台东区立浅草公会堂召开记者见面会。
65 16 12 1 3 0.6
为了给女儿讨公道，江秋莲于2017年8月14日在国内发起签名活动，请求日本法院判处陈世峰死刑。
65 17 12 2 3 0.393
11月4日，江歌遇害一周年后，江秋莲赴日开展签名活动。
65 18 12 3 3 0.75
12月1日，她向东京地方法院提交450多万份签名。
66 3 2 1 1 0.668
12月10日，江歌案开庭前一天，江歌母亲江秋莲在东京台东区立浅草公会堂召开记者见面会。
66 17 12 1 3 0.6
为了给女儿讨公道，江秋莲于2017年8月14日在国内发起签名活动，请求日本法院判处陈世峰死刑。
66 18 12 2 3 0.393
11月4日，江歌遇害一周年后，江秋莲赴日开展签名活动。
66 19 12 3 3 0.75
12月1日，她向东京地方法院提交450多万份签名。
66 49 37 1 1 0.611
12月11日，江歌案将于东京公开审判。
67 1 1 1 1 0.668
12月10日，江歌案开庭前一天，江歌母亲江秋莲在东京台东区立浅草公会堂召开记者见面会。
67 14 9 1 3 0.6
为了给女儿讨公道，江秋莲于2017年8月14日在国内发起签名活动，请求日本法院判处陈世峰死刑。
67 15 9 2 3 0.393
11月4日，江歌遇害一周年后，江秋莲赴日开展签名活动。
67 16 9 3 3 0.75
12月1日，她向东京地方法院提交450多万份签名。
67 47 35 1 1 0.611
12月11日，江歌案将于东京公开审判。
69 4 1 4 5 0.805
12月11日，该案将在东京地方法院开庭审理。
69 3 1 3 5 0.33
江为保护刘鑫，遭犯罪嫌疑人陈世峰杀害。
69 5 1 5 5 0.202
目前来看，中国媒体关注的主要有两个问题：首先，日本法院如何判处陈世峰，第二，江歌室友刘鑫对江案的态度。
72 2 1 2 2 0.659
该案将于12月11日在日本东京开庭审理。
72 1 1 1 2 0.544
近日，日本女留学生江歌遇害案备受关注，去年11月3日，24岁的中国留学生江歌在东京的出租方外被害，嫌疑人是其室友的前男友陈世峰。
78 2 1 2 2 0.669
12月11日至15日，该案将在东京地方裁判所公开审判。
78 1 1 1 2 0.439
法制晚报讯，中国留日学生江歌遇害案引发舆论关注。
78 20 10 1 2 0.697
江歌母亲江秋莲于当地时间11月4日抵达东京，继续开展签名请愿活动，以期当地法院判处陈世峰死刑。
78 21 10 2 2 0.071
那么，请愿活动对判决结果会有什么影响？
79 11 5 2 2 0.653
据报道，陈世峰杀害江歌一案将于当地时间12月11日至15日，在东京地方裁判所公开审判。
79 10 5 1 2 0.437
2016年12月14日，日本警方对杀害江歌的嫌疑人陈世峰以杀人罪正式起诉。
82 2 1 2 10 0.668
下月犯罪嫌疑人陈世峰将在东京地方裁判所受审。
82 1 1 1 10 0.465
2016年11月3日凌晨，中国留学生江歌在日本中野家中遇害。
82 3 1 3 10 0.746
为请求日本法院判决陈世峰死刑，江歌母亲日前前往日本，并于11月12日和众多留学生志愿者在东京池袋西口公园集会，征求民众署名支援。
82 4 1 4 10 0.339
该案为何要在日本审理？记者了解到，根据属地管辖原则规定，一国公民在他国发生刑事犯罪，应按照犯罪发生地国法律优先的原则进行处理。
87 1 1 1 1 0.66
据江歌案律师助理透露，中国赴日留学生江歌被杀案将于12月11号开始在东京地方法院开庭审判，并在第六次庭审的12月20号当庭宣判判决结果。
87 2 2 1 3 0.69
负责中国赴日留学生江歌遇害案的律师助理今天（14日）透露，江歌遇害案将从12月11号到20号在东京地方法院813号法庭开庭审判。
87 3 2 2 3 0.258
其中，11号到15号这五天将连续进行五次庭审，当地时间每天上午10点开始。
88 3 1 3 3 0.662
江歌案将于2017年12月11日在东京开庭，因希望嫌疑人得到死刑判罚，被害者江歌母亲江秋莲已于近日抵达东京，与志愿者一起呼吁民众署名支援。
88 2 1 2 3 0.526
据日媒报道，当地时间2016年11月3日，就读于日本东京法政大学的中国留学生江歌，被闺蜜刘鑫的前男友陈世峰杀害。
90 2 1 2 2 0.669
12月11日至15日，该案将在东京地方裁判所公开审判。
90 1 1 1 2 0.404
新京报快讯（记者王梦遥）中国留日学生江歌遇害案引发舆论关注。
90 16 11 1 1 0.676
江歌案庭审临近，江歌母亲前往日本举行请愿署名活动，请求法院判决犯罪嫌疑人陈世峰死刑。
