2
1 30 17 1 3 0.628
江母代理律师代表江母陈述的最后，明确要求判处死刑。
1 31 17 2 3 0.599
江母在陈律师辩论完毕后对法庭说，法官，请你们当庭释放陈世峰。
2
1 41 22 2 3 0.446
检方认为，陈世峰蓄意谋杀，手段极其恶劣，而且到目前为止一直没有反省。
1 42 22 3 3 0.751
检方请求法庭判处陈世峰20年有期徒刑。
2
3 11 4 1 3 0.63
③关于陈世峰称误伤江歌：江歌身上有多处刺伤、割伤，陈世峰是集中多次刺向江歌脖子而不是无意刺伤。
3 12 4 2 3 0.535
因为无意刺伤后，求救是正常的，但是陈世峰不但不求救反而继续刺向江歌；江歌先用刀刺向陈世峰的说法是不可信的，因为江歌身上有多道防御伤，而陈世峰无法做出说明。
2
5 2 2 1 2 0.601
#江歌案东京开庭#检方：陈蓄意杀人，行凶手段极其恶劣，完全没有反省。
5 3 2 2 2 0.435
陈目的是杀刘。
2
5 25 10 1 3 0.63
③关于陈世峰称误伤江歌：江歌身上有多处刺伤、割伤，陈世峰是集中多次刺向江歌脖子而不是无意刺伤。
5 26 10 2 3 0.535
因为无意刺伤后，求救是正常的，但是陈世峰不但不求救反而继续刺向江歌；江歌先用刀刺向陈世峰的说法是不可信的，因为江歌身上有多道防御伤，而陈世峰无法做出说明。
1
6 50 39 1 1 0.719
江歌妈妈表示，现在已征集到450万人签名，要求判陈世峰死刑，希望法庭严惩。
2
14 48 26 1 5 0.67
日本警方指控陈世峰杀人罪和恐吓罪。
14 49 26 2 5 0.55
陈世峰只承认了恐吓罪。
2
16 59 32 1 5 0.67
日本警方指控陈世峰杀人罪和恐吓罪。
16 60 32 2 5 0.55
陈世峰只承认了恐吓罪。
2
18 1 1 1 3 0.659
中国女留学生江歌在日本遇害案12月11日在日本东京开庭审理，检察官以两项罪名起诉被告人陈世峰。
18 2 1 2 3 0.364
一是恐吓罪，二是故意杀人罪。
2
18 18 7 2 3 0.341
一是恐吓罪，陈世峰曾给刘鑫发信息，威胁要把刘鑫的内衣照发给她父母或者朋友圈，如“我可以给你妈妈联系”“我有你爸爸电话”“还有视频你想看吗？”等。
18 19 7 3 3 0.64
二是故意杀人罪，陈世峰提前准备好刀具，蓄意杀害江歌。
2
25 3 2 1 3 0.602
12月11日上午的庭审中，检方主张陈世峰随身携带刀，陈方律师主张是刘鑫把刀递给江歌护身，并且迅速关上了房门。
25 4 2 2 3 0.469
据陈世峰律师说，江歌用肘部多次按门铃，但是刘鑫都没有给江歌开门。
1
25 7 4 1 1 0.707
检方指控陈世峰涉嫌杀人罪和恐吓罪，被告人陈世峰只承认恐吓罪。
2
27 1 1 1 2 0.435
12月11日，中国留学生江歌在日遇害案在日本东京开庭。
27 2 1 2 2 0.606
面对检方的指控，被告人陈世峰只承认对刘鑫的恐吓罪，不承认对江歌的故意杀人罪。
1
28 16 8 1 1 0.608
检方主张陈世峰随身携带刀具，陈方律师主张是刘鑫把刀递给江歌护身，并且迅速关上了房门。
1
28 21 12 1 1 0.686
日本检方指控陈世峰是故意杀人罪，是事先预谋杀人。
2
28 25 14 1 2 0.679
陈世峰方面否认检方杀人指控。
28 26 14 2 2 0.51
陈世峰律师指出，陈世峰携带衣物并不是为了杀人后换衣服，而是因为要在陈世峰家附近洗衣服，由于日语不好没有找到洗衣店就直接去江歌家。
1
29 18 15 1 1 0.614
庭审中，检方指控恐吓罪和杀人罪，陈世峰的律师主张过失杀人罪。
3
29 19 16 1 3 0.317
陈世峰在法庭上表现得很冷静，脸色苍白，穿着拖鞋。
29 20 16 2 3 0.618
庭审中，日本检方称，陈世峰是蓄意杀人，因为他带了换洗衣服。
29 21 16 3 3 0.32
陈世峰称，当天下午他本来要洗衣服，还用手机搜索附近的洗衣机。
2
31 5 3 1 3 0.644
陈世峰律师陈述时称，陈世峰是杀人未遂。
31 6 3 2 3 0.558
刀不是陈世峰准备的，是刘鑫递给江歌的。
3
31 11 4 4 6 0.399
检方称，江歌曾大喊“我报警了”。
31 12 4 5 6 0.604
陈世峰杀害江歌后，放弃刘鑫逃离现场。
31 13 4 6 6 0.353
凌晨2点20分，被送至医院的江歌因颈动脉失血过多而死。
2
31 17 5 4 5 0.375
在江歌出门后，刘鑫因为觉得害怕把门关了，江歌无法进入。
31 18 5 5 5 0.641
江歌用刀吓陈世峰，陈世峰感到绝望，所以反过来刺伤江歌。
2
34 8 5 1 2 0.634
庭审中，据目击者陈述，今天检方以故意杀人罪起诉陈世峰。
34 9 5 2 2 0.532
但陈世峰方面的律师承认恐吓罪，不承认故意杀人罪。
2
34 28 17 1 2 0.713
江秋莲表示，目前最大诉求是判处陈世峰死刑，不判死刑，杀人犯不会知道生命的珍贵。
34 29 17 2 2 0.418
正因为知道判死刑的概率小，所以做了万分的努力。
1
34 68 50 1 1 0.711
11月4日，江秋莲再次前往日本，征集签名要求判陈世峰死刑。
3
35 9 3 1 4 0.242
这把凶器的归属也是控辩双方的争议点之一。
35 10 3 2 4 0.625
检方认为该凶器来自嫌犯陈世峰，而辩方则坚称该凶器是江歌的闺蜜刘鑫递出来的。
35 11 3 3 4 0.414
陈世峰当庭辩称，凶器是从房间里拿出来递给江歌的，随后刘鑫迅速关上了房门。
1
36 11 9 1 1 0.654
1）检察官总结发言、请求处刑（请求陈世峰死刑或其他刑罚）。
2
36 20 16 1 2 0.67
日本警方指控陈世峰杀人罪和恐吓罪。
36 21 16 2 2 0.55
陈世峰只承认了恐吓罪。
3
36 25 20 1 3 0.511
日本警方称，陈世峰学校研究室发现一把水果刀的外壳，但是现在不能确定是否就是凶器的外壳。
36 26 20 2 3 0.618
庭审中，日本检方称，陈世峰是蓄意杀人，因为他带了换洗衣服。
36 27 20 3 3 0.32
陈世峰称，当天下午他本来要洗衣服，还用手机搜索附近的洗衣机。
2
37 1 1 1 3 0.647
江歌案庭审第一天，检察官以两项罪名起诉被告陈世峰。
37 2 1 2 3 0.364
一是恐吓罪，二是故意杀人罪。
2
37 18 7 2 3 0.341
一是恐吓罪，陈世峰曾给刘鑫发信息，威胁要把刘鑫的内衣照发给她父母或者朋友圈，如“我可以给你妈妈联系”“我有你爸爸电话”“还有视频你想看吗？”等。
37 19 7 3 3 0.64
二是故意杀人罪，陈世峰提前准备好刀具，蓄意杀害江歌。
1
38 5 4 1 1 0.614
庭审中，检方指控恐吓罪和杀人罪，陈世峰的律师主张过失杀人罪。
1
38 23 16 1 1 0.723
上海瀛泰律师事务所合伙人赵骏告诉澎湃新闻记者，日本的法院不大可能判处陈世峰死刑，他估计量刑可能是无期徒刑。
1
38 24 17 1 1 0.673
据赵律师介绍，在日本判死刑条件严苛，需要3个法官中2个法官同意死刑，并且6个裁判中有3个裁判同意，死刑才可生效。
3
39 1 1 1 4 0.285
新京报快讯(记者王巍)今日(12月11日)上午10点，江歌被害案在东京裁判所开庭。
39 2 1 2 4 0.612
庭审中，控方主张陈世峰为蓄意杀人，并提出警方在陈世峰所在大学研究室中发现了刀具的包装套。
39 3 1 3 4 0.618
陈世峰否认蓄意谋杀，辩护律师称刀不是陈世峰准备的，是刘鑫递给江歌的。
1
39 4 1 4 4 0.486
律师分析认为，查清刀到底来自于谁，对案情至关重要，如果陈世峰供述被查证属实，那么他的行为可能会被认定为防卫过当，承担的责任并不大。
2
39 9 4 1 2 0.61
陈世峰否认蓄意谋杀，辩护律师称，刀不是陈世峰准备的，是刘鑫递给江歌的。
39 10 4 2 2 0.603
辩方律师对检方提出的指控陈述称，陈世峰不承认第一刀是有意杀害江歌，而是在和江歌的争斗中误杀。
0
3
40 50 12 1 4 0.324
江歌已逝。
40 51 12 2 4 0.624
凶手陈世峰会遭什么样判决，最终要有法院决定。
40 52 12 3 4 0.235
此刻，笔者想到了鲁迅先生的一句话，“有的人活着，他已经死了……”重要的是，江歌的青春之血不应白流，江歌血案不应再次发生。
2
41 4 3 1 2 0.617
在今天上午的庭审中，检方指控：1:陈世峰对刘鑫有恐吓罪。
41 5 3 2 2 0.547
2:陈世峰用事先准备好的刀具刺杀，江歌左总颈动脉失血过多死亡。
1
41 51 34 1 1 0.711
11月4日，江秋莲再次前往日本，征集签名要求判陈世峰死刑。
2
41 54 37 1 3 0.679
为了给女儿讨公道，江秋莲于2017年8月14日在国内发起签名活动，请求日本法院判处陈世峰死刑。
41 55 37 2 3 0.258
11月4日，江歌遇害一周年后，江秋莲赴日开展签名活动。
2
43 8 6 1 5 0.686
日本检方指控陈世峰是故意杀人罪，是事先预谋杀人。
43 9 6 2 5 0.59
检方给出指控要点，陈世峰在犯案过程中行为恶劣，受害人江歌身中10刀。
3
43 10 6 3 5 0.529
其次陈世峰杀机强烈，具有计划性，造成结果十分严重，江歌不幸被杀害。
43 11 6 4 5 0.654
杀人过程，陈世峰方面律师否认检方杀人指控。
43 12 6 5 5 0.525
陈世峰律师指出，检方提出陈世峰当天特意带了换洗衣服，在江歌杀害之后换衣服逃离现场，律师方面反驳，陈世峰并不是为了杀人后换衣服，而是因为要在陈世峰家附近洗衣服，由于日语不好没有找到洗衣店就直接去江歌家。
2
44 15 11 1 3 0.679
为了给女儿讨公道，江秋莲于2017年8月14日在国内发起签名活动，请求日本法院判处陈世峰死刑。
44 16 11 2 3 0.258
11月4日，江歌遇害一周年后，江秋莲赴日开展签名活动。
1
44 51 39 1 1 0.711
11月4日，江秋莲再次前往日本，征集签名要求判陈世峰死刑。
1
45 6 5 1 1 0.603
在今天的庭审现场，检方认为陈世峰应为杀人罪，陈世峰的律师则主张是杀人未遂罪，并否认部分罪行，否认携带刀具。
2
46 18 8 1 2 0.679
因此，日本检察官可能会指控陈世峰残杀江歌存在“因果关系”。
46 19 8 2 2 0.511
但辩护方可能从陈世峰与江歌间并不存在个人恩怨出发，得出陈世峰是“激情杀人”，不存在“因果关系”。
1
46 23 10 1 1 0.634
根据上述的“因果关系”，日本检察官会指控陈世峰“故意杀人”，在起诉书中会阐述陈世峰“故意杀人”的证据。
3
46 26 11 3 5 0.37
根据日本刑法规定，超过6公分的刀具，未经允许，不得随身携带。
46 27 11 4 5 0.643
假如陈世峰随身携带禁止刀具，则违反日本刑法的规定，陈世峰用此行凶，同时犯有“凶器准备罪”。
46 28 11 5 5 0.333
如果其主观上没有杀人“故意”，不会随身携带一把足以致命的水果刀，因此其目的就是以武力威胁、行凶。
1
46 63 27 1 1 0.602
据报道，开庭前江母开展的签名活动，实际签名已达20万人，网上签名超过150万人，江母在开庭前准备交给检察官或直接提交法庭，签名的诉求是判陈世峰死刑。
2
46 73 31 1 2 0.616
日本法学界、律师界主张废除死刑的呼声很高，日本律师联合会曾向国会提交过“停止执行死刑法案”。
46 74 31 2 2 0.518
日本实行的审判员制度，也是通过市民的判断，对有可能被判死刑的案件提出意见，从而减少死刑的判决量。
2
46 77 33 1 2 0.624
在法院里，主张废除死刑的法官大有人在。
46 78 33 2 2 0.69
在这样的环境下，征集签名影响法官判处被告人陈世峰死刑是不可能的。
0
1
46 93 42 1 1 0.617
尽管日本法律没有规定刑诉附带民诉，但江母有权在庭审结束前，向被告人陈世峰提起损害赔偿。
3
48 5 2 4 6 0.399
检方称，江歌曾大喊“我报警了”。
48 6 2 5 6 0.604
陈世峰杀害江歌后，放弃刘鑫逃离现场。
48 7 2 6 6 0.353
凌晨2点20分，被送至医院的江歌因颈动脉失血过多而死。
3
50 4 1 4 8 0.419
江歌的死因是失血过多。
50 5 1 5 8 0.67
日本警方指控陈世峰杀人罪和恐吓罪。
50 6 1 6 8 0.55
陈世峰只承认了恐吓罪。
2
51 3 2 1 5 0.626
庭审现场记者蒋丰：日本警方指控陈世峰杀人罪和恐吓罪。
51 4 2 2 5 0.55
陈世峰只承认了恐吓罪。
1
53 1 1 1 1 0.655
提要：日本法律重“教育”而非“惩罚”，江歌案中被告人不会被判死刑，判处10年到15年有期徒刑的可能性较大；日本法律没有规定刑诉附带民诉，但江母可在庭审结束前，向被告人提起损害赔偿，也可表明保留民事赔偿诉讼权利，待被告人刑满回国，根据中国法律提起民事诉讼赔偿。
2
53 19 9 1 2 0.679
因此，日本检察官可能会指控陈世峰残杀江歌存在“因果关系”。
53 20 9 2 2 0.511
但辩护方可能从陈世峰与江歌间并不存在个人恩怨出发，得出陈世峰是“激情杀人”，不存在“因果关系”。
1
53 24 11 1 1 0.634
根据上述的“因果关系”，日本检察官会指控陈世峰“故意杀人”，在起诉书中会阐述陈世峰“故意杀人”的证据。
3
53 27 12 3 5 0.37
根据日本刑法规定，超过6公分的刀具，未经允许，不得随身携带。
53 28 12 4 5 0.643
假如陈世峰随身携带禁止刀具，则违反日本刑法的规定，陈世峰用此行凶，同时犯有“凶器准备罪”。
53 29 12 5 5 0.333
如果其主观上没有杀人“故意”，不会随身携带一把足以致命的水果刀，因此其目的就是以武力威胁、行凶。
1
53 64 28 1 1 0.602
据报道，开庭前江母开展的签名活动，实际签名已达20万人，网上签名超过150万人，江母在开庭前准备交给检察官或直接提交法庭，签名的诉求是判陈世峰死刑。
2
53 74 32 1 2 0.616
日本法学界、律师界主张废除死刑的呼声很高，日本律师联合会曾向国会提交过“停止执行死刑法案”。
53 75 32 2 2 0.518
日本实行的审判员制度，也是通过市民的判断，对有可能被判死刑的案件提出意见，从而减少死刑的判决量。
2
53 78 34 1 2 0.624
在法院里，主张废除死刑的法官大有人在。
53 79 34 2 2 0.69
在这样的环境下，征集签名影响法官判处被告人陈世峰死刑是不可能的。
0
1
53 94 43 1 1 0.617
尽管日本法律没有规定刑诉附带民诉，但江母有权在庭审结束前，向被告人陈世峰提起损害赔偿。
1
54 35 25 1 1 0.711
11月4日，江秋莲再次前往日本，征集签名要求判陈世峰死刑。
2
55 12 10 1 3 0.679
为了给女儿讨公道，江秋莲于2017年8月14日在国内发起签名活动，请求日本法院判处陈世峰死刑。
55 13 10 2 3 0.258
11月4日，江歌遇害一周年后，江秋莲赴日开展签名活动。
3
57 19 6 4 7 0.419
江歌的死因是失血过多。
57 20 6 5 7 0.67
日本警方指控陈世峰杀人罪和恐吓罪。
57 21 6 6 7 0.55
陈世峰只承认了恐吓罪。
2
58 18 14 1 3 0.679
为了给女儿讨公道，江秋莲于2017年8月14日在国内发起签名活动，请求日本法院判处陈世峰死刑。
58 19 14 2 3 0.258
11月4日，江歌遇害一周年后，江秋莲赴日开展签名活动。
1
58 49 38 1 1 0.711
11月4日，江秋莲再次前往日本，征集签名要求判陈世峰死刑。
2
59 7 4 1 2 0.681
江秋莲到日本这30天以来，主要专注于征集对犯罪嫌疑人陈世峰判处死刑的请愿签名，并频繁会见律师和检察官。
59 8 4 2 2 0.254
对更换律师的传闻，她不愿透露更多细节。
2
61 6 2 2 3 0.557
在10日，江歌妈妈召开了小型媒体见面会，明确表示“来日本，我是努力争取陈世峰死刑的”。
61 7 2 3 3 0.685
江秋莲到达日本的这30天，主要专注于征集对犯罪嫌疑人陈世峰判处死刑的请愿签名，并频繁会见律师和检察官。
2
61 14 7 1 2 0.673
日本虽未废除死刑，但死刑只针对罪行极其严重的情形；而且即便被判死刑，还需由法务大臣同意签名才能执行死刑，所以日本一年的执行死刑人数往往是0。
61 15 7 2 2 0.483
比如，1995年日本邪教奥姆真理教发动的“东京地铁沙林毒气事件”，造成超过6000人受伤，13人死亡，2006年教主麻原彰晃就被判了死刑，到现在还未执行。
2
62 11 6 1 2 0.681
江秋莲到日本这30天以来，主要专注于征集对犯罪嫌疑人陈世峰判处死刑的请愿签名，并频繁会见律师和检察官。
62 12 6 2 2 0.289
她确认了更换律师的传闻，但不愿透露更多细节。
2
65 16 12 1 3 0.679
为了给女儿讨公道，江秋莲于2017年8月14日在国内发起签名活动，请求日本法院判处陈世峰死刑。
65 17 12 2 3 0.258
11月4日，江歌遇害一周年后，江秋莲赴日开展签名活动。
2
66 17 12 1 3 0.679
为了给女儿讨公道，江秋莲于2017年8月14日在国内发起签名活动，请求日本法院判处陈世峰死刑。
66 18 12 2 3 0.258
11月4日，江歌遇害一周年后，江秋莲赴日开展签名活动。
1
66 48 36 1 1 0.711
11月4日，江秋莲再次前往日本，征集签名要求判陈世峰死刑。
2
67 14 9 1 3 0.679
为了给女儿讨公道，江秋莲于2017年8月14日在国内发起签名活动，请求日本法院判处陈世峰死刑。
67 15 9 2 3 0.258
11月4日，江歌遇害一周年后，江秋莲赴日开展签名活动。
1
67 46 34 1 1 0.711
11月4日，江秋莲再次前往日本，征集签名要求判陈世峰死刑。
3
69 2 1 2 5 0.193
此案于去年11月在东京发生。
69 3 1 3 5 0.693
江为保护刘鑫，遭犯罪嫌疑人陈世峰杀害。
69 4 1 4 5 0.444
12月11日，该案将在东京地方法院开庭审理。
3
69 6 2 1 5 0.23
读各种报道，江母“失独”，以及刘鑫对江母刻意回避的态度，激起国内舆论对刘鑫普遍的谴责以及对江母的同情。
69 7 2 2 5 0.611
另一方面，今年8月开始，江母开展征集要求判处嫌疑人陈世峰死刑的签名活动。
69 8 2 3 5 -0.046
这个活动引起国内普遍关注。
3
69 12 4 1 4 0.531
此案发生在日本，嫌疑人被日方羁押，未来要依照日本法律判决。
69 13 4 2 4 0.609
那么陈世峰是否能如江母呼吁的那样被判处死刑？在对杀人事件量刑标准上，中日刑法存在不同。
69 14 4 3 4 0.602
日本现行刑法的死刑规定共有12条，陈世峰最可能被适用的是199条即杀人罪。
1
69 15 4 4 4 0.363
该条规定，杀人者处以死刑、无期或5年以上徒刑。
3
69 19 5 4 7 0.147
但是，上述量刑因素中的“严重程度”，根据以往的判例，要考虑被害者的人数。
69 20 5 5 7 0.675
现实中，日本法院判处死刑，要考察被害者是否2人以上。
69 21 5 6 7 0.344
此外，还要考察是过激杀人还是蓄谋杀人。
2
69 44 11 1 7 0.616
因主谋策划东京地铁沙林毒气事件，造成12人死亡及5510人以上受伤的奥姆真理教创始人麻原彰晃，于2004年2月27日被东京地方法院一审判处死刑，时至今日，他的死刑判决仍未实行。
69 45 11 2 7 0.323
日本社会对死刑运用如此慎重，一是由于在战后的发展中，曾出现数例死刑案后被查清并平反的事。
2
78 6 3 1 2 0.477
犯罪嫌疑人陈世峰将于下月受审，关于该案的一些法律问题也值得关注。
78 7 3 2 2 0.647
诸如：该案双方当事人均为中国人，为何案件要在日本审理？刘鑫可以拒绝出庭作证吗？一旦陈世峰被法院判定为杀人凶手，他是否有可能回国执行刑罚？中国司法机关能否对凶手追责？
2
78 20 10 1 2 0.602
江歌母亲江秋莲于当地时间11月4日抵达东京，继续开展签名请愿活动，以期当地法院判处陈世峰死刑。
78 21 10 2 2 0.279
那么，请愿活动对判决结果会有什么影响？
3
79 1 1 1 3 0.304
近日，中国留学生江歌在日本被害案再次引发舆论关注。
79 2 1 2 3 0.623
凶手陈世峰，即江歌室友刘鑫的前男友，已经被日本警方抓捕。
79 3 1 3 3 0.369
而刘鑫迟迟没有面对媒体以及江歌的母亲，江歌的母亲则在网上公开了刘鑫的个人信息，双方在网上发生隔空冲突。
2
79 10 5 1 2 0.616
2016年12月14日，日本警方对杀害江歌的嫌疑人陈世峰以杀人罪正式起诉。
79 11 5 2 2 0.504
据报道，陈世峰杀害江歌一案将于当地时间12月11日至15日，在东京地方裁判所公开审判。
3
82 1 1 1 10 0.265
2016年11月3日凌晨，中国留学生江歌在日本中野家中遇害。
82 2 1 2 10 0.617
下月犯罪嫌疑人陈世峰将在东京地方裁判所受审。
82 3 1 3 10 0.586
为请求日本法院判决陈世峰死刑，江歌母亲日前前往日本，并于11月12日和众多留学生志愿者在东京池袋西口公园集会，征求民众署名支援。
3
82 4 1 4 10 0.397
该案为何要在日本审理？记者了解到，根据属地管辖原则规定，一国公民在他国发生刑事犯罪，应按照犯罪发生地国法律优先的原则进行处理。
82 5 1 5 10 0.622
陈世峰在日本是否会被判死刑？从事日本刑法研究的南开大学法学院教授郑泽善告诉记者，从目前情况来看，是否会被判死仍不好判断，“一般情况下，在日本杀害3个人才可能被判处死刑，按照惯例，凶手杀害1人一般获刑13年。”不过，这是针对犯罪嫌疑人是日本国籍的情况。
82 6 1 6 10 0.438
一旦法庭经审理认定犯罪嫌疑人陈世峰为凶手，中国司法机关能否对凶手继续追责？依据我国刑法第十条规定：凡在中华人民共和国领域外犯罪，依照本法应当负刑事责任的，虽然经过外国审判，仍然可以依照本法追究。
2
83 38 20 2 3 0.327
但一般来说，日本及其他西方国家司法相对独立，这样的投票对法院判决的影响微乎其微。
83 39 20 3 3 0.741
同时，日本并没有废除死刑，此案理论上可判处死刑，但是日本死刑判决的条件非常严格，陈世峰被判死刑的概率不大。
2
83 55 27 1 3 0.624
北京市春林律师事务所主任庞九林：如果日本法院判处陈世峰监禁刑，待其服刑期满，被日本驱逐回国之后，中国可以追究其刑事责任。
83 56 27 2 3 0.474
在日本对陈世锋判刑前，我国应该尊重日本司法主权。
2
85 1 1 1 2 0.635
当国内的舆论处在一片对刘鑫的讨伐声中时，江歌的母亲江秋莲正在日本街头征集网友签名，呼吁判处凶手陈世峰死刑。
85 2 1 2 2 0.667
此刻的她，最揪心的是：按照日本法律，那个残忍杀害自己独生女儿的凶手陈世峰可能不会被判死刑。
0
2
85 4 2 2 3 0.415
据日本警视厅中野警署称，江歌是在租住的公寓二楼走廊被歹徒用刀割伤颈部，伤口长达10厘米。
85 5 2 3 3 0.608
犯罪嫌疑人被认为是江歌同住室友的前男友陈世峰。
3
85 10 4 1 3 0.38
有信息称，该案将于今年12月11日在日本开庭审理。
85 11 4 2 3 0.667
根据日本法律，犯罪嫌疑人陈世峰可能不会面临死刑指控，这让江秋莲不能接受。
85 12 4 3 3 0.652
从本月4日起，江秋莲在日本街头公开征集签名，呼吁判处陈世峰死刑。
0
2
86 4 2 2 3 0.318
凶手作案方式残忍，江歌的胸部、头部多处刀伤，几乎刀刀致命。
86 5 2 3 3 0.631
而后，日本警方证实，犯罪嫌疑人为江歌室友刘鑫的前男友陈世峰，现已被日本警方抓捕。
3
86 21 11 1 3 0.477
目前，网友十分关注“江歌案”的一点就是，江歌案的犯罪嫌疑人陈世峰将在日本受审。
86 22 11 2 3 0.789
然而，根据日本的相关法律，陈世峰将很难被判死刑，因此，江歌母亲在日本街头及网络征集签名判处陈世峰死刑。
86 23 11 3 3 0.282
但北京师范大学刑事科学研究院教授黄风表示，法院在量刑的时候主要考虑的是事实和证据，以及法律的具体规定。
1
89 43 31 1 1 0.724
更何况杀人凶手还没有受到法律的制裁，12月11日江歌惨案开庭，江妈妈会再次赴日，为凶手判死刑做抗争。
1
90 16 11 1 1 0.733
江歌案庭审临近，江歌母亲前往日本举行请愿署名活动，请求法院判决犯罪嫌疑人陈世峰死刑。
2
93 7 5 1 2 0.624
据日本警方调查结论，犯罪嫌疑人为与江歌同住女孩刘鑫的前男友陈世峰。
93 8 5 2 2 0.304
据媒体报道，事发后，刘鑫迟迟没有面对媒体以及江歌的母亲，双方甚至在网上发生隔空冲突。
2
99 7 3 1 2 0.553
整件事情目前比较清楚的事实是，凶手确系刘鑫的前男友陈世峰。
99 8 3 2 2 0.705
陈世峰以杀人罪被正式起诉，近日日本当地法院将对他是否判处死刑做出判决。
