2
34 36 23 1 2 0.818
江秋莲接受采访。
34 37 23 2 2 0.277
（视频截图）
2
34 39 25 1 2 0.865
刑俊龙接受采访。
34 40 25 2 2 0.277
（视频截图）
1
41 62 40 1 1 0.735
12月10日，江秋莲在浅草公会堂接受媒体采访时，哽咽落泪。
2
54 8 3 1 3 0.668
在裁判所门前，日本新华侨报总编辑、环球网特约前方记者蒋丰就江歌案接受了《局面》栏目记者的采访。
54 9 3 2 3 0.235
蒋丰称，记者的焦点在于如何评价刘鑫。
1
58 1 1 1 1 0.63
12月10日，江歌的母亲江秋莲在东京浅草公会堂接受媒体采访时，哽咽落泪。
1
58 11 9 1 1 0.637
12月10日，江歌的母亲江秋莲在东京浅草公会堂接受媒体采访。
2
65 4 4 1 2 0.622
12月10日，江歌的母亲江秋莲在东京池袋的浅草公会堂接受媒体采访时，哽咽落泪。
65 5 4 2 2 0.276
图片来源：澎湃新闻姚为摄
2
65 9 7 1 2 0.63
12月10日，江歌的母亲江秋莲在东京池袋的浅草公会堂接受媒体采访。
65 10 7 2 2 0.276
图片来源：澎湃新闻姚为摄
2
65 24 16 1 2 0.736
江歌妈妈接受记者采访。
65 25 16 2 2 0.296
图片来源：东方新报
2
66 1 1 1 2 0.622
12月10日，江歌的母亲江秋莲在东京池袋的浅草公会堂接受媒体采访时，哽咽落泪。
66 2 1 2 2 -0.003
本文图均为姚为图
1
66 5 4 1 1 0.63
12月10日，江歌的母亲江秋莲在东京池袋的浅草公会堂接受媒体采访。
