6 52 41 1 2 0.617
12月18日（下周一）上午，江歌案将在东京地方裁判所813号法庭继续审理。
6 53 41 2 2 0.013
之后，法官和陪审团人员将进行闭门会议讨论。
17 2 2 1 2 0.678
12月10日上午，江秋莲在日本东京召开小型媒体见面会。
17 3 2 2 2 -0.013
（来源：视觉中国）
18 1 1 1 3 0.688
中国女留学生江歌在日本遇害案12月11日在日本东京开庭审理，检察官以两项罪名起诉被告人陈世峰。
18 2 1 2 3 0.031
一是恐吓罪，二是故意杀人罪。
18 6 3 1 4 0.693
庭审于东京时间上午10点在东京地方法院开庭。
18 7 3 2 4 0.099
陈世峰被带上法庭，身着蓝色上衣，黑色裤子，看起来很白净，头发打着发胶，没有表情。
25 1 1 1 2 0.772
中国女留学生江歌在日本遇害案12月11日在日本东京开庭审理。
24 5 1 5 5 0.27
她现在很后悔，也许一直通话的话，陈世峰知道江歌和母亲在通话，就不会杀害江歌。
25 2 1 2 2 0.325
本次庭审和宣判将用时七日，即12月11日-15日、12月18日，12月20日宣判。
25 9 6 1 1 0.683
在11日下午的庭审中，日本东京地方法院庭上公布了江歌的尸检报告。
27 1 1 1 2 0.722
12月11日，中国留学生江歌在日遇害案在日本东京开庭。
27 2 1 2 2 0.231
面对检方的指控，被告人陈世峰只承认对刘鑫的恐吓罪，不承认对江歌的故意杀人罪。
28 1 1 1 3 0.69
12月11日，中国女留学生江歌遇害一案在日本东京开庭审理。
28 2 1 2 3 0.289
江歌的妈妈，原、被告双方的律师以及犯罪嫌疑人陈世峰及其家人悉数到庭。
28 7 4 1 5 0.759
东京时间上午10点，该案在东京地方法院开庭。
28 8 4 2 5 0.099
陈世峰被带上法庭，身着蓝色上衣，黑色裤子，看起来很白净，头发打着发胶，没有表情。
28 54 32 1 2 0.622
东京地方法院门口聚集了大量民众与媒体。
28 55 32 2 2 0.047
（来源：看看新闻）
28 56 33 1 2 0.642
当地时间2017年12月11日，日本东京，江歌案今日开庭审理，现场媒体和普通民众关注事件进展。
28 57 33 2 2 -0.013
（来源：视觉中国）
29 2 2 1 1 0.646
2017年12月11日，东京地方法院门口已聚集了大量关心“江歌案”的媒体。
29 4 4 1 1 0.708
著名旅日社评作家蒋丰在东京地方法院发来消息。
29 17 14 1 1 0.695
著名旅日社评作家蒋丰在东京地方法院发来的消息。
31 2 2 1 3 0.682
12月11日上午10点，江歌被害案在东京裁判所开庭。
31 3 2 2 3 0.214
陈世峰被控蓄意杀人，但其本人予以否认，只承认恐吓罪。
31 56 34 1 2 0.601
江歌案在日本东京地方法庭开庭审理，从前方报道情况看，被告人陈世峰及其辩护律师提供了不少生猛“爆料”。
31 57 34 2 2 0.228
比如，陈世峰陈述作为凶器的水果刀，是刘鑫从房间里拿出来递给江歌的，并且迅速关上了房门；陈世峰的律师说，江歌用肘部多次按门铃，但是刘鑫都没有给江歌开门，等等。
33 2 2 1 2 0.609
今天上午，备受关注的“江歌案”在东京地方裁判所第426号法庭开庭。
33 3 2 2 2 0.296
整个审理将持续至18日上午结束，12月20日下午进行宣判。
34 1 1 1 1 0.687
12月11日上午，江歌被害案在东京裁判所开庭。
34 62 45 1 1 0.616
11月11-12日，江歌追悼会在日本举行。
34 68 50 1 1 0.635
11月4日，江秋莲再次前往日本，征集签名要求判陈世峰死刑。
34 69 51 1 1 0.622
12月11日，江歌案将于东京公开审判。
36 3 2 1 2 0.633
当地时间早上7时许，日本东京，江秋莲在女儿的生前公寓进行祭拜。
36 4 2 2 2 0.207
她说，自己对庭审表示期待，并称希望江歌能放心。
37 6 3 1 4 0.664
2017年12月11日，东京时间上午10点，备受关注的江歌案在东京地方法院开庭。
37 7 3 2 4 0.107
被告陈世峰被带上法庭，身着蓝色上衣，黑色裤子，看起来很白净，头发打着发胶，没有表情。
38 1 1 1 1 0.689
当地时间12月11日10时（北京时间9时），中国留学生江歌在日本被害案在东京开始审理。
39 5 2 1 2 0.671
今日上午10点，江歌被害案在东京裁判所开庭。
39 6 2 2 2 -0.014
截至目前，法庭上出现的第一个有关事实的争议焦点是，刀是谁的?
40 1 1 1 5 0.701
12月11日，中国女留学生江歌在日本被中国男留学生陈世峰伤害致死一案在东京地方法院进入一审阶段。
40 2 1 2 5 0.08
这对于一年前痛失独生女儿的江歌妈妈来讲，或许是一种安慰，因为此案终于进入法庭审理时段，或许也是一种刺激，因为这意味着漫长法庭驳辨纷争的刚刚开始。
41 2 2 1 2 0.69
事发404天后，“江歌案”今天在日本东京开庭。
41 3 2 2 2 0.278
上午的庭审中，陈世峰方否认预谋杀人，称刀是刘鑫从门内递给江歌的，在搏斗中误伤江歌（第一刀）；还称江歌多次按门铃、刘鑫未开门。
41 45 29 1 1 0.616
11月11-12日，江歌追悼会在日本举行。
41 51 34 1 1 0.635
11月4日，江秋莲再次前往日本，征集签名要求判陈世峰死刑。
41 52 35 1 1 0.622
12月11日，江歌案将于东京公开审判。
41 56 37 3 3 0.634
12月1日，她向东京地方法院提交了450多万份签名。
41 55 37 2 3 0.429
11月4日，江歌遇害一周年后，江秋莲赴日开展签名活动。
43 1 1 1 1 0.708
海外网12月11日电据日本共同社报道，中国留学生江歌在日本被杀一案11日在东京地方法院首次开庭，被告人陈世峰当庭否认被控罪名。
42 6 1 6 6 0.33
按照日本法律，在庭审中刘鑫出庭是应该且必要的。
44 3 3 1 1 0.649
12月10日，江歌案开庭前一天，江歌母亲江秋莲在东京台东区立浅草公会堂召开记者见面会。
44 17 11 3 3 0.65
12月1日，她向东京地方法院提交450多万份签名。
44 16 11 2 3 0.429
11月4日，江歌遇害一周年后，江秋莲赴日开展签名活动。
44 45 34 1 1 0.616
11月11-12日，江歌追悼会在日本举行。
44 51 39 1 1 0.635
11月4日，江秋莲再次前往日本，征集签名要求判陈世峰死刑。
44 52 40 1 1 0.675
12月11日，江歌案在东京公开审判。
46 1 1 1 2 0.762
12月11日，中国在日留学生江歌被害案中的被告人陈世峰在日本东京地方法院初次接受开庭审理。
46 2 1 2 2 0.192
此前围绕江歌案的审理、江母的救济措施，以及本案关系人刘鑫的责任等问题，曾引发舆论热议。
47 1 1 1 2 0.689
当地时间12月11日10时（北京时间9时），中国留学生江歌在日本被害案在东京开始审理。
47 2 1 2 2 0.325
本次庭审和宣判将用时七日，即12月11日-15日、12月18日，12月20日宣判。
47 8 5 2 4 0.649
12月10日，江歌案开庭前一天，江歌母亲江秋莲在东京台东区立浅草公会堂召开记者见面会。
47 7 5 1 4 0.213
案件的另一个焦点是刘鑫是否会出席庭审。
47 9 5 3 4 0.38
此前一天，江秋莲被检察官约见，结束后告诉澎湃新闻，刘鑫可能会出庭作证，届时法院会安排其走证人特殊通道。
48 1 1 1 1 0.637
新京报快讯（记者陶若谷黄钟方辰）12月11日上午10点，江歌被害案在东京裁判所开庭。
51 1 1 1 2 0.753
[环球网报道赴东京地方法院庭审现场特约记者蒋丰]中国女留学生江歌被杀一案12月11日在日本东京开庭审理。
50 8 1 8 8 0.139
（via蒋丰）
51 2 1 2 2 0.236
江歌的妈妈，原告和被告的律师以及犯罪嫌疑人陈世峰的家人均到庭。
52 1 1 1 3 0.672
当地时间12月11日7时许，日本东京，开庭前夕，江歌母亲江秋莲在女儿的生前公寓进行祭拜。
52 2 1 2 3 0.33
江歌母亲告诉澎湃新闻，自己对庭审表示期待，并称希望江歌能放心。
52 4 2 1 2 0.61
[“江歌案”在日本庭审，江歌妈妈刘鑫等人悉数到庭]12月11日，中国女留学生江歌被杀一案在日本东京开庭审理。
52 5 2 2 2 0.23
大批中日两国的媒体记者一起参加庭审。
52 7 3 2 2 0.758
东京时间10时，“江歌案”在日本东京即将开庭审理。
52 6 3 1 2 0.545
今日上午东京时间9时，江歌母亲即将前往律师事务所，与律师一同前往庭审。
52 8 4 1 4 0.657
一名在日读文学系的中国留学生在东京地方法院门口接受澎湃采访。
52 9 4 2 4 0.13
他说自己早上6点多（北京时间）就到了，很关心庭审结果。
53 2 2 1 2 0.762
12月11日，中国在日留学生江歌被害案中的被告人陈世峰在日本东京地方法院初次接受开庭审理。
53 3 2 2 2 0.192
此前围绕江歌案的审理、江母的救济措施，以及本案关系人刘鑫的责任等问题，曾引发舆论热议。
54 1 1 1 4 0.678
2017年12月11日，中国女留学生江歌被杀一案在日本东京开庭审理。
54 2 1 2 4 0.478
12月11日上午北京时间6点15分，江歌母亲出现在女儿的生前公寓进行祭拜。
54 5 2 1 3 0.695
环球网综合报道中国女留学生江歌被杀一案12月11日在日本东京开庭审理。
54 6 2 2 3 0.236
江歌的妈妈，原告和被告的律师以及犯罪嫌疑人陈世峰的家人均到庭。
54 29 20 1 1 0.616
11月11-12日，江歌追悼会在日本举行。
54 35 25 1 1 0.635
11月4日，江秋莲再次前往日本，征集签名要求判陈世峰死刑。
54 36 26 1 1 0.646
12月11日，江歌案于东京公开审判。
55 3 3 1 1 0.642
12月10日，在江歌案开庭前一天，江歌母亲江秋莲在东京台东区立浅草公会堂召开记者见面会。
55 14 10 3 3 0.65
12月1日，她向东京地方法院提交450多万份签名。
55 13 10 2 3 0.429
11月4日，江歌遇害一周年后，江秋莲赴日开展签名活动。
56 1 1 1 12 0.646
2017年12月11日，东京地方法院门口已聚集了大量关心“江歌案”的媒体。
56 2 1 2 12 0.669
视觉中国图当地时间12月11日10时（北京时间9时），中国留学生江歌在日本被害案在东京开始审理。
56 3 1 3 12 0.325
本次庭审和宣判将用时七日，即12月11日-15日、12月18日，12月20日宣判。
56 9 1 9 12 0.649
12月10日，江歌案开庭前一天，江歌母亲江秋莲在东京台东区立浅草公会堂召开记者见面会。
56 8 1 8 12 0.213
案件的另一个焦点是刘鑫是否会出席庭审。
56 10 1 10 12 0.38
此前一天，江秋莲被检察官约见，结束后告诉澎湃新闻，刘鑫可能会出庭作证，届时法院会安排其走证人特殊通道。
57 1 1 1 2 0.692
中国女留学生江歌被杀一案12月11日在日本东京开庭审理。
56 12 1 12 12 0.498
11日7时许，开庭前夕，江歌母亲江秋莲前往女儿生前公寓进行祭拜。
57 2 1 2 2 0.236
江歌的妈妈，原告和被告的律师以及犯罪嫌疑人陈世峰的家人均到庭。
57 16 6 1 7 0.735
江歌被害案12月11日在东京地方法庭开庭审理。
57 17 6 2 7 0.211
被告陈世峰在法庭上否认部分罪行，认为自己是杀人未遂罪，并陈述凶器的水果刀是刘鑫从房间里拿出来递给江歌的，并且迅速关上了房门。
57 27 8 1 2 0.692
中国女留学生江歌被杀一案12月11日在日本东京开庭审理。
57 28 8 2 2 0.236
江歌的妈妈，原告和被告的律师以及犯罪嫌疑人陈世峰的家人均到庭。
57 55 14 1 3 0.706
当地时间12月11日8时30分，日本东京地方法院外有300余民众排队抽签获取旁听资格。
57 56 14 2 3 0.32
有在日中国留学生表示留学生群体，对江歌案态度分两极化。
57 58 15 1 3 0.672
当地时间12月11日7时许，日本东京，开庭前夕，江歌母亲江秋莲在女儿的生前公寓进行祭拜。
57 59 15 2 3 0.33
江歌母亲告诉澎湃新闻，自己对庭审表示期待，并称希望江歌能放心。
57 61 16 1 2 0.686
12月11日，中国女留学生江歌被杀一案在日本东京开庭审理。
57 62 16 2 2 0.23
大批中日两国的媒体记者一起参加庭审。
57 64 17 2 2 0.758
东京时间10时，“江歌案”在日本东京即将开庭审理。
57 63 17 1 2 0.545
今日上午东京时间9时，江歌母亲即将前往律师事务所，与律师一同前往庭审。
57 65 18 1 4 0.657
一名在日读文学系的中国留学生在东京地方法院门口接受澎湃采访。
57 66 18 2 4 0.13
他说自己早上6点多（北京时间）就到了，很关心庭审结果。
58 2 2 1 1 0.649
12月10日，江歌案开庭前一天，江歌母亲江秋莲在东京台东区立浅草公会堂召开记者见面会。
58 20 14 3 3 0.65
12月1日，她向东京地方法院提交450多万份签名。
58 19 14 2 3 0.429
11月4日，江歌遇害一周年后，江秋莲赴日开展签名活动。
58 43 33 1 1 0.616
11月11-12日，江歌追悼会在日本举行。
58 49 38 1 1 0.635
11月4日，江秋莲再次前往日本，征集签名要求判陈世峰死刑。
58 50 39 1 1 0.622
12月11日，江歌案将于东京公开审判。
59 1 1 1 2 0.699
12月11日，引起舆论广泛关注的中国留学生江歌被杀案将在日本东京开庭。
59 2 1 2 2 0.584
昨日上午，江歌的母亲江秋莲在东京台东区浅草公会堂召开了小型媒体见面会。
59 5 3 1 2 0.633
据日本东京地方裁判所的网上公示，江歌案将于12月11日至15日每天上午10时审理，20日下午15时判决。
59 6 3 2 2 0.299
江秋莲透露，11日至14日的庭审，法庭由之前的813号改为426号，并于18日增加了半天庭审。
59 16 9 1 3 0.612
今天，江歌案将在东京开庭。
59 17 9 2 3 0.088
这也是她遇害的第404天。
60 1 1 1 3 0.73
12月11日，江歌案将在日本东京开庭。
60 2 1 2 3 0.12
几大疑点包括，案发时是否存在刘鑫人为锁门？江歌妈妈坚持认为刘鑫反锁了门，而刘鑫曾表示是外力把门挡住了。
62 6 3 1 2 0.699
12月11日，引起舆论广泛关注的中国留学生江歌被杀案将在日本东京开庭。
62 7 3 2 2 0.583
今日上午，江歌的母亲江秋莲在东京台东区浅草公会堂召开了小型媒体见面会。
63 1 1 1 2 0.715
中国留学生江歌日本被杀案，将于12月11日在东京开庭。
63 2 1 2 2 0.325
江歌母亲江秋莲在接受法制晚报·看法新闻记者采访时表示，她最近的身体状况非常不好，虽然还无法考虑判决之后的打算，但她表示，刑事案件结束后，会对陈世峰提起民事诉讼。
63 3 2 1 2 0.649
12月10日，江歌案开庭前一天，江歌母亲江秋莲在东京台东区立浅草公会堂召开记者见面会。
63 4 2 2 2 0.165
据媒体报道，见面会上，江秋莲身着一袭黑衣，神态疲惫，她对出席的媒体不断表示感谢，称“大家对我的帮助，让我有种不敢死的感觉。”
63 8 4 1 2 0.796
明天，江歌案将在日本东京地方裁判所公开审判。
63 9 4 2 2 0.208
江秋莲说，她不清楚刘鑫是否会出庭作证，“她说她会来出庭作证，但不到那一刻，我就不相信她说的。”
64 1 1 1 3 0.685
中国留学生江歌被杀案将于12月11日在日本东京开庭，江歌的母亲于10日召开小型媒体见面会。
64 2 1 2 3 0.268
江母表示并不知道刘鑫是否会出庭作证。
65 3 3 1 1 0.642
12月10日，在江歌案开庭前一天，江歌母亲江秋莲在东京台东区立浅草公会堂召开记者见面会。
65 18 12 3 3 0.65
12月1日，她向东京地方法院提交450多万份签名。
65 17 12 2 3 0.429
11月4日，江歌遇害一周年后，江秋莲赴日开展签名活动。
66 3 2 1 1 0.649
12月10日，江歌案开庭前一天，江歌母亲江秋莲在东京台东区立浅草公会堂召开记者见面会。
66 19 12 3 3 0.65
12月1日，她向东京地方法院提交450多万份签名。
66 18 12 2 3 0.429
11月4日，江歌遇害一周年后，江秋莲赴日开展签名活动。
66 42 31 1 1 0.616
11月11-12日，江歌追悼会在日本举行。
66 48 36 1 1 0.635
11月4日，江秋莲再次前往日本，征集签名要求判陈世峰死刑。
66 49 37 1 1 0.622
12月11日，江歌案将于东京公开审判。
67 1 1 1 1 0.649
12月10日，江歌案开庭前一天，江歌母亲江秋莲在东京台东区立浅草公会堂召开记者见面会。
67 16 9 3 3 0.65
12月1日，她向东京地方法院提交450多万份签名。
67 15 9 2 3 0.429
11月4日，江歌遇害一周年后，江秋莲赴日开展签名活动。
67 40 29 1 1 0.616
11月11-12日，江歌追悼会在日本举行。
67 46 34 1 1 0.635
11月4日，江秋莲再次前往日本，征集签名要求判陈世峰死刑。
67 47 35 1 1 0.622
12月11日，江歌案将于东京公开审判。
68 27 9 1 4 0.619
好在案件即将于12月11至15日，在东京地方裁判所进行公开审判。
68 28 9 2 4 0.019
届时，所有的真相都将得到公开。
69 4 1 4 5 0.7
12月11日，该案将在东京地方法院开庭审理。
69 3 1 3 5 0.417
江为保护刘鑫，遭犯罪嫌疑人陈世峰杀害。
69 5 1 5 5 0.217
目前来看，中国媒体关注的主要有两个问题：首先，日本法院如何判处陈世峰，第二，江歌室友刘鑫对江案的态度。
72 1 1 1 2 0.621
近日，日本女留学生江歌遇害案备受关注，去年11月3日，24岁的中国留学生江歌在东京的出租方外被害，嫌疑人是其室友的前男友陈世峰。
72 2 1 2 2 0.693
该案将于12月11日在日本东京开庭审理。
74 2 2 1 4 0.679
2016年11月3日凌晨，留学日本的江歌，在东京中野区的公寓被害。
74 3 2 2 4 0.208
起因是，她的青岛老乡、在日本结识的“闺蜜”刘鑫，与本是同居恋人的陈世峰，因感情不和，分手后无处落脚，请求江歌收留，却依然遭到陈的不断纠缠和威胁。
78 2 1 2 2 0.672
12月11日至15日，该案将在东京地方裁判所公开审判。
78 1 1 1 2 0.445
法制晚报讯，中国留日学生江歌遇害案引发舆论关注。
78 20 10 1 2 0.643
江歌母亲江秋莲于当地时间11月4日抵达东京，继续开展签名请愿活动，以期当地法院判处陈世峰死刑。
78 21 10 2 2 0.067
那么，请愿活动对判决结果会有什么影响？
79 4 2 1 1 0.683
2016年11月3日凌晨，在日本留学的青岛女孩江歌在东京中野区的公寓门前被杀害。
79 11 5 2 2 0.67
据报道，陈世峰杀害江歌一案将于当地时间12月11日至15日，在东京地方裁判所公开审判。
79 10 5 1 2 0.521
2016年12月14日，日本警方对杀害江歌的嫌疑人陈世峰以杀人罪正式起诉。
81 2 2 1 1 0.625
根据公开报道,2016年11月3日凌晨,在日本东京中野区,来自山东青岛的中国留学生江歌在其租住的公寓中遇害。
82 2 1 2 10 0.717
下月犯罪嫌疑人陈世峰将在东京地方裁判所受审。
82 1 1 1 10 0.58
2016年11月3日凌晨，中国留学生江歌在日本中野家中遇害。
82 3 1 3 10 0.754
为请求日本法院判决陈世峰死刑，江歌母亲日前前往日本，并于11月12日和众多留学生志愿者在东京池袋西口公园集会，征求民众署名支援。
82 4 1 4 10 0.341
该案为何要在日本审理？记者了解到，根据属地管辖原则规定，一国公民在他国发生刑事犯罪，应按照犯罪发生地国法律优先的原则进行处理。
85 12 4 3 3 0.62
从本月4日起，江秋莲在日本街头公开征集签名，呼吁判处陈世峰死刑。
85 11 4 2 3 0.359
根据日本法律，犯罪嫌疑人陈世峰可能不会面临死刑指控，这让江秋莲不能接受。
85 28 12 1 1 0.646
目前，陈世峰因涉嫌杀人罪被日本警方逮捕，案件将于12月11日在日本东京开庭审理。
87 1 1 1 1 0.63
据江歌案律师助理透露，中国赴日留学生江歌被杀案将于12月11号开始在东京地方法院开庭审判，并在第六次庭审的12月20号当庭宣判判决结果。
87 2 2 1 3 0.659
负责中国赴日留学生江歌遇害案的律师助理今天（14日）透露，江歌遇害案将从12月11号到20号在东京地方法院813号法庭开庭审判。
87 3 2 2 3 0.146
其中，11号到15号这五天将连续进行五次庭审，当地时间每天上午10点开始。
88 2 1 2 3 0.659
据日媒报道，当地时间2016年11月3日，就读于日本东京法政大学的中国留学生江歌，被闺蜜刘鑫的前男友陈世峰杀害。
88 1 1 1 3 0.527
新浪娱乐讯近日，中国留学生江歌日本被害一案受到广泛关注。
88 3 1 3 3 0.685
江歌案将于2017年12月11日在东京开庭，因希望嫌疑人得到死刑判罚，被害者江歌母亲江秋莲已于近日抵达东京，与志愿者一起呼吁民众署名支援。
90 2 1 2 2 0.672
12月11日至15日，该案将在东京地方裁判所公开审判。
90 1 1 1 2 0.439
新京报快讯（记者王梦遥）中国留日学生江歌遇害案引发舆论关注。
90 16 11 1 1 0.641
江歌案庭审临近，江歌母亲前往日本举行请愿署名活动，请求法院判决犯罪嫌疑人陈世峰死刑。
93 2 2 1 2 0.652
2016年11月3日，中国留学生江歌在日本遇害，嫌疑人陈世峰系江歌室友刘鑫的前男友，案件将于2017年12月在东京开庭审判。
93 3 2 2 2 0.146
网络上关于刘鑫案发后的行为如今在网上引起争论。
99 3 2 2 5 0.614
根据媒体报道，陈世峰杀害江歌的地点，正是江歌在东京居所公寓楼道。
99 2 2 1 5 0.438
一年前，留学生江歌在日本被人杀害，凶手是其好友刘鑫的前男友陈世峰。
99 4 2 3 5 0.331
当时刘鑫饱受陈世峰骚扰，向好友江歌求助，江歌出于朋友道义，允许刘鑫借宿。
