8
37 1 1 1 2
8月12日下午5点，四川省抗震就在指挥部召开第三场新闻发布会，发布了四川九寨沟7.0级地震烈度图。
37 2 1 2 2
中国地震局地质研究所研究院李志强、中国地震局工程力学研究所研究员林均岐解读了烈度图并回答记者提问。
37 3 2 1 1
地震发生后，中国地震局组织了全国地震系统19个单位215名队员，在震后陆续进入灾区展开工作，开展了地震流动监测、震情趋势判定、烈度评定、科学考察等现场应急工作，对四川、甘肃两省的4个州（市）8个县共315个调查点展开了实地调查，并结合震中定位、近场强震记录、震源机制、余震空间分布、强震动观测记录分析、遥感航空影像震害解译等工作，确定了此次地震的烈度分布。
37 4 3 1 1
此次地震的最大烈度为九度，等震线长轴总体呈北北西走向，六度区及以上总面积为18295平方千米，共造成四川省、甘肃省8个县受灾，包括：四川省阿坝藏族羌族自治州九寨沟县、若尔盖县、红原县、松潘县，绵阳市平武县；甘肃省陇南市文县，甘南藏族自治州舟曲县、迭部县。
37 5 4 1 1
九度区涉及四川省阿坝藏族羌族自治州九寨沟县漳扎镇，面积139平方千米。
37 6 5 1 1
八度区涉及四川省阿坝藏族羌族自治州九寨沟县漳扎镇、大录乡、黑河乡、陵江乡、马家乡，面积778平方千米。
37 7 6 1 1
七度区涉及四川省阿坝藏族羌族自治州九寨沟县、若尔盖县、松潘县，绵阳市平武县，面积3372平方千米。
37 8 7 1 1
六度区涉及四川省阿坝藏族羌族自治州九寨沟县、若尔盖县、红原县、松潘县，绵阳市平武县；甘肃省陇南市文县，甘南藏族自治州舟曲县、迭部县，面积14006平方千米。
10
37 40 26 1 2
别的地方也是，比如说有溃坝的危险，做些很小的处理，紧急的处理。
37 41 26 2 2
但是大部分修复是不应该做的，因为这里是自然遗产，修复要有很严格流程，要先经过评估然后出修复方案，这些评估和修复方案也要等灾害过程停止才能进行。
37 42 27 1 4
所谓地震烈度，反映的是地面及房屋等建构筑物遭受地震影响破坏的程度，包括建筑物破坏、自然景观变化等。
37 43 27 2 4
我国烈度分为12个等级，等级越高破坏越重。
37 44 27 3 4
其中六度及以上建筑物将有破坏现象。
37 45 27 4 4
一般而言，离震中越近，烈度值越大；离震中越远，烈度值会越小。
37 46 28 1 1
地震烈度图，反映的是一次地震造成的地面影响范围及影响程度。
37 47 29 1 3
地震烈度调查与评定是地震事件应对与处置工作的基础和依据。
37 48 29 2 3
一是为抗震救灾工作部署提供依据；二是为地震灾害经济损失评估奠定基础；三是为灾区恢复重建规划提供科学依据。
37 49 29 3 3
（记者付真卿熊筱伟徐中成）
8
49 1 1 1 2
今日下午5点，四川省抗震就在指挥部召开第三场新闻发布会，发布了四川九寨沟7.0级地震烈度图。
49 2 1 2 2
中国地震局地质研究所研究院李志强、中国地震局工程力学研究所研究员林均岐解读了烈度图并回答记者提问。
49 3 2 1 1
地震发生后，中国地震局组织了全国地震系统19个单位215名队员，在震后陆续进入灾区展开工作，开展了地震流动监测、震情趋势判定、烈度评定、科学考察等现场应急工作，对四川、甘肃两省的4个州（市）8个县共315个调查点展开了实地调查，并结合震中定位、近场强震记录、震源机制、余震空间分布、强震动观测记录分析、遥感航空影像震害解译等工作，确定了此次地震的烈度分布。
49 4 3 1 1
此次地震的最大烈度为九度，等震线长轴总体呈北北西走向，六度区及以上总面积为18295平方千米，共造成四川省、甘肃省8个县受灾，包括四川省阿坝藏族羌族自治州九寨沟县、若尔盖县、红原县、松潘县，绵阳市平武县；甘肃省陇南市文县，甘南藏族自治州舟曲县、迭部县。
49 5 4 1 1
九度区涉及四川省阿坝藏族羌族自治州九寨沟县漳扎镇，面积139平方千米。
49 6 5 1 1
八度区涉及四川省阿坝藏族羌族自治州九寨沟县漳扎镇、大录乡、黑河乡、陵江乡、马家乡，面积778平方千米。
49 7 6 1 1
七度区涉及四川省阿坝藏族羌族自治州九寨沟县、若尔盖县、松潘县，绵阳市平武县，面积3372平方千米。
49 8 7 1 1
六度区涉及四川省阿坝藏族羌族自治州九寨沟县、若尔盖县、红原县、松潘县，绵阳市平武县；甘肃省陇南市文县，甘南藏族自治州舟曲县、迭部县，面积14006平方千米。
6
49 17 12 1 1
8月12日，在九寨沟县举行的四川九寨沟7.0级地震烈度图新闻发布会上，中国地震局地质研究所研究员李志强在回答记者提问时，介绍了此次地震对九寨沟景区的破坏情况。
49 18 13 1 3
他表示，经过勘查，目前九寨沟景区受到的主要破坏是滑坡和公路和走步道破坏。
49 19 13 2 3
就景点来看，景区内有两个比较重要的景点，一个是火花海，可以看到围堰破坏后，里面的水没有了；另一个是诺日朗瀑布，你如果过去没有见过它，可能觉得没啥，但是地震把瀑布的水帘洞形状破坏了，水帘洞景观没有了。
49 20 13 3 3
但是九寨沟景区绝大部分的海子是基本完好的。
49 21 14 1 1
另外，景区受到的破坏还在发展之中，一个是还在余震，另一个是地震产生了很多松散的物质，如果这段时间有较强降雨，松散物质会形成泥石流，进一步对海子和公路造成破坏。
49 22 15 1 1
所以，现在还没有达到开展景区评估和修复的阶段，景区修复还需要比较长的过程。
2
49 23 16 1 1
8月12日，在九寨沟县举行的四川九寨沟7.0级地震烈度图新闻发布会上，中国地震局工程力学研究所研究员林均岐谈到了目前当地建筑安全问题。
49 24 17 1 1
林均岐：很少垮塌的原因，要从两方面看：建筑物本身、地震情况。
4
49 32 21 1 1
8月12日，在九寨沟县举行的四川九寨沟7.0级地震烈度图新闻发布会上，中国地震局地质研究所研究员李志强介绍了关于村寨重建和自然景观重建的问题。
49 33 22 1 2
他介绍，对于村寨重建，九寨沟里面有5个居民区，个别居民区的个别房屋受到破坏较重，大部分房屋是表现好的。
49 34 22 2 2
按照刚才介绍，政府正在组织安全鉴定，一个个鉴定，会贴上标签，说明能住不能住，再说下一步重建。
49 35 23 1 3
关于自然景观重建，刚才也说了，破坏还在进一步发生，所以现在要做的是尽量减少防止破坏加大的可能，比如说对诺日朗瀑布，当时一个建议是上面一个静海，放点水，放一厘米的水，水面下降后，可能对诺日朗瀑布减少损失。
9
49 36 23 2 3
别的地方也是，比如说有溃坝的危险，做些很小的处理，紧急的处理。
49 37 23 3 3
但是大部分修复是不应该做的，因为这里是自然遗产，修复要有很严格流程，要先经过评估然后出修复方案，这些评估和修复方案也要等灾害过程停止才能进行。
49 38 24 1 4
所谓地震烈度，反映的是地面及房屋等建构筑物遭受地震影响破坏的程度，包括建筑物破坏、自然景观变化等。
49 39 24 2 4
我国烈度分为12个等级，等级越高破坏越重。
49 40 24 3 4
其中六度及以上建筑物将有破坏现象。
49 41 24 4 4
一般而言，离震中越近，烈度值越大；离震中越远，烈度值会越小。
49 42 25 1 1
地震烈度图，反映的是一次地震造成的地面影响范围及影响程度。
49 43 26 1 2
地震烈度调查与评定是地震事件应对与处置工作的基础和依据。
49 44 26 2 2
一是为抗震救灾工作部署提供依据；二是为地震灾害经济损失评估奠定基础；三是为灾区恢复重建规划提供科学依据。
2
52 3 3 1 2
现场工作队对四川、甘肃两省的4个州(市)8个县共315个调查点展开了实地调查，并结合震中定位、近场强震记录、震源机制、余震空间分布、强震动观测记录分析、遥感航空影像震害解译等工作，确定了此次地震的烈度分布。
52 4 3 2 2
经烈度评定专家认真分析、审核，《四川九寨沟7.0级地震烈度图》正式向社会发布。
7
53 1 1 1 2
中青在线九寨沟8月12日电(汪龙华中国青年报·中青在线记者胡宁田文生白皓王鑫昕)九寨沟地震抗震救灾指挥部今天下午5时举行新闻发布会，发布了《四川九寨沟7.0级地震烈度图》。
53 2 1 2 2
该图显示，此次地震的最大烈度为九度，六度区及以上总面积为18295平方千米，共造成四川省、甘肃省8个县受灾。
53 3 2 1 1
根据此次发布的地震烈度图，等震线长轴总体呈北北西走向，受灾县包括四川省阿坝藏族羌族自治州九寨沟县、若尔盖县、红原县、松潘县，绵阳市平武县；甘肃省陇南市文县，甘南藏族自治州舟曲县、迭部县。
53 4 3 1 1
其中，九度区涉及四川省阿坝藏族羌族自治州九寨沟县漳扎镇，面积139平方千米。
53 5 4 1 1
八度区涉及四川省阿坝藏族羌族自治州九寨沟县漳扎镇、大录乡、黑河乡、陵江乡、马家乡，面积778平方千米。
53 6 5 1 1
七度区涉及四川省阿坝藏族羌族自治州九寨沟县、若尔盖县、松潘县，绵阳市平武县，面积3372平方千米。
53 7 6 1 1
六度区涉及四川省阿坝藏族羌族自治州九寨沟县、若尔盖县、红原县、松潘县，绵阳市平武县；甘肃省陇南市文县，甘南藏族自治州舟曲县、迭部县，面积14006平方千米。
5
54 1 1 1 1
四川九寨沟7.0级地震中国地震局现场指挥部今天下午发布《四川九寨沟7.0级地震烈度图》，此次地震的最大烈度为Ⅸ度，等震线长轴总体呈北北西走向，而Ⅵ度区及以上总面积为18295平方千米，共造成四川省、甘肃省8个县受灾。
54 2 2 1 1
地震烈度，反映的是地面及房屋等建构筑物遭受地震影响破坏的程度，我国烈度分为12个等级，等级越高破坏越重，其中Ⅵ度及以上建筑物将有破坏现象。
54 3 3 1 3
中国地震局现场工作队新闻发言人、四川省地震局副局长雷建成表示，九寨沟县及附近区域设防烈度为Ⅷ度，震区房屋建筑抗震设防水平较高，抗震性能总体较好，特别是经过汶川地震恢复重建后的新建建筑达到了抗震设防要求，经受住了此次地震的考验。
54 4 3 2 3
景区及城镇建筑物多采用了框架结构，乡村传统民居多采用穿斗木结构，抗震性能较强，房屋倒塌和严重损毁的比例很低，有效减少了人员伤亡。
54 5 3 3 3
（央视记者杨妮）
