17 63 27 2 4
好在路德维格没有因此而受困。
17 64 27 3 4
最近，他刚跟知名游戏公司CMON建立了合作关系，要与对方联手开发一款基于《权游》的桌游。
17 65 27 4 4
目前双方已在Kickstarter上发起了众筹，而筹款额已经逼近170万美元了。
63 1 1 1 1
新华社上海8月5日电（记者郑钧天）日前，全球知名文娱公司华纳兄弟在上海宣布，将与中国上市游戏公司游族网络联合开发《权力的游戏》手机游戏。
74 1 1 1 1
继腾讯游戏推出《变形金刚》端游后，国内游戏公司游族网络（002174.SZ）在中国国际数码互动娱乐展览会（下称“Chinajoy”）期间宣布拿下热门美剧《权力的游戏》手游改编版权。
74 2 2 1 1
中国游戏公司纷纷出海争抢全球顶级IP背后，一方面可以看作是中国游戏公司实力在提升，已经开始参与国际竞争；另一方面也是迫于国内游戏竞争激烈、优质影视IP缺乏的无奈。
74 3 3 1 1
随着《琅琊榜》、《花千骨》、《盗墓笔记》等一众热门IP纷纷被改编成游戏，影游联动概念也越来越火，然而国内适合开发游戏的影视IP越来越少，以及游戏公司差异化、国际化发展的需求增强，抢夺海外影视IP成为一些有实力公司的选择。
74 4 4 1 2
《中国游戏产业报告》显示，2017年1~6月，中国游戏用户规模5.07亿人，同比增长3.6%，增速继续下滑。
74 5 4 2 2
一些龙头游戏公司诸如腾讯、网易占据了市场大部分份额，并在继续扩大优势，这两年热捧的影游联动成为游戏产业快速抢占市场的法宝。
74 6 5 1 1
游族网络首席运营官陈礼标向第一财经记者表示：“影游联动对游戏公司来说固然是很好的策略，可以帮助游戏获得影视IP的大量粉丝，迅速推广到市场，但一方面，国内优质IP并不多，并且这部分IP很难全球化；另一方面，随着中国游戏公司及市场的壮大，需要引入世界顶级IP，特别是在游戏与IP深度合作常态化的当下，跨国IP合作模式日渐成熟，为这些IP进入中国市场，牵手本土游戏厂商奠定了良好的产业基础。”
74 11 9 1 1
类似《权力的游戏》尚未开发成游戏的美剧IP还有很多，这对于已经崛起的中国游戏公司而言无疑是一块巨大的金矿。
74 16 13 1 1
DisruptorBeam首席运营官兼商务副总裁HankHowie表示，“首先这个游戏公司开发者对《权力的游戏》这些热门IP要跟影视创作者一样有同样的热情，必须得是一个粉丝，深入了解IP、理解这个IP的全部，这样才能够让他们做到最好。”
75 3 2 1 4
游族网络首席运营官陈礼标表示，内容产业跨国合作模式日渐成熟，为相关IP进入中国市场，牵手本土游戏厂商奠定了良好的产业基础。
75 4 2 2 4
关于此次合作原因，游族网络首席创意官崔荣认为，除了世界顶级IP需要中国市场外，还有赖于中国本土游戏力量的崛起，有越来越多的中国游戏公司进入全球玩家的视野。
75 5 2 3 4
据悉，《权力的游戏》是以美国作家乔治马丁的奇幻巨作《冰与火之歌》为基础改编创作。
76 5 3 1 2
关于此次合作原因，游族网络首席创意官崔荣认为除了世界顶级IP需要中国市场外，还有赖于中国本土游戏力量的崛起，有越来越多的中国游戏公司进入全球玩家的视野。
76 6 3 2 2
而打造世界顶级游戏就是要用全世界最好的IP做全球世界最好的游戏，发挥出超级IP对粉丝影响力的同时，以创新玩法配合顶尖团队打造出顶级品质产品。
