2
3 1 1 1 2
据外媒报道，日前，FBI起诉了一名叫做BehmadMezri的伊朗男子，据悉，该名男子被控犯下攻击HBO、盗走1.5TB数据并以此进行勒索的罪行。
3 2 1 2 2
Mezri假名SkoteVashat，有迹象表明他是伊朗黑客组织TurkBlackHat的成员。
2
40 3 2 1 2
此外，这个名为“史密斯先生集团”的黑客组织还对互联网新闻博客Mashable表示，他们已经拿到进入HBO诸多平台的登陆凭证。
40 4 2 2 2
他们还给这个博客发送许多证据，看上去几乎HBO的每个社交账户都被拿下，密码也一一记录在案。
3
42 1 1 1 3
新浪娱乐讯北京时间8月17日消息，据国外媒体报道，HBO热播美剧《权力的游戏》（GameofThrones）最终还是泄露了，第七季第六集的资源日前已经可以在一些网站上下载到。
42 2 1 2 3
令人啼笑皆非的是，导致《权力的游戏》泄露的并非是黑客组织，而是HBO自己。
42 3 1 3 3
HBO面向北欧各国和西班牙语系国家的两项服务HBONordic和HBOEspaña提前四天播出了第七季第六集，而且这已经是HBONordic第二次出现这样的乌龙了。
3
42 4 2 1 3
这次《权力的游戏》资源泄露恰恰发生在HBO遭受黑客袭击的风口浪尖上。
42 5 2 2 3
上个月HBO电脑系统被黑，1.5T的重要数据被窃，黑客组织向HBO索取价值数百万美元的比特币作为赎金。
42 6 2 3 3
此前黑客组织已经泄露了多部剧集的资源，其中包括热门喜剧《抑制热情》（CurbYourEnthusiasm）。
3
42 4 2 1 3
这次《权力的游戏》资源泄露恰恰发生在HBO遭受黑客袭击的风口浪尖上。
42 5 2 2 3
上个月HBO电脑系统被黑，1.5T的重要数据被窃，黑客组织向HBO索取价值数百万美元的比特币作为赎金。
42 6 2 3 3
此前黑客组织已经泄露了多部剧集的资源，其中包括热门喜剧《抑制热情》（CurbYourEnthusiasm）。
3
42 7 3 1 3
不过这一次的《权力的游戏》泄露事件真的和黑客组织无关。
42 8 3 2 3
《权力的游戏》第七季第六集本来会在当地时间周日播出，但HBONordic和HBOEspaña却提前四天播出了这一集。
42 9 3 3 3
HBO方面表示，这次问题的根源在于这些地区的一家第三方代理出了岔子。
2
45 3 3 1 2
不久前，HBO遭遇了史无前例的泄密危机。
45 4 3 2 2
名为“史密斯先生”的黑客组织声称盗取了该公司1.5TB的数据，并威胁称，若不能以此换取“价值我们6个月工资的比特币”（相当于600万美元），该组织就会泄露全部数据资料。
1
57 1 1 1 1
新浪娱乐讯据台湾媒体报道，先前入侵美国有线电视频道HBO的黑客组织，以“史密斯先生”之名，7日再度在网络上散播遭窃档案，其中包含热门美国影集《冰与火之歌：权力的游戏》（GameofThrone）最新集数剧本，要求HBO付数百万美元赎金，否则将再度流出相关文件。
1
58 1 1 1 1
新浪娱乐讯据台湾媒体报道，先前入侵美国有线电视频道HBO的黑客组织，以“史密斯先生”之名，7日再度在网络上散播遭窃档案，其中包含热门美国影集《冰与火之歌：权力游戏》（GameofThrone）最新集数剧本，要求HBO付数百万美元赎金，否则将再度流出相关文件。
2
59 36 21 1 2
2014年11月24日，索尼影业遭到名为GOP（和平卫士）的黑客组织攻击，该组织窃取了100GB以上数据，其中大多数是公司机密文件，包括员工信息等，造成了员工的经济和名誉损失，并且涉及到员工电子邮箱、高管薪酬以及非发行电影等等。
59 37 21 2 2
有人怀疑是因为当时即将上映的《刺杀金正恩》影片引起了这次攻击事件，最终事件对索尼影业造成了一定损失，并迫使公司主席卸任。
2
59 40 23 1 2
2016年年底，一家好莱坞后期制作公司被攻击，窃取了Netflix数部电视剧集。
59 41 23 2 2
因Netflix拒绝支付赎金，黑客组织TheDarkOverlord公开了Netflix热播剧《女子监狱》的最新一季资源。
2
59 42 24 1 2
两个多月前，迪士尼公司也曾被黑客勒索，迪士尼极力否认攻击事件并拒绝支付赎金。
59 43 24 2 2
黑客组织公开了ABC电视台尚未播出的一档真人秀节目进行报复。
3
67 5 3 1 3
7月31日，HBO官方通过《综艺》杂志发布声明称：“HBO正经历一次信息泄露的网络事件，目前正在与执法人员和外部网络安全公司密切合作。”HBO并未透露具体的节目名称和剧集数量，但黑客目前在网上泄露的剧集包括《球手》和《104号房间》未播集，以及下周播出的《权力的游戏》第7季第4集的“一个脚本或情节梗概”。
67 6 3 2 3
据悉，黑客盗取的数据资源达1.5TB。
67 7 3 3 3
目前，尚无黑客组织宣称对此负责。
3
68 25 11 1 3
对此，HBO电视网并未对外公开具体被窃的内容，但已经启动调查和法律程序，保护相关资源。
68 26 11 2 3
而黑客组织则对外宣称，后续还会有更多内容公布。
68 27 11 3 3
不少剧迷担忧地表示，希望第七季的未播内容、已经完成剧本创作的最终季（第八季）都能“幸免于难”。
2
68 30 12 3 4
同时，今年以来，多家美国电视网也都遭遇类似的黑客事件。
68 31 12 4 4
比如今年4月，Netflix的《女子监狱》第五季就被黑客组织一口气泄露了10集，ABC电视网、国家地理频道等也曾遭遇相关威胁。
