2
33 63 24 1 3 0.602
其次关于医疗损害赔偿责任，根据《侵权责任法》第54条规定，“患者在诊疗活动中受到损害，医疗机构及其医务人员有过错的，由医疗机构承担赔偿责任”。
33 64 24 2 3 0.53
医疗损害赔偿责任必须具备医疗事实、损害结果、医疗过错与因果关系四个侵权要件，如果医疗机构在给产妇的诊断和治疗过程中并没有过错，或者即使医疗行为存在过错但与产妇的死亡没有直接因果关系时，医疗机构无需承担医疗损害责任。
1
2 5 3 1 1 0.431
低普及率背后，是麻醉医生人员缺乏、医院理念落后，以及产妇宣教不足等问题。
2
2 6 4 1 2 0.2
另外，成本高收益低也是阻碍分娩镇痛普及的重要原因。
2 7 4 2 2 0.477
由于没有被列为一项专门的医疗服务项目，分娩镇痛在收费上只能参考手术麻醉服务和所需药品价格进行收费，造成成本高而收费低的尴尬境地，使得医院在推广应用方面动力不足。
1
2 23 15 1 1 0.435
差距背后，是医院业务发展与科室建设、人员配备以及宣教工作等方面的差异。
2
2 29 18 1 3 0.454
而对于私立医院来说，先进的生产理念和全面的医疗服务是产妇花费高昂价格就诊的必要条件。
2 30 18 2 3 0.279
第一财经记者了解到，美中宜和在分娩上采取套餐式服务，其中就包含分娩镇痛项目，通过这种方式，只要患者有分娩镇痛需求，且身体允许，就可以进行分娩镇痛。
1
2 48 31 1 1 0.593
由于分娩镇痛缺乏专门的医疗服务立项，无法按照专业医疗服务项目收费，只能根据其他医疗服务进行参考，收费较低，也成为医院缺乏推广动力的原因之一。
1
2 53 34 1 1 0.508
第一财经记者查阅《全国医疗服务价格项目规范(2012年版)》，在麻醉项目下，仅设有椎管内麻醉等子项目，并没有专门的分娩镇痛医疗服务项目。
3
11 22 11 1 3 0.124
现在，全国有麻醉医生8.5万多名，缺口大约有30万人。
11 23 11 2 3 0.472
目前，我国很多综合医院承担的任务是普遍医疗救助，还没有提升到舒适医疗的水平。
11 24 11 3 3 0.375
河南省妇幼保健医院暨郑州大学第三附属医院妇产科主任许雅娟说，分娩镇痛需要麻醉师24小时看护，麻醉科医生不足，也阻挡了这项技术被广泛推广。
2
15 34 12 1 3 0.571
每次一提到医疗系统的人文关怀，就会有不少人提出中国医疗投入过少、医疗资源分配不均、卫生服务缺口大等问题。
15 35 12 2 3 0.151
这些问题解决起来的确困难，但并非因为解决实际问题困难，缺乏人道主义关怀就合理。
2
32 14 8 1 2 0.453
同时，《侵权责任法》和《医疗机构管理条例》也明文规定，产妇有决定能否手术的权利。
32 15 8 2 2 0.238
“产妇若是完全民事行为能力人，意识清醒的情况下有能力表达自己的意愿，完全可以对自己的民事行为负责，医院只需取得产妇本人签字即可手术。”北京市富程律师事务所律师倪娜说。
2
32 16 9 1 2 0.402
尽管法律有明确规定，但是关于各大医疗机构的手术性治疗中，签字同意权的配置问题一直存在不同观点的交锋和争论。
32 17 9 2 2 0.217
“患者本人具有一定的决定权，但是她的伤病住院治疗产生一定的费用以及后续康复期间的照护也与家庭成员、近亲属具有不可分割的利益关系，因此，其他的家庭成员也有一定的发言权。”江苏省卫生法学会副会长胡晓翔在接受采访时表示。
2
32 21 13 1 2 0.524
李洪奇指出，《侵权责任法》第五十六条规定，因抢救生命垂危的患者等紧急情况，不能取得患者或者其近亲属意见的，经医疗机构负责人或者授权的负责人批准，可以立即实施相应的医疗措施。
32 22 13 2 2 0.136
“其中‘不能取得患者或者其近亲属意见的’已经涵盖了临床各种可能性，包括家属联系不到、无法到场或者虽在场但拒绝签字。”
3
32 33 19 3 5 0.125
事件曾引发全社会对“手术必须家属签名”的反思。
32 34 19 4 5 0.478
之后《侵权责任法》立法时，明确：因抢救生命垂危的患者等紧急情况，不能取得患者或者其近亲属意见的，医疗机构可以实施相应的医疗措施。
32 35 19 5 5 -0.032
当时很多人认为法律彻底解决了“李丽云悲剧”。
2
33 27 10 1 4 0.508
那我们来看现行法律规范是如何规定的：根据《侵权责任法》第55条，“医务人员在诊疗活动中应当向患者说明病情和医疗措施。需要实施手术、特殊检查、特殊治疗的，医务人员应当及时向患者说明医疗风险、替代医疗方案等情况，并取得其书面同意；不宜向患者说明的，应当向患者的近亲属说明，并取得其书面同意；医务人员未尽到前款义务，造成患者损害的，医疗机构应当承担赔偿责任”。
33 28 10 2 4 0.369
根据法律和行政法规的规定，我们可以得知，患者是知情同意权行使的第一主体，患者家属应当在患者知情同意权行使之后表达意见或无法取得患者本人同意时表达意见，或者在实施保护性医疗措施时表达意见，而非当然的知情同意权主体。
2
33 31 11 1 3 0.524
根据《医疗机构管理条例》第33条的规定，“医疗机构施行手术、特殊检查或者特殊治疗时，必须征得患者同意，并应当取得其家属或者关系人同意并签字；无法取得患者意见时，应当取得家属或者关系人同意并签字；无法取得患者意见又无家属或者关系人在场，或者遇到其他特殊情况时，经治医师应当提出医疗处置方案，在取得医疗机构负责人或者被授权负责人员的批准后实施”。
33 32 11 2 3 0.428
但是根据卫生部《病历书写基本规范》第10条的规定，“对需取得患者书面同意方可进行的医疗活动，应当由患者本人签署知情同意书。患者不具备完全民事行为能力时，应当由其法定代理人签字；患者因病无法签字时，应当由其授权的人员签字；为抢救患者，在法定代理人或被授权人无法及时签字的情况下，可由医疗机构负责人或者授权的负责人签字”。
1
33 33 11 3 3 0.467
由此可见，1994年的医疗机构管理条例规定的患者与家属双同意的内容，既与上位法（侵权责任法）的内容不一致，又与卫生部新颁发的行政管理的规定（病历书写基本规范）不相同，应当按照侵权责任法的统一规定规范告知的主体和行使知情同意权的要求。
0
3
33 37 14 1 3 0.26
法律赋予了医务人员在特殊情况下的“紧急救治权”。
33 38 14 2 3 0.51
根据《侵权责任法》第56条的规定，“因抢救生命垂危的患者等紧急情况，不能取得患者或者其近亲属意见的，经医疗机构负责人或者授权的负责人批准，可以立即实施相应的医疗措施”。
33 39 14 3 3 0.512
另外，依据《执业医师法》第24条的规定，“对急危患者，医师应当采取紧急措施进行诊治；不得拒绝急救处置。”由此可见，对患者进行紧急救治是医疗机构及其医务人员的基本职责，同时，对患者进行紧急救治也符合医学伦理道德要求。
0
2
33 40 15 1 2 0.263
但我们需要注意的是，根据现行《侵权责任法》的规定，可以得知紧急救治权的行使必须要具备“不能取得患者或者其近亲属意见”的前提条件，而该规定的“不能取得患者或者其近亲属意见”的解释包不包括“患者家属作出的知情同意明显违背医学常理或明显损害患者本人利益的情形”。
33 41 15 2 2 0.403
如果按照通常的文字含义理解，“不能取得患者或者其近亲属意见”仅仅包括患者无意识、无法联系患者家属、无法确定家属或家属之间的意见不一致，无法表达明确意见等情形，医疗机构方可以行使紧急救治权，换句话说，如果患者或近亲属可以明确表达意见，可以自行行使知情同意权，医疗机构是无法行使紧急救治权。
2
33 42 16 1 2 0.211
这就如同当年的李丽云案（肖志军拒签案）一样，肖志军作为患者李丽云的丈夫（近亲属），作出拒绝手术的意思表示，但是在当时根据临床指征和需要，实施手术对患者更为有利，不手术就可能出现死亡后果，此时医疗机构是否具有紧急救治权？结合本案而言，医院已经经检查诊断“产妇超过预产期、胎儿头部99mm明显超出一般足月胎儿头颈90mm，顺产风险大，建议剖腹产”，证明产妇已经具备剖腹产手术指征，并非属于可剖可不剖的情形，如果不剖极有可能危及产妇和胎儿的生命。
33 43 16 2 2 0.475
所以此时如果患者家属仍然作出明显不利于患者生命健康的决定，在此等紧急情况下，笔者认为可以本着救死扶伤和生命利益最大化的原则，适当将“患者家属作出的知情同意明显违背医学常理或明显损害患者本人利益的情形”扩大解释，使用医疗机构的紧急救治权，上报医疗机构的负责人或上级部门，经批准后立即实施医疗措施。
2
33 52 20 1 5 0.514
第二，医疗机构应当进一步向患者本人和家属解释说明，全面履行说明告知义务。
33 53 20 2 5 0.058
医院方公布了几张视频截图用以说明患者本人曾经跪下祈求患者家属同意剖宫产。
2
33 57 21 1 2 0.556
第三，应当加强医院管理，规范相关科室工作。
33 58 21 2 2 0.221
待产室和产房应当严格管理，不允许产妇自行随便出入，对情绪已经十分激动的一些产妇或者患者，应当安排专人进行陪护，对产妇要进行心理疏导、缓解其紧张和绝望的情绪，发现异常要及时沟通，对特殊病人或家属要密切关注，说明告知要反复解释，消除误解，做好视频记录和资料留存。
0
1
33 65 24 3 3 0.542
如果经过事实查明，发现医疗机构的诊疗行为存在过错并且导致了患者坠楼死亡，则医疗机构需要承担责任。
0
2
33 66 25 1 5 0.583
最后关于医疗机构是否违反安全保障义务责任。
33 67 25 2 5 0.35
安全保障义务的判断需要综合考虑保障人的法定义务或约定义务，受害人的行为性质和行为各方是否存在过错等因素。
2
33 69 25 4 5 0.17
另根据医院公布的情况说明，产妇跳楼时的窗口护栏高达1.13M，一般正常成年女性的身高很难隔着护栏不小心失足坠落，医院的相关硬件设施并不存在缺陷，且医院在发现产妇坠楼后及时进行了救助，已经尽到了安全保障义务。
33 70 25 5 5 0.449
当然如果是产妇因为过于疼痛依靠医院护栏不小心坠楼则需另论，此时则需要考虑医疗机构设置护栏的高度和窗户的高度是否符合国家规定，是否尽到了提示义务等，医疗机构则可能承担法律责任。
2
33 71 26 1 2 0.463
张广，北京市门头沟区人民法院法官，北京中医药大学卫生法学专业，北京法院“法官助理、书记员”兼职教师，中国卫生法学会会员、北京市卫生法学会医事法律专业委员会委员。
33 72 26 2 2 0.459
论文《医疗事故罪刑事责任认定的规制与完善》获全国法院系统第二十七届学术讨论会一等奖、北京市法院特等奖。
0
1
38 47 38 1 1 0.488
《医疗机构管理条例》第三十三条规定：医疗机构施行手术、特殊检查或者特殊治疗时，必须征得患者同意，并应当取得其家属或者关系人同意并签字；无法取得患者意见时，应当取得家属或者关系人同意并签字。
2
38 48 39 1 2 0.141
此外，如遇紧急情况，也可以在家属不签字情况下手术。
38 49 39 2 2 0.478
为抢救患者，在法定代理人或被授权人无法及时签字的情况下，可由医疗机构负责人或者授权的负责人签字。
2
39 43 30 1 2 0.452
该负责人表示，顺产，医院收费一两千元，医疗保险几乎可以全部报销；剖腹产，医院收费七八千元，医疗保险只报销一半多。
39 44 30 2 2 0.093
如果家属要求剖腹产，于公于私，医院都不太会拒绝。
2
40 78 35 1 2 0.511
医务人员在诊疗活动中应当向患者说明病情和医疗措施。
40 79 35 2 2 0.454
需要实施手术、特殊检查、特殊治疗的，医务人员应当及时向患者说明医疗风险、替代医疗方案等情况，并取得其书面同意，不宜向患者说明的，应当向患者的近亲属说明，并取得其书面同意。
0
1
42 85 44 1 1 0.523
上述观点得到范贞律师的认同，他称，产妇本人的决定权最大，根据《医疗事故处理条例》第十一条内容：“在医疗活动中，医疗机构及其医务人员应当将患者的病情、医疗措施、医疗风险等如实告知患者，及时解答其咨询；但是，应当避免对患者产生不利后果。”而授权委托书是产妇授权，产妇本人能够决定是否手术，不必非要家属签字。
1
43 11 7 1 1 0.486
卫计委在2014年答复十二届全国委员会第四次会议第4192号提案时，称：“2014年我委印发的《国家卫生计生委关于做好新形势下妇幼健康服务工作的指导意见》、《爱婴医院复核标准》和即将印发的《妇幼保健机构评审标准》中，均将控制非医学需要的剖宫产率列为重要考核指标。”
1
43 12 8 1 1 0.522
该回复中还称：“各地也在积极探索降低剖宫产率的有效的途径，湖南、云南、陕西通过调整和完善支付方式，将农村孕产妇住院分娩补助项目与控制剖宫产率有效结合。江苏、广西建立了医疗保健机构助产技术服务评价制度，制定了评审标准，逐级开展助产技术服务质量评价。”
1
43 13 9 1 1 0.425
而2012年国家卫计委在新闻发布会上称：陕西、河南、湖南、陕西、甘肃和重庆加强产科质量管理，通过项目实施有效控制剖宫产率，其中陕西省农村孕产妇剖宫产率由2008年的32%降至2010年的26%。
1
43 14 10 1 1 0.554
2016年12月的新闻发布会上，国家卫计委再次称：我们将控制剖宫产率纳入各级卫生计生部门和医疗机构的目标管理，包括通过推进“爱婴医院”的复核，加强助产技术的管理，严格控制非医学指征的剖宫产。
1
43 17 13 1 1 0.543
而卫计委2014年公布的爱婴医院复核标准里，“将住院期间纯母乳喂养率和非医学需要剖宫产率纳入产科、儿科医疗质量管理体系，纳入产科、儿科医护人员岗位责任目标体系。”占4分。
2
43 22 15 1 2 0.318
此外，记者检索发现，各地均有控制剖宫产率的具体目标等。
43 23 15 2 2 0.474
其中，2013年陕西汉中市卫生局出台《加强产科管理的若干规定》，要求：“严禁滥用剖宫产，控制剖宫产率，市内三级医院要控制在40%以内，县级产科急救中心、妇产科（妇科）专科医疗机构等要控制在30%以内，其他二级医院要控制在25%以内，从2014年起，在以上控制指标的基础上逐年下降。”
1
44 11 7 1 1 0.486
卫计委在2014年答复十二届全国委员会第四次会议第4192号提案时，称：“2014年我委印发的《国家卫生计生委关于做好新形势下妇幼健康服务工作的指导意见》、《爱婴医院复核标准》和即将印发的《妇幼保健机构评审标准》中，均将控制非医学需要的剖宫产率列为重要考核指标。”
1
44 12 8 1 1 0.522
该回复中还称：“各地也在积极探索降低剖宫产率的有效的途径，湖南、云南、陕西通过调整和完善支付方式，将农村孕产妇住院分娩补助项目与控制剖宫产率有效结合。江苏、广西建立了医疗保健机构助产技术服务评价制度，制定了评审标准，逐级开展助产技术服务质量评价。”
1
44 13 9 1 1 0.425
而2012年国家卫计委在新闻发布会上称：陕西、河南、湖南、陕西、甘肃和重庆加强产科质量管理，通过项目实施有效控制剖宫产率，其中陕西省农村孕产妇剖宫产率由2008年的32%降至2010年的26%。
1
44 14 10 1 1 0.554
2016年12月的新闻发布会上，国家卫计委再次称：我们将控制剖宫产率纳入各级卫生计生部门和医疗机构的目标管理，包括通过推进“爱婴医院”的复核，加强助产技术的管理，严格控制非医学指征的剖宫产。
1
44 17 13 1 1 0.543
而卫计委2014年公布的爱婴医院复核标准里，“将住院期间纯母乳喂养率和非医学需要剖宫产率纳入产科、儿科医疗质量管理体系，纳入产科、儿科医护人员岗位责任目标体系。”占4分。
2
44 22 15 1 2 0.318
此外，记者检索发现，各地均有控制剖宫产率的具体目标等。
44 23 15 2 2 0.474
其中，2013年陕西汉中市卫生局出台《加强产科管理的若干规定》，要求：“严禁滥用剖宫产，控制剖宫产率，市内三级医院要控制在40%以内，县级产科急救中心、妇产科（妇科）专科医疗机构等要控制在30%以内，其他二级医院要控制在25%以内，从2014年起，在以上控制指标的基础上逐年下降。”
1
46 23 20 1 1 0.493
但实际上，《侵权责任法》早就规定：“因抢救生命垂危的患者等紧急情况，不能取得患者或者其近亲属意见的，经医疗机构负责人或者授权的负责人批准，可以立即实施相应的医疗措施。”
2
48 60 39 1 2 0.511
医务人员在诊疗活动中应当向患者说明病情和医疗措施。
48 61 39 2 2 0.454
需要实施手术、特殊检查、特殊治疗的，医务人员应当及时向患者说明医疗风险、替代医疗方案等情况，并取得其书面同意，不宜向患者说明的，应当向患者的近亲属说明，并取得其书面同意。
0
3
50 12 5 1 6 0.355
由于具有高度的专业性和信息不对称性，医疗行为必然由医生来主导。
50 13 5 2 6 0.592
诊断结果、状况评估、风险评估、医疗措施的决策和实施都主要由医生主导，医疗对象（病患或者产妇）往往只有陈述权、建议权、知情权和同意权。
50 14 5 3 6 0.023
在此过程中，医生确实存在误诊误判的可能性。
3
50 15 5 4 6 0.086
比如，对于无法顺产的情况，医生可能错误判断为可以顺产；哪怕没有错误判断，也有可能对于疼痛超出产妇生理承受极限估计不足。
50 16 5 5 6 0.444
在这种情况下，医疗责任评估和责任认定，都需要成熟完善的体制机制设计和法规政策给予保障。
50 17 5 6 6 0.318
此外，在医疗专业化、技术化程度越来越高，医疗双方信息不对称越来越严重的今天，医生的主导权与医疗对象的权利之间如何平衡，使之形成某种程度上的有益制约，也是一个值得深入讨论的问题。
2
50 18 6 1 7 0.483
有人指出，部分地区、部分医院被监管部门下达顺产指标。
50 19 6 2 7 0.219
为了完成指标，这些医院格外珍惜有限的剖腹产名额。
2
50 28 7 4 5 0.273
过度检查、重复检查、保守治疗、对家属过度的权利让渡，都有可能缘于医生自我保护的考虑。
50 29 7 5 5 0.425
这一点涉及医疗体制机制、法律政策，医护人员的从业环境，社会舆论氛围等系统性问题，要解决起来更加棘手。
2
51 15 6 1 2 0.493
《医疗机构管理条例》第三十三条规定，医疗机构施行手术、特殊检查或者特殊治疗时，必须征得患者同意，并应当取得其家属或者关系人同意并签字；无法取得患者意见时，应当取得家属或者关系人同意并签字。
51 16 6 2 2 0.478
为抢救患者，在法定代理人或被授权人无法及时签字的情况下，可由医疗机构负责人或者授权的负责人签字。
0
2
51 20 7 4 5 0.367
而对于有精神疾病、未成年人，或者患者本人不能理解或不愿了解手术措施等情况，则需要代理人代表患者行使其在医院诊疗期间的知情同意权。
51 21 7 5 5 0.445
广州市律协民事法律专业委员会委员马锦林律师也指出，根据《母婴保健法》的规定，孕妇有选择分娩的权利。
1
51 22 8 1 1 0.408
强调患者的知情同意权，主要目的在于通过赋予医疗机构及其医务人员相应的告知义务，使患者在了解自己将面临的风险、付出的代价和可能取得的收益的基础上自由作出选择，从而维护患者的利益，改变患者相对弱势地位。
2
51 23 9 1 2 0.411
《侵权责任法》立法时明确规定：“因抢救生命垂危的患者等紧急情况，不能取得患者或者其近亲属意见的，经医疗机构负责人或者授权的负责人批准，可以立即实施相应的医疗措施。”也就是说，不仅仅是家属不在场或者没有家属的情况下，而是当紧急情况发生，在没有获得病患和家属同意的情况下，也得立即采取相应的医疗措施。
51 24 9 2 2 0.437
并且，医疗机构在此情况下有免责的法律规定，《医疗事故处理条例》第三十三条第一款规定：“在紧急情况下为抢救垂危患者生命而采取紧急医学措施造成不良后果的，不属于医疗事故。”签订了知情同意书并不能保证以后的医疗行为就没有过错或患者没有损害。
0
2
51 27 11 1 3 0.517
家属签字制度的初衷，是为了兼顾患者家属的知情选择权和医疗机构的免责救治权。
51 28 11 2 3 0.176
但现实中，家属签字制度并不能挽救患者于危难，只能让医院消极等待一纸签字。
2
53 25 16 1 2 0.452
该负责人表示，顺产，医院收费一两千元，医疗保险几乎可以全部报销；剖腹产，医院收费七八千元，医疗保险只报销一半多。
53 26 16 2 2 0.093
如果家属要求剖腹产，于公于私，医院都不太会拒绝。
3
60 47 16 1 3 0.179
江苏建康律师事务所的王金宝律师称，医院经检查后发现，如果不实施剖腹产，顺产的危险性较大，所以医生提出剖腹产手术的建议本身没有原则性错误。
60 48 16 2 3 0.456
其次，根据《侵权责任法》第五十五条的规定：需要实施手术、特殊检查、特殊治疗的，医务人员应当及时向患者说明医疗风险、替代医疗方案等情况，并取得其书面同意；不宜向患者说明的，应当向患者的近亲属说明，并取得其书面同意。
60 49 16 3 3 0.166
可以看出，是否实施剖腹产手术还是应由产妇本人决定，而不是家属。
3
60 50 17 1 3 0.04
本事件中，不能因为家属不同意，手术就不做了，医生的这个做法是错误的。
60 51 17 2 3 0.442
因为，不光是法律规定，国家卫生部发布的《病例书写基本规范》也对各医疗机构提出了明确要求，其中的第十条明确写明，“对需取得患者书面同意方可进行的医疗活动，应当由患者本人签署知情同意书。患者不具备完全民事行为能力时，应当由其法定代理人签字”。
60 52 17 3 3 0.096
所以，如果医生还是要完全遵循家属意见而不考虑产妇的要求，这就要质疑医生自己到底懂不懂法律法规了。
1
61 66 34 1 1 0.445
广州市律协民事法律专业委员会委员马锦林律师也指出，根据《母婴保健法》的规定，孕妇有选择分娩的权利。
2
61 67 35 1 2 0.467
根据《侵权责任法》第五十五条的规定，医务人员在诊疗活动中应当向患者说明病情和医疗措施。
61 68 35 2 2 0.46
需要实施手术、特殊检查、特殊治疗的，医务人员应当及时向患者说明医疗风险、替代医疗方案等情况，并取得其书面同意；不宜向患者说明的，应当向患者的近亲属说明，并取得其书面同意。
0
2
63 8 5 1 2 0.452
其实，我国《医疗机构管理条例》、《病历书写基本规范》等法规都明确规定，对自己身体有处分权的只能是患者，而非家属。
63 9 5 2 2 0.349
之所以出台“家属签字”制度，是为了满足患者家属的知情同意权。
2
63 10 6 1 4 0.552
《医疗机构管理条例》规定，能征得患者本人意见的时候，医疗机构必须征得其同意，同时也应当征得家属或被授权的代理人同意。
63 11 6 2 4 -0.08
但别忘了，代理人的作用仍然是获得知情权。
2
63 12 6 3 4 0.415
《病历书写基本规范》规定，对需取得患者书面同意方可进行的医疗活动，应当由患者本人签署知情同意书。
63 13 6 4 4 0.285
只有在患者不具备完全民事能力、无法征得其同意时，医院才应由患者法定代理人签字。
1
63 14 7 1 1 0.563
而且，《侵权责任法》、《医疗机构管理条例》、《病历书写基本规范》均规定，为抢救患者，在法定代理人或被授权人无法及时签字的情况下，可由医疗机构负责人或者授权的负责人签字。
2
64 16 11 1 2 0.511
医务人员在诊疗活动中应当向患者说明病情和医疗措施。
64 17 11 2 2 0.454
需要实施手术、特殊检查、特殊治疗的，医务人员应当及时向患者说明医疗风险、替代医疗方案等情况，并取得其书面同意，不宜向患者说明的，应当向患者的近亲属说明，并取得其书面同意。
0
2
64 32 16 1 5 0.437
2.医疗方案应该是医患双方共同制定。
64 33 16 2 5 0.161
患应该指患者本人。
1
66 17 9 1 1 0.465
《医疗机构管理条例》第三十三条规定，“医疗机构施行手术、特殊检查或者特殊治疗时，必须征得患者同意，并应当取得其家属或者关系人同意并签字；无法取得患者意见时，应当取得家属或者关系人同意并签字。如遇紧急情况，也可以在家属不签字情况下手术。为抢救患者，在法定代理人或被授权人无法及时签字的情况下，可由医疗机构负责人或者授权的负责人签字。”
2
66 29 16 1 3 0.454
刘晔表示，在美国等国家，医院都严格实施患者本人签字的制度。
66 30 16 2 3 -0.058
如果其他人代签，可能要坐牢。
2
66 33 18 1 2 0.4
该法律第七章是关于医疗损害责任的规定。
66 34 18 2 2 0.478
第五十五条规定，“医务人员在诊疗活动中应当向患者说明病情和医疗措施。需要实施手术、特殊检查、特殊治疗的，医务人员应当及时向患者说明医疗风险、替代医疗方案等情况，并取得其书面同意；不宜向患者说明的，应当向患者的近亲属说明，并取得其书面同意。”
0
1
66 35 19 1 1 0.489
“医务人员未尽到前款义务，造成患者损害的，医疗机构应当承担赔偿责任。”
1
66 36 20 1 1 0.52
该法律第五十六条规定，“因抢救生命垂危的患者等紧急情况，不能取得患者或者其近亲属意见的，经医疗机构负责人或者授权的负责人批准，可以立即实施相应的医疗措施。”
