12 1 1 1 3 0.65
9月8日，新京报记者来到绥德产妇坠楼当事医院，榆林一院绥德院区，独家专访了事发当日下午的值班助产士张帆。
12 2 1 2 3 0.312
医院此前公布的“家属三次拒绝剖宫产”记录中，前两条的记录人均为张帆。
14 1 1 1 3 0.716
8月31日，陕西榆林临盆孕妇马茸茸因为产前疼痛难忍，从榆林市第一医院（以下简称榆林一院）5层的妇产科坠楼身亡，此后，围绕“产妇要求剖宫产却被拒绝”这一问题，产妇家属和榆林一院各执一词。
14 2 1 2 3 0.586
9月8日凌晨，榆林市就马茸茸坠楼一事发布初步调查结果，表示榆林一院符合诊疗规范，但存在监护不到位等问题。
15 1 1 1 3 0.651
近日，陕西榆林第一医院产房发生产妇跳楼事件。
15 2 1 2 3 0.256
因医院宣称家属拒绝剖宫产致产妇难忍疼痛自杀，而家属则表示完全没有医生说过要做剖宫产，双方各执一词，引发了极大的讨论。
24 17 12 1 1 0.604
8月31日晚，陕西榆林第一医院绥德院区，产妇马某某坠楼身亡。
31 1 1 1 1 0.602
8月31日20时左右，陕西榆林市第一医院绥德院区住院部5楼，一名待产孕妇从楼上坠下身亡。
30 3 1 3 3 0.28
马某某丈夫延先生称警方介绍该案调查进展时，提及马某某跳下去时，曾有一位护士试图拉马某某，但是没有拉住。
34 7 3 1 4 0.618
据媒体公开报道，8月31日晚，陕西榆林市第一医院绥德院区住院部5楼，一名待产孕妇从楼上坠下身亡。
34 8 3 2 4 0.313
此后，当地公安机关认定坠楼产妇系自杀。
35 4 3 1 3 0.608
据媒体报道，8月31日晚，陕西榆林市第一医院绥德院区住院部5楼，一名待产孕妇从楼上坠下身亡。
35 5 3 2 3 0.313
此后，当地公安机关认定坠楼产妇系自杀。
42 7 3 1 2 0.614
8月31日晚6时许，待产妇马茸茸，从榆林一院5楼坠下身亡，带着腹中足月的孩子。
42 8 3 2 2 0.385
连日来，就“产妇坠亡前，曾提出剖宫产被拒绝”这一细节，家属、医院双方就“谁拒绝剖宫产”各执一词。
42 20 10 1 2 0.625
8月30日下午3点多，马茸茸被送进了榆林一院的产科病房。
42 21 10 2 2 0.074
王梅告诉北青报记者，这个时间比儿媳原定的预产期，推迟了一周时间。
46 8 7 1 1 0.65
榆林一院是怎么看护分娩中心产妇的？
49 10 6 1 1 0.602
8月31日20时左右，陕西榆林市第一医院绥德院区住院部5楼，一名待产孕妇从楼上坠下身亡。
51 1 1 1 5 0.65
近日，陕西榆林产妇跳楼事件沸沸扬扬。
51 2 1 2 5 0.65
8月31日，在陕西榆林市第一医院，待产孕妇马某跳楼自杀身亡，一尸两命。
51 3 1 3 5 0.292
之后，医院发表声明称，院方之前向产妇、家属建议实施剖宫产，然而家属坚持顺产，并在《产妇住院知情同意书》上签字，表示希望顺产。
54 15 8 1 2 0.639
随后，记者联系了榆林一院的杨院长，询问坠亡产妇的主治医生能否公开发声。
54 16 8 2 2 0.371
杨院长称，涉事的两名医院目前正在接受调查。
55 1 1 1 1 0.628
就在榆林产妇跳楼事件陷入“罗生门”后，今日凌晨1时许和上午，榆林市第一医院和患者分别再度开腔。
56 1 1 1 2 0.602
8月31日20时左右，陕西榆林市第一医院绥德院区住院部5楼，一名待产孕妇从楼上坠下身亡。
56 2 1 2 2 0.221
此事在网上引起轩然大波，南国都市报昨天也做了推文：
56 42 25 1 3 0.628
随后，北青报记者联系了榆林一院的杨院长，询问坠亡产妇的主治医生能否公开发声。
56 43 25 2 3 0.395
杨院长称称，涉事的两名医院目前正在接受调查。
58 21 8 1 3 0.628
随后，北青报记者联系了榆林一院的杨院长，询问坠亡产妇的主治医生能否公开发声。
58 22 8 2 3 0.395
杨院长称称，涉事的两名医院目前正在接受调查。
64 1 1 1 1 0.602
8月31日20时左右，陕西榆林市第一医院绥德院区住院部5楼，一名待产孕妇从楼上坠下身亡。
68 1 1 1 2 0.602
8月31日20时左右，陕西榆林市第一医院绥德院区住院部5楼，一名待产孕妇从楼上坠下身亡。
68 2 1 2 2 0.369
9月3日，榆林市第一医院绥德院区就此发表声明称，“产妇（马某）生产期间，因疼痛烦躁不安，多次强行离开待产室，向家属要求剖宫产，主管医生、助产士、科主任也向家属提出剖宫产建议，均被家属拒绝。最终产妇因难忍疼痛，导致情绪失控跳楼。医护人员及时予以抢救，但因伤势过重，抢救无效。”声明中还称，产妇跳楼身亡的根本原因与该院诊疗行为无关。
69 1 1 1 2 0.602
8月31日20时左右，陕西榆林市第一医院绥德院区住院部5楼，一名待产孕妇从楼上坠下身亡。
69 2 1 2 2 0.243
事发后，绥德县公安局赶到现场勘查情况，经勘察初步排除他杀。
71 14 6 1 2 0.602
8月31日20时左右，陕西榆林市第一医院绥德院区住院部5楼，一名待产孕妇从楼上坠下身亡。
71 15 6 2 2 0.369
9月3日，榆林市第一医院绥德院区就此发表声明称，“产妇（马某）生产期间，因疼痛烦躁不安，多次强行离开待产室，向家属要求剖宫产，主管医生、助产士、科主任也向家属提出剖宫产建议，均被家属拒绝。最终产妇因难忍疼痛，导致情绪失控跳楼。医护人员及时予以抢救，但因伤势过重，抢救无效。”声明中还称，产妇跳楼身亡的根本原因与该院诊疗行为无关。
72 9 2 1 2 0.602
8月31日20时左右，陕西榆林市第一医院绥德院区住院部5楼，一名待产孕妇从楼上坠下身亡。
72 10 2 2 2 0.369
9月3日，榆林市第一医院绥德院区就此发表声明称，“产妇（马某）生产期间，因疼痛烦躁不安，多次强行离开待产室，向家属要求剖宫产，主管医生、助产士、科主任也向家属提出剖宫产建议，均被家属拒绝。最终产妇因难忍疼痛，导致情绪失控跳楼。医护人员及时予以抢救，但因伤势过重，抢救无效。”声明中还称，产妇跳楼身亡的根本原因与该院诊疗行为无关。
