14 1 1 1 3 0.637
8月31日，陕西榆林临盆孕妇马茸茸因为产前疼痛难忍，从榆林市第一医院（以下简称榆林一院）5层的妇产科坠楼身亡，此后，围绕“产妇要求剖宫产却被拒绝”这一问题，产妇家属和榆林一院各执一词。
14 2 1 2 3 0.597
9月8日凌晨，榆林市就马茸茸坠楼一事发布初步调查结果，表示榆林一院符合诊疗规范，但存在监护不到位等问题。
15 1 1 1 3 0.646
近日，陕西榆林第一医院产房发生产妇跳楼事件。
15 2 1 2 3 0.46
因医院宣称家属拒绝剖宫产致产妇难忍疼痛自杀，而家属则表示完全没有医生说过要做剖宫产，双方各执一词，引发了极大的讨论。
16 4 2 1 1 0.626
9月7日晚，榆林市卫计局就“产妇马某某在榆林市第一医院绥德院区妇产科二病区坠楼身亡”事件公布了调查结果。
18 17 10 2 2 0.642
同天，产妇母亲郝女士和丈夫延壮壮均否认医院说法，称家属要求剖腹产被医院拒绝。
18 16 10 1 2 0.435
◆2017年9月5日，榆林市公安机关勘查认定系自杀。
18 27 16 1 1 0.603
◆9月6日，榆林第一医院绥德院区坠楼产妇的主治医生李瑞琴已停止工作，配合调查。
20 1 1 1 3 0.624
[榆林产妇坠亡事件调查结果：医院诊疗合规监护不到位]9月7日深夜，榆林市卫计局公布产妇坠楼身亡事件调查结果：8月30日产妇马某某入院，经医院诊查有难产风险，医生建议剖宫产终止妊娠，但家属选择自然分娩并签字确认，31日产妇跳楼自杀；专家组认为，医院产前告知手续完善、诊疗措施合理、抢救合规，但监护不到位。
20 2 1 2 3 0.201
目前，造成自杀的原因正在深入调查中。
24 1 1 1 1 0.631
9月7日晚上，陕西榆林市就“产妇马某某在榆林市第一医院绥德院区妇产科二病区坠楼身亡”事件公布了初步调查结果。
23 3 1 3 3 0.0
http://t.cn/RpLuSMe
24 17 12 1 1 0.637
8月31日晚，陕西榆林第一医院绥德院区，产妇马某某坠楼身亡。
26 1 1 1 1 0.616
今天（9月7日）晚上，榆林市卫计局就“产妇马某某在榆林市第一医院绥德院区妇产科二病区坠楼身亡”事件公布了调查结果。
25 3 1 3 3 0.038
（据新华社“新华视点”微博报道，记者王宾）
29 1 1 1 1 0.621
昨日（9月7日）晚上，榆林市卫计局就“产妇马某某在榆林市第一医院绥德院区妇产科二病区坠楼身亡”事件公布了调查结果。
28 5 1 5 5 0.347
监控显示，从产妇马某某坠落到医护人员出现用时21分钟。
33 1 1 1 4 0.605
2017年8月31日，榆林市第一医院绥德院区妇产科二病区发生产妇跳楼身亡事件。
33 2 1 2 4 0.502
院方称当时医护人员根据产妇及胎儿情况建议剖腹产，且产妇因疼痛两次下跪乞求家人同意实施剖腹产的情况下，作为产妇授权的委托代理人，其丈夫仍拒绝签署剖腹产同意书。
34 9 3 3 4 0.741
而对于该事件，家属和涉事医院双方各执一词。
34 8 3 2 4 0.42
此后，当地公安机关认定坠楼产妇系自杀。
34 10 3 4 4 -0.064
(中新经纬APP)
35 6 3 3 3 0.741
而对于该事件，家属和涉事医院双方各执一词。
35 5 3 2 3 0.42
此后，当地公安机关认定坠楼产妇系自杀。
35 7 4 1 1 0.676
9月3日，涉事医院榆林市第一医院官方微博发布了情况说明。
38 5 3 1 3 0.617
昨日凌晨，陕西榆林市第一医院绥德院区针对待产孕妇马某坠楼事件第二次发布声明，重申主管医生曾多次向马某、家属说明情况，建议行剖宫产终止妊娠。
38 6 3 2 3 0.399
马某及家属均明确拒绝，坚决要求以催产素诱发宫缩经阴道分娩，并在《产妇知情同意书》上签字确认顺产要求。
38 41 32 1 1 0.608
马某坠楼死亡后，榆林第一医院绥德院区妇产科副主任霍军伟曾接受记者采访，介绍了部分情况。
39 7 5 1 1 0.674
随后，记者联系了医院的杨姓院长，询问坠亡产妇的主治医生能否公开发声，杨院长称涉事的两名医生目前正在接受调查。
39 8 6 1 1 0.639
9月6日上午，记者致电榆林市卫计局，工作人员称，已有人员介入调查“产妇马某在医院坠亡”一事。
41 6 3 2 2 0.619
马芳跳楼身亡后，医院与家属却各执一词：医院称，家属多次拒绝改为剖宫产；家属表示，要求医院剖宫产被拒绝。
41 5 3 1 2 0.331
此前，马芳因疼痛难忍，曾明确对医生和家属提出想剖宫产，并两次走出分娩中心。
42 52 28 2 2 0.671
榆林一院的杨院长也对北青报记者确认，涉事的两名医生目前正在接受调查。
42 51 28 1 2 0.563
9月6日上午，北青报记者致电榆林市卫计局，工作人员称，他们已经派员开始调查“产妇在医院坠亡”事件了。
42 53 29 1 3 0.681
9月6日，涉事的榆林一院再次发表声明称，公安部门已出具书面调查结论：排除他杀，产妇系跳楼自杀。
42 54 29 2 3 0.303
但究竟是谁拒绝剖宫产？马茸茸是下跪请求剖腹产还是疼得站不住？这些问题仍然没有答案。
42 78 41 1 3 0.638
产妇马茸茸和坠亡一事发生后，家属和医院，就“谁拒绝了剖宫产”一事各执一词。
42 79 41 2 3 0.49
产妇、家属或医院，谁能决定进行剖腹产手术；医院在流程上是否存在不规范行为；产妇坠楼，医院是否监管不力，成为众多网友关注的焦点。
47 15 10 1 1 0.674
随后，记者联系了医院的杨姓院长，询问坠亡产妇的主治医生能否公开发声，杨院长称涉事的两名医生目前正在接受调查。
47 16 11 1 1 0.639
9月6日上午，记者致电榆林市卫计局，工作人员称，已有人员介入调查“产妇马某在医院坠亡”一事。
51 1 1 1 5 0.642
近日，陕西榆林产妇跳楼事件沸沸扬扬。
51 2 1 2 5 0.598
8月31日，在陕西榆林市第一医院，待产孕妇马某跳楼自杀身亡，一尸两命。
52 10 7 1 1 0.772
对于该事件，家属和涉事医院双方各执一词。
52 11 8 1 1 0.676
9月3日，涉事医院榆林市第一医院官方微博发布了情况说明。
54 16 8 2 2 0.699
杨院长称，涉事的两名医院目前正在接受调查。
54 15 8 1 2 0.579
随后，记者联系了榆林一院的杨院长，询问坠亡产妇的主治医生能否公开发声。
54 17 9 1 1 0.644
9月6日上午，北青报记者致电榆林市卫计局，工作人员称，已有人员介入调查“产妇马某在医院坠亡”一事。
56 43 25 2 3 0.725
杨院长称称，涉事的两名医院目前正在接受调查。
56 42 25 1 3 0.589
随后，北青报记者联系了榆林一院的杨院长，询问坠亡产妇的主治医生能否公开发声。
56 44 25 3 3 0.644
9月6日上午，北青报记者致电榆林市卫计局，工作人员称，已有人员介入调查“产妇马某在医院坠亡”一事。
58 7 2 1 4 0.684
9月6日，涉事的榆林市第一医院再次发表声明称，公安部门已出具书面调查结论：排除他杀，产妇系跳楼自杀。
58 8 2 2 4 0.481
对于“究竟是谁拒绝剖宫产”一事，医院出示了三份材料：1、产妇夫妇在产前签署《产妇住院知情同意书》，签字、按指纹确认顺产意愿。
58 22 8 2 3 0.725
杨院长称称，涉事的两名医院目前正在接受调查。
58 21 8 1 3 0.589
随后，北青报记者联系了榆林一院的杨院长，询问坠亡产妇的主治医生能否公开发声。
58 23 8 3 3 0.644
9月6日上午，北青报记者致电榆林市卫计局，工作人员称，已有人员介入调查“产妇马某在医院坠亡”一事。
61 33 19 1 1 0.687
昨天上午，记者多次致电涉事的陕西榆林市第一医院绥德院区，但暂未得到回复。
66 2 2 1 1 0.627
事发陕西榆林市第一医院绥德院区妇产科，该院官方微博消息称，8月31日，该院绥德院区妇产科二病区产妇马某坠楼身亡。
68 6 4 1 1 0.679
9月5日上午，北青报记者多次致电涉事的陕西榆林市第一医院绥德院区，但暂未得到回复。
68 7 5 1 8 0.633
[绥德待产孕妇坠楼死亡院方称曾三次建议剖腹产均被家属拒绝]8月31日20时左右，陕西榆林市第一医院绥德院区住院部5楼，一名待产孕妇从楼上坠下身亡。
68 8 5 2 8 0.477
榆林市第一医院绥德院区发表声明称，产妇马某于8月30日15时34分，“停经41+1周要求住院待产”入院。
71 19 9 1 1 0.679
9月5日上午，北青报记者多次致电涉事的陕西榆林市第一医院绥德院区，但暂未得到回复。
72 1 1 1 8 0.633
[绥德待产孕妇坠楼死亡院方称曾三次建议剖腹产均被家属拒绝]8月31日20时左右，陕西榆林市第一医院绥德院区住院部5楼，一名待产孕妇从楼上坠下身亡。
72 2 1 2 8 0.477
榆林市第一医院绥德院区发表声明称，产妇马某于8月30日15时34分，“停经41+1周要求住院待产”入院。
72 14 5 1 1 0.679
9月5日上午，北青报记者多次致电涉事的陕西榆林市第一医院绥德院区，但暂未得到回复。
