1
6 50 39 1 1
江歌妈妈表示，现在已征集到450万人签名，要求判陈世峰死刑，希望法庭严惩。
2
18 50 22 1 2
相比起陈世峰是否蓄意杀人，何女士更关心刘鑫在这个案件中的行为。
18 51 22 2 2
“这个案子受到大家关注，并不是因为要判陈世峰死刑，我在日本待了那么多年，我了解日本法律，死刑是不太可能的。大家更关注的是刘鑫这个角色。”
1
27 101 66 2 2
“这个案子受到大家关注，并不是因为要判陈世峰死刑，我在日本待了那么多年，我了解日本法律，死刑是不太可能的。大家更关注的是刘鑫这个角色。”
4
34 64 49 1 2
2017年8月14日，江秋莲在国内发起签名活动，请求判决凶手死刑。
34 65 49 2 2
6天内，24万网友在线支持。
34 66 50 1 1
11月4日，江秋莲再次前往日本，征集签名要求判陈世峰死刑。
34 67 51 1 1
12月11日，江歌案将于东京公开审判。
3
37 48 20 1 1
同样在法院门口打听消息的林颖娴则想法不同，在她朴素的观念里，不管怎么样杀人，杀人本身就是严重错误，应该受到严重的惩罚。
37 49 21 1 2
相比起陈世峰是否蓄意杀人，何女士更关心刘鑫在这个案件中的行为。
37 50 21 2 2
“这个案子受到大家关注，并不是因为要判陈世峰死刑，我在日本待了那么多年，我了解日本法律，死刑是不太可能的。大家更关注的是刘鑫这个角色。”
3
41 49 33 1 2
2017年8月14日，江秋莲在国内发起签名活动，请求判决凶手死刑。
41 50 33 2 2
6天内，24万网友在线支持。
41 51 34 1 1
11月4日，江秋莲再次前往日本，征集签名要求判陈世峰死刑。
5
41 52 35 1 1
12月11日，江歌案将于东京公开审判。
41 53 36 1 1
江歌母亲江秋莲10日在东京台东区立浅草公会堂接受中国媒体采访表示，“我到目前为止所做的一切努力，就是为了在这次庭审中判陈世峰死刑。”
41 54 37 1 3
为了给女儿讨公道，江秋莲于2017年8月14日在国内发起签名活动，请求日本法院判处陈世峰死刑。
41 55 37 2 3
11月4日，江歌遇害一周年后，江秋莲赴日开展签名活动。
41 56 37 3 3
12月1日，她向东京地方法院提交了450多万份签名。
1
44 19 13 1 1
记者会上，江秋莲表示没有想过判决以后的打算，“我到目前为止所做的一切努力，就是为了在这次庭审中判陈世峰死刑。”
3
44 49 38 1 2
2017年8月14日，江秋莲在国内发起签名活动，请求判决凶手死刑。
44 50 38 2 2
6天内，24万网友在线支持。
44 51 39 1 1
11月4日，江秋莲再次前往日本，征集签名要求判陈世峰死刑。
1
46 63 27 1 1
据报道，开庭前江母开展的签名活动，实际签名已达20万人，网上签名超过150万人，江母在开庭前准备交给检察官或直接提交法庭，签名的诉求是判陈世峰死刑。
2
47 11 6 1 1
在10日的记者会上，对于判决结果，江秋莲表示，“我到目前为止所做的一切努力，就是为了在这次庭审中判陈世峰死刑。”江秋莲还表示，在日本的刑事案件结束后会对陈世峰提起民事诉讼。
47 12 7 1 1
11日7时许，开庭前夕，江歌母亲江秋莲前往女儿生前公寓进行祭拜。
1
53 64 28 1 1
据报道，开庭前江母开展的签名活动，实际签名已达20万人，网上签名超过150万人，江母在开庭前准备交给检察官或直接提交法庭，签名的诉求是判陈世峰死刑。
4
54 32 24 1 2
2017年8月14日，江秋莲在国内发起签名活动，请求判决凶手死刑。
54 33 24 2 2
6天内，24万网友在线支持。
54 34 25 1 1
11月4日，江秋莲再次前往日本，征集签名要求判陈世峰死刑。
54 35 26 1 1
12月11日，江歌案于东京公开审判。
4
56 9 1 9 12
12月10日，江歌案开庭前一天，江歌母亲江秋莲在东京台东区立浅草公会堂召开记者见面会。
56 10 1 10 12
此前一天，江秋莲被检察官约见，结束后告诉澎湃新闻，刘鑫可能会出庭作证，届时法院会安排其走证人特殊通道。
56 11 1 11 12
但在10日的记者会上，江秋莲称目前不知道刘鑫是否会出庭作证，“她早就说她会出庭，但她不站到法庭之前，我不会相信。”在10日的记者会上，对于判决结果，江秋莲表示，“我到目前为止所做的一切努力，就是为了在这次庭审中判陈世峰死刑。”江秋莲还表示，在日本的刑事案件结束后会对陈世峰提起民事诉讼。
56 12 1 12 12
11日7时许，开庭前夕，江歌母亲江秋莲前往女儿生前公寓进行祭拜。
3
58 23 16 2 2
记者会上，江秋莲表示没有想过判决以后的打算，“我到目前为止所做的一切努力，就是为了在这次庭审中判陈世峰死刑。”
58 24 17 1 2
“我明天见到陈世峰会是什么样子，要说什么话，我没有办法去预测。”但江秋莲表示，在日本的刑事案件结束后会对陈世峰提起民事诉讼。
58 25 17 2 2
她说，案发至今没有联络过陈世峰家属，“我是受害者，为什么要去求加害者？”
3
58 47 37 1 2
2017年8月14日，江秋莲在国内发起签名活动，请求判决凶手死刑。
58 48 37 2 2
6天内，24万网友在线支持。
58 49 38 1 1
11月4日，江秋莲再次前往日本，征集签名要求判陈世峰死刑。
3
63 35 14 1 2
事情发生以来，陈家没有联系过江秋莲，也没有道过歉。
63 36 14 2 2
江秋莲说，自己无法去考虑判决之后的打算，“我到目前为止所做的一切努力，就是为了在这次庭审中判陈世峰死刑。”但她表示，刑事案件结束后，会对陈世峰提起民事诉讼。
63 37 15 1 1
如今网上流传最广的江歌的照片，背景是一处旅游景点，照片中的她戴着黑框眼镜，扎着马尾，一只手在额头处遮挡着阳光，微笑着，有着与她的年龄并不太相符的成熟与稳重。
3
66 21 14 2 2
记者会上，江秋莲表示没有想过判决以后的打算，“我到目前为止所做的一切努力，就是为了在这次庭审中判陈世峰死刑。”
66 22 15 1 2
“我明天见到陈世峰会是什么样子，要说什么话，我没有办法去预测。”但江秋莲表示，在日本的刑事案件结束后会对陈世峰提起民事诉讼。
66 23 15 2 2
她说，案发至今没有联络过陈世峰家属，“我是受害者，为什么要去求加害者？”
3
66 45 35 1 2
2017年8月14日，江秋莲在国内发起签名活动，请求判决凶手死刑。
66 46 35 2 2
6天内，24万网友在线支持。
66 47 36 1 1
11月4日，江秋莲再次前往日本，征集签名要求判陈世峰死刑。
3
67 19 11 2 2
记者会上，江秋莲表示没有想过判决以后的打算，“我到目前为止所做的一切努力，就是为了在这次庭审中判陈世峰死刑。”
67 20 12 1 2
“我明天见到陈世峰会是什么样子，要说什么话，我没有办法去预测。”但江秋莲表示，在日本的刑事案件结束后会对陈世峰提起民事诉讼。
67 21 12 2 2
她说，案发至今没有联络过陈世峰家属，“我是受害者，为什么要去求加害者？”
3
67 44 33 1 2
2017年8月14日，江秋莲在国内发起签名活动，请求判决凶手死刑。
67 45 33 2 2
6天内，24万网友在线支持。
67 46 34 1 1
11月4日，江秋莲再次前往日本，征集签名要求判陈世峰死刑。
