5
10 2 1 2 3
国庆假期，除了满朋友圈的婚礼和旅行照片，颇受关注的还有奥斯卡。
10 3 1 3 3
近日，奥斯卡官网公布了选送的奥斯卡最佳外语片申请名单。
10 4 2 1 2
今年有92个国家参与竞争奥斯卡，是至今为止最多的一次，创下了奥斯卡影史记录。
10 5 2 2 2
我国内地选择了今年夏天的票房冠军《战狼2》冲击此次“奥斯卡最佳外语片”。
10 6 3 1 1
2017年暑期档的《战狼2》是一部现象级作品，票房已达到56.7亿的逆天数字，打破《美人鱼》33.9亿票房历史纪录，观影人次也打破《泰坦尼克号》1.4亿人次纪录，位居全球票房榜TOP100第55名，是全球票房排行榜前一百名里唯一的华语片。
2
9 37 31 1 2
奥斯卡最佳外语片的评选，更是越来越偏向于欧洲流的审美标准。
9 38 31 2 2
奥斯卡外语片奖存在比较固定的美学趣味，简单来说，喜欢的都是大时代背景下小人物的命运和困惑。
3
12 32 19 1 2
其次，看看中国的参奥之路。
12 33 19 2 2
中国上一次有人获得奥斯卡最佳外语片，还是16年前。
12 34 20 1 3
2001年第73届奥斯卡奖，李安导演的《卧虎藏龙》，代表中国台湾地区的参加奥斯卡，成为华语片中唯一获得过奥斯卡最佳外语片的影片。
4
9 28 25 1 1
这句话来自王家卫电影《东邪西毒》里的一句台词，恰如其分地反映了中国电影人如此热衷冲击奥斯卡的原因。
9 29 26 1 1
在戛纳国际电影，柏林国际电影节，威尼斯国际电影节相继都有所斩获后，奥斯卡这块处女圣地“诱使着”我国内地影人前仆后继，却都铩羽而归。
9 30 27 1 1
我们再来回顾下近10年我国内地送选奥斯卡最佳外语片的影片。
9 31 28 1 1
纵观近十年来中国内地送选的影片可以发现，大多是剧情片。
2
12 65 34 6 6
”
12 66 35 1 1
奥斯卡最佳外语片的申报规则里有一条为：每个国家应选送本国最优秀的影片，必须由行业代表来选。
2
12 58 32 3 3
也是华语电影连续第14年无缘奥斯卡最佳外语片的提名。
12 59 33 1 1
2015年，在《狼图腾》和《山河故人》为了第88届奥斯卡最佳外语片选送名额打破头之后，奥斯卡官方公布了2015年外语片名单，真正代表中国内地前往奥斯卡的却是《滚蛋吧！肿瘤君》。
2
9 1 1 1 2
近日，奥斯卡官网公布了选送的奥斯卡最佳外语片申请名单，其中，就有今年大热的主旋律影片《战狼2》。
9 2 1 2 2
有人说，选送《战狼2》去奥斯卡，何其意料之外，却又令人激赏，甚至可以说是中国影业对好莱坞的宣战书。
3
12 1 1 1 3
今年有92个国家参与竞争奥斯卡，是至今为止最多的一次，创下了奥斯卡影史记录。
12 2 1 2 3
据外媒报道，中国内地选送《战狼2》冲击此次“奥斯卡最佳外语片”，中国香港与台湾则分别选送《一念无明》与《日常对话》。
12 3 1 3 3
《战狼2》作为今年中国电影票房黑马，按理说此次“冲奥”应该备受瞩目，但是网友对此似乎并不买账，开启“群嘲”模式。
2
12 28 17 2 2
奥斯卡最佳外语片的评选，更是越来越偏向于欧洲流的审美标准。
12 29 18 1 3
?奥斯卡最佳外语片喜欢的都是大时代背景下小人物的命运和困惑。
2
10 21 15 1 2
奥斯卡最佳外语片的评选，更是越来越偏向于欧洲流的审美标准。
10 22 15 2 2
奥斯卡外语片奖存在比较固定的美学趣味，简单来说，喜欢的都是大时代背景下小人物的命运和困惑。
2
11 1 1 1 2
广州日报讯（全媒体记者黄岸）由吴京自导自演的动作片《战狼2》正式被选定为申奥片，将代表中国内地参加第90届奥斯卡最佳外语片提名的角逐。
11 2 1 2 2
该片自7月28日上映以来票房火爆，目前累计票房已达56.73亿元。
