城市 0.0 0.388186484704 0.0833333333333 0.379170586546 0.733880766879 0.6742738659 0.0 0.0 0.108006461292 0.1 0.0816326530612 1.0 0.333333333333
首席 0.0 0.180815844368 0.0833333333333 0.338270731536 0.875478981582 0.470446012926 0.046875 0.0 0.0259750993193 0.1 0.255102040816 0.0 0.333333333333
希望 0.0 0.215801477496 0.0833333333333 0.116304409083 0.994493512396 0.717094737003 0.046875 0.0 0.039729517224 0.0 0.469387755102 1.0 0.0
政治 0.0 0.27226326097 0.0833333333333 0.307318363403 0.90486446619 0.683834670687 0.046875 0.0 0.025742304174 0.04 0.244897959184 0.0 0.333333333333
4日 0.0 0.188089731191 0.0 0.360402750086 0.787924647058 0.533161169661 0.0 0.0 0.0272608843079 0.1 0.357142857143 0.0 0.333333333333
第一 0.0 0.16342131011 0.0833333333333 0.37387126431 0.837051978088 0.499117913155 0.0 0.0 0.0487994758774 0.1 0.183673469388 0.0 0.0
第三 0.0 0.17820698404 0.0833333333333 0.141730705275 0.920776172836 0.579685610396 0.0 0.0 0.0243383137813 0.2 0.163265306122 0.0 0.0
药品 0.0 0.253882197256 0.0833333333333 0.677815647603 0.586020662865 0.457731904599 0.015625 0.0 0.0858351649108 0.2 0.0612244897959 0.0 0.333333333333
前景 0.0 0.213020653966 0.0833333333333 0.254582986204 0.89839238978 0.614940934957 0.03125 0.0 0.0282835885881 0.1 0.15306122449 1.0 0.333333333333
正式 0.0 0.126602655219 0.0833333333333 0.220975996012 0.902880691425 0.456684035403 0.0 0.0 0.037832354723 0.0 0.244897959184 0.0 0.0
新浪 0.0 0.120380636738 0.0833333333333 0.214230923456 0.936164049024 0.11725683485 0.0 0.0 0.0375101306182 0.2 0.520408163265 0.0 0.333333333333
投资 0.0 0.371937292161 0.0833333333333 0.413850655336 0.79394910655 0.684983215089 0.015625 0.0 0.0388188137013 0.1 0.316326530612 1.0 0.0
增长 0.0 0.431258036021 0.0833333333333 0.263039167012 0.877081974777 0.673273057099 0.046875 0.0 0.0725656517906 0.2 0.183673469388 1.0 0.0
消息 0.0 0.251552373664 0.0833333333333 0.242383595775 0.897008522448 0.686100644974 0.03125 0.0 0.0672209923979 0.04 0.489795918367 1.0 0.333333333333
准备 0.0 0.215019717213 0.0833333333333 0.133525008076 0.974665014268 0.676397547675 0.015625 0.0 0.0211822796584 0.1 0.244897959184 1.0 0.0
投票 1.0 0.289815884708 0.0833333333333 0.0555966896113 0.919357008328 0.642764792569 0.0 0.0 0.0890266231313 0.2 0.132653061224 1.0 0.0
数额 0.0 0.203324207602 0.0833333333333 0.684324256561 0.585920539024 0.454759849041 0.03125 0.0 0.0759976134499 0.4 0.112244897959 1.0 0.333333333333
上涨 0.0 0.203792916989 0.0833333333333 0.592714313085 0.74141457051 0.587796378389 0.015625 0.0 0.0309447611281 0.2 0.132653061224 1.0 0.0
承诺 0.0 0.209950438029 0.0833333333333 0.237109381361 0.952697785037 0.607047602908 0.0 0.0 0.0377175600685 0.04 0.285714285714 1.0 0.0
启动 0.0 0.14549947996 0.0833333333333 0.423127937356 0.791940634848 0.464077215705 0.0 0.0 0.0465743241897 0.1 0.173469387755 0.0 0.0
之前 0.0 0.184341140803 0.0833333333333 0.133424800502 0.965748644967 0.701474293128 0.0 0.0 0.0244500951627 0.04 0.34693877551 1.0 0.333333333333
主要 0.0 0.228298841722 0.0833333333333 0.111345998982 0.990010598268 0.706160157551 0.0 0.0 0.0299937120597 0.04 0.336734693878 0.0 0.0
解决 0.0 0.425934621238 0.0833333333333 0.250679002475 0.886628891583 0.705213366475 0.015625 0.0 0.0409072135381 0.04 0.224489795918 1.0 0.0
关系 0.0 0.181091847166 0.0833333333333 0.178407035287 0.911461699968 0.564926249126 0.0 0.0 0.0234470477711 0.1 0.234693877551 0.0 0.333333333333
数字 0.0 0.221428605064 0.0833333333333 0.31969247146 0.908582267752 0.552187110678 0.0 0.0 0.0339075340411 0.1 0.163265306122 1.0 0.333333333333
爱尔兰 1.0 0.882193152723 0.208333333333 0.340822525248 0.931587591264 0.791362360469 0.109375 0.0 0.158609599068 0.1 0.489795918367 1.0 0.333333333333
预算 0.0 0.388663502416 0.0833333333333 0.230917785369 0.933777074097 0.670947061654 0.0625 0.0 0.0483357951592 0.2 0.173469387755 1.0 0.333333333333
金额 0.0 0.364844225264 0.0833333333333 0.634567260587 0.606492528646 0.554028944483 0.015625 0.0 0.155877455898 0.2 0.15306122449 1.0 0.333333333333
费用 0.0 0.27906222351 0.0833333333333 0.377275784691 0.835304128774 0.606376813809 0.015625 0.0 0.0772506884947 0.1 0.234693877551 1.0 0.333333333333
影响 0.0 0.244518595222 0.0833333333333 0.05525483275 1.0 0.708261113536 0.015625 0.0 0.0422076953869 0.1 0.336734693878 1.0 0.0
峰会 0.0 0.253549609738 0.0833333333333 0.379512432097 0.871682922954 0.567209879277 0.046875 0.0 0.0363178114763 0.4 0.255102040816 0.0 0.333333333333
2018年 0.0 0.169562659835 0.125 0.193782867315 0.861148895044 0.623828054054 0.015625 0.0 0.0238607942047 0.1 0.163265306122 1.0 0.333333333333
正在 0.0 0.165323193578 0.0833333333333 0.437293378944 0.874122754659 0.601123163423 0.0 0.0 0.0188292755081 0.1 0.204081632653 0.0 0.0
显示 0.0 0.244518595222 0.0833333333333 0.191910714539 0.971947572155 0.656325246382 0.0 0.0 0.0460420944471 0.2 0.316326530612 1.0 0.0
内阁 0.0 0.213599526882 0.0833333333333 0.381112288995 0.801083168911 0.612956159309 0.0 0.0 0.0188273949901 0.2 0.112244897959 0.0 0.333333333333
银行 0.0 0.670943728883 0.0833333333333 0.27715705496 0.906686751796 0.795281350073 0.078125 0.0 0.518245488554 0.04 0.255102040816 1.0 0.333333333333
是否 0.0 0.169562659835 0.0833333333333 0.358168762216 0.863127422602 0.563108033466 0.0 0.0 0.0172414736331 0.04 0.163265306122 0.0 0.0
取得 0.0 0.38598351883 0.0833333333333 0.385428785573 0.894647735614 0.538778398165 0.0625 0.0 0.0680126489016 0.1 0.34693877551 1.0 0.0
同意 0.0 0.20986018818 0.0833333333333 0.412843688003 0.839883507276 0.611576002511 0.0 0.0 0.027924940586 0.2 0.224489795918 1.0 0.0
已经 0.0 0.244006628098 0.0833333333333 0.180986843163 0.965790031695 0.73234756559 0.0 0.0 0.0377942048033 0.0 0.408163265306 0.0 0.0
金融 0.0 0.368137056357 0.0833333333333 0.0850197153758 0.967194810394 0.733986721371 0.015625 0.0 0.11602539454 0.0 0.30612244898 0.0 0.333333333333
经济 0.0 0.726903388244 0.0833333333333 0.129254164993 0.982129121582 0.833292626218 0.109375 0.0 0.155759941625 0.04 0.448979591837 1.0 0.333333333333
决定 0.0 0.220314402109 0.0833333333333 0.010544984258 0.98269280528 0.680345330672 0.0 0.0 0.0467502314634 0.04 0.295918367347 1.0 0.0
电讯报 0.0 0.139072516846 0.208333333333 0.488586633832 0.706276807298 0.282021363588 0.0 0.0 0.0453852109002 0.1 0.183673469388 0.0 0.0
英镑 1.0 1.0 0.0833333333333 0.337820476536 0.960084083207 0.922476540709 0.421875 0.0 0.348827264642 0.1 0.530612244898 1.0 0.333333333333
目前 0.0 0.216985383903 0.0833333333333 0.131888680293 0.984077926473 0.759497938566 0.0 0.0 0.04465361717 0.0 0.5 1.0 0.333333333333
权利 0.0 0.155305045689 0.0833333333333 0.485625412436 0.845748213244 0.503823270416 0.0 0.0 0.0229168738169 0.1 0.183673469388 1.0 0.333333333333
法案 0.0 0.257674645525 0.0833333333333 0.264188297503 0.855916567744 0.57790075102 0.015625 0.0 0.045703919181 0.2 0.15306122449 1.0 0.333333333333
战略 0.0 0.342901413938 0.0833333333333 0.634380918568 0.306219724543 0.553707368664 0.015625 0.0 0.0781662829168 0.1 0.0510204081633 1.0 0.333333333333
议会 0.0 0.203792916989 0.0833333333333 0.217873754249 0.899428201626 0.600779158756 0.0 0.0 0.0322653940911 0.04 0.142857142857 0.0 0.333333333333
认为 0.0 0.228628135241 0.0833333333333 0.139402667562 0.979769969055 0.682207928119 0.0 0.0 0.0324654849328 0.0 0.387755102041 1.0 0.0
最后 0.0 0.203516074789 0.0833333333333 0.21640071649 0.964563357106 0.548399929278 0.0 0.0 0.0193250684878 0.1 0.204081632653 0.0 0.333333333333
出现 0.0 0.221821029674 0.0833333333333 0.323454323804 0.893621646696 0.597872028612 0.015625 0.0 0.0220053432075 0.04 0.244897959184 0.0 0.0
分手费 2.0 0.715038713918 0.208333333333 0.345326222659 0.905433708042 0.636649440223 0.328125 0.0 0.433814649567 0.2 0.520408163265 1.0 0.333333333333
举行 0.0 0.17420368388 0.0833333333333 0.120518500125 0.902781662041 0.580791037958 0.03125 0.0 0.0251202434431 0.04 0.255102040816 1.0 0.0
包括 0.0 0.187770103375 0.0833333333333 0.221531454039 0.945999678869 0.627672104563 0.0 0.0 0.0167699169697 0.1 0.183673469388 1.0 0.0
带来 0.0 0.170619508799 0.0833333333333 0.0967872247344 0.937928601168 0.568594471388 0.0 0.0 0.0243727153474 0.04 0.173469387755 0.0 0.0
成为 0.0 0.221821029674 0.0833333333333 0.236469402161 0.965474272116 0.63884687471 0.0 0.0 0.032553503426 0.04 0.244897959184 1.0 0.0
突破 0.0 0.173471090717 0.0833333333333 0.439530075737 0.826694626627 0.629449451149 0.046875 0.0 0.0258079165077 0.2 0.214285714286 1.0 0.0
预测 0.0 0.222439895682 0.0833333333333 0.331154700209 0.786808950687 0.586874137611 0.015625 0.0 0.036950835435 0.2 0.142857142857 1.0 0.0
总理 0.0 0.268613119775 0.0833333333333 0.343834934861 0.859228822428 0.521306887829 0.015625 0.0 0.0241580546158 0.1 0.142857142857 0.0 0.333333333333
此前 0.0 0.226234162437 0.0833333333333 0.216887130305 0.929027315984 0.677521933326 0.0 0.0 0.0469590292996 0.1 0.295918367347 1.0 0.333333333333
移民 3.0 0.270613455119 0.0833333333333 0.372689238101 0.621285391175 0.598056338956 0.015625 0.0 0.0673831111962 0.1 0.0510204081633 0.0 0.333333333333
能够 0.0 0.188302664743 0.0833333333333 0.0781884911365 0.980880087555 0.692550970658 0.0 0.0 0.0277861654098 0.04 0.214285714286 0.0 0.0
贸易 1.0 0.449740866437 0.0833333333333 0.30155616445 0.925261646567 0.738472560374 0.015625 0.0 0.0795200369198 0.1 0.418367346939 0.0 0.0
责任 0.0 0.153807905063 0.0833333333333 0.116648270255 0.917879014785 0.521973775276 0.0 0.0 0.0159830639653 0.1 0.255102040816 0.0 0.333333333333
美元 1.0 0.726346212144 0.0833333333333 0.481107735386 0.868566778143 0.752976515199 0.078125 0.0 0.160086085664 0.1 0.357142857143 1.0 0.0
风险 0.0 0.256005901883 0.0833333333333 0.220821549538 0.909503085924 0.621710790272 0.03125 0.0 0.0250646939379 0.1 0.163265306122 1.0 0.333333333333
11月 0.0 0.250306603643 0.0416666666667 0.101268730992 0.971403287497 0.714852653239 0.015625 0.0 0.0544373133302 0.0 0.571428571429 0.0 0.333333333333
宣布 0.0 0.183763284634 0.0833333333333 0.107111843166 0.917858047012 0.547342736605 0.0 0.0 0.0197529162506 0.2 0.122448979592 0.0 0.0
未来 0.0 0.391107151315 0.0833333333333 0.158017826991 0.986362475404 0.736431057764 0.03125 0.0 0.05451861844 0.04 0.387755102041 1.0 0.333333333333
边境 0.0 0.633249885513 0.0833333333333 0.434950864076 0.841924378549 0.672664142115 0.0625 0.0 0.0689026908547 0.4 0.214285714286 1.0 0.333333333333
特雷莎·梅 2.0 0.469846636336 0.416666666667 0.281512273076 0.885751107647 0.65434165207 0.015625 0.0 0.0 0.04 0.265306122449 1.0 0.333333333333
成员国 0.0 0.160918335631 0.208333333333 0.184359809227 0.88579861022 0.530860937142 0.0 0.0 0.0272848846092 0.2 0.163265306122 0.0 0.333333333333
今年 0.0 0.244072803387 0.0833333333333 0.0939353465463 0.982842224914 0.59115047916 0.0 0.0 0.0465181844621 0.04 0.234693877551 0.0 0.333333333333
脱欧 0.0 0.015808775658 0.0833333333333 0.0601657485922 0.978294862548 0.817564346652 0.96875 0.0 0.239103394995 0.0 0.979591836735 1.0 0.0
政府 0.0 0.427405187455 0.0833333333333 0.0844819055038 0.999207148178 0.812051443406 0.015625 0.0 0.155970962441 0.04 0.520408163265 1.0 0.333333333333
媒体 0.0 0.24724035826 0.0833333333333 0.378469006897 0.810915556426 0.570464795171 0.0 0.0 0.0896681758965 0.04 0.30612244898 0.0 0.333333333333
重要 0.0 0.156574385967 0.0833333333333 0.165736674086 0.917748269647 0.594255392268 0.0 0.0 0.0192144173216 0.1 0.234693877551 0.0 0.0
报道 0.0 0.244330848538 0.0833333333333 0.153852474717 0.934657854194 0.638984936274 0.0 0.0 0.103765926293 0.04 0.612244897959 1.0 0.0
发展 0.0 0.347164529854 0.0833333333333 0.208688843444 0.957900986204 0.638891069717 0.03125 0.0 0.0973008975105 0.2 0.132653061224 1.0 0.0
中国 0.0 0.34653025379 0.0833333333333 0.290597758019 0.547875779433 0.577431508765 0.03125 0.0 0.154286043709 0.2 0.0408163265306 1.0 0.333333333333
代表 0.0 0.189511458188 0.0833333333333 0.213364697516 0.908905282786 0.583339677868 0.046875 0.0 0.0530414681002 0.04 0.34693877551 1.0 0.0
进行 0.0 0.237665818716 0.0833333333333 0.126011156951 0.97988474611 0.763942830705 0.0 0.0 0.0537381967243 0.0 0.551020408163 1.0 0.0
谈判 2.0 0.47424172907 0.0833333333333 0.186616382145 0.946627236894 0.836791713796 0.421875 0.0 0.264914076415 0.04 0.785714285714 1.0 0.0
财经 0.0 0.162191339494 0.0833333333333 0.236275573593 0.930518422448 0.146415072453 0.0 0.0 0.0513844932004 0.2 0.5 0.0 0.333333333333
之间 0.0 0.277406853738 0.0833333333333 0.292327752491 0.902304843475 0.599578395609 0.03125 0.0 0.0922074017964 0.04 0.34693877551 1.0 0.333333333333
29日 0.0 0.166055303705 0.0416666666667 0.309192445445 0.837365966024 0.497757743454 0.0 0.0 0.0532200841179 0.1 0.214285714286 0.0 0.333333333333
英国 0.0 0.0 0.0833333333333 0.0629682108071 0.973926895867 1.0 1.0 0.0 0.542115308181 0.0 1.0 1.0 0.333333333333
进程 2.0 0.204139956654 0.0833333333333 0.289669972314 0.865898710201 0.511536881034 0.046875 0.0 0.0217835933012 0.1 0.163265306122 1.0 0.333333333333
相关 0.0 0.160609217525 0.0833333333333 0.0 0.965184967829 0.651911733782 0.0 0.0 0.03233395709 0.0 0.255102040816 0.0 0.0
再次 0.0 0.168366662409 0.0833333333333 0.180357088447 0.986754385672 0.653185875959 0.0 0.0 0.0229031871517 0.2 0.15306122449 0.0 0.0
提出 0.0 0.255044747858 0.0833333333333 0.384058540696 0.848948012304 0.646961266183 0.0 0.0 0.0275678934431 0.1 0.214285714286 1.0 0.0
时间 0.0 0.275053398566 0.0833333333333 0.12076443193 0.955319517934 0.73347972702 0.015625 0.0 0.0402960346046 0.1 0.408163265306 1.0 0.333333333333
避免 0.0 0.187366194691 0.0833333333333 0.316568163259 0.872228732848 0.575505290929 0.0 0.0 0.0213373161391 0.2 0.173469387755 1.0 0.0
主席 0.0 0.217675825888 0.0833333333333 0.206499549247 0.918308426659 0.530242628678 0.0 0.0 0.0327097629084 0.04 0.34693877551 1.0 0.333333333333
市场 0.0 0.308159508379 0.0833333333333 0.273533954471 0.941350288682 0.768840300404 0.0 0.0 0.0701404945003 0.0 0.418367346939 1.0 0.333333333333
表示 0.0 0.37346807949 0.0833333333333 0.114153201023 0.981129717825 0.801748826553 0.0 0.0 0.11808362813 0.0 0.683673469388 1.0 0.0
公民 0.0 0.16342131011 0.0833333333333 0.492366330203 0.843698217467 0.498582351604 0.0 0.0 0.0274624613412 0.2 0.183673469388 0.0 0.333333333333
伦敦 0.0 0.266773930714 0.0833333333333 0.0717519149469 0.983037445832 0.700412223859 0.03125 0.0 0.08877019062 0.0 0.255102040816 1.0 0.333333333333
美国 0.0 0.577186724379 0.0833333333333 0.175204474858 0.917266689317 0.792684608961 0.0 0.0 0.0924445859884 0.04 0.224489795918 1.0 0.333333333333
支撑 0.0 0.272898340831 0.0833333333333 0.735831505967 0.661705391999 0.608344594307 0.046875 0.0 0.0423020256653 1.0 0.132653061224 1.0 0.0
继续 0.0 0.343800653538 0.0833333333333 0.174233022852 0.986827937502 0.726898830569 0.015625 0.0 0.0539706920642 0.04 0.285714285714 1.0 0.0
委员会 0.0 0.214462272408 0.208333333333 0.185155302171 0.934461335628 0.57097827335 0.0 0.0 0.0309094054745 0.04 0.326530612245 0.0 0.333333333333
支付 0.0 0.400391666519 0.0833333333333 0.305321177549 0.880860349314 0.635196391426 0.0 0.0 0.180596065499 0.1 0.397959183673 1.0 0.0
最终 0.0 0.27840960565 0.0833333333333 0.234788089922 0.952635299464 0.678375901687 0.015625 0.0 0.0903648457012 0.1 0.357142857143 1.0 0.0
增加 0.0 0.159435864097 0.0833333333333 0.248285561642 0.844201426477 0.643381377377 0.0 0.0 0.0251585114945 0.2 0.15306122449 0.0 0.0
预计 0.0 0.242224967058 0.0833333333333 0.29266567052 0.91720392747 0.603763317121 0.0 0.0 0.0388024671529 0.1 0.244897959184 1.0 0.0
投资者 0.0 0.147188781268 0.208333333333 0.4560935785 0.7924502295 0.617909574112 0.0 0.0 0.0222095115232 0.2 0.183673469388 0.0 0.333333333333
议员 0.0 0.250143830138 0.0833333333333 0.262834475515 0.866979625991 0.667109830902 0.0 0.0 0.0398338039797 0.2 0.163265306122 1.0 0.333333333333
双方 0.0 0.419645395263 0.0833333333333 0.360768566077 0.81730124192 0.700466237972 0.03125 0.0 0.179391031407 0.1 0.397959183673 1.0 0.333333333333
德国 0.0 0.446939826019 0.0833333333333 0.0917479638072 0.964225874886 0.751254600712 0.015625 0.0 0.255602610178 0.1 0.173469387755 0.0 0.333333333333
昨日 0.0 0.4332870823 0.0833333333333 0.889803396853 0.386912066278 0.591137156678 0.0 0.0 0.0410614098223 1.0 0.030612244898 0.0 0.333333333333
首相 0.0 0.263333662359 0.0833333333333 0.267391983335 0.911184569747 0.620942618029 0.015625 0.0 0.0511114784546 0.04 0.459183673469 0.0 0.333333333333
方案 1.0 0.213020653966 0.0833333333333 0.312464991791 0.812926078168 0.524217078035 0.015625 0.0 0.0217080458364 0.2 0.15306122449 1.0 0.333333333333
大臣 0.0 0.19461577983 0.0833333333333 0.179589684823 0.984671015453 0.574997126872 0.015625 0.0 0.021092817044 0.2 0.265306122449 0.0 0.333333333333
问题 0.0 0.61170740589 0.0833333333333 0.236814138349 0.944248580087 0.762638795126 0.0625 0.0 0.139429097119 0.04 0.571428571429 1.0 0.333333333333
法国 0.0 0.193667179767 0.0833333333333 0.152983447251 0.845871187203 0.609465134204 0.03125 0.0 0.103729538554 0.1 0.122448979592 0.0 0.333333333333
关注 0.0 0.202657707079 0.0833333333333 0.25717881638 0.953014373256 0.578376340381 0.046875 0.0 0.0316086748682 0.04 0.234693877551 0.0 0.0
3月 0.0 0.174071773911 0.0 0.141224746657 0.926110619567 0.520895141078 0.0 0.0 0.0281208699852 0.0 0.265306122449 0.0 0.333333333333
乐观 0.0 0.183763284634 0.0833333333333 0.684958695336 0.81495218289 0.5561900341 0.03125 0.0 0.0303847555075 0.4 0.122448979592 0.0 0.0
2019年 0.0 0.18088687773 0.125 0.101288486433 0.940409215993 0.531697560986 0.0 0.0 0.0533323578041 0.04 0.214285714286 0.0 0.333333333333
财政 0.0 0.303436779208 0.0833333333333 0.259659203324 0.928603018927 0.637117039763 0.0 0.0 0.0379263077539 0.1 0.244897959184 0.0 0.333333333333
确保 0.0 0.224431080184 0.0833333333333 0.252752481329 0.959355332297 0.655657406026 0.0 0.0 0.0520462404336 0.1 0.102040816327 1.0 0.0
边界 0.0 0.467316697968 0.0833333333333 0.407454118162 0.881925195222 0.611580279029 0.015625 0.0 0.114345831391 0.2 0.336734693878 1.0 0.333333333333
协议 0.0 0.358070628046 0.0833333333333 0.245915207435 0.946612602611 0.746455373208 0.125 0.0 0.1066559314 0.1 0.642857142857 1.0 0.333333333333
公布 0.0 0.192580438919 0.0833333333333 0.262695056289 0.957511836571 0.610631842456 0.015625 0.0 0.0393766327039 0.1 0.275510204082 1.0 0.0
预期 0.0 0.335045295706 0.0833333333333 0.429052470795 0.903922535413 0.697684098054 0.078125 0.0 0.0657929216448 0.2 0.234693877551 1.0 0.0
计划 0.0 0.283032841825 0.0833333333333 0.126240714565 0.958759516183 0.709553362454 0.046875 0.0 0.0340218794827 0.1 0.244897959184 1.0 0.333333333333
欧元 0.0 0.47675885535 0.0833333333333 0.311392135172 0.929884397564 0.751670434466 0.09375 0.0 0.158697619085 0.04 0.469387755102 1.0 0.333333333333
机构 0.0 0.455270997205 0.0833333333333 0.0785938679211 0.8810083888 0.684468813323 0.0625 0.0 0.170255612139 0.04 0.214285714286 1.0 0.333333333333
工作 0.0 0.162246165852 0.0833333333333 0.122018676777 0.939237437245 0.55487258182 0.015625 0.0 0.0552528090993 0.04 0.173469387755 1.0 0.0
央行 0.0 0.352129501895 0.0833333333333 0.245108680278 0.839504369813 0.608529581209 0.03125 0.0 0.0420481112872 0.2 0.122448979592 0.0 0.0
指出 0.0 0.20622121548 0.0833333333333 0.247848153825 0.901906604393 0.551784867047 0.0 0.0 0.0278446962627 0.04 0.265306122449 1.0 0.0
面临 0.0 0.231940768734 0.0833333333333 0.0657999172139 0.984391875952 0.652029606787 0.0625 0.0 0.046083029274 0.04 0.265306122449 1.0 0.0
达成 0.0 0.340676816856 0.0833333333333 0.284055423935 0.926529029378 0.659036156302 0.1875 0.0 0.0953288685243 0.1 0.622448979592 1.0 0.0
管理局 0.0 0.457254140348 0.208333333333 0.674341515192 0.610054507614 0.495595943739 0.03125 0.0 0.147392325766 0.2 0.0714285714286 1.0 0.333333333333
要求 0.0 0.248211632179 0.0833333333333 0.32739571813 0.899295019189 0.606776830628 0.0 0.0 0.0355031093731 0.1 0.357142857143 1.0 0.0
进入 0.0 0.120679654979 0.0833333333333 0.159968978065 0.979386680567 0.49973773625 0.03125 0.0 0.0340683529201 0.04 0.622448979592 1.0 0.0
意味着 0.0 0.143807942666 0.208333333333 0.157293659025 0.889997861156 0.539925236581 0.0 0.0 0.0138063564779 0.1 0.214285714286 1.0 0.0
情况 0.0 0.180600346062 0.0833333333333 0.222605686157 0.925402960838 0.557436269001 0.0 0.0 0.0157220904478 0.04 0.204081632653 1.0 0.333333333333
人士 0.0 0.203866337324 0.0833333333333 0.298812549581 0.835282995781 0.526783713467 0.0 0.0 0.0300622764934 0.04 0.285714285714 0.0 0.333333333333
现在 0.0 0.203804774466 0.0833333333333 0.119470896951 0.948666542414 0.632988741112 0.0 0.0 0.0618303309541 0.04 0.19387755102 1.0 0.333333333333
企业 0.0 0.262726281206 0.0833333333333 0.051474766057 0.955371295182 0.681256995331 0.0 0.0 0.104090883799 0.04 0.173469387755 1.0 0.333333333333
发表 0.0 0.155305045689 0.0833333333333 0.214432962208 0.92860378943 0.593225781442 0.0 0.0 0.01327980757 0.1 0.183673469388 0.0 0.0
欧盟 0.0 0.284706180543 0.0833333333333 0.106919811946 0.954646155502 0.927871735575 0.4375 0.0 0.416072587865 0.04 0.908163265306 1.0 0.0
布鲁塞尔 0.0 0.156574385967 0.333333333333 0.300739561564 0.870186531894 0.603639988644 0.0 0.0 0.0176973023375 0.1 0.19387755102 1.0 0.333333333333
12月 0.0 0.330343925646 0.0416666666667 0.28841839938 0.88811387585 0.705394846107 0.03125 0.0 0.0695348051672 0.1 0.459183673469 1.0 0.333333333333
讨论 0.0 0.1301418985 0.0833333333333 0.219393569931 0.960090898966 0.338111854473 0.0 0.0 0.0349814708687 0.1 0.622448979592 1.0 0.0
巴黎 0.0 0.304716803808 0.0833333333333 0.631557916432 0.621114721507 0.591439026495 0.03125 0.0 0.230253886949 0.04 0.0612244897959 0.0 0.333333333333
支持 0.0 0.283032841825 0.0833333333333 0.171665435208 0.97799049581 0.701244648919 0.0 0.0 0.0421374563471 0.1 0.255102040816 1.0 0.0
持续 0.0 0.164446117384 0.0833333333333 0.265566989073 0.837571251465 0.636002310214 0.0 0.0 0.0296175925751 0.1 0.19387755102 0.0 0.0
障碍 0.0 0.159435864097 0.0833333333333 0.349228882856 0.837326392788 0.458196865248 0.0 0.0 0.0138364988909 0.2 0.15306122449 0.0 0.333333333333
关键 0.0 0.240325288761 0.0833333333333 0.288085688418 0.9349098172 0.635558899738 0.015625 0.0 0.0259198774788 0.04 0.295918367347 1.0 0.0
压力 0.0 0.212486223529 0.0833333333333 0.0734051092223 0.93110930145 0.559925246608 0.015625 0.0 0.0301972579841 0.2 0.173469387755 0.0 0.333333333333
记者 0.0 0.187428004856 0.0833333333333 0.127789815558 0.966880271071 0.599161651361 0.015625 0.0 0.0468056722757 0.0 0.265306122449 0.0 0.333333333333
方面 0.0 0.265889265299 0.0833333333333 0.208392426946 0.940732041475 0.724221903001 0.0 0.0 0.0590396021433 0.04 0.479591836735 1.0 0.333333333333
需要 0.0 0.261752724413 0.0833333333333 0.181602892035 0.958795121617 0.716028493898 0.0 0.0 0.0305514929305 0.1 0.295918367347 1.0 0.0
水平 0.0 0.256005901883 0.0833333333333 0.37956355973 0.757742890512 0.633171119874 0.0 0.0 0.0447414898411 0.1 0.163265306122 1.0 0.333333333333
大选 0.0 0.266590848894 0.0833333333333 0.441845041172 0.664859410493 0.573577258436 0.015625 0.0 0.10430346827 0.2 0.0612244897959 0.0 0.0
会议 0.0 0.225381599807 0.0833333333333 0.218384202247 0.882731381456 0.609315925407 0.0 0.0 0.0172918821371 0.04 0.214285714286 1.0 0.333333333333
政策 0.0 0.188252744875 0.0833333333333 0.133650464677 0.963086103053 0.659852344143 0.0 0.0 0.0415371284048 0.1 0.224489795918 1.0 0.333333333333
欧洲 0.0 0.552844417201 0.0833333333333 0.120127744684 0.985762149886 0.833006088255 0.046875 0.0 0.278451994643 0.0 0.5 1.0 0.333333333333
无法 0.0 0.167032026771 0.0833333333333 0.30191364749 0.910874860185 0.575657735759 0.015625 0.0 0.0147698660204 0.2 0.142857142857 0.0 0.0
股吧 0.0 0.110821922861 0.0833333333333 0.236275573593 0.930518422448 0.0 0.0 0.0 0.0346167424186 0.2 0.5 1.0 0.333333333333
全球 0.0 0.194234809465 0.0833333333333 0.125158259175 0.886110166115 0.63498843743 0.015625 0.0 0.0282291788108 0.1 0.142857142857 0.0 0.333333333333
官员 0.0 0.286725428804 0.0833333333333 0.275910135525 0.870374693763 0.615074625539 0.046875 0.0 0.0372587755327 0.04 0.336734693878 1.0 0.333333333333
具体 0.0 0.195159057344 0.0833333333333 0.435168285752 0.822384739969 0.47565850174 0.0 0.0 0.06842550116 0.1 0.15306122449 0.0 0.0
哈蒙德 0.0 0.422957298428 0.208333333333 0.441739706142 0.668265928632 0.583786059746 0.0 0.0 0.0565145086491 0.2 0.0816326530612 1.0 0.333333333333
技术 0.0 0.30261002623 0.0833333333333 0.610291363833 0.736406778008 0.627522455675 0.015625 0.0 0.0349875569545 0.2 0.15306122449 0.0 0.333333333333
数据 0.0 0.251070687412 0.0833333333333 0.369667324772 0.942232371915 0.614037322983 0.0 0.0 0.0480980819778 0.2 0.234693877551 0.0 0.333333333333
辞职 0.0 0.237512958572 0.0833333333333 0.47105597942 0.774847578381 0.552756752781 0.015625 0.0 0.017934141322 0.2 0.0816326530612 1.0 0.0
进展 0.0 0.40380790963 0.0833333333333 0.284383901375 0.933124359032 0.665980884006 0.171875 0.0 0.0844927001321 0.1 0.479591836735 1.0 0.0
调查 0.0 0.275479174984 0.0833333333333 0.12962331292 0.706929952961 0.596974200774 0.015625 0.0 0.0191245982511 0.1 0.0714285714286 1.0 0.0
阶段 0.0 0.281804186255 0.0833333333333 0.413159188501 0.864546211806 0.574512667246 0.015625 0.0 0.0579532854152 0.2 0.30612244898 1.0 0.333333333333
国家 0.0 0.279943770314 0.0833333333333 0.0439549410007 0.973723909776 0.719064327845 0.0 0.0 0.0712678966793 0.04 0.34693877551 1.0 0.333333333333
之后 0.0 0.201417092291 0.0833333333333 0.0876317472192 0.963700177841 0.657642272231 0.0 0.0 0.0275625450442 0.04 0.244897959184 1.0 0.333333333333
进一步 0.0 0.180600346062 0.208333333333 0.226405822779 0.940168256961 0.655301664409 0.015625 0.0 0.0253613982575 0.1 0.204081632653 0.0 0.0
北爱尔兰 3.0 0.337443341514 0.333333333333 0.423895826178 0.897488041581 0.659431486974 0.0 0.0 0.038309971563 0.2 0.244897959184 1.0 0.333333333333
英国+经济 2.0 0.299227522906 0.375 0.350623552856 0.920916059043 0.434256942527 0.03125 0.5 0.553994552012 0.2 0.163265306122 1.0 0.666666666667
经济+增长 0.0 0.223378865166 0.375 0.387523977576 0.828757316386 0.419556361663 0.03125 0.5 0.228325593416 0.2 0.122448979592 1.0 0.333333333333
英国+央行 2.0 0.287597506008 0.375 0.401033196599 0.763148038427 0.371481627881 0.0 0.5 0.545367657463 0.4 0.0714285714286 1.0 0.333333333333
第三+季度 0.0 0.114087029239 0.375 0.666888102202 0.502040421236 0.297191637717 0.0 0.5 0.04927180019 1.0 0.0612244897959 1.0 0.333333333333
脱欧+谈判 3.0 0.30806318331 0.375 0.193856316746 0.95438682046 0.53456920313 0.109375 0.5 0.457884691819 0.1 0.459183673469 1.0 0.0
新浪+财经 0.0 0.114246550637 0.375 0.236275573593 0.930518422448 0.0484781923223 0.0 0.5 0.0880525888392 0.2 0.5 1.0 0.666666666667
财经+股吧 0.0 0.110821922861 0.375 0.236275573593 0.930518422448 0.0 0.0 0.5 0.086001235619 0.2 0.5 0.0 0.666666666667
脱+欧 0.0 0.356481390445 0.125 0.203278355082 0.958169180036 0.486199502723 0.421875 0.5 0.0 0.04 0.602040816327 1.0 0.0
欧+谈判 0.0 0.244800545361 0.25 0.285480115545 0.888283212619 0.395051920348 0.109375 0.5 0.264914076415 0.1 0.510204081633 0.0 0.0
FX168+财经 0.0 0.0520686187172 0.333333333333 0.79742063094 0.499837277283 0.0189428698577 0.0 0.5 0.0513844932004 0.4 0.0816326530612 0.0 0.333333333333
财经+报社 0.0 0.0520686187172 0.375 0.79742063094 0.499837277283 0.0189428698577 0.0 0.5 0.0638983047904 0.4 0.0816326530612 0.0 0.666666666667
12月+4日 0.0 0.173471090717 0.25 0.393401495131 0.760097677047 0.418045337375 0.0 0.5 0.0967956894751 0.2 0.214285714286 1.0 0.666666666667
英国+首相 2.0 0.195631657531 0.375 0.286255182624 0.903218004127 0.317728166959 0.015625 0.5 0.593226786635 0.1 0.408163265306 1.0 0.666666666667
首相+特雷莎·梅 2.0 0.174093963142 0.708333333333 0.363748284378 0.845259935431 0.276460429366 0.0 0.5 0.0511114784546 0.1 0.234693877551 1.0 0.666666666667
欧盟+委员会 2.0 0.167096079117 0.5 0.290777035792 0.884122998852 0.298864159978 0.0 0.5 0.416410794966 0.1 0.234693877551 1.0 0.333333333333
委员会+主席 2.0 0.123712670851 0.5 0.347738460769 0.804467770297 0.224137827837 0.0 0.5 0.0636191683829 0.2 0.15306122449 0.0 0.666666666667
主席+容克 3.0 0.0986537342215 0.375 0.393485772881 0.75118585431 0.164609965942 0.0 0.5 0.0516437211527 0.2 0.142857142857 0.0 0.666666666667
英国+退欧 2.0 0.0699449258322 0.375 0.363057341384 0.588029033474 0.318862241979 0.0 0.5 0.551152804103 0.2 0.0510204081633 1.0 0.333333333333
外媒+报道 0.0 0.0752491611991 0.375 0.375741202063 0.694996453028 0.103110024124 0.0 0.5 0.106311201259 0.4 0.0816326530612 1.0 0.333333333333
欧洲+议会 2.0 0.0967007297368 0.375 0.363365480553 0.76112625614 0.281292927852 0.0 0.5 0.285788527012 0.2 0.0510204081633 1.0 0.666666666667
首席+谈判 0.0 0.098429703681 0.375 0.480191846346 0.754119219279 0.16466579168 0.015625 0.5 0.265264823856 0.2 0.0816326530612 1.0 0.333333333333
谈判+代表 3.0 0.155305045689 0.375 0.420726773288 0.849178405375 0.325839585293 0.03125 0.5 0.265314369154 0.1 0.183673469388 1.0 0.0
爱尔兰+边界 2.0 0.225381599807 0.5 0.453407697344 0.834818845336 0.330966356602 0.0 0.5 0.204723070435 0.2 0.244897959184 1.0 0.666666666667
边界+问题 2.0 0.228351425483 0.375 0.511589497781 0.790472713026 0.323890003766 0.0 0.5 0.25377492851 0.2 0.183673469388 1.0 0.666666666667
公民+权利 0.0 0.0969202759159 0.375 0.550158294384 0.804065701322 0.369897848761 0.0 0.5 0.0503793351581 0.2 0.15306122449 1.0 0.666666666667
关键+问题 0.0 0.102854652234 0.375 0.385937576216 0.8140756161 0.299774907597 0.0 0.5 0.163591889862 0.2 0.0918367346939 1.0 0.333333333333
欧盟+首席 0.0 0.128342688892 0.375 0.413965957102 0.812638969551 0.113988033136 0.046875 0.5 0.416423335306 0.2 0.102040816327 1.0 0.333333333333
英国+脱欧 0.0 0.256026762253 0.375 0.0625143101667 0.982781776077 0.535676480168 0.3125 0.5 0.781218703176 0.0 0.65306122449 1.0 0.333333333333
达成+协议 0.0 0.225226737783 0.375 0.336565272801 0.893417315722 0.363584828574 0.0625 0.5 0.192621155255 0.2 0.367346938776 1.0 0.333333333333
爱尔兰+边境 2.0 0.27069966966 0.5 0.528167715211 0.780552287336 0.368775888936 0.03125 0.5 0.227512289923 0.4 0.142857142857 1.0 0.666666666667
谈判+取得 0.0 0.167032026771 0.375 0.493820769625 0.821138514312 0.293137787859 0.0625 0.5 0.332926725316 0.2 0.142857142857 1.0 0.0
欧盟+峰会 2.0 0.156002379367 0.375 0.308052046596 0.852790166487 0.422046259301 0.015625 0.5 0.416423496473 0.4 0.132653061224 1.0 0.333333333333
欧盟+官员 0.0 0.11776994927 0.375 0.70419391076 0.666057515356 0.203879482261 0.0 0.5 0.451086991265 0.4 0.132653061224 1.0 0.333333333333
取得+进展 0.0 0.153872822906 0.375 0.421097145561 0.849262311585 0.334549378859 0.015625 0.5 0.152505349034 0.4 0.173469387755 1.0 0.0
英镑+兑 0.0 0.355913426952 0.25 0.778378036178 0.680874578783 0.320298652094 0.03125 0.5 0.348827264642 0.2 0.15306122449 1.0 0.333333333333
兑+美元 0.0 0.34244914393 0.25 0.771456158 0.694081202228 0.399356678428 0.03125 0.5 0.160086085664 0.2 0.163265306122 1.0 0.0
数据+显示 0.0 0.0963132251277 0.375 0.553166811435 0.857844969022 0.165104818038 0.0 0.5 0.0941401764249 0.2 0.102040816327 1.0 0.333333333333
欧盟+谈判 2.0 0.0520686187172 0.375 0.475949386296 0.741484202686 0.268140903931 0.0 0.5 0.68098666428 0.2 0.0816326530612 1.0 0.0
第一+阶段 0.0 0.0886697259628 0.375 0.576549129113 0.651294660746 0.282036045994 0.0 0.5 0.106752761293 0.4 0.0612244897959 1.0 0.333333333333
贸易+谈判 2.0 0.128342688892 0.375 0.43215490347 0.74526620372 0.353800581801 0.0 0.5 0.298301333744 0.4 0.102040816327 1.0 0.0
问题+达成 0.0 0.126341038812 0.375 0.354909524906 0.840871296921 0.261028370636 0.0 0.5 0.234757965644 0.2 0.163265306122 0.0 0.333333333333
达成+脱 0.0 0.0699449258322 0.25 0.445716720539 0.789435423907 0.212868050575 0.03125 0.5 0.0953288685243 0.4 0.0612244897959 0.0 0.0
硬+边界 0.0 0.178532526791 0.25 0.66929596559 0.62500935647 0.279576692907 0.015625 0.5 0.114345831391 0.4 0.0714285714286 1.0 0.333333333333
欧洲+理事会 2.0 0.105851074228 0.5 0.341128822579 0.880247567188 0.225163232493 0.0 0.5 0.286389973501 0.2 0.15306122449 1.0 0.666666666667
理事会+主席 2.0 0.0847243333031 0.5 0.4114450806 0.814825319265 0.196284376951 0.0 0.5 0.0462117737686 0.2 0.122448979592 0.0 0.666666666667
主席+图斯克 2.0 0.0584043199869 0.5 0.494579332317 0.758271470104 0.169566907101 0.0 0.5 0.0538416515972 0.4 0.102040816327 0.0 0.666666666667
脱欧+费用 0.0 0.101378377601 0.375 0.317055578204 0.66171928632 0.323673247708 0.015625 0.5 0.26032409652 0.4 0.0612244897959 1.0 0.333333333333
达成+共识 0.0 0.077670853715 0.375 0.660261318755 0.526095263164 0.234673003774 0.015625 0.5 0.0956627720547 1.0 0.0408163265306 1.0 0.333333333333
北京+时间 0.0 0.0806294861105 0.375 0.532488300272 0.559342598915 0.256226611049 0.0 0.5 0.0408971713369 0.4 0.0918367346939 1.0 0.666666666667
阶段+谈判 0.0 0.0752491611991 0.375 0.674116786878 0.632676622466 0.258683747157 0.0 0.5 0.32286736183 0.2 0.0816326530612 0.0 0.333333333333
副+总理 0.0 0.190338939066 0.25 0.665951956383 0.677586417446 0.312240149194 0.015625 0.5 0.0241580546158 0.4 0.0612244897959 1.0 0.333333333333
爱尔兰+政府 2.0 0.11794087167 0.5 0.825416834098 0.594521164875 0.252910978694 0.0 0.5 0.222357929868 0.4 0.0816326530612 1.0 0.666666666667
关税+同盟 0.0 0.0699449258322 0.375 0.645108102462 0.521934276795 0.208142390596 0.0 0.5 0.0190229108315 0.4 0.0510204081633 1.0 0.666666666667
离开+欧盟 0.0 0.144790788644 0.375 0.368118069619 0.800382480564 0.30328781336 0.0 0.5 0.41640564609 0.2 0.0816326530612 1.0 0.0
责任+编辑 0.0 0.0890956266969 0.375 0.330708525015 0.624983897575 0.200074472357 0.0 0.5 0.0301314717404 0.2 0.132653061224 1.0 0.666666666667
英国+政府 0.0 0.261752724413 0.375 0.189181643513 0.929496614241 0.399107486477 0.0 0.5 0.605863638981 0.04 0.295918367347 1.0 0.666666666667
报道+称 0.0 0.17296176982 0.25 0.126624398476 0.913562331399 0.205152211957 0.0 0.5 0.103765926293 0.04 0.214285714286 1.0 0.0
欧+分手费 0.0 0.240325288761 0.375 0.418998341189 0.825771169709 0.318421685515 0.171875 0.5 0.433814649567 0.2 0.255102040816 0.0 0.333333333333
自由+贸易 0.0 0.0967007297368 0.375 0.607812298848 0.73758750213 0.246107809436 0.0 0.5 0.0917321446887 0.4 0.0510204081633 1.0 0.0
英国+脱 0.0 0.0520686187172 0.25 0.307107398069 0.800387403216 0.215409497441 0.015625 0.5 0.542115308181 0.0 0.663265306122 1.0 0.333333333333
财政+大臣 0.0 0.0584043199869 0.375 0.368332649874 0.804834261283 0.179393110776 0.0 0.5 0.04673758364 0.2 0.0918367346939 0.0 0.666666666667
2019年+3月 0.0 0.128752794068 0.333333333333 0.183955010873 0.855295014046 0.379095209469 0.0 0.5 0.0814532277893 0.1 0.173469387755 1.0 0.666666666667
贸易+协议 2.0 0.17729746072 0.375 0.425138946047 0.843944727175 0.35396817945 0.0 0.5 0.186175968319 0.4 0.15306122449 1.0 0.333333333333
英国+支付 0.0 0.0636588899579 0.375 0.649938557502 0.567439952667 0.153270209228 0.0 0.5 0.700059973385 0.4 0.0816326530612 1.0 0.333333333333
600亿+欧元 0.0 0.11776994927 0.375 0.565713662934 0.741089866369 0.302333905404 0.015625 0.5 0.159039542867 0.2 0.132653061224 1.0 0.333333333333
边境+问题 2.0 0.384578399004 0.375 0.566411788827 0.754455701182 0.409163155719 0.03125 0.5 0.206574703238 0.4 0.102040816327 1.0 0.666666666667
进行+谈判 0.0 0.0520686187172 0.375 0.331760756886 0.815741771774 0.212283489872 0.0 0.5 0.285587368969 0.4 0.0816326530612 1.0 0.0
走+高 0.0 0.105971843197 0.125 0.814294356499 0.516815284039 0.272546502831 0.0 0.5 0.0 0.4 0.0408163265306 1.0 0.0
走+强 0.0 0.0699449258322 0.125 0.645217905398 0.570506093017 0.222980758455 0.015625 0.5 0.0 0.4 0.0510204081633 1.0 0.0
解决+方案 2.0 0.130059202694 0.375 0.347846238139 0.684632492664 0.294757809943 0.0 0.5 0.0626152593745 0.2 0.0714285714286 1.0 0.333333333333
硬+边境 0.0 0.0868086869114 0.25 1.0 0.359541456934 0.269247659668 0.0 0.5 0.0689026908547 1.0 0.030612244898 1.0 0.333333333333
单一+市场 0.0 0.0967007297368 0.375 0.53256081888 0.603056362011 0.279095108756 0.0 0.5 0.0702656308592 1.0 0.0510204081633 1.0 0.333333333333
欧盟+支付 0.0 0.106989713049 0.375 0.754540194234 0.603338170083 0.276173162983 0.0 0.5 0.596668653364 0.4 0.102040816327 1.0 0.0
脱离+欧盟 0.0 0.074960249285 0.375 0.0079685042094 0.715757312676 0.281592252043 0.0 0.5 0.416793359289 0.1 0.102040816327 0.0 0.0
媒体+报道 0.0 0.0868394324398 0.375 0.41979825842 0.656824406975 0.232646901687 0.0 0.5 0.150139295762 0.2 0.0816326530612 1.0 0.333333333333
11月+30日 0.0 0.094628228436 0.291666666667 0.30950789084 0.868520884299 0.299645612889 0.0 0.5 0.0625885474589 0.2 0.122448979592 1.0 0.666666666667
首+次 0.0 0.0937042096217 0.125 0.112358210326 0.813565880774 0.392103416157 0.0 0.5 0.0 0.4 0.0714285714286 1.0 0.0
脱欧+进程 3.0 0.0967007297368 0.375 0.210846643957 0.725796626539 0.286355297493 0.03125 0.5 0.254878935901 0.2 0.0510204081633 1.0 0.333333333333
官员+表示 0.0 0.110078631689 0.375 0.552856897478 0.558023912613 0.201744947425 0.0 0.5 0.155342403663 0.4 0.0510204081633 1.0 0.333333333333
欧盟+要求 0.0 0.117696714607 0.375 0.366132059161 0.812392393457 0.23156186733 0.0 0.5 0.446440524993 0.2 0.163265306122 1.0 0.0
税+改 2.0 0.114175149338 0.125 0.588947813932 0.453547694501 0.313978644588 0.0 0.5 0.0 0.4 0.0408163265306 1.0 0.333333333333
两+年 0.0 0.120379451122 0.125 0.265166630326 0.930037496093 0.406986693918 0.0 0.5 0.0 0.04 0.173469387755 1.0 0.0
谈判+中 0.0 0.183763284634 0.25 0.62285353127 0.807045674359 0.331275189094 0.0 0.5 0.264914076415 0.2 0.122448979592 1.0 0.333333333333
欧盟+方面 2.0 0.108211841746 0.375 0.495128405048 0.752525119467 0.196965555659 0.0 0.5 0.475112190008 0.2 0.132653061224 1.0 0.333333333333
英国+媒体 2.0 0.100408066198 0.375 0.664973322236 0.616235603543 0.271885350298 0.0 0.5 0.609132083782 0.2 0.163265306122 1.0 0.666666666667
550亿+欧元 0.0 0.100571014796 0.375 0.700810798884 0.463579132445 0.142640578203 0.015625 0.5 0.207960483309 0.2 0.112244897959 1.0 0.333333333333
两+家 0.0 0.0918213484557 0.125 0.493860345236 0.57518087036 0.236257311885 0.0 0.5 0.0 0.4 0.0408163265306 1.0 0.0
经济+数据 2.0 0.101872964972 0.375 0.820353435536 0.498583057341 0.325979041971 0.0 0.5 0.203858023603 0.4 0.030612244898 1.0 0.666666666667
11月+29日 0.0 0.091742069172 0.291666666667 0.51737113769 0.694102012163 0.311627774802 0.0 0.5 0.0803935514805 0.2 0.0918367346939 1.0 0.666666666667
约+合 0.0 0.166414195766 0.125 0.899458395907 0.305358458554 0.243609064887 0.0 0.5 0.0 0.4 0.0714285714286 1.0 0.0
具体+金额 0.0 0.0967007297368 0.375 0.916845971495 0.268355184117 0.143244083806 0.0 0.5 0.224302957058 0.4 0.0510204081633 1.0 0.333333333333
每日+电讯报 0.0 0.130093447497 0.5 0.603439155106 0.676300606276 0.184978409473 0.0 0.5 0.0893101215024 0.1 0.142857142857 1.0 0.0
英+欧 2.0 0.321339681828 0.125 0.54963771092 0.615601175607 0.266478301543 0.046875 0.5 0.0 0.2 0.204081632653 1.0 0.0
欧+双方 0.0 0.233282760299 0.25 0.577157110877 0.547590811915 0.251394993262 0.015625 0.5 0.179391031407 0.2 0.122448979592 0.0 0.333333333333
实质性+进展 3.0 0.113967235296 0.5 0.74124062253 0.536649517461 0.172910108958 0.0 0.5 0.12936293704 0.4 0.0918367346939 1.0 0.333333333333
巴尼+耶 0.0 0.105971843197 0.25 0.598485691827 0.495258489964 0.126275985444 0.0 0.5 0.012136145122 1.0 0.0612244897959 1.0 0.666666666667
欧盟+成员国 0.0 0.0694675475734 0.5 0.370492553226 0.770708106201 0.314160351412 0.0 0.5 0.416405129206 0.4 0.0714285714286 1.0 0.333333333333
要求+英国 0.0 0.114436018702 0.375 0.481556151397 0.774208550421 0.202140565484 0.0 0.5 0.577618417554 0.2 0.122448979592 0.0 0.333333333333
欧盟+国家 0.0 0.0694675475734 0.375 0.33670133379 0.675406666635 0.3135834383 0.0 0.5 0.449930447694 0.1 0.0714285714286 1.0 0.333333333333
金融+时报 0.0 0.102854652234 0.375 0.60381256566 0.599402808939 0.135923897378 0.0 0.5 0.144180820762 0.2 0.0918367346939 1.0 0.666666666667
1000亿+欧元 0.0 0.0815858785975 0.416666666667 0.715605582481 0.513464642834 0.208655440333 0.0 0.5 0.195527506706 0.4 0.0714285714286 1.0 0.333333333333
欧盟+机构 2.0 0.0868394324398 0.375 0.509765510566 0.626890826424 0.301247981703 0.015625 0.5 0.4309950553 0.2 0.0816326530612 1.0 0.333333333333
200亿+欧元 0.0 0.0573492165493 0.375 0.754054049876 0.559848304589 0.267961344818 0.0 0.5 0.176441636015 0.4 0.0714285714286 1.0 0.333333333333
爱尔兰+之间 0.0 0.0868086869114 0.5 0.783185969439 0.420279693293 0.208375131989 0.0 0.5 0.184171685608 0.4 0.0510204081633 0.0 0.666666666667
最后+期限 0.0 0.105971843197 0.375 0.55170069083 0.641110748873 0.229339129406 0.0 0.5 0.0322135659897 0.4 0.0408163265306 1.0 0.666666666667
11月+28日 0.0 0.102854652234 0.291666666667 0.238028614286 0.823187290856 0.305819130517 0.0 0.5 0.0562320033739 0.4 0.0918367346939 1.0 0.666666666667
欧元+之间 0.0 0.0856367372061 0.375 0.671572226598 0.478425196335 0.14133688546 0.015625 0.5 0.250905020882 0.2 0.102040816327 1.0 0.666666666667
压力+测试 0.0 0.134272832678 0.375 0.4498927262 0.643068475104 0.307721547679 0.015625 0.5 0.0474472271778 0.2 0.0408163265306 1.0 0.333333333333
欧盟+达成 0.0 0.063252422687 0.375 0.491483029782 0.686987735748 0.256732697811 0.03125 0.5 0.511401456389 0.4 0.0612244897959 1.0 0.0
10+天 0.0 0.132001521092 0.0833333333333 0.72067456654 0.498194120879 0.347313650368 0.015625 0.5 0.0125372858945 1.0 0.030612244898 1.0 0.0
分手费+问题 3.0 0.0868394324398 0.5 0.46922217592 0.759973105347 0.322332848132 0.03125 0.5 0.573243746686 0.4 0.0816326530612 1.0 0.666666666667
消息+人士 0.0 0.11766620097 0.375 0.489885214998 0.579982353966 0.290366606978 0.0 0.5 0.0972832688914 0.2 0.102040816327 1.0 0.666666666667
英镑+用于 0.0 0.130357807796 0.375 0.950865709689 0.135793314004 0.321919710269 0.0 0.5 0.357302343279 0.4 0.0204081632653 0.0 0.333333333333
英国+财政 3.0 0.0937042096217 0.375 0.49123247402 0.722683932141 0.164452214425 0.0 0.5 0.553128208683 0.2 0.0816326530612 1.0 0.666666666667
金融+危机 2.0 0.063252422687 0.375 0.254003586705 0.624398065279 0.358684752886 0.0 0.5 0.136899963507 0.2 0.0612244897959 1.0 0.666666666667
经济+增速 0.0 0.147065799153 0.375 0.796715145649 0.319317528467 0.299643516841 0.0 0.5 0.17945332949 0.4 0.030612244898 1.0 0.666666666667
欧洲+银行 2.0 0.251242512935 0.375 0.674341515192 0.610054507614 0.34153698075 0.046875 0.5 0.673202115013 0.2 0.0714285714286 1.0 0.666666666667
银行+管理局 2.0 0.203047590705 0.5 0.677815647603 0.586020662865 0.301747354497 0.015625 0.5 0.520793671859 0.2 0.0612244897959 1.0 0.666666666667
欧洲+药品 0.0 0.0967007297368 0.375 0.670296629067 0.500139781113 0.225513094256 0.0 0.5 0.364287159553 0.2 0.0510204081633 1.0 0.666666666667
药品+管理局 2.0 0.177630287429 0.5 0.677815647603 0.586020662865 0.329230946647 0.015625 0.5 0.233227490676 0.2 0.0612244897959 1.0 0.666666666667
德国+政局 0.0 0.132732559075 0.375 0.699533403545 0.0 0.299739813008 0.0 0.5 0.368735745627 0.4 0.0 1.0 0.666666666667
新浪+财经+股吧 0.0 0.110821922861 0.666666666667 0.236275573593 0.930518422448 0.040363296325 0.0 1.0 0.122669331258 0.2 0.5 0.0 1.0
脱+欧+谈判 3.0 0.242224967058 0.416666666667 0.306139962353 0.898053418609 0.328089628921 0.09375 1.0 0.264914076415 0.1 0.244897959184 1.0 0.0
FX168+财经+报社 0.0 0.0520686187172 0.625 0.79742063094 0.499837277283 0.0189428698577 0.0 1.0 0.0638983047904 0.4 0.0816326530612 1.0 0.666666666667
英国+首相+特雷莎·梅 3.0 0.157684617335 1.0 0.333884653091 0.847861665888 0.16646553886 0.0 1.0 0.593226786635 0.1 0.204081632653 0.0 1.0
欧盟+委员会+主席 2.0 0.105851074228 0.791666666667 0.347738460769 0.804467770297 0.161310590273 0.0 1.0 0.416759002755 0.2 0.15306122449 0.0 0.666666666667
委员会+主席+容克 2.0 0.0986537342215 0.791666666667 0.393485772881 0.75118585431 0.155079049855 0.0 1.0 0.0825531266273 0.2 0.132653061224 0.0 1.0
英国+与+欧盟 2.0 0.227699357645 0.541666666667 0.348929808004 0.86587182334 0.278842597057 0.078125 1.0 0.935536495751 0.1 0.316326530612 0.0 0.333333333333
首席+谈判+代表 2.0 0.098429703681 0.666666666667 0.480191846346 0.754119219279 0.16466579168 0.015625 1.0 0.274774146948 0.2 0.0816326530612 0.0 0.333333333333
爱尔兰+边界+问题 3.0 0.18467670194 0.791666666667 0.542127241935 0.744754348274 0.240438372246 0.0 1.0 0.342395082818 0.2 0.15306122449 0.0 1.0
欧盟+首席+谈判 0.0 0.0759610743251 0.666666666667 0.468943736593 0.721480578118 0.082520888913 0.015625 1.0 0.681337411721 0.2 0.0612244897959 0.0 0.333333333333
两+个+月 0.0 0.0759610743251 0.291666666667 0.922548097873 0.563389149819 0.221137969826 0.03125 1.0 0.0 0.4 0.0714285714286 0.0 0.333333333333
英镑+兑+美元 3.0 0.320190233706 0.541666666667 0.778378036178 0.680874578783 0.288533113516 0.03125 1.0 0.508913350306 0.2 0.15306122449 1.0 0.333333333333
英国+脱欧+谈判 3.0 0.217062669282 0.666666666667 0.315366023242 0.917251867653 0.353060490316 0.046875 1.0 1.0 0.2 0.224489795918 1.0 0.333333333333
问题+达成+协议 0.0 0.0752491611991 0.666666666667 0.420061108305 0.721668650454 0.162387575582 0.0 1.0 0.330293167638 0.2 0.0816326530612 0.0 0.666666666667
英国+和+欧盟 2.0 0.19461577983 0.541666666667 0.300393007497 0.889265074635 0.233073483301 0.046875 1.0 0.935536495751 0.2 0.244897959184 0.0 0.333333333333
欧洲+理事会+主席 2.0 0.0847243333031 0.791666666667 0.4114450806 0.814825319265 0.152105965921 0.0 1.0 0.290655459822 0.2 0.122448979592 0.0 1.0
理事会+主席+图斯克 0.0 0.0520686187172 0.916666666667 0.484444613757 0.7595195539 0.109756057483 0.0 1.0 0.0673436624574 0.4 0.0918367346939 0.0 1.0
英国+与+爱尔兰 3.0 0.167971331126 0.666666666667 0.576582692825 0.730399425757 0.196372256332 0.0 1.0 0.700724907249 0.2 0.0816326530612 0.0 0.666666666667
脱+欧+分手费 3.0 0.242224967058 0.541666666667 0.431355570673 0.828548822929 0.298778414551 0.171875 1.0 0.433814649567 0.2 0.244897959184 1.0 0.333333333333
爱尔兰+边境+问题 3.0 0.178532526791 0.791666666667 0.67984499892 0.650159155305 0.238847993105 0.015625 1.0 0.365184302306 0.4 0.0816326530612 0.0 1.0
英+欧+双方 2.0 0.233282760299 0.416666666667 0.577157110877 0.547590811915 0.192823457099 0.015625 1.0 0.179391031407 0.2 0.122448979592 1.0 0.333333333333
欧盟+要求+英国 0.0 0.0636588899579 0.666666666667 0.598108181224 0.617831548565 0.0912882726324 0.0 1.0 0.965904432879 0.2 0.0816326530612 0.0 0.333333333333
550亿+欧元+之间 0.0 0.063252422687 0.666666666667 0.800840302456 0.291594625411 0.0845742237826 0.015625 1.0 0.300167885105 0.4 0.0612244897959 0.0 0.666666666667
欧洲+银行+管理局 2.0 0.190338939066 0.791666666667 0.677815647603 0.586020662865 0.266339692964 0.015625 1.0 0.675750298318 0.2 0.0612244897959 1.0 1.0
欧洲+药品+管理局 2.0 0.0967007297368 0.791666666667 0.670296629067 0.500139781113 0.225513094256 0.0 1.0 0.511679485319 0.2 0.0510204081633 1.0 1.0
