城市 86.3828943515 6 0.755167223959 75.5461523149 7.93093300424 2 1
2016年 53.40033469 7 0.700905405545 80.5618335053 8.20692303114 0 1
明确 46.3295864924 6 0.674909105413 79.2129191169 6.74422020957 0 1
中心 86.7380888493 6 0.813034828718 77.0738886826 9.06398017828 2 1
独家 64.1486582203 6 0.836450817583 59.7277326869 6.70047057914 1 1
疾病 65.1181929088 6 0.754042318545 81.0343173639 9.15812997355 0 1
证券 57.6478563451 6 0.862192383492 57.8975851195 6.98350055073 0 1
国际 42.0677433434 6 0.731091007647 82.0844353981 8.30448706804 0 1
疫苗 24.8658768021 6 0.72500857706 81.7400401378 12.6086992173 108 1
国内 89.9525250781 6 0.692009250756 83.356786774 9.3574651136 2 1
疾控 74.7578417879 6 0.845783693269 74.1070028898 8.50834777152 1 1
之前 42.9091627265 6 0.849435587433 71.3782471051 7.34968753183 0 1
成人 61.257958804 6 0.757389303552 76.6481557291 5.95551594207 1 1
已经 74.3781384905 6 0.792934061107 79.7293779606 9.97015164891 0 1
8月 50.307294231 4 0.811751692738 76.6207644511 7.39848871594 0 1
美年 87.1783062045 6 0.952852630354 37.8870068264 6.53637607528 3 1
减少 44.8434677326 6 0.880996978667 66.4677869699 5.63066518907 0 1
主任 60.8035492218 6 0.897268704534 69.9110678098 7.03207599323 0 1
阿里 55.3050391564 6 0.684462581402 73.5645118871 5.89398259745 0 1
取得 50.0177140094 6 0.696040714092 77.9409717944 6.34366035397 1 1
默沙 82.8590728511 6 0.755106842205 74.8043606582 5.28805914972 1 1
目前 51.8919161247 6 0.734226292213 82.6226996914 10.4944953092 0 1
妇科 45.1084015172 6 0.794413423943 77.4805867215 6.12694968405 0 1
群体 51.2542789845 6 0.802700228558 76.1195913101 5.14934838315 0 1
包括 55.9306477687 6 0.723502684142 82.1240812428 8.97488703571 0 1
定期 47.1247691757 6 0.872097652097 73.0705868925 5.74727784157 1 1
男性 96.8270961741 6 0.868390203726 72.0998506509 7.90144234487 1 1
人员 80.1858227753 6 0.744336951569 75.3865607042 7.71035399684 0 1
推荐 56.6155195957 6 0.812430273286 76.1918012725 7.31583424763 0 1
成为 50.83178657 6 0.744326572095 80.8731200132 8.2796090695 0 1
生物 275.826941433 6 0.775276645285 70.165514492 9.95656470763 19 1
发病 59.2818956168 6 0.906506468045 67.91634953 6.92273107215 0 1
风险 56.319846088 6 0.788233015828 77.0369184655 7.31899412541 1 1
年轻 53.3979688407 6 0.870931822309 71.4084851523 6.61063176838 1 1
妇女 58.801289968 6 0.860153493427 72.8930821617 7.49475742322 0 1
批准 56.3908883489 6 0.733575788305 79.491801066 7.81285381414 1 1
发展 55.8497876789 6 0.668268124795 80.3865936422 7.37394204404 0 1
进行 66.1099870418 6 0.757614382526 81.5299287494 10.2710100496 0 1
财经 59.0141363066 6 0.755460254247 63.6494844425 3.59135537429 0 1
筛查 98.0498441849 6 0.891077501113 72.3652368909 8.75061454293 1 1
进口 84.1354866868 6 0.724217431926 78.502990101 6.22229622802 3 1
基因型 88.0839421369 9 0.892322824856 56.8724647935 5.78357037897 0 1
有效 55.8960039085 6 0.777138443744 80.8191046442 8.04709031499 0 1
希瑞适 78.7073907715 9 0.773642549983 79.1366227634 7.82429436254 0 1
在线 57.5157744104 6 0.815891255236 69.4928706856 6.16530485661 1 1
社区 110.910519766 6 0.836465513972 74.5856917606 7.31080819107 2 1
性生活 59.6827270065 9 0.885429586962 69.600331087 6.71812084227 0 1
年龄段 44.6798301431 9 0.792552411412 78.3374887747 6.96692509414 0 1
增加 52.923935174 6 0.72582977663 80.7201094992 6.36289682676 0 1
接受 50.2973340273 6 0.835174851922 75.6280581398 7.38221700448 0 1
基础 47.2453324942 6 0.724315782502 82.3007899416 5.44363890729 0 1
显示 62.0593195568 6 0.745690525245 81.9040639034 7.42606639488 0 1
湖南省 62.4384564439 9 0.852565576387 60.6991052512 6.85342384267 0 1
医学 51.490898525 6 0.79018747553 75.852001062 7.32799929291 0 1
协议 80.096953261 6 0.872797134311 58.3175856625 6.55329573766 1 1
中标 54.7461731337 6 0.728402425872 72.135957162 6.99679159035 0 1
工作 87.3656265651 6 0.687538409494 79.6088182139 9.16713719257 1 1
乳头瘤 46.4276594368 9 0.741675619056 81.0801405174 4.67042019305 1 1
年龄 80.8458027071 6 0.878125223925 74.8292911588 8.44281360142 0 1
医院 98.0340649256 6 0.836426789574 74.898673517 9.89508320351 3 1
企业 59.9173650016 6 0.723738265753 73.2417182027 8.06656972021 0 1
讨论 37.4347406056 6 0.742365849963 66.9097102839 0.776829496414 0 1
昨日 53.2553466763 6 0.915649564992 60.6189057622 7.25417622837 2 1
持续 54.8668102854 6 0.769612055919 78.4507644635 6.89023234008 0 1
新发 56.729196986 6 0.81096970979 76.9812609947 4.83601874833 0 1
6月 41.8873407592 4 0.833750067816 76.9248062718 5.0913621009 0 1
达到 48.6651627873 6 0.795717381421 79.4037987331 7.15543226625 0 1
进展 55.1324907433 6 0.712212749888 76.9072171018 6.26654465238 0 1
宫颈癌 140.126797876 9 0.762706267844 81.1142110058 11.7984842119 70 1
陆续 58.7930395802 6 0.719568250776 79.4688500722 7.31145960689 3 1
了解 56.7134753817 6 0.815548939175 79.1411337891 7.17583596306 4 1
用于 47.246419968 6 0.732438913858 80.461454211 5.85444190468 0 1
护士 116.237741606 6 0.791897458329 53.8617034634 8.02125700955 0 1
亚型 84.7817964281 6 0.857514441045 74.7671482326 7.07568675344 0 1
需求 55.1653882866 6 0.763942459281 80.4254103866 7.51221443977 0 1
种类 44.8434677326 6 0.86949371237 71.6131046999 4.57017476342 0 1
消息 46.0760748351 6 0.805164584623 78.6764538274 7.55386649931 3 1
18型 60.2970523133 5 0.836946278609 76.9837204957 5.86532378911 0 1
不良 68.9899503578 6 0.847014398306 71.7031176325 6.44235035612 0 1
主要 60.4127886416 6 0.799273482958 78.8188183992 8.49845044152 0 1
重庆 62.6000655549 6 0.695911151428 76.5261553479 7.20711580806 2 1
影响 46.9622590553 6 0.659919884047 82.005066266 7.36492742106 0 1
湿疣 50.1204461302 6 0.868157442788 74.4314083647 6.01806294329 0 1
发现 57.4692307021 6 0.836459689886 75.0451735784 8.04559338086 0 1
至少 49.893400838 6 0.806106913796 76.0790208487 6.40521705018 0 1
大陆 87.9621867062 6 0.709341134326 71.0205302618 5.78040204986 1 1
肿瘤 59.6459882775 6 0.900631948353 71.5412750466 7.99486915344 0 1
广州 73.8061617377 6 0.78586158621 74.166809393 8.1677472833 4 1
地区 53.4126179479 6 0.73855721523 82.1585339255 8.08550271635 1 1
专家 71.8432963733 6 0.833295303147 75.3668150762 8.46449863736 1 1
5月 36.3023619913 4 0.704939921576 77.8885812355 5.91185158171 0 1
药品 93.3095316761 6 0.675893145577 78.8983256374 6.75153031548 2 1
选择 47.2453324942 6 0.709672523714 81.8472633581 8.24561739177 0 1
平台 65.5353567298 6 0.690971184511 79.1091176427 8.20973028882 0 1
四价 87.3495175915 6 0.733472536684 82.0190797506 8.58353828426 10 1
程序 57.0343084063 6 0.809245733966 78.7877912624 6.76535329296 0 1
宫颈 73.2792948563 6 0.877630470739 73.2110050808 8.78113132631 3 1
病毒 61.0430517129 6 0.732052186525 82.0784510935 9.34797234513 2 1
配送 48.4497645926 6 0.804445426223 75.6515533758 6.99496139893 1 1
控制 58.6422770629 6 0.79234945705 77.7851282971 5.48849555718 0 1
中国 82.4906868282 6 0.71735970811 82.0621363197 10.2127937687 4 1
监督 44.5476793196 6 0.717591596433 77.2638918088 2.32225274888 0 1
正式 59.7724131468 6 0.691047528923 80.2781596839 7.57122308808 2 1
病例 77.3236005232 6 0.821569617074 78.2431602662 6.52945355903 0 1
相关 62.5265849308 6 0.726341147242 82.1123515953 10.0707730197 0 1
云南 69.1063154812 6 0.73759932215 71.4475784508 6.04392540164 3 1
市场 152.131361931 6 0.709269642726 76.6381175103 10.2846784638 10 1
表示 85.5858809411 6 0.707807553682 82.7493034867 9.33896498885 0 1
覆盖 70.4726161886 6 0.783020224508 79.8421532843 7.93994534884 0 1
项目 57.4047924626 6 0.703169681111 77.0189323976 7.42777225453 0 1
对象 49.893400838 6 0.812954652996 75.2393117167 5.13070529628 0 1
注意 46.0760748351 6 0.821796143347 77.2311330322 7.45165199304 3 1
问题 54.4535429869 6 0.805454505986 76.776404008 8.27272507418 1 1
9价 57.4047924626 4 0.739873870401 79.843893203 6.59328479012 1 1
股吧 35.9216481866 6 0.755460254247 63.6494844425 -0.0 0 1
市民 87.206912325 6 0.847183925239 73.9294143574 10.1211121579 4 1
计划 46.8166796657 6 0.762966929981 80.5561810531 7.65533190595 0 1
机构 60.6870479385 6 0.732967072617 79.4317623582 8.0563573285 1 1
获得 57.7696883896 6 0.659840597984 81.8345429113 7.42047753622 4 1
接种 106.445738635 6 0.75189080895 81.1234355348 12.6725074882 47 1
进入 69.9284335577 6 0.679564054807 80.0086565983 8.43622995345 3 1
情况 48.8602673408 6 0.75912044655 79.8496091712 7.69995546446 0 1
二价 106.362783032 6 0.828614575638 77.6281358088 8.4728860591 1 1
马丁 119.993133438 6 1.0 -0.0 6.9201126156 1 1
健康 106.331235203 6 0.770796042569 79.4601870755 9.96670993001 3 1
参与 37.4836728414 6 0.828763027409 75.2746738969 4.87531560907 0 1
9-25 58.0484806368 4 0.833391887098 73.4398540114 4.31203785195 3 1
降低 49.4015796807 6 0.823693990067 72.9790303726 6.53826844534 0 1
需要 80.0998778674 6 0.823443363569 77.3677945864 9.43373180803 0 1
数据 51.9698657437 6 0.764967244349 81.1383212121 7.36815805262 0 1
死亡 39.5785095251 6 0.816759389306 76.111193774 4.50736119204 0 1
高发 43.1120005948 6 0.784196859696 78.2286806152 4.78757945416 0 1
门诊 90.4125273413 6 0.82519023076 76.8996085128 8.82845076474 3 1
签发 100.419774433 6 0.716626255033 72.8530808167 6.98786084496 2 1
HPV6 53.4398120285 4 0.871040479563 70.8425500183 4.7111947169 0 1
第一 68.2730502628 6 0.759664905218 81.0432494739 9.27194661181 1 1
第三 54.2809591528 6 0.737873562536 79.8111536069 7.29731826866 0 1
怀孕 65.1035572401 6 0.880791651433 70.927189627 6.65427133027 0 1
免疫 69.7070638173 6 0.839990476791 76.1972492005 9.32916821221 0 1
范围 46.9817441257 6 0.773446625497 78.4126302218 7.15250579183 0 1
有望 58.4738538186 6 0.70668551538 76.5521911389 8.23321750577 1 1
招投标 68.1668437457 9 0.852255745439 52.3645024072 5.42303719362 0 1
超过 60.2521562518 6 0.773100036197 79.8901616021 7.99196825957 0 1
新浪 36.615132683 6 0.724271777859 68.9168994031 1.36917838894 0 1
治疗 65.1035572401 6 0.868149504976 72.3435791721 8.83344636676 0 1
内地 68.2857770854 6 0.782740186711 78.5438088488 7.29707838029 0 1
安全性 49.893400838 9 0.793173122448 73.5285110138 7.03601659935 0 1
东四 67.1861483657 6 0.759158323767 74.4935450255 2.60341704506 1 1
佳达修 51.5908902488 9 0.771874465301 78.2807631585 5.57539707868 1 1
病变 81.4981985526 6 0.837251493668 76.8928957567 7.6187013832 0 1
新闻 40.4847060822 6 0.794099433261 77.2130521896 7.23143658394 0 1
有限公司 59.454963622 12 0.734322981419 69.1130348121 5.72197175199 0 1
行为 57.2121094722 6 0.858549329484 69.8196277287 7.09389451184 0 1
发生 57.2460323709 6 0.839866681598 74.5667766902 7.30078964427 0 1
介绍 76.2131994558 6 0.808047760143 78.4939542067 8.20451431814 0 1
检测 62.8310111388 6 0.850830835911 75.3531214774 8.14272302618 0 1
世界 55.5132656807 6 0.795259684948 78.4741930837 6.48168128285 0 1
价格 64.0440300861 6 0.802088811083 78.7692445248 8.37759203755 2 1
存在 49.893400838 6 0.725452183779 79.5688335753 7.66290340397 0 1
是否 50.2945760949 6 0.891765313605 72.1854450849 7.60946277358 0 1
效果 62.8239231647 6 0.87461084976 73.0642111048 6.72735280537 0 1
保护 88.1895593702 6 0.838117512105 76.5482354212 8.18192577631 0 1
获悉 44.6798301431 6 0.693420366117 75.3220666188 7.09076755509 0 1
临床 95.3795209817 6 0.805093742044 79.519435096 8.9886704006 1 1
北京 64.8403907351 6 0.65537440259 78.2687762292 7.9461737069 2 1
行业 79.9566752158 6 0.808079652016 62.4002307334 8.15527155948 0 1
预约 117.841015358 6 0.823566648435 76.7709623278 9.82259981514 9 1
今天 48.1114936652 6 0.836538040134 68.7394761391 8.00963770218 2 1
生活 56.8031722809 6 0.853387874605 71.459022349 8.03379304928 0 1
上市 62.2207311672 6 0.729490858178 82.3464180433 10.3296524119 14 1
引发 40.8355500571 6 0.838057756859 76.1051167577 4.86515194971 0 1
沃森 76.2307482856 6 0.811934115885 57.9729947474 6.90652370723 1 1
我国 62.9271190296 6 0.759801818731 81.0476237364 8.32273421439 0 1
每年 45.8684153283 6 0.843751893176 75.6383309279 5.72736676359 0 1
供应 57.7054257356 6 0.734610266594 79.051804427 6.86896185864 1 1
今年 55.7656510538 6 0.730078008002 82.2917646385 8.62507126825 0 1
咨询 72.3184741741 6 0.820937109934 77.2799533392 8.86400615843 0 1
葛兰素史克 50.2591385318 15 0.723209809209 76.1033885056 6.38943682369 0 1
公告 55.1324907433 6 0.810044080345 60.287077142 6.74358612704 0 1
左右 52.923935174 6 0.799028090224 76.7227654658 7.48769047198 2 1
食品 51.8204237852 6 0.73772263244 74.8221165462 3.74509752189 0 1
时间 74.9673456829 6 0.824431218611 76.7905125385 9.96123205171 0 1
引起 82.2621574094 6 0.807378187312 79.73789542 7.73042598609 0 1
美国 53.2665468328 6 0.689575026354 79.9173082257 8.05457482188 0 1
研究 81.6587457424 6 0.79576183863 78.0127615436 8.60147550682 0 1
预计 59.4829646763 6 0.729047876918 81.2929722396 9.43310341712 4 1
常见 43.6034561625 6 0.80255732671 78.7280099416 5.94655867989 0 1
2017年 59.4390444758 7 0.681293917275 77.7600583388 7.84540787336 0 1
医疗 81.0713989625 6 0.728787757054 75.3442622337 8.62606197922 1 1
评论 36.8529377394 6 0.867196629425 71.9501819543 4.57629688508 0 1
下午 48.8276679301 6 0.806931294847 76.0316440585 7.33495372296 0 1
智飞 229.337052421 6 0.792769226169 66.0090587121 8.54922739395 16 1
管理 55.1919602862 6 0.695635771747 79.7432895092 5.73144018914 0 1
销售 125.053149732 6 0.702847204074 77.3649745455 9.23587354702 1 1
9月 50.2010355419 4 0.71706614049 74.7791109409 6.90448180688 0 1
医生 59.454963622 6 0.847491659413 72.8730419886 8.54454275063 0 1
明年 50.2010355419 6 0.81606712096 73.7787040909 6.78416713512 3 1
记者 80.8384972148 6 0.748945342277 80.680171143 10.7728598487 1 1
预防 60.4594223182 6 0.752184219877 81.4929878262 11.0232643128 1 1
体检 75.1420651102 6 0.840529907832 55.5141579282 7.3623109185 0 1
全球 67.2669203419 6 0.732914513854 82.7926006679 8.4962495351 0 1
湖南 66.3311446057 6 0.82621735444 69.3562821089 7.61160214527 7 1
上午 55.0592002718 6 0.914191939447 64.0686401381 6.92386911342 0 1
国家 78.9705808702 6 0.721960899511 83.2431767912 9.2936828793 0 1
发布 45.5473442944 6 0.708400984817 82.19970024 7.25273324056 0 1
试验 60.3662065631 6 0.772678101473 77.1203267413 6.53518094148 1 1
发病率 53.6564615348 9 0.870337471936 72.153072622 6.04785083483 0 1
全国 58.2683104886 6 0.716046104685 80.371993656 7.89374232789 1 1
年底 48.1114936652 6 0.762210655888 79.4081608582 5.7177368797 5 1
上海 98.0048945032 6 0.68412883492 80.1989877349 8.73949110818 6 1
准备 39.9499101246 6 0.686199029051 76.5238004035 6.6661114794 1 1
默沙东 102.031734741 9 0.723987349986 75.971768252 8.19251143146 0 1
采购 86.0230234261 6 0.698420438759 79.1133711672 9.46603290809 1 1
严重 48.6651627873 6 0.843849902374 72.4750139583 6.06914434463 0 1
香港 63.3256152402 6 0.870737313609 70.0725556441 7.93709758501 2 1
适合 46.18497624 6 0.874666729271 71.6100782068 7.08596196938 2 1
女性 88.1317920393 6 0.770782059011 81.211960655 10.6886267663 7 1
产品 132.317621735 6 0.727135624602 75.5323198527 9.12622982169 1 1
认为 50.2591385318 6 0.763045779353 79.8615946128 7.83304408819 0 1
出现 51.6753080108 6 0.820786244647 75.4802298474 7.84961944583 0 1
100% 43.9767462153 4 0.795893166691 77.1521797223 5.57448390744 0 1
代理 90.2168030344 6 0.843931619715 63.2892572594 6.96844850845 4 1
适用 57.4129757857 6 0.84355937237 77.6371908083 6.30886989232 0 1
癌症 69.5273903281 6 0.789580089978 80.7404658885 8.38869788691 0 1
人群 73.7721083372 6 0.785084603015 79.1591078941 9.43770986221 0 1
11月 81.7938285166 5 0.759093899163 78.5735254535 9.11379231783 5 1
推广 64.4886128111 6 0.8189339382 66.2865131093 5.80829486053 0 1
HPV16 66.4143595257 5 0.872010403653 73.659000819 5.82174634443 0 1
省份 47.9058266596 6 0.762212280955 70.3951236846 5.82714895059 0 1
公司 207.879462975 6 0.713971945468 77.1084336176 10.5605956069 1 1
完成 49.7745854432 6 0.763305729136 80.6515777677 9.32486432392 3 1
感染 200.363670489 6 0.839319642512 77.3930064345 10.2601929556 1 1
高危型 60.3568008327 9 0.81149233909 77.5484618079 6.66531619793 0 1
生产 52.1986948127 6 0.680340082547 75.6830575645 5.90241878038 0 1
单位 40.4847060822 6 0.758535539921 79.1081451424 6.73466778687 0 1
必要 51.8186541584 6 0.910367313098 68.7070069641 6.4710010303 0 1
关注 48.5569254072 6 0.745267048442 81.0559714824 8.24155916932 0 1
系统 42.4061481362 6 0.77297776899 74.719162838 5.77803264311 0 1
使用 53.150999056 6 0.783454967476 79.6664840291 8.77887348137 0 1
20-45 50.2973340273 5 0.797741720906 76.3822411453 5.17415085707 3 1
反应 80.0644147504 6 0.806754861858 76.1473489685 7.67356709357 0 1
恶性肿瘤 64.8979504872 12 0.81587406991 77.9146786115 6.43445898333 0 1
卫生 88.9662995289 6 0.769725683248 79.7683159545 7.78640081803 0 1
告诉 49.893400838 6 0.806621429485 76.1327174505 6.1551435519 0 1
提供 54.6265410831 6 0.704637240302 80.9310641077 7.88166290152 0 1
导致 72.3738318376 6 0.834388561296 75.4119179157 7.78782387126 0 1
建议 77.2252142121 6 0.831197545646 75.764380393 8.65277505028 1 1
服务 109.796879654 6 0.757394994943 79.9740610722 8.6570047111 0 1
上门 164.722880124 6 0.836854101752 26.3395928613 8.16047734198 1 1
研发 75.1806691954 6 0.713210628119 74.4940615493 8.94316393124 0 1
九价 67.8136922285 6 0.849824997013 76.4271558461 6.42248871928 0 1
作用 46.1388152799 6 0.854121386539 73.9324154902 6.64705317698 0 1
组织 56.6155195957 6 0.725230953596 81.1605947124 6.41565247406 0 1
注射 95.3992473987 6 0.839692263017 76.3044040247 9.64960947832 3 1
阶段 51.2542789845 6 0.680292549736 79.5016585376 6.86701123515 1 1
之后 48.6651627873 6 0.744543345886 81.0453671311 8.44707313992 0 1
HPV+疫苗 30.6157122002 10 0.721563601632 81.9621422003 7.86127292393 18 2
马丁+院士 55.3814462021 13 1.0 -0.0 3.26526185431 1 2
HPV+感染 84.7455543129 10 0.838479715716 78.2701835759 6.39745518704 1 2
宫颈癌+筛查 72.4112306846 16 0.888563145588 72.3546827334 5.06950233016 1 2
首+次 26.6921036779 7 0.863172413617 64.8669379338 3.84270828737 0 2
宫颈癌+发病 27.8924687268 16 0.934217451791 62.888491013 4.00764047737 0 2
中国+女性 28.7023962313 13 0.88926599629 71.0013301159 2.33807807279 0 2
高危型+HPV 50.2010355419 13 0.791388217056 77.9798466363 4.40746700064 0 2
HPV+病毒 86.5050088966 10 0.802937927545 79.5861398062 5.98297121062 0 2
进行+宫颈癌 27.6927802717 16 0.866337639793 73.1715011624 3.77873666307 0 2
接种+HPV 94.3950447945 10 0.863406081431 74.7964530001 4.80194293599 3 2
妇科+恶性肿瘤 26.5968553346 19 0.76150504219 68.4905627132 1.37104827722 0 2
数据+显示 30.7525673907 13 0.739682375227 77.682674273 2.90014481612 0 2
首+位 29.0147512741 7 0.836493065807 61.4586821734 3.20461536139 0 2
世界+卫生 47.246419968 13 0.755185884882 78.1059997947 2.69289625071 0 2
卫生+组织 47.3480416292 13 0.762929926725 78.032450183 3.42957936958 0 2
宫颈癌+新发 35.5691373701 16 0.785576063591 73.7310641282 2.21205914234 0 2
新发+病例 46.1749277793 13 0.81096970979 76.9812609947 3.59310248681 0 2
感染+HPV 51.7911276679 10 0.900175946929 68.2295583165 4.70346605112 0 2
导致+宫颈癌 34.3272656833 16 0.905658712334 69.6574404899 4.47485820439 0 2
型别+HPV 24.1789593951 10 0.864587054558 70.3032011426 2.64652265511 0 2
病毒+感染 38.1414063148 13 0.892659815898 70.1637872788 3.20960654811 0 2
免疫+系统 27.8924687268 13 0.902142054021 65.1523698602 3.25659261842 0 2
宫颈癌+前 43.9381730531 13 0.855961846556 70.6236773141 3.21666249354 0 2
前+病变 64.7755297315 10 0.817483589494 75.8363165901 4.51375893363 0 2
二价+HPV 51.1717196346 10 0.819894106266 77.8143044292 4.15022170855 0 2
预防+HPV16 30.06296051 12 0.929774697746 61.2581520194 2.56867071917 0 2
四价+HPV 70.8679987414 10 0.678704053671 78.6149610861 4.5856852297 5 2
九价+HPV 28.8239281726 10 0.786900294086 73.2717669056 2.80545006505 0 2
目前+国内 27.7504250862 13 0.72342693109 74.6551586099 1.98901977041 0 2
国内+上市 25.3567897516 13 0.751665378469 75.6744276136 2.47311325687 0 2
宫颈癌+疫苗 100.569156378 16 0.761404733991 81.1314408824 8.21248207342 67 2
女性+接种 37.2459295956 13 0.836665618199 78.5726994047 3.56391136563 0 2
宫颈癌+预防 27.6927802717 16 0.803043339866 67.8626029772 3.94236393543 0 2
需要+接种 37.9444726968 13 0.897885022881 67.329326643 4.3444416775 0 2
第一+批 34.0834218729 10 0.810522614043 72.1917209276 3.76109180869 0 2
疫苗+接种 66.4173461388 13 0.790824591619 79.6525204532 7.47789294919 3 2
9价+疫苗 36.703693619 11 0.91153924501 63.6157544646 4.12865704008 1 2
接种+疫苗 59.0601909587 13 0.817464536729 79.154730776 6.04369880707 1 2
医疗+机构 27.8924687268 13 0.728430908465 67.3537177193 4.39392625876 0 2
人群+中 24.3894776845 10 0.846057738793 72.1430635052 3.54628935869 0 2
我国+宫颈癌 28.7023962313 16 0.773968216793 74.8602609942 2.22106664595 0 2
25+岁 67.6966750399 6 0.872852974667 72.8961926403 3.94860430227 2 2
临床+研究 39.5212637445 13 0.798666460292 73.7506422094 4.39407974373 0 2
宫颈癌+发病率 28.8239281726 19 0.915038655287 60.1940732345 2.61948873778 0 2
首+批 75.0255260809 7 0.774550097984 80.7050125193 5.26863769007 11 2
四价+疫苗 91.0563934638 13 0.830070675592 78.2289399538 5.91441137848 5 2
二价宫颈癌+疫苗 34.3272656833 22 0.906120196907 69.3045169973 3.12834073766 1 2
价+宫颈癌 167.337207716 13 0.824460457372 78.0195654719 5.14601637038 19 2
佳达+修 38.6863350321 10 0.822296877078 74.0367057249 3.51333878687 0 2
接种+年龄 49.4015796807 13 0.917699195402 63.965327536 3.8612305549 0 2
年龄+范围 25.3567897516 13 0.842452284201 66.9168570187 2.94689473019 0 2
疾病+预防 55.4099133352 13 0.776338072844 77.5437145185 4.67387330933 0 2
预防+控制 54.6085340867 13 0.795384753542 76.278445989 4.57969420925 0 2
控制+中心 51.7911276679 13 0.857616847945 68.1240230197 4.36121807652 0 2
疫苗+已经 29.0147512741 13 0.730265984228 77.2238687751 4.30209839727 0 2
社区+卫生 103.028764766 13 0.830807568037 74.3873603085 5.36781769149 0 2
卫生+服务 103.815243886 13 0.830807568037 74.3873603085 5.05431273851 0 2
服务+中心 103.815243886 13 0.828190882809 74.4750614061 4.6065382321 0 2
第一+针 51.7869205319 10 0.858967512892 69.1701434909 4.30150641936 1 2
20-45+岁 50.307294231 9 0.799169813178 74.8908338526 4.08345417248 3 2
中心+免疫 33.1655723028 13 0.884355885281 67.2115065808 3.18065813205 0 2
乳头瘤+病毒 46.4276594368 16 0.741675619056 81.0801405174 3.8883259126 1 2
二类+疫苗 31.7429492158 13 0.760800362314 76.931194721 3.6107935304 0 2
区+县 35.4756039047 7 0.902975844992 67.2293630099 3.39158695964 0 2
疾控+中心 78.8554676289 13 0.853175055531 73.7524167013 6.68338266431 1 2
今年+5月 27.6648846212 11 0.688900813005 74.2610932933 2.54496869558 0 2
获+批 72.9041115815 7 0.740748805573 82.4726096387 5.30274493487 1 2
预防+宫颈癌 58.2874850444 16 0.884491790185 72.2660434114 4.9113611272 0 2
11月+13日 31.6170109956 11 0.724180513617 74.3556835692 3.53875050008 1 2
街道+社区 38.0351846274 13 0.917645214693 60.2810109091 3.40415018045 0 2
接种+程序 44.6798301431 13 0.847689224573 75.8262467701 3.38093855156 0 2
针+次 46.063294865 7 0.838932055098 73.8814915799 3.15242806781 2 2
适用+人群 25.5625664046 13 0.866701311763 69.1972123984 3.01048955877 0 2
广大+女性 25.3567897516 13 0.850683965596 63.945217302 1.82321479272 0 2
接种+门诊 67.2815744812 13 0.821857613024 76.7377156181 6.41431419436 1 2
工作+人员 55.6116066086 13 0.805873579541 67.3784301046 4.22555648334 0 2
严重+威胁 30.2924219373 13 0.874910735748 65.7766982308 1.29927817329 0 2
威胁+妇女 27.6648846212 13 0.867121295624 65.4017835048 0.436196288957 0 2
妇女+健康 27.6648846212 13 0.867121295624 65.4017835048 0.34145405235 0 2
常见+恶性肿瘤 31.7429492158 19 0.85467873243 70.2006653599 1.14131912677 0 2
女性+恶性肿瘤 27.7504250862 19 0.895411061013 65.9789655053 2.65200846422 0 2
恶性肿瘤+中 39.2019578013 16 0.889412788066 63.7031738804 2.70864202371 0 2
2015年+中国 31.0569715237 14 0.948688884524 45.974016252 1.73978589268 0 2
中国+癌症 24.3894776845 13 0.774016437491 69.339469666 1.14404161984 0 2
癌症+统计 24.3894776845 13 0.774016437491 69.339469666 1.49322519195 0 2
统计+报告 24.3894776845 13 0.774016437491 69.339469666 1.28198719871 0 2
中国+宫颈癌 23.1253542385 16 0.837073247826 70.9578410052 2.4368830929 0 2
高+达 31.4326472136 7 0.841526891253 64.6717899584 2.93305862216 0 2
9.89+万例 23.1253542385 11 0.773007276596 65.1018868841 0.555341482691 0 2
死亡+病例 30.2924219373 13 0.889692851151 68.4337624892 1.28023214154 0 2
女性+中 44.9151560016 10 0.808632842413 77.6697571981 3.54387303868 0 2
引发+宫颈癌 25.5625664046 16 0.909057284285 64.5130665022 3.01791635757 0 2
越+高 24.1789593951 7 0.909599939725 64.1682484339 0.829816833132 0 2
今年+8月 34.0834218729 11 0.827345862108 71.2273536619 2.16608493925 0 2
二价+疫苗 82.5281262708 13 0.869092437554 74.3275906358 5.63932633377 0 2
尖锐+湿疣 40.474063474 13 0.909722128969 68.3714724604 3.77588361724 0 2
9-25+岁 58.3520310893 8 0.839033439829 71.5955449041 3.14296889867 3 2
疫苗+获 32.77022642 10 0.705660729357 75.5018131515 3.71896684302 6 2
支+疫苗 30.0568260441 10 0.90028730213 59.4388629352 2.82234907287 0 2
注射+疫苗 38.1414063148 13 0.86717649953 73.3232971686 3.79778900405 0 2
省+疾控 42.3504157142 10 0.944542153158 57.9045582912 2.95408566235 0 2
告诉+记者 44.3445048809 13 0.831874421371 67.877151798 3.48805093615 0 2
接种+人群 47.4255164934 13 0.876275587323 70.5422388063 4.06238126923 0 2
20+岁 48.8602673408 6 0.875575169578 74.3918481083 3.51115066989 0 2
45+岁 64.8368743909 6 0.818819426424 78.5823386766 3.85693894232 5 2
股份+有限公司 33.2583786606 19 0.722962483428 69.8696280206 3.43659565134 0 2
元+左右 41.4973269317 10 0.928086488512 63.2176458242 3.05634677963 2 2
仅次于+乳腺癌 23.1253542385 19 0.922556512428 61.1750654427 0.528645910324 0 2
岁+女性 53.7583072936 10 0.798705979678 79.899639717 4.93856466608 5 2
高发+癌症 34.5531577406 13 0.776985825284 77.6349312991 1.630385849 0 2
女性+HPV 35.4995056523 10 0.948269099196 56.8402362437 1.60282526642 0 2
HPV+感染率 34.6997347812 13 0.950963465855 52.50592806 1.94411897545 0 2
24+岁 25.5625664046 6 0.884210163001 70.7196150722 2.21718460272 0 2
44+岁 36.3023619913 6 0.795807207082 77.7163019591 2.07407471557 0 2
九价+疫苗 62.6460810165 13 0.901898710826 70.2552293304 3.58582750981 0 2
女性+群体 37.0005667816 13 0.834601818368 72.4195687638 1.95617864848 0 2
病毒+引起 25.4378896623 13 0.822226802294 72.0821858109 2.31234043394 0 2
进入+中国 27.8924687268 13 0.752928728599 65.857265278 2.91521731069 1 2
中国+市场 41.9747400244 13 0.846324150296 62.9117038116 4.19536442079 1 2
生殖器+疣 34.6880313577 13 0.922540802872 65.2888601305 3.28082853013 0 2
期+临床 34.0834218729 10 0.754219962665 76.6300928216 3.11007254448 0 2
临床+试验 46.063294865 13 0.770646514553 76.994456354 4.61381603632 1 2
接种+前 27.6927802717 10 0.882706925239 65.0707827613 3.50189803009 0 2
定期+筛查 25.4378896623 13 0.927691037044 60.6201715464 2.29530891351 0 2
10+年 27.8924687268 6 0.916932354782 65.3061274579 3.89493192002 1 2
HPV+亚型 42.6042773411 10 0.922159530025 66.9490895649 4.27641680061 0 2
预防+作用 26.6067029285 13 0.921325276687 52.4721679188 1.38140965513 0 2
患+宫颈癌 29.6409478084 13 0.901665338368 65.7134553954 3.56293391347 0 2
智飞+生物 224.182403093 13 0.82291018283 62.0419082056 5.40743417674 16 2
疫苗+上市 45.5473442944 13 0.716291037925 80.2856843857 5.31778837795 4 2
默沙+东四 67.1861483657 13 0.759158323767 74.4935450255 1.74025161055 1 2
东四+价 67.1861483657 10 0.759158323767 74.4935450255 1.61894176343 1 2
价+HPV 106.88416452 7 0.684255191862 80.1133296197 4.75189212494 5 2
疫苗+市场 43.5221269111 13 0.883440108117 61.0011569562 4.61075397373 4 2
生物+表示 29.3613140456 13 0.900287075259 44.291376452 0.37030852802 0 2
疫苗+行业 46.2507084769 13 0.871148311038 52.4291042639 4.53235795875 0 2
全球+第一 26.6522250719 13 0.762403894136 66.202243851 2.31490406845 0 2
批+上市 49.893400838 10 0.755292075242 78.7972016867 3.56388205622 0 2
保护+效力 38.9532520282 13 0.807984727313 73.4113330921 3.47969053546 0 2
国内+获 45.1037655064 10 0.667663166406 77.1772779135 2.36828639656 0 2
完成+整个 37.6928291487 13 0.857389052385 66.3221873464 1.17783468783 0 2
整个+免疫 30.4281477019 13 0.827816528944 62.6344597228 0.522031885467 0 2
免疫+程序 34.8529097095 13 0.866795056837 67.9994062712 2.10446986436 0 2
需+接种 38.343849607 10 0.81050274475 67.1161455017 2.22255070724 0 2
生物+代理 26.6921036779 13 0.894513351744 51.6610421886 1.73161191709 2 2
疫苗+流通 33.8803325714 13 0.699346668024 66.7369977189 4.08520759015 0 2
预防+接种 70.5652468986 13 0.765434975463 77.7065561222 6.24506805565 1 2
病毒+疫苗 41.7670384419 13 0.725010886152 74.0109677195 2.20681734931 0 2
国内+市场 25.4378896623 13 0.829817099096 65.8290153853 2.97230919015 1 2
用于+预防 25.4378896623 13 0.731082259656 75.2518604337 2.89269803846 0 2
中国+内地 42.9091627265 13 0.745968417726 77.5183799079 4.21266995799 0 2
新浪+财经 35.9216481866 13 0.755460254247 63.6494844425 0.213322098194 0 2
财经+股吧 35.9216481866 13 0.755460254247 63.6494844425 -0.0 0 2
接种+宫颈癌 87.3532306672 16 0.897519027904 70.5039108163 4.97210391306 10 2
内地+首 33.8562362829 10 0.792564562927 74.0454899261 2.50851400408 0 2
葛兰素史克+公司 29.3613140456 22 0.765336394191 74.1622678526 3.55608101323 0 2
公司+生产 26.6522250719 13 0.743486006725 64.8558437024 1.84639018682 0 2
类+疫苗 37.0005667816 10 0.7275986002 72.9996665197 3.65564632943 1 2
疫苗+适用 36.850635892 13 0.897700476101 64.5832847981 2.77620637828 0 2
社区+接种 25.3567897516 13 0.839097066244 57.1218640199 1.56698804375 0 2
特+需 28.2336104761 7 0.840755073049 57.2376023774 1.76326674569 0 2
需+门诊 28.2336104761 10 0.840755073049 57.2376023774 1.63816613981 0 2
女性+朋友 30.7525673907 13 0.8977698721 63.9120600653 3.59930511154 0 2
接种+对象 47.1539366657 13 0.852946768067 66.5501946677 3.56012621579 0 2
应+定期 24.1789593951 10 0.908833301863 56.6187292518 2.42851074416 0 2
记者+了解 25.4378896623 13 0.804694302796 74.4497459078 1.2422704454 0 2
不良+反应 60.8035492218 13 0.840949501953 71.0421937953 4.48983459265 0 2
中心+预防 27.8924687268 13 0.887274788699 56.0460830403 2.89074052479 0 2
成人+预防 29.3613140456 13 0.796792352812 60.6185918439 1.61938509052 1 2
体检+中心 32.2882615572 13 0.952852630354 37.8870068264 3.56160136309 0 2
今年+7月 24.3894776845 11 0.744977487787 73.2017495693 1.3611109706 0 2
正式+上市 40.4910960672 13 0.696524599192 78.4706121434 4.19943179919 1 2
上市+销售 63.2309342057 13 0.727396465052 72.7122562084 4.46204333541 0 2
两+家 35.5170877129 7 0.907899159266 49.9253574511 4.03287749888 0 2
第一+财经 59.7806398789 13 0.815852735695 40.5972347237 3.06352711114 0 2
财经+记者 59.7806398789 13 0.815852735695 40.5972347237 2.69947495058 0 2
适龄+女性 29.0147512741 13 0.824068554472 73.2897603038 3.72735997468 0 2
女性+健康 29.8229941387 13 0.80777300968 74.4687761324 3.46983759519 0 2
阿里+健康 48.5632439008 13 0.711987657098 70.7176141036 3.96716476037 0 2
预防+医学会 27.7504250862 16 0.856747435489 70.5442247875 3.43854864945 0 2
年轻+女性 27.8924687268 13 0.856202722188 65.5288049076 2.91755494217 0 2
沃森+生物 77.4071006658 13 0.811296483881 59.6308782744 5.28447320972 1 2
进行+HPV 27.6927802717 10 0.881024446273 67.9733225289 2.63316179405 0 2
预约+接种 57.9149664124 13 0.872162515283 72.7898669368 5.33081447888 3 2
15+岁 28.7023962313 6 0.839579187435 73.9262584014 3.15994183966 0 2
前来+接种 33.8803325714 13 0.920890257289 57.7112374093 3.8886600168 0 2
疫苗+预防 27.7504250862 13 0.920437662567 61.4769441018 2.96111709104 0 2
市+疾控 47.1539366657 10 0.896260386316 63.144640156 3.00941442694 0 2
进行+接种 37.4200506285 13 0.875524221681 66.5832117742 3.50112509226 0 2
越+早 31.4326472136 7 0.910204488618 60.1183959055 3.18749729529 0 2
批+疫苗 42.3782312758 10 0.734618654804 76.1598221561 4.25889663433 2 2
预防+HPV 48.4497645926 10 0.782092330941 79.1141989241 3.57699071963 0 2
美年+健康 77.3631810198 13 0.968161639794 28.8870416227 4.88968078236 3 2
公告+称 27.8924687268 10 0.840554486825 55.7127214645 2.1602142224 0 2
疫苗+产品 39.6692214557 13 0.79470337429 66.2444141487 4.41720803021 0 2
接种+资质 29.0147512741 13 0.838149251785 61.6395430764 2.94482065448 0 2
疫苗+正式 30.2924219373 13 0.704471289364 74.8404051005 3.5077419367 0 2
接种+单位 33.1655723028 13 0.80466723194 76.3090676999 4.51333575963 0 2
社区+医院 42.7073658846 13 0.874771040149 65.0074465831 5.27951443708 2 2
家+社区 33.8505431531 10 0.783912318104 67.9997521264 2.15239978612 0 2
国家+食品 31.9532080058 13 0.727786210425 74.6686730898 2.57059424392 0 2
食品+药品 50.2010355419 13 0.73772263244 74.8221165462 3.38375071114 0 2
药品+监督 44.5476793196 13 0.717591596433 77.2638918088 2.38826732027 0 2
监督+管理 31.0411534166 13 0.713982958433 76.4839118735 1.32761364055 0 2
管理+总局 30.06296051 13 0.720502062688 74.2129625138 1.19773753777 0 2
批+签发 76.1645343841 10 0.714444623231 71.7280954413 5.2674907929 1 2
签发+合格证 33.8803325714 16 0.730776427391 69.9740984821 1.62760851579 1 2
宫颈癌+四价 37.368945149 16 0.866544928885 63.2294745095 2.67685859646 1 2
默沙+东 41.9555469463 10 0.787929913503 64.1061939124 3.31535926891 0 2
国内+首 30.06296051 10 0.769758671126 77.7481343647 2.81867520292 1 2
接种+服务 59.454963622 13 0.773685091093 66.2389646558 2.95660784072 0 2
11月+27日 36.0681912529 11 0.955040529464 44.0529290633 1.46151563206 1 2
疫苗+预计 28.2336104761 13 0.908467510637 56.015238698 2.96059153038 2 2
咨询+预约 26.6921036779 13 0.876041138921 51.6272257782 2.53354604448 0 2
建议+接种 33.5930741828 13 0.904039594487 62.3584604178 2.37788651277 0 2
生+完 25.4378896623 7 0.908861442184 57.8706692121 2.24012460663 0 2
年轻化+趋势 26.6522250719 16 0.870027298331 63.635858223 1.85635630865 0 2
宫颈癌+病例 38.6931676866 16 0.898716913834 71.9874873011 3.02665041105 0 2
HPV+型 45.1037655064 7 0.929363272092 63.2917612463 3.65136848166 0 2
低+危型 31.0411534166 10 0.929182091617 61.4450343883 3.43967389382 0 2
疫苗+价格 30.06296051 13 0.925835054625 62.0481452215 4.07775868926 1 2
药品+注册 26.6067029285 13 0.788572100145 64.0022247574 2.33488063286 0 2
注册+批件 26.6067029285 13 0.788572100145 64.0022247574 2.04824080767 0 2
进口+药品 51.3776428679 13 0.762636967791 65.7612233794 2.4738974176 2 2
药品+通关单 28.7023962313 16 0.754370683661 66.2196580321 1.00912494602 0 2
推荐+接种 32.8027385501 13 0.936060274238 64.2646840852 2.39226801865 0 2
剂+次 25.4378896623 7 0.917687368747 64.1830740556 1.67254962857 0 2
价+疫苗 48.813495081 10 0.801128286196 79.503273535 4.88953922711 2 2
妇幼+保健院 36.9030808688 16 0.894996639699 65.3706886963 4.47196287099 0 2
批+宫颈癌 28.2336104761 13 0.93931368807 57.2935318665 2.00887078931 2 2
香港+接种 33.8505431531 13 0.83130956304 63.7769606215 3.97692286851 1 2
接种+四价 26.6067029285 13 0.871005577788 68.2508414734 4.16982758911 0 2
有性+生活 26.5968553346 13 0.939367856888 59.2094249666 2.41498042422 0 2
未+感染 23.1253542385 10 0.882266092175 68.4720400342 2.58294425762 0 2
保护+效果 24.1789593951 13 0.857627188969 71.2023081946 2.3411153946 0 2
约+3.05万 23.1253542385 11 0.77899755804 68.5106950832 0.980280998478 0 2
持续+感染 37.5452005573 13 0.792102344472 75.3187289014 3.77292750321 0 2
疫苗+主要 30.06296051 13 0.82672142682 65.3494888937 3.7472745845 0 2
我国+女性 32.4201953676 13 0.838267803544 69.3571033428 2.79369574299 0 2
第三+针 25.3567897516 10 0.923408565766 59.5787508411 2.89364846499 0 2
目前+全球 23.1253542385 13 0.886793945186 65.9876833869 1.13086645988 0 2
疫苗+前 24.1789593951 10 0.927872286022 58.1240923793 1.71106322737 0 2
今年+年底 27.7504250862 13 0.821269475094 72.6080199876 2.64549396408 0 2
病例+约 32.3754959339 10 0.776356466935 67.410239674 1.61749638309 0 2
605+元 31.0569715237 7 0.901093591741 45.474434337 2.50340047634 2 2
中心+接种 30.06296051 13 0.87209240426 55.9738320048 2.40422833348 0 2
岁+以下 32.0305244134 10 0.926894607203 51.9597562354 3.30147238405 3 2
宫颈+癌癌 25.3567897516 13 0.924273475344 60.0239289456 1.48208694995 0 2
癌癌+前 25.3567897516 10 0.924273475344 60.0239289456 1.31146238053 0 2
有效+预防 24.1789593951 13 0.870591807021 68.7113288901 2.97678258633 0 2
再次+感染 26.5968553346 13 0.94057688954 58.9425745661 1.56831284924 0 2
接受+宫颈癌 24.3894776845 16 0.912451207548 65.8701012181 1.9763940459 0 2
酿酒+酵母 25.4378896623 13 0.777126093683 66.0375037442 1.46169718764 0 2
中国+大陆 74.3757423138 13 0.765589240426 63.2789050351 3.69095546793 1 2
效力+达到 29.3613140456 13 0.859979101758 64.2497974968 1.0656365038 0 2
需要+进行 25.3567897516 13 0.922353063271 55.6132642546 1.3610547612 0 2
HPV+检测 34.0834218729 10 0.913286850092 64.9090369438 3.05697909548 0 2
组织+推荐 24.3894776845 13 0.864052834637 61.7548612832 1.21252918925 0 2
已经+感染 25.4378896623 13 0.937196637665 60.6083183964 2.28046325598 0 2
超过+25 34.6880313577 9 0.903311213633 62.6261921073 2.27599747005 0 2
接种+时间 25.4378896623 13 0.897956228241 68.1978791765 3.14899676274 0 2
大陆+区域 37.0005667816 13 0.844398489542 47.5999962986 1.93145758081 0 2
相关+负责人 31.4326472136 16 0.738415811417 73.6367729085 3.878801358 0 2
云南+玛莉亚 50.7663256853 16 1.0 -0.0 3.12413985903 1 2
玛莉亚+医院 50.7663256853 16 1.0 -0.0 3.41031005108 1 2
免疫+规划科 25.3567897516 16 0.898038543783 55.9635025193 2.2931731045 0 2
接种+点 38.6931676866 10 0.795403107186 77.7132501081 4.54501839286 0 2
疫苗+覆盖 23.1253542385 13 0.863974094422 69.173847473 1.94846289222 0 2
乳头状+瘤 38.0351846274 13 0.879469406749 67.4897269046 2.76581794808 0 2
瘤+病毒 38.0351846274 10 0.879469406749 67.4897269046 2.63851511442 0 2
病毒+亚型 43.473390119 13 0.794811205257 75.4170847533 3.68300101935 0 2
免疫+接种 24.3894776845 13 0.856523004489 73.4177734433 2.72098496139 0 2
郑州市+金水区 35.5170877129 19 0.954773324887 31.9035307565 1.57485624588 1 2
9月+18日 24.1789593951 10 0.899447929175 45.7329774501 3.31406237705 0 2
正式+销售 24.3894776845 13 0.850257360566 48.9969480554 2.19333394808 0 2
上海+泽润 56.2641316508 13 0.852894866436 57.7045952439 4.47275366465 0 2
疫苗+在线 32.2882615572 13 0.951092753809 27.8822352258 1.29072083034 0 2
在线+预约 45.0852390661 13 0.94420451658 30.7919253983 2.80298230074 1 2
7月+31日 27.6927802717 10 0.798957013989 74.4682309161 1.45267528394 0 2
疫苗+获得 38.9532520282 13 0.797183255978 62.8929475324 3.62796597038 3 2
通关+备案 25.4378896623 13 0.884198499033 44.2457221531 1.34344217982 0 2
上市+许可 23.1253542385 13 0.799962005985 61.0853862165 1.60973420671 0 2
保护+作用 25.3567897516 13 0.9114858037 57.7837557131 3.37301876526 0 2
东+药厂 27.8924687268 10 0.861507373186 37.035960011 1.23272070253 0 2
年底+前 32.2882615572 10 0.840933868777 42.0391143931 1.52289249867 3 2
一线+城市 32.2882615572 13 0.785523558316 41.9015268404 3.05260758217 1 2
北青报+记者 43.1417066991 16 0.942710750968 32.5779174863 3.5100991536 0 2
广州+日报 28.2336104761 13 0.94197627307 56.0632078588 3.30399462027 0 2
签发+申请 25.4378896623 13 0.888825388329 44.36265662 0.539046703258 0 2
办理+批 24.1789593951 10 0.90876195795 41.2750213628 0.392799995995 0 2
药品+检验 24.1789593951 13 0.90876195795 41.2750213628 -0.0 0 2
上门+医疗 55.3814462021 13 1.0 -0.0 4.22107535402 1 2
护士+上门 47.0636800354 13 0.836854101752 26.3395928613 3.59984869157 0 2
提升+公司 30.0568260441 13 0.951525258993 29.4643955271 1.04219590669 0 2
高危型+HPV+病毒 31.4326472136 20 0.779227092945 69.7330361631 2.4350123966 0 3
接种+了+HPV 25.3567897516 14 0.934798030373 59.7623507023 1.28755032995 0 3
进行+宫颈癌+筛查 23.1253542385 23 0.882530132661 69.7299452563 2.45079890174 0 3
接种+HPV+疫苗 94.3950447945 17 0.863406081431 74.7964530001 4.80194293599 3 3
世界+卫生+组织 47.246419968 20 0.755185884882 78.1059997947 2.69289625071 0 3
宫颈癌+新发+病例 35.5691373701 23 0.785576063591 73.7310641282 2.21205914234 0 3
感染+HPV+病毒 27.8924687268 17 0.863098942062 66.4297025804 3.08081705003 0 3
感染+了+HPV 47.4255164934 14 0.930532775906 62.8916861052 2.9984913455 0 3
HPV+病毒+感染 25.4378896623 17 0.909557371042 69.1202493619 2.21566124974 0 3
宫颈癌+前+病变 43.9381730531 20 0.855961846556 70.6236773141 3.21666249354 0 3
二价+HPV+疫苗 49.2189700365 17 0.8232776745 77.1491937159 3.93585451609 0 3
HPV16+和+HPV18 29.8229941387 15 0.887887764953 67.9935501411 2.24018047909 0 3
四价+HPV+疫苗 69.1936187052 17 0.676941571088 78.1519697082 4.34295998137 5 3
九价+HPV+疫苗 28.8239281726 17 0.786900294086 73.2717669056 2.80545006505 0 3
死+于+宫颈癌 24.3894776845 17 0.934855944368 61.0977691188 1.74567088119 0 3
接种+了+宫颈癌 24.1789593951 20 0.931878680455 60.4255194272 1.30069218157 0 3
疫苗+在+国内 32.3754959339 17 0.692261478827 74.9918608546 2.97755522116 0 3
价+宫颈癌+疫苗 165.931012693 20 0.824460457372 78.0195654719 5.11168946843 19 3
疫苗+的+接种 38.1019515871 17 0.852893434299 74.1498236438 3.81881669178 0 3
疾病+预防+控制 53.40033469 20 0.802507221961 74.272466701 3.64489112623 0 3
预防+控制+中心 48.4497645926 20 0.857616847945 68.1240230197 3.80349214278 0 3
社区+卫生+服务 102.242285646 20 0.830807568037 74.3873603085 5.34006334313 0 3
卫生+服务+中心 105.908001546 20 0.82957188018 74.4770536318 5.03116891628 0 3
岁+的+女性 56.247800913 14 0.85590826292 74.9446266256 3.32737792317 0 3
街道+社区+卫生 38.0351846274 20 0.917645214693 60.2810109091 3.40415018045 0 3
接种+四+价 30.06296051 14 0.930468117426 63.19018502 2.97254135083 4 3
接种+3+针 32.8027385501 12 0.852751242248 62.1194106656 1.82908593445 1 3
严重+威胁+妇女 27.6648846212 20 0.867121295624 65.4017835048 0.813204478902 0 3
威胁+妇女+健康 27.6648846212 20 0.867121295624 65.4017835048 0.436196288957 0 3
健康+的+常见 31.3230405082 17 0.868401646439 66.5345069197 0.566737308644 0 3
中国+癌症+统计 24.3894776845 20 0.774016437491 69.339469666 1.14404161984 0 3
癌症+统计+报告 24.3894776845 20 0.774016437491 69.339469666 1.49322519195 0 3
疫苗+可+预防 26.6522250719 17 0.917026785777 63.2449353709 2.52703540655 0 3
宫颈癌+疫苗+获 25.5625664046 20 0.757573425579 73.1376887112 1.92741504664 3 3
疫苗+获+批 26.6067029285 14 0.754898697214 74.205641981 2.06883431213 0 3
省+疾控+中心 39.5270546666 17 0.944542153158 57.9045582912 2.80371653305 0 3
疾控+中心+免疫 31.6170109956 20 0.888982834134 66.7644250619 2.16579753296 0 3
岁+女性+中 35.2826234493 14 0.800185269193 77.311006821 2.39758662557 0 3
女性+HPV+感染率 34.6997347812 20 0.950963465855 52.50592806 1.4151662631 0 3
价+和+九价 29.8229941387 14 0.911582618272 69.5244023404 0.393135854686 0 3
引起+的+宫颈癌 48.7704980315 20 0.833349108812 75.8593218542 3.57490068163 0 3
70%+的+宫颈癌 25.5625664046 17 0.86275882639 73.4654043729 2.13690760385 0 3
两+种+病毒 25.4378896623 14 0.825993157525 70.1769335514 1.98416579819 0 3
11+、+16 29.8229941387 9 0.788211427298 77.5387269405 0.314908838364 0 3
适用+于+20 30.5131250518 13 0.879500983498 66.7424661028 1.79310068797 0 3
HPV6+和+HPV11 30.06296051 14 0.936446851851 55.1985922415 2.13881596355 0 3
16+、+18 38.9532520282 9 0.799273679732 75.6862276682 1.91982051447 0 3
31+、+33 25.5625664046 9 0.90623230408 69.337397844 1.26200224245 0 3
宫颈癌+的+风险 34.3272656833 20 0.912117525335 61.6601774089 2.43682335125 0 3
默沙+东四+价 67.1861483657 17 0.759158323767 74.4935450255 1.74025161055 1 3
价+HPV+疫苗 104.892534125 14 0.684255191862 80.1133296197 4.66761207394 5 3
智飞+生物+表示 28.2336104761 20 0.922361516042 37.2643877872 0.345387763949 0 3
东四+价+HPV 57.8133855962 14 0.788308680577 68.6944248844 1.26061885492 0 3
云南+、+重庆 31.6170109956 17 0.828147604105 57.263395287 0.483162730947 0 3
直辖市+）+中标 26.5968553346 20 0.907018069734 44.1468776783 0.152318048675 0 3
获+批+上市 46.3295864924 14 0.755292075242 78.7972016867 3.75000396353 0 3
国内+获+批 45.1037655064 14 0.667663166406 77.1772779135 2.36828639656 0 3
45+岁+女性 32.4201953676 13 0.837014296978 75.2850289267 2.39205210149 1 3
完成+整个+免疫 30.4281477019 20 0.827816528944 62.6344597228 0.310613331224 0 3
整个+免疫+程序 30.4281477019 20 0.827816528944 62.6344597228 0.522031885467 0 3
接种+三+针 36.2136357399 14 0.830308331587 70.7120956688 2.1336344617 0 3
智飞+生物+代理 26.6921036779 20 0.894513351744 51.6610421886 1.25262859541 2 3
进入+【+新浪 35.9216481866 17 0.755460254247 63.6494844425 0.749504388118 0 3
新浪+财经+股吧 35.9216481866 20 0.755460254247 63.6494844425 0.213322098194 0 3
股吧+】+讨论 35.9216481866 17 0.755460254247 63.6494844425 -0.0 0 3
接种+宫颈癌+疫苗 86.2038460531 23 0.897519027904 70.5039108163 4.9116684212 10 3
中国+内地+首 27.6648846212 17 0.769913854283 73.3495071316 1.78149049889 0 3
特+需+门诊 28.2336104761 14 0.840755073049 57.2376023774 1.76326674569 0 3
20-45+岁+女性 25.5625664046 16 0.783333289293 68.8675855961 2.21430037484 1 3
预防+接种+门诊 43.1187189736 20 0.798868265643 74.7705918104 4.00624803871 1 3
成人+预防+接种 29.3613140456 20 0.796792352812 60.6185918439 1.61938509052 1 3
第一+财经+记者 59.7806398789 20 0.815852735695 40.5972347237 3.06352711114 0 3
河南+、+云南 31.6170109956 17 0.828267250023 56.7858514127 1.10385829051 0 3
宫颈癌+疫苗+接种 36.850635892 23 0.821256355654 74.1725066587 4.31453953711 2 3
44+岁+女性 32.3877648657 13 0.772137715185 76.5923465553 1.36007171026 0 3
市+疾控+中心 46.5617301249 17 0.894777320567 61.9085448408 2.76202440294 0 3
预防+HPV+感染 33.5930741828 17 0.771859024638 76.0253071856 2.17159184406 0 3
HPV+疫苗+接种 28.7023962313 17 0.771984881551 75.4165317811 3.75360367509 1 3
家+社区+卫生 31.4326472136 17 0.783912318104 67.9997521264 1.68135736564 0 3
国家+食品+药品 29.8229941387 20 0.727786210425 74.6686730898 2.10800167121 0 3
食品+药品+监督 44.2207630704 20 0.728052195078 75.5577387777 2.64756039206 0 3
药品+监督+管理 31.0411534166 20 0.713982958433 76.4839118735 1.20743298572 0 3
监督+管理+总局 30.06296051 20 0.720502062688 74.2129625138 0.97701520748 0 3
批+签发+合格证 33.8803325714 20 0.730776427391 69.9740984821 1.89244633499 1 3
接种+该+疫苗 46.5617301249 17 0.881842835033 68.7374146439 3.63758560979 0 3
宫颈癌+四价+疫苗 37.368945149 23 0.866544928885 63.2294745095 2.67685859646 1 3
发病率+和+死亡率 29.6409478084 23 0.866689293324 63.1348726477 1.65329440821 0 3
岁+至+45 35.4995056523 10 0.827955319187 67.5900893347 1.54106504831 0 3
上市+的+HPV 28.8239281726 14 0.796573738408 62.7225992337 2.02972807151 0 3
产品+的+上市 25.3567897516 17 0.877900823198 45.436314343 0.94257443512 0 3
市+、+区 25.3567897516 11 0.890280274306 49.0102633832 1.5783380324 0 3
陆续+到+货 43.9381730531 14 0.868563875396 64.4790955826 2.57943101765 3 3
宫颈癌+疫苗+上市 26.5968553346 23 0.855968446148 69.4813362965 2.80030057042 2 3
接种+了+疫苗 25.5625664046 17 0.931735966634 62.0872569555 1.6903931922 0 3
药品+注册+批件 26.6067029285 20 0.788572100145 64.0022247574 2.33488063286 0 3
进口+药品+通关单 28.7023962313 23 0.754370683661 66.2196580321 1.47864029344 0 3
国家+和+地区 26.5968553346 17 0.795736427136 71.0946010654 2.10482082606 0 3
25+岁+女性 30.5131250518 13 0.895798855423 66.3879036817 2.31750010564 0 3
岁+至+44 23.1253542385 10 0.835328564984 72.5624921443 1.29222342729 0 3
100%+的+保护 25.4378896623 15 0.921860252092 62.2267394527 2.01516379413 0 3
病毒+（+HPV 31.3230405082 14 0.83932328379 70.4171291275 1.39474058553 0 3
新发+病例+约 23.1253542385 17 0.776356466935 67.410239674 0.855688667256 0 3
9-25+岁+女性 34.8529097095 15 0.833388999036 67.6947844845 2.83573321783 3 3
宫颈+癌癌+前 25.3567897516 17 0.924273475344 60.0239289456 1.48208694995 0 3
癌癌+前+病变 25.3567897516 17 0.924273475344 60.0239289456 1.31146238053 0 3
疫苗+在+中国 33.2583786606 17 0.710399374359 73.4740921256 2.64165066472 0 3
接受+宫颈癌+筛查 23.1253542385 23 0.927604480013 63.3956375738 1.76268559956 0 3
价+人+乳头瘤 33.5930741828 17 0.752324047684 65.141165301 1.42172838378 0 3
乳头瘤+病毒+疫苗 38.6931676866 23 0.730185490652 72.1894842496 1.24129117947 0 3
两+种+亚型 25.3567897516 14 0.910708259112 57.3485383383 2.34682682465 0 3
保护+效力+达到 29.3613140456 20 0.859979101758 64.2497974968 1.44288579859 0 3
进行+HPV+检测 24.1789593951 17 0.935260969919 56.8285690072 1.18253992015 0 3
疫苗+可以+预防 27.7504250862 20 0.92119786904 62.4932142342 2.09472904753 0 3
疫苗+在+内地 32.2882615572 17 0.807496922548 58.0070355134 2.17975973423 0 3
卫生+组织+推荐 23.1253542385 20 0.861633577198 59.9775941018 0.80827643521 0 3
岁+女性+接种 25.3567897516 17 0.918449765727 64.5885709383 2.82619712493 0 3
超过+25+岁 33.8505431531 13 0.898310182129 61.846552803 1.85642707988 0 3
云南+玛莉亚+医院 46.1512051684 23 1.0 -0.0 3.01567497602 1 3
答+：+HPV 32.2882615572 11 0.957765759303 33.9949572323 1.15531428973 0 3
预防+HPV+病毒 25.3567897516 17 0.884653517164 68.716435295 2.07462802837 0 3
接种+二+价 39.9100543928 14 0.90344154965 60.3079163974 3.23903066739 1 3
乳头状+瘤+病毒 38.0351846274 20 0.879469406749 67.4897269046 2.76581794808 0 3
疫苗+在线+预约 32.2882615572 20 0.951092753809 27.8822352258 1.29072083034 0 3
在线+预约+接种 38.7459138687 20 0.951092753809 27.8822352258 1.85347500623 0 3
预约+接种+服务 35.5170877129 20 0.951092753809 27.8822352258 1.01486842933 0 3
疫苗+“+希瑞适 23.1253542385 20 0.819635117932 64.0109807064 1.50478828368 0 3
重庆+、+黑龙江 27.7504250862 20 0.90858774595 44.4698314866 -0.571649856215 0 3
省+（+直辖市 25.3567897516 17 0.914448225127 40.2003794699 0.500402423538 0 3
HPV+疫苗+获得 31.4326472136 17 0.851187213191 53.2625354648 1.85842856039 1 3
中国+大陆+区域 31.4326472136 20 0.857445876807 46.7171997809 1.08832947242 0 3
默沙+东+药厂 27.8924687268 17 0.861507373186 37.035960011 1.58871039173 0 3
HPV+病毒+亚型 31.4326472136 17 0.825077249165 73.3695829766 2.25463316964 0 3
覆盖+的+病毒 26.6921036779 17 0.903212603547 60.2879623132 1.66694409881 0 3
批+签发+申请 25.4378896623 17 0.888825388329 44.36265662 0.650700993551 0 3
采购+的+首 25.3567897516 14 0.910726041388 38.4017770455 1.05847764698 0 3
办理+批+签发 24.1789593951 17 0.90876195795 41.2750213628 0.392799995995 0 3
申请+及+进口 24.1789593951 17 0.90876195795 41.2750213628 -0.0 0 3
进口+药品+检验 24.1789593951 20 0.90876195795 41.2750213628 -0.0 0 3
医护+到+家 70.5955200531 14 0.836854101752 26.3395928613 1.38037254427 0 3
