三星 98.3056428186 6 0.635849872688 30.6789741296 9.32451780836 5 1
分析师 55.4517744448 9 0.50558057457 33.1745101326 7.18833658608 0 1
成本 106.01317681 6 0.57404027428 33.2665503691 8.51275742054 2 1
系列 58.4745757838 6 0.558154320524 34.5901384339 7.71794654643 0 1
第一 64.768517066 6 0.498964895319 34.4795352448 8.67145237972 0 1
发货 80.2487698294 6 0.570080300185 30.8247700253 7.91314572393 6 1
分钟 90.0291429363 6 0.690987328093 31.7149970561 6.70755836552 0 1
证券 42.8699607023 6 0.508472616568 32.0277452677 4.98235662762 0 1
新浪 55.0859623702 6 0.498201580474 33.2004919734 6.0226465661 0 1
更新 65.2870665128 6 0.447985124291 32.2377418677 8.11995677923 3 1
消息 52.91753463 6 0.562205384531 33.586830336 7.96990462189 1 1
应该 43.1790113774 6 0.544191580487 32.7259152265 7.89268140199 0 1
全面 69.5054912745 6 0.567288035386 32.5691225855 7.77362976635 0 1
用户 80.6775527965 6 0.51371695742 33.9925471304 10.6530346902 1 1
之前 45.7356045738 6 0.558051155069 33.8253083902 9.10023531741 1 1
已经 72.0478671992 6 0.540236073881 34.0115100833 10.4381994642 0 1
搭载 60.9494985476 6 0.520702510172 33.0411028758 7.0542042876 0 1
功能 81.3456322715 6 0.529466465268 35.6855117756 9.51460160206 1 1
升级 51.2222395919 6 0.585698125438 35.3144749364 8.16420752077 2 1
最新 46.500473791 6 0.575119777219 34.0090040049 6.9694265345 0 1
销量 82.5767399677 6 0.520607491018 33.1111902195 8.13921033295 4 1
依然 42.9751251947 6 0.547795857998 34.5188796913 8.19341505718 1 1
屏幕 145.639304285 6 0.540323491329 33.7050318148 10.7578083668 1 1
价格 99.9324303536 6 0.621834340928 35.1926020681 9.59779893822 2 1
科技 60.8652621823 6 0.542651708049 34.2474312021 7.44096356447 1 1
面部 71.7897964202 6 0.558900327323 35.4709536134 8.27123121028 1 1
季度 67.8484331584 6 0.46661770994 30.6692386854 7.47254878023 0 1
iPhone8 162.011667391 7 0.56983763226 34.4283217609 10.0513743819 1 1
iPhone6 57.5646273249 7 0.550233160405 33.4916723615 7.97679182684 0 1
速度 72.6502305192 6 0.601126287346 35.0496351968 7.89916859736 0 1
iPhoneX 22.4179767087 7 0.529705098304 33.1891762767 13.1730775528 9 1
目前 70.2171003379 6 0.533232028168 34.4699465007 10.024961592 0 1
产品 95.3163254121 6 0.526383868008 33.7320332488 9.96131371532 1 1
认为 51.4803429094 6 0.554184217053 34.567648528 8.28454816395 0 1
应用 60.4751883037 6 0.466018562082 32.9094749556 8.69946513383 0 1
出现 74.1922588989 6 0.520575817551 34.2333698389 8.92748849975 2 1
报道 46.9549393687 6 0.576917616088 30.6168085732 6.39907138021 0 1
带来 65.1074925031 6 0.515266895541 35.575271049 7.95813502247 0 1
上市 48.283137373 6 0.508547062965 33.6382424258 7.64244617491 1 1
看到 47.6471180575 6 0.542827110138 33.121525915 6.92753186826 0 1
此前 43.1790113774 6 0.482404084995 32.8543731499 8.01516345107 0 1
OLED 69.9287014264 4 0.567343336125 33.596823582 7.94705187626 1 1
处理器 65.0145314336 9 0.571819717277 33.1514478716 7.95468858759 0 1
FaceID 127.186729541 6 0.45540545193 34.6478562328 9.97231777118 0 1
面具 107.846361848 6 0.571435178055 13.6698186578 8.15684618166 3 1
解锁 95.8903789407 6 0.522636105651 31.8104634806 8.92034672715 3 1
能够 48.283137373 6 0.563591065141 35.08217989 8.18346833612 1 1
需求 58.5117705812 6 0.508860422003 32.858841154 7.91292384365 3 1
供应 51.0055207132 6 0.539739584654 28.9160324406 7.59628667321 0 1
11月 45.0642615482 5 0.547790120674 35.1595212738 7.38021000829 0 1
未来 71.4706770862 6 0.604080398902 32.2342799405 8.41179517193 0 1
识别 110.460039133 6 0.542080061933 35.0459090649 9.47215714162 1 1
无线 51.1189342657 6 0.576212144377 35.0579768158 7.29920026991 0 1
中国 55.1268519412 6 0.615465983553 30.1045976021 7.58010260535 0 1
公司 89.3335362252 6 0.484277941956 34.55546019 9.14377011132 2 1
手机 117.118771231 6 0.51356717068 33.2820711382 11.7924529827 2 1
进行 63.3124614544 6 0.460400328646 34.3976265262 9.18173563875 0 1
测试 116.985570399 6 0.587103321974 33.1371631032 8.00008359915 0 1
时间 78.1535088083 6 0.557511335917 33.3763762936 9.50051135869 3 1
市场 83.1776616672 6 0.581137272683 33.4789160861 9.98570454873 0 1
表示 51.9907229521 6 0.467811552693 29.7631875532 8.24325607007 0 1
苹果 105.571236689 6 0.52074516991 33.6826860385 12.9020055969 35 1
英寸 82.5767399677 6 0.509816131725 32.4364467747 7.38050389117 3 1
支付 65.0145314336 6 0.550939932665 31.1282977986 7.80288806363 2 1
完成 69.0775527898 6 0.559928062519 34.3340124743 6.13941227016 0 1
数据 65.5624031515 6 0.510671977287 30.8660273871 8.48180043722 1 1
预计 51.0055207132 6 0.451198701141 32.0031544659 7.19073714232 1 1
安全 62.6065858249 6 0.548552166728 27.6340291697 7.57326027518 2 1
生产 55.0164795617 6 0.518688993992 32.2884785926 7.79059330173 1 1
美元 65.1623402675 6 0.559383928349 33.3117697669 7.76410178953 1 1
刘海 78.8807276922 6 0.469110745235 32.6645079963 7.40984862101 1 1
达到 43.1790113774 6 0.541627956205 34.8154621434 7.53232221004 0 1
版本 91.1199101437 6 0.555644581086 33.6761481948 9.20398349777 3 1
芯片 65.0145314336 6 0.550824461454 33.6580932046 7.52642899006 1 1
设计 93.8556505474 6 0.56064055174 34.4189657453 9.71896120054 2 1
问题 62.6065858249 6 0.530214754017 33.0053408786 8.55032111247 0 1
适配 68.4255223089 6 0.487310911249 27.7137092275 8.06409132974 4 1
越狱 179.601637254 6 1.0 -0.0 8.92807339868 1 1
官网 51.386748416 6 0.598846500963 33.2914044585 7.45489949541 3 1
显示 44.0902791018 6 0.496043136713 34.9311739426 7.226659065 0 1
系统 83.8764467012 6 0.40262701048 32.2843290557 8.91778922722 0 1
消费者 91.6290731874 9 0.588280698489 33.1909271917 9.34031828889 0 1
使用 93.8556505474 6 0.517515617715 33.3663142699 10.7936641137 2 1
指纹 85.3703993199 6 0.575022899662 34.0551210277 8.25204738651 1 1
256GB 67.3272873414 5 0.578530719043 29.1389282906 7.10709683986 3 1
摄像头 60.9494985476 9 0.593381040007 34.6057998281 7.87903877934 0 1
销售 68.5919371237 6 0.521911926439 32.9842728392 8.86785430087 3 1
iPhone8Plus 110.363745659 11 0.532335713952 33.5244415116 8.48352269529 0 1
相比 53.1433986183 6 0.569456255719 35.0344435199 8.6981673293 0 1
售价 77.8928264131 6 0.541975385713 31.8142724936 9.01634473839 2 1
情况 59.6106575282 6 0.543551081554 34.3070845258 8.64311112461 2 1
iPhone 15.0289352556 6 0.522712959446 33.1250620109 11.6800072236 97 1
现在 63.632145494 6 0.53671964165 33.8745232545 9.48681530738 0 1
今年 66.5197574713 6 0.530855997888 35.0986097129 8.69348120534 2 1
加入 47.4279996221 6 0.526851261678 35.122954129 8.06019146793 0 1
高通 103.554874417 6 0.55043284145 27.4298357038 8.59319361744 3 1
支持 79.3625023832 6 0.548220251772 32.9035964465 9.25538384338 5 1
产能 57.9241668626 6 0.598134951882 32.078736937 7.91378967621 4 1
购买 60.9969518893 6 0.56731833691 32.6321619486 8.97842216184 0 1
明年 74.9110919167 6 0.532088263516 32.2998096144 8.17194834192 2 1
镜头 63.1432161077 6 0.699631366821 32.7039009196 6.97478782397 0 1
方面 56.1833189375 6 0.56915858155 34.3043183303 8.47473998569 0 1
需要 59.2712405105 6 0.488388770406 35.3215934921 9.28662383517 1 1
推出 67.3536823983 6 0.523501064294 34.9105937171 9.16621184643 1 1
韩国 74.8933068388 6 0.677902248065 17.3408871829 7.66515541834 2 1
技术 67.5963923222 6 0.585238784033 35.4015962096 8.77734432267 0 1
发售 58.3031465551 6 0.501298901922 32.6357300721 7.29598562844 2 1
提升 64.6595351024 6 0.5170791389 34.4035139714 8.653652395 3 1
之后 46.0708778902 6 0.5382258044 34.8499370886 8.49962323521 0 1
发布 62.6065858249 6 0.533099893108 33.1754247454 8.93619614968 0 1
采用 84.1998649828 6 0.60020932491 33.8118778671 8.5760554821 0 1
iPhone+X 15.4653549899 8 0.510064755946 32.5538889681 7.59704338088 83 2
新+iPhone 34.5387763949 10 0.568869045838 32.5257454527 4.26863206942 1 2
十+周年 27.7830150874 10 0.532106487781 33.9476350075 3.91718340409 0 2
全面+屏 63.6482837906 10 0.556628532905 32.8123302216 5.55974937942 0 2
原+深感 32.834472376 10 0.666051012688 33.4277125193 4.62534602463 0 2
面容+ID 30.3087437317 9 0.606288776881 31.3013887136 4.04778855888 0 2
款+手机 65.9869544098 10 0.564954197182 34.2405433984 5.11813117663 0 2
基频+芯片 58.6803450814 13 0.714591550631 5.1986038542 4.80552545757 1 2
两+款 27.5634259706 7 0.555876561549 33.0522231404 4.17641058762 0 2
屏+设计 26.4872989583 10 0.532547646575 27.1256302931 2.85111074601 0 2
指纹+识别 71.3801378828 13 0.569744018145 32.5215371126 6.02296777263 0 2
人脸+识别 28.1341071676 13 0.575785468971 18.4119339242 3.91439465809 1 2
苹果+公司 52.9594571389 13 0.548380111004 33.2065768704 4.20825685573 1 2
面部+识别 49.4796995212 13 0.593174718179 35.0858408233 5.3605236419 0 2
OLED+屏幕 37.2110936806 11 0.584784570401 31.924406584 5.15337221638 0 2
Home+键 36.8413614879 8 0.578055504456 32.8657046242 3.35393863899 0 2
TechWeb+报道 26.5228707708 14 0.582858101172 27.0968071627 1.18752404867 0 2
发货+时间 46.2995575585 13 0.549829107789 28.6749240257 5.00874402413 2 2
凯基+证券 36.651629275 13 0.526089488125 32.0108485693 2.19043284943 0 2
款+iPhone 26.5926003693 10 0.584026114835 31.7204759271 3.55509108531 0 2
越狱+工具 50.6568720459 13 1.0 -0.0 3.60881535895 0 2
苹果+手机 37.8859296646 13 0.442968709846 32.6723169772 5.24872022389 0 2
iPhoneX+发售 25.2572864431 14 0.506809502435 32.3942373142 2.46115723158 0 2
1-2+周 29.4916928456 7 0.542460732796 26.0990132928 3.65577639573 1 2
分析师+郭明池 28.8953473038 19 0.456493282709 31.4631157644 2.92276837781 0 2
三星+S9 32.1887582487 9 0.668242921696 13.032208878 2.62062462342 3 2
高+达 26.5926003693 7 0.585251267151 33.3080718725 4.89970953496 2 2
6.5+英寸 39.3877500346 10 0.432704580717 29.4958834673 4.18518026324 2 2
iPhone8+系列 39.888900554 14 0.566229180652 30.6267182224 4.84255995119 0 2
5.8+英寸 24.0794560865 10 0.562931582472 30.4085005565 3.02910740071 0 2
OLED+屏 33.7609286011 8 0.75398532538 30.34215009 3.75826450581 1 2
智能+手机 36.0444801154 13 0.621559288149 32.0087613106 5.57275725651 1 2
苹果+官方 28.1341071676 13 0.693040633385 30.8122085386 2.78156841467 1 2
款+新 26.4874016952 7 0.562692338351 32.455832444 3.36392219717 0 2
下一代+iPhone 32.1887582487 16 0.701472843136 25.1096465036 4.00483790495 1 2
黑色+星期五 25.2572864431 16 0.551844915393 26.6981534207 2.96177735671 0 2
无线+充电 36.1191841298 13 0.673702694594 32.9364080687 4.49972971059 0 2
部+iPhoneX 28.1341071676 11 0.597603436996 24.5618657137 3.63713578587 0 2
版+iPhoneX 31.9111204432 11 0.680821512321 30.2561166268 4.36057339015 0 2
两+倍 25.3284360229 7 0.526991094299 20.5955394371 2.85142288622 1 2
长+焦 38.5721368705 7 0.778497536338 26.1929749242 2.59890786271 0 2
焦+镜头 38.5721368705 10 0.778497536338 26.1929749242 2.64488972233 0 2
30+分钟 46.9442760651 9 0.865936140038 15.5958115626 2.81949348705 0 2
第四+季度 30.9475178844 13 0.653531890231 26.2253789298 3.8814805788 0 2
苹果+iPhoneX 39.3877500346 14 0.604059002128 30.5279697832 4.22486391252 0 2
使用+周期 35.0655789732 13 0.62494474574 5.74599951503 2.46517897481 0 2
测试+完成 59.8672124178 13 1.0 -0.0 0.127289346966 0 2
制造+成本 57.9397648476 13 0.679713760278 14.3794162383 4.17381144468 2 2
全面+屏+设计 26.4872989583 17 0.532547646575 27.1256302931 2.94266177007 0 3
iPhone8+和+iPhone8Plus 38.5721368705 23 0.808191997929 22.9582880816 2.56479119086 0 3
长+焦+镜头 38.5721368705 14 0.778497536338 26.1929749242 2.59890786271 0 3
