希望 69.5054912745 6 0.55339745596 53.4650386932 9.44253042813 2 1
国际 88.6658996235 6 0.463136725549 51.9299133763 9.65631931365 1 1
球队 188.972502975 6 0.508121773254 53.2183178933 11.9671612798 4 1
马拉多纳 45.8145365937 12 0.612360139697 49.7722356417 7.36974595815 1 1
之前 46.0708778902 6 0.569800923912 51.9353724719 8.30130528836 0 1
已经 67.5251641074 6 0.527485652635 53.909872676 10.872330734 0 1
法国队 69.7507106865 9 0.54969246063 48.4525636258 8.64228978533 0 1
墨西哥 62.9893274699 9 0.581655157602 47.6754242642 7.90196627558 0 1
波兰 59.8398610964 6 0.510728014196 47.2895863609 7.85525465053 0 1
目前 70.0478296943 6 0.482603482534 55.1039117612 9.49663606161 1 1
举行 54.6838750339 6 0.532489962949 50.6276176008 6.76500095764 1 1
包括 61.4470546524 6 0.546794447191 54.7719252476 8.24826800353 0 1
亚洲 73.0721731002 6 0.541992510459 50.5451204437 8.32901854758 5 1
无缘 53.1448624487 6 0.562975486631 50.0044205668 7.27509724822 2 1
东道主 88.1850584579 9 0.550191199041 51.3021604197 9.57592104553 3 1
美元 65.668944752 6 0.389701959607 40.0408680359 7.1757213202 2 1
机会 53.1448624487 6 0.607168377986 52.6257866384 8.13814882062 0 1
报道 67.8055141587 6 0.448477362399 44.5634477746 7.24890921051 0 1
进行 62.1461636307 6 0.504438726706 50.8414413113 9.62029719735 0 1
巴西 86.1881028178 6 0.451254713176 52.5239805918 9.65046994258 4 1
克里姆林宫 43.1523864549 15 0.575758015087 49.9614056546 4.85843492759 2 1
占据 98.4693750866 6 0.60441715815 40.4617462502 4.04679312509 0 1
葡萄牙 83.0885804764 9 0.513811496931 50.7076288949 8.98200690431 1 1
意大利 115.062431973 9 0.540699421659 52.798311239 10.3827923771 3 1
交战 324.697909451 6 0.758686824551 27.0327400418 2.46869613024 1 1
整体 51.2222395919 6 0.60715568068 46.7440841649 7.41538821292 0 1
晋级 71.3949033422 6 0.439340737107 51.9954103917 9.17820715029 0 1
欧洲杯 53.1114511103 9 0.538725680274 53.3668064455 7.60063283738 0 1
克罗地亚 58.7900389719 12 0.52454796948 46.8678535419 8.22007360221 0 1
足球 87.7420362089 6 0.510779735912 52.4406746345 10.6403815616 1 1
阿根廷 107.437812987 9 0.505243718991 52.1550515664 10.4502536313 6 1
2018 49.968982982 4 0.56726959493 52.4397066417 5.99174780123 8 1
分组 79.8507696218 6 0.540306500706 51.0425339467 7.73221448838 8 1
旅游 101.690179022 6 0.686945786197 20.8479235062 8.02667855055 0 1
韩国 53.4645583841 6 0.591903390457 44.519158304 7.17599511798 2 1
瑞士 47.1475776788 6 0.548513054076 45.6676834823 6.1289231747 0 1
英格兰队 59.3673790136 12 0.497665946157 48.6598572746 8.01678091466 0 1
冠军 82.8615515075 6 0.506939182275 52.5107585143 9.83628331728 0 1
小组 138.169132923 6 0.484936670155 51.155802497 10.6252511966 4 1
埃及 70.5588382921 6 0.622849782054 45.1340164244 8.413281026 0 1
伊朗 55.01929273 6 0.574821979947 46.7067553934 7.852146609 2 1
足协 61.4876425498 6 0.588262608173 51.5842061418 7.17021665398 3 1
当时 68.4255223089 6 0.492873053773 49.6126586269 7.99135109502 0 1
本届 56.0104897358 6 0.504050548352 52.5627590937 7.41148342373 1 1
影响 61.4876425498 6 0.533760105314 52.0142241222 7.86233675998 0 1
决赛 72.219447662 6 0.370230084164 54.2148204975 8.96131517903 3 1
地区 49.1528214093 6 0.446430682903 54.0796394289 7.5388111428 2 1
澳大利亚 64.3024322223 12 0.585538064177 48.0647780625 8.12855018536 1 1
能力 61.4876425498 6 0.724330723795 48.9527563772 7.80612940248 0 1
最后 54.9919994393 6 0.514638237211 53.8987726552 8.02589119597 1 1
主教练 54.9306620999 9 0.561093826448 52.4560877203 8.47770413004 1 1
冰岛 74.6463138682 6 0.584554943314 47.005088728 8.31848523479 0 1
塞尔维亚 55.65753787 12 0.602207443298 42.3602410389 7.09010633651 0 1
哥伦比亚 49.7126136672 12 0.504835283593 48.0734744861 7.73191018703 0 1
6月 47.1359995194 4 0.52051659368 49.3816750752 5.88370449727 0 1
面对 44.8397425842 6 0.527157946061 51.6292575794 8.26030708143 0 1
重要 53.0457415417 6 0.495617032299 48.3477966195 7.3419643337 0 1
中国 143.845121367 6 0.549683870187 54.7605848386 10.3708475835 6 1
正式 62.4259099306 6 0.584122780923 50.1230869813 8.1190269733 2 1
非洲 49.4796995212 6 0.570694968767 45.807508981 7.6531233864 0 1
巴西队 85.7399214046 9 0.539814945307 50.2377617504 9.09605127948 0 1
主帅 73.3032585499 6 0.522883426507 53.0334260946 9.3498171124 1 1
表示 72.0133325991 6 0.491279408337 48.3059557873 8.32436882994 0 1
明年 72.3869678181 6 0.493517865584 54.1816057752 8.83774547754 3 1
1日 43.3750283852 4 0.549361254693 50.5013292871 5.08591882705 0 1
排名 78.559999199 6 0.533137171189 48.9381077883 8.48452616328 0 1
遭遇 79.9185159158 6 0.409576171346 50.6266901498 8.77947239889 2 1
德国 88.8814810308 6 0.469458129916 51.5348671767 9.63605159565 5 1
问题 46.8194324479 6 0.530361109336 55.2590482781 8.53263460684 0 1
官方 91.6290731874 6 0.518161056208 37.9015421475 7.1994964363 5 1
世界杯 0.0 9 0.474252335903 53.1350984149 12.3630473216 89 1
产生 43.1790113774 6 0.504966127709 52.3380809874 7.30093274735 2 1
国家队 136.679865215 9 0.490846907773 52.696646182 10.8672615648 1 1
进入 57.2124698618 6 0.540240220466 55.1281485361 9.36990998418 0 1
情况 60.6183141585 6 0.560513918461 54.1604438497 7.88244933057 0 1
游客 87.663947433 6 0.601306083332 19.7055331945 7.27013928116 2 1
需要 46.0708778902 6 0.57389553987 52.609320601 8.20525311894 0 1
出线 116.511443428 6 0.573353808646 51.6168294339 10.2683863142 4 1
仪式 69.1949391241 6 0.501074106415 48.8880921416 7.18831055712 3 1
瑞典队 63.607906086 9 0.506650176813 49.8727998078 8.33685465648 0 1
对手 85.4133305641 6 0.582979902085 52.36577689 9.39721956447 0 1
死亡 119.658773526 6 0.557364583834 49.7634027135 6.1592860695 12 1
决赛圈 63.3124614544 9 0.580492102576 49.9168742459 7.67563783767 1 1
第一 95.4009987634 6 0.43815351005 54.5307067927 10.0735533493 3 1
第三 47.6471180575 6 0.486499654422 47.2711142776 6.63405429583 0 1
丹麦 53.2285973081 6 0.510866992277 44.779065193 7.29435197779 0 1
揭幕战 49.9407279445 9 0.567961462761 50.763101851 7.82394702118 0 1
比较 47.4279996221 6 0.685687336411 48.0678179306 7.55240306574 0 1
战绩 118.163250104 6 0.555437000686 42.4233308308 5.24971644807 0 1
觉得 88.4005025508 6 0.551548840995 50.0735446014 7.24659457315 0 1
预选赛 69.3946659591 9 0.510418079837 52.3096059356 8.47042456675 0 1
参赛 44.2989210483 6 0.545464123074 50.0658555931 5.77007746362 0 1
保持 64.0109724825 6 0.549341604285 52.0807702378 5.73491523415 0 1
成为 63.6497700209 6 0.509820234147 55.0087400934 9.52111443454 1 1
14日 40.2359478109 5 0.541866561898 47.4653277629 4.56209164857 0 1
塞内加尔 51.5320511861 12 0.603852937499 45.1923480361 7.30529691872 0 1
世界 68.1413858218 6 0.559658611105 54.6144113445 10.0953219252 1 1
比利时 83.9857699599 9 0.496907879659 48.4327189939 8.71139081311 2 1
Visa 138.15510558 4 1.0 -0.0 7.96902354453 1 1
葡萄牙队 57.0172728348 12 0.547580477436 48.3795923235 7.73779709698 0 1
北京 49.5074771655 6 0.487948736818 50.5806258989 6.05845672858 0 1
德国队 98.3208081407 9 0.525017466572 49.1154949917 9.31342779234 0 1
参加 70.5444465628 6 0.499965590291 50.8504301606 8.33025526388 0 1
申办 122.825023216 6 0.681135236789 40.7870890921 7.30052461198 5 1
阿根廷队 65.5624031515 12 0.574901157072 48.3382100226 8.52506091544 0 1
球员 120.513429545 6 0.614938304371 53.6788729111 10.8687530063 0 1
期待 43.4548236357 6 0.489328522927 52.7692230828 7.75059352426 1 1
媒体 43.9097042463 6 0.326329732507 46.1096517238 7.6395211031 1 1
淘汰 51.4439528428 6 0.536174687393 52.460953702 7.74467868451 0 1
无疑 57.0172728348 6 0.642694081744 47.744001154 7.32521591271 0 1
手机 72.2383682596 6 0.575088099274 35.7376088245 6.63197241313 4 1
韩国队 49.1528214093 9 0.526312710001 48.3109598764 7.94008120012 0 1
时间 61.6900990698 6 0.509841894975 51.9357090555 8.08985589804 0 1
乌拉圭 61.3914790356 9 0.521745023666 49.7660115684 8.85355222426 0 1
体育 93.6388648959 6 0.4944066575 45.35612999 8.6431953771 3 1
俄罗斯队 78.8010029412 12 0.538887363587 45.737024922 8.31517826107 0 1
莫斯科 61.6436409473 9 0.57130905791 50.5954350399 6.28822963611 0 1
最终 48.5219560918 6 0.501236542216 52.454834005 8.80409401197 0 1
赛事 79.7150979274 6 0.494140292165 52.1968980426 8.96260073669 0 1
之后 70.8152681471 6 0.554012417629 52.5317776485 9.13147987265 0 1
西班牙队 70.7800628294 12 0.525659170469 50.5783183632 8.65904192749 0 1
巴拿马 45.8267643293 9 0.616767232426 45.0669867154 6.71051656456 0 1
乐视 125.53615717 6 0.472835890434 11.6917770344 7.12896878479 3 1
交锋 75.9620893525 6 0.622131969452 44.1107768082 4.40473109458 0 1
抽签 79.778691499 6 0.529408079982 51.966701103 9.33526799246 28 1
瑞典 66.1387938434 6 0.457712386768 47.3987543605 7.97875945564 1 1
获得 70.0131121697 6 0.487442169316 54.3263911836 9.33663116217 0 1
12月 40.3683046294 5 0.535602063109 50.6384709921 5.37717502931 0 1
FIFA 79.6790393652 4 0.526318813168 43.3217079759 6.97587746024 7 1
欧洲 69.0997959087 6 0.566385041308 52.9458622403 8.97543027966 0 1
夺冠 65.5472054271 6 0.341828428647 50.8495268042 7.65847363705 7 1
友谊赛 82.4370611449 9 0.630774455899 48.7649384785 4.42636241703 0 1
梅西 77.8928264131 6 0.516655348395 52.284454888 8.41494614074 10 1
对阵 49.6147915741 6 0.584232323274 51.3228300535 8.59873746019 2 1
历史 186.952242589 6 0.564049451138 53.5871777094 4.49925023649 1 1
沙特 70.5444465628 6 0.581585734594 46.4998683306 8.13888069767 1 1
突尼斯 41.8986662395 9 0.641127893926 44.7858240575 6.2258592845 0 1
拥有 52.994470642 6 0.552903151889 54.4766680834 9.01107920365 0 1
表现 43.9097042463 6 0.677081466293 54.3082992078 7.06712073137 0 1
足联 85.5056955076 6 0.461528832926 51.1232932323 8.72850549144 1 1
黑马 60.1986402163 6 0.673356965558 48.0228438433 7.46259496148 1 1
形势 49.4796995212 6 0.540479627754 46.2492382845 7.16973589719 2 1
vivo 107.846361848 4 0.641316413455 15.9443349668 6.50303346159 1 1
2018年 56.4325620081 7 0.449788458936 52.0105850202 7.83064401848 9 1
日本 53.5534113099 6 0.610042892473 47.0063630155 8.00715857962 1 1
香港 101.051881403 6 0.535895221741 26.7987788689 7.76138657183 3 1
尼日利亚 66.5197574713 12 0.595185932508 46.7725674642 8.09045075138 0 1
出现 51.4826674115 6 0.522106220478 53.0078682562 8.32778411415 0 1
卫冕 45.0642615482 6 0.51943942563 47.6971232366 6.75971289171 1 1
相对 56.588348127 6 0.592926905193 48.6328811139 7.93872751302 0 1
能够 64.3775164974 6 0.543560971698 54.014926737 8.73975535605 0 1
球迷 115.142499125 6 0.526488899715 53.8850502014 10.8813053718 1 1
小组赛 94.5094006441 9 0.553962019741 53.9645905259 10.1806453403 3 1
代表 60.4751883037 6 0.584110176676 52.7969455859 8.451268788 0 1
秘鲁 56.0981023913 6 0.582546290469 47.4587340955 7.52542724953 1 1
实力 137.252899693 6 0.5991457463 51.4150021319 10.0411734669 1 1
西班牙 92.4279209136 9 0.49252122645 51.7597521887 10.2123178131 6 1
支付 98.183621125 6 0.594633834094 24.6406024933 7.45043807827 1 1
比赛 114.124559268 6 0.526059653138 53.9301180659 10.6533160629 2 1
淘汰赛 74.7122885422 9 0.323891674236 47.5871368489 8.53975996082 0 1
传统 41.5182801705 6 0.592056489231 50.15553052 7.12869246786 0 1
法国 66.7814758969 6 0.467468762964 51.2196017013 8.68207292504 2 1
俄罗斯 29.3185599053 9 0.463091218665 53.3689152326 11.3674380798 21 1
使用 67.4224770423 6 0.526507475916 38.200797113 8.44900378758 0 1
优势 99.3273710935 6 0.636513769282 48.2659173138 5.72135115842 1 1
今年 38.2115752215 6 0.534456962354 54.2959958407 7.59181328373 0 1
哥斯达黎加 51.0639994794 15 0.58009426346 43.9990276243 6.48662040028 0 1
种子队 49.325119607 9 0.555494369149 47.9037989862 7.25595423776 0 1
球星 53.8829459187 6 0.538675434189 53.6900046561 8.73962672015 0 1
摩洛哥 49.5149742401 9 0.617004004687 46.5554800379 6.66810558296 0 1
英格兰 88.6658996235 9 0.485993151893 50.5290315146 9.77576689778 5 1
阶段 62.0792370378 6 0.452372928251 53.4952214284 7.02871655721 1 1
世界杯+官方 31.9111204432 16 0.600485638386 23.0687923508 3.09819335643 4 2
官方+手机 32.9530550091 13 0.641316413455 15.9443349668 1.82625679245 3 2
俄罗斯+世界杯 36.8761804802 19 0.449029090775 52.851717514 6.09586900996 14 2
2018+俄罗斯 39.8395196826 14 0.545260133136 51.3459559053 2.74795029575 2 2
32+强 67.7308818383 6 0.544622241439 53.1149330442 5.19147749759 11 2
FIFA+组委会 41.8453857233 14 0.634339676669 15.7062970485 2.16247805827 0 2
北京+时间 47.4116172868 13 0.499933511443 48.3795125712 4.50763211162 0 2
时间+12月 34.657359028 12 0.536226309206 47.3865642952 2.42168517388 0 2
世界杯+抽签 46.9549393687 16 0.492570014383 47.7443159126 4.73579545586 15 2
抽签+仪式 57.2495956563 13 0.508153245137 48.905771383 4.74880154418 2 2
巴西+世界杯 36.0444801154 16 0.408972073507 52.2317152783 4.10728000861 0 2
2018年+世界杯 60.2567147724 17 0.511538676795 49.6560986218 5.5722494633 7 2
世界杯+预选赛 34.1481597279 19 0.461191979871 50.5365450234 4.8725296124 0 2
2018年+俄罗斯 48.7089694693 17 0.37670386295 51.6044944483 3.44684441478 2 2
世界杯+分组 36.0107669899 16 0.568695975481 46.3873305095 2.83131868205 5 2
分组+抽签 57.2124698618 13 0.533500931957 51.6884241303 4.47446497939 4 2
本届+世界杯 52.6791857226 16 0.497420141646 52.6755959971 5.54553365434 1 2
12月+1日 38.7033610505 10 0.54284343561 49.5995192764 3.84319592323 0 2
莫斯科+克里姆林宫 33.3108101179 25 0.600788217465 47.7274011249 1.80130497852 0 2
克里姆林宫+举行 37.1050252466 22 0.597216888114 49.6533940558 1.82791473869 0 2
总统+普京 24.0794560865 13 0.586048973212 42.5457950777 2.58333123623 0 2
报道+称 38.9445195562 10 0.563879059531 39.7876330353 0.834548071386 0 2
东道主+俄罗斯 30.6033124279 19 0.490083121115 47.3389403502 3.5917108949 0 2
B+组 55.8476868622 5 0.623954543226 45.9661592491 4.89016281067 0 2
C+组 38.5321416023 5 0.608045970339 47.0148333337 3.93789683398 0 2
D+组 47.0296310419 5 0.616925811975 45.3390623053 4.54006348648 0 2
E+组 31.8952231548 5 0.664335265239 42.8688740215 2.89507038071 0 2
F+组 45.747713917 5 0.627131774752 45.882803306 4.1043981664 0 2
G+组 39.8575489637 5 0.641618632416 42.6818364265 3.91603993647 0 2
H+组 47.0948397361 5 0.617356685924 46.6225568589 4.58968881527 0 2
6月+14日 37.2110936806 10 0.560483281173 43.8773665674 2.75759291293 0 2
两+队 258.008317944 7 0.603237057095 47.6205750401 4.84185755889 0 2
C+罗 70.3067355518 5 0.537901714558 51.321623171 5.9176373709 3 2
首+次 55.1268519412 7 0.577129324439 46.971534189 5.45562419955 0 2
卫冕+冠军 40.2359478109 13 0.51943942563 47.6971232366 4.69517350029 0 2
小组+第一 59.1664040273 13 0.363288282444 49.5613487911 4.70738276201 0 2
八分之一+决赛 26.5926003693 19 0.592378598508 36.0988145077 3.251792409 0 2
冠军+德国队 24.0794560865 16 0.545640627253 45.1821193532 3.19656146974 0 2
两+支 73.3504441684 7 0.554025247649 47.6334179774 4.77650771465 0 2
世界杯+小组赛 53.1448624487 19 0.599343261744 47.6271899787 4.42619689704 0 2
小组赛+中 52.9594571389 13 0.583840189068 45.1474280739 4.75005350249 0 2
两+强 35.4076340736 7 0.638366785412 28.2611203003 3.71775696763 0 2
首+轮 36.8413614879 7 0.531434738647 43.5063873337 4.96564385578 0 2
东道主+俄罗斯队 28.5630915994 22 0.544004611482 43.7570056415 3.70626445163 0 2
支+球队 105.460156464 10 0.554431570482 52.7318729519 6.8199539879 0 2
世界杯+冠军 39.8395196826 16 0.539818065536 51.3948546253 5.4959005915 0 2
小组+出线 42.5269642064 13 0.611619553752 49.6056022406 5.34989333567 1 2
亚洲+球队 51.0055207132 13 0.506362987107 47.2416924543 5.45219578362 2 2
整体+实力 35.3602010203 13 0.672273903501 40.2762867324 4.03159083924 0 2
小组+中 39.7309484374 10 0.578804949233 46.2950977107 4.75325817943 0 2
支+欧洲 37.8859296646 10 0.545063888058 42.3466640709 3.14916317892 0 2
欧洲+球队 46.0517018599 13 0.495609044067 45.3633697472 4.20562568316 0 2
世界杯+决赛圈 51.4386589521 19 0.601842311044 49.7996755632 5.37944313497 0 2
传统+强 25.2572864431 10 0.641227459366 46.3118880443 3.41922028046 0 2
强+队 69.6380956224 7 0.650613220043 48.3580580843 5.80285017403 0 2
中国+球迷 38.1647436516 13 0.580760054722 52.7469240866 4.64862015142 0 2
年+前 36.8413614879 7 0.631015832161 49.5190266138 4.98688123538 1 2
参加+世界杯 48.9652998846 16 0.611431591799 48.8259220939 4.98722880271 0 2
强+分组 26.4872989583 10 0.580941965085 45.5997801939 2.37727614331 1 2
国际+足联 80.8363035864 13 0.454474994822 51.2871384969 6.25289903014 1 2
场+比赛 49.1528214093 10 0.617165582024 51.4459144621 5.58154137638 0 2
肆客+足球 24.2800240451 13 0.463769002052 32.4596010553 0.16530976461 0 2
世界杯+足球赛 32.2361913019 19 0.576409360302 42.7499416248 3.1242163763 3 2
32+支 40.2359478109 6 0.539592946889 47.2812148887 2.70799456414 0 2
分组+形势 25.3284360229 13 0.570204872035 45.3957236473 4.32068747537 1 2
决赛+阶段 38.1647436516 13 0.424869495982 46.93785139 3.08385018824 0 2
明年+6月 28.6945738715 11 0.521037920607 47.8854041957 3.04969947552 0 2
7月+15日 26.4872989583 10 0.581916923831 39.6009765515 2.29529010153 0 2
世界杯+32 49.8417249748 12 0.52694213955 52.7589584865 3.25264743836 10 2
世界+排名 51.1189342657 13 0.544048664745 41.6343143477 5.10939233896 0 2
第三+档 45.0145714682 10 0.528726293775 39.6309189956 4.81932725493 0 2
第四+档 36.1191841298 10 0.528577105266 43.9775223682 3.9833823616 0 2
上届+世界杯 33.1091236978 16 0.611955804527 48.7986482816 3.83589899181 0 2
友谊赛+中 47.9317163769 13 0.545615830341 46.0739917372 4.00347671447 0 2
届+世界杯 57.2834554116 13 0.568828416875 53.3982506535 5.82994414139 2 2
明年+世界杯 36.0452797128 16 0.582158708685 53.6360152217 4.74880616494 2 2
预选赛+中 38.1647436516 13 0.578181564911 49.7437808674 4.50746306121 0 2
第一+次 29.9336062089 10 0.609821838532 49.9575998569 4.44550479232 1 2
参赛+资格 35.4076340736 13 0.660566490949 32.8259905248 2.09096349055 0 2
附加+赛 36.7239749135 10 0.55933128151 49.785607633 4.6176738933 0 2
明年+夏天 32.834472376 13 0.524795189452 49.0805228068 3.37630616914 0 2
12月+2日 24.0794560865 10 0.630819556634 45.4438855896 2.90243398989 0 2
2018年+6月 25.3284360229 12 0.595014505913 40.6580673163 2.5704555389 0 2
球队+中 30.3087437317 10 0.487572764041 40.3875915183 3.96630305848 0 2
16+强 36.1191841298 6 0.346412143575 47.4639777232 4.73643110814 1 2
档+球队 34.5703804801 10 0.514459487669 41.9590692023 4.96030200931 0 2
世界杯+历史 87.2157322196 16 0.630302108975 48.3462271343 1.35813585534 0 2
战+平 28.1341071676 7 0.571483583259 46.3225003258 3.22124747753 0 2
联合会+杯 42.2011607514 13 0.653917426693 47.0784414808 3.9260864678 0 2
新浪+财经 27.6310211159 13 0.495690216617 45.7693727683 1.54632258622 0 2
财经+股吧 23.0258509299 13 0.495690216617 45.7693727683 -0.0 0 2
第一+档 32.9530550091 10 0.581530175745 40.0450659318 4.28695092133 0 2
交锋+战绩 87.4982335338 13 1.0 -0.0 0.361162523221 0 2
负+占据 64.4723826038 10 1.0 -0.0 1.32561097474 0 2
占据+优势 82.8930633478 13 1.0 -0.0 1.79183968394 0 2
球+失 267.099870787 7 1.0 -0.0 2.86530791727 0 2
平+保持 39.1202300543 10 0.851958423452 32.5779174863 0.563450762967 0 2
战绩+占据 64.4723826038 13 1.0 -0.0 0.945444990634 0 2
负+处于 55.2620422319 10 1.0 -0.0 2.2323785833 0 2
处于+下风 73.6827229758 13 1.0 -0.0 1.78892635437 0 2
友谊赛+历史 55.2620422319 16 1.0 -0.0 -0.0 0 2
世界杯+决赛 42.405270724 16 0.4147611251 48.0807770096 4.30538013238 1 2
乐视+体育 93.3473989212 13 0.472835890434 11.6917770344 3.67093953987 3 2
中国+游客 55.2620422319 13 1.0 -0.0 4.17529984199 1 2
无缘+世界杯 33.7112385211 16 0.518643652046 47.2349631476 3.85522238975 0 2
哈达+里 82.8930633478 10 1.0 -0.0 3.04200818265 0 2
中国+足协 44.9359841033 13 0.681135236789 40.7870890921 3.40026169638 1 2
申办+世界杯 38.5721368705 16 0.73630523539 29.3317677427 3.32302528471 1 2
2018+俄罗斯+世界杯 39.8395196826 24 0.545260133136 51.3459559053 2.74795029575 2 3
世界杯+的+32 24.0794560865 16 0.599299002008 48.9575749829 1.37959127226 0 3
北京+时间+12月 32.7736027136 19 0.567795538492 45.9145387265 1.64177996953 0 3
世界杯+抽签+仪式 31.1538848837 23 0.518863307291 38.3108797932 2.43395739732 2 3
2018年+俄罗斯+世界杯 48.7089694693 27 0.37670386295 51.6044944483 3.44684441478 2 3
世界杯+分组+抽签 30.6033124279 23 0.545429117045 46.4494343434 2.28160568913 3 3
分组+抽签+仪式 34.3342504618 20 0.517237873827 49.3288966473 2.46770336098 0 3
莫斯科+克里姆林宫+举行 30.8663717057 32 0.584975179139 47.8657372964 1.33572969895 0 3
葡萄牙+、+西班牙 27.5255799892 23 0.663967868992 43.2246310587 0.978768058177 0 3
西班牙+、+摩洛哥 24.2800240451 23 0.660002944219 35.9093400266 0.358912089927 0 3
法国+、+澳大利亚 24.2800240451 23 0.691578251231 36.9356080692 0.349805968388 0 3
澳大利亚+、+秘鲁 28.6945738715 23 0.691578251231 36.9356080692 0.480279133079 0 3
秘鲁+、+丹麦 25.3284360229 17 0.682349437928 34.0886809273 0.152917891548 0 3
阿根廷+、+冰岛 23.0258509299 20 0.682349437928 34.0886809273 -0.373631250735 0 3
冰岛+、+克罗地亚 26.5228707708 23 0.63238056825 39.0745309828 0.765806015942 0 3
克罗地亚+、+尼日利亚 23.0258509299 29 0.660330923347 37.2856950126 0.497595811322 0 3
巴西+、+瑞士 23.0258509299 17 0.682349437928 34.0886809273 -0.0485482773434 0 3
瑞士+、+哥斯达黎加 27.5634259706 26 0.697274997094 35.9897751206 0.693238175149 0 3
哥斯达黎加+、+塞尔维亚 24.0794560865 32 0.68307322536 34.6254255074 0.139171876525 0 3
德国+、+墨西哥 27.5634259706 20 0.658131000062 36.0302151238 0.54983211234 0 3
墨西哥+、+瑞典 30.6033124279 20 0.601834527659 36.5365497095 0.777492450894 0 3
瑞典+、+韩国 26.4872989583 17 0.620439465284 37.6593527386 0.429476698379 0 3
比利时+、+巴拿马 23.0258509299 23 0.682349437928 34.0886809273 -0.0485482773434 0 3
巴拿马+、+突尼斯 24.2800240451 23 0.688283750788 35.0433670686 0.312930230305 0 3
波兰+、+塞内加尔 24.2800240451 23 0.63982545826 36.1903778755 0.0228202493701 0 3
塞内加尔+、+哥伦比亚 24.2800240451 29 0.63982545826 36.1903778755 -0.054719247095 0 3
葡萄牙+和+西班牙 26.4874016952 23 0.718452482694 45.198638549 2.58698904394 0 3
保持+不+败 38.9445195562 14 0.592411621147 44.4983471341 1.88741442032 0 3
世界杯+小组赛+中 43.0322530597 23 0.767556566498 19.4081210557 2.66284237135 0 3
最后+一+轮 33.1091236978 14 0.558574754545 48.1442131667 3.17740368834 0 3
两+支+球队 43.6337596524 14 0.585037664933 45.9027533639 2.71630577716 0 3
支+欧洲+球队 34.5703804801 17 0.518231920981 41.3335164608 2.77108488433 0 3
死亡+之+组 109.517254528 14 0.557754705161 49.8643970583 4.69726215954 9 3
传统+强+队 25.2572864431 14 0.641227459366 46.3118880443 3.41922028046 0 3
俄罗斯+世界杯+抽签 26.5228707708 26 0.567035941534 41.6006360106 1.1452775887 2 3
32+强+分组 26.4872989583 13 0.580941965085 45.5997801939 1.80399649293 1 3
32+支+球队 27.7830150874 13 0.522648864383 43.3735833612 2.24655198371 0 3
世界杯+32+强 49.9065970003 16 0.531240334881 52.4743690101 3.16449335163 10 3
俄罗斯+世界杯+32 29.6836895068 22 0.620472772591 50.1091190088 1.32571054727 5 3
时间+12月+1日 32.7736027136 17 0.5437958929 47.3793583378 1.91081080706 0 3
组+：+法国 23.0258509299 14 0.701954344272 35.7516697839 0.847897464643 0 3
组+：+阿根廷 23.0258509299 17 0.701954344272 35.7516697839 0.847897464643 0 3
组+：+德国 23.0258509299 14 0.701954344272 35.7516697839 0.847897464643 0 3
进入+【+新浪 23.0258509299 17 0.495690216617 45.7693727683 1.49668031045 0 3
新浪+财经+股吧 23.0258509299 20 0.495690216617 45.7693727683 0.575646273249 0 3
股吧+】+讨论 23.0258509299 17 0.495690216617 45.7693727683 -0.0 0 3
胜+1+平 62.9103777446 9 0.646910133917 44.1444132809 2.97352702236 0 3
队+在+历史 202.627488183 14 1.0 -0.0 1.52559856189 0 3
历史+上+交战 349.992934135 17 1.0 -0.0 1.07492942474 0 3
平+1+负 49.0918105625 9 0.607029225935 36.1242635453 1.91713331415 0 3
负+占据+优势 46.0517018599 17 1.0 -0.0 1.10935095248 0 3
队+在+世界杯 128.944765208 17 1.0 -0.0 0.314753977072 0 3
队+在+友谊赛 78.2878931618 17 1.0 -0.0 0.554578521584 0 3
占据+绝对+优势 46.0517018599 20 1.0 -0.0 1.53787283777 0 3
失+3+球 50.6568720459 9 1.0 -0.0 1.21673432476 0 3
负+处于+下风 50.6568720459 17 1.0 -0.0 2.0202764958 0 3
世界杯+决赛+阶段 30.3087437317 23 0.445285753803 47.8940786629 2.75884699413 0 3
艾尔+-+哈达 73.6827229758 15 1.0 -0.0 1.47293775869 0 3
