希望 60.4627144429 6 0.628096961188 42.9836012784 8.46626663613 0 1
零片酬 45.8817756436 9 0.629804284253 42.0926707336 6.14828089049 3 1
向佐 37.7371195963 6 0.60035787944 39.2337883991 1.42566631688 0 1
国际 47.0204361301 6 0.604589638068 42.1765775851 8.19136705413 0 1
指导 52.2615454316 6 0.608531178392 41.0927807474 6.75003711273 1 1
海报 86.9634396499 6 0.669042558739 40.6827619466 7.7169788249 5 1
应该 41.3150906011 6 0.556452631056 42.0199879165 7.24058573244 0 1
甄子丹 63.7256773811 9 0.600467578961 42.2885141356 7.15744811675 5 1
已经 61.599083797 6 0.604043701183 45.5561283614 9.44118868382 1 1
高手 50.4610846642 6 0.566701386914 42.9473982303 7.60956147374 1 1
阿里 168.388361221 6 0.612670545141 44.9713335573 10.7185730806 3 1
目前 39.7849020603 6 0.6263912555 45.2670531874 7.59404656394 0 1
包括 43.0263872292 6 0.56570650604 42.6912656249 6.24094418867 0 1
实现 46.0983952236 6 0.618112188939 42.9235543826 7.45011088311 0 1
成为 56.6144209407 6 0.604762170023 44.8322195765 9.23338101449 1 1
风清扬 54.3349125466 9 0.62553592854 41.72310778 6.37114351484 0 1
发展 71.1614255244 6 0.611744912399 44.6127030277 8.97557249946 3 1
进行 59.3176362489 6 0.582977476417 44.2338296754 8.93033310109 0 1
这部 72.4024667901 6 0.616011702967 43.6142937505 8.59346125644 0 1
优酷 46.9405438736 6 0.601894325923 41.2753858822 6.61211236406 0 1
亮相 45.4771589564 6 0.616098187048 39.7941442071 6.86704795842 6 1
基础 43.5374408612 6 0.632442264823 41.1869735971 6.09493776355 0 1
中华 65.3044711712 6 0.628807750322 40.9830321152 6.54986972461 0 1
过程 44.0173439821 6 0.665790785521 43.3182944724 6.1204411978 0 1
工作 42.1084805152 6 0.512655807235 41.3632586645 7.84920743434 0 1
陈家沟 81.7965318783 9 0.664537860142 33.4991337157 8.25446849622 5 1
企业 70.3416567365 6 0.602808666585 42.6765515864 7.8801303676 0 1
巨星 54.0636676879 6 0.557758405976 43.7879020536 8.01261639033 0 1
派出所 143.617860524 9 0.702860620414 18.3684002848 7.86999552968 1 1
了解 51.8118034527 6 0.635362039676 41.0182848952 6.07405098514 0 1
监制 38.2682719597 6 0.588879489979 41.1262500987 6.01625439352 0 1
演员 78.3636409737 6 0.592145590401 42.6924720859 9.5570628102 2 1
主题曲 51.9283983801 9 0.587562370661 42.2231748719 5.64048903684 6 1
阿里影业 106.749830378 12 0.593017471019 34.7738469808 8.04193655356 1 1
明星 67.2779525229 6 0.593511067409 44.6625547295 9.34831721002 0 1
消息 43.2963715928 6 0.644767471797 42.0707448021 6.62256486193 0 1
清扬 52.2145158388 6 0.557557123007 41.7282171229 4.48045983956 3 1
双十一 60.3200639755 9 0.613983512535 42.077175851 8.10221499965 2 1
马云 56.7355206529 6 0.597655514076 43.8937024342 8.79437737954 2 1
12日 38.7846083166 5 0.573386568397 40.0260511523 4.97374476879 0 1
华山 90.8850354204 6 0.554310830712 36.7942615469 8.0835886453 1 1
透露 54.7547411529 6 0.630285466025 42.8394594954 6.8420162907 0 1
共同 44.2063400985 6 0.647890826701 42.7670348925 7.05157777224 1 1
邹市明 40.2963672074 9 0.646314159868 40.6872963999 1.96267225522 0 1
平台 43.0263872292 6 0.607557848415 44.9494518076 8.1774988696 0 1
出演 64.6103363531 6 0.632393926095 41.6225822449 7.03811956504 6 1
主演 65.2841215423 6 0.56267430515 43.4774112667 7.0643711605 15 1
重要 57.6679122004 6 0.482192619163 44.2176246871 6.86737332309 0 1
中国 103.65737407 6 0.586346156429 44.0738533439 10.4276360276 11 1
推手 72.4265864861 6 0.613904793411 37.3563453941 7.22541424407 0 1
规则 52.26264852 6 0.619845994547 36.901703021 6.37179410138 0 1
正式 47.4409503496 6 0.640006823288 44.2948022128 8.15962796119 2 1
表示 54.3422532595 6 0.601371639521 44.3553163606 8.32306869392 0 1
武学 48.8458373976 6 0.599823029699 38.756031738 6.18691979526 3 1
功守道 0.0 9 0.582927034398 44.695691637 10.0933712142 91 1
项目 96.4384541344 6 0.629787511799 42.939871527 9.21391414686 1 1
喜欢 50.5273185584 6 0.58944680221 43.1076844998 7.76524575017 1 1
年轻人 45.4771589564 9 0.609045651565 39.4653130444 7.60935358678 0 1
弘扬 41.7372861147 6 0.661511051763 41.500846608 5.96263841 0 1
公布 45.2789384956 6 0.656212689529 39.9217750201 5.88889104641 2 1
贡献 44.5100557544 6 0.686694521781 40.3049252009 4.50684795898 0 1
参与 53.6176898827 6 0.590646898721 45.0489993871 8.84203801977 1 1
推出 41.8997144447 6 0.668702094837 43.216689196 7.30810628735 0 1
太极拳 152.904437552 9 0.571880646218 43.955785722 11.1507987769 2 1
第一 52.4732936048 6 0.598080065691 44.4127315094 8.6108304271 2 1
擂台 64.1921328315 6 0.622576700459 36.8442409742 7.33475385957 2 1
。马云 41.3150906011 9 0.626124303251 44.3250382011 8.58613860155 0 1
洪金宝 47.183630043 9 0.602954172675 41.1029765772 5.00384592375 0 1
新浪 38.8141276496 6 0.586862404201 40.8753516023 4.30459937251 0 1
武术 109.378177611 6 0.605113146575 44.7174317519 10.4989006001 6 1
介绍 39.4744676237 6 0.609369502432 42.3651311418 6.01067681643 0 1
功夫 66.9482911181 6 0.582932892802 44.8017487987 10.2389837595 9 1
世界 81.4236984923 6 0.599678887792 44.1857058968 9.19063635696 1 1
观众 67.6152483169 6 0.621682393316 42.6567326616 8.9061724081 3 1
武林 43.7928197358 6 0.498831734928 41.7363706389 6.21711720136 2 1
北京 47.0891907922 6 0.613933178886 41.2090748595 6.17910847431 0 1
朝青龙 38.7259486958 9 0.620142043924 39.4148871826 0.942831177667 0 1
腾讯 95.6524985215 6 0.630579433446 32.8192150081 8.21402973339 1 1
此前 43.5374408612 6 0.634503161404 40.0021030302 6.63562858971 0 1
李连杰 69.9444168101 9 0.59666163416 44.4748278279 10.6266715533 27 1
进入 46.0549364024 6 0.570229681777 43.7477039294 7.55387486055 1 1
知道 48.9081599801 6 0.56355162236 44.8824710837 7.08643064805 0 1
今年 53.5243701626 6 0.59679594731 44.7686960146 8.5593161612 0 1
上映 35.548589893 6 0.590149060267 41.1314735079 6.6466546975 0 1
小时 43.7928197358 6 0.525030471099 44.3844981935 6.23126266182 0 1
影片 80.1811412489 6 0.628487647193 43.5233584338 8.88203157692 1 1
时间 44.59351668 6 0.616982005268 45.0289165708 7.69616303313 0 1
梦想 79.7870528607 6 0.586897484061 43.27930988 7.81154474763 0 1
体育 132.052031946 6 0.646771714089 41.6430576873 9.54203254106 3 1
传播 50.4447298549 6 0.625998681019 42.6485520546 7.35103848952 1 1
赛事 89.5297819528 6 0.581090511691 39.4220308902 8.88004897361 2 1
拍摄 62.6648315125 6 0.616148875376 43.8785200588 8.25647021463 3 1
袁和平 44.4882271867 9 0.663718655264 40.4895252117 3.795330473 0 1
奥运会 56.2733253892 9 0.590600743807 41.5903455432 7.18988913965 1 1
程小东 42.2595301981 9 0.653537885804 38.9984926976 2.11073800855 0 1
记者 50.5273185584 6 0.648213854722 42.2733121667 8.41960381193 0 1
方面 43.7928197358 6 0.574443704208 42.8949953562 7.6808308386 0 1
师傅 65.6428859633 6 0.572160013707 41.4153436627 6.98095859741 2 1
文化 153.323980397 6 0.611667019277 44.3246484977 10.2189247283 10 1
全球 82.9467097504 6 0.633395626045 43.5920867515 9.55259264748 0 1
分享 68.334912476 6 0.642986007915 43.3852175148 6.68666780886 0 1
分钟 59.4185849141 6 0.574868542334 43.5043352192 7.36631429568 3 1
上海 42.1084805152 6 0.661924625155 38.1422171524 5.64072435671 0 1
哲学 57.0595199768 6 0.677386788193 41.4687614921 6.00383785886 0 1
合作 68.8584843351 6 0.61090956861 44.1311845948 8.53563947774 0 1
动作 97.1944325499 6 0.602367093527 43.9183276056 8.62944823033 0 1
太极 129.13640733 6 0.586766309194 44.8467723035 11.573103249 12 1
资源 48.6573009191 6 0.619386473556 42.8054642191 6.92095396216 0 1
领衔 39.7849020603 6 0.546715563187 38.7240278324 4.67876012076 1 1
15日 39.8446999011 5 0.577475129814 40.706954733 6.39136318136 0 1
短片 48.9610613298 6 0.57456128494 40.3757204309 6.50737752981 0 1
全世界 55.5067542426 9 0.67020955057 43.1207700344 6.91830512551 0 1
优秀 50.3269948711 6 0.649110181773 41.7956241567 5.49226948339 0 1
致敬 69.5841502151 6 0.674491074492 41.2465753751 5.39586319306 3 1
创新 48.9081599801 6 0.63169378268 41.5336730017 6.92022667572 0 1
出现 42.1084805152 6 0.623100225838 43.2166325809 7.2892781578 0 1
能够 44.0173439821 6 0.688814086374 42.7530973835 7.86061567326 0 1
导演 52.6645776193 6 0.553847268134 42.6728178293 7.57396543525 2 1
11月 34.1101844826 5 0.580821062144 44.3867761286 8.48264036901 0 1
推广 84.8137897956 6 0.643463833365 43.9898835441 8.37893712432 7 1
公司 71.0533471763 6 0.661788453213 41.9140694219 8.50017854514 0 1
晚会 84.9137889919 6 0.535207713693 42.2469753218 8.0568636289 2 1
比赛 89.4851201399 6 0.610160012222 41.0857556116 9.06170474522 0 1
阿里巴巴 97.8006270299 12 0.577212840237 43.7279183647 9.60519644783 1 1
电影 108.015584195 6 0.573372518133 44.3105951082 11.1521287516 20 1
传统 118.246098374 6 0.633902944788 43.0361461559 8.53143196296 2 1
关注 45.9937242795 6 0.606271017336 44.7099759383 7.96281186363 0 1
座驾 89.2756652867 6 0.660160680254 11.4301529625 5.53890061147 3 1
托尼·贾 38.7259486958 11 0.592936481329 39.9258231162 1.52224011164 0 1
刘承羽 55.1551390515 9 0.609519746007 40.9086005502 6.20719488884 1 1
吴京 45.1910754069 6 0.606792200454 43.1369105905 4.66555976321 2 1
微博 92.7254938652 6 0.664168159381 42.723035339 7.44123130868 1 1
现场 68.4434264411 6 0.591245463755 42.5745462134 9.31830068959 1 1
天猫 50.5273185584 6 0.550134097387 43.2227634594 6.45049549067 1 1
运动 50.4962218457 6 0.561237090251 41.2281374594 7.72927588228 0 1
网友 81.850388819 6 0.61221226542 41.2496722081 8.63435358715 4 1
文章 43.4877263915 6 0.55638548133 42.4922130553 6.5762562398 1 1
阵容 44.7605939375 6 0.600956888672 40.8149928282 7.29041516552 0 1
之后 48.8830001854 6 0.589054272005 44.3635483761 8.2872034424 0 1
马+云 54.1409289171 7 0.582020435992 44.604319293 7.74966620275 57 2
传统+武术 45.7903824435 13 0.646050981008 41.7203038113 5.04670219022 1 2
功守+道 29.257260602 10 0.624561154923 39.6679974841 3.16424649863 0 2
中国+武术 79.8506641813 13 0.625759922636 43.738469292 6.04428972575 2 2
李连杰+监制 28.1366626946 16 0.583781065106 27.5643760679 0.883472005349 0 2
领衔+主演 39.4744676237 13 0.563882987205 37.1906700956 3.14816173772 1 2
吴+京 58.6596002225 7 0.575617447847 42.6540887867 5.00654321536 4 2
邹+市明 26.1523504128 10 0.423807365212 29.7452724637 2.13914289748 1 2
拍+电影 33.5998939932 10 0.525336088959 43.789606575 4.31395147982 1 2
双+11 92.9709664358 6 0.53866628697 41.871406348 5.78308642321 7 2
马云+领衔 34.240322869 13 0.54923031088 35.6687542448 2.03709151814 1 2
武术+指导 43.885890903 13 0.584874048354 34.2006259185 4.25512050006 1 2
云+主演 40.5030572965 10 0.550826358314 40.5805621552 2.5309265418 9 2
监制+李连杰 25.0776519446 16 0.640363946548 37.6952097052 1.94324425838 0 2
功夫+巨星 32.4385026787 13 0.468493148858 42.5408807523 4.20718400984 0 2
新浪+娱乐 25.0776519446 13 0.603075239063 37.2583315427 0.674896198086 0 2
娱乐+讯 25.0776519446 10 0.603075239063 37.2583315427 1.47922490864 0 2
中国+功夫 45.6289509607 13 0.589529202415 41.9189887059 4.92262104651 3 2
中国+文化 80.7229849493 13 0.673219888428 41.8566914632 4.20217451414 3 2
功夫+电影 29.9432332419 13 0.587070468031 41.6622306911 3.76114873369 0 2
武术+文化 40.1952324208 13 0.644506444763 41.141230796 4.21469584697 2 2
太极+文化 77.6282552993 13 0.618871655175 43.752631863 5.95716088456 1 2
年+前 31.8097623971 7 0.665673290096 40.8051003621 4.39697735677 1 2
运动+项目 26.1523504128 13 0.705500446778 36.8139576061 2.58909033169 0 2
首+场 29.257260602 7 0.648652335571 36.6178095923 1.78512348115 0 2
11月+15日 37.0873492625 11 0.599418951957 39.7159276826 4.1265198874 0 2
世界+分享 35.5266735882 13 0.758997871798 39.3098712864 2.66956592989 0 2
分享+太极 23.9449727628 13 0.669640660142 38.623504504 1.86745763832 0 2
文化+中 27.2655106261 10 0.76871161181 35.1414671361 3.00112414731 0 2
李连杰+表示 36.3540141681 16 0.699166889509 39.4765533157 1.28329945906 0 2
进入+奥运会 33.2848096163 16 0.710041639951 39.9885794877 3.31550121974 0 2
功夫+明星 26.1523504128 13 0.612830662761 42.0939987164 4.76172750474 0 2
11月+11日 33.0884550545 11 0.643820461729 42.1024729148 3.03096896582 0 2
优酷+独家 29.8665724384 13 0.635463353674 36.3767161607 1.89888130655 0 2
独家+上线 23.7748640117 13 0.663938043929 37.0173142742 0.864062323038 0 2
场+比赛 26.1217884685 10 0.602341512509 36.7082948249 1.99021565631 0 2
首+期 30.612466602 7 0.704168412261 30.3797671509 2.89183054087 0 2
全世界+分享 32.1561859367 16 0.665192124371 38.89063086 2.77405820743 0 2
22+分钟 34.9337721155 9 0.507174286144 39.6568554954 2.57118620991 0 2
电影+中 23.7748640117 10 0.597555485566 44.0699626796 3.64296851198 0 2
马+师傅 62.3140780561 10 0.573315667168 40.4313616217 5.07932902514 2 2
武术+流派 26.1269010735 13 0.695394826185 36.5377566632 1.5544804513 0 2
高+晓松 27.2655106261 10 0.615812686565 39.1933478932 2.6039822034 1 2
风+清扬 48.8458373976 10 0.557557123007 41.7282171229 3.25698566825 3 2
部+电影 36.3165102138 10 0.572353181324 44.8668817459 4.05436434283 0 2
12+天 41.0665371028 6 0.568134635971 41.5908978749 4.49524413922 2 2
过程+中 34.84176568 10 0.729115531077 41.7381007814 3.1109107336 0 2
李连杰+透露 36.1757091788 16 0.639678516177 40.7162121661 1.15637455371 0 2
零片酬+出演 35.3711236328 16 0.662275543498 38.9090539536 1.98064767308 2 2
首+次 39.6466896378 7 0.628866697302 40.3820042681 3.86163005378 3 2
功守道+首 29.5376365116 13 0.625011268856 35.8330497316 1.50010333676 0 2
安徽+铜陵 26.2880082945 13 0.589915837007 33.1018935727 3.10227017082 0 2
太极+推手 46.4556875733 13 0.577518393055 37.0814316442 3.74757934716 0 2
比赛+规则 26.2880082945 13 0.692825514705 32.0320579077 2.76895972822 0 2
活步+推手 38.2609994086 13 0.666123102781 23.8609396951 4.3028111251 0 2
第一+次 24.9933847406 10 0.754410139909 37.8309620813 3.88981921835 0 2
11+位 33.4368692594 6 0.615478856559 41.6105126131 3.55300184598 0 2
中国+传统 65.7981072535 13 0.680127722413 41.4194113593 4.81244293876 0 2
讯+11月 25.0776519446 9 0.570686821508 37.3587773446 1.82291427105 0 2
观众+见面 26.1523504128 13 0.727171526532 27.1016479443 1.36864637914 1 2
弘扬+中国 30.1464243156 13 0.768424326721 38.7049005849 2.99011842467 0 2
传统+文化 97.866739855 13 0.680146616355 42.577999964 6.34442792685 1 2
十+年 39.9243109892 7 0.623948215298 37.1403117677 4.85691613903 2 2
文化+自信 38.0397824187 13 0.691963616672 38.6204342875 3.37909250523 1 2
中华+武术 38.5485498589 13 0.639847738015 29.2704776263 3.33819228554 0 2
推广+中国 30.9704583822 13 0.689348965607 39.4186180632 3.28943899717 2 2
阿里+影业 36.1783696206 13 0.678007459904 34.9838354937 4.02076944468 0 2
华山+派出所 97.0390949486 16 0.702860620414 18.3684002848 5.38626856728 1 2
11月+12日 38.5177005182 11 0.593717447961 39.7650268966 3.04761237828 0 2
20+分钟 36.0424451253 9 0.592740484447 40.5914667557 3.6359135238 1 2
双+十一 44.479095991 10 0.675144336758 37.0819466234 3.90711880006 0 2
王+菲 74.3611799785 7 0.634011291294 39.6325929669 5.19974211809 4 2
这部+影片 28.8339561002 13 0.703090055071 37.0670472437 3.5689434953 0 2
10月+28日 27.1674562733 11 0.693934488774 36.3704969924 1.77573417055 0 2
电影+海报 27.0991510844 13 0.739214328098 37.3665493301 2.06668061676 0 2
功夫+大片 27.4479638051 13 0.601639726632 24.2259835664 1.84857573278 4 2
天猫+双 41.3594984084 10 0.50063510155 36.7144388062 3.51153630581 1 2
分钟+精华 27.2655106261 13 0.61064969023 37.3443362014 2.28597538994 1 2
武林+高手 25.0776519446 13 0.546557710349 35.1974269475 2.4881662381 0 2
守+住 31.8097623971 7 0.654050928776 39.2567878395 1.48479181707 0 2
这部+电影 48.966033305 13 0.58091156839 43.0648004083 5.60313385761 0 2
12日+零点 32.6054399867 12 0.581645684504 36.3472412266 2.1250921171 0 2
推广+太极 29.5376365116 13 0.760866211916 38.5703444959 2.66420515542 0 2
11+晚会 36.3540141681 9 0.553127778891 37.7204716786 3.45120072636 2 2
11月+10日 27.1674562733 11 0.572746745414 39.3547892067 3.98847651568 0 2
精华+版 28.529836814 10 0.575498472143 34.6628806748 2.74711051179 1 2
功夫+做 27.0991510844 10 0.694475394819 31.752568703 0.477849945556 0 2
文化+致敬 32.4382006127 13 0.680134980063 34.8164872778 0.502111967446 1 2
分享+中国 52.0264103865 13 0.720122905315 36.5937938248 2.22444623632 0 2
猫+晚 26.2880082945 7 0.642531772789 32.6379617704 2.94440047443 2 2
总+监制 28.8339561002 10 0.663907572207 37.8125281901 2.68168199517 0 2
首+歌 27.8295150928 7 0.726034318553 30.4605255314 2.73071999969 0 2
动作+明星 28.9168091239 13 0.651075730344 37.2150952998 2.70959651781 0 2
中+蕴含 28.9168091239 10 0.808224998613 27.2226503026 1.30871223608 0 2
优秀+传统 27.8295150928 13 0.645472902355 35.8301021165 2.86059010845 0 2
创造性+转化 26.1523504128 16 0.703455598216 38.41827744 1.9082420877 0 2
创新性+发展 26.1523504128 16 0.703455598216 38.41827744 0.52167957162 0 2
阿里+体育 77.6312759589 13 0.843399849023 9.35748693756 3.34597352537 1 2
校园+体育 38.8156379794 13 0.843399849023 9.35748693756 4.69679925918 1 2
软+价值 45.747109785 10 1.0 -0.0 4.28091095084 0 2
功守道+》+这部 34.240322869 20 0.690729139918 39.9128548598 1.77942587157 0 3
甄子丹+、+吴京 44.59351668 20 0.628404032097 41.3124868012 0.518660952165 0 3
电影+《+功守道 50.1132132806 20 0.580608065129 43.1493642427 3.19125350933 8 3
功守道+》+主题曲 39.1826827027 23 0.579029135185 35.1916966368 2.47140249762 5 3
马云+领衔+主演 34.240322869 20 0.54923031088 35.6687542448 2.03709151814 1 3
洪金宝+、+程小东 39.1064001484 23 0.652460441213 38.6940142825 1.15918252996 0 3
李连杰+、+甄子丹 43.3867249163 23 0.658161451676 42.1738264759 1.37258404013 0 3
吴京+、+邹市明 34.9164287039 20 0.652781988603 39.536764912 -1.17062157719 0 3
邹市明+、+朝青龙 34.2319754525 23 0.648312498335 38.6351799935 -0.844142428035 0 3
朝青龙+、+托尼·贾 32.0024451915 25 0.641652636938 39.0379583612 -1.16150593313 0 3
托尼·贾+、+向佐 34.9164287039 22 0.620611586053 38.2375988577 -0.142516631985 0 3
向佐+、+刘承羽 33.1019855392 20 0.645891939912 38.7804223312 -0.239458558145 0 3
马+云+主演 40.5030572965 14 0.550826358314 40.5805621552 1.92874034907 9 3
新浪+娱乐+讯 25.0776519446 17 0.603075239063 37.2583315427 0.674896198086 0 3
功守道+》+电影 45.4771589564 20 0.616151502802 39.4346581681 2.58117315452 1 3
优酷+独家+上线 23.7748640117 20 0.663938043929 37.0173142742 1.22060726455 0 3
首+场+比赛 23.7748640117 14 0.62942326601 34.3841989829 1.09325630206 0 3
袁和平+、+洪金宝 39.4744676237 23 0.706841829092 38.2042461088 0.651829912971 0 3
程小东+、+李连杰 26.1217884685 23 0.68344441185 36.9924405956 -1.38629436112 0 3
主题曲+《+风 28.2986041742 17 0.650966055193 39.4441281344 2.28439872535 2 3
阿里+大+文娱 35.5832767928 17 0.68059049395 38.4435612898 3.11523583738 0 3
中国+传统+武术 22.7212588551 20 0.716015840735 38.5794864371 2.64986112546 0 3
马云+、+李连杰 26.1523504128 20 0.628343433356 38.2361403428 0.904107569645 0 3
李连杰+、+吴京 27.2655106261 20 0.705579555842 38.6526247603 2.78557432299 0 3
中国+传统+文化 50.4594231754 20 0.713239986839 40.6054698444 4.01481375228 0 3
大片+《+功守道 26.2880082945 20 0.571360024877 21.5827457857 1.01612418384 4 3
天猫+双+11 40.8982659392 13 0.509972187855 35.2557272197 3.34385199091 1 3
男+一+号 32.6522355856 11 0.603153361955 36.2450324594 2.61031708944 4 3
主演+的+电影 22.7212588551 17 0.590430181436 38.304514698 1.72936156048 0 3
11月+12日+零点 32.0024451915 18 0.610142889667 35.2545518675 1.9748923292 0 3
共同+的+梦想 26.1269010735 17 0.689188698925 34.9099686438 0.961327638107 0 3
双+11+晚会 36.3540141681 13 0.553127778891 37.7204716786 3.0449539328 2 3
中国+功夫+做 27.0991510844 17 0.694475394819 31.752568703 0.732418617598 0 3
做+过+贡献 27.0991510844 14 0.694475394819 31.752568703 0.477849945556 0 3
贡献+的+前辈 29.6054597856 17 0.725333533647 36.0089794896 0.986058898351 0 3
前辈+们+致敬 26.1269010735 17 0.706674698254 30.9367649741 -0.0 0 3
中国+文化+致敬 27.0991510844 20 0.694475394819 31.752568703 0.188504094973 0 3
分享+中国+文化 40.7567999834 20 0.709919964879 36.1029723422 1.67239474558 0 3
短片+《+功守道 22.7212588551 20 0.715600158137 35.8740921019 1.48010227589 0 3
推广+中国+文化 24.9933847406 20 0.730473442076 36.7706444836 1.90059434949 1 3
功守道+》+精华版 35.0725827912 23 0.673689703247 26.4568538638 1.79507202704 4 3
甄子丹+、+李连杰 23.7748640117 23 0.567508582979 27.631494329 0.0982570415764 0 3
记+了+台词 33.3954181113 14 0.703299635935 25.8909346568 2.01846552932 0 3
记+了+动作 36.1783696206 14 0.703299635935 25.8909346568 0.725326151595 0 3
世界+分享+中国 28.9168091239 20 0.804659270866 28.9703197851 1.29726660503 0 3
优秀+传统+文化 27.8295150928 20 0.645472902355 35.8301021165 2.86059010845 0 3
参与+《+功守道 28.529836814 20 0.693851516987 27.9871130668 0.51986038542 0 3
