2016年 46.9622590553 7 0.557246753171 59.0016491197 8.24331168302 0 1
希望 43.4377199795 6 0.559240525327 57.3953863978 7.58175081942 0 1
战争 55.3297692423 6 0.702616405937 54.7144985477 8.09670104221 0 1
国产片 79.8998202493 9 0.56646689225 58.2696168332 9.07341480712 0 1
这种 57.2460323709 6 0.589353384072 60.6872006604 8.99212773092 0 1
国际 55.2391223563 6 0.611591673978 57.3842743941 8.57382153789 1 1
国内 54.8120348134 6 0.494738780742 61.8658855831 9.12749231358 0 1
现象 53.1714674003 6 0.585761874183 60.3021978076 6.69353627269 1 1
原因 44.198263841 6 0.490994642812 61.8877963525 7.05946930223 2 1
之前 41.150107714 6 0.436938700401 59.4464468871 8.08296047844 0 1
已经 76.3886493738 6 0.540343495217 60.3315595474 10.8347677492 0 1
8月 78.1075029948 4 0.502252393335 59.4011510745 9.71086449148 0 1
拍摄 92.8448752961 6 0.530157967464 57.1326847579 10.5605701825 0 1
突破 60.4037461592 6 0.525348987693 60.0237319495 7.83484834903 3 1
质量 79.2520593011 6 0.592258718054 58.9507902644 8.87858926155 3 1
显示 48.8276679301 6 0.498325841228 53.5562624366 6.77578174529 0 1
成绩 74.9470680101 6 0.474155624542 59.3125984212 8.74540677719 0 1
阿里 111.569874907 6 0.888453001345 34.5587124244 7.74720386454 5 1
取得 65.9641825418 6 0.542739085014 59.8354468826 8.22915949132 0 1
成功 81.4312265265 6 0.60648851099 59.3696590547 9.15061782974 2 1
目前 78.9384338777 6 0.464652396625 60.0323603477 9.24334996443 0 1
该片 48.4497645926 6 0.386013569506 57.4966431415 7.81375752111 0 1
社会 69.7058194189 6 0.642633528631 56.2707176532 8.44828957752 0 1
唯一 44.5476793196 6 0.471299558729 59.4179369008 7.20046698461 0 1
未来 54.4535429869 6 0.614502046869 61.6627357197 8.73069752074 0 1
报道 62.4872006028 6 0.511464746833 59.2521460673 7.45592801785 0 1
发展 55.8404642182 6 0.558827650618 61.0769215012 8.84832430156 0 1
进行 53.4398120285 6 0.588910720527 57.7819209517 8.08733451628 2 1
财经 46.5682164915 6 0.579905572104 52.6767681927 3.82235719271 0 1
卢靖姗 74.737890298 9 0.528892167401 31.8367384849 7.95044145963 0 1
军事 65.5404528399 6 0.521147594071 58.7217077181 8.42833490807 0 1
档期 58.6414578041 6 0.514882808762 59.7006744573 8.52472527426 0 1
这部 79.8607799587 6 0.615179047872 56.8278932425 9.0330543929 0 1
冷锋 49.4015796807 6 0.66526482419 50.8886241229 8.03198129397 0 1
50亿 72.6047239826 5 0.520429209316 58.6745651453 7.37489498766 7 1
影业 88.6890097617 6 0.728596333695 50.4804895702 7.35390398861 4 1
基础 48.1114936652 6 0.553029730859 59.1892635308 6.81078386207 0 1
影院 79.0386677571 6 0.521439016327 58.9422353101 10.209344006 0 1
超越 50.2010355419 6 0.669050310433 57.9379094558 7.13184659896 1 1
类型 99.0650741264 6 0.679020814314 57.6469798869 9.62483107099 0 1
采访 43.1187189736 6 0.525639457883 55.495054376 6.30659767187 0 1
9月 61.5237125456 4 0.535812671048 52.9451492885 8.19005351861 2 1
大业 62.0823068332 6 0.625794702468 52.8289488118 4.39467266148 0 1
讨论 37.3637338488 6 0.52998828881 58.6468360385 3.470143759 0 1
持续 53.057298295 6 0.495349295169 60.0344446583 8.21291556975 0 1
旅游 84.1591129234 6 0.831496102617 38.8640046309 6.61205092564 0 1
模式 53.4572151836 6 0.553413406497 60.4864935337 7.54242810577 0 1
达到 76.2131994558 6 0.518706093264 60.2062369386 9.36522895053 1 1
应该 48.5816472986 6 0.489906478224 60.2729231078 8.6117744469 0 1
发行方 62.9333204194 9 0.703405543464 54.5776387774 7.54130093787 0 1
口碑 76.9405676474 6 0.560151080359 58.4899639348 8.78379224117 1 1
演员 101.350364527 6 0.42660610573 58.5581191253 10.3327583482 1 1
去年 83.3498678166 6 0.517275554899 60.2356645794 8.81724214201 0 1
冠军 48.6885404527 6 0.566345831123 58.070933481 7.10961352599 0 1
需求 46.3295864924 6 0.687930974143 59.1485987664 7.3417143156 0 1
方式 42.4061481362 6 0.560113440444 59.4973497517 7.36345127009 0 1
二十二 64.7509918677 9 0.647638099538 54.5596002497 5.57170364659 1 1
资本 51.6753080108 6 0.535208062207 59.0651917436 7.98752842906 1 1
华语 53.4572151836 6 0.515849618386 59.3312629776 7.18850808332 0 1
增长 85.8275768942 6 0.602799343913 51.7077051911 8.72847244512 1 1
56亿 57.1184856326 5 0.51181760816 45.8246556247 6.25969529285 7 1
当时 50.0177140094 6 0.44373120517 59.7267012352 8.02129989852 0 1
联合 53.3537060551 6 0.734494417144 50.6189692715 6.94456620194 1 1
主要 43.1187189736 6 0.557393683436 59.6436684002 7.97626870348 0 1
主旋律 114.976565273 9 0.648526290986 58.2398673915 9.39399535751 5 1
影视 71.8533343247 6 0.486740210703 60.302509862 9.56481036612 1 1
最后 47.9058266596 6 0.513290345963 58.4890773357 8.12174451168 0 1
平台 66.3311446057 6 0.665540254682 57.7192871444 8.30990728209 0 1
看到 48.6885404527 6 0.544552495843 60.0495647066 7.84914648938 0 1
故事 115.888309434 6 0.639172623565 57.9458552688 9.5354068749 4 1
猫眼 47.246419968 6 0.489544027916 59.3454309211 7.46040466636 0 1
单日 74.3757423138 6 0.639626448694 53.0297407328 7.33139219452 0 1
主演 47.1179423735 6 0.581511882044 55.569800377 7.13357537924 0 1
观影 88.5026152812 6 0.64376052105 60.3780798232 9.29837725224 0 1
重要 46.18497624 6 0.574404633107 60.5126273143 7.35682887553 0 1
中国 139.998589014 6 0.549862198967 60.5625913083 12.521017347 9 1
空间 59.8650815892 6 0.625168561847 57.0084886166 8.12843894519 1 1
非洲 74.3757423138 6 0.639926602385 54.5201016943 8.78992641969 1 1
宣发 64.4886128111 6 0.692829917795 54.5344722552 7.62080143307 0 1
市场 138.575511607 6 0.582758894254 61.0690770114 11.0741885441 3 1
艺术 49.4015796807 6 0.667746633776 56.8598099436 7.81320536227 0 1
娱乐 37.996671407 6 0.501841027269 57.509586489 7.14496630019 1 1
内容 84.9746194625 6 0.51513381718 60.7557743404 9.56190212087 0 1
德国 108.204573759 6 0.567020502929 48.8396990677 8.04519026694 1 1
投资 66.1050675787 6 0.622010460623 57.2554716337 8.3071886401 0 1
奥斯卡 240.228933101 9 0.750082112394 51.0753697842 9.70854543065 4 1
新闻 38.4702838237 6 0.558863073667 55.8814404614 5.36594377756 0 1
问题 62.3912343427 6 0.55149086853 59.959289955 8.95917842553 0 1
传媒 61.7762021445 6 0.54483448442 54.4132375123 8.14323336539 1 1
题材 93.6528684866 6 0.551237320243 60.7298822321 9.5986832618 0 1
人次 76.2039031741 6 0.616955825105 57.1739479374 7.77408501279 0 1
获得 58.2979767583 6 0.560733918356 58.1534964753 8.86498719326 0 1
进入 54.4379996113 6 0.545938328457 59.2215136546 8.23815639126 1 1
大片 85.7534373044 6 0.618694283631 59.5305368047 9.22092588778 1 1
参与 61.0660790469 6 0.531700250661 60.5362196176 8.78004285147 0 1
需要 68.4159899067 6 0.500441040072 59.6523251457 9.55982723041 0 1
数据 61.0660790469 6 0.606386754901 58.1427656592 7.58802896766 0 1
表示 79.4343911556 6 0.488416372568 60.5757353456 9.39776018403 0 1
项目 68.1668437457 6 0.710067653085 55.0005278019 8.03029860678 0 1
票房 8.83589379761 6 0.484144779968 59.4936097325 13.0889226519 36 1
第一 77.7067565044 6 0.525073193161 60.4018345419 9.59059728805 4 1
超过 58.9960926875 6 0.53373351019 59.8199484819 8.54017926474 0 1
新浪 37.2045641933 6 0.513369998532 54.9983883822 2.96224676761 0 1
内地 113.552046504 6 0.554811495918 56.9829307326 9.22925577753 5 1
标准 76.0703692548 6 0.656637658487 49.1107957836 6.8531696163 0 1
觉得 60.3662065631 6 0.422199930125 59.6604233253 7.68751710895 0 1
成为 71.5086561258 6 0.549970048261 61.1885124941 10.5292086749 1 1
世界 54.6085340867 6 0.710287236334 57.52624979 8.79470884062 0 1
坦克 63.9064160116 6 0.626063181179 53.2779136333 8.16983716627 0 1
观众 110.204529952 6 0.546177439168 60.4408291263 11.7531975282 3 1
爱国主义 57.1184856326 12 0.693660512831 54.9540061047 8.27376709415 0 1
收入 66.827261507 6 0.600086247184 59.4003626174 8.27681159352 1 1
精神 61.5051347814 6 0.660385721419 51.4977293141 7.72429237076 1 1
北京 268.117261905 6 0.613218387867 59.8145572106 10.0768927476 8 1
好莱坞 119.691586225 9 0.686766319138 58.3114502923 10.5872001077 2 1
行业 80.100502035 6 0.585500427806 59.7939758987 9.43162982279 1 1
团队 73.5346902797 6 0.575964117282 51.5795520271 8.42394992299 0 1
英雄 111.699575358 6 0.63718657077 56.9696633996 9.346691874 0 1
互联网 57.6478563451 9 0.721843191953 52.4473934211 7.46514243695 1 1
首日 55.3855605434 6 0.64230693024 47.3940606455 5.77715321262 0 1
今年 87.3656265651 6 0.524616164083 60.1987957002 9.71945115079 1 1
期待 44.5476793196 6 0.527435960452 58.6360888067 7.47772585683 0 1
上映 71.4138779411 6 0.504955149931 60.1905214219 10.2866657994 3 1
媒体 51.8204237852 6 0.471683448249 57.8332918113 8.71233559599 1 1
影片 146.883825671 6 0.548886584168 60.134037029 12.3403413122 0 1
保底 139.685190375 6 0.772577067036 53.27432347 8.61851305642 0 1
商业 67.1861483657 6 0.588655759237 58.4146095185 7.91520119613 1 1
时间 62.642325501 6 0.496892056027 60.3373047956 9.1997866024 0 1
时代 43.4377199795 6 0.600746198055 60.444460122 8.32409258116 0 1
人物 51.2542789845 6 0.642303888505 53.712344193 6.97074180329 0 1
美国 89.48903643 6 0.606831638116 56.9090888572 9.78175058212 0 1
最终 51.7869205319 6 0.528834973297 61.4629652115 8.01930880209 0 1
制作 93.259976071 6 0.595853138767 60.5463963202 9.55165674305 0 1
2017年 63.7801270045 7 0.572151133687 58.0377737531 8.47884072081 0 1
作品 87.3477280798 6 0.587614604975 59.9990123422 9.3384784798 1 1
宋歌 169.890491336 6 0.955507365666 38.0143395106 7.82110590871 2 1
国产 86.6545325844 6 0.632448784248 58.1630266485 9.64839856455 2 1
战狼2 30.8324777518 7 0.484693971481 59.3821252186 8.88591363145 62 1
战狼 84.5481468748 6 0.479833073426 60.228089159 7.22638806617 25 1
2015年 48.6885404527 7 0.514936956067 58.2131052507 8.08510700339 0 1
超级 57.3058324296 6 0.672557320973 54.5502239946 7.26923668791 1 1
发现 43.4377199795 6 0.572290100655 59.9787683269 7.80706208395 0 1
镜头 61.5051347814 6 0.603511192899 55.559174124 8.44676592124 0 1
记者 64.8368743909 6 0.49519857566 60.2714604926 9.13405126832 0 1
方面 55.0592002718 6 0.57953753415 60.473020019 8.76893892568 0 1
产业 76.1645343841 6 0.630024074754 59.8876866648 8.52488762106 1 1
文化 291.437425222 6 0.620294579605 61.2697340784 11.0279139539 11 1
全球 74.1840718746 6 0.52857274985 60.4069032337 8.6823423796 2 1
7月 61.4347664468 4 0.611686500282 56.1942593225 8.52618316469 1 1
告诉 46.5682164915 6 0.506904208152 60.6009355777 7.03448153943 0 1
8亿 46.063294865 4 0.570529617951 60.489375412 7.2001469227 0 1
国家 77.0087691408 6 0.651296039037 58.037165558 9.34022919353 0 1
敦刻尔克 84.6263578827 12 0.536480657926 49.1460517595 6.09196167059 3 1
历史 78.1897027505 6 0.58812205609 60.6807229508 9.5151327436 1 1
整个 65.5353567298 6 0.558442114615 60.2858819324 8.64773677748 0 1
系列 44.5476793196 6 0.534751116472 59.8503312977 6.99534073044 0 1
发行 78.4201939483 6 0.643237655266 57.3723209841 8.75164438182 0 1
全国 61.5367532449 6 0.617692482734 54.3409708098 7.70921763889 0 1
表现 79.8607799587 6 0.570155130806 60.8279644487 9.29050123324 0 1
最高 57.4826674597 6 0.448220120836 59.4221334255 7.77806949873 0 1
合作 124.974401206 6 0.585574815797 56.2282372345 8.94881163534 3 1
动作 74.8694812113 6 0.585279342408 57.304906484 9.20968203675 0 1
影史 41.7670384419 6 0.571972418836 57.2978616373 6.84449332175 2 1
资源 68.1668437457 6 0.665409245148 52.3270773693 7.89262751379 1 1
香港 187.997614725 6 0.615418187997 53.4327357469 9.52418102999 8 1
创作 46.063294865 6 0.54085253053 58.857486164 8.05143099635 0 1
认为 80.4569229829 6 0.576125849115 60.3900796328 9.24633570813 0 1
出现 58.0484806368 6 0.560188735058 62.1532390377 8.60699204566 0 1
纪录 71.6067216543 6 0.518693787409 60.125214423 8.35935122526 5 1
累计 51.5908902488 6 0.558114593641 53.1178432404 7.16670264907 0 1
新片 57.6478563451 6 0.576373786246 44.8169530717 7.12510342501 0 1
能够 54.7461731337 6 0.592470461335 59.3489809614 9.29395898074 0 1
爱国 68.1736764003 6 0.577166823658 58.4775520497 7.66976655504 1 1
导演 87.9929009591 6 0.497019645085 61.100878577 10.2421815718 1 1
创造 53.057298295 6 0.568869937843 59.6292210704 7.12278330468 1 1
封神 69.3994695624 6 0.713206958566 48.0801251009 5.30142165994 1 1
最佳 74.737890298 6 0.69642510298 51.0021259719 6.0735322069 1 1
公司 144.495023279 6 0.627496743843 56.560897316 10.5257777956 1 1
代表 58.6414578041 6 0.570548913065 60.2529107274 8.28469747384 0 1
打破 46.9622590553 6 0.470641566017 60.4811246731 7.03001224481 0 1
暑期 161.64741684 6 0.601627063008 57.7806829606 8.57664139022 7 1
电影 47.8275305018 6 0.492834352555 59.7814601554 13.4572193597 21 1
关注 52.5995562733 6 0.459765266518 58.4935607753 8.6654128848 1 1
背后 53.3044501439 6 0.624676275674 58.7426230976 7.65928041782 2 1
吴京 65.9641825418 6 0.56512162137 54.7219532564 9.40271050868 3 1
微博 50.264808911 6 0.479371042719 52.1844791386 6.77494273676 0 1
现在 57.2460323709 6 0.58887204007 59.011172504 8.81997581876 0 1
电视剧 65.2100851785 9 0.438075325558 58.0698855169 8.3972978441 2 1
排片 55.3297692423 6 0.528877634281 56.9596979242 8.03627204715 0 1
网友 82.8590728511 6 0.447114583337 54.9101296604 8.64561042614 2 1
广告 103.969525399 6 0.602631338838 47.7930568501 8.76002923592 0 1
之后 58.2683104886 6 0.497028131658 60.8296025762 9.082728052 0 1
票房+突破 25.5625664046 13 0.695176765665 53.9349588383 3.08716960193 1 2
国家+新闻 25.5625664046 13 0.668696867809 49.3296671821 1.23046657188 0 2
新闻+出版 24.3894776845 13 0.670312542376 47.2809924033 0.963925636625 0 2
出版+广电 24.3894776845 13 0.670312542376 47.2809924033 1.0797269934 0 2
广电+总局 27.6648846212 13 0.630873747322 52.6654458946 2.28662555942 0 2
数据+显示 32.8027385501 13 0.607015720412 52.6119348765 2.43663382176 0 2
中国+电影 111.68003509 13 0.595681359332 60.3862548971 7.27867091571 3 2
500亿+元 30.0568260441 10 0.7832783542 26.864890381 2.33925332364 2 2
观影+人次 53.4618092056 13 0.62331367663 57.120071887 4.97531039008 0 2
同比+增长 24.1789593951 13 0.664960214253 39.7651862513 3.33874838484 0 2
国产+影片 28.8239281726 13 0.635536575883 47.1857797293 3.23647405608 0 2
影片+票房 34.0834218729 13 0.721963763936 50.8654123471 3.36239415788 0 2
总+票房 72.6047239826 10 0.600027372806 56.0527860997 6.68151728866 0 2
内地+电影 55.4306311011 13 0.603477292381 52.8982180698 4.9149284845 2 2
电影+市场 83.7220239728 13 0.665509149467 58.8405928913 6.99653941661 2 2
元+大关 31.4326472136 10 0.594074639724 42.6006145177 2.5604702298 0 2
暑期+档 156.99475445 10 0.592664093842 56.9471765136 6.57038681529 7 2
票房+中 24.1789593951 10 0.696857473556 44.7049989003 2.30604616645 0 2
世+十 30.4281477019 7 0.68316404028 51.3201985995 -0.0 0 2
十+里 30.4281477019 7 0.68316404028 51.3201985995 -0.0 0 2
里+桃花 30.4281477019 10 0.68316404028 51.3201985995 1.10512678881 0 2
好莱坞+大片 35.4995056523 16 0.723460300512 52.5485111458 4.72217825083 0 2
两+部 34.3272656833 7 0.482967129824 59.1856259745 4.44953576595 0 2
部+电影 47.1179423735 10 0.575351961305 59.8465510892 5.43428945884 1 2
成为+中国 24.1789593951 13 0.6940877311 52.0289365349 3.6136356044 0 2
电影+产业 48.9949189422 13 0.640516273949 56.9693898841 5.44182601051 0 2
电影+票房 62.2605614602 13 0.576821177632 59.374276759 6.53125771477 4 2
首+次 43.1187189736 7 0.550004614021 53.8023940996 5.15504379275 1 2
全国+电影 33.8803325714 13 0.738656627709 40.6883154913 1.85778468977 0 2
票房+纪录 47.246419968 13 0.473085239652 58.2565750732 4.36609068769 0 2
档+票房 34.6997347812 10 0.833180077703 46.3952791464 3.50738502425 2 2
市场+份额 35.4995056523 13 0.694426638012 51.3649038475 4.23192967381 0 2
票房+成绩 44.5476793196 13 0.498679560258 57.0133165906 5.18064410414 0 2
新浪+财经 32.0743291101 13 0.589051746837 51.4956284077 0.979872121385 0 2
财经+股吧 30.2924219373 13 0.589051746837 51.4956284077 -0.0 0 2
新+纪录 34.6880313577 10 0.669130846931 51.8106616024 2.39911890382 1 2
去年+同期 38.0351846274 13 0.756449412691 48.7958127944 3.58797850909 0 2
中国+观众 29.0147512741 13 0.781992362872 51.4852920931 4.25486411303 0 2
单日+票房 65.2100851785 13 0.63776208261 52.9204222015 5.33734428305 0 2
票房+破 29.0147512741 10 0.533341582393 42.5412762577 3.81673949869 8 2
建军+大业 50.7758147296 13 0.634486086274 51.4838271025 2.75393397261 0 2
湄公河+行动 26.6921036779 16 0.75370288943 50.6748727406 2.96920777828 0 2
国产+电影 67.0197452147 13 0.637577589672 58.9239598628 6.80809673186 1 2
变形+金刚 31.4326472136 13 0.758189018479 50.7972956705 2.62722252517 0 2
中国+市场 33.2583786606 13 0.65816945949 57.5585739307 4.25833385152 0 2
采访+时 25.4378896623 10 0.521391812468 50.1861149278 2.85820124881 0 2
电影+中 42.3782312758 10 0.630435326831 55.5253901884 5.11521851822 0 2
现象+级 45.342870812 10 0.63560437248 59.3604910574 5.03462012863 1 2
北京+文化 337.551445886 13 0.83264921531 50.5881969285 6.50941731354 8 2
主旋律+电影 36.703693619 16 0.730649546647 39.049542198 4.02326857993 2 2
这部+电影 46.063294865 13 0.637339610718 54.7413389199 4.9206981179 0 2
香港+上映 30.4281477019 13 0.80589704349 35.801594765 2.36649789182 0 2
吴+京 128.666844589 7 0.472801623918 57.2957159203 7.65657289246 13 2
部+影片 37.5452005573 10 0.69207694348 56.3371246095 5.81561266812 0 2
华语+电影 33.2583786606 13 0.584941004212 55.5200686797 4.74560642655 0 2
票房+收入 35.4756039047 13 0.629759091519 54.1633437465 4.43698110861 0 2
类型+片 27.6927802717 10 0.684536441906 56.3770146627 5.17482763249 0 2
票房+冠军 37.5452005573 13 0.583681321374 54.1054621858 4.82416452539 0 2
高+票房 43.5221269111 10 0.625190893376 53.5235720153 5.19003386136 2 2
超级+英雄 44.3445048809 13 0.779467596637 49.5969729922 5.2947365506 0 2
中国+电影史 27.7504250862 16 0.568502833556 54.7659273249 4.06628981204 0 2
奥斯卡+最佳 53.6438599047 16 0.76474722718 49.2126277 4.23056646511 1 2
最佳+外语片 61.3476969587 16 0.924805693848 37.7885062746 3.63085113653 1 2
中国+内地 45.9400228506 13 0.61336297288 52.519307887 4.22852674616 0 2
全球+票房 32.77022642 13 0.501034093236 59.3039880531 4.39952590466 0 2
这部+影片 55.7849374536 13 0.790036037506 46.407774208 4.88499954839 0 2
第一+滴 49.2311151944 10 0.868294712504 27.2825531907 1.55895617683 1 2
滴+血 49.2311151944 7 0.868294712504 27.2825531907 1.85217207464 1 2
报道+称 28.2336104761 10 0.790038176245 37.9543732264 0.690775527898 0 2
遇+冷 37.368945149 7 0.670230490095 43.1060682822 3.62570579347 2 2
首日+票房 29.3613140456 13 0.748801948724 40.3878864595 2.0081106977 0 2
高+达 26.6921036779 7 0.640606507095 46.5660598978 3.16241238537 0 2
新浪+娱乐 24.3894776845 13 0.57461374821 44.1474913783 1.94222374306 0 2
娱乐+讯 23.1253542385 10 0.582816254729 43.4593393915 2.25292250434 0 2
院+线 38.9532520282 7 0.582358981796 56.7396289078 5.93420157681 0 2
票房+新 26.5968553346 10 0.638114030257 56.3937440393 3.08808467043 1 2
第一+部 28.7023962313 10 0.582166780882 53.7127078502 4.26031847758 0 2
7月+27日 25.4378896623 10 0.630140270411 49.5897284608 3.44038691844 0 2
今年+暑期 37.0005667816 13 0.721387687655 55.4450744407 3.26302833617 0 2
高+质量 32.2882615572 10 0.8075642195 37.5862957537 2.95248355715 1 2
猫眼+电影 28.8239281726 13 0.464698785435 44.7880919641 4.10016740636 0 2
天+票房 26.6921036779 10 0.546551572124 43.9691308459 4.69442760651 1 2
影片+中 42.1272796368 10 0.68067787439 55.9611246403 4.44618821918 0 2
票房+已经 32.4201953676 13 0.589072429079 57.8000752308 3.94408605174 0 2
票房+奇迹 32.2882615572 13 0.718217334034 42.3992390167 3.30053354682 1 2
星际+特工 30.06296051 13 0.586146184733 45.9873988346 2.24108157387 0 2
军事+题材 50.7135795032 13 0.519840343982 54.5218421953 5.25250282995 0 2
升值+空间 59.9965667189 13 1.0 -0.0 4.52201506591 1 2
战略+合作 36.2684390926 13 0.85462613916 38.7689467268 3.44413747286 3 2
战狼+Ⅱ 57.1079694837 10 0.692355502879 41.6078311837 2.68002421491 0 2
票房+前 24.1789593951 10 0.643352251748 53.8468638501 3.06100612847 0 2
前+100 25.3567897516 7 0.648964036058 49.5772208459 2.36916737734 0 2
家+公司 32.9638266771 10 0.820979002651 41.7539633705 4.51511527518 1 2
保底+发行 31.0569715237 13 0.722806849363 48.0204910102 4.11972851646 0 2
好莱坞+电影 37.0005667816 16 0.798596001171 53.5041497027 4.64604045979 0 2
票房+超过 27.7504250862 13 0.602004486021 54.0223123869 3.90427704209 0 2
阿里+影业 90.7531525047 13 0.975174924554 33.1719662503 4.76859290028 4 2
淘+票 53.3842073557 7 0.863276792202 34.0551086924 1.42425574003 0 2
票+票 53.3842073557 7 0.863276792202 34.0551086924 2.74386185131 0 2
电影+公司 35.4995056523 13 0.642212921558 46.9281320333 4.59970081303 0 2
女+演员 35.1650822817 10 0.841204306021 21.0570835549 3.93286096116 1 2
樊路+远 45.0852390661 10 0.97491043782 28.2353127754 3.16664726815 0 2
50亿+元 29.0147512741 9 0.580430830518 51.6686671521 3.13444981837 1 2
8月+19日 30.4281477019 10 0.549300433363 52.0823992499 2.24115810875 0 2
突破+50亿 35.4756039047 12 0.50064299963 55.2325470816 2.80444479164 0 2
心花路+放 36.0681912529 13 0.796810323221 38.1966070756 1.89312574626 0 2
减+持 45.7146069663 7 0.984582037739 17.3081825907 3.48581809788 0 2
北京+旅游 39.2197333628 13 1.0 -0.0 2.59741501503 0 2
国家+新闻+出版 24.3894776845 20 0.670312542376 47.2809924033 1.18191611597 0 3
新闻+出版+广电 24.3894776845 20 0.670312542376 47.2809924033 0.963925636625 0 3
出版+广电+总局 24.3894776845 20 0.670312542376 47.2809924033 1.0797269934 0 3
内地+电影+市场 30.0568260441 20 0.753180656251 44.6746243266 3.26943366679 0 3
战狼2+》+上映 37.5452005573 18 0.634269262634 54.7640097873 2.53831560963 1 3
三生+三+世 35.4995056523 14 0.68316404028 51.3201985995 1.73319125679 0 3
世+十+里 30.4281477019 11 0.68316404028 51.3201985995 -0.0 0 3
十+里+桃花 30.4281477019 14 0.68316404028 51.3201985995 -0.0 0 3
中国+电影+产业 26.6921036779 20 0.647178615865 51.2687991204 3.17395654154 0 3
暑期+档+票房 34.6997347812 17 0.833180077703 46.3952791464 3.05945841691 2 3
进入+【+新浪 30.2924219373 17 0.589051746837 51.4956284077 1.52888634276 0 3
新浪+财经+股吧 30.2924219373 20 0.589051746837 51.4956284077 0.486372251247 0 3
股吧+】+讨论 30.2924219373 17 0.589051746837 51.4956284077 -0.0 0 3
中国+电影+票房 37.5452005573 20 0.658589837811 58.731323788 3.47505631967 2 3
中国+电影+市场 47.6767578935 20 0.752805959308 54.1769691365 4.66195841397 0 3
电影+《+战狼2 36.2197239378 18 0.571574192701 53.1679107419 2.29408561752 1 3
奥斯卡+最佳+外语片 54.8900446473 26 0.924805693848 37.7885062746 3.77656011442 1 3
第一+滴+血 49.2311151944 14 0.868294712504 27.2825531907 1.55895617683 1 3
新浪+娱乐+讯 23.1253542385 17 0.582816254729 43.4593393915 1.42736559239 0 3
今年+暑期+档 36.2684390926 17 0.72145668001 53.5332063859 2.99686700827 0 3
特工+：+千星之城 24.1789593951 23 0.598905245534 45.5951648843 0.966848573791 0 3
淘+票+票 53.3842073557 11 0.863276792202 34.0551086924 1.42425574003 0 3
