律师 168.13680232 6 0.652429269682 93.2136091128 9.46186296277 3 1
2016年 74.5574853469 7 0.658581393345 90.0079474308 7.85044649634 0 1
违法 43.5363604776 6 0.627996050838 87.5148134866 5.22348774811 0 1
建立 57.7054257356 6 0.577771513709 91.6983584485 8.03147884415 0 1
希望 64.0112786663 6 0.565881620112 96.3572307437 8.64708395522 1 1
证券 62.3667510475 6 0.657880677921 91.0978034426 7.85157935318 0 1
这种 53.2665468328 6 0.564231198938 93.993721534 9.06456145733 0 1
姑息 42.4061481362 6 0.678262743314 82.6300202461 3.56270579989 1 1
坚决 44.5490672813 6 0.675794099334 79.0835965113 5.06843218757 0 1
应该 55.1919602862 6 0.554725641746 92.3463780016 9.14953889011 0 1
视频 88.5461214968 6 0.579517002292 92.3847928751 8.10458586641 0 1
之前 53.3979688407 6 0.592049829538 87.4636942662 7.91446314151 0 1
编造 85.9553724466 6 0.624523175342 83.0739676523 7.18872217907 4 1
已经 80.8825040105 6 0.546139584743 97.920782416 10.4837243542 0 1
下跌 55.4306311011 6 0.714784406719 80.2060250172 6.81111321337 0 1
恶劣 43.4377199795 6 0.660957110652 84.3122864102 4.59121559372 0 1
质量 51.6753080108 6 0.620845762768 88.9777141493 6.97799119535 0 1
证据 77.6028835415 6 0.569799065117 88.4000213118 8.66380283732 2 1
服务 55.3855605434 6 0.602581033807 92.6239324666 7.60352880097 0 1
目前 68.8106333357 6 0.531740187701 97.0886307747 9.79785517359 0 1
股东 129.356156921 6 0.632472894646 89.4739667552 9.1975391814 2 1
社会 81.4435024356 6 0.57322344861 93.2846826169 9.88551385063 0 1
包括 64.3945212438 6 0.575070218969 96.1667998643 8.57609545792 0 1
教师 110.981434307 6 0.577495781489 93.5442569844 10.1613174983 8 1
舆论 68.9899503578 6 0.523792188669 93.7580689921 8.39683508805 1 1
人员 90.5472990319 6 0.552940310676 94.9396807505 9.43675760933 1 1
虐待 100.960275837 6 0.608382736155 90.0743517145 8.69734998978 0 1
成为 53.3427322219 6 0.536058516447 95.676350733 8.66413802116 0 1
采取 59.4390444758 6 0.548650964892 90.9784412021 7.1861581247 1 1
25日 65.1035572401 5 0.556774393652 87.6717270653 6.26378652576 0 1
幼教 170.164206229 6 0.632145868474 91.4421445899 10.3454803069 2 1
品牌 77.6028835415 6 0.651531105251 87.0499963103 8.80023564113 0 1
教委 113.78907679 6 0.63940507088 88.449724457 8.72704561059 5 1
美元 237.339461233 6 0.655082250579 89.715665395 10.3920445955 1 1
风险 53.3537060551 6 0.647097856131 88.8646255687 7.89534964259 0 1
未来 63.1240030293 6 0.551510969212 93.466145968 7.8802206287 0 1
家长 122.30549793 6 0.569404609028 94.2461897141 12.0094632725 3 1
政府 79.5859474425 6 0.655098665313 90.3223484108 7.76222760608 0 1
报道 83.3498678166 6 0.549118048849 95.204813396 8.14562874644 0 1
发展 72.0491320537 6 0.533139677591 95.5352693962 8.76970248217 0 1
进行 69.1951197705 6 0.53073395731 96.1948140442 10.3461059479 1 1
财经 51.5669111952 6 0.509082870352 87.5607249154 5.6213497815 1 1
分园 50.1204461302 6 0.612531282728 92.9750756562 3.92835346861 0 1
违反 42.4061481362 6 0.59795859584 87.3246816166 4.74646451679 0 1
老虎团 72.8724709479 9 0.650449250308 80.9646362525 4.07052187761 3 1
谣言 108.683475297 6 0.652550508444 78.2896346579 9.23339942573 2 1
红黄蓝 68.5176822104 9 0.539388347146 97.2381143737 8.70779684881 5 1
机关 83.3616956455 6 0.625831222766 84.6733416663 6.97721941331 0 1
体系 53.3044501439 6 0.624944715682 86.0709831616 6.97715476685 0 1
接受 56.5415308482 6 0.579122734012 94.3120045917 8.2868471103 1 1
显示 80.100502035 6 0.592251292803 95.5363841469 7.23406838955 0 1
通知 50.2010355419 6 0.642959430806 86.3654682963 5.92363016537 1 1
挂牌 64.2995320772 6 0.608651355601 92.2307297652 5.65140453207 0 1
过程 41.3778461055 6 0.543113740343 95.1812428989 6.11658745148 0 1
事情 60.3568008327 6 0.512777989198 91.9035425207 7.28952191717 0 1
工作 92.2771374382 6 0.56010596374 93.7868752502 10.0357933282 0 1
朝阳 57.4692307021 6 0.622857877505 87.3491030895 6.9178077911 4 1
采访 46.3295864924 6 0.561411793358 93.00480458 7.04737857522 0 1
回购 57.4047924626 6 0.696507413249 84.4760410879 5.8147228124 3 1
企业 57.5157744104 6 0.611471537157 86.2114864045 8.25347741272 0 1
讨论 38.1019515871 6 0.487696991643 90.0906666314 3.5775223948 0 1
信息 83.6841993125 6 0.532776116193 95.7152949129 9.40344219848 2 1
史燕 73.0581940842 6 0.685118666193 91.921968766 6.44299588175 1 1
造成 51.4520623826 6 0.587892632344 92.8080171736 6.16012231653 0 1
22日 47.3480416292 5 0.562106366742 94.0137276737 6.00555513968 0 1
监控 142.063845333 6 0.639760215639 91.0206426629 9.92939150814 6 1
事件 52.8703734916 6 0.507107572052 95.8563313797 10.7060350432 32 1
教育部 92.1265897301 9 0.624953805185 83.7307605941 7.72192684202 5 1
达到 81.0185906763 6 0.603937810653 92.6728838622 7.93960337169 0 1
受害 47.6767578935 6 0.626158722481 92.3498776859 6.87113044024 1 1
披露 57.0210295291 6 0.68649134714 82.1051965613 7.82986819592 0 1
了解 45.8684153283 6 0.553693286209 97.9939631647 8.47417951694 0 1
防止 48.4497645926 6 0.568192888689 86.2962513934 6.69232826085 1 1
代表 51.490898525 6 0.680655524459 84.4131443734 7.56385349445 0 1
加大 46.3295864924 6 0.635769956959 86.1994735219 6.8449180053 0 1
幼师 104.558729128 6 0.621247360024 91.8217053353 9.62341883124 1 1
重大 48.1114936652 6 0.629103469127 87.590763294 7.12109897512 0 1
监督 68.0143062181 6 0.639657232917 87.9532306331 7.9500702162 0 1
方式 61.2533250856 6 0.580041944695 85.0640057853 5.7990897466 0 1
起诉 74.5574853469 6 0.712925054549 78.8317816029 6.84899840016 6 1
资本 200.835965612 6 0.619430786859 88.5347254166 10.4368498414 2 1
培训 79.2288671679 6 0.60002536577 93.5278255632 8.4608522803 0 1
学前教育 146.580802022 12 0.578933841549 94.1729059056 9.17888886782 3 1
幼儿 130.193988655 6 0.584284364935 93.1504834665 10.5690103276 1 1
增长 86.2130851555 6 0.761558530623 80.3306446845 7.85394106117 1 1
消息 51.5800789193 6 0.5623927947 93.3486055637 8.03102474596 1 1
网上 65.1565799693 6 0.629121766041 85.7540350274 8.19008770899 0 1
提高 55.1919602862 6 0.625726228627 88.2764526625 6.64386830536 1 1
责成 58.6414578041 6 0.72016861034 80.072317431 5.31098927588 2 1
全面 66.6643076144 6 0.608003990699 93.5133346579 7.51471489183 1 1
主要 47.6767578935 6 0.606204138805 91.7112058867 7.82445131816 0 1
地方 56.9950071104 6 0.525871596393 95.078867671 8.12490096107 0 1
解决 45.1084015172 6 0.566669508309 97.2347548696 7.49619534621 1 1
虐童 105.540881392 6 0.513158583308 96.8413132926 9.58540445467 26 1
事实 60.9173845442 6 0.538295209476 93.6689393894 8.02772779314 0 1
实施 47.246419968 6 0.543659283955 92.4810575899 6.96574752847 0 1
事务所 82.0040235768 9 0.808744627565 70.6215521514 6.11364281105 1 1
直营 66.5167573213 6 0.7105651752 86.084152561 6.9092852557 1 1
保障 45.1084015172 6 0.651886249484 85.7312320808 5.46704786485 0 1
损失 74.0011335631 6 0.777361877781 78.8450535444 7.7592887376 1 1
影响 76.6316182616 6 0.559876692798 96.9083058049 8.55331263622 0 1
部队 94.2979416407 6 0.583367312593 88.1144184965 6.65289158042 1 1
反映 52.923935174 6 0.594092937298 88.6034163766 7.41925346008 0 1
发现 62.3555481417 6 0.556809216602 95.8603063711 9.06762691247 2 1
2014年 69.3994695624 7 0.664195565481 83.0823609639 6.71585789712 0 1
标题 36.4176940554 6 0.529026809501 95.5616947585 3.40111406911 0 1
专家 43.4377199795 6 0.676963734871 91.3556736082 7.22451821809 3 1
查处 49.7483584542 6 0.693304004653 78.042447793 5.78700002004 0 1
联系 53.3044501439 6 0.571433194055 91.2707674125 8.10187180164 0 1
能力 57.8133855962 6 0.587818248724 85.0542209588 7.45922137231 0 1
隐患 66.3949179748 6 0.681084806333 77.1758348327 4.31067280531 0 1
亲子园 49.5838282092 9 0.631911617801 94.0842307049 7.17568615545 0 1
孩子 117.202648325 6 0.548408113411 95.2249586479 12.005732551 2 1
积极 40.4847060822 6 0.643295212405 84.2985527037 5.84736928866 0 1
看到 51.8186541584 6 0.513003239646 94.9722579208 8.21006294922 0 1
虚假 62.4872006028 6 0.596960795574 88.0170060159 5.07296102353 0 1
成立 55.8404642182 6 0.621628479354 90.5700762648 7.15113252932 0 1
新京报 60.3662065631 9 0.524719716179 97.6719175261 7.05946649681 4 1
快速 55.3855605434 6 0.579554359372 81.5039493815 6.80763826411 0 1
回应 67.2834661927 6 0.609387128473 91.3877766121 8.09735751183 8 1
责任 87.3495175915 6 0.548032217027 94.3605931469 9.93192787923 4 1
程序 53.40033469 6 0.594319833045 89.2868203764 5.76438997771 0 1
老师 113.595104717 6 0.584074125135 95.2839007975 10.5877097189 5 1
重要 48.4497645926 6 0.545659447241 95.5308234103 6.8548180861 0 1
中国 108.04215372 6 0.543105364746 96.7370665297 10.7557869141 3 1
检查 64.9623321796 6 0.601027851764 87.041920612 7.73292667969 1 1
高度 40.8977931759 6 0.638367748308 82.4787776215 5.11247942256 0 1
相关 83.874651762 6 0.542624830614 97.8801795434 10.4361849146 1 1
集体 74.0356794713 6 0.542336609942 92.1364855974 7.24628914312 5 1
扩张 68.4633323294 6 0.71195853389 74.5371554059 7.63556281637 0 1
市场 132.805654439 6 0.623971985829 90.9762555124 10.533871326 1 1
表示 88.1291630833 6 0.546624741538 96.1032883471 10.1452374602 0 1
朝阳区 110.155731748 9 0.628704926429 87.5216303122 8.2752181725 3 1
遭遇 46.063294865 6 0.560975287785 93.9260196741 8.02576770172 0 1
落实 53.4398120285 6 0.686344892922 75.9087625988 6.30013046191 0 1
安全 98.1973747832 6 0.599085239835 90.4719695857 8.93702754884 0 1
投资者 150.777415595 9 0.669814877347 90.7250000869 10.5771431249 3 1
涉嫌 65.7725175355 6 0.539211722275 93.8513191349 7.55921545734 6 1
内容 41.7670384419 6 0.541183401197 94.0255922252 6.77938912361 0 1
警方 88.4968811615 6 0.566533123284 93.0774552259 9.50245666174 12 1
投资 119.291976555 6 0.69797968495 82.8452391415 9.24189459828 0 1
网络 56.9167090452 6 0.544657451978 90.8566850331 7.26749425411 0 1
园所 49.4015796807 6 0.663765880536 87.4486388758 6.11460521115 0 1
问题 103.81740513 6 0.528300478018 95.425352506 10.3990156501 1 1
晚间 41.7670384419 6 0.605321946051 91.9187825582 5.98042021187 0 1
官方 51.8204237852 6 0.522720903414 87.3485260302 8.14647378545 1 1
师风 65.1035572401 6 0.685601596925 76.3398254682 3.95365008709 0 1
公布 59.7744280803 6 0.576481992907 92.4449702443 7.57894420319 6 1
计划 53.40033469 6 0.562134739179 91.5426206844 5.48037950549 1 1
传播 64.0112786663 6 0.673398694832 78.6012331776 6.28891518849 0 1
举报 59.8650815892 6 0.661497178246 76.8230030365 6.35809668516 0 1
机构 94.7851645274 6 0.553514794222 98.0759932755 10.2848113506 3 1
确保 44.5490672813 6 0.655247505892 86.9978770142 5.45743655144 0 1
正常 46.5682164915 6 0.583000989827 90.3798859519 6.3492424891 1 1
获得 49.4015796807 6 0.607729224679 86.4622805992 7.94902790022 1 1
进入 43.7234825688 6 0.495122147636 90.0116402893 6.52011563911 0 1
情况 66.8585651714 6 0.551703969079 93.7686491273 9.60346143588 4 1
举办者 62.9333204194 9 0.725445555354 74.646680611 4.77351530252 1 1
设备 49.893400838 6 0.573978343739 91.7186134629 6.37074107752 1 1
需要 83.7746815184 6 0.550199965145 96.9867559334 9.87078616871 0 1
经营 72.4686719981 6 0.583426992757 92.7267095525 8.22676227959 0 1
看护人 51.3166402666 9 0.677351603266 78.1563905889 2.95331749373 0 1
案件 99.033751525 6 0.535095801121 94.5054791413 8.98191579051 0 1
侵害 78.0278273984 6 0.599336361957 90.3949820229 8.54985156491 3 1
引发 42.9091627265 6 0.560080926497 93.3560907039 6.29390475826 1 1
北京市 76.4456412289 9 0.618914158453 87.499184077 8.59694067757 2 1
数据 55.4306311011 6 0.560876241242 90.5381963064 7.73080869362 0 1
结论 66.5167573213 6 0.742860682181 80.7662517536 6.42328004717 1 1
排查 51.490898525 6 0.623847073433 81.5301374833 5.01522515071 0 1
发布 47.6897604908 6 0.514669509915 93.4432043416 7.62539612465 4 1
严格 42.1040943255 6 0.602860991124 88.4177882584 6.44426830845 0 1
部署 39.2649519779 6 0.64436148944 84.3223643434 5.05199088477 0 1
督学 111.569874907 6 0.692731597593 74.138412679 6.93409943756 3 1
第一 70.8679987414 6 0.550737593564 96.9745765405 9.27138123207 1 1
公开 50.2945760949 6 0.546735027848 95.1374891367 7.33332286798 1 1
未成年人 63.5553059408 12 0.680638988624 80.4672153147 7.4763007012 0 1
超过 55.4306311011 6 0.615897960046 83.378005182 8.37193414945 0 1
制度 56.3908883489 6 0.532312102943 89.8815169956 7.51651619066 0 1
新浪 48.813495081 6 0.532821447501 89.5259168955 4.5657252372 0 1
督导 108.4990123 6 0.678914324406 79.9989567092 7.83786938366 1 1
股价 143.499838988 6 0.650568688956 92.5026314135 9.22496860522 7 1
刑事 54.0929070082 6 0.581289175644 89.1980628049 6.38013839679 0 1
嘉年华 129.223374472 9 1.0 -0.0 6.3209071392 0 1
新闻 50.2945760949 6 0.555872542233 90.9516487142 7.55808073565 0 1
有限公司 47.6767578935 12 0.59396054387 85.5847409109 6.34087313988 0 1
发生 78.4392538721 6 0.535858612145 95.9407939527 9.44094069233 0 1
郝俊波 81.153430319 9 0.845825300713 56.1543520801 6.58280045012 0 1
追究 43.2835854512 6 0.557562029265 88.293079593 5.74577483216 0 1
声明 61.0262501036 6 0.600413585032 93.9204222449 7.06177968092 2 1
存在 68.3136320918 6 0.518060620494 95.4223512575 9.49655916166 0 1
是否 51.7869205319 6 0.601024448321 89.7134167011 9.04640789052 0 1
迅速 41.4295364255 6 0.598727653484 91.9806273428 6.72778751619 0 1
30日 58.4738538186 5 0.515700206553 86.6865142731 6.7770553694 0 1
收入 94.8139523777 6 0.64508915187 85.6013284456 8.27361668026 1 1
保护 84.2081886509 6 0.637400006372 91.7618392402 8.57691127909 1 1
北京 55.4347377075 6 0.510296190391 95.2360079436 10.4805208758 18 1
各区 92.1265897301 6 0.706794935029 77.2237223109 7.06981756558 0 1
行业 119.291976555 6 0.647300140589 88.5830310406 9.21606506318 1 1
行为 81.1837110795 6 0.556664530748 94.0694277103 9.0788657508 1 1
刘某 70.1686245823 6 0.707553569794 76.4451161697 5.72791885158 0 1
今天 43.7234825688 6 0.58060991771 83.1249305398 7.65461080197 0 1
上市 159.081584827 6 0.648796184938 91.6001143884 9.40531470856 3 1
军队 70.5840261903 6 0.646282941523 63.5330191542 7.45747884163 1 1
措施 61.57996832 6 0.54698413739 92.1204449468 7.03836538064 1 1
身上 50.307294231 6 0.604177846526 90.3988995586 6.23921924285 0 1
证券法 85.5638106823 9 0.840476565558 60.7093275792 6.62672995643 0 1
机制 50.2591385318 6 0.665072546783 91.9493183983 6.98628478816 0 1
今年 66.3949179748 6 0.538397229848 93.6473105063 7.74053100502 0 1
媒体 71.9222708774 6 0.553747726819 97.0510218845 9.31671750853 0 1
资格 51.7424627684 6 0.53566239499 85.3865387435 6.27647992869 1 1
行动 49.893400838 6 0.595529674684 77.2312183238 4.77816803631 1 1
专业 58.4738538186 6 0.527847627639 95.7497156937 9.07448858493 1 1
师德 85.4925106656 6 0.670445022738 78.9671136595 5.37399859096 0 1
时间 63.1083915096 6 0.552037842333 97.4714397338 9.23624195949 0 1
美国 234.173558293 6 0.609737074318 93.9089510989 10.7524714333 6 1
继续 42.4061481362 6 0.513524260722 95.9926378758 7.79379025226 0 1
教学 45.5473442944 6 0.581388927272 91.5531440372 6.02517144312 0 1
承担 51.661053603 6 0.624097308858 92.7991333135 6.42734394978 0 1
通报 86.1404188336 6 0.571779656678 88.4637031666 7.88228984171 8 1
严肃 51.6753080108 6 0.756026708698 70.2095703459 4.25129919951 0 1
加盟 139.685190375 6 0.635835959631 88.4813620897 9.02080065437 0 1
2017年 71.8533343247 7 0.551175326157 93.3627938748 7.8983130914 0 1
学生 63.2340219912 6 0.595784065618 93.4601852782 8.60452285057 0 1
部分 52.7713460335 6 0.512197599136 94.277181568 8.22929699947 0 1
专项 44.7817913011 6 0.643866644758 85.6733042754 4.62859253465 0 1
这家 109.437625079 6 0.637435238779 76.0739960936 7.7660814239 0 1
成长 46.7790830549 6 0.569119163193 91.0918355536 5.953656627 0 1
取证 47.1179423735 6 0.659118608677 83.0890161226 5.51232318008 0 1
刑拘 51.5908902488 6 0.660167376522 81.8032680098 5.11818393473 11 1
管理 101.173052807 6 0.566793178532 97.0706162195 9.86660029709 1 1
沟通 43.4377199795 6 0.67961809053 82.8869566003 6.29337275815 0 1
9月 58.2979767583 4 0.627755685284 90.9074511004 6.07929719193 0 1
园方 62.3667510475 6 0.666838468355 81.0245519282 7.51394779298 1 1
股票 67.0197452147 6 0.65704362915 87.920910528 7.56189802931 2 1
医生 57.3058324296 6 0.611003669473 80.4061162545 5.59541473565 4 1
家庭 48.8276679301 6 0.598388549622 96.1859154913 7.69667079754 1 1
记者 99.6852137951 6 0.535111197455 95.9147513753 10.5250653941 1 1
方面 51.4561959472 6 0.519874304304 97.8013113372 9.00494655293 0 1
教育 99.8487909875 6 0.532853372923 96.7665486825 11.5235509739 5 1
开盘 51.2542789845 6 0.694816274978 87.0295053573 6.80401814804 2 1
整改 57.1184856326 6 0.712312566363 76.6341036099 5.39272814711 0 1
国务院 51.3776428679 9 0.656745719243 76.7144257848 5.39283083347 0 1
药片 43.1187189736 6 0.621340436658 89.8172419033 5.45938886186 0 1
调查 89.872363149 6 0.538521246086 94.6053397679 10.3445608524 13 1
国家 54.8668102854 6 0.525399274904 91.0594435115 8.28604144262 0 1
进一步 55.5048260746 9 0.541676099384 94.715851236 8.03182875667 0 1
诉讼 180.618779099 6 0.675843132214 86.6135662619 9.64026722778 7 1
全国 67.2834661927 6 0.598979880355 95.2973897409 8.57057234301 1 1
幼儿园 11.2538241949 9 0.494585860351 94.966702839 12.7336563468 51 1
启动 37.996671407 6 0.566147627569 91.2379021001 5.6594201538 0 1
关系 43.1187189736 6 0.51993377509 93.2344838603 8.09026117303 1 1
24日 56.1521109085 5 0.587993213466 94.3580022177 7.31370496992 0 1
法律 114.569931299 6 0.548928419763 94.3019542395 10.3735705153 2 1
严重 50.9847716775 6 0.571579764778 94.8690100573 7.36423856404 0 1
升级 53.4334220434 6 0.696139285429 79.2959112795 5.14365670958 4 1
正在 47.9752263415 6 0.566558684148 94.3211637781 7.37976559589 0 1
公安 84.0679547119 6 0.655524111354 83.8539292368 6.63177785125 2 1
办学 61.0262501036 6 0.510423448719 88.6932948734 8.12079320266 0 1
学校 65.930565393 6 0.544392212658 92.1906300036 8.9849133382 0 1
加强 104.490846369 6 0.647825583523 83.4393041578 8.78920003315 0 1
认为 54.9042862216 6 0.51603794601 96.7599833107 8.34608615372 0 1
出现 63.3256152402 6 0.527467042028 96.2400906835 8.99552512113 0 1
性侵 90.8989066124 6 0.544812001024 89.8813490029 9.08184919304 0 1
27日 46.9622590553 5 0.599404874498 95.3003837095 5.030704659 0 1
切实 62.8239231647 6 0.697152105877 80.3424883892 5.80370615329 0 1
重视 47.2453324942 6 0.627167786856 88.5093653377 6.7418997106 0 1
依法 100.542636834 6 0.608953309846 85.2507082355 8.02552817586 0 1
11月 56.5218844368 5 0.527152134336 95.7875769611 9.24748792297 0 1
宣布 50.1204461302 6 0.666071251757 87.6454578147 6.65911182545 3 1
权益 53.4334220434 6 0.560012993243 90.3531311499 6.42396660578 0 1
规定 66.827261507 6 0.569533610185 92.4442705627 8.08365699061 0 1
处理 46.1749277793 6 0.648934544266 87.6738101504 7.20524106345 0 1
公司 232.599500135 6 0.595748779414 95.4040393145 11.6993454542 2 1
配合 81.7955863519 6 0.698735034608 78.8331646573 6.54585981229 0 1
纽约 56.3908883489 6 0.672394468585 90.6161963109 6.56791751992 2 1
法院 78.4039156025 6 0.715611500656 86.0791368332 8.44997749037 1 1
公众 65.5353567298 6 0.532091414455 90.8508030777 9.25917773414 0 1
规范 79.5407924133 6 0.598294382758 85.0951016191 6.29380047969 1 1
拘留 73.1242994193 6 0.638696622404 81.5053399658 5.42660289664 0 1
立即 55.9306477687 6 0.62557484825 84.4140952185 6.36363199431 0 1
涉及 61.5367532449 6 0.59308833926 93.2457298275 7.10140767271 2 1
电影 105.89328008 6 0.740650765298 39.8559628822 7.97373869215 0 1
关注 57.6745270698 6 0.530925049323 96.5748484852 8.40462163632 2 1
官网 72.5368781852 6 0.697578610332 83.6940268623 6.9260115608 1 1
行政 48.7508082533 6 0.634187586338 85.6874416219 5.82528280122 0 1
儿童 126.466471435 6 0.52626855962 97.8763479997 11.4475240389 5 1
幼童 97.9898378844 6 0.61667891418 82.255483369 8.39768058181 4 1
司法 48.2929652505 6 0.661711658002 83.8709328785 5.82684110265 0 1
猥亵 60.9705595646 6 0.581819207228 90.3798462033 6.55917949408 3 1
数量 55.3855605434 6 0.54761283581 90.1322506202 7.82291442223 0 1
要求 104.697291248 6 0.575146012444 94.2385137728 10.095134163 1 1
各类 71.8587399895 6 0.590843111806 82.6804968134 5.97349919716 0 1
微博 48.8276679301 6 0.594988020599 82.8749216469 7.60218920411 0 1
提供 69.4049393552 6 0.537182071069 97.2443032542 9.27421153676 0 1
现在 55.4099133352 6 0.544004537909 95.3833344703 8.46097313392 0 1
开展 83.8604651773 6 0.605839422276 85.618115017 7.02630942058 0 1
部门 77.5331667118 6 0.567772185863 93.4480188187 9.39912378984 0 1
23日 48.7704980315 5 0.591161325198 91.7956533928 6.11263262851 0 1
伤害 78.4204286259 6 0.545591651502 92.9201935678 8.50372578575 3 1
园长 76.2131994558 6 0.590181585794 94.6172281249 8.02059502419 4 1
天地 74.3267858435 6 0.585023731414 89.7416919969 5.15339921664 0 1
监管 72.560600796 6 0.623926945995 84.1563696532 7.43425134319 0 1
建议 55.1919602862 6 0.581534468925 95.2388471267 7.82051777257 0 1
建设 67.851198941 6 0.64255805061 86.6110895555 5.78242584448 0 1
虐童+事件 87.8871889266 13 0.523750403984 96.2431163334 6.56868750703 13 2
幼儿园+虐童 59.7090550681 16 0.541753693446 92.6690076286 3.52576594662 4 2
教育部+副 36.703693619 13 0.94049403821 21.6065818476 1.85582991807 3 2
副+部长 39.5270546666 10 0.94049403821 21.6065818476 2.76966287325 3 2
回应+称 29.3613140456 10 0.631536091652 85.8533236334 3.39077124862 0 2
学前教育+立法 42.3504157142 19 0.94049403821 21.6065818476 2.76707766512 1 2
允许+任何人 35.1650822817 16 0.788724535957 24.3529204209 1.54852174068 0 2
北京+警方 61.57996832 13 0.631480395751 87.8283642081 3.83644575681 5 2
警方+通报 51.5908902488 13 0.635398833603 89.1090614123 3.71439018644 4 2
通报+红 28.8239281726 10 0.572434682871 76.8793611355 1.16255497073 5 2
红+黄 25.4491642161 7 0.496167573861 94.8502802148 6.12272325453 79 2
黄+蓝 25.2983990252 7 0.496167573861 94.8502802148 7.11470106348 78 2
蓝+幼儿园 29.6234960081 13 0.492080554582 95.1349868199 4.75333055437 32 2
入+园 34.8529097095 7 0.679631034603 83.1883081594 3.657694334 1 2
高度+重视 39.0948513752 13 0.653067793621 81.5289770844 3.1791301534 0 2
期+学前教育 26.6921036779 16 0.882889839865 35.6494975828 1.30722734987 0 2
行动+计划 32.0305244134 13 0.882889839865 35.6494975828 0.553649144429 0 2
过程+中 39.2649519779 10 0.524755330679 92.1026283068 3.34160016 0 2
快乐+成长 27.6927802717 13 0.704157553316 71.3096279428 1.97795148101 0 2
蓝+事件 37.6928291487 10 0.493175897832 85.6949469429 3.07649080251 5 2
全+社会 33.2583786606 10 0.767325605009 69.7055058538 3.55458634903 0 2
北京+红 56.2257994347 10 0.519869446627 91.8723969171 2.83273208534 5 2
幼儿园+涉嫌 24.1789593951 16 0.541919474585 82.3144410005 2.09880445446 3 2
发布+消息 23.1253542385 13 0.686900265066 65.5915612123 1.89294137989 0 2
行政+拘留 44.3887890274 13 0.665490421233 79.7533326182 2.87121064158 0 2
社会+各界 43.1065425777 13 0.803504328339 58.8166217057 3.06047034142 0 2
情况+通报 28.2336104761 13 0.536517354327 72.6424330533 3.79423152505 0 2
依法+刑事 33.1655723028 13 0.71606238428 69.3397628941 0.49124767641 0 2
刑事+拘留 41.2733865961 13 0.652243450764 79.2730305231 1.49574070817 0 2
人员+集体 38.343849607 13 0.761859449859 65.2218126835 0.107279577588 1 2
集体+猥亵 40.0484766305 13 0.70456178444 70.3186054038 1.78117621831 1 2
猥亵+幼儿 38.1414063148 13 0.706156140965 78.618080045 0.9108679697 1 2
幼儿+虚假 36.9030808688 13 0.733933032867 73.6278397167 1.00767105658 0 2
依法+行政 24.3894776845 13 0.772453949955 60.8986308896 0.885574151577 0 2
利用+网络 25.3567897516 13 0.740886942558 70.6361009195 1.0428197562 0 2
虚假+信息 55.275953838 13 0.725334018458 75.840349238 2.49243405073 0 2
集体+诉讼 77.0664643018 13 0.764231582375 76.2455194702 5.40128212375 4 2
11月+30日 25.4378896623 11 0.540642454091 68.7131821134 3.59689654019 0 2
蓝+教育 89.8433774535 10 0.589394083151 93.3771118587 3.70513302492 4 2
红黄+蓝 48.9949189422 10 0.683132469004 87.4027929892 2.88651029457 0 2
上年+同期 38.6815905099 13 0.934531569815 42.6804972324 1.85372787336 0 2
起诉+红 26.6921036779 10 0.697969971292 75.9997691086 1.47811760183 3 2
美元+增至 35.1650822817 13 0.934531569815 42.6804972324 1.72190494136 0 2
2017年+9月 37.0005667816 12 0.669402623146 79.4468132578 3.07499367415 0 2
美国+上市 43.473390119 13 0.759828295713 75.0637952776 3.46546989027 0 2
18.5+美元 25.3567897516 11 0.766763100572 81.1595623185 1.92333881774 0 2
直营+幼儿园 43.9381730531 16 0.705700005866 86.0447026172 4.05342941274 1 2
加盟+幼儿园 64.9373040951 16 0.735982186492 69.6055469116 4.56949968124 0 2
招+股 33.0625086485 7 0.781650690866 63.9137442808 2.72022979346 0 2
亲子+园 32.2882615572 10 0.808457630891 58.1769345502 3.19537564341 0 2
两+年 37.368945149 7 0.70042374024 81.4957612908 3.87624452635 0 2
11月+24日 39.2649519779 11 0.610846000566 92.2319533825 3.21023105969 0 2
5000万+美元 36.2136357399 14 0.700159240706 83.9221719827 3.09375069379 1 2
股票+回购 29.0147512741 13 0.687619228269 78.0165612294 1.36393326594 1 2
回购+计划 34.0834218729 13 0.691550118456 81.3400848665 1.641484071 1 2
持+股 42.3504157142 7 0.700853120896 69.344626363 2.91491353559 0 2
高瓴+资本 54.8900446473 13 0.747745775672 67.1487608966 3.70081048426 0 2
11月+22日 43.4377199795 11 0.549625720074 92.6268314372 3.23528672568 0 2
蓝+股价 51.6753080108 10 0.640380842494 93.2651829863 3.49179370517 2 2
美国+法院 24.1789593951 13 0.846520860865 62.9543599843 4.074152623 0 2
北京+时间 37.5452005573 13 0.688137102174 86.9149251321 4.04428479572 0 2
时间+11月 32.3754959339 12 0.748881869175 77.3534402888 3.46737739876 0 2
11月+28日 36.9030808688 11 0.51573512843 79.1374061965 2.73614158252 0 2
郝俊波+律师 48.0909216705 16 0.845825300713 56.1543520801 3.79204150195 0 2
律师+事务所 78.1898829453 16 0.808744627565 70.6215521514 5.0194151532 1 2
美国+律师 25.3567897516 13 0.844948178826 62.9351564925 2.35679817589 1 2
美+股 53.1937106691 7 0.6941616931 82.2824713398 5.25589587489 2 2
美国+纽约 36.9030808688 13 0.689643080106 86.4752061651 3.96981335138 0 2
9月+27日 38.343849607 10 0.704068015596 85.4113101311 2.53838391842 0 2
法律+法规 24.1789593951 13 0.564321736273 92.7049468579 4.69295120712 0 2
蓝+上市 30.0568260441 10 0.793703831991 76.3096523525 2.22267256011 0 2
诉讼+调查 38.6863350321 13 0.735979162761 78.0524620757 2.9180583835 2 2
幼儿园+事件 53.88247228 16 0.521405042707 87.7092073056 3.06626626531 8 2
11月+25日 41.7670384419 11 0.628949766012 83.0911236206 3.20438375928 0 2
新京报+记者 40.0381555168 16 0.599609673423 93.9578140471 3.06754245947 0 2
美国+成美 28.2336104761 13 0.87000339374 56.9915730886 3.0109316707 0 2
美国+证券法 40.5708636026 16 0.836579731916 57.4643366131 3.63601258745 0 2
上市+公司 53.4572151836 13 0.704988620922 85.0193799993 4.73298617621 1 2
达+资本 54.8900446473 10 0.74935018806 65.7098285013 3.48291645957 0 2
股权+投资 35.1650822817 13 0.900780890623 47.7906786232 2.96536103326 0 2
北京+红黄蓝 29.6409478084 16 0.515038720616 83.0839357141 2.74431073752 0 2
儿童+教育 32.8027385501 13 0.634352282332 83.292812989 2.74307770919 0 2
教育+科技 25.5625664046 13 0.64217017587 79.4485692314 0.705753136147 0 2
科技+发展 26.6522250719 13 0.613121494284 82.9161130493 1.6032720297 0 2
发展+有限公司 26.6522250719 19 0.593949193462 85.0035010563 2.39397089289 0 2
调查+情况 42.1040943255 13 0.675688619692 79.2285938316 2.90084394134 3 2
事件+发生 36.3023619913 13 0.612177502215 87.2509799767 2.75328276935 0 2
国务院+教育 27.7504250862 16 0.748015389474 63.3595021221 0.454031322752 0 2
教育+督导 42.1272796368 13 0.719639563745 66.1838304784 2.9562843467 0 2
督导+委员会 25.4378896623 16 0.748015389474 63.3595021221 0.956153884339 0 2
委员会+办公室 23.1253542385 19 0.748015389474 63.3595021221 1.05581542125 0 2
紧急+通知 23.1253542385 13 0.750515335618 66.024423182 1.21053950778 0 2
开展+幼儿园 42.9091627265 16 0.65707494422 79.857456101 3.67765265559 0 2
幼儿园+规范 37.9444726968 16 0.705759680338 74.900797946 1.62211399982 0 2
规范+办 41.3939702147 10 0.705759680338 74.900797946 1.41620355067 0 2
办+园 106.342934801 7 0.664271885068 79.5071934969 4.41615954123 0 2
师德+师风 63.6239309392 13 0.685601596925 76.3398254682 3.26666567371 0 2
师风+建设 54.9709327691 13 0.703750428691 76.4516041167 1.97669256517 0 2
坚决+防止 24.1789593951 13 0.767738284008 58.9011948217 0.650819914977 0 2
伤害+幼儿 36.850635892 13 0.704188567373 73.1832054686 2.86850459239 0 2
切实+保障 23.1253542385 13 0.773436684468 65.2869124386 1.00470263077 0 2
幼儿园+老师 25.3567897516 16 0.632647097544 72.3108683206 4.38488302792 0 2
各类+幼儿园 66.5167573213 16 0.739258923385 57.8423917281 3.77759640666 0 2
幼儿+教师 59.6459882775 13 0.693167086796 76.8839663201 4.14770077299 0 2
行为+规范 31.0569715237 13 0.918677459118 27.6138946045 0.953494833719 0 2
教师+法治 30.0568260441 13 0.985009006189 9.89952634308 0.8664339757 0 2
依法+办 40.5708636026 10 0.825697561025 40.401382168 2.32267338704 0 2
资本+市场 40.5708636026 13 0.680824630932 81.2894395426 4.87900045821 0 2
警方+公布 24.3894776845 13 0.722125705427 63.8886746284 2.35488219852 3 2
涉+事 74.2753136437 7 0.640175595838 90.7362370672 4.61539914056 5 2
事+幼儿园 54.7461731337 13 0.65580953064 87.3731645423 3.36326702563 3 2
22+岁 34.007153109 6 0.688103125136 76.962439004 1.66772941321 0 2
教育+部门 36.234335999 13 0.555955336283 90.8031357046 5.14055215915 0 2
刑事+责任 25.3567897516 13 0.657959841679 87.3913481875 2.68224323737 0 2
进一步+加强 25.3567897516 16 0.731007584169 75.1390348995 3.33226430462 0 2
11月+27日 26.5968553346 11 0.579742464906 84.6974645863 2.87985809111 0 2
针+扎 36.1237558197 7 0.67364122747 85.8011969881 3.41885917727 0 2
受害+儿童 30.06296051 13 0.65443576379 85.6322294071 4.63772556178 0 2
朝阳区+教委 43.862617262 16 0.707961262217 81.1193869691 4.37951133534 2 2
监控+系统 33.8505431531 13 0.741092444605 70.7259809965 2.49159379404 0 2
虐待+儿童 30.4281477019 13 0.690278780514 84.762462705 4.9218662875 0 2
回应+红 25.3567897516 10 0.641426572779 77.5705164527 1.97181558006 4 2
蓝+虐童 30.4281477019 10 0.505976727051 89.3883409571 2.12884080623 7 2
新闻+发言人 26.5968553346 16 0.796313934841 57.6800022673 1.69743784326 0 2
幼儿园+新 32.3754959339 13 0.615329983616 75.4807809214 0.870890314291 0 2
新+天地 74.3267858435 10 0.585023731414 89.7416919969 3.85537363126 0 2
涉嫌+虐童 46.3295864924 13 0.561728776459 93.4102821835 4.21308083909 4 2
原+标题 36.4176940554 10 0.529026809501 95.5616947585 2.08223039752 0 2
蓝+新 72.7098420994 7 0.650889183756 78.5656711114 0.959905988933 0 2
天地+幼儿园 78.5606769056 16 0.621117719484 86.0966516456 3.48416726711 0 2
事件+调查 40.8355500571 13 0.605340872851 85.873267679 3.22524473016 4 2
监控+视频 44.7344912081 13 0.677199627659 85.2546645681 4.445441017 0 2
存储+硬盘 26.6921036779 13 0.693571797581 67.6728627452 1.67197667016 0 2
强制+断电 32.2882615572 13 0.795821610158 43.2487342007 2.44457919702 0 2
爷爷+医生 24.1789593951 13 0.646264479077 66.1454117313 2.23687894201 2 2
工作+人员 24.1789593951 13 0.639403841079 85.4126475667 4.48766927868 0 2
法律+责任 32.8027385501 13 0.568562614505 78.3597173562 2.58260357975 0 2
涉嫌+虐待 41.0533122133 13 0.681416906995 78.6786703706 1.69352269811 0 2
看护人+罪 43.5363604776 13 0.684668441038 75.4590022578 1.17231558952 0 2
安全+管理 36.2136357399 13 0.694923511804 77.2247963128 3.64137361164 0 2
安全+隐患 58.2979767583 13 0.681084806333 77.1758348327 3.40350874215 0 2
司法+机关 31.0411534166 13 0.689922994242 71.8848973114 2.86605590257 0 2
相关+人员 41.0034231876 13 0.744490122445 63.588147335 2.06982240027 0 2
2017年+11月 26.6067029285 13 0.522422225617 83.5311416734 4.40417740213 0 2
园+行为 60.9631225393 10 0.661098897968 80.874041681 2.23234066723 0 2
新浪+财经 37.2459295956 13 0.498752611255 84.0459652607 2.31957747628 0 2
教育+机构 52.923935174 13 0.583590026154 94.1425785578 4.4851246489 3 2
北京+朝阳区 26.5968553346 16 0.617281011022 85.7945382526 3.07657184596 0 2
朝阳区+红 44.3887890274 13 0.672226114456 76.2288139403 1.71866971846 0 2
第一+时间 24.1789593951 13 0.646619427777 77.1229612447 3.1862031399 0 2
工作+中 28.6060547361 10 0.721006207059 65.8746587913 0.589659844064 0 2
幼儿园+安全 50.2591385318 16 0.676714891319 80.2031546677 3.63060430513 0 2
幼儿园+办 35.5691373701 13 0.664731535195 78.6289164422 2.69017529714 0 2
这家+公司 101.978738617 13 0.803342528298 49.1943449847 4.54005978899 0 2
公司+股价 38.6815905099 13 0.867118378518 48.1659167417 3.84383735873 0 2
做+空 51.0966042749 7 0.650759054581 74.9442773754 5.22500563841 1 2
排+查 47.9058266596 7 0.690394850627 81.1246838781 3.99529100682 1 2
财经+股吧 29.4805087136 13 0.495808882213 85.2119851986 -0.0 0 2
官方+微博 26.6522250719 13 0.633102088954 74.1126695022 4.62949869441 0 2
教师+刘 46.0760748351 10 0.698213830213 78.2905098508 2.79906905254 0 2
部分+儿童 23.1253542385 13 0.75664090872 59.720411393 0.673011667009 0 2
遂+采用 23.1253542385 10 0.75664090872 59.720411393 0.345387763949 0 2
采用+缝衣 23.1253542385 13 0.75664090872 59.720411393 0.230258509299 0 2
缝衣+针 23.1253542385 10 0.75664090872 59.720411393 0.11512925465 0 2
方式+进行 24.3894776845 13 0.731180393846 66.0399860716 0.6525950037 0 2
幼儿+家长 64.3945212438 13 0.708643101413 80.7150031816 5.15239407733 0 2
幼儿园+教师 47.4232006543 16 0.660732653527 84.2128231449 3.50803786923 1 2
名+家长 24.1789593951 10 0.621883138977 85.7267742895 3.00413081985 0 2
11月+23日 42.1040943255 11 0.605903723632 89.9950925858 2.6625756474 0 2
幼儿园+幼儿 35.4756039047 16 0.762836365623 68.860993073 2.34744960543 0 2
幼儿园+家长 24.1789593951 16 0.618319288172 76.8091308351 3.07918185848 0 2
幼儿+教育 48.3579187901 13 0.608038083993 84.5369901558 5.14779255317 0 2
孩子+身上 37.5452005573 13 0.671925232627 79.9289404956 2.55346798472 0 2
展开+调查 30.5131250518 13 0.669083070892 79.2118003063 1.68130342416 0 2
案件+调查 26.6522250719 13 0.728336274261 68.2911872878 0.599210083136 0 2
北京+朝阳 29.8229941387 13 0.659136105401 77.0637481249 1.37618077881 3 2
朝阳+警方 47.246419968 13 0.675229999963 83.8833287336 3.25325338083 3 2
资格+祈求 28.2336104761 13 0.795368294712 38.4224839995 0.851066657989 1 2
祈求+原谅 28.2336104761 13 0.795368294712 38.4224839995 0.555341482691 1 2
幼儿园+监控 30.4281477019 16 0.792425621861 65.4400483649 2.1692709072 0 2
进行+全面 36.2136357399 13 0.709472895892 79.7331249901 2.76551400317 0 2
全面+升级 38.1414063148 13 0.72295587246 76.9400821797 2.59206722662 0 2
实时+监控 29.0147512741 13 0.761931696323 63.9709276475 1.43064441749 0 2
配合+警方 38.9532520282 13 0.75571497723 72.4558005892 2.49728690476 0 2
警方+调查 27.7504250862 13 0.721251516621 66.1018349813 1.90398324649 0 2
通报+称 37.368945149 10 0.7788723596 70.5495609177 1.79043834262 0 2
家长+报警 29.8229941387 13 0.759970739851 65.8795268926 1.49711465996 0 2
报警+称 27.7504250862 10 0.78346541528 56.12756389 0.715272186241 0 2
立即+成立 24.3894776845 13 0.787503085078 61.8236069288 0.572340384108 0 2
成立+专案组 26.6067029285 16 0.787503085078 61.8236069288 0.913957943077 0 2
调查+取证 35.0843122912 13 0.711056063733 78.9415290968 2.35373827259 0 2
公安+机关 78.3029068762 13 0.679429377424 78.5178184792 4.10167435305 0 2
机关+正在 25.5625664046 13 0.764599228881 59.8385402193 -0.0 0 2
正在+进一步 29.4805087136 16 0.757170867425 65.0745376412 0.8199754317 0 2
进一步+工作 28.7023962313 16 0.755524892541 59.943830565 0.542245472426 0 2
公办+幼儿园 28.2336104761 16 0.717429907643 73.152611452 3.3833770951 0 2
排查+工作 38.6863350321 13 0.676384944404 69.4917389806 1.41241761583 0 2
教育+教学 32.8027385501 13 0.743482407423 65.40743621 2.57471116991 0 2
性侵+儿童 33.8803325714 13 0.646952680085 74.0075640749 4.52187343227 0 2
北京市+朝阳区 45.1084015172 19 0.670775481246 78.0956132724 3.82294122815 1 2
CEO+史燕 30.4281477019 10 0.777484144196 75.3891627834 2.4631046438 1 2
幼儿园+园长 51.661053603 16 0.599503842832 90.8933346111 4.27215868076 2 2
北京市+教委 61.5367532449 16 0.684153849858 81.8414202256 3.55474262451 1 2
各级+各类 66.125017297 13 0.79228171638 40.9632902002 3.02947505433 0 2
要求+各区 28.8239281726 13 0.734333229771 69.240267919 2.34179193684 0 2
相关+部门 28.8239281726 13 0.72802643923 74.4052912915 3.38780026347 0 2
市+教委 44.3445048809 10 0.698041227705 83.9474841005 3.13125185731 0 2
积极+配合 27.7504250862 13 0.787386422029 65.1996616317 1.96216203649 0 2
合法+权益 27.7504250862 13 0.73190269617 69.7630704995 3.07639135044 0 2
朝阳区+政府 61.257958804 16 0.751560219786 75.7023019709 3.07565986755 0 2
责成+举办者 38.1414063148 16 0.725445555354 74.646680611 2.35074924454 1 2
园长+职务 40.5356994812 13 0.712864416108 75.7288672211 2.13163321581 2 2
强烈+谴责 29.8229941387 13 0.76344727721 67.309042635 1.19987090883 0 2
谴责+涉案人员 27.6927802717 19 0.76344727721 67.309042635 1.13795277449 0 2
蓝+CEO 34.6997347812 7 0.748372735459 75.0777207826 2.00998075544 3 2
调查+结论 45.6422215529 13 0.785824876372 71.6185393906 3.24867907323 1 2
政委+冯俊峰 30.4281477019 16 0.644137960759 79.0172441112 1.60101366819 2 2
行为+专项 28.8239281726 13 0.693796267806 79.0963404318 0.964173324657 0 2
美国+起诉 37.368945149 13 0.763079754257 68.8797610287 3.17018474125 2 2
每所+幼儿园 34.6997347812 16 0.717215609342 72.5255007879 2.4974267952 2 2
责任+督学 101.429993976 13 0.717215609342 72.5255007879 4.23083367186 3 2
家+幼儿园 32.0305244134 13 0.616153020837 84.2755761836 4.33659988411 0 2
猥亵+幼童 32.0305244134 13 0.651093861739 73.2475166718 2.97427902903 1 2
31+岁 35.5691373701 6 0.746039988122 66.3533065578 0.725864690464 0 2
虚构+事实 23.1253542385 13 0.796308253412 62.254320636 0.162541486696 0 2
事实+扰乱 23.1253542385 13 0.796308253412 62.254320636 0.162541486696 0 2
扰乱+公共 23.1253542385 13 0.796308253412 62.254320636 0.345799633071 0 2
公共+秩序 23.1253542385 13 0.796308253412 62.254320636 0.36651629275 0 2
严肃+处理 26.6067029285 13 0.798963532637 61.9855075345 1.22508132451 0 2
挂牌+督导 64.5765231144 13 0.854008699097 51.1740642596 3.27574021709 0 2
不良+影响 24.3894776845 13 0.796881187081 62.7850555188 0.916669236303 0 2
家长+反映 34.0834218729 13 0.658149586922 87.5178104721 4.14309111216 0 2
监控+录像 38.6815905099 13 0.813356153828 61.1748481578 4.00594706193 0 2
天地+分园 49.893400838 13 0.608552719917 92.7890770736 2.55606879005 0 2
案件+中 29.3613140456 10 0.743591677604 63.6701651289 3.01468499407 0 2
幼儿园+监管 26.5968553346 16 0.774494924326 62.1553192468 1.73983952367 0 2
促进+幼儿园 26.5968553346 16 0.774494924326 62.1553192468 0.531524857144 0 2
儿童+保护 45.7146069663 13 0.841440659592 58.7246855088 4.17015646492 0 2
早期+教育 25.4378896623 13 0.634426222891 91.3314858068 3.42846809968 0 2
进行+调查 32.3754959339 13 0.585114803051 82.896278205 3.51779827656 0 2
专项+督导 26.6067029285 13 0.715622566086 78.5536028243 2.00316540784 0 2
朝阳区+管庄 31.9532080058 16 0.622722706031 86.9721282911 2.56925547852 0 2
管庄+红 31.6170109956 10 0.63710017276 90.4331196525 1.84487790565 0 2
警方+25日 31.0569715237 12 0.838880504022 38.9367202698 2.37933122991 0 2
教师+侵害 25.3567897516 13 0.834907676963 51.7949270297 0.611393053067 0 2
案件+侦办 29.0147512741 13 0.812462468091 54.3898638435 1.04849377655 0 2
侦办+情况 29.0147512741 13 0.812462468091 54.3898638435 0.636514168295 0 2
涉案人员+严重 25.4378896623 19 0.807516112784 54.3259355533 0.361803927809 0 2
严重+违反 25.4378896623 13 0.807516112784 54.3259355533 -0.0 0 2
违反+师德 27.7504250862 13 0.807516112784 54.3259355533 0.430253974584 0 2
进行+整改 29.0147512741 13 0.832664956952 54.8832755875 0.785827457397 0 2
社会+影响 33.2583786606 13 0.795855390198 64.1895887578 1.12404117067 0 2
免除+幼儿园 27.7504250862 16 0.818148766078 53.5407647503 0.430253974584 1 2
严肃+追究 23.1253542385 13 0.818148766078 53.5407647503 -0.0 0 2
追究+幼儿园 23.1253542385 16 0.818148766078 53.5407647503 -0.0 0 2
进驻+幼儿园 24.1789593951 16 0.755644268955 71.1132049224 1.8475138219 0 2
发现+问题 25.3567897516 13 0.775022154625 60.6551877452 1.34570787044 0 2
传播+虚假 25.3567897516 13 0.776768201119 68.2609067226 0.440212228041 0 2
机关+通报 27.8924687268 13 0.810743094466 52.1443133812 0.728957267842 0 2
全国+园所 30.06296051 13 0.737088963776 79.1513984747 3.13923210747 0 2
管理+体系 26.6921036779 13 0.766973134278 65.3818270752 1.76002337384 0 2
小二+班 26.6921036779 10 0.678152151898 73.327769573 2.97104626576 0 2
幼教+行业 47.0636800354 13 0.85108240114 29.4587551738 3.34628489756 1 2
快速+扩张 33.0625086485 13 0.735274150643 63.542578819 3.98014315315 0 2
切实+做 33.8803325714 10 0.871954960945 37.8510072679 1.22494838681 0 2
上市+主体 39.2197333628 13 0.74785878038 31.8847703058 3.18223951299 0 2
儿童+虐待 39.2197333628 13 0.953716287804 25.993019271 4.64979889625 0 2
幼儿园+虐童+事件 53.3427322219 23 0.539592694689 93.0479569244 3.15258352276 4 3
教育部+副+部长 36.703693619 20 0.94049403821 21.6065818476 1.85582991807 3 3
北京+警方+通报 26.6921036779 20 0.71130589564 75.1630031392 1.25526462358 2 3
警方+通报+红 25.3567897516 17 0.622222745125 71.7207828927 1.02237008611 3 3
通报+红+黄 28.8239281726 14 0.572434682871 76.8793611355 1.16255497073 5 3
红+黄+蓝 24.906409529 11 0.496167573861 94.8502802148 6.0226875555 76 3
黄+蓝+幼儿园 29.6234960081 17 0.492080554582 95.1349868199 4.72644852146 32 3
虐童+”+事件 68.7339825653 17 0.501939398764 86.9850822568 3.59588167188 3 3
蓝+幼儿园+虐童 48.1114936652 20 0.59196791167 89.54918507 1.49061435308 3 3
黄+蓝+事件 35.4756039047 14 0.493175897832 85.6949469429 2.52775681502 5 3
北京+红+黄 56.2257994347 14 0.519869446627 91.8723969171 2.83273208534 5 3
依法+刑事+拘留 33.1655723028 20 0.71606238428 69.3397628941 0.49124767641 0 3
编造+“+老虎团 38.343849607 20 0.733964008795 68.2205341307 1.14441680253 1 3
老虎团+”+人员 40.474063474 20 0.761859449859 65.2218126835 0.918360045553 1 3
人员+集体+猥亵 38.343849607 20 0.761859449859 65.2218126835 0.107279577588 1 3
集体+猥亵+幼儿 36.2136357399 20 0.761859449859 65.2218126835 0.22187864213 1 3
猥亵+幼儿+虚假 34.8529097095 20 0.733933032867 73.6278397167 0.474069595168 0 3
依法+行政+拘留 24.3894776845 20 0.772453949955 60.8986308896 0.885574151577 0 3
黄+蓝+教育 91.0870364733 14 0.591298334699 92.8401738934 2.72169342353 4 3
起诉+红+黄 26.6921036779 14 0.697969971292 75.9997691086 1.47811760183 3 3
股票+回购+计划 24.1789593951 20 0.687619228269 78.0165612294 0.471674196165 0 3
黄+蓝+股价 46.3295864924 14 0.640380842494 93.2651829863 2.49886676057 2 3
2017年+9月+27日 32.0305244134 18 0.702070957635 74.8656465159 2.24404233663 0 3
蓝+幼儿园+事件 38.8653178389 20 0.470820652455 88.137619205 2.0257605002 8 3
儿童+教育+科技 25.5625664046 20 0.64217017587 79.4485692314 0.988473005936 0 3
教育+科技+发展 25.5625664046 20 0.64217017587 79.4485692314 0.705753136147 0 3
科技+发展+有限公司 25.5625664046 26 0.604785571457 84.4074639218 1.4333952838 0 3
国务院+教育+督导 27.7504250862 23 0.748015389474 63.3595021221 0.454031322752 0 3
教育+督导+委员会 25.4378896623 23 0.748015389474 63.3595021221 0.37030852802 0 3
督导+委员会+办公室 23.1253542385 26 0.748015389474 63.3595021221 0.711904056699 0 3
开展+幼儿园+规范 23.1253542385 23 0.738816788137 63.002084105 1.24173579335 0 3
幼儿园+规范+办 37.9444726968 20 0.705759680338 74.900797946 1.62211399982 0 3
规范+办+园 41.3939702147 14 0.705759680338 74.900797946 1.41620355067 0 3
师德+师风+建设 54.9709327691 20 0.703750428691 76.4516041167 2.72262134655 0 3
依法+依+规 28.6060547361 14 0.739778944002 73.113483764 2.16428706117 0 3
依法+办+园 40.5708636026 14 0.825697561025 40.401382168 2.32267338704 0 3
涉+事+幼儿园 54.7461731337 17 0.65580953064 87.3731645423 2.85976811861 3 3
回应+红+黄 25.3567897516 14 0.641426572779 77.5705164527 1.97181558006 4 3
黄+蓝+虐童 30.4281477019 14 0.505976727051 89.3883409571 2.09505204722 7 3
蓝+虐童+事件 28.2336104761 17 0.508410664074 85.8055354568 1.56255884557 6 3
蓝+幼儿园+新 32.3754959339 17 0.615329983616 75.4807809214 0.438793977826 0 3
幼儿园+新+天地 29.0147512741 20 0.635120918452 74.6358587993 0.479807396956 0 3
黄+蓝+新 72.7098420994 11 0.650889183756 78.5656711114 2.0844481554 0 3
蓝+新+天地 72.7098420994 14 0.650889183756 78.5656711114 0.959905988933 0 3
新+天地+幼儿园 78.5606769056 20 0.621117719484 86.0966516456 2.72317554424 0 3
天地+幼儿园+事件 36.9030808688 23 0.686766042236 68.3722636965 1.03183202792 0 3
幼儿园+事件+调查 26.5968553346 23 0.626376494578 74.2466065508 1.00418527874 1 3
虐待+被+看护人 40.8977931759 20 0.684668441038 75.4590022578 0.711462047579 0 3
办+园+行为 60.9631225393 14 0.661098897968 80.874041681 2.28466936837 0 3
事件+的+发生 23.1253542385 17 0.623216195278 84.696346068 1.84514216924 0 3
朝阳区+红+黄 44.3887890274 17 0.672226114456 76.2288139403 1.71866971846 0 3
事件+调查+情况 33.2583786606 20 0.732785475061 65.9078056987 2.00155457907 2 3
开展+幼儿园+安全 27.6927802717 23 0.7197219361 68.9528988159 1.88830082631 0 3
幼儿园+安全+隐患 48.2929652505 23 0.702649302073 76.1052093476 2.8000128846 0 3
幼儿园+办+园 34.8529097095 17 0.6726976701 77.8813327585 2.28551358743 0 3
进入+【+新浪 29.4805087136 17 0.495808882213 85.2119851986 1.86283304775 0 3
新浪+财经+股吧 29.4805087136 20 0.495808882213 85.2119851986 0.649825481775 0 3
股吧+】+讨论 29.4805087136 17 0.495808882213 85.2119851986 -0.0 0 3
遂+采用+缝衣 23.1253542385 17 0.75664090872 59.720411393 0.345387763949 0 3
采用+缝衣+针 23.1253542385 17 0.75664090872 59.720411393 0.230258509299 0 3
缝衣+针+扎 23.1253542385 14 0.75664090872 59.720411393 0.11512925465 0 3
扎+的+方式 23.1253542385 14 0.75664090872 59.720411393 -0.0 0 3
进行+“+管教 23.1253542385 17 0.75664090872 59.720411393 -0.0 0 3
天地+幼儿园+幼儿 29.0147512741 23 0.763977059611 64.0419785739 0.418494108393 0 3
幼儿园+被+曝 25.3567897516 17 0.686198311388 82.3151892317 1.24652887971 1 3
北京+朝阳+警方 26.6067029285 20 0.673492819703 74.7943363321 0.998704783859 2 3
资格+祈求+原谅 28.2336104761 20 0.795368294712 38.4224839995 0.851066657989 1 3
幼儿园+监控+系统 28.2336104761 23 0.795368294712 38.4224839995 1.21717108162 0 3
家长+报警+称 27.7504250862 17 0.78346541528 56.12756389 0.759299242919 0 3
怀疑+其+孩子 29.8229941387 17 0.738312789772 67.4693269936 0.634136630951 0 3
孩子+在+幼儿园 34.4949751789 20 0.700942914675 81.232909649 1.64875813063 0 3
立即+成立+专案组 24.3894776845 23 0.787503085078 61.8236069288 0.572340384108 0 3
公安+机关+正在 25.5625664046 20 0.764599228881 59.8385402193 -0.0 0 3
机关+正在+进一步 25.5625664046 23 0.764599228881 59.8385402193 -0.0 0 3
正在+进一步+工作 25.5625664046 23 0.764599228881 59.8385402193 -0.0 0 3
进一步+工作+中 25.5625664046 20 0.764599228881 59.8385402193 -0.0 0 3
蓝+教育+机构 44.2207630704 17 0.651735909258 89.1209588198 1.79256290606 3 3
隐患+大+排查 24.1789593951 17 0.676384944404 69.4917389806 0.509115076976 0 3
管理+和+师德 34.0834218729 17 0.758798159671 62.6595376202 1.34431541281 0 3
天地+幼儿园+园长 24.1789593951 23 0.651947515934 84.3983143269 1.42114588767 0 3
各级+各类+幼儿园 66.125017297 23 0.79228171638 40.9632902002 3.02947505433 0 3
幼儿+虚假+信息 36.2136357399 20 0.760373979979 72.0820393711 0.845900728933 0 3
强烈+谴责+涉案人员 27.6927802717 26 0.76344727721 67.309042635 0.987577981158 0 3
黄+蓝+CEO 34.6997347812 11 0.748372735459 75.0777207826 1.73290042133 3 3
老虎团+”+政委 32.9638266771 20 0.644137960759 79.0172441112 1.25012619417 2 3
园+行为+专项 28.8239281726 17 0.693796267806 79.0963404318 0.958323168855 0 3
幼儿园+教师+刘 34.4949751789 20 0.736157045063 73.9116255301 1.61366139788 0 3
刘某+（+女 25.5625664046 14 0.791238951678 63.2409979432 1.42985244091 0 3
虚构+事实+扰乱 23.1253542385 20 0.796308253412 62.254320636 0.162541486696 0 3
事实+扰乱+公共 23.1253542385 20 0.796308253412 62.254320636 0.162541486696 0 3
扰乱+公共+秩序 23.1253542385 20 0.796308253412 62.254320636 0.345799633071 0 3
幼儿园+（+新 34.8529097095 17 0.634377831188 92.3557696534 -0.0 0 3
新+天地+分园 49.893400838 17 0.608552719917 92.7890770736 1.5779343032 0 3
促进+幼儿园+规范 26.5968553346 23 0.774494924326 62.1553192468 0.531524857144 0 3
教师+被+刑拘 29.0147512741 17 0.6826623775 79.1826031789 3.04477409148 5 3
朝阳区+管庄+红 24.1789593951 20 0.633825411141 85.7856137592 1.20945008699 0 3
管庄+红+黄 31.6170109956 14 0.63710017276 90.4331196525 1.84487790565 0 3
北京+警方+25日 31.0569715237 19 0.838880504022 38.9367202698 2.16803960568 0 3
幼儿+家长+报警 25.3567897516 20 0.834907676963 51.7949270297 0.325082973391 0 3
案件+侦办+情况 29.0147512741 20 0.812462468091 54.3898638435 1.04849377655 0 3
谴责+涉案人员+严重 25.4378896623 26 0.807516112784 54.3259355533 0.71394564966 0 3
涉案人员+严重+违反 25.4378896623 26 0.807516112784 54.3259355533 0.361803927809 0 3
严重+违反+师德 25.4378896623 20 0.807516112784 54.3259355533 -0.0 0 3
师德+的+行为 25.4378896623 17 0.807516112784 54.3259355533 0.108995239673 0 3
举办者+按+程序 25.4378896623 20 0.818148766078 53.5407647503 0.527944677934 0 3
程序+立刻+免除 25.4378896623 20 0.818148766078 53.5407647503 -0.0 0 3
免除+幼儿园+园长 27.7504250862 23 0.818148766078 53.5407647503 0.430253974584 1 3
幼儿园+园长+职务 36.9030808688 23 0.741390292138 64.3028606356 1.62482853407 2 3
严肃+追究+幼儿园 23.1253542385 23 0.818148766078 53.5407647503 -0.0 0 3
幼儿园+及+相关 23.1253542385 20 0.818148766078 53.5407647503 -0.0 0 3
人员+的+责任 23.1253542385 17 0.818148766078 53.5407647503 -0.0 0 3
事+幼儿园+教师 31.0411534166 20 0.784322250675 61.4383597785 1.10105428951 1 3
编造+、+传播 25.3567897516 17 0.776768201119 68.2609067226 0.544184305125 0 3
公安+机关+通报 27.8924687268 20 0.810743094466 52.1443133812 0.80894853733 0 3
幼儿+的+身心健康 23.1253542385 23 0.777386003747 66.8601248903 0.735700532433 0 3
部队+的+传言 35.5170877129 17 0.712232765856 57.425939918 2.39326995092 0 3
