一贯 37.3637338488 6 0.698365818728 55.504707938 3.478097011 0 1
希望 62.3021243394 6 0.667922142889 61.5650052322 8.37995263452 0 1
明确 46.9817441257 6 0.757097765816 57.5181637556 5.64386909737 0 1
集团 71.7559905783 6 0.681562813215 61.6899442247 8.13600902881 0 1
去年 51.7911276679 6 0.689425299341 63.7538635153 7.71532369531 0 1
回暖 51.490898525 6 0.67685431033 63.016046119 5.1571635443 6 1
10月 77.6735853964 5 0.624174085104 64.0177945955 8.17060391698 0 1
韩联社 58.9859340264 9 0.626415039326 65.1016232812 6.78700437248 0 1
国际 87.6610678761 6 0.664766115324 64.4501804174 8.98428221632 0 1
汽车 124.248269783 6 0.6639528074 57.046479064 9.5597158395 0 1
外交 72.3560790724 6 0.699800345007 61.0419770205 8.88491766749 1 1
轨道 61.5846644982 6 0.76738999583 54.8672992698 4.08360923068 0 1
国内 51.7911276679 6 0.636452034826 64.4245277119 8.08785618289 0 1
消息 64.4912878689 6 0.641033976075 64.2166314693 8.3306358066 1 1
表明 49.7483584542 6 0.819537571996 49.4389292333 4.19251421929 0 1
合作 125.620759961 6 0.712112676377 59.2564941785 8.78416644825 2 1
同盟 51.5800789193 6 0.747089340705 56.4117918975 5.00991083539 0 1
承诺 63.2309342057 6 0.724306648678 57.6791018702 7.146301419 3 1
商定 39.6260296506 6 0.821953473354 49.4286219855 2.93268342395 4 1
体系 50.94325845 6 0.728585601711 54.7966907615 5.37353313854 3 1
落到实处 46.063294865 12 0.733381243063 49.801063673 3.1145716291 1 1
关系 95.3920357957 6 0.649520025829 64.0807865651 9.25432383124 32 1
解决 71.9527644093 6 0.668507482826 60.888933577 7.87424233229 1 1
努力 54.0483952229 6 0.712018093012 60.5563937926 7.23546871457 0 1
导弹 69.2082229198 6 0.628822344787 63.3345438764 7.86467869792 0 1
积极 61.5367532449 6 0.715453197323 58.3363569538 8.42017534043 1 1
已经 60.4070299551 6 0.602915162576 65.5469284051 9.74087894803 0 1
24日 69.3994695624 5 0.701605550916 58.3276848576 6.63646444146 0 1
损失 69.7058194189 6 0.685049794121 61.8713455066 7.5381851632 0 1
乐天 168.509118547 6 0.729260765212 53.6593249269 9.67558698406 2 1
影响 80.5682394247 6 0.637755846499 65.5735622328 8.89941364263 4 1
萨德 7.91051302827 6 0.599885477257 64.3023969423 7.96737892001 67 1
减少 75.3972133665 6 0.641628257919 62.6004358439 8.16317415598 0 1
正在 53.40033469 6 0.613045686292 65.0242599032 8.38352046792 0 1
旅行社 55.4306311011 9 0.82896664938 58.7763606401 7.73150792397 0 1
酒店 197.782960063 6 0.716219179352 52.84373385 8.18655617599 2 1
游客 213.759248114 6 0.735808952108 62.3106057303 8.80161058133 6 1
标题 36.1869159188 6 0.604711366574 63.4859961477 2.60750902077 0 1
外长 102.812757963 6 0.722529279338 59.5763521814 7.96798383134 14 1
是否 48.7704980315 6 0.617755936278 59.5217880785 7.95525690209 1 1
编辑 36.615132683 6 0.578447591412 63.2793287383 3.15239451211 0 1
同意 49.607599119 6 0.760863430587 55.2232317665 5.51784156825 1 1
地区 76.1645343841 6 0.619150280273 62.3153563721 8.47092021532 0 1
青瓦台 57.2121094722 9 0.737522823555 59.7481294497 7.66052816172 0 1
30日 73.2792948563 5 0.703047433341 59.3144172359 7.02958044319 0 1
经济 103.53920603 6 0.627915817603 65.721553963 10.187405865 2 1
推动 85.1173756342 6 0.711448064241 59.8422675328 6.87398734697 3 1
恢复 40.4910960672 6 0.662889529572 64.113610669 8.30247232977 1 1
当天 44.5490672813 6 0.624649466705 64.3516840975 7.47856862348 0 1
目前 54.2670593043 6 0.608553495736 65.1130811344 8.84208607208 0 1
产品 68.1736764003 6 0.708666447292 64.0149351405 8.09953456086 1 1
国会 48.7704980315 6 0.746781269624 56.3448327153 5.16183376734 0 1
战略 81.0872261467 6 0.699906888031 59.4473479633 7.17232969081 0 1
加强 62.0667691582 6 0.770095952293 54.2004245228 6.22247743902 0 1
共同 109.301811347 6 0.747990795821 57.5913336623 7.27352830385 2 1
双边 75.3151953148 6 0.729473933698 60.1672770136 7.17734100391 3 1
出现 64.6680008922 6 0.64643769548 65.3172558152 8.11665316116 2 1
北京 61.9100798941 6 0.65448376614 63.6087503231 8.23366214729 0 1
举行 81.1353516405 6 0.644610563231 64.9154612677 8.99833558292 0 1
包括 39.6260296506 6 0.642172375929 63.4551591784 6.93733234905 0 1
实现 48.8276679301 6 0.797991943696 53.0821907485 6.73820134652 0 1
成为 62.8628843266 6 0.642385328703 64.3778052879 8.59004204962 0 1
现代 65.9276533542 6 0.722357962019 53.838128713 6.92036609412 0 1
此前 48.6651627873 6 0.676415766822 62.6308468391 7.51523771388 1 1
回到 56.6155195957 6 0.783646265063 54.7724105236 2.1993303704 0 1
活动 74.4918591912 6 0.668046444836 66.2851328833 8.87654460118 0 1
重视 46.111701662 6 0.699919892972 58.2725651832 6.01356246659 1 1
反导 33.3629000061 6 0.6454353901 62.6375662723 4.88480903644 2 1
反对 54.2670593043 6 0.66193494567 61.3097674187 6.32132497386 3 1
贸易 47.6767578935 6 0.666908159345 62.7825760838 7.73380297502 1 1
31日 64.6461197765 5 0.751927339148 57.4851763974 7.09614555788 0 1
责任 40.0594634609 6 0.574805696142 63.3977708835 5.22373446038 0 1
美元 95.8064828262 6 0.639697381292 61.5002832474 9.03478411067 0 1
中方 74.1238545292 6 0.645401024917 62.940313232 10.0620854658 17 1
首尔 88.7775780547 6 0.595064216106 64.6183609703 8.69811304515 1 1
11月 70.4075418404 5 0.667373434344 63.4899048882 8.44557375529 0 1
未来 43.4377199795 6 0.644821036789 62.3343384814 6.90253831731 0 1
访问 58.9610174272 6 0.666377512234 64.022519959 7.93228098642 0 1
客房 101.978738617 6 0.931942807127 30.7875501053 4.47280385285 0 1
今年 91.4558393469 6 0.618280549162 66.0967669105 9.52276843454 0 1
韩元 55.3297692423 6 0.621746705198 59.4484807995 7.67029489802 0 1
渠道 49.4235384038 6 0.738756575169 56.3194533166 3.79160126598 4 1
期待 68.4979430447 6 0.715200145092 62.9320558314 8.29422262121 3 1
元首 80.0763110336 6 0.770805494951 53.9807118854 5.95704292512 0 1
会议 65.2100851785 6 0.681475190739 60.2274555996 7.56719368875 0 1
政府 88.7012070344 6 0.639651238293 64.1224046173 9.59959736559 2 1
媒体 57.9149664124 6 0.617323549329 63.9048757707 8.04040083024 0 1
重要 58.9197341462 6 0.626993597048 62.2166507808 8.1645517605 0 1
报道 98.5075901046 6 0.593499893163 65.5649177714 8.74101318982 0 1
处理 80.8458027071 6 0.729632144329 55.9396969247 6.34917883189 4 1
发展 100.965262773 6 0.678213996586 61.3970988342 8.64886046811 2 1
中国 88.7327043218 6 0.622803482924 64.7759344341 13.082725248 23 1
公司 89.0953586393 6 0.689883932001 61.5095458309 10.1002367808 0 1
进行 70.8686062774 6 0.638470651409 63.619175504 9.46422798084 8 1
美军 59.8650815892 6 0.631123435672 53.252345575 5.74042570413 2 1
回应 44.7817913011 6 0.63909937945 60.5355922785 6.89125706889 8 1
能够 43.4377199795 6 0.660363377065 62.02733857 7.79338794105 0 1
高度 50.264808911 6 0.768151898664 55.8293455356 6.67247551387 1 1
相关 67.3176165315 6 0.619370355331 63.9385175414 8.97208209776 1 1
迎来 53.4398120285 6 0.673328232916 62.0015275598 6.46014229611 3 1
再次 47.3480416292 6 0.721494473374 58.268461382 5.84199441414 1 1
变化 51.8186541584 6 0.723033765163 55.6023834137 5.18580656367 3 1
改善 76.3385168005 6 0.680987297917 62.2239168839 7.47149516634 4 1
康京 120.81405991 6 0.736495815972 59.1870035169 7.05724530574 0 1
提出 51.6753080108 6 0.655039031354 63.8466662751 7.56796510631 0 1
时间 43.4247673222 6 0.606774135121 64.0867185394 6.51749838398 0 1
军事 50.9328557055 6 0.732112514728 56.913253819 5.64675020613 0 1
市场 79.3500239211 6 0.640788075849 62.4939905247 9.22305555234 0 1
利益 81.3120912099 6 0.708659994931 59.3219092605 6.2636143483 3 1
交流 92.8441420547 6 0.754987863822 57.0316661018 6.21454644924 2 1
表态 62.0667691582 6 0.708683276703 57.490572964 6.52748544429 2 1
表示 38.4416529593 6 0.615332707981 64.4213945461 10.1487514159 1 1
引发 41.4295364255 6 0.644597908165 64.4616850925 6.89858330606 0 1
会谈 109.500543019 6 0.725524302766 61.5821974604 8.26993801489 2 1
矛盾 68.630357777 6 0.647012739308 65.4090197565 6.96903990198 4 1
伙伴 39.9499101246 6 0.821682918765 51.5411956367 3.76208283636 0 1
美国 47.4005170512 6 0.633681316209 64.4225150268 9.21985826296 0 1
朝鲜 69.4192306605 6 0.699307684848 58.4328491528 8.27014381997 1 1
继续 52.08914447 6 0.674341404039 59.9302707399 7.28788720386 1 1
之间 56.4483042933 6 0.710850411488 59.0190913854 6.87567643832 0 1
日报 63.2309342057 6 0.707590126406 65.0183686199 4.1621274078 0 1
安全 69.2940307151 6 0.675642336341 61.3992225858 7.17997423941 1 1
双方 152.587354703 6 0.700286210481 61.384990265 9.19176491779 4 1
记者会 37.7962659954 9 0.697208023902 58.8969426761 3.987021263 0 1
注意 43.7234825688 6 0.821996787848 50.3196035848 3.91857389345 0 1
投资 84.2545592736 6 0.689914325398 61.327111264 8.60318706267 1 1
局势 50.0177140094 6 0.682409229245 61.0460892782 7.74302195981 1 1
新闻 46.3295864924 6 0.670777880106 63.1010198381 7.65232563762 0 1
问题 66.9963667858 6 0.623862533771 63.7453171538 8.78262108236 27 1
和平 51.5669111952 6 0.808110400569 51.2480586446 6.07522912354 1 1
关注 46.7790830549 6 0.655454083023 65.0200611079 7.89402168092 0 1
半岛 76.6316182616 6 0.694877968727 58.9602864782 7.30611100942 1 1
接受 45.5473442944 6 0.620185292764 58.388431173 6.00434966903 0 1
基础 51.5908902488 6 0.707259708947 58.5744299093 7.39499695253 0 1
期间 63.4858984316 6 0.7176068946 62.8698964569 7.64507860483 0 1
系统 28.3324489524 6 0.61471402749 63.9819379054 6.87964228925 4 1
访华 54.9709327691 6 0.750019995176 58.8340040296 7.14938736451 3 1
完成 62.4384564439 6 0.574927326879 57.5877450327 7.18294893993 1 1
立场 73.1112979192 6 0.696161134431 59.766164785 6.69975681195 4 1
追加 49.8558529754 6 0.735404047532 57.4045962911 3.38956736364 4 1
海外 72.5016887447 6 0.615208585975 64.6454739803 7.04903920668 0 1
韩媒 81.332850057 6 0.627353549312 64.5260659584 6.86439536676 21 1
续签 103.962837982 6 0.763348730396 48.6843752742 7.52956918439 3 1
协议 181.754531624 6 0.668225525292 63.4024213138 8.36329899764 5 1
上述 42.6741857775 6 0.712446743575 54.5264375168 4.7257503185 0 1
领导人 67.7124725658 9 0.759181508183 59.1850692941 7.08267765219 0 1
计划 50.2591385318 6 0.674889031922 64.7714707642 8.62615398169 0 1
发言人 40.4229013535 9 0.649400299192 61.9303016891 5.82540872819 0 1
互换 124.164613666 6 0.731302119994 59.8991882913 5.60023398922 4 1
符合 61.4189322425 6 0.805043149383 52.5190029622 4.46386530234 2 1
正常 57.0492607241 6 0.806991966572 52.7012624907 2.19450684656 0 1
指出 40.8355500571 6 0.658516770334 62.0374157923 6.77556927298 0 1
沟通 100.542944132 6 0.735477383141 58.9006592746 7.74675402263 12 1
达成 67.9945483533 6 0.70656993269 58.4755997927 6.97307860361 1 1
货币 132.073259757 6 0.720694615645 60.2105282849 6.23582067644 4 1
9月 67.97969557 4 0.609139355773 63.9954427896 8.67937993982 0 1
例行 36.615132683 6 0.671274405598 60.0100453917 4.24567838298 0 1
同比 61.7762021445 6 0.65083180527 55.8903034412 6.6558943711 0 1
韩方 97.402047575 6 0.714783739784 60.0109804516 9.41206906111 5 1
进入 50.2591385318 6 0.643454167471 63.8683927927 7.39466145859 0 1
情况 55.9306477687 6 0.618062949454 64.6533571297 8.048308309 0 1
人士 62.4231030257 6 0.637226743067 64.3350915612 7.40607145642 0 1
损害 50.8690778569 6 0.740725743882 54.620805063 4.08525087028 1 1
防御 62.3667510475 6 0.617652683186 60.935430146 5.67328350509 0 1
妥善 59.7724131468 6 0.755995474356 56.2628955868 5.04596979865 2 1
健康 39.6260296506 6 0.738528706865 58.5585955241 3.60534999683 0 1
企业 96.2229873304 6 0.697617416981 62.587103052 8.89427323789 1 1
加入 42.2956647138 6 0.715687341866 56.9065381835 3.36197124216 1 1
决定 54.2809591528 6 0.614720892124 64.6433448632 7.98855293641 0 1
27日 69.3994695624 5 0.785715366407 55.6699324983 7.04512490418 0 1
部门 40.8977931759 6 0.782317373046 53.0492832714 4.32371803748 0 1
讨论 40.4847060822 6 0.625059205001 59.88821396 6.64792368672 0 1
锐减 65.9276533542 6 0.75019309393 53.7164993117 4.98480340527 0 1
要求 70.9512078094 6 0.66467647281 59.0382132423 7.52710780596 2 1
领域 56.7975523586 6 0.718470847017 58.9758081382 5.42467105171 0 1
考虑 58.0450911134 6 0.664046402702 61.7510043447 6.29118351598 3 1
记者 48.8767178557 6 0.598129543222 62.3237186272 8.70372954649 0 1
方面 52.2898101079 6 0.639029368521 64.0714085577 8.60434712428 0 1
需要 43.7234825688 6 0.697956006652 58.4357224899 8.30792251822 0 1
22日 44.8434677326 5 0.613916044091 56.4939481642 6.80403722546 0 1
共识 70.1686245823 6 0.752205635145 54.4878468009 6.58380930973 2 1
旅游 95.353515787 6 0.749950483954 59.2958549308 8.53531513859 1 1
文化 70.1189822456 6 0.68443937398 59.293806303 7.38164333185 1 1
部长 47.4678922466 6 0.758411864747 56.8356558728 6.24737112683 0 1
国家 90.3980927176 6 0.705200994865 58.5755688194 8.34669571894 1 1
关切 80.3170652402 6 0.725441291779 55.4910365766 5.40317992912 0 1
韩国 69.1681823921 6 0.608471640833 64.6806968335 13.2791491436 22 1
全球 57.8133855962 6 0.616024929343 61.1797402255 8.31706245574 0 1
网站 58.9197341462 6 0.669544137388 63.3837997559 7.12320033356 0 1
会晤 61.7762021445 6 0.75983049345 57.4210567678 7.61179665028 0 1
7月 50.2973340273 4 0.67241509288 64.1893189744 6.97382621 0 1
总统 74.0356794713 6 0.647843178828 63.3464419969 8.15433451124 3 1
外交部 64.6707977719 9 0.664972337362 61.9273684434 8.72535753648 9 1
参考 46.3295864924 6 0.640839118202 63.3590280086 5.12605011186 1 1
重申 54.6085340867 6 0.757675757777 52.4945888573 5.4441565926 2 1
早日 62.0581512027 6 0.753404886298 56.0284590443 4.50421928307 2 1
部署 61.9260492473 6 0.613094008219 64.0645501911 7.40028126655 15 1
认为 58.3570934473 6 0.627994315066 65.0380529127 8.24361748992 0 1
人民币 46.063294865 9 0.663870603054 58.136958382 6.3798326968 0 1
基地 82.7879404294 6 0.609176966945 58.4787816702 7.43627143915 3 1
王毅 91.4116842241 6 0.743821929704 56.6818110045 7.41517387069 2 1
稳定 45.342870812 6 0.765349721014 56.7161248765 7.15014874304 0 1
发布 69.6806395024 6 0.691041028096 62.721452815 8.26973182799 1 1
进一步 45.8631311704 9 0.698093516086 58.9513773509 7.07234156572 0 1
紧张 41.7670384419 6 0.60743589464 59.667588319 6.14613816737 1 1
中+韩 70.0722174985 7 0.625202306943 64.1632196292 6.75317552282 60 2
韩+两 79.1359319279 7 0.685008579855 63.1607543435 3.15520130781 1 2
两+军 40.4847060822 7 0.815428764603 45.8597622576 1.65530117049 5 2
问题+进行 47.343002272 13 0.787834154168 52.3091696641 2.53449309435 4 2
进行+沟通 63.2161537723 13 0.7804825256 53.1359805682 3.35595043563 8 2
海外+网 30.5131250518 10 0.600746461845 58.6484563429 3.48124046771 0 2
例行+记者会 36.1869159188 16 0.693691777256 58.8513271858 3.37731877792 0 2
安全+利益 53.2872967599 13 0.723989630565 57.0131214909 2.13983525202 0 2
相关+问题 33.1655723028 13 0.73435475797 49.0407415126 1.35734102715 1 2
坚决+反对 26.5968553346 13 0.662855565204 56.113453067 1.95193958001 0 2
韩+部署 37.4200506285 10 0.689410886373 55.4478897099 1.77122199135 1 2
两+国 132.134679096 7 0.672221920946 63.2654683287 7.308682227 4 2
外交+部门 35.5110312219 13 0.84398015779 47.9579827519 2.51916142747 0 2
维护+国家 29.6409478084 13 0.898178480347 38.3519150778 1.17102667224 0 2
国家+安全 36.234335999 13 0.841199436564 45.3682909297 2.74292691554 0 2
中国+团体 31.0569715237 13 0.83618092697 46.173875746 2.64266442051 1 2
团体+游客 29.3613140456 13 0.794789520734 57.4561586303 3.05133482445 1 2
访+韩 40.5708636026 7 0.797487367293 54.3300927634 3.92557624209 2 2
韩+中 106.685464444 7 0.639055005027 64.2388256699 6.35135139466 0 2
韩联社+报道 31.3230405082 16 0.665511291703 62.0761714091 0.721857467552 0 2
入+韩 34.8529097095 7 0.689264336316 60.0327241523 2.53740936958 1 2
赴+韩 63.5553059408 7 0.760605215998 63.0458197228 4.68932063124 1 2
外长+康京 43.6738640399 13 0.747847875289 59.6034238759 2.11922382412 0 2
加入+美国 40.2700663935 13 0.731587237016 55.7485276544 1.9800640627 0 2
反导+体系 38.0328404827 13 0.765423081978 52.9387319214 1.90317309052 1 2
韩+美 56.1000884862 7 0.673335431504 61.470559428 4.98646762747 1 2
美+日 45.627446725 7 0.748858027888 55.6398560264 2.75714196051 0 2
军事+同盟 43.550399689 13 0.745593573597 56.0698262686 2.0254070735 0 2
战略+安全 47.4678922466 13 0.758869580354 53.9738059155 1.83223044487 0 2
王毅+外长 26.6067029285 13 0.74743400883 46.5835278815 2.50670865578 0 2
希望+韩方 56.1568575077 13 0.754264151959 53.4187541656 2.66818955687 0 2
韩国+旅游 28.8239281726 13 0.745384974088 57.9042472875 3.83778437225 0 2
中国+消费者 27.8924687268 16 0.791142799116 58.7692993161 3.83033238652 0 2
韩+关系 86.8711947916 10 0.691581350287 62.3407248549 5.94900602752 26 2
关系+改善 34.0834218729 13 0.719710627942 58.6395714827 2.81465720202 1 2
寅+总统 28.8239281726 10 0.74319618475 49.2387388087 2.93069351466 0 2
国+关系 82.4354545827 10 0.659052918224 63.1714507092 5.693986672 2 2
美+韩 34.0834218729 7 0.630217483915 55.0180855752 3.21965077657 0 2
韩国+外长 56.4483042933 13 0.750228586341 59.3492360366 2.60181192534 0 2
韩国+政府 67.6372043503 13 0.671980623637 61.7103283967 4.94835208335 1 2
反导+系统 48.2597994207 13 0.589834982713 63.8101612947 3.0464549067 0 2
外交部长+王毅 27.8924687268 19 0.78453802119 48.5598402657 2.61322670152 0 2
韩国+总统 41.7670384419 13 0.706822507639 59.4056383221 2.65865687786 2 2
总统+文 39.2019578013 10 0.694036390148 61.7438865478 1.92568610716 0 2
中国+外交部 48.9582665684 16 0.696995519292 60.9924516291 4.2466272622 1 2
中方+重视 26.6067029285 13 0.809048876303 40.2306010791 0.876249228671 0 2
重视+韩方 33.4136307535 13 0.754857663108 51.3025548428 1.74973941183 0 2
考虑+追加 46.1695134136 13 0.732044915343 57.0454067088 2.53194236061 3 2
美国+反导 40.1585326201 13 0.703428329818 59.0216943086 2.34411997414 0 2
损害+中方 44.7817913011 13 0.854347727552 47.3366203787 1.91563370591 1 2
韩方+继续 31.0411534166 13 0.760724818005 43.412106099 0.679068365078 0 2
继续+妥善 40.0484766305 13 0.752550767888 47.5045706846 1.46807760877 1 2
妥善+处理 55.2794066091 13 0.753967576765 54.1653270017 2.88103905741 2 2
10月+31日 48.4264658066 11 0.738890785159 58.2084461256 5.14439812321 0 2
中+关系 60.12592102 10 0.732565952741 60.2212064925 4.9007765103 0 2
关系+发展 53.349239619 13 0.795324189664 54.4752960187 3.59539405616 1 2
国+领导人 34.6880313577 13 0.765150537643 53.0281273844 2.96923916555 0 2
进一步+加强 26.6522250719 16 0.90942648274 36.1484215123 1.04394692918 0 2
韩方+认识 27.6648846212 13 0.906884651591 38.382502769 0.798757914479 0 2
明确+表示 32.0743291101 13 0.849027392301 43.8291459994 1.04339950009 0 2
韩国+部署 58.9960926875 13 0.677280863432 61.6401612041 2.43091867869 1 2
部署+目的 27.6648846212 13 0.906884651591 38.382502769 -0.0 0 2
第三+国 26.6522250719 10 0.91052331742 36.240106713 -0.0 0 2
中方+战略 35.6265413523 13 0.88170166318 44.0106792551 0.500321400269 0 2
国+外长 26.6921036779 10 0.826878301781 38.1032411375 2.61067816271 0 2
阶段性+处理 43.5221269111 16 0.784049765751 41.010904176 3.10129001888 1 2
问题+达成 31.0411534166 13 0.789491991159 43.1511313298 1.20940886544 1 2
报道+称 82.6622515174 10 0.624627241326 64.9796678224 1.6460969778 0 2
亚+太 27.8924687268 7 0.812640490172 50.1682487299 3.81634372441 0 2
领导人+会议 30.0568260441 16 0.84396132225 42.306024007 3.09101658772 0 2
高度+重视 35.6381434557 13 0.829105205846 47.92237662 3.25272341198 1 2
外交部+发言人 40.75460676 19 0.664857402507 61.9676482784 3.85841881475 0 2
扫除+中 30.06296051 10 0.810164432182 46.1096272406 0.21203018438 0 2
共同+意愿 27.7504250862 13 0.810164432182 46.1096272406 0.318257084147 0 2
符合+双方 50.307294231 13 0.811633767226 51.0769885443 1.30087257744 0 2
共同+利益 52.923935174 13 0.818672759719 50.8391200821 1.62529134581 1 2
朝鲜+半岛 56.4483042933 13 0.764869846965 53.1366441894 4.88366238231 1 2
半岛+问题 40.8355500571 13 0.771261831968 45.5694736391 3.10124355658 0 2
韩+旅游 31.0569715237 10 0.917142913982 45.1572287982 3.42979522256 1 2
中央+日报 40.5356994812 13 0.726418626484 62.2881885398 1.84502458808 0 2
韩国+外交部 38.1414063148 16 0.707520198503 58.6996881031 3.83372927317 0 2
举行+会谈 36.2136357399 13 0.755653085828 55.8699203813 2.51219023104 0 2
10月+30日 40.0484766305 11 0.763617168142 53.4917455049 3.65472209429 0 2
接受+国会 23.1253542385 13 0.74831870936 43.7122696503 0.984009554562 0 2
国会+质询 24.3894776845 13 0.762999304393 43.1611235322 0.885798944325 0 2
质询+时 24.3894776845 10 0.762999304393 43.1611235322 0.558058057374 0 2
时+表示 31.045477661 10 0.684079949901 57.859137707 2.4971045321 0 2
现有+立场 28.6060547361 13 0.750679015003 50.6534625337 0.702380184815 0 2
日+安全 39.0948513752 10 0.753359572409 55.993036381 0.851574329081 0 2
安全+合作 41.8873407592 13 0.753359572409 55.993036381 0.956634521891 0 2
发展+成为 30.7525673907 13 0.773851915555 52.0204630239 1.61977552311 0 2
政府+未 24.3894776845 10 0.764211503527 47.4622827397 -0.0 0 2
未+考虑 30.7525673907 10 0.74927408233 48.1577198014 1.03239723613 3 2
追加+部署 51.5800789193 13 0.749167373674 55.8971060638 2.31234591562 4 2
发言人+华 27.6648846212 13 0.761676306917 47.420050787 1.75404997993 0 2
华+春莹 29.6409478084 10 0.761676306917 47.420050787 2.44670204672 0 2
中方+一贯 25.4378896623 13 0.779688162142 44.3755388465 0.304636097349 0 2
一贯+反对 24.1789593951 13 0.787700380056 40.145573562 -0.0 0 2
反对+美国 32.0743291101 13 0.699604843883 53.6151997632 0.823596493657 0 2
上述+承诺 25.4378896623 13 0.784648552777 41.773904691 -0.0 0 2
承诺+落到实处 31.0411534166 19 0.773205121992 42.5425540609 1.26364391309 1 2
处理+相关 30.7525673907 13 0.749925195008 45.1476215318 0.356770792071 0 2
推动+中 47.343002272 10 0.770268981742 54.4624210049 1.45313920081 1 2
关系+早日 41.150107714 13 0.739743612916 53.5735032741 1.79025459686 0 2
早日+重 26.6522250719 10 0.766986235358 46.6902582936 0.429323021931 0 2
重+回 28.7023962313 7 0.766986235358 46.6902582936 0.645767880381 0 2
回+平稳 26.6522250719 10 0.766986235358 46.6902582936 0.270102071194 0 2
平稳+健康 26.6522250719 13 0.766986235358 46.6902582936 0.270102071194 0 2
健康+发展 25.5625664046 13 0.765714578495 48.5090167465 1.13217147792 0 2
发展+轨道 57.2395484392 13 0.769732798749 54.424383681 1.22824967585 0 2
原+标题 35.9216481866 10 0.597149718287 63.42415367 1.33355722377 0 2
游客+锐减 40.0381555168 13 0.781733812169 53.9254035446 2.39402309782 0 2
韩国+旅游业 28.2336104761 16 0.835338530055 47.5358893238 2.20977019348 0 2
韩媒+称 47.6767578935 10 0.634991022828 59.6404709646 2.81263025219 3 2
亚洲+经济 32.3754959339 13 0.667218842075 56.3368082371 1.49132946934 0 2
中国+游客 156.379765891 13 0.734002207953 58.4366662429 6.55644820168 2 2
萨德+问题 34.8529097095 13 0.67950809349 58.0272340391 5.14594639009 12 2
韩国+国防部 31.4326472136 16 0.68510149011 49.8485181274 3.49939889484 0 2
韩国+国内 31.4326472136 13 0.678863475257 58.4448255572 3.53549608227 0 2
驻+韩 48.3579187901 7 0.628120609888 52.6321303236 2.75678532311 1 2
韩+美军 50.7758147296 10 0.628120609888 52.6321303236 3.7259941795 1 2
环球+时报 38.0351846274 13 0.653334564708 53.7534857024 3.58269167475 0 2
责任+编辑 36.1869159188 13 0.566383745709 63.3382705946 2.41813003035 0 2
韩+外长 46.063294865 10 0.724792984177 48.1469333306 3.89424973091 14 2
首+次 32.3754959339 7 0.693786913682 58.8396823329 5.31812513542 0 2
外交部+网站 30.4281477019 16 0.823621768497 44.1365421945 3.99503608956 0 2
核+问题 54.4535429869 10 0.756201424576 54.9388243089 2.64620225063 0 2
半岛+局势 30.06296051 13 0.79838423152 50.7498242796 4.23111319689 1 2
建交+25 28.2336104761 9 0.902503724143 35.3063058645 2.16318169967 0 2
共同+努力 33.5930741828 13 0.799852937245 52.5959347347 2.09519623111 0 2
希望+双方 23.1253542385 13 0.819185297366 43.913253319 1.73652319238 0 2
一带+一路 48.0909216705 13 0.896013606179 26.9126203459 2.65107914478 0 2
段+时间 31.0411534166 10 0.632954423824 60.1704794401 2.38894499616 0 2
推动+两 34.0834218729 10 0.740141226511 53.7207135656 1.0644010595 0 2
部长+助理 33.8562362829 13 0.820330567405 49.6809295358 2.01433862316 0 2
中+美 42.3504157142 7 0.62370329194 57.0035691397 4.68319726172 0 2
寅+政府 48.0909216705 10 0.736615569159 49.7276349554 3.68851000999 0 2
国+外交部 25.3567897516 13 0.757473633311 45.7537914197 1.80148158371 0 2
消息+称 25.3567897516 10 0.678477776982 59.1958869401 2.96216433532 0 2
双方+商定 30.5131250518 13 0.859793845503 40.7612761684 0.25993019271 1 2
军+渠道 37.9444726968 10 0.863259335202 42.0909815024 0.866736178236 4 2
关系+出现 27.8924687268 13 0.703003084786 60.4129257561 1.83082848333 2 2
韩+双方 74.0356794713 10 0.824256637515 52.0990503605 4.05850607479 4 2
参考+消息网 38.1414063148 16 0.627208398159 61.6619449103 3.67595598231 0 2
双边+关系 71.0220624438 13 0.75296152881 58.869697192 5.06755875956 3 2
导弹+防御 45.7696875777 13 0.618534961754 58.9855697231 3.49519608128 0 2
改善+中 29.0147512741 10 0.741273798086 55.2103241306 3.16389557728 1 2
平昌+冬奥会 35.5170877129 16 0.757483329562 45.6950758827 4.23894915946 1 2
推动+双边 32.9638266771 13 0.80518458584 45.9889417928 0.567549035037 0 2
同意+推动 40.8355500571 13 0.852324094862 47.2899601377 1.33325722396 1 2
领域+交流 45.8684153283 13 0.838319310302 49.5153068394 1.42744839019 0 2
关系+进行 23.1253542385 13 0.851151722377 43.3996605124 1.40084109711 2 2
交流+合作 77.3503667927 13 0.794415818557 51.9188533048 3.29238743697 2 2
合作+早日 41.150107714 13 0.842805267243 48.9994453085 0.783233699988 1 2
早日+回到 48.4264658066 13 0.79979782284 53.018166106 1.35778485254 0 2
回到+正常 54.3321323684 13 0.807840851727 52.3628232472 1.15908716314 0 2
正常+发展 51.9698657437 13 0.807840851727 52.3628232472 0.746131909424 0 2
立场+出发 24.3894776845 13 0.931574866879 31.4205951877 -0.0 0 2
重申+反对 28.7023962313 13 0.905497886144 36.7111238819 1.10901898188 1 2
中方+关切 29.6409478084 13 0.913611137853 36.9079173092 1.00138240187 0 2
双方+关系 26.6921036779 13 0.838557355819 49.5928840736 3.69875439981 0 2
和平+解决 27.6648846212 13 0.882730483764 36.9874234885 0.575201921152 0 2
乐天+集团 62.1139430475 13 0.788101020575 44.0424293206 4.02961086824 0 2
中+两 28.2336104761 7 0.768036969178 51.6004333654 1.54024449044 0 2
双方+表示 45.1037655064 13 0.907874140776 38.9783919516 1.04440200481 0 2
表示+高度 24.3894776845 13 0.929533845735 35.6133677752 0.435980958691 0 2
重视+中 24.3894776845 10 0.929533845735 35.6133677752 -0.0 0 2
双边+共同 26.6522250719 13 0.877888392252 40.6712498026 -0.0 0 2
共同+文件 26.6522250719 13 0.877888392252 40.6712498026 -0.0 0 2
韩+战略 28.6060547361 10 0.8625812734 43.3215299492 0.180536680073 0 2
战略+合作 35.6265413523 13 0.837877625496 50.127715874 1.99168949859 0 2
合作+伙伴 34.5531577406 13 0.818045667176 50.9799838615 1.89196995799 0 2
伙伴+关系 32.0743291101 13 0.849686082334 48.0370290378 0.809714235456 0 2
加强+两 30.5131250518 10 0.854730611577 44.0519401298 0.298672080237 0 2
国+交流 30.5131250518 10 0.854730611577 44.0519401298 0.0843534919412 0 2
合作+符合 31.3230405082 13 0.848075518366 44.8879092952 0.529344985648 0 2
双方+共同 58.9197341462 13 0.804911512373 51.997706007 2.1333818684 0 2
中国+政府 32.4201953676 13 0.793624319053 51.5786752841 3.1225364401 0 2
发言人+耿爽 25.5625664046 16 0.698805906478 59.1413806938 2.82450328278 0 2
部署+萨德 30.06296051 13 0.691268107964 58.3611676896 3.71517408564 4 2
数据+显示 23.1253542385 13 0.665786259747 53.9119002894 1.20521505633 0 2
约+合 28.7023962313 7 0.681174540091 59.0015017831 3.41771739454 0 2
合+人民币 24.1789593951 13 0.730977567341 53.567260951 1.39142600149 0 2
中国+市场 33.2583786606 13 0.711184096798 55.5878251887 4.08265245675 0 2
韩国+经济 53.213405857 13 0.684964219534 59.6578748786 5.23863775495 0 2
发展+成 34.3272656833 10 0.772567560927 51.1476843029 1.27392199205 0 2
防御+系统 42.6042773411 13 0.60021614031 61.579325053 3.97617912037 0 2
双方+认为 29.6409478084 13 0.843884184487 43.2474300486 0.799957639412 0 2
乐天+玛特 32.2882615572 13 0.882188671213 41.6143668011 3.12310812656 0 2
韩联社+10月 39.9100543928 15 0.596525684287 60.3775205403 2.48019092356 0 2
31日+报道 27.8924687268 12 0.690492765138 56.4781972171 1.72423326371 0 2
韩国+企业 58.0295025481 13 0.737173152305 57.1831674673 4.34693626071 0 2
地区+国家 35.4995056523 13 0.601827636331 47.2645577009 2.69558395007 0 2
认为+加强 27.6927802717 13 0.851508502784 39.3723395373 0.341288579566 0 2
发展+障碍 26.6921036779 13 0.837012473411 40.5208318207 -0.0 0 2
双方+日前 26.6522250719 13 0.900269281078 37.3722679882 0.950183791526 0 2
报道+韩媒 30.4281477019 13 0.643618142993 53.5293092106 1.75816686809 0 2
货币+互换 117.512937934 13 0.731302119994 59.8991882913 4.33783605395 4 2
互换+协议 120.25184204 13 0.734358764193 59.5333209119 4.18662266861 4 2
现代+汽车 45.7146069663 13 0.780598493686 34.5371471136 4.26848915314 0 2
人士+表示 27.8924687268 13 0.68580083695 59.8123543724 2.63813723622 0 2
外交部+部长 33.1655723028 16 0.847399737156 48.3908945296 1.72273104527 0 2
助理+孔铉佑 27.6648846212 16 0.893054294671 39.4660775839 0.45664718644 0 2
韩国+国家 29.4805087136 13 0.864870098162 43.4108992519 0.687403146193 0 2
国家+安保室 29.4805087136 16 0.864870098162 43.4108992519 0.516406256682 0 2
次+长 29.4805087136 7 0.864870098162 43.4108992519 0.580093121989 0 2
长+南官杓 29.4805087136 13 0.864870098162 43.4108992519 1.07354284641 0 2
南官杓+之间 23.1253542385 16 0.91315191548 34.1571985897 -0.0 0 2
部门+间 29.4805087136 10 0.885195526123 41.3160304416 0.318350176983 0 2
间+沟通 29.4805087136 10 0.885195526123 41.3160304416 0.361671875768 0 2
双方+再次 24.3894776845 13 0.936656595996 27.6128100908 0.527944677934 0 2
再次+确认 24.3894776845 13 0.936656595996 27.6128100908 0.65601909479 0 2
确认+实现 24.3894776845 13 0.936656595996 27.6128100908 0.501041995496 0 2
实现+朝鲜 23.1253542385 13 0.954123190297 25.6082399594 0.372495205437 0 2
半岛+无核化 29.6409478084 16 0.921163933639 32.6950763898 1.14359645177 0 2
重申+继续 24.3894776845 13 0.936656595996 27.6128100908 -0.0 0 2
外交+手段 27.6648846212 13 0.882580142295 41.237344919 1.03915967826 0 2
手段+推动 24.3894776845 13 0.936656595996 27.6128100908 -0.0 0 2
推动+解决 24.3894776845 13 0.936656595996 27.6128100908 -0.0 0 2
加强+战略 24.3894776845 13 0.936656595996 27.6128100908 -0.0 0 2
战略+沟通 27.6648846212 13 0.888084304635 32.8730267801 1.17308429245 0 2
表态+落到实处 31.0569715237 19 0.839466837751 38.3076851414 0.68340915702 0 2
相关+人士 27.8924687268 13 0.672001329017 57.3743054571 3.22979683115 0 2
民意+基础 30.0568260441 13 0.774185528391 47.1517630512 3.07078331218 0 2
会议+期间 30.0568260441 13 0.862193072688 44.3014366177 2.50808738652 0 2
元首+会谈 66.125017297 13 0.7897923281 47.4069528733 4.94930682606 0 2
中方+注意 25.5625664046 13 0.932523239857 32.0279028949 0.0759673153308 0 2
韩方+表明 24.3894776845 13 0.936231289486 29.7659243468 0.043322809002 0 2
韩方+妥善 25.5625664046 13 0.904909010195 32.4764497669 0.143417991528 0 2
网站+10月 27.8924687268 12 0.669124541591 58.8978675457 3.15790416758 0 2
韩+中国 48.0457866201 10 0.81642254274 52.7053242546 3.10915476214 0 2
同比+减少 29.3613140456 13 0.742834119657 54.7803517127 2.97182181035 0 2
韩国+央行 29.0147512741 13 0.716531744433 55.0021021129 1.7841157163 0 2
防空+炮兵 35.1650822817 13 0.78905687848 22.2515898677 3.09338824038 0 2
首尔+市内 38.6815905099 13 0.931942807127 30.7875501053 1.90654867227 0 2
市内+酒店 38.6815905099 13 0.931942807127 30.7875501053 2.0857435269 0 2
中+韩+两 80.1189269218 11 0.699240705758 62.7366174631 1.85303008592 1 3
问题+进行+沟通 44.198263841 20 0.830977661373 46.0670307308 1.46792310424 4 3
萨德+”+问题 86.2261776062 17 0.672780171391 61.6941959637 3.93733125585 12 3
萨德+”+系统 57.0943774202 17 0.657836934532 61.6603961967 2.42744745976 1 3
部署+“+萨德 51.9457721109 17 0.630239099992 63.4234144435 3.23328494702 3 3
系统+的+立场 27.6648846212 17 0.713633342752 56.7256448477 1.71283415659 0 3
萨德+”+部署 63.815704081 17 0.649407577696 62.8242999103 3.84018215459 2 3
维护+国家+安全 27.6927802717 20 0.901846101711 34.9046035711 0.474251939502 0 3
中国+团体+游客 28.2336104761 20 0.83618092697 46.173875746 2.46698995769 1 3
萨德+”+入 31.4326472136 14 0.675260561692 58.636055989 1.76484493898 0 3
韩+美+日 45.6748257942 11 0.756137225828 54.9634757251 2.37344873573 0 3
战略+安全+利益 47.4942114301 20 0.774010368962 52.7029565918 1.65478215461 0 3
中+韩+关系 86.1091667671 14 0.691581350287 62.3407248549 5.2540135292 26 3
文+在+寅 94.4906649885 11 0.667750559922 62.1632735723 3.64956383227 2 3
两+国+关系 82.4354545827 14 0.659052918224 63.1714507092 5.2271141529 2 3
韩+两+国 78.9050037866 11 0.692464589343 62.9690031534 3.03851872903 0 3
解决+“+萨德 32.9638266771 17 0.795065102342 58.0386444237 2.4394359687 0 3
韩国+外长+康京 43.6191442266 20 0.750228586341 59.3492360366 1.12983584372 0 3
萨德+”+反导 41.3728797046 17 0.593517547991 64.2014876477 1.77999333769 0 3
韩国+总统+文 34.3272656833 17 0.682398629689 58.7524469933 1.11594355843 0 3
康京+和+表示 26.6921036779 17 0.801666129974 52.9381724392 0.966848573791 0 3
中方+重视+韩方 26.6067029285 20 0.809048876303 40.2306010791 0.876249228671 0 3
加入+美国+反导 38.2592258743 20 0.753598386736 54.9151842589 1.38284593691 0 3
美国+反导+体系 35.5110312219 20 0.748857637772 54.1754189799 1.11207447218 0 3
希望+韩方+继续 31.0411534166 20 0.760724818005 43.412106099 0.670715193176 0 3
韩方+继续+妥善 28.8239281726 20 0.760724818005 43.412106099 0.295955695092 0 3
继续+妥善+处理 40.0484766305 20 0.752550767888 47.5045706846 1.46807760877 1 3
萨德+’+问题 34.0834218729 17 0.74169834621 60.8320347182 2.98346440147 0 3
韩+中+关系 60.12592102 14 0.732565952741 60.2212064925 4.80210523468 0 3
两+国+领导人 34.6880313577 17 0.765150537643 53.0281273844 2.45582715031 0 3
认识+到+中方 27.6648846212 17 0.906884651591 38.382502769 0.51600177202 0 3
立场+和+关切 44.2207630704 17 0.883652834308 41.7244234754 1.03286258105 0 3
表示+在+韩国 27.6648846212 17 0.906884651591 38.382502769 -0.0 0 3
本来+的+部署 27.6648846212 17 0.906884651591 38.382502769 -0.0 0 3
损害+中方+战略 35.6265413523 20 0.88170166318 44.0106792551 0.684248838756 0 3
中方+战略+安全 35.6265413523 20 0.88170166318 44.0106792551 0.500321400269 0 3
处理+“+萨德 56.9167090452 17 0.730984319951 52.936037615 1.84371336111 2 3
达成+一些+共识 26.5968553346 20 0.784049765751 41.010904176 1.08764251975 0 3
中国+外交部+发言人 34.031404921 26 0.666879251533 60.658382412 1.2329588836 0 3
问题+、+扫除 27.8924687268 17 0.819478155062 44.3612151404 -0.0 0 3
扫除+中+韩 30.06296051 14 0.810164432182 46.1096272406 0.21203018438 0 3
韩+关系+发展 38.1414063148 17 0.821328139269 49.4062201357 1.58974535379 1 3
改善+和+发展 26.6067029285 17 0.796689462915 46.6667141869 1.64319222451 0 3
朝鲜+半岛+问题 30.5131250518 20 0.878377403998 37.8412789088 2.14912874494 0 3
萨德+”+矛盾 38.6931676866 17 0.706155466969 63.2959971698 2.57152249681 1 3
韩国+《+中央 31.6170109956 17 0.734870719541 61.5524354575 1.39691305092 0 3
国会+质询+时 24.3894776845 17 0.762999304393 43.1611235322 0.885798944325 0 3
政府+不+加入 25.5625664046 17 0.778660370109 49.6381254453 0.517688885373 0 3
体系+的+现有 27.6648846212 17 0.752512351275 48.1627208443 0.598269588585 0 3
立场+没有+变化 27.6648846212 20 0.739557004673 51.0104955422 1.32908733226 2 3
美+日+安全 39.0948513752 14 0.753359572409 55.993036381 1.08097428014 0 3
日+安全+合作 39.0948513752 17 0.753359572409 55.993036381 0.851574329081 0 3
同盟+；+韩国 24.3894776845 17 0.764211503527 47.4622827397 -0.0 0 3
韩国+政府+未 24.3894776845 17 0.764211503527 47.4622827397 -0.0 0 3
政府+未+考虑 24.3894776845 17 0.764211503527 47.4622827397 -0.0 0 3
未+考虑+追加 30.7525673907 17 0.74927408233 48.1577198014 1.03239723613 3 3
考虑+追加+部署 44.198263841 20 0.757118142791 55.1921507104 1.7923535409 3 3
外交部+发言人+华 26.6522250719 23 0.767027143611 47.8371437878 1.33320980061 0 3
发言人+华+春莹 27.6648846212 20 0.761676306917 47.420050787 1.75404997993 0 3
方面+的+表态 24.3894776845 17 0.779534383057 45.6517620382 -0.0 0 3
中方+一贯+反对 24.1789593951 20 0.787700380056 40.145573562 -0.0 0 3
一贯+反对+美国 24.1789593951 20 0.787700380056 40.145573562 -0.0 0 3
美国+在+韩国 33.4136307535 17 0.714843226549 57.0947247798 0.846838210651 0 3
韩方+把+上述 25.4378896623 17 0.784648552777 41.773904691 0.217990479345 0 3
上述+承诺+落到实处 25.4378896623 26 0.784648552777 41.773904691 -0.0 0 3
妥善+处理+相关 30.7525673907 20 0.749925195008 45.1476215318 0.356770792071 0 3
处理+相关+问题 30.7525673907 20 0.749925195008 45.1476215318 0.356770792071 0 3
推动+中+韩 47.4173381005 14 0.768968759542 54.2216039174 1.41437450558 1 3
韩+关系+早日 26.6522250719 17 0.773922550657 47.7031756466 0.350256197486 0 3
关系+早日+重 26.6522250719 17 0.766986235358 46.6902582936 0.772869035621 0 3
早日+重+回 26.6522250719 14 0.766986235358 46.6902582936 0.429323021931 0 3
重+回+平稳 26.6522250719 14 0.766986235358 46.6902582936 0.214661510965 0 3
回+平稳+健康 26.6522250719 17 0.766986235358 46.6902582936 0.270102071194 0 3
平稳+健康+发展 23.1253542385 20 0.784648552777 41.773904691 -0.0 0 3
健康+发展+轨道 23.1253542385 20 0.784648552777 41.773904691 -0.0 0 3
萨德+”+风波 28.2336104761 17 0.755402802611 50.2467799145 2.13009714558 0 3
韩国+《+亚洲 27.8924687268 17 0.670279311154 53.0634054694 0.252808688136 0 3
萨德+”+基地 50.8757793246 17 0.651969200309 47.197520497 2.90461229503 1 3
驻+韩+美军 48.3579187901 14 0.628120609888 52.6321303236 2.75678532311 1 3
记者会+上+表示 25.5625664046 20 0.732485884204 56.97136868 1.65735047758 0 3
美国+反导+系统 25.3567897516 20 0.589296681887 55.9344698766 2.59061416418 0 3
推动+两+国 34.0834218729 14 0.740141226511 53.7207135656 1.0644010595 0 3
两+国+外交部 25.3567897516 17 0.757473633311 45.7537914197 1.5104033082 0 3
商定+通过+两 37.4200506285 17 0.862186437424 41.1127809161 0.776669128426 4 3
两+军+渠道 37.9444726968 14 0.863259335202 42.0909815024 0.923168622301 4 3
韩+关系+出现 26.6921036779 17 0.708220441881 59.1422747705 1.40149375827 2 3
中+韩+双方 74.0356794713 14 0.824256637515 52.0990503605 3.30021534151 4 3
妥处+“+萨德 39.3131022054 17 0.864948696653 44.7418016319 1.61934845545 4 3
围绕+“+萨德 26.6522250719 17 0.684516318303 60.4361259541 1.72653862524 0 3
改善+中+韩 29.0147512741 14 0.741273798086 55.2103241306 3.16389557728 1 3
推动+双边+关系 32.9638266771 20 0.80518458584 45.9889417928 0.567549035037 0 3
领域+交流+合作 44.3887890274 20 0.838319310302 49.5153068394 1.30258177005 0 3
交流+合作+早日 41.150107714 20 0.842805267243 48.9994453085 0.756085076939 1 3
合作+早日+回到 38.1019515871 20 0.842805267243 48.9994453085 0.275539964043 0 3
早日+回到+正常 48.5569254072 20 0.805271254362 52.3561768274 1.22987486314 0 3
回到+正常+发展 51.9698657437 20 0.807840851727 52.3628232472 0.993355379646 0 3
正常+发展+轨道 51.9698657437 20 0.807840851727 52.3628232472 0.746131909424 0 3
中方+从+维护 23.1253542385 17 0.926860265934 32.4714563746 -0.0 0 3
安全+的+立场 24.3894776845 17 0.931574866879 31.4205951877 -0.0 0 3
反对+在+韩国 27.6648846212 17 0.918313339037 36.1127123722 0.500898531909 0 3
解决+朝+核 51.8204237852 14 0.811876703013 49.7780625407 1.96559721241 0 3
中+两+国 28.2336104761 11 0.768036969178 51.6004333654 1.54024449044 0 3
推动+各个+领域 33.8562362829 20 0.85427918068 46.3793399713 0.236978084064 0 3
双方+表示+高度 24.3894776845 20 0.929533845735 35.6133677752 0.544976198363 0 3
表示+高度+重视 24.3894776845 20 0.929533845735 35.6133677752 0.435980958691 0 3
高度+重视+中 24.3894776845 17 0.929533845735 35.6133677752 0.217990479345 0 3
重视+中+韩 24.3894776845 14 0.929533845735 35.6133677752 -0.0 0 3
愿+根据+双边 26.6522250719 17 0.877888392252 40.6712498026 -0.0 0 3
双边+共同+文件 26.6522250719 20 0.877888392252 40.6712498026 -0.0 0 3
文件+的+精神 26.6522250719 17 0.877888392252 40.6712498026 -0.0 0 3
中+韩+战略 28.6060547361 14 0.8625812734 43.3215299492 0.361073360147 0 3
韩+战略+合作 28.6060547361 17 0.8625812734 43.3215299492 0.180536680073 0 3
战略+合作+伙伴 32.77022642 20 0.841745518278 48.9206518721 1.10434271654 0 3
合作+伙伴+关系 31.3230405082 20 0.858272180859 44.2198940653 0.582306122153 0 3
伙伴+关系+发展 28.6060547361 20 0.8625812734 43.3215299492 0.0902683400367 0 3
加强+两+国 30.5131250518 14 0.854730611577 44.0519401298 0.298672080237 0 3
两+国+交流 30.5131250518 14 0.854730611577 44.0519401298 0.168706983882 0 3
国+交流+合作 30.5131250518 17 0.854730611577 44.0519401298 0.0843534919412 0 3
交流+合作+符合 30.5131250518 20 0.854730611577 44.0519401298 0.116895829353 0 3
合作+符合+双方 29.6409478084 20 0.8534537116 43.481870139 -0.0 0 3
符合+双方+共同 50.2010355419 20 0.823753802815 48.6936332226 1.2406514681 0 3
双方+共同+利益 43.9767462153 20 0.825961354231 48.971784474 1.00819697826 0 3
外交部+发言人+耿爽 25.5625664046 26 0.698805906478 59.1413806938 2.1342403301 0 3
约+合+人民币 24.1789593951 17 0.730977567341 53.567260951 2.19614495771 0 3
双边+关系+早日 32.0305244134 20 0.799134405582 44.2413258271 0.298626578205 0 3
关系+早日+回到 33.8505431531 20 0.773515612157 47.1466451534 0.611704643567 0 3
导弹+防御+系统 31.4326472136 20 0.591035296371 59.7626962945 2.50060423744 0 3
10月+31日+报道 27.8924687268 18 0.690492765138 56.4781972171 2.22322760246 0 3
双方+认为+加强 27.6927802717 20 0.851508502784 39.3723395373 0.538592376294 0 3
认为+加强+两 27.6927802717 17 0.851508502784 39.3723395373 0.341288579566 0 3
立场+是+明确 24.1789593951 17 0.698514672829 50.702267651 0.897945724857 0 3
明确+、+一贯 24.1789593951 17 0.698514672829 50.702267651 0.336505833505 0 3
关系+发展+障碍 26.6921036779 20 0.837012473411 40.5208318207 -0.0 0 3
韩+双方+日前 24.3894776845 17 0.908615663352 32.3508821105 0.564055375547 0 3
报道+韩媒+称 29.3613140456 17 0.630617283283 51.7068587783 1.40512655897 0 3
货币+互换+协议 117.939306616 20 0.734358764193 59.5333209119 4.23598595666 4 3
日前+通过+中国 23.1253542385 20 0.91315191548 34.1571985897 0.178514841051 0 3
中国+外交部+部长 29.4805087136 23 0.847399737156 48.3908945296 1.13377558298 0 3
外交部+部长+助理 33.1655723028 23 0.847399737156 48.3908945296 1.72273104527 0 3
部长+助理+孔铉佑 27.6648846212 23 0.893054294671 39.4660775839 0.636660617077 0 3
孔铉佑+同+韩国 24.3894776845 20 0.877663593712 40.2735074537 -0.0 0 3
韩国+国家+安保室 29.4805087136 23 0.864870098162 43.4108992519 0.687403146193 0 3
安保室+第二+次 29.4805087136 20 0.864870098162 43.4108992519 0.34540936717 0 3
次+长+南官杓 29.4805087136 17 0.864870098162 43.4108992519 0.580093121989 0 3
长+南官杓+之间 23.1253542385 20 0.91315191548 34.1571985897 -0.0 0 3
之间+的+渠道 24.3894776845 17 0.915147999749 34.7667087244 0.456954146024 0 3
问题+等+进行 27.6648846212 17 0.908027202301 36.3054610757 0.582545455624 0 3
进行+了+外交 27.6648846212 17 0.916098297076 36.1802716002 0.333717479416 0 3
外交+部门+间 29.4805087136 17 0.885195526123 41.3160304416 0.575990464064 0 3
部门+间+沟通 29.4805087136 17 0.885195526123 41.3160304416 0.318350176983 0 3
双方+再次+确认 24.3894776845 20 0.936656595996 27.6128100908 0.527944677934 0 3
再次+确认+实现 24.3894776845 20 0.936656595996 27.6128100908 0.65601909479 0 3
实现+朝鲜+半岛 23.1253542385 20 0.954123190297 25.6082399594 0.372495205437 0 3
朝鲜+半岛+无核化 23.1253542385 23 0.954123190297 25.6082399594 0.325082973391 0 3
无核化+、+和平 25.5625664046 20 0.927540954062 30.7708786025 0.225280604433 0 3
问题+的+原则 24.3894776845 17 0.936656595996 27.6128100908 -0.0 0 3
外交+手段+推动 24.3894776845 20 0.936656595996 27.6128100908 -0.0 0 3
手段+推动+解决 24.3894776845 20 0.936656595996 27.6128100908 -0.0 0 3
表示+为此+进一步 24.3894776845 23 0.936656595996 27.6128100908 -0.0 0 3
进一步+加强+战略 24.3894776845 23 0.936656595996 27.6128100908 -0.0 0 3
加强+战略+沟通 24.3894776845 20 0.936656595996 27.6128100908 -0.0 0 3
沟通+和+合作 26.6522250719 17 0.927470521188 30.1548826179 0.573307804769 0 3
关系+等+进行 32.0305244134 17 0.853343217788 40.033510525 0.562335144619 2 3
注意+到+韩方 24.3894776845 17 0.936231289486 29.7659243468 0.043322809002 0 3
表明+的+立场 24.3894776845 17 0.936231289486 29.7659243468 -0.0 0 3
希望+韩方+妥善 25.5625664046 20 0.904909010195 32.4764497669 -0.0 0 3
韩方+妥善+处理 25.5625664046 20 0.904909010195 32.4764497669 0.143417991528 0 3
处理+有关+问题 25.5625664046 20 0.906324007781 33.9646985623 0.0797604289072 0 3
萨德+”+发射车 37.0005667816 20 0.695789214354 56.0000136307 2.10878759732 0 3
辆+“+萨德 26.5968553346 14 0.719110413592 56.2544135357 2.36746604214 0 3
双方+就+中 31.4326472136 14 0.903018069883 39.6956598652 1.04068359825 3 3
韩+中国+游客 42.7073658846 17 0.81642254274 52.7053242546 2.84832602372 0 3
国家+的+安全 32.0305244134 17 0.605400107205 36.7082364192 1.7753885516 0 3
中国+游客+锐减 30.0568260441 20 0.788366349558 41.7376511172 1.93914289509 0 3
首尔+市内+酒店 38.6815905099 20 0.931942807127 30.7875501053 1.90654867227 0 3
