4
22 1 1 1 2
跟霍华德·休斯、梅根·埃里森这样的电影大亨相比，马师傅在经济实力上当然没有问题，没准儿还能碾轧几个来回，但在审美能力与口味上，要补的课恐怕不是一星半点。
22 2 1 2 2
看看他旗下阿里影业的出品序列——《三生三世十里桃花》、《摆渡人》、《青禾男高》，再看看这部《功守道》，一样的难看背后折射出的，恐怕是一样的逻辑——或许在马云和阿里影业的决策者们看来，钱撒到哪儿，戏就应该自然而然地跟到哪儿。
22 3 2 1 1
《盗佛线》中的泰国拳霸，《叶问》里的咏春宗师，袁和平电影中的飒沓侠女，《少林寺》里身手高绝的武僧，还有奥运拳击冠军，日本相扑横纲……如果把这些人都放进一部电影里，会怎么样？动作片影迷们只怕是要乐疯了，这分明就是他们梦寐以求的饕餮盛宴啊。
22 4 3 1 1
万万没想到，当真有这么一部影片被拍完，送到他们面前的时候，他们反而乐不出来了。
4
22 5 4 1 3
和王菲合唱的《风清扬》打前阵之后，马云主演的“电影”《功守道》上线了。
22 6 4 2 3
其实不奇怪，在早年的采访中，马云不止一次提过自己的“功夫梦”，或者说“太极理想”。
22 7 4 3 3
但是当呈现出的内容撑不起曾经的豪言壮语时，这个作品不仅要面对外界的各种暧昧质疑，更因为马云本身不可否认的影响力，《功守道》浮夸无厘头的剧情，会不会对“让武术成为奥运项目”的美好愿景起反作用，也不得而知。
22 8 5 1 1
这部只有22分钟的短片——是的，它压根儿够不上一个“电影”哪怕是“微电影”的标准，顶多算一个不太聪明的个人或者阿里影业宣传片。
6
22 17 9 1 2
这自然是玩笑话。
22 18 9 2 2
尽管阿里影业目前仍在亏损，但毕竟也是能与腾讯等巨头“近身缠斗”的“文娱航母”，一众影星和马师傅或许还隐含着合作伙伴甚至未来的老板与艺人这样的关系，岂能不给面子？
22 19 10 1 2
然而11月12日《功守道》甫一上线，不少持“马云都拍电影了，阿里影业还不涨吗”观点的投资者只能沉默了，因为阿里影业的股票一直没怎么动。
22 20 10 2 2
也让不少投资者自嘲“不知道是马云面子不够还是一众功夫巨星面子不够？”
22 21 11 1 1
或许，产业的红利真不是一个将“老板”和“巨星”攒一块儿的宣传片就能带起来的。
22 22 12 1 2
其实说起来，有头有脸的社会贤达，利用自己的经济条件和社会资源，来满足一下自己在艺术方面的小爱好和小追求，本来无可厚非。
4
22 35 17 2 2
经由她鼎力襄助才得以问世的影片名单包括保罗·托马斯·安德森的《大师》，凯瑟琳·毕格罗的《刺杀本拉登》，贝尼特·米勒的《狐狸猎手》，斯派克·琼斯的《她》……几乎称得上凭一己之力，拯救了这个“超级英雄与续集”时代里，好莱坞作者电影的半壁江山——她更是连龙套都懒得跑。
22 36 18 1 3
跟他们比起来，马师傅在经济实力上当然没有问题，没准儿还能碾轧几个来回，但在审美能力与口味上，要补的课恐怕不是一星半点。
22 37 18 2 3
看看他旗下阿里影业的出品序列——《三生三世十里桃花》、《摆渡人》、《青禾男高》，再看看这部《功守道》，一样的低口碑背后折射出的，恐怕是一样的逻辑——或许在马云和阿里影业的决策者们看来，钱撒到哪儿，戏就应该自然而然地跟到哪儿。
22 38 18 3 3
经济基础决定上层建筑，大制作加大明星，没有理由不等于大阵仗。
7
36 1 1 1 2
11月12日零点，由阿里巴巴（下称阿里）董事局主席马云领衔主演、阿里影业出品的微电影《功守道》在优酷独家上线，并获得了极高的关注度。
36 2 1 2 2
截至发稿，《功守道》播放量已超1亿。
36 3 2 1 3
马云这次跨界做演员可不单纯为了玩，他还肩负着提振阿里文娱产业的重任。
36 4 2 2 3
2016年，阿里宣布联合旗下合一集团、阿里音乐、阿里影业等成立大文娱版块。
36 5 2 3 3
不过，阿里影业去年的财务业绩并不理想，净亏损9亿元。
36 6 3 1 3
在马云忙着拍戏的时候，马化腾也没闲着。
36 7 3 2 3
11月11日，猫眼方面确认近日获得腾讯10亿元人民币的融资，最新估值超200亿元。
4
36 15 6 1 2
阿里作为一家电商公司，拥有天生的流量优势。
36 16 6 2 2
从阿里大文娱的“3+X”战略体系来看，三大流量平台（优酷土豆+UC神马+淘票票）是阿里影业的突破口，阿里影业也将自身定位为一家“影业基础建设公司”，充分发挥“互联网宣发”的优势。
36 17 7 1 1
而在腾讯泛娱乐四大业务体系中，阅文集团、腾讯动漫、腾讯游戏都是IP生产巨头，所以腾讯影业是一家以IP为核心的公司，它享受着兄弟公司提供的丰富优质的IP资源，同时，也肩负着IP变现的使命。
36 18 8 1 1
接下来，我们将对阿里和腾讯在上述四个领域的投资情况进行逐一分析。
5
36 29 13 2 2
去年，以淘票票为核心的阿里影业宣发体系发行了20多部影片。
36 30 14 1 3
腾讯也不甘示弱。
36 31 14 2 3
今年9月，猫眼和微影时代（腾讯参与B轮融资的公司）合并为猫眼微影。
36 32 14 3 3
11月11日，猫眼方面确认近日获得腾讯10亿元人民币融资，最新估值超200亿元。
36 33 15 1 1
市场数据显示，猫眼和淘票票共同占据了超过六成的在线票务市场份额。
4
36 40 20 1 4
目前阿里影业在影视产业投资领域的主题，可总结为“影视内容生产+互联网宣发”。
36 41 20 2 4
腾讯主要是内容资源控制。
36 42 20 3 4
双方都在积极布局整个产业链，让自己每个环节都有涉及，但是两家的资源优势不同，导致偏好不同。
36 43 20 4 4
如果在未来两者能够互相合力去短扬长，这样的电影市场可能会有更强的发展动力。
3
42 31 20 1 1
从制作发行环节的阿里影业，到票务环节的淘票票，到放映环节的优酷、虾米音乐，再借势阿里巴巴最强的电商资源，《功守道》用事实验证了阿里手中的文化版图已经找到更年轻、更有效的玩法，上下游各个板块已经形成了良性互动。
42 32 21 1 2
最重要的它证明了，不管是功夫还是大文娱，马云从不做不切实际的梦。
42 33 21 2 2
毕竟他是“马云爸爸”。
5
42 34 22 1 1
众所周知，作为阿里大文娱版块的核心，阿里影业的业绩一直不佳。
42 35 23 1 3
今年4月份到8月之间，阿里影业接连推出了三部参与制作的电影，分别是《傲娇与偏见》、《青禾男高》和《三生三世十里桃花》。
42 36 23 2 3
前面两部电影票房均没有超过两亿元人民币。
42 37 23 3 3
与《战狼2》同档期的《三生三世十里桃花》更是被碾压的一塌糊涂，排片被不断减少，最终票房定格在5.34亿。
42 38 24 1 1
8月30日晚间，阿里巴巴影业集团公布了中期业绩，阿里影业上半年净亏损4.85亿元，相较于去年同期净亏损为4.66亿元，亏损进一步扩大。
2
42 44 27 1 2
但很快，阿里影业就遭遇了“买买买”留下的后遗症：各版块九龙治水，并需要不断“输血”，上下游缺乏应声附和的效率和动力。
42 45 27 2 2
今年阿里影业亏损扩大的原因之一，就是“亲兵”淘票票的巨额票务补贴费用。
6
42 46 28 1 1
《功守道》的出现，其实像是阿里大文娱这张大图的一次互动性实验，商讨着如何化解各自为政的局面，以及找到文化版图怎样借用电商、支付、云计算等阿里内部资源，科技和数字平台基础设施建设上的丰富经验如何助益阿里影业加速度发展的方法论。
42 47 29 1 2
从现在这份成绩单来看，以上问题不但得以解决，还自产自销了“功守道”IP，衍生了全新运动项目“功守道”，从文化商品过渡到了生命力更为长久的体育产品。
42 48 29 2 2
在和腾讯进行的这场文娱大战中，因IP力量薄弱一直捉襟见肘的阿里，终于用一盘大棋打开了自己的局面。
42 49 30 1 1
如果有一天功守道得以进入奥运会，中国太极文化走向全球，马云不仅给后代留下一个代表中国武学精神的“功守道”，更可能让阿里大文娱手中握有的筹码越来越多。
42 50 31 1 2
可以说，《功守道》这套操作，已经给中国文娱市场留下了一份教科书般的案例。
42 51 31 2 2
唯有一点不足，就是青年演员马师傅下次“触电”的时候，最好接个好剧本。
7
55 1 1 1 1
【TechWeb报道】11月10日消息，《功守道》8分钟精华版剪辑亮相天猫双11，李连杰、甄子丹、吴京、马云等主创现身晚会，并谈到了拍摄过程中的感受。
55 2 2 1 1
马云直言拍戏不容易，“记了动作忘了台词，记了台词忘了动作，记了动作和台词，又忘了镜头在哪儿。”
55 3 3 1 2
从放出的《功守道》剪辑来看，马云饰演一位太极大师，功夫了得。
55 4 3 2 2
甄子丹在谈到与马云的对手戏时表示，“我拍了那么多年的戏，跟李师傅（李连杰）、吴师傅（吴京）都交过手，这次第一次跟马师傅（马云）交手，我甘拜下风。”
55 5 4 1 2
根据马云在微博晒出的海报，参与《功守道》的演员主要包括李连杰、洪金宝、甄子丹、吴京、邹市明、袁和平、程小东等。
55 6 4 2 2
上周，马云与王菲合唱的《功守道》主题曲曝光，吸引不少关注。
55 7 5 1 1
此前，阿里影业透露，《功守道》全长20分钟，是一部公益类短片，主要在于推广中国文化，主要通过优酷平台推出，全片将于12日正式上线。
11
58 1 1 1 3
经过多日预热，今日@阿里影业发布了电影《功守道》的终极版海报。
58 2 1 2 3
11位功夫明星化身铜人，各显神通。
58 3 1 3 3
马云则以太极应对，双方拉开阵势，一场巅峰对决即将上演。
58 4 2 1 2
据悉，《功守道》将于今晚的天猫双11狂欢夜上首播（精华版），吴京、甄子丹、李连杰等主演都将压轴登场，届时马云还将偕同好莱坞知名影星妮可·基德曼带着这部电影与大家见面。
58 5 2 2 2
11月12日零点，该片将由优酷独家首播。
58 6 3 1 3
阵容方面，《功守道》由马云领衔主演，文章导演，李连杰监制。
58 7 3 2 3
其它演员还包括托尼·贾、向佐、吴京、刘承宇、邹市明、朝青龙、甄子丹、李连杰、佟大为、李晨、黄晓明、邵晓锋。
58 8 3 3 3
袁和平、洪金宝、程小东出任武术指导。
58 9 4 1 2
据了解，该片讲述了一个关于太极的故事：一日马师傅走在大街上，见绿草红花掩映间有华山二字。
58 10 4 2 2
他双目微合，开始了与各大武林高手对决的巅峰时刻。
58 11 5 1 1
据李连杰早先透露，该片时长20分钟，他角色是扫地僧，其它人的角色暂未透露。
5
59 1 1 1 1
2017天猫“双11”晚会11月10日晚将在上海梅赛德斯奔驰文化中心举行，马云大银幕首秀《功守道》的精华版将首播。
59 2 2 1 2
十几天前，阿里巴巴董事局主席马云在微博自曝电影《功守道》海报，演员包括李连杰、洪金宝、甄子丹、吴京、邹市明、袁和平、程小东等。
59 3 2 2 2
之后，马云与王菲合唱的《功守道》主题曲又刷了一波流量。
59 4 3 1 1
澎湃新闻从阿里影业了解到，《功守道》全长20分钟，定位为文化类公益短片，目的是推广中国文化，主要通过优酷平台推出，“线下也会通过影院播放，但不会售票，是定向邀请观众免费观看。”
59 5 4 1 3
10月底，李连杰曾以《功守道》总监制的身份向澎湃新闻透露电影的一些细节。
4
72 1 1 1 4
下周就是双十一了，人们的生活似乎开始被阿里巴巴所占据。
72 2 1 2 4
双十一期间不仅可以刷天猫看双十一晚会，甚至在11月12日阿里巴巴董事局主席马云还会带来一部重磅的短片《功守道》。
72 3 1 3 4
马云喜爱打太极似乎是一个人所共知的事情，这样兴趣也帮助他能够吸引功夫明星来拍摄这部短片。
72 4 1 4 4
不过，这次《功守道》并非马云单纯玩票性质的举动，也肩负着重振阿里影业的任务。
2
72 5 2 1 4
阿里影业在被收购之前曾经推出了高口碑电影《亲爱的》。
72 6 2 2 4
2014年6月24日的时候他们正式被阿里巴巴所收购，并在2015年正式启动了收购之后的首部电影《摆渡人》。
4
72 9 3 1 4
坊间传闻各种方面加在一起《摆渡人》的成本已经超过了4亿元。
72 10 3 2 4
尽管在年末元旦档期之中，这部电影也仅仅获得了4.83亿元的票房收入。
72 11 3 3 4
如果按照37.78%的分账来计算，阿里影业只获得了1.8亿元，这样的成绩没有收回成本。
72 12 3 4 4
尤其是在元旦档这样的档期，口碑与票房双失利，这显然是阿里影业所不能接受的。
2
72 13 4 1 2
在这之后，阿里影业陆续参与了多部电影，参与出品的《七月与安生》获得了口碑以及金马奖和金像奖组委会的肯定。
72 14 4 2 2
不过，这部电影最终的票房则不及2亿，在商业上难言成功。
6
72 15 5 1 3
今年四月份到8月份之间，阿里影业接连推出了三部制作的电影，分别是《傲娇与偏见》、《青禾男高》和《三生三世十里桃花》。
72 16 5 2 3
前面两部电影票房惨淡，均没有超过两亿元人民币。
72 17 5 3 3
阿里影业寄希望于八月份暑期档《三生三世十里桃花》能够挽回一些颜面，然而结果是他们始料未及的。
72 18 6 1 3
先期口碑上，《三生三世十里桃花》依然无法逃脱当下IP电影的窠臼，现在这部电影在豆瓣上的评分依旧保持在了4分的成绩。
72 19 6 2 3
不过，这部电影在上线之后，被讨论最多的则是粉丝“锁场”的行为。
72 20 6 3 3
这样事件的发酵直接导致了《三生三世十里桃花》排片减少，最终票房定格在5.34亿，在这样的一个年度票房前十名都超过了10亿人民币的市场，这样的成绩可以说是不及格的。
4
72 21 7 1 4
《功守道》这部短片自公布之后，就引起了许多影迷的关注。
72 22 7 2 4
除了拉来多位功夫明星之外，马云也亲自上阵来为这部电影助阵。
72 23 7 3 4
在宣传中，马云一直在提及这部电影的主要目的还是为了公益。
72 24 7 4 4
不过，这部阿里影业出品的短片仅在阿里巴巴旗下的优酷平台独家推出。
6
72 27 8 3 4
除了这些功夫明星之外，人们对于善于打太极的马云的表现尤为关注。
72 28 8 4 4
在《功守道》消息放出之后，功守道训练营也随之开启。
72 29 9 1 5
如果我们不考虑其他产业对于阿里巴巴的影响，那么此次李连杰的“功守道”项目获益最大的莫过于阿里影业。
72 30 9 2 5
《功守道》的推出，不仅仅直接推动优酷平台的流量增长，阿里影业的实力也可以直接向市场以及观众更加直观的展示。
72 31 9 3 5
事实上，这个项目的延展性也比较强。
72 32 9 4 5
凭借全明星豪华阵容，阿里影业把这一题材拍成一部剧情长片是没有什么问题的。
2
72 33 9 5 5
阿里影业目前还不能直接依靠这部短片翻身，不过集团内部对于他们的支持由此可见一斑。
72 34 10 1 2
马云一直以来都对于娱乐产业青睐有加，因此在去年6月份的时候阿里巴巴将合一集团、阿里音乐和阿里影业整合成为阿里大文娱板块。
6
72 35 10 2 2
将近一年半的时间过去了，阿里大文娱的这种模式运行的还算顺畅，但这样的成绩却与阿里巴巴的预期还有一定的差距。
72 36 11 1 2
俞永福在之前的一次采访中曾经提到，他们对于阿里影业甚至说阿里大文娱的定位一开始就非常明确，阿里希望依托于科技和互联网的新基础设施，来实现公司文娱产业的发展。
72 37 11 2 2
俞永福认为实际执行过程中，容易想着新路的时候走老路，所以他们有做过纠偏和调整。
72 38 12 1 3
在大文娱整合之前，各个业务的亏损状况还是比较严重的。
72 39 12 2 3
整合之后，视频业务开始抬头，随后阿里也把大麦网提升至现场娱乐事业群的地外。
72 40 12 3 3
就在这一过程之中，阿里影业依旧没有一个比较好的发展态势，因此留给阿里文娱的工作还有很多。
12
80 1 1 1 2
继托尼·贾、李连杰、向佐、吴京之后，今日@阿里影业官微又发布一张《功守道》人物海报——刘承羽，与马云拱手同框而立。
80 2 1 2 2
这也是该片曝光的首位女性角色。
80 3 2 1 3
资料显示，刘承羽1994年8月25日出生于悉尼，中意混血，父亲是意大利人，母亲是中国人。
80 4 2 2 3
她自幼开始学习武术，并拿到了跆拳道黑段。
80 5 2 3 3
在从事演员之前，刘承羽兼职模特，同时还修着法学学位。
80 6 3 1 2
2015年，她与甄子丹、杨紫琼联合主演动作电影《卧虎藏龙：青冥宝剑》，在剧中饰演女二号雪瓶，并由此开始演艺生涯。
80 7 3 2 2
2017年，出演好莱坞电影《马戏之王》；同年，确认出演喜剧电影《唐人街探案2》。
80 8 4 1 1
据了解，《功守道》云集了多个武术流派的代表性人物，将向世界提供一道以武学为载体，致敬并弘扬中国文化的视觉大餐。
80 9 5 1 3
阵容方面，《功守道》由马云领衔主演，文章导演，李连杰监制。
80 10 5 2 3
其它演员还包括托尼·贾、向佐、吴京、刘承宇、邹市明、朝青龙、甄子丹、李连杰、佟大为、李晨、黄晓明、邵晓锋。
80 11 5 3 3
袁和平、洪金宝、程小东出任武术指导。
80 12 6 1 1
新片将于11月12日零点在优酷独家开播。
5
83 34 10 1 2
李连杰：以前更多是从电影角度考虑如何展现中国功夫，现在就是从赛事角度展示。
83 35 10 2 2
我是奔着奥运梦想去的，我们花了六年考虑如何建立一个赛事规则，简单明了，可以通过短视频传播。
83 36 11 1 2
阿里影业：《功守道》是一部文化类公益电影短片，我们的核心目的是通过这种形式来推广和传播中国文化，因此主要还是通过优酷网络平台推出。
83 37 11 2 2
另一方面，我们在线下也会通过影院的大银幕播放，但不会采取公开售票的形式，而是定向邀请观众免费进影院观赏。
83 38 12 1 1
《功守道》将在今年双十一晚会（11月10日）上放出精华版；次日放出20分钟成片；15日会有第一场“功守道”赛事，李连杰和马云都会参加。
