3
9 29 17 1 1
“双11”晚会为《功守道》的亮相提供了最好的渠道。
9 30 18 1 1
2015年，“双11”晚会首次举办，网络、电视同步直播；2016年，“双11”晚会拿下同时段收视率第一；今年继续占领收视率第一，达到关注度1.2788%、市占率6.7919%的成绩。
9 31 19 1 1
线上方面，完成整合、正式加入阿里大文娱的优酷为其提供了独家资源和最优推广位。
4
36 15 6 1 2
阿里作为一家电商公司，拥有天生的流量优势。
36 16 6 2 2
从阿里大文娱的“3+X”战略体系来看，三大流量平台（优酷土豆+UC神马+淘票票）是阿里影业的突破口，阿里影业也将自身定位为一家“影业基础建设公司”，充分发挥“互联网宣发”的优势。
36 17 7 1 1
而在腾讯泛娱乐四大业务体系中，阅文集团、腾讯动漫、腾讯游戏都是IP生产巨头，所以腾讯影业是一家以IP为核心的公司，它享受着兄弟公司提供的丰富优质的IP资源，同时，也肩负着IP变现的使命。
36 18 8 1 1
接下来，我们将对阿里和腾讯在上述四个领域的投资情况进行逐一分析。
5
42 1 1 1 1
《功守道》的出现，更像是阿里大文娱的一次互动性实验，商讨如何化解各自为政的局面。
42 2 2 1 2
在刚被阿里、京东等电商占据视线的一整周里，《功守道》的出现无疑成了这场电商恶战中的清流。
42 3 2 2 2
所谓清流，就是花最少的钱，看最大的热闹。
42 4 3 1 2
10月28日，马云在个人微博上公布了一张电影海报，并配以“那一夜，那一梦”六个字，《功守道》正式进入大众视线。
42 5 3 2 2
马云首次“触电”，李连杰、洪金宝、甄子丹、吴京等功夫明星助阵，王菲献唱电影主题曲。
4
42 27 18 2 2
同时也蕴含着，马云对阿里大文娱整条产业链资源整合、效率提升的决心。
42 28 19 1 3
马云和王菲的主题曲《风清扬》，给了虾米音乐独家版权，首发当日虾米多端用户访问量突破3000万，仅有效播放量就迅速逼近2.5亿次。
42 29 19 2 3
影片预告片在优酷独播的播放量超过885万次。
42 30 19 3 3
正片上线20分钟，播放量即达到了1100万。
5
42 34 22 1 1
众所周知，作为阿里大文娱版块的核心，阿里影业的业绩一直不佳。
42 35 23 1 3
今年4月份到8月之间，阿里影业接连推出了三部参与制作的电影，分别是《傲娇与偏见》、《青禾男高》和《三生三世十里桃花》。
42 36 23 2 3
前面两部电影票房均没有超过两亿元人民币。
42 37 23 3 3
与《战狼2》同档期的《三生三世十里桃花》更是被碾压的一塌糊涂，排片被不断减少，最终票房定格在5.34亿。
42 38 24 1 1
8月30日晚间，阿里巴巴影业集团公布了中期业绩，阿里影业上半年净亏损4.85亿元，相较于去年同期净亏损为4.66亿元，亏损进一步扩大。
3
42 41 26 2 4
通过“买买买”战略，全资收购了影院出票系统提供商之一的“粤科软件”，并参与“博纳影业”私有化和“大地院线”投资。
42 42 26 3 4
此外，还投资了华谊兄弟、光线传媒、芭乐传媒等。
42 43 26 4 4
阿里大文娱已经构建起了创作、投资制作、发行、票务、放映的全产业链条。
6
42 46 28 1 1
《功守道》的出现，其实像是阿里大文娱这张大图的一次互动性实验，商讨着如何化解各自为政的局面，以及找到文化版图怎样借用电商、支付、云计算等阿里内部资源，科技和数字平台基础设施建设上的丰富经验如何助益阿里影业加速度发展的方法论。
42 47 29 1 2
从现在这份成绩单来看，以上问题不但得以解决，还自产自销了“功守道”IP，衍生了全新运动项目“功守道”，从文化商品过渡到了生命力更为长久的体育产品。
42 48 29 2 2
在和腾讯进行的这场文娱大战中，因IP力量薄弱一直捉襟见肘的阿里，终于用一盘大棋打开了自己的局面。
42 49 30 1 1
如果有一天功守道得以进入奥运会，中国太极文化走向全球，马云不仅给后代留下一个代表中国武学精神的“功守道”，更可能让阿里大文娱手中握有的筹码越来越多。
42 50 31 1 2
可以说，《功守道》这套操作，已经给中国文娱市场留下了一份教科书般的案例。
42 51 31 2 2
唯有一点不足，就是青年演员马师傅下次“触电”的时候，最好接个好剧本。
2
72 33 9 5 5
阿里影业目前还不能直接依靠这部短片翻身，不过集团内部对于他们的支持由此可见一斑。
72 34 10 1 2
马云一直以来都对于娱乐产业青睐有加，因此在去年6月份的时候阿里巴巴将合一集团、阿里音乐和阿里影业整合成为阿里大文娱板块。
6
72 35 10 2 2
将近一年半的时间过去了，阿里大文娱的这种模式运行的还算顺畅，但这样的成绩却与阿里巴巴的预期还有一定的差距。
72 36 11 1 2
俞永福在之前的一次采访中曾经提到，他们对于阿里影业甚至说阿里大文娱的定位一开始就非常明确，阿里希望依托于科技和互联网的新基础设施，来实现公司文娱产业的发展。
72 37 11 2 2
俞永福认为实际执行过程中，容易想着新路的时候走老路，所以他们有做过纠偏和调整。
72 38 12 1 3
在大文娱整合之前，各个业务的亏损状况还是比较严重的。
72 39 12 2 3
整合之后，视频业务开始抬头，随后阿里也把大麦网提升至现场娱乐事业群的地外。
72 40 12 3 3
就在这一过程之中，阿里影业依旧没有一个比较好的发展态势，因此留给阿里文娱的工作还有很多。
5
75 1 1 1 1
中新网杭州11月3日电(刘文彬)11月3日，歌曲《风清扬》首发，该歌曲由高晓松作曲，马云和王菲共同演绎，阿里大文娱体系下的虾米音乐首发，并将用作电影《功守道》主题曲。
75 2 2 1 2
该歌的歌名选自金庸武侠小说《笑傲江湖》中的人物，也是金庸小说中剑术达到最高境界的高手之一。
75 3 2 2 2
“风起青萍之末，千里烟波，飞驰连夜的烽火……”《风清扬》歌声中所回荡的江湖豪情，让听过的网友直呼这首歌从歌词到唱功“真的走心了”。
75 4 3 1 2
记者了解到，在这首歌中，歌曲最高音的部分由马云亲自操刀完成。
75 5 3 2 2
录制《风清扬》的过程之中，马云虽然已经拥有丰富的舞台演唱经验，但还是非常认真地做了准备，甚至在录音过程中，更是以酒为媒，调动出最佳状态来演绎这支歌曲。
