1 9 6 1 1
一是二价HPV疫苗，可预防HPV16和HPV18型诱发的下生殖道和肛周等部位的恶性肿瘤；二是四价HPV疫苗，除了可预防HPV16、HPV18型诱发的下生殖道和肛周等部位的恶性肿瘤以外，还可预防HPV6、HPV11导致的下生殖道及肛周的湿疣病变；三是九价HPV疫苗，主要针对HPV16、HPV18、HPV31、HPV33、HPV45、HPV52、HPV58型诱发的下生殖道和肛周等部位的恶性肿瘤以外，还有HPV6、HPV11可预防HPV6、HPV11导致的下生殖道及肛周的湿疣病变。
3 23 13 1 2
二价HPV疫苗，对国内人群的感染预防率更高，达到84.5%，高于全球平均值。
3 24 13 2 2
如果以预防宫颈癌为目的，二价疫苗可完全满足需求。
5 1 1 1 6
宫颈癌疫苗已经可以在长宁接种。
5 2 1 2 6
记者从区疾控中心了解到，此次露面的宫颈癌疫苗是中国内地首个通过国家食药监局审批的，商品名叫希瑞适，是由英国制药企业葛兰素史克公司生产的二价HPV疫苗，能预防HPV-16和HPV-18两种基因型的病毒感染。
5 3 1 3 6
采用肌肉注射，首选部位为上臂三角肌，采用三剂程序，即0、1、6月接种，每剂0.5mL。
6 17 10 1 3
随着国产宫颈癌疫苗后续上市，市场红海的威胁同样催促着GSK和智飞生物的脚步。
6 18 10 2 3
长江证券研报显示，目前国内有包括沃森生物、万泰沧海在内的八家企业正在进行HPV疫苗研发。
6 19 10 3 3
其中，沃森生物、厦门大学的二价HPV疫苗已经进入Ⅲ期临床阶段，厦门大学与万泰沧海、万泰生物联合研制的九价宫颈癌疫苗也于今年11月获批临床。
8 4 4 1 2
据了解，11月上旬智飞生物所代理的默沙东四价HPV（人类乳头瘤病毒，宫颈癌罪魁）疫苗正式在国内上市，此次与美年健康的合作也被市场视作为了推广该疫苗销售的一大动作。
8 5 4 2 2
但值得一提的是，葛兰素中国旗下的二价HPV疫苗也已在国内上市销售。
8 16 13 1 2
而正是GSK，或在宫颈癌疫苗市场与智飞生物成为竞争对手。
8 17 13 2 2
今年7月，GSK宣布其在国内获批的宫颈癌疫苗希瑞适（二价HPV疫苗）已正式上市；而在11月9日晚间，智飞生物才公告称其收到国家食品药品监督管理总局签发的四价HPV疫苗《生物制品批签发合格证》，已在多个省份上市销售。
17 1 1 1 2
[松江宫颈癌疫苗已到位，9-25岁的女性居民们可就近接种啦！]#便民提示#松江的妹子们请注意！@上海松江发布说：松江已经开始二价HPV疫苗（俗称宫颈癌疫苗）的接种服务。
17 2 1 2 2
符合接种对象的女性居民可携本人身份证（女童另携绿色接种本）自行前往全区20家社区卫生服务中心及分中心接种门诊（地址及、开设时间和咨询电话见下图），接种后请留观30分钟哦~PS，全市各区的二价HPV疫苗都在陆续到货中哦~~
17 1 1 1 2
[松江宫颈癌疫苗已到位，9-25岁的女性居民们可就近接种啦！]#便民提示#松江的妹子们请注意！@上海松江发布说：松江已经开始二价HPV疫苗（俗称宫颈癌疫苗）的接种服务。
17 2 1 2 2
符合接种对象的女性居民可携本人身份证（女童另携绿色接种本）自行前往全区20家社区卫生服务中心及分中心接种门诊（地址及、开设时间和咨询电话见下图），接种后请留观30分钟哦~PS，全市各区的二价HPV疫苗都在陆续到货中哦~~
18 1 1 1 1
东莞时间网讯近日，记者从大朗镇社卫中心获悉，二价HPV疫苗已配送至大朗，该疫苗全程接种3针，每针价格为605元，市民随时可以前来社卫中心接种。
19 16 11 1 1
二价HPV疫苗：接种对象为9~25岁女性，针对HPV病毒家族中的HPV16/18，即最常引起宫颈癌和宫颈癌癌前病变的两个亚型。
21 16 6 4 6
九价疫苗在四价疫苗的基础上，覆盖了31、33、45、52，58亚型，能预防90%的宫颈癌。
21 17 6 5 6
目前，国内上市的是二价HPV疫苗和四价HPV疫苗。
21 18 6 6 6
九价疫苗只限于在香港使用，国内其他地方还未引进。
22 7 4 1 2
今年8月我市获批的二价HPV疫苗，针对的正是极易引起高危因素的HPV16和18型，接种年龄是9~25岁。
22 8 4 2 2
四价HPV疫苗的接种年龄范围放宽到45岁，除了预防HPV16、18两个高危型，还包含了6和11两种低危型，其不但可减少宫颈癌的风险，还可以预防男女性常见的性病皮肤病，预防作用更加广泛。
23 10 8 1 2
目前国内上市的是二价HPV疫苗和四价HPV疫苗。
23 11 8 2 2
九价疫苗，目前只限于在香港使用，国内其它地方还未引进。
30 28 17 1 3
答：男性接种四价和九价HPV疫苗可以预防可能引起喉癌、阴茎癌和肛门癌的HPV感染以及尖锐湿疣。
30 29 17 2 3
同时，男性接种HPV疫苗能够减少将HPV传染给性伴侣的可能性。
30 30 17 3 3
而此次在国内获批的二价HPV疫苗并不适用男性。
32 16 7 1 3
之前接种过二价疫苗的女性，是否需要再重复接种四价疫苗？郑州市金水区疾控中心免疫规划科科长张书彦说，不需要。
32 17 7 2 3
二价HPV疫苗，对国内人群的感染预防率更高，达到84.5%，高于全球平均值。
32 18 7 3 3
如果以预防宫颈癌为目的，二价疫苗可完全满足需求。
33 10 4 1 5
郑州市金水区疾控中心免疫规划科科长张书彦说，二价HPV疫苗，对国内人群的感染预防率更高，达到84.5%，高于全球平均值。
33 11 4 2 5
如果以预防宫颈癌为目的，二价疫苗可完全满足需求。
34 14 6 1 5
郑州市金水区疾控中心免疫规划科科长张书彦说，二价HPV疫苗，对国内人群的感染预防率更高，达到84.5%，高于全球平均值。
34 15 6 2 5
如果以预防宫颈癌为目的，二价疫苗可完全满足需求。
37 2 1 2 4
同时,流感疫苗也开始接种。
37 3 1 3 4
截至目前,我市已有16个镇街(园区)社区卫生服务中心订购了二价HPV疫苗,市疾控中心已于11月6日开始陆续配送至这16个镇街(园区),预计11月13日完成配送。
37 4 1 4 4
其余的17个镇街(园区)由于前期准备工作尚未就绪,开始接种的时间将会顺延。
40 4 2 1 2
2017年7月31日，由葛兰素史克生产的二价HPV疫苗“希瑞适”成为中国内地首个获批正式上市的HPV疫苗。
40 5 2 2 2
这意味着，国内9-25岁的女性可根据自身需要，自愿自费在省、市、区（县）疾控中心或有二类疫苗接种资质的接种点进行接种。
42 2 1 2 5
人乳头瘤病毒(HPV)疫苗接种是世界卫生组织推荐的宫颈癌预防一级措施。
42 3 1 3 5
今年7月，由葛兰素史克生产的二价HPV疫苗“希瑞适”成为中国内地首个获批正式上市的HPV疫苗。
42 4 1 4 5
8月阿里巴巴旗下“阿里健康”平台与葛兰素史克(中国)联合宣布共同推出成人疾病预防创新服务，接种HPV疫苗有了更便利的网络预约通道。
43 3 2 1 4
答:不能接种。
43 4 2 2 4
因为二价HPV疫苗适用于9-25岁的女性。
43 5 2 3 4
也不用太担心,你们还可以选择四价HPV疫苗,该疫苗适用人群为20-45岁女性。
43 18 8 1 3
答:需要。
43 19 8 2 3
目前世界卫生组织确定与宫颈癌相关的高危型HPV有13种,分别是:16、18、31、33、35、39、45、51、52、56、58、59、68。
43 20 8 3 3
虽然接种二价HPV疫苗可以大大降低患宫颈癌的风险,但是并不意味一定不会得宫颈癌。
43 21 9 1 2
答:不能。
43 22 9 2 2
二价HPV疫苗属于预防性疫苗,只具有预防作用而不具备治疗效果。
44 1 1 1 4
好消息总是一起来。
44 2 1 2 4
昨天，浦东新区部分社区卫生服务中心的接种门诊，率先开始提供二价HPV疫苗接种服务。
44 3 1 3 4
备受瞩目、翘首以盼的宫颈癌疫苗，终于在上海落地。
46 3 1 3 5
预计全市大部分区的疫苗将于今年年底前陆续到货。
46 4 1 4 5
此次露面的宫颈癌疫苗是中国内地首个通过国家食药监局审批的，商品名叫希瑞适，是由英国制药企业葛兰素史克公司生产的二价HPV疫苗，在社区卫生服务中心，定价每支585.5元，三剂程序共1756.5元。
46 5 1 5 5
（新闻晨报）
49 27 18 1 3
目前，国际上在使用的HPV疫苗有三种：二价、四价和九价HPV疫苗。
49 28 18 2 3
此次在国内获批的是二价HPV疫苗，能预防HPV-16和HPV-18两种基因型的病毒感染。
49 29 18 3 3
这两种基因型病毒可引起约70%的宫颈癌和宫颈癌癌前病变。
49 42 26 1 3
答：男性接种四价和九价HPV疫苗可以预防可能引起喉癌、阴茎癌和肛门癌的HPV感染以及尖锐湿疣。
49 43 26 2 3
同时，男性接种HPV疫苗能够减少将HPV传染给性伴侣的可能性。
49 44 26 3 3
而此次在国内获批的二价HPV疫苗并不适用男性。
50 27 18 1 3
目前，国际上在使用的HPV疫苗有三种：二价、四价和九价HPV疫苗。
50 28 18 2 3
此次在国内获批的是二价HPV疫苗，能预防HPV-16和HPV-18两种基因型的病毒感染。
50 29 18 3 3
这两种基因型病毒可引起约70%的宫颈癌和宫颈癌癌前病变。
50 42 26 1 3
答：男性接种四价和九价HPV疫苗可以预防可能引起喉癌、阴茎癌和肛门癌的HPV感染以及尖锐湿疣。
50 43 26 2 3
同时，男性接种HPV疫苗能够减少将HPV传染给性伴侣的可能性。
50 44 26 3 3
而此次在国内获批的二价HPV疫苗并不适用男性。
51 5 4 1 1
2017年7月31日，由GSK生产的二价HPV疫苗希瑞适成为中国内地首个获批正式上市的HPV疫苗，首批中标覆盖重庆、贵州等17个省市区，但并未包括北上广深等一线城市。
51 8 6 1 3
尽管弥补了先前的市场空白，市场留给GSK的时间并不多。
51 9 6 2 3
9月，默沙东的四价佳达修宫颈癌疫苗也已经获得进口药品通关单，预计将于今年年底或明年年初上市，这意味着GSK宫颈癌疫苗仅独享半年窗口期。
51 10 6 3 3
此外，中国企业沃森生物8月份也披露其二价HPV疫苗已进入三期临床研究的关键期。
53 5 4 1 2
据市疾控中心介绍，我市已采购了10000支二价HPV疫苗，11月6日开始将陆续配送至各镇街（园区）社区卫生服务中心。
53 6 4 2 2
该疫苗全程接种3针，每针价格为605元人民币。
53 11 6 1 1
而此次的二价HPV疫苗，就是为了预防HPV-16与HPV-18这两种型别的病毒引起的宫颈癌及相关疾病。
54 10 7 1 3
这次上市的是二价HPV疫苗，主要针对16型和18型人乳头状瘤病毒疫苗，它俩是全球约70%宫颈癌的致病原因，接种年龄范围为9-25岁。
54 11 7 2 3
适龄女性无论是否有过性生活，均可以接种。
54 12 7 3 3
完成整个二价宫颈癌疫苗接种程序共需要三针，分别在第0、1、6个月。
54 19 11 1 2
目前在国内上市的是葛兰素史克公司的二价HPV疫苗“希瑞适”，它能预防HPV-16和HPV-18两种高危HPV病毒亚型感染。
54 20 11 2 2
这两种病毒亚型可引起70%左右的宫颈癌和宫颈癌癌前病变。
54 24 14 1 3
根据规定，超过25岁的女性不能接种二价HPV疫苗，但是以后可能还会有其它的疫苗推出，包括四价HPV疫苗可能也会很快上市。
54 25 14 2 3
据了解，四价HPV疫苗国内批准的接种年龄是20-45岁。
54 26 14 3 3
所以不在二价HPV疫苗接种年龄段的女性，可以再等一等四价HPV。
54 24 14 1 3
根据规定，超过25岁的女性不能接种二价HPV疫苗，但是以后可能还会有其它的疫苗推出，包括四价HPV疫苗可能也会很快上市。
54 25 14 2 3
据了解，四价HPV疫苗国内批准的接种年龄是20-45岁。
54 26 14 3 3
所以不在二价HPV疫苗接种年龄段的女性，可以再等一等四价HPV。
55 8 4 2 4
而人乳头瘤病毒（HPV）疫苗接种是世界卫生组织推荐的宫颈癌预防一级措施。
55 9 4 3 4
2017年7月31日，由葛兰素史克生产的二价HPV疫苗“希瑞适”成为中国内地首个获批正式上市的HPV疫苗。
55 10 4 4 4
这意味着，国内9-25岁的女性可根据自身需要，自愿自费在省、市、区（县）疾控中心或有二类疫苗接种资质的接种点进行接种。
56 9 5 1 2
今年7月31日，由葛兰素史克生产的二价HPV疫苗“希瑞适”成为中国内地首个获批正式上市的HPV疫苗。
56 10 5 2 2
这意味着，国内9—25岁的女性可根据自身需要，自愿自费在省、市、区（县）疾控中心或有二类疫苗接种资质的接种点进行接种。
58 1 1 1 3
东莞时间网讯（记者李广）我市宫颈癌疫苗将于11月6日开打。
58 2 1 2 3
记者从市卫生计生局了解到，我市已采购了10000支二价HPV疫苗，将陆续配送至各镇街（园区）社区卫生服务中心。
58 3 1 3 3
该疫苗全程接种3针，每针价格为605元人民币。
58 4 2 1 1
记者了解到，此次到货的二价HPV疫苗，由葛兰素史克公司生产，可预防HPV-16与HPV-18这两种型别的病毒引起的宫颈癌及相关疾病。
58 7 4 1 2
但并不是所有人都能接种这种疫苗，有两种人禁止接种：一是对二价HPV疫苗中的任何活性成分、辅料或天然乳胶过敏的人；二是孕妇或者计划怀孕的女性。
58 8 4 2 2
如果接种后发现怀孕需要停止接种，剩下的针次可以在生完宝宝后继续进行。
58 11 6 1 1
市卫生计生局提醒，二价HPV疫苗只对HPV-16和HPV-18感染引起的宫颈癌及其相关疾病具有保护作用，不能预防其他型别的HPV引起的疾病；和其他疫苗一样，接种HPV疫苗后不一定产生100%的保护效果。
59 4 3 1 2
宫颈癌是严重威胁女性健康的常见恶性肿瘤，接种HPV疫苗，可刺激免疫系统产生保护性抗体，达到预防HPV感染的目的。
59 5 3 2 2
因为无法在湖南接种HPV疫苗，在得知HPV疫苗上市销售之前，不少市民甚至“打飞的”去香港接种疫苗，而前往香港接种二价HPV疫苗总价在人民币2584.4元左右（本报8月2日09版报道）。
59 6 4 1 1
近日，二价HPV疫苗到达浏阳的消息成为不少女性市民的关注热点。
62 4 2 1 2
“今后，湖南人接种宫颈癌疫苗（HPV疫苗）不用再打“飞的”往境外跑了，家门口就能注射。
62 5 2 2 2
”今天在长沙召开的湖南宫颈癌疫苗上市新闻发布会宣布，11月1日起，9至25岁的女性可根据自身需要，自愿自费前往在省、市、区（县）疾控中心或有二类疫苗接种资质的接种点，接种二价HPV疫苗。
62 27 15 1 2
10月31日，湖南省预防医学会、湖南省疾病预防控制中心召开湖南宫颈癌疫苗上市新闻发布会。
62 28 15 2 2
记者获悉，11月1日起，9-25岁的女性可前往长沙各预防接种单位（如社区卫生服务中心、乡镇卫生院的预防接种门诊等）接种二价HPV疫苗。
64 1 1 1 3
自从HPV(人乳头瘤病毒)疫苗(俗称宫颈癌疫苗)在我国内地获批上市以来，很多市民翘首期盼。
64 2 1 2 3
记者27日从长沙市疾控中心获悉，11月起，全市各预防接种门诊相继可以接种二价HPV疫苗了。
64 3 1 3 3
四价HPV疫苗预计今年年底或明年年初可在长沙接种。
64 7 4 1 1
目前，二价HPV疫苗主要预防HPV病毒16型和18型的感染，四价疫苗主要预防6、11、16、18型病毒的感染。
64 13 9 1 1
11月起，长沙各预防接种单位(如：社区卫生服务中心、乡镇卫生院的预防接种门诊等)可相继接种二价HPV疫苗。
64 16 12 1 1
中国内地上市的二价HPV疫苗建议接种对象是9～25岁的女性。
65 1 1 1 4
【北京497家门诊下月可接种HPV疫苗售价580一支】葛兰素史克研发的二价HPV疫苗在中国大陆上市已近3月，下月起北京地区居民也可接种疫苗。
65 2 1 2 4
此次北京HPV疫苗遵循零差价原则，按照采购价580/针提供给市民，接种全程需要1740元。
66 1 1 1 3
华声在线10月27日讯(记者段涵敏通讯员张亚娜刘姝)大家期盼已久的HPV(人乳头瘤病毒)疫苗(俗称“宫颈癌疫苗”)来湖南了。
66 2 1 2 3
湖南省疾控中心今天透露，该中心的预防门诊从11月1日开始就能接种二价HPV疫苗，全省的社区卫生服务中心、乡镇卫生院等预防接种门诊11月起也可相继接种，每针次价格预计在650元左右。
66 3 1 3 3
四价HPV疫苗预计今年底或明年初可在长沙接种。
66 6 3 1 3
长沙市疾控中心免疫规划专家林希建介绍，接种HPV疫苗，可刺激免疫系统产生保护性抗体，这种抗体存在于人的体液之中，HPV病毒一旦出现，抗体会立即作用，将其清除，阻止HPV病毒感染，从而预防HPV感染。
66 7 3 2 3
目前，二价HPV疫苗主要预防HPV病毒16型和18型的感染，建议接种对象是9至25岁的女性;四价疫苗主要预防6、11、16、18型病毒的感染，接种对象是20至45岁的女性。
66 8 3 3 3
二价和四价HPV疫苗全程均注射3剂次，全程接种需6个月的时间完成。
67 10 5 1 3
二价疫苗：99.7%的宫颈癌，都是由HPV病毒感染所引起。
67 11 5 2 3
女性只要开始性生活，一生中被HPV感染的概率就非常高。
67 12 5 3 3
二价HPV疫苗，能有效预防HPV-16和HPV-18两种基因型的病毒感染，以及这两种基因型病毒引起的宫颈癌和宫颈癌癌前病变，接种二价疫苗后可以预防93%左右的宫颈癌和癌前病变。
68 1 1 1 2
中新网杭州10月24日电(记者方堃)宫颈癌是女性健康的重大威胁，人乳头瘤病毒(HPV)疫苗接种是世界卫生组织推荐的宫颈癌预防一级措施。
68 2 1 2 2
2017年7月31日，由葛兰素史克生产的二价HPV疫苗，成为中国内地首个获批正式上市的HPV疫苗，该二价HPV疫苗推荐用于9～25岁女性，属于群众自费、自愿接种的疫苗，采用3剂免疫接种程序。
69 21 12 1 3
据了解，目前全球仅有葛兰素史克生产的希瑞适和默沙东生产的佳达修（Gardasil）两款HPV疫苗产品。
69 22 12 2 3
罗湖医院集团妇产科主任张帝开告诉记者，希瑞适可预防HPV-16型和HPV-18型病毒导致的宫颈癌，被称为“二价HPV疫苗”。
69 23 12 3 3
默沙东2006年推出的全球第一款HPV疫苗佳达修，可用于预防6、11、16、18四种HPV病毒亚型所导致的多种疾病，被称为“HPV四价疫苗”。
70 21 12 1 3
据了解，目前全球仅有葛兰素史克生产的希瑞适和默沙东生产的佳达修（Gardasil）两款HPV疫苗产品。
70 22 12 2 3
罗湖医院集团妇产科主任张帝开告诉记者，希瑞适可预防HPV-16型和HPV-18型病毒导致的宫颈癌，被称为“二价HPV疫苗”。
70 23 12 3 3
默沙东2006年推出的全球第一款HPV疫苗佳达修，可用于预防6、11、16、18四种HPV病毒亚型所导致的多种疾病，被称为“HPV四价疫苗”。
74 10 5 1 2
从目前公布的定价来看，内地的“希瑞适”的接种花费低于香港同类疫苗。
74 11 5 2 2
据了解，目前香港二价HPV疫苗接种完三支的总价在3000港元（约合人民币2584.4元）左右，四价疫苗与二价花费差别不大，九价HPV疫苗的接种价格约为4000港币。
78 8 4 1 3
目前全球范围内目前仅有GSK和默沙东两家公司的宫颈癌疫苗获批上市，包括默沙东的四价HPV疫苗、九价HPV疫苗和葛兰素史克公司的二价HPV疫苗。
78 9 4 2 3
在我国，GSK的二价HPV疫苗希瑞适去年获批上市，今年5月份，默沙东的四价HPV疫苗佳达修获批上市。
78 10 4 3 3
GSK今年7月31日宣布希瑞适正式上市销售，而默沙东的佳达修有望在获批后6个月实现上市销售。
78 8 4 1 3
目前全球范围内目前仅有GSK和默沙东两家公司的宫颈癌疫苗获批上市，包括默沙东的四价HPV疫苗、九价HPV疫苗和葛兰素史克公司的二价HPV疫苗。
78 9 4 2 3
在我国，GSK的二价HPV疫苗希瑞适去年获批上市，今年5月份，默沙东的四价HPV疫苗佳达修获批上市。
78 10 4 3 3
GSK今年7月31日宣布希瑞适正式上市销售，而默沙东的佳达修有望在获批后6个月实现上市销售。
90 1 1 1 1
广州日报讯（全媒体记者汪万里）昨天，记者从东莞市疾控中心获悉，预计今年年底东莞各镇街（园区）预防接种门诊可为市民提供二价HPV疫苗接种服务，届时，有需要的市民就不必再专门跑到香港接种了。
93 1 1 1 2
熬过“十年之痒”，盼到“首个内地上市”，随着葛兰素史克（GSK）家的二价HPV疫苗真正在中国内地“落地生花”，大家对这一款旨在预防癌症的疫苗越来越关注并接受。
93 2 1 2 2
什么是HPV疫苗？它防治什么？哪类人群适宜接种？未来还有哪些品种即将在中国上市？本专题从宫颈癌、HPV疫苗上市历程、国内在研产品等多个方面为大家进行一次全面的科普。
94 14 6 1 3
针对这一新型疫苗，目前我市实施了网上集中采购，首批疫苗只有60支。
94 15 6 2 3
这次上市的是二价HPV疫苗，适用于9至25岁的女性。
94 16 6 3 3
疫苗将采用3剂免疫接种程序，即第“0，1，6”个月的接种程序。
94 28 11 1 3
此次上市的二价HPV疫苗，推荐接种年龄为9至25岁的女性，越早注射保护效果越好。
94 29 11 2 3
这主要基于以下两方面的考虑：第一，HPV的传播途径主要是性接触及性行为，从疫苗预防效果及卫生经济学角度讲，最佳接种人群为尚未发生性行为的年轻女孩。
94 30 11 3 3
第二，有研究数据表明接种HPV疫苗后，9~17岁接种是18到25岁接种产生保护性抗体效能的两倍。
96 25 9 1 2
今年8月23日披露的半年报中，沃森生物表示，二价HPV疫苗已进入了三期临床研究的关键时期，正处于收集分析临床结果判定终点即癌前病变二期(CIN2)病例样本的最后阶段。
96 26 9 2 2
同时，九价HPV疫苗临床研究申请进入技术审评阶段，公司正在进行临床试验样品制备以及现场准备工作。
96 32 11 1 3
如今看起来，智飞生物的“代理”方式似乎略胜一筹。
96 33 11 2 3
继GSK的二价HPV疫苗迎来上市后，默沙东的四价HPV疫苗在内地上市时间也在迫近。
96 34 11 3 3
今年5月份，智飞生物发布公告称，其协议代理默沙东的四价HPV疫苗获得药品注册批件，预计该疫苗到上市销售需要6个月左右时间。
98 11 1 11 23
市民李先生表示要给上初中的女儿打，“我女儿班上好多同学都去香港打了疫苗，我还是想让女儿打，不过还是先观望下吧。”另一位市民宋先生的女儿也在上初中，不过他表示不打算让女儿去打疫苗：“虽然宫颈癌很可怕，但我周围没有人得这个病，不是很有危机感。”记者还采访到了28岁的朱先生，当他听到男性也能打宫颈癌疫苗时，显得很诧异：“我还真不知道男的也可以打!等上市了再说吧。”医生建议提前电话咨询错峰接种疫苗吴明菊医生向记者透露，武侯区第一批宫颈癌疫苗已于8月9日到货，一共有1000支，一支定价为800.4元。
98 12 1 12 23
由于二价HPV疫苗为自愿接种的二类疫苗，所以供应与市民的接种意愿有关，还需要进一步“摸底”，“因为每个社区对宫颈癌疫苗的需求不同，我们会根据社区卫生服务中心的申请来发放疫苗。”吴明菊表示，想打宫颈癌疫苗的女士可以去就近的社区卫生服务中心，不过为了保险起见，提前打电话先咨询一下，一个是确定该社区医院有打宫颈癌疫苗的服务，方便社区医院提前备货，以免出现去了医院结果没打到针的尴尬情况;另外，提前跟医院预约好时间，避免在社区医院接种疫苗的高峰时间段去打针。
98 13 1 13 23
望江路社区卫生服务中心的工作人员向记者表示，目前望江路社区可以直接去打宫颈癌疫苗，不需要提前预约：“我们社区医院的上班时间是星期一到星期五，上午8点30到11点30，下午2点到4点30，周末不上班，直接带身份证来打就可以了。”同时，该工作人员也建议大家最好是下午去打，“上午会有很多家长带小孩来打针，人会比较多”。
98 21 1 21 23
性传播疾病会增加宫颈癌的风险，多个性伴侣会增加宫颈癌的风险。
98 22 1 22 23
●为啥二价HPV疫苗只适合9—25岁女性?答：二价HPV疫苗在江苏进行了为期8年的临床试验，结果显示，在18—25岁女性中免疫原性良好，HPV16/HPV18抗体转阳率达99%以上，这与全球试验结论一致。
98 23 1 23 23
二价宫颈癌疫苗主要适合9到25岁的女性四价宫颈癌疫苗可能在明年上半年之前上市，适用于20岁到45岁的女性
