2 1 1 1 1
距离二价宫颈癌疫苗希瑞适上市4个月后，四价宫颈癌疫苗佳达修也来了，相较而言，四价疫苗的接种年龄范围更广、预防病毒种类更多。
2 2 2 1 3
昨日（12月1日）记者从四川省疾病预防控制中心获悉，首批四价疫苗已经到货，预计12月5日成都市玉林社区卫生服务中心将开打第一针，下周也将覆盖全市。
2 3 2 2 3
到月底，四价疫苗将覆盖全川各地。
2 4 2 3 3
届时，20-45岁的女性皆可到当地社区卫生服务中心、乡镇卫生院接种。
2 2 2 1 3
昨日（12月1日）记者从四川省疾病预防控制中心获悉，首批四价疫苗已经到货，预计12月5日成都市玉林社区卫生服务中心将开打第一针，下周也将覆盖全市。
2 3 2 2 3
到月底，四价疫苗将覆盖全川各地。
2 4 2 3 3
届时，20-45岁的女性皆可到当地社区卫生服务中心、乡镇卫生院接种。
2 5 3 1 1
“由于疫苗货源充足，能基本满足人们的需要。”四川省疾病预防控制中心免疫规划所所长张佩如昨日在人乳头瘤病毒感染相关疾病防控学术交流会上透露，首批抵蓉的四价疫苗共3万支，按照二类疫苗的流通渠道，在省级平台招标，各区县疾控中心根据采购需求计划进行采购。
2 7 5 1 3
据了解，2017年11月13日，四价疫苗首针接种在重庆市第七人民医院李家沱街道社区卫生服务中心开针，沈亚绿成为全国首个接种四价宫颈癌疫苗佳达修的女性。
2 8 5 2 3
此次上市的四价宫颈癌疫苗佳接种程序为0/2/6月各接种一针次，共接种3针次，约1100元一针，适用人群为20-45岁的女性。
2 9 5 3 3
广大女性可以陆续在全国其他城市各社区卫生服务中心、疫苗接种门诊进行咨询、预约或接种。
2 14 7 2 5
而“价”是指病毒的类型，“价”越高，可预防的病毒类型就越多。
2 15 7 3 5
今年8月左右上市的二价疫苗可预防HPV16型、HPV18型引发的宫颈癌，而本次上市的四价疫苗则在二价的基础上，多了对HPV6型和HPV11型引发的尖锐湿疣、外阴癌的预防。
2 16 7 4 5
另外，二价疫苗的接种年龄为9-25岁，四价疫苗则扩展为20-45岁。
2 15 7 3 5
今年8月左右上市的二价疫苗可预防HPV16型、HPV18型引发的宫颈癌，而本次上市的四价疫苗则在二价的基础上，多了对HPV6型和HPV11型引发的尖锐湿疣、外阴癌的预防。
2 16 7 4 5
另外，二价疫苗的接种年龄为9-25岁，四价疫苗则扩展为20-45岁。
2 17 7 5 5
成都商报记者王拓
3 16 10 1 3
可以预防6、11、16、18型HPV，适用于20岁～45岁的女性群体。
3 17 10 2 3
四价疫苗只是锦上添花而已，因为HPV6和HPV11并不属于宫颈癌高危型HPV病毒，它们可以引起尖锐湿疣和外阴癌，而外阴癌相比宫颈癌少见得多了。
3 18 10 3 3
这位在2017年6月也进入了中国市场。
8 21 16 1 2
据GSK披露信息，希瑞适适用年龄段为9~25岁，假设这个年龄段所有女性都接种该疫苗，其市场规模可达2133.58亿元；同时，而智飞生物所代理的四价疫苗接种对象适用人群为20~45岁的女性。
8 22 16 2 2
两者存在20~25岁年龄段的重叠，双方在销售上短兵相接难以避免。
9 1 1 1 1
拥有近400家医疗及体检中心的美年健康与国内独家代理宫颈癌四价疫苗销售的智飞生物昨天在上海宣布，拟共同设立成人预防接种门诊全国网络，推动宫颈癌疫苗（HPV疫苗）在专业体检中心的配置和运营，包括资质审批、质控管理和人员培训等重要环节。
9 2 2 1 3
宫颈癌是全球第七大常见恶性肿瘤，高发于年龄30岁至55岁的妇女。
9 3 2 2 3
在医学治疗上，宫颈癌疫苗是目前唯一有效防止癌症的疫苗，可使宫颈癌的发病率和死亡率明显下降，市场需求巨大。
9 4 2 3 3
作为国内综合实力最强的民营疫苗供应和服务商，智飞生物引进代理的默沙东宫颈癌疫苗Gardasil系国内首个获批并正式上市的宫颈癌四价疫苗，主要使用对象为20岁至45岁妇女。
10 3 2 1 1
据悉，智飞生物引进代理的默沙东HPV疫苗Gardasil系国内首个获批并正式上市的HPV四价疫苗，且于今年11月13日在重庆接种了全国首针四价宫颈癌疫苗，随后河南郑州、云南昆明、广西南宁等省市都已陆续开针，目前已完成招投标的7个省市都将开始陆续接种。
11 7 5 1 3
39岁的左丽晴告诉记者，姨妈50岁的时候患宫颈癌去世了，自己一直很担心是不是会遗传，所以一直关注宫颈癌疫苗上市的消息。
11 8 5 2 3
之前听说四价疫苗今天上市，她一早就赶紧来了，没想到现场这么火爆。
11 9 5 3 3
“前几天还特意去省妇幼做了HPV筛查，接种了疫苗后，我就不用担心太多了。”左丽晴表示，花2500元换自己的健康，还能心安，感觉非常划算。
11 24 13 1 2
赵方辉教授表示，对女性来说，宫颈癌疫苗越早接种越好，二价疫苗和四价疫苗的适用年龄不同，女性可根据自己的年龄选择。
11 25 13 2 2
主要看针对性，是宫颈癌还是生殖道疣，没必要重复接种。
11 28 15 1 2
湖南省妇幼保健院妇科主任龚颖萍解释，四价疫苗接种不能取代常规宫颈癌筛查，也不能取代预防HPV感染和性传播疾病的其他措施。
11 29 15 2 2
因此，按照相关部门建议常规进行宫颈癌筛查依然极为重要。
12 8 6 1 3
42岁的吴兰英家住长沙县江背镇，是超市服务员。
12 9 6 2 3
从朋友圈得知四价疫苗上市的消息后，她就想来接种疫苗。
12 10 6 3 3
“天不亮就出门了，早上6点半就开始排队。”吴兰英说，花2500元左右就能预防宫颈癌，比较划算。
12 13 7 3 4
“提前一天就到了，特意在附近酒店订了房，今天早上7点半就过来排队了。”吴依融告诉记者，她不少朋友都去香港接种宫颈癌疫苗，自己也咨询过，但香港已断货了。
12 14 7 4 4
得知省疾控中心能接种四价疫苗，吴依融立马赶过来接种。
12 32 16 1 2
中国医学科学院肿瘤医院流行病学教授赵方辉表示，二价宫颈癌疫苗可预防70%由HPV16、18型引起的宫颈癌。
12 33 16 2 2
四价疫苗在此基础上，还可预防由HPV6、11型引起的90%的生殖道疣（尖锐湿疣），可按照需求进行接种，没必要重复接种，但适龄人群越早接种，效果越好。
13 10 6 1 4
目前我省上市的是二价和四价疫苗。
13 11 6 2 4
专家介绍，“价”的多少代表了疫苗可预防的HPV病毒种类。
13 12 6 3 4
二价疫苗主要预防HPV16型和HPV18型，这两个亚型是导致宫颈癌的主要亚型。
13 13 6 4 4
四价疫苗在二价疫苗的基础上增加了HPV6型和HPV11型的预防，这两个亚型可导致生殖器疣。
13 14 7 1 2
那么，二价和四价疫苗，女性朋友该如何选择？中国医学科学院赵方辉教授表示，对于宫颈癌的预防来讲，两价和四价是没有差别，都是预防HPV16型、HPV18型两种高危型别引起的宫颈癌。
13 15 7 2 2
这两个型别的病毒是全球约70%宫颈癌的致病原因，而在中国人群中更高，可达85%左右，也就意味着可以预防约85%的宫颈癌。
13 16 8 1 2
不过，四价疫苗还可预防HPV6型和HPV11型两个低危型别感染，也就是预防尖锐湿疣等生殖器疣。
13 17 8 2 2
相比二价适用于9岁至25岁人群，四价适用人群更广泛，适用于20岁至45岁女性。
13 18 9 1 3
专家建议，越早接种效果越好，已接种二价疫苗的不推荐也没必要再接种四价疫苗。
13 19 9 2 3
由于我国女性HPV感染率按年龄呈“双峰”分布：第一个高峰在“17岁至24岁”，第二个高峰在“40岁至44岁”，所以应在感染高峰到来之前，尽早完成疫苗的接种。
13 20 9 3 3
根据我国青少年初次性生活的平均时间，专家建议我国青少年女性最好在11岁至12岁期间进行接种，尽早进行人为干预。
13 30 14 1 1
是不是打了疫苗，就能高枕无忧？湖南省妇幼保健院妇科主任龚颖萍介绍，无论是二价疫苗还是四价疫苗，以及还未在内地上市的九价疫苗，都无法完全预防所有的HPV亚型病毒。
14 2 2 1 3
没有必要。
14 3 2 2 3
二价疫苗可预防70%由HPV16、18型引起的宫颈癌;而四价疫苗，在此基础上，还可预防由HPV6、11型引起的90%的生殖道疣(尖锐湿疣)。
14 4 2 3 3
主要看针对性，是宫颈癌还是生殖道疣，没必要重复接种，但适龄人群接种的时间越早越好。
14 6 4 1 1
省疾控制中心预防医学门诊部主任石琼表示，四价疫苗推荐接种的主要人群为20岁至45岁的女性，接种程序为0/2/6月各接种一剂次，全程免疫3针次，共计价格约在2500元左右。
15 1 1 1 2
继HPV二价疫苗在浙江“开打”以来，不少25岁以上的大龄女性，都在盼望HPV四价疫苗的早日来临。
15 2 1 2 2
如今，这种盼望马上成为现实，大龄女性再也不用跑去香港排队、加塞打宫颈癌疫苗了！
15 3 2 1 2
HPV四价疫苗其实与浙江渊源颇深。
15 4 2 2 2
早在2009年2月起，默沙东就在浙江大学医学院附属妇产科医院等医院进行为期3年的HPV四价疫苗Ⅲ期临床试验，在经历层层审批，四个时期的临床试验，样本量、重度感染指标不够，延长试验等重重障碍后，终于在国内上市。
15 3 2 1 2
HPV四价疫苗其实与浙江渊源颇深。
15 4 2 2 2
早在2009年2月起，默沙东就在浙江大学医学院附属妇产科医院等医院进行为期3年的HPV四价疫苗Ⅲ期临床试验，在经历层层审批，四个时期的临床试验，样本量、重度感染指标不够，延长试验等重重障碍后，终于在国内上市。
19 6 5 1 1
四价疫苗比二价疫苗的接种价格高，厂家指导价约980元/剂，一共要注射3次，共计花费3000元左右。
19 11 9 1 1
接种价格：四价疫苗一共要打三针，厂家指导价约980元/剂，共计花费约3000元。
21 14 6 2 6
“价”的多少代表疫苗可预防的HPV病毒种类。
21 15 6 3 6
四价疫苗针对4种HPV病毒有效，包括高危病毒16号和18号（导致70%以上的宫颈癌），低危病毒6号和11号（90%以上的生殖器疣）。
21 16 6 4 6
九价疫苗在四价疫苗的基础上，覆盖了31、33、45、52，58亚型，能预防90%的宫颈癌。
21 15 6 3 6
四价疫苗针对4种HPV病毒有效，包括高危病毒16号和18号（导致70%以上的宫颈癌），低危病毒6号和11号（90%以上的生殖器疣）。
21 16 6 4 6
九价疫苗在四价疫苗的基础上，覆盖了31、33、45、52，58亚型，能预防90%的宫颈癌。
21 17 6 5 6
目前，国内上市的是二价HPV疫苗和四价HPV疫苗。
21 19 7 1 2
二价疫苗在中国注册，适用于9岁至25岁的女性群体，完成整个免疫程序共需接种三针，分别在第0、1、6个月。
21 20 7 2 2
四价疫苗在中国注册，适用于20岁至45岁的女性群体，完成整个免疫程序共需接种三针，分别在第0、2、6个月，三剂接种的价格在2500元左右。
21 25 10 1 2
四价疫苗是原装进口的，但国内暂时不能打。
21 26 10 2 2
进口疫苗在进入国内前，要进行三期临床试验，试验中，预防男性生殖器疣的数据不充分，国家暂时没有批准。
22 1 1 1 2
23日，四价宫颈癌疫苗将来到南宁，届时，南宁市的女同胞不用组团赴香港或出国，就能接种疫苗得到防护。
22 2 1 2 2
这次四价疫苗的到来，距离二价疫苗的上市，仅仅隔了三个月的时间，接种年龄也从二价疫苗的25岁以下放宽到45岁以下。
22 13 7 1 2
二价疫苗、四价疫苗，不同的疫苗为女性朋友的健康设置了一道道屏障，但是，疾控专家也提醒，宫颈癌疫苗并不能100%预防宫颈癌。
22 14 7 2 2
因为，医学资料显示，HPV病毒超过100种，人们感染了HPV通常没有任何症状，因此很容易通过生殖接触传播开来。
23 8 6 1 1
四价疫苗：在二价疫苗的基础上增加了HPV6和11，因为6和11亚型可导致90%的生殖器疣。
23 9 7 1 1
九价疫苗：在四价疫苗的基础上，再覆盖了31，33，45，52，58亚型，能预防90%的宫颈癌。
23 12 9 1 1
对于宫颈癌的预防而言，二价疫苗是“雪中送炭”，而增加了抗HPV6和HPV11的四价疫苗是“锦上添花”。
23 24 18 1 1
四价疫苗在中国注册，适用于20岁~45岁的女性群体，完成整个免疫程序共需接种三针，分别在第0、2、6个月。
23 25 19 1 1
相对于二价疫苗，四价疫苗适用于处于生育年龄阶段女性更大的群体，而这个年龄段的女性也是宫颈癌进入高发的阶段。
24 8 4 1 2
今年8月南宁市获批的二价疫苗，针对的正是极易引起高危因素的HPV（人类乳头瘤病毒）16和18型，接种年龄是9～25岁。
24 9 4 2 2
四价疫苗的接种年龄范围放宽到45岁，除了预防HPV16、18两个高危型，还包含了HPV6和HPV11两种低危型，其不但可减少宫颈癌的风险，还可以预防男女性常见的性病皮肤病，预防作用更加广泛。
24 16 7 1 2
二价疫苗、四价疫苗，不同的疫苗为女性朋友的健康设置了一道道屏障，但是，疾控专家也提醒，宫颈癌疫苗并不能100%预防宫颈癌。
24 17 7 2 2
因为，医学资料显示，HPV超过100种，人们感染了HPV通常没有任何症状，因此很容易通过生殖接触传播开来。
28 1 1 1 1
日前，国内首个获批的宫颈癌四价疫苗正式上市，2017年11月15日，“云南首针”新闻发布会在盘龙辖区的预防接种单位——云南玛莉亚医院召开，这标志着云南20-45岁之间女性预防宫颈疾病新时代的开启，从这一刻开始，需要注射宫颈癌疫苗的25岁以上女性不用再组团出国打针，而是在家门口就可以得到宫颈癌疫苗的防护。
28 2 2 1 2
今年8月15日，国内首个宫颈癌疫苗二价疫苗在昆明上市，但由于二价疫苗的接种年龄段为9-25岁，超过25岁的女性无法接受注射，大量超过25岁的女性只能观望。
28 3 2 2 2
时隔三个月，广大女性期盼许久的四价疫苗终于落地昆明，对于需要接种疫苗的女性无疑是一个好消息。
28 4 3 1 3
云南省疾病预防控制中心免疫规划所所长李琼芬、技术开发服务中心经理苏卫华、免疫规划科主任丁峥嵘，昆明市疾病预防控制中心党委副书记、纪委书记汪静，盘龙区疾病预防控制中心何丽明主任等领导和昆明市妇幼保健院妇科主任邓继红、云南玛莉亚医院妇产科主任沈鸿雁等专家出席了新闻发布会。
28 5 3 2 3
会上，李琼芬所长在讲话中强调：宫颈癌四价疫苗接种工作关系到万千女性的健康和家庭幸福，一定要做好宫颈癌三级预防体系的第一步，为广大女性的健康保驾护航。
28 6 3 3 3
云南玛莉亚医院的专家沈鸿雁主任也就疫苗上市大家关注的热点做出了解释，她告诉广大女性，宫颈癌是如今唯一知病因，可预防，可治疗的癌症，国内人群宫颈癌高发期有两个年龄段，四价疫苗的上市解决了大龄人群宫颈癌一级预防的问题，可说是女性的福音。
28 4 3 1 3
云南省疾病预防控制中心免疫规划所所长李琼芬、技术开发服务中心经理苏卫华、免疫规划科主任丁峥嵘，昆明市疾病预防控制中心党委副书记、纪委书记汪静，盘龙区疾病预防控制中心何丽明主任等领导和昆明市妇幼保健院妇科主任邓继红、云南玛莉亚医院妇产科主任沈鸿雁等专家出席了新闻发布会。
28 5 3 2 3
会上，李琼芬所长在讲话中强调：宫颈癌四价疫苗接种工作关系到万千女性的健康和家庭幸福，一定要做好宫颈癌三级预防体系的第一步，为广大女性的健康保驾护航。
28 6 3 3 3
云南玛莉亚医院的专家沈鸿雁主任也就疫苗上市大家关注的热点做出了解释，她告诉广大女性，宫颈癌是如今唯一知病因，可预防，可治疗的癌症，国内人群宫颈癌高发期有两个年龄段，四价疫苗的上市解决了大龄人群宫颈癌一级预防的问题，可说是女性的福音。
28 9 5 1 3
接受宫颈癌四价疫苗首针注射的包艳萍是一位36岁的昆明妈妈，她原本计划今年抽时间到香港进行宫颈癌疫苗注射。
28 10 5 2 3
8月中旬二价宫颈癌疫苗上市后，她相信四价疫苗的上市不会太远，于是决定等一等。
28 11 5 3 3
从云南玛莉亚医院公众号得知11月15日四价宫颈癌疫苗首针将在这里注射，心情激动的她立即拨打电话进行了预约，并幸运的成为了首位接种者。
28 9 5 1 3
接受宫颈癌四价疫苗首针注射的包艳萍是一位36岁的昆明妈妈，她原本计划今年抽时间到香港进行宫颈癌疫苗注射。
28 10 5 2 3
8月中旬二价宫颈癌疫苗上市后，她相信四价疫苗的上市不会太远，于是决定等一等。
28 11 5 3 3
从云南玛莉亚医院公众号得知11月15日四价宫颈癌疫苗首针将在这里注射，心情激动的她立即拨打电话进行了预约，并幸运的成为了首位接种者。
28 12 6 1 1
此次宫颈癌四价疫苗首针仪式所在的云南玛莉亚医院是云南省知名的民营妇产专科医院，今年6月刚刚通过了JCI国际医院认证。
28 21 9 5 6
尤其是女性，对于生活品质的追求越来越高，健康是她们的首位需求。
28 22 9 6 6
宫颈癌四价疫苗的上市，无疑符合了十九大健康中国战略的“坚持预防为主，深入开展爱国卫生运动，倡导健康文明生活方式，预防控制重大疾病”的方针。
30 2 2 1 1
云南省宫颈癌四价疫苗也将于11月15日正式开始注射。
30 5 4 1 2
四价疫苗在二价疫苗的基础上增加了6型和11型HPV病毒。
30 6 4 2 2
最重要的是，在临床实验中证实，该疫苗对高危宫颈癌前病变表现出了100%的保护效力。
30 7 5 1 1
四价疫苗国内临床实验的主要负责人魏丽惠在接受媒体采访时说：“从试验结果来看，四价疫苗还是很有效果的。素有疫苗组都没有出现宫颈癌前病变，实现了100%的保护效力，可以说有效预防了16/18型病毒引起的宫颈癌。”
30 9 7 1 3
与二价疫苗相比，此次上市的四价疫苗一个显著特点是，接种人群覆盖到了20-45岁的“大年龄群体”。
30 10 7 2 3
根据国家食药总局的批准，该疫苗用于20-45岁女性接种，适用于预防由16/18型人乳头瘤状病毒（HPV）所致的宫颈癌，宫颈上皮内瘤样病变（CIN1/2/3）和原位腺癌（AIS）。
30 11 7 3 3
另外，在四价疫苗的国际临床实验中，9-25岁的低龄组也同样有效，所以也不排斥低龄组的人群接种该疫苗。
30 9 7 1 3
与二价疫苗相比，此次上市的四价疫苗一个显著特点是，接种人群覆盖到了20-45岁的“大年龄群体”。
30 10 7 2 3
根据国家食药总局的批准，该疫苗用于20-45岁女性接种，适用于预防由16/18型人乳头瘤状病毒（HPV）所致的宫颈癌，宫颈上皮内瘤样病变（CIN1/2/3）和原位腺癌（AIS）。
30 11 7 3 3
另外，在四价疫苗的国际临床实验中，9-25岁的低龄组也同样有效，所以也不排斥低龄组的人群接种该疫苗。
31 33 24 1 2
目前国内获批上市的二价和四价疫苗，主要针对HPV16和HPV18两种高危型别（四价还可预防HPV6和HPV11引起的生殖器疣），二者共导致了70%的宫颈癌，疫苗可以降低这部分宫颈癌的发生率。
31 34 24 2 2
但是导致宫颈癌的HPV还有其他亚型，不在预防范围内(9价也不能完全覆盖)。
32 11 5 1 3
河南省中医院21世纪门诊免疫接种门诊负责人赵荷苹提醒，宫颈癌四价疫苗前后需要接种3针，半年内接种完。
32 12 5 2 3
如果有备孕计划的女性，至少半年内不建议接种。
32 13 5 3 3
建议大家生完孩子再接种。
32 16 7 1 3
之前接种过二价疫苗的女性，是否需要再重复接种四价疫苗？郑州市金水区疾控中心免疫规划科科长张书彦说，不需要。
32 17 7 2 3
二价HPV疫苗，对国内人群的感染预防率更高，达到84.5%，高于全球平均值。
32 18 7 3 3
如果以预防宫颈癌为目的，二价疫苗可完全满足需求。
32 22 11 1 1
●四价疫苗适用于20岁~45岁的女性群体，完成整个免疫程序共需接种三针，分别在第0、2、6个月。
32 23 12 1 1
相对于二价疫苗，四价疫苗适用于处于生育年龄阶段女性更大的群体，而这个年龄段正是女性宫颈癌的高发阶段。
33 11 4 2 5
如果以预防宫颈癌为目的，二价疫苗可完全满足需求。
33 12 4 3 5
四价疫苗适用于20岁~45岁的女性群体，完成整个免疫程序共需接种三针，分别在第0、2、6个月。
33 13 4 4 5
四价宫颈癌疫苗，每针820元，打三针。
33 15 5 1 1
“因为是二类自费疫苗，不在郑州居住的人群也可以来接种。”张书彦说，宫颈癌四价疫苗需要接种3针，半年内接种完，如果半年内准备怀孕的，不建议接种，可以等到生完孩子再接种。
33 16 6 1 1
郑州市二七区疾控中心免疫规划科科长王衡介绍，根据二价疫苗接种情况，二七区这次采购了896支宫颈癌四价疫苗，“市区其他几个区也采购了四价疫苗，预计下周市区接种门诊都可以进行接种”。
34 15 6 2 5
如果以预防宫颈癌为目的，二价疫苗可完全满足需求。
34 16 6 3 5
四价疫苗在中国注册，适用于20岁～45岁的女性群体，完成整个免疫程序共需接种三针，分别在第0、2、6个月。
34 17 6 4 5
四价宫颈癌疫苗，每针820元，打三针。
34 19 7 1 1
省中医院21世纪门诊免疫接种门诊负责人赵荷苹说，宫颈癌四价疫苗需要接种3针，半年内接种完，如果半年内准备怀孕的，不建议接种，可以等到生完孩子再接种。
35 11 9 1 1
赵荷苹说，宫颈癌四价疫苗需要接种3针，半年内接种完，如果半年内准备怀孕的，不建议接种，可以等到生完孩子再接种。
35 22 16 1 1
综上，可以认为，对于宫颈癌的预防而言，二价疫苗是“雪中送炭”，而增加了抗HPV6和HPV11的四价疫苗是“锦上添花”，九价疫苗则是“更上层楼”。
38 5 3 1 2
据悉，“佳达修”可用于20岁至45岁的女性接种，采用0/2/6月各接种一针次、共3剂免疫接种程序，适用于预防由16型、18型人乳头瘤病毒（HPV）所致的宫颈癌、宫颈上皮内瘤样病变（CIN123）和原位腺癌（AIS）。
38 6 3 2 2
作为全球第一个宫颈癌疫苗，相比葛兰素史克的二价疫苗，默沙东的四价疫苗从年龄与预防功效上均有所扩展。
54 18 10 1 1
全球被批准上市的HPV疫苗有三种，分别是葛兰素史克的二价疫苗（希瑞适）、默沙东的四价疫苗和九价疫苗。
54 34 21 1 2
接种HPV疫苗可以降低患宫颈癌的风险，但并不能保障一定不会得宫颈癌。
54 35 21 2 2
无论接种二价疫苗、四价疫苗还是九价疫苗，接种疫苗后仍然需要定期进行宫颈癌筛查。
62 8 4 1 3
专家表示，此次获批的宫颈癌疫苗“希瑞适”为二价宫颈癌疫苗，主要推荐9至13岁（在性行为开始前）的女性接种，适用于9-25岁的女性。
62 9 4 2 3
接种程序为0/1/6月各接种一剂次，全程免疫3针次。
62 10 4 3 3
适合更高年龄的四价疫苗，预计在2018年年初上市。
64 7 4 1 1
目前，二价HPV疫苗主要预防HPV病毒16型和18型的感染，四价疫苗主要预防6、11、16、18型病毒的感染。
64 10 7 1 1
四价疫苗于0、2、6月分别接种，即第一针和第二针间隔2个月，第二针和第三针间隔4个月。
64 17 13 1 1
四价疫苗建议接种对象是20～45岁的女性。
65 2 1 2 4
此次北京HPV疫苗遵循零差价原则，按照采购价580/针提供给市民，接种全程需要1740元。
65 3 1 3 4
另外，今年5月，默沙东生产的四价疫苗也获得了食药监总局的批准，将年龄范围延长至45岁，有消息称四价HPV疫苗已获得进口药品通关单，现处于批签发阶段，预计今年底有望正式上市销售。
65 4 1 4 4
（界面）
66 6 3 1 3
长沙市疾控中心免疫规划专家林希建介绍，接种HPV疫苗，可刺激免疫系统产生保护性抗体，这种抗体存在于人的体液之中，HPV病毒一旦出现，抗体会立即作用，将其清除，阻止HPV病毒感染，从而预防HPV感染。
66 7 3 2 3
目前，二价HPV疫苗主要预防HPV病毒16型和18型的感染，建议接种对象是9至25岁的女性;四价疫苗主要预防6、11、16、18型病毒的感染，接种对象是20至45岁的女性。
66 8 3 3 3
二价和四价HPV疫苗全程均注射3剂次，全程接种需6个月的时间完成。
67 13 6 1 2
四价疫苗：在二价疫苗的基础上加了HPV6和HPV11，因为HPV6和HPV11还导致90%的尖锐湿疣。
67 14 6 2 2
目前，该疫苗已于今年5月正式获得了国家食药监总局的上市许可，将成为第二个在中国内地获批上市的宫颈癌疫苗。
67 15 7 1 2
九价疫苗：在四价疫苗的基础上，再覆盖了HPV31，HPV33，HPV45，HPV52，HPV58（其中HPV52、58型病毒，是亚洲人最容易感染的）。
67 16 7 2 2
目前还没有在中国内地获批上市。
69 1 1 1 2
大洋网讯昨日下午，24岁的龚小姐在罗湖中医院成人预防接种门诊接种了深圳首针HPV疫苗。
69 2 1 2 2
据介绍，目前在深可接种的HPV疫苗为二价疫苗，主要针对导致宫颈癌风险最高的病毒株HPV-16型和HPV-18型，这两个高危亚型被内地专家普遍认为与我国近80%的宫颈癌患病相关，预计HPV四价疫苗将在今年底前可接种。
69 21 12 1 3
据了解，目前全球仅有葛兰素史克生产的希瑞适和默沙东生产的佳达修（Gardasil）两款HPV疫苗产品。
69 22 12 2 3
罗湖医院集团妇产科主任张帝开告诉记者，希瑞适可预防HPV-16型和HPV-18型病毒导致的宫颈癌，被称为“二价HPV疫苗”。
69 23 12 3 3
默沙东2006年推出的全球第一款HPV疫苗佳达修，可用于预防6、11、16、18四种HPV病毒亚型所导致的多种疾病，被称为“HPV四价疫苗”。
70 1 1 1 2
大洋网讯昨日下午，24岁的龚小姐在罗湖中医院成人预防接种门诊接种了深圳首针HPV疫苗。
70 2 1 2 2
据介绍，目前在深可接种的HPV疫苗为二价疫苗，主要针对导致宫颈癌风险最高的病毒株HPV-16型和HPV-18型，这两个高危亚型被内地专家普遍认为与我国近80%的宫颈癌患病相关，预计HPV四价疫苗将在今年底前可接种。
70 21 12 1 3
据了解，目前全球仅有葛兰素史克生产的希瑞适和默沙东生产的佳达修（Gardasil）两款HPV疫苗产品。
70 22 12 2 3
罗湖医院集团妇产科主任张帝开告诉记者，希瑞适可预防HPV-16型和HPV-18型病毒导致的宫颈癌，被称为“二价HPV疫苗”。
70 23 12 3 3
默沙东2006年推出的全球第一款HPV疫苗佳达修，可用于预防6、11、16、18四种HPV病毒亚型所导致的多种疾病，被称为“HPV四价疫苗”。
74 10 5 1 2
从目前公布的定价来看，内地的“希瑞适”的接种花费低于香港同类疫苗。
74 11 5 2 2
据了解，目前香港二价HPV疫苗接种完三支的总价在3000港元（约合人民币2584.4元）左右，四价疫苗与二价花费差别不大，九价HPV疫苗的接种价格约为4000港币。
74 37 17 2 4
二者的区别在于，“希瑞适”为二价宫颈癌疫苗，“佳达修”包含四价和九价两种类型。
74 38 17 3 4
目前在中国获批的“佳达修”为四价疫苗。
74 39 17 4 4
价代表的是覆盖的病毒亚型的种类，价越高，覆盖的病毒种类越多。
76 16 8 1 1
在投资人士看来，智飞生物代理的默沙东HPV四价疫苗及其他重磅产品的上市更让公司未来存在想象空间。
76 17 9 1 2
2012年，默沙东与智飞生物签署了HPV四价疫苗的《供应、经销与共同推广协议》，按照协议约定，默沙东在中国大陆取得上市许可后，将向公司独家供应协议产品，并许可公司在中国大陆区域独家经销、联合推广该产品。
76 18 9 2 2
这一协议还包括3个完整年度的基础采购计划，分别为11.4亿元、14.83亿元和18.53亿元。
76 19 10 1 3
今年5月22日，智飞生物发布了《关于公司协议代理的四价HPV疫苗获得药品注册批件的公告》。
76 20 10 2 3
在默沙东HPV四价疫苗获得上市批准之后，为了抢占市场，智飞生物已经在多地申请中标。
76 21 10 3 3
智飞生物称，截至目前，四价HPV疫苗已在中国大陆河南、云南、重庆、黑龙江四个省（直辖市）中标。
78 26 12 1 2
而智飞生物在投资者互动平台上介绍，其代理的四价HPV疫苗目前在中国大陆的部分省级CDC中标价为798元/支。
78 27 12 2 2
对于价格的不同，有分析人士认为，四价疫苗覆盖的HPV型号比二价疫苗多。
78 30 14 1 4
对此，GSK称，美国市场目前仅使用HPV九价疫苗，HPV四价疫苗和二价疫苗都已停止供应。
78 31 14 2 4
GSK向记者介绍，HPV16和HPV18引起的宫颈癌占宫颈癌病例的70%。
88 2 2 1 2
张华表示，目前国家市药监局已经批准引进四价疫苗，现正在进行上市流程，“或许明年就能上市”。
88 3 2 2 2
而九价疫苗，现在国家还没有上市计划。
88 4 3 1 1
四价疫苗的适用年龄是20岁—45岁，并且男性和女性都同样适用。
89 8 2 4 5
西岗区卫生防治站副站长王文澜说：“有性行为就意味着有感染HPV的可能，接种效果会受点影响。宫颈癌疫苗在青春期女孩中免疫反应更强，产生抗体水平高，疫苗对个体保护作用更大。但在临床试验中，受测试女性虽有性行为，但是疫苗仍对其有效。也许在未来的一段时间内，随着国内实验数据的完整，接种适宜人群年龄段会放开。”据了解，HPV是导致宫颈病变和宫颈癌的“元凶”，HPV病毒迄今为止已经发现了100多种亚型，其中10~20种容易导致宫颈癌，致癌型HPV中16和18亚型导致了70%的宫颈癌，而二价宫颈癌疫苗主要针对最高危的这两种亚型病毒。
89 9 2 5 5
而已获得中国食品药品监督管理总局批准的四价疫苗，则在二价的基础上增加两个预防低危亚型的6型和11型，主要针对的是尖锐湿疣。
91 17 7 1 1
3、根据说明书，接种对象9-25岁女性，超过25岁可等待明年年初上市的四价疫苗。
92 20 13 1 2
在采访过程中，记者发现很多市民都处于观望的状态。
92 21 13 2 2
对此，庄海天分析：“宫颈癌疫苗是我国首个上市的预防癌症的疫苗，居民有观望的心态，看看接种后是否安全，看看别人接种后有什么样的反应。其次，此次接种的人群是9至25岁的女性，这部分女性有的没有自主的经济能力，有的自主经济能力很弱，需要父母的支持，所以接种主动性也差一些。此外，四价的宫颈癌疫苗有望在年底或者明年初上市，在二十四五岁这个年龄段的女性，就会想等四价疫苗上市再接种。”
92 22 14 1 2
21岁的小李刚刚参加工作，一个月工资2000多元，宫颈癌疫苗三针下来就花去她一个月的工资。
92 23 14 2 2
她说：“从医学角度来说女生越早打疫苗越好，但是从经济角度说，我不希望还要家里的经济资助，所以想自己攒钱再去接种，说不定到时候就能赶上四价疫苗了。”
93 27 13 1 2
2006年，世界上第一个HPV疫苗——默沙东公司研发的佳达修（Gardasil）获得美国FDA批准并上市。
93 28 13 2 2
佳达修属于四价疫苗，采用酿酒酵母表达系统生产，可用于预防6、11、16、18四种HPV病毒亚型所导致的多种疾病，预防宫颈癌发生的有效率可达70%。
93 57 28 1 3
5月18日，默沙东四价HPV疫苗——佳达修正式获CFDA批准，预计将于今年年底上市。
93 58 28 2 3
作为希瑞适的有力竞争产品，佳达修使用年龄范围更大，为20-45周岁女性。
93 59 28 3 3
据了解，四价疫苗在中国内地的售价可能会略高于二价疫苗，大约在一支700-900元之间。
96 46 21 1 3
事实上，四价的疫苗，比二价覆盖的预防范围更加广泛。
96 47 21 2 3
对照GSK的二价疫苗，其可以预防16、18两种HPV病毒，由这两种病毒引起的宫颈癌占了总数的70%。
96 48 21 3 3
默沙东的四价疫苗可以用于预防6、11、16、18四种HPV病毒亚型所导致的多种疾病，包括宫颈癌、外阴癌、阴道癌和肛门癌等。
98 5 1 5 23
不过，按照医嘱，打针后最好在现场留下观察半个小时，若无不良反应再行离开。
98 6 1 6 23
武侯区疾控中心免疫规划科吴明菊医生向记者表示：“二价宫颈癌疫苗主要适合9到25岁的女性。现在引进的进口的疫苗已经在全球上市了10年，安全性还是非常高的。所以大家不用担心安全性的问题。”吴明菊建议，符合标准的人群可以早点去打，“宫颈癌疫苗越早打获益越高。因为宫颈癌最主要是通过性感染，在没发生性行为前接种效果最好，一旦发生性行为，就有可能感染病毒，疫苗预防的效果降低，但还是具有一定的保护作用。”吴明菊透露，四价疫苗可能在明年上半年之前上市，不过具体时间还不能确定，“四价疫苗适用于20岁到45岁的女性，超过25岁的人群可以等待四价疫苗上市。”另外，吴明菊还提到，在国外，男士也可以打四价疫苗，“因为男性也可以感染HPV病毒，导致男性的肛门癌、阴茎癌和口腔癌等，所以，男性接种也是可以的。”不过，由于四价宫颈癌疫苗国内还未上市，男性具体是否能接种还要以疫苗具体上市后获批状况来定。
98 7 1 7 23
随机调查不少市民愿意打疫苗，也有人还在观望近日，记者走访了多个社区卫生服务中心，发现大部分社区都有宫颈癌疫苗。
98 9 1 9 23
记者随机采访了20位市民，大部分人都表示愿意打宫颈癌疫苗，不过有一小部分市民表示价格有点小贵，需要考虑下。
98 10 1 10 23
其中，今年大学刚毕业的万小姐表示，她等自己发工资了就去打疫苗，“家里人都支持我去打，我觉得还是挺有必要打的，女孩子要关爱自己。”而年龄相仿的朱小姐则表示自己还要再等一段时间：“我倒是挺想打的，但这个疫苗的价格对我来说有点贵，周围的朋友都没有打，我再等等吧。”34岁的赵女士显得有点无奈：“因为超龄了，我只有等明年四价疫苗到了再去打。”记者还询问到两位父亲。
98 11 1 11 23
市民李先生表示要给上初中的女儿打，“我女儿班上好多同学都去香港打了疫苗，我还是想让女儿打，不过还是先观望下吧。”另一位市民宋先生的女儿也在上初中，不过他表示不打算让女儿去打疫苗：“虽然宫颈癌很可怕，但我周围没有人得这个病，不是很有危机感。”记者还采访到了28岁的朱先生，当他听到男性也能打宫颈癌疫苗时，显得很诧异：“我还真不知道男的也可以打!等上市了再说吧。”医生建议提前电话咨询错峰接种疫苗吴明菊医生向记者透露，武侯区第一批宫颈癌疫苗已于8月9日到货，一共有1000支，一支定价为800.4元。
99 20 9 1 3
四价疫苗已于今年5月拿到中国内地的进口注册证。
99 21 9 2 3
还需经过疫苗进口、批签发检测、省级中标公示后方能面向大众。
99 22 9 3 3
预计2018年初江苏省内适龄女性能接种到四价疫苗。
99 20 9 1 3
四价疫苗已于今年5月拿到中国内地的进口注册证。
99 21 9 2 3
还需经过疫苗进口、批签发检测、省级中标公示后方能面向大众。
99 22 9 3 3
预计2018年初江苏省内适龄女性能接种到四价疫苗。
100 1 1 1 3
好消息！女童靴期待已久的宫颈癌疫苗（以下简称“HPV疫苗”）终于可以在苏州注射了。
100 2 1 2 3
昨天上午，全省首批HPV疫苗到达苏州，在吴江区松陵完成了苏州的首针注射。
100 3 1 3 3
省内首批疫苗吴江区300支、姑苏区3000支已到位，本月底二价疫苗会覆盖全市，而覆盖面更广的四价疫苗估计明年上半年可以接种。
100 17 6 1 1
记者也从市疾控了解到，四价疫苗预计明年上半年也能进行接种，该疫苗接种人群为25至40岁女性。
