2
28 1 1 1 2
10月28日，马云在个人微博写下“那一夜，那一梦!”，公布了一张电影海报，证实了参演《功守道》的传言。
28 2 1 2 2
11月11日凌晨，由马云携手一干功夫巨星拍摄的功夫大片《功守道》，在“天猫双11狂欢夜”晚会压轴出场，放出了8分钟精华版本。
1
37 1 1 1 1
一年一度的双十一购物狂欢已经落幕，天猫双11总交易额达到1682亿元，无线端成交占比90%，创造单日交易额新纪录。
2
41 2 2 1 2
11月10日晚，“天猫双11狂欢夜”晚会（简称：猫晚）正式拉开帷幕，章子怡、吴亦凡、范冰冰等一众明星悉数出场，为各路品牌代言花式营销。
41 3 2 2 2
马云主演的电影《功守道》压轴出场，放出了8分钟精华版本。
1
41 5 4 1 1
11月11日24时，2017天猫双11全球狂欢节落幕，全天成交额再次刷新纪录达到1682亿元，无线成交占比90%，全天支付总笔数达到14.8亿，全天物流订单达8.12亿，交易覆盖全球225个国家和地区。
1
41 7 6 1 1
这位双11的首倡者用一连串的“高度”来总结今年双11引发的全球社会大协同，在张勇看来，今年天猫双11在短短24小时之内，完成了线上线下融合和海内海外的全面贯通，这场席卷全球的新零售浪潮所呈现的是从时间到空间的“四维共振”，从商业力量迸发的深度和广度来看这一“共振”的范围在不断扩大，振幅在持续提升，其对商业世界和全球社会带来的深远影响远没有结束。
1
46 1 1 1 1
IT之家11月10日消息马云领衔主演的中国功夫大片《功守道》在今晚的天猫双11晚会上播放了7分钟左右的精华版，下面一起来看一下。
2
48 1 1 1 2
新浪娱乐讯11月10号晚，2017天猫双11全球狂欢夜如约在上海盛大上演。
48 2 1 2 2
相比去年“猫晚”创造出的“硅谷+好莱坞”式体验，今年更有半个“地球村”+半个华语娱乐圈的明星大咖纷纷前来打call。
1
49 1 1 1 1
11月10日晚，2017天猫双11晚会的压轴环节，致敬中国武术的影片《功守道》终于揭开了神秘面纱，马云、李连杰、甄子丹、吴京、朝青龙等几位主演来到现场，与全世界分享《功守道》精华版以及中国武术。
1
50 1 1 1 1
中新网上海11月11日电(记者徐银)2017天猫双11全球狂欢夜(简称：猫晚)10日晚在上海举行，章子怡、吴亦凡、李宇春、王嘉尔、莫文蔚以及英国歌手JessieJ、女子网球明星莎拉波娃、世界足球先生菲戈、格莱美大奖歌手法瑞尔·威廉姆斯等一众明星悉数亮相并带来一系列精彩节目，与现场观众展开互动，现场气氛热烈。
2
51 1 1 1 2
新浪科技讯11月11日凌晨消息，2017天猫双11晚会在上海举行，马云主演电影短片《功守道》8分钟精华版面向全球首次播放。
51 2 1 2 2
晚会现场，马云、李连杰、甄子丹、吴京、朝青龙亮相助阵。
2
53 4 2 1 2
根据天猫双11晚会播放的8分钟精华版内容，马云扮演的主人公角色名为“马师傅”，马师傅在“华山派”先后与泰拳、拳击、相扑等多个武术流派高手过招切磋，动作场面精彩火爆。
53 5 2 2 2
据了解，首次“触电”的马云在片中的演出非常认真，很多打斗场面都是亲自上阵，最后更是在片尾演绎了大段行云流水的太极。
1
53 6 3 1 1
今天，在天猫双11晚会现场，马云谈了自己拍摄这部电影的感想，他感叹做任何事儿都不容易，“12天拍摄我学到了很多，尤其是其他演员是专业的，我特别不专业，记了台词忘了动作，记了动作忘了台词，记了动作又记了台词结果忘记镜头在哪里了。”
3
54 1 1 1 3
【环球网科技综合报道】11月10日晚，2017天猫双11晚会在上海举行，马云主演、旨在推广太极和中国传统文化的电影短片《功守道》8分钟精华版面向全球首次播放。
54 2 1 2 3
晚会现场，马云、李连杰、甄子丹、吴京、朝青龙亮相助阵。
54 3 1 3 3
据悉，《功守道》全片将于11月12日零点在优酷独家上线。
1
55 1 1 1 1
【TechWeb报道】11月10日消息，《功守道》8分钟精华版剪辑亮相天猫双11，李连杰、甄子丹、吴京、马云等主创现身晚会，并谈到了拍摄过程中的感受。
2
58 4 2 1 2
据悉，《功守道》将于今晚的天猫双11狂欢夜上首播（精华版），吴京、甄子丹、李连杰等主演都将压轴登场，届时马云还将偕同好莱坞知名影星妮可·基德曼带着这部电影与大家见面。
58 5 2 2 2
11月12日零点，该片将由优酷独家首播。
2
65 1 1 1 2
中新网上海11月6日电（记者徐银）2017年天猫双11全球狂欢夜将于10日晚在上海梅赛德斯奔驰文化中心举行。
65 2 1 2 2
总导演大卫·希尔、舞美负责人费里安·维德、灯光师鲍比·迪肯生6日在上海接受媒体记者采访，分享关于今年天猫双11晚会的工作筹备情况以及相关内容亮点。
2
65 1 1 1 2
中新网上海11月6日电（记者徐银）2017年天猫双11全球狂欢夜将于10日晚在上海梅赛德斯奔驰文化中心举行。
65 2 1 2 2
总导演大卫·希尔、舞美负责人费里安·维德、灯光师鲍比·迪肯生6日在上海接受媒体记者采访，分享关于今年天猫双11晚会的工作筹备情况以及相关内容亮点。
1
65 3 2 1 1
作为连续两年“猫晚（即：天猫双11晚会）”的导演，被称为“超级碗之王”的金牌节目制作人的大卫·希尔在谈到连续两年出任总导演的感受时直言，“中国电视行业的水平，已经领先于整个世界”。
1
65 9 6 1 1
对于今年“猫晚”的舞美设计部分，国际“艾美奖”获得者、世界知名舞美设计师、天猫双11晚会舞美负责人费里安·维德表示对自己挑战很大，“这的确是一个很大的一个挑战，能参与这样大型的晚会节目让我倍感荣幸，最近的工作量很大，也正在进行各类技术调试，希望给大家呈现一个绚丽而震撼的晚会”。
1
65 10 7 1 1
据悉，2017年天猫双11全球狂欢夜目前的出席明星阵容包括有吴亦凡、李宇春、章子怡[微博]、莫文蔚[微博]、郎朗[微博]、刘涛[微博]、郑恺[微博]、林更新[微博]、张杰[微博]、关晓彤[微博]等，晚会将在北京卫视、浙江卫视、深圳卫视播出，并于优酷平台进行直播。
1
69 7 7 1 1
《功守道》片长约20分钟，将会在今年的天猫双11晚会上（11月10日晚）播放7分钟左右的精华版，11月12日0点在优酷正式开播，11月15日还会有第一场“功守道”赛事，李连杰和马云都会参加。
