31 3 2 1 4
据业界12日消息，截至当天零时，2017年阿里巴巴天猫双十一以总成交额1682亿元的战绩圆满结束了今年的购物狂欢节。
31 4 2 2 4
全球消费者全天支付总笔数达到14.8亿笔，全天物流订单超过8亿，交易覆盖全球225个国家和地区。
34 7 6 1 2
历经七届，2016天猫双十一当天交易额已经超1207亿元。
34 8 6 2 2
而且实际上，“双十一”早已不是阿里电商一家的购物狂欢趴，各大电商品牌也纷纷加入，例如，京东有“1111全球好物节”，当当今年已经率先打出“同价1111”，其他各大垂直细分电商近年来“双十一”也均有大动作。
34 50 33 1 3
虽然合纵后来被连横打破，但这一策略却值得现在的电商们思考。
34 51 33 2 3
现在的电商格局其实也是阿里一家独大，而其它几家则实力相差很大。
34 52 33 3 3
对抗天猫双十一，哪怕用上前面的两种策略，其实也很难起到很大的效果。
36 1 1 1 2
【IT168资讯】随着11.11午夜24点的钟声敲响，各大电商在双十一购物节的总销售额被定格在大屏幕上，天猫双十一全天交易额达1682亿元，京东双十一总销售额共计1271亿元，其中光是11日凌晨开始的京东3C文旅“疯狂两小时”的数据就显示：仅仅5分钟，3C数码的总销售额即破11亿。
36 2 1 2 2
手机销售额41秒破亿，电脑办公销售额48秒破亿，华为是11.11当天最快破亿的中国手机品牌。
67 31 16 1 2
LifeSpace公司常务董事BenMcharg展示了合作伙伴为这家公司所制定的“天猫双十一”促销方案。
67 32 16 2 2
这份方案将“双十一”前的促销划分出若干个阶段，并且细致地列出了每个阶段的促销方式，比如预购、秒杀、消费者晒单等等。
72 25 12 1 1
2011年，天猫双十一的销售额已跃升到33.6亿元。
72 37 20 1 2
与过去几年最明显不同的是，2015年的“双十一”推出了一台“最具互联网气质的晚会”——天猫双十一晚会，由冯小刚执导，通过湖南卫视面向全球直播。
72 38 20 2 2
这台晚会在11月10日晚8时开演，时长4小时，“像春晚到零点一样，’双11’晚会结束也就是网购狂欢节零点的开场。”此后，每一年的双十一晚会都会因其豪华的嘉宾阵容而成为舆论热点。
77 15 6 1 4
虽然刚刚进入十一月，但是伴随着天猫双十一预售的开始，外媒早已对这一中国的重要购物时期予以了报道，甚至要早过往年。
77 16 6 2 4
央广网早前就报道称，美国彭博社专门总结了此次天猫双十一的数据和亮点：超过6万家的国际品牌，由好莱坞制片人大伟·希尔在上海举办的晚会，“菜鸟”会有超过三百万名员工来处理包裹，还会投入2亿美元来改善物流网络，同时天猫还会帮助100个中国品牌出海走向世界。
77 15 6 1 4
虽然刚刚进入十一月，但是伴随着天猫双十一预售的开始，外媒早已对这一中国的重要购物时期予以了报道，甚至要早过往年。
77 16 6 2 4
央广网早前就报道称，美国彭博社专门总结了此次天猫双十一的数据和亮点：超过6万家的国际品牌，由好莱坞制片人大伟·希尔在上海举办的晚会，“菜鸟”会有超过三百万名员工来处理包裹，还会投入2亿美元来改善物流网络，同时天猫还会帮助100个中国品牌出海走向世界。
77 17 6 3 4
澳大利亚的商业新闻网站which50，则以《阿里巴巴拧紧发条为双十一做准备》为题，着重报道了澳大利亚商户在过往双十一中的战绩。
77 17 6 3 4
澳大利亚的商业新闻网站which50，则以《阿里巴巴拧紧发条为双十一做准备》为题，着重报道了澳大利亚商户在过往双十一中的战绩。
77 18 6 4 4
文章称：尽管天猫双十一一般只针对中国国内商户，但今年是阿里巴巴第一次帮助中国品牌走向世界。
94 34 19 1 2
菜鸟方面还表示，除了各种类型的机器人仓群，今年天猫双十一将在新零售上发力。
94 35 19 2 2
届时智慧物流也将打通线上线下，“全渠道一盘货”、门店发货等新的物流配送方式将会出现，通过技术创新为天猫双十一包裹加速。
94 34 19 1 2
菜鸟方面还表示，除了各种类型的机器人仓群，今年天猫双十一将在新零售上发力。
94 35 19 2 2
届时智慧物流也将打通线上线下，“全渠道一盘货”、门店发货等新的物流配送方式将会出现，通过技术创新为天猫双十一包裹加速。
