3
20 1 1 1 3
今年双十一购物节，韩国企业销售额达到去年的2倍。
20 2 1 2 3
业界人士称，中国消费者的反韩情绪有所缓和。
20 3 1 3 3
韩媒争相报道此消息，并替商家喊出了心声：盼望中韩关系缓和，天天都是双十一。
3
20 4 2 1 5
得益于光棍节（11月11日）中国消费者的惊人购买力，韩国流通业赚到盆满钵满，很多企业都是笑得合不拢嘴。
20 5 2 2 5
今年双十一购物节，韩国企业销售额达到去年的2倍。
20 6 2 3 5
业界人士称，中韩关系转暖信号逐渐从外交领域扩散至经济领域。
3
20 9 3 1 3
据韩国《亚洲经济》13日报道，全球最大的网络购物节双十一当天，阿里巴巴总销售额创下1682亿元人民币的最高纪录。
20 10 3 2 3
销售化妆品、服饰等产品的韩国企业同样“笑得合不拢嘴”。
20 11 3 3 3
爱茉莉太平洋集团今年第3季度销售额与营业利润双下滑，但光棍节当天销售额达651亿韩元（约合3.9亿人民币），较去年增加53%。
3
23 1 1 1 5
海外网11月13日电得益于光棍节（11月11日）中国消费者的惊人购买力，韩国流通业赚到盆满钵满，很多企业都是笑得合不拢嘴。
23 2 1 2 5
今年双十一购物节，韩国企业销售额达到去年的2倍。
23 3 1 3 5
业界人士称，中韩关系转暖信号逐渐从外交领域扩散至经济领域。
3
23 6 2 1 3
据韩国《亚洲经济》13日报道，全球最大的网络购物节双十一当天，阿里巴巴总销售额创下1682亿元人民币的最高纪录。
23 7 2 2 3
销售化妆品、服饰等产品的韩国企业同样“笑得合不拢嘴”。
23 8 2 3 3
爱茉莉太平洋集团今年第3季度销售额与营业利润双下滑，但光棍节当天销售额达651亿韩元（约合3.9亿人民币），较去年增加53%。
2
91 1 1 1 2
海外网10月23日电全球最大购物节“双十一”渐渐临近，进军中国市场的韩国企业摩拳擦掌，期待这一天的到来。
91 2 1 2 2
然而，“萨德”防御系统在韩国的部署，导致中国国内对韩国产品的负面情绪激增，韩国企业不由产生了忧虑，担心今年是否能取得往年一样的业绩。
2
91 1 1 1 2
海外网10月23日电全球最大购物节“双十一”渐渐临近，进军中国市场的韩国企业摩拳擦掌，期待这一天的到来。
91 2 1 2 2
然而，“萨德”防御系统在韩国的部署，导致中国国内对韩国产品的负面情绪激增，韩国企业不由产生了忧虑，担心今年是否能取得往年一样的业绩。
3
91 3 2 1 3
据韩国《民族日报》报道，“双十一”是全球的最大购物节，超越了美国黑色星期五，日销售额高达数十万亿韩元。
91 4 2 2 3
因此，对进军中国市场的韩国企业来说，这是非常重要的一天。
91 5 2 3 3
但是韩国企业一方面非常期待这一天的到来，另一方面又担心中国国内因韩国部署“萨德”防御系统而产生负面情绪，导致韩国产品的销售无法与往年相比。
3
91 3 2 1 3
据韩国《民族日报》报道，“双十一”是全球的最大购物节，超越了美国黑色星期五，日销售额高达数十万亿韩元。
91 4 2 2 3
因此，对进军中国市场的韩国企业来说，这是非常重要的一天。
91 5 2 3 3
但是韩国企业一方面非常期待这一天的到来，另一方面又担心中国国内因韩国部署“萨德”防御系统而产生负面情绪，导致韩国产品的销售无法与往年相比。
2
91 6 3 1 4
报道称，韩国企业在去年““双十一””前夕显得异常激动，进行大规模的“网红营销”活动，然而今年，相关营销活动的计划及执行寥寥无几。
91 7 3 2 4
去年，韩国化妆品以及生活用品企业纷纷邀请“网红”在微博等社交媒体上向中国消费者们宣传自己的产品，希望以此提高韩国相关产品的认知度。
3
91 7 3 2 4
去年，韩国化妆品以及生活用品企业纷纷邀请“网红”在微博等社交媒体上向中国消费者们宣传自己的产品，希望以此提高韩国相关产品的认知度。
91 8 3 3 4
但是，今年韩国企业几乎没有这样的行为。
91 9 3 4 4
一位化妆品业界相关人士表示，“去年邀请网红准备了两三次活动，但今年相关营销活动的计划及执行几近于零”。
3
91 10 4 1 3
但这并不意味着，韩国企业对“双十一”的期待完全消失。
91 11 4 2 3
韩国企业人士认为，“双十一”购物并非实体店销售，而是在网络商城上进行，因此反韩心理不会对此产生太大影响。
91 12 4 3 3
韩国乐扣相关人士表示，“受到萨德部署影响的似乎主要是拥有实体店的品牌……第二季度（乐扣）在中国的网络销量比去年上涨16.5%，以网络商城为中心进行的销售或不会受到太大影响”。
3
91 10 4 1 3
但这并不意味着，韩国企业对“双十一”的期待完全消失。
91 11 4 2 3
韩国企业人士认为，“双十一”购物并非实体店销售，而是在网络商城上进行，因此反韩心理不会对此产生太大影响。
91 12 4 3 3
韩国乐扣相关人士表示，“受到萨德部署影响的似乎主要是拥有实体店的品牌……第二季度（乐扣）在中国的网络销量比去年上涨16.5%，以网络商城为中心进行的销售或不会受到太大影响”。
3
91 13 5 1 3
韩国企业往年的“双十一”销售成绩相当不俗。
91 14 5 2 3
去年“双十一”当天，天猫销售额共计1207亿元（约20.67万亿韩元），同比增长了约30%。
91 15 5 3 3
在天猫销售的海外商品中，韩国产品的销量继日本和美国之后，位列第三。
