城市 0.0 0.25032506053993153 0.2608695652173913 0.28956880196649126 0.9062987578890669 0.6419874544936979 0.018518518518518517 0.0 
2016年 0.0 0.11980526433416452 0.30434782608695654 0.13211729859065552 0.9664699975026895 0.6628260793848756 0.0 0.0 
明确 0.0 0.09182463993010104 0.2608695652173913 0.056683841739589604 0.9502875792425275 0.5523847139184033 0.0 0.0 
中心 0.0 0.25173064924929967 0.2608695652173913 0.45748321457512603 0.924626436136095 0.7275381727897019 0.018518518518518517 0.0 
独家 0.0 0.16233892488465093 0.2608695652173913 0.525429382941552 0.716531130798456 0.5490813984040759 0.009259259259259259 0.0 
疾病 0.0 0.16617560315511132 0.2608695652173913 0.2863046642400597 0.9721382085372753 0.7346469523686233 0.0 0.0 
证券 0.0 0.13661371299590863 0.2608695652173913 0.6001236775687016 0.6945755391996343 0.5704515742657627 0.0 0.0 
国际 0.0 0.07495951772681336 0.2608695652173913 0.219706851801029 0.9847360793866773 0.6701926512522162 0.0 0.0 
疫苗 0.0 0.006887659800333384 0.2608695652173913 0.20205746466115349 0.9806044990603658 0.9951821569888771 1.0 0.0 
国内 0.0 0.26445093432739025 0.2608695652173913 0.10630332871767378 1.0 0.7496977506086532 0.018518518518518517 0.0 
疾控 0.0 0.20432197566554808 0.2608695652173913 0.5525105857196982 0.8890338238531392 0.6855851521247588 0.009259259259259259 0.0 
之前 0.0 0.07828921340637543 0.2608695652173913 0.5631072859980449 0.8562979676582705 0.5981005195008039 0.0 0.0 
成人 0.0 0.15089974300853914 0.2608695652173913 0.29601660970247995 0.9195190781155146 0.4928336041731998 0.009259259259259259 0.0 
已经 0.0 0.20281939983444439 0.2608695652173913 0.3991568227978891 0.956483341623583 0.7959586428177274 0.0 0.0 
8月 0.0 0.10756537105395596 0.17391304347826086 0.4537599392594114 0.919190475261925 0.6017852525374874 0.0 0.0 
美年 0.0 0.25347269353199414 0.2608695652173913 0.8631924906323517 0.4545161623026647 0.5366914441327157 0.027777777777777776 0.0 
减少 0.0 0.085943716203824 0.2608695652173913 0.6546889661494805 0.7973890254444419 0.46830575052783463 0.0 0.0 
主任 0.0 0.1491015367240244 0.2608695652173913 0.7019046285648337 0.8386967698184609 0.5741192626838926 0.0 0.0 
阿里 0.0 0.1273426307889861 0.2608695652173913 0.08440516035549696 0.8825257634576392 0.4881875294536218 0.0 0.0 
取得 0.0 0.10641943356771012 0.2608695652173913 0.11800142475667404 0.9350285059057811 0.5221404450545246 0.009259259259259259 0.0 
默沙 0.0 0.23638046470449744 0.2608695652173913 0.2893935922477303 0.8973997625533761 0.44243728412106276 0.009259259259259259 0.0 
目前 0.0 0.11383609499871832 0.2608695652173913 0.22880450615277453 0.9911934335402073 0.8355492069173839 0.0 0.0 
妇科 0.0 0.08699212190456102 0.2608695652173913 0.40344948952699433 0.9295054394499183 0.5057777075632349 0.0 0.0 
群体 0.0 0.11131281389360508 0.2608695652173913 0.42749530816983095 0.9131780897034606 0.43196392874156836 0.0 0.0 
包括 0.0 0.1298183121618082 0.2608695652173913 0.1976878156004994 0.9852116956650194 0.7208111957346028 0.0 0.0 
定期 0.0 0.09497136604341179 0.2608695652173913 0.6288657927204547 0.8766003311837305 0.4771105879718095 0.009259259259259259 0.0 
男性 0.0 0.2916552395014166 0.2608695652173913 0.6181078908151321 0.8649547738251928 0.6397607624812811 0.009259259259259259 0.0 
人员 0.0 0.22580178134331047 0.2608695652173913 0.25814260358948776 0.9043841973970377 0.6253326382102733 0.0 0.0 
推荐 0.0 0.13252851210397504 0.2608695652173913 0.4557289762465066 0.9140443654464996 0.5955444275336336 0.0 0.0 
成为 0.0 0.10964091139710506 0.2608695652173913 0.25811248547267324 0.9702043845867786 0.6683142381608396 0.0 0.0 
生物 0.0 1.0 0.2608695652173913 0.34792030422613274 0.8417492709050234 0.7949327609192667 0.17592592592592593 0.0 
发病 0.0 0.14307999320348921 0.2608695652173913 0.7287098443712786 0.8147668853183763 0.5658631752457506 0.0 0.0 
风险 0.0 0.13135846204222998 0.2608695652173913 0.3855158010214154 0.9241829183551105 0.5957830140814846 0.009259259259259259 0.0 
年轻 0.0 0.11979590210844104 0.2608695652173913 0.6254829047493882 0.8566607221305846 0.5422981196779374 0.009259259259259259 0.0 
妇女 0.0 0.1411781228823104 0.2608695652173913 0.5942074308350779 0.8744708737313784 0.6090540205516787 0.0 0.0 
批准 0.0 0.13163959308572168 0.2608695652173913 0.22691693914414626 0.9536332210299937 0.6330718861393403 0.009259259259259259 0.0 
发展 0.0 0.12949832964528463 0.2608695652173913 0.03741371013036022 0.9643677108157623 0.5999318562615551 0.0 0.0 
进行 0.0 0.1701003673167097 0.2608695652173913 0.2966697212986341 0.9780838718081463 0.8186749540836057 0.0 0.0 
财经 0.0 0.14202040622909515 0.2608695652173913 0.29041908787154946 0.7635789106778892 0.31432767840534 0.0 0.0 
筛查 0.0 0.2964939428288273 0.2608695652173913 0.683939615322842 0.8681385126696318 0.70387750286553 0.009259259259259259 0.0 
进口 0.0 0.24143153640480128 0.2608695652173913 0.19976179904622005 0.9417708280171619 0.5129768476436877 0.027777777777777776 0.0 
基因型 0.0 0.2570565092984656 0.391304347826087 0.6875531708809871 0.6822775564477399 0.47985085573337494 0.0 0.0 
有效 0.0 0.12968121820610884 0.2608695652173913 0.3533226842959598 0.9695563825333111 0.650757911362287 0.0 0.0 
希瑞适 0.0 0.21995127593013286 0.391304347826087 0.34317865034353995 0.9493722806033554 0.6339357046596498 0.0 0.0 
在线 0.0 0.1360910335138904 0.2608695652173913 0.4657717066066733 0.8336798163059193 0.508673714576937 0.009259259259259259 0.0 
社区 0.0 0.3473866804799025 0.2608695652173913 0.5254720274494191 0.8947764740838617 0.59516493517113 0.018518518518518517 0.0 
性生活 0.0 0.144666177897262 0.391304347826087 0.6675510644042616 0.8349689782993074 0.5504140813880517 0.0 0.0 
年龄段 0.0 0.08529616352591364 0.391304347826087 0.39804938998422595 0.9397853708911729 0.5692000445414507 0.0 0.0 
增加 0.0 0.11792003867615027 0.2608695652173913 0.20444033922465568 0.9683687750350952 0.5235928947868673 0.0 0.0 
接受 0.0 0.10752595617013756 0.2608695652173913 0.5217269137384823 0.9072813512455271 0.6005566570869161 0.0 0.0 
基础 0.0 0.09544846363444195 0.2608695652173913 0.20004718288520124 0.9873316034210501 0.45418433253827356 0.0 0.0 
显示 0.0 0.1540709172053328 0.2608695652173913 0.26207026794806304 0.98257223044671 0.6038675049770229 0.0 0.0 
湖南省 0.0 0.15557125161679888 0.391304347826087 0.5721895740739256 0.7281843218809485 0.5606301334086852 0.0 0.0 
医学 0.0 0.11224917342789593 0.2608695652173913 0.3911870561942423 0.9099679102033137 0.5964629491853813 0.0 0.0 
协议 0.0 0.22545010363805096 0.2608695652173913 0.6308954800659594 0.6996141276488116 0.5379689631125952 0.009259259259259259 0.0 
中标 0.0 0.12513106564250426 0.2608695652173913 0.2119053948134873 0.865387930050347 0.5714551141116258 0.0 0.0 
工作 0.0 0.2542139645413283 0.2608695652173913 0.09333028987319997 0.9550370317145065 0.7353270423725221 0.009259259259259259 0.0 
乳头瘤 0.0 0.09221273778690048 0.391304347826087 0.25042021577790025 0.9726879316644903 0.39580245937470354 0.009259259259259259 0.0 
年龄 0.0 0.22841347816376625 0.2608695652173913 0.6463559962146226 0.8976988443865997 0.6806369951076092 0.0 0.0 
医院 0.0 0.296431500564514 0.2608695652173913 0.5253596608745301 0.8985311984262068 0.7902906004162485 0.027777777777777776 0.0 
企业 0.0 0.14559469598733396 0.2608695652173913 0.19837140269551062 0.8786533291077504 0.6522287037059172 0.0 0.0 
讨论 0.0 0.05662562916981725 0.2608695652173913 0.25242305860846015 0.802690613126776 0.10181692330902783 0.0 0.0 
昨日 0.0 0.11923151244241877 0.2608695652173913 0.7552403662353364 0.7272221987941092 0.5908889392563065 0.018518518518518517 0.0 
持续 0.0 0.12560845540898463 0.2608695652173913 0.33148336684083207 0.9411442966989432 0.5634093587268986 0.0 0.0 
新发 0.0 0.13297836044708222 0.2608695652173913 0.4514908595570421 0.9235152166243455 0.4083059770371415 0.0 0.0 
6月 0.0 0.07424562199626876 0.17391304347826086 0.5175926180950136 0.922837950560179 0.4275856749393773 0.0 0.0 
达到 0.0 0.10106706820619393 0.2608695652173913 0.4072331825776551 0.9525774901614492 0.5834332771441646 0.0 0.0 
进展 0.0 0.1266598158727221 0.2608695652173913 0.16492781652077795 0.9226269399072891 0.5163178245899227 0.0 0.0 
宫颈癌 0.0 0.46300240903293594 0.391304347826087 0.311444843507395 0.9730966624915599 0.9340068791414221 0.6481481481481481 0.0 
陆续 0.0 0.1411454741447556 0.2608695652173913 0.18627127139841768 0.9533578865948718 0.5952141203176864 0.027777777777777776 0.0 
了解 0.0 0.13291614633725196 0.2608695652173913 0.46477840818783084 0.9494263976809755 0.5849738581172986 0.037037037037037035 0.0 
用于 0.0 0.09545276702569515 0.2608695652173913 0.2236180708779927 0.9652657848862394 0.4852020097454409 0.0 0.0 
护士 0.0 0.368467758359717 0.2608695652173913 0.39614891280573966 0.6461585858561444 0.64880736783066 0.0 0.0 
亚型 0.0 0.24398913704544367 0.2608695652173913 0.5865496932734064 0.8969533390881711 0.5774120928033105 0.0 0.0 
需求 0.0 0.12678999923906034 0.2608695652173913 0.31503189985576413 0.9648333806898334 0.610372112454095 0.0 0.0 
种类 0.0 0.085943716203824 0.2608695652173913 0.6213099415400153 0.8591154658355546 0.38823342896958885 0.0 0.0 
消息 0.0 0.09082143429093395 0.2608695652173913 0.4346461294771296 0.9438518070605397 0.6135170508942565 0.027777777777777776 0.0 
18型 0.0 0.14709720855923866 0.21739130434782608 0.5268670620626722 0.9235447223322212 0.4860236463469261 0.0 0.0 
不良 0.0 0.18149706390248677 0.2608695652173913 0.5560817221827156 0.8601953171120204 0.5295920329195403 0.0 0.0 
主要 0.0 0.14755520460740323 0.2608695652173913 0.41755192141692177 0.9455597012501993 0.6848378542980553 0.0 0.0 
重庆 10.0 0.1562107771251037 0.2608695652173913 0.11762547281063837 0.9180554854565177 0.5873356425771602 0.018518518518518517 0.0 
影响 0.0 0.09432827502762438 0.2608695652173913 0.013189622277512402 0.9837839177790666 0.5992512072217125 0.0 0.0 
湿疣 0.0 0.1068259688884437 0.2608695652173913 0.6174324884661794 0.892925594247067 0.49755621502668507 0.0 0.0 
发现 0.0 0.13590684904232958 0.2608695652173913 0.5254551277006952 0.9002887045282257 0.6506448853621367 0.0 0.0 
至少 0.0 0.10592749692109016 0.2608695652173913 0.4373804857759128 0.9126913811465436 0.5267882829357288 0.0 0.0 
大陆 0.0 0.25657469423726337 0.2608695652173913 0.15659525044448722 0.852006573314222 0.4796116310679162 0.009259259259259259 0.0 
肿瘤 0.0 0.1445207940498241 0.2608695652173913 0.7116637522175053 0.8582537525176607 0.6468149529548938 0.0 0.0 
广州 10.0 0.20055595242538726 0.2608695652173913 0.3786346243594895 0.8897512999641384 0.6598681148408708 0.037037037037037035 0.0 
地区 0.0 0.1198538720933653 0.2608695652173913 0.24137154426471 0.985625011533269 0.6536582394360998 0.009259259259259259 0.0 
专家 0.0 0.19278842952934305 0.2608695652173913 0.5162730275816628 0.9041473165290943 0.6822743235820512 0.009259259259259259 0.0 
5月 0.0 0.05214453893658329 0.17391304347826086 0.1438242526338869 0.9343999960875939 0.489536726974862 0.0 0.0 
药品 0.0 0.27773540410563574 0.2608695652173913 0.05953923080933793 0.9465135196647162 0.5529366634097828 0.018518518518518517 0.0 
选择 0.0 0.09544846363444195 0.2608695652173913 0.15755684293932962 0.9818908156813592 0.6657476967912346 0.0 0.0 
平台 0.0 0.16782641914574822 0.2608695652173913 0.1032911721837384 0.949042312021738 0.6630380413547462 0.0 0.0 
四价 0.0 0.2541502175194799 0.2608695652173913 0.22661733394425404 0.9839520322799049 0.6912624112198198 0.09259259259259259 0.0 
程序 0.0 0.13418575856312634 0.2608695652173913 0.44648839938880025 0.9451874803669241 0.5539803672197371 0.0 0.0 
宫颈 0.0 0.19847101545586013 0.2608695652173913 0.644920371032633 0.8782848753430527 0.7061816723635516 0.027777777777777776 0.0 
病毒 0.0 0.15004930477629097 0.2608695652173913 0.22249590428355995 0.9846642879365555 0.7489809991972088 0.018518518518518517 0.0 
配送 0.0 0.1002146865607466 0.2608695652173913 0.4325593477481901 0.9075632147494995 0.5713169255223176 0.009259259259259259 0.0 
控制 0.0 0.14054887117532525 0.2608695652173913 0.3974604773685491 0.9331589101196273 0.4575712335485455 0.0 0.0 
中国 0.0 0.23492267400761332 0.2608695652173913 0.17986274375973388 0.984468565735264 0.8142793342350881 0.037037037037037035 0.0 
监督 0.0 0.08477321143460649 0.2608695652173913 0.1805356140419841 0.9269058321343494 0.21850409428391043 0.0 0.0 
正式 0.0 0.14502108718491505 0.2608695652173913 0.10351270074277104 0.9630668694266384 0.6148275599979044 0.018518518518518517 0.0 
病例 0.0 0.214475290347047 0.2608695652173913 0.48224860757013954 0.9386537472747809 0.5361687595956796 0.0 0.0 
相关 0.0 0.15591999690122071 0.2608695652173913 0.20592418318704028 0.9850709794983585 0.8035560586572811 0.0 0.0 
云南 0.0 0.18195754824171032 0.2608695652173913 0.2385920261813207 0.8571297097201133 0.4995089597485609 0.027777777777777776 0.0 
市场 0.0 0.5105073107166768 0.2608695652173913 0.15638780328868318 0.9193986533824067 0.8197069875942741 0.09259259259259259 0.0 
表示 0.0 0.24717108980611674 0.2608695652173913 0.15214525991701197 0.9927122516256891 0.7483008988294948 0.0 0.0 
覆盖 0.0 0.18736432357133412 0.2608695652173913 0.37038984590033275 0.9578362647395585 0.6426679315044759 0.0 0.0 
项目 0.0 0.13565185167482036 0.2608695652173913 0.1386875463697436 0.9239671462674848 0.6039963058969787 0.0 0.0 
对象 0.0 0.10592749692109016 0.2608695652173913 0.45725056870493364 0.9026177067104518 0.4305562826086219 0.0 0.0 
注意 0.0 0.09082143429093395 0.2608695652173913 0.4829059187933988 0.926512837420088 0.6057993453723493 0.027777777777777776 0.0 
问题 0.0 0.12397305888026432 0.2608695652173913 0.43548739421538135 0.921057624451852 0.6677944621463314 0.009259259259259259 0.0 
9价 0.0 0.13565185167482036 0.17391304347826086 0.24519208220761146 0.9578571378893923 0.5409883362157744 0.009259259259259259 0.0 
完成 0.0 0.10545731627790907 0.2608695652173913 0.31318430017139576 0.9675466256438788 0.747236228230731 0.027777777777777776 0.0 
股吧 0.0 0.05063796428888639 0.2608695652173913 0.29041908787154946 0.7635789106778892 0.04316241806475231 0.0 0.0 
市民 0.0 0.253585894722448 0.2608695652173913 0.5565736384369754 0.8869033610645305 0.807356914905884 0.037037037037037035 0.0 
计划 0.0 0.09375218292145193 0.2608695652173913 0.3122012067577137 0.9664021871609195 0.6211781956542731 0.0 0.0 
机构 0.0 0.14864051356784483 0.2608695652173913 0.22515062900185048 0.9529129592477975 0.6514576171471861 0.009259259259259259 0.0 
获得 0.0 0.13709583123605337 0.2608695652173913 0.012959557930592518 0.981738213268379 0.6034455182462207 0.037037037037037035 0.0 
接种 0.0 0.3297184846424006 0.2608695652173913 0.2800616294476082 0.9732073256943655 1.0 0.4351851851851852 0.0 
进入 0.0 0.18521086408205456 0.2608695652173913 0.0701911070993999 0.9598337423348915 0.6801398968174884 0.027777777777777776 0.0 
情况 0.0 0.10183914310950601 0.2608695652173913 0.3010398668575209 0.9579257102087105 0.6245474971016632 0.0 0.0 
二价 0.0 0.32939020968409505 0.2608695652173913 0.5026909618727384 0.9312755303208635 0.682907615797017 0.009259259259259259 0.0 
马丁 0.0 0.3833287328145769 0.2608695652173913 1.0 0.0 0.5656654687037708 0.009259259259259259 0.0 
健康 0.0 0.3292653674567461 0.2608695652173913 0.33491894057330646 0.9532539598837393 0.7956987758582449 0.027777777777777776 0.0 
参与 0.0 0.056819265610107354 0.2608695652173913 0.5031217243352939 0.9030419334779239 0.4112730862097437 0.0 0.0 
9-25 0.0 0.13819907815387117 0.17391304347826086 0.5165532852053738 0.8810302898372612 0.36874280342376237 0.027777777777777776 0.0 
降低 0.0 0.10398124417784384 0.2608695652173913 0.48841290009212707 0.875501962071348 0.5368343275197662 0.0 0.0 
需要 0.0 0.22546167699788802 0.2608695652173913 0.48768565725269947 0.9281523146539036 0.7554562667940684 0.0 0.0 
数据 0.0 0.11414456009332018 0.2608695652173913 0.31800551840209856 0.9733859035627802 0.5994951360331867 0.0 0.0 
死亡 0.0 0.06510903025684715 0.2608695652173913 0.46829077099575045 0.9130773476232413 0.3834906907381915 0.0 0.0 
高发 0.0 0.0790918908669799 0.2608695652173913 0.3738040878975692 0.9384800403510813 0.40464856849763736 0.0 0.0 
门诊 0.0 0.2662712721745204 0.2608695652173913 0.4927545412941878 0.922535662528512 0.709754526203887 0.027777777777777776 0.0 
签发 0.0 0.3058723178299938 0.2608695652173913 0.17773448317052573 0.8739909926497282 0.570780798248581 0.018518518518518517 0.0 
HPV6 0.0 0.11996148550767705 0.17391304347826086 0.6257981954730506 0.8498714113149651 0.39888113948923676 0.0 0.0 
第一 0.0 0.17866012052211847 0.2608695652173913 0.3026197224227831 0.9722453636993885 0.7432406767785795 0.009259259259259259 0.0 
第三 0.0 0.12329010379471844 0.2608695652173913 0.23938778943297992 0.957464373276371 0.594146378681714 0.0 0.0 
怀孕 0.0 0.16611768634951277 0.2608695652173913 0.654093168171782 0.8508868008468276 0.5455931244679857 0.0 0.0 
免疫 0.0 0.18433485161668917 0.2608695652173913 0.5357004110793396 0.9141097221884139 0.7475611932834767 0.0 0.0 
范围 0.0 0.09440538206369929 0.2608695652173913 0.34261013631709397 0.9406868145529076 0.583212313715243 0.0 0.0 
有望 0.0 0.13988238052851196 0.2608695652173913 0.14888944168867216 0.9183678270426994 0.6648114434927014 0.009259259259259259 0.0 
招投标 0.0 0.17823983619276737 0.391304347826087 0.5712905376984253 0.6281972282493634 0.45262880030362457 0.0 0.0 
超过 0.0 0.14691954421609607 0.2608695652173913 0.34160443824183534 0.9584122024605045 0.6465959209852061 0.0 0.0 
新浪 0.0 0.05338224660265845 0.2608695652173913 0.19991949462486672 0.8267701055938018 0.14654222195370084 0.0 0.0 
治疗 0.0 0.16611768634951277 0.2608695652173913 0.6174094553193101 0.867878693167967 0.7101317190965785 0.0 0.0 
内地 0.0 0.17871048357183766 0.2608695652173913 0.3695772603027897 0.9422605151725783 0.5941282659121538 0.0 0.0 
安全性 0.0 0.10592749692109016 0.391304347826087 0.3998505070244717 0.8820938745294156 0.5744167981191433 0.0 0.0 
东四 0.0 0.1743589924240847 0.2608695652173913 0.30114977516753805 0.8936710243818496 0.23973340233789286 0.009259259259259259 0.0 
佳达修 10.0 0.11264486434899426 0.391304347826087 0.3380481995143275 0.9391048550220354 0.4641327322713499 0.009259259259259259 0.0 
病变 0.0 0.23099516295942946 0.2608695652173913 0.5277527045143469 0.9224551321198939 0.6184124083114153 0.0 0.0 
新闻 0.0 0.06869506454796742 0.2608695652173913 0.40253838285250537 0.9262959283560543 0.5891719825758129 0.0 0.0 
有限公司 0.0 0.1437648642686907 0.5217391304347826 0.22908506919488947 0.8291230682809525 0.47519985186969943 0.0 0.0 
行为 0.0 0.13488935946992694 0.2608695652173913 0.5895526287685572 0.837599797578541 0.5787868694634261 0.0 0.0 
发生 0.0 0.13502360041030492 0.2608695652173913 0.535341194602298 0.8945495571028692 0.5944084848708605 0.0 0.0 
介绍 0.0 0.21008117046941696 0.2608695652173913 0.44301223908032844 0.9416624277938604 0.6626442095280503 0.0 0.0 
检测 0.0 0.15712468346999042 0.2608695652173913 0.567155878117974 0.903983039577811 0.6579786584965189 0.0 0.0 
世界 0.0 0.12816663243698423 0.2608695652173913 0.4059050848494546 0.9414253610382336 0.5325617142444594 0.0 0.0 
价格 0.0 0.16192488659006957 0.2608695652173913 0.42572115825294987 0.9449649821359128 0.6757124414214887 0.018518518518518517 0.0 
存在 0.0 0.10592749692109016 0.2608695652173913 0.2033446781540974 0.9545573510532498 0.6217498815549387 0.0 0.0 
是否 0.0 0.10751504237877352 0.2608695652173913 0.6859354406392699 0.8659816180368354 0.6177148471620156 0.0 0.0 
效果 0.0 0.15709663467861285 0.2608695652173913 0.6361583376790643 0.8765238432581907 0.551111140692009 0.0 0.0 
保护 0.0 0.2574744616923249 0.2608695652173913 0.5302656299717372 0.9183203717861679 0.6609386618482257 0.0 0.0 
获悉 0.0 0.08529616352591364 0.2608695652173913 0.11039796176758396 0.9036104861265342 0.5785507686176958 0.0 0.0 
临床 0.0 0.2859268417953672 0.2608695652173913 0.43444056558538025 0.9539647360879687 0.7218519085962493 0.009259259259259259 0.0 
北京 10.0 0.16507627419250304 0.2608695652173913 0.0 0.9389610523424469 0.6431382036326325 0.018518518518518517 0.0 
行业 0.0 0.22489499020660256 0.2608695652173913 0.44310477971932827 0.7485920840804698 0.6589261354083128 0.0 0.0 
预约 0.0 0.37481229212303685 0.2608695652173913 0.4880433929140274 0.920992342662443 0.784817742726245 0.08333333333333333 0.0 
今天 0.0 0.09887606842559561 0.2608695652173913 0.5256824765934905 0.8246416254679899 0.6479300521156741 0.018518518518518517 0.0 
生活 0.0 0.13327109820041919 0.2608695652173913 0.574575636584023 0.8572669978599623 0.6497539014155457 0.0 0.0 
上市 20.0 0.15470966115701112 0.2608695652173913 0.21506369853259577 0.9878789865852274 0.8231027452050038 0.12962962962962962 0.0 
引发 0.0 0.07008343720836534 0.2608695652173913 0.5300922381910654 0.9130044439457462 0.41050567918673014 0.0 0.0 
沃森 0.0 0.21015061534309123 0.2608695652173913 0.4542892764542425 0.6954802001254982 0.5646394382801946 0.009259259259259259 0.0 
我国 0.0 0.15750500514452753 0.2608695652173913 0.30301700432531414 0.9722978400803681 0.6715704018991981 0.0 0.0 
每年 0.0 0.08999967646540764 0.2608695652173913 0.5466149119558518 0.9074045900182481 0.47560720217970426 0.0 0.0 
供应 0.0 0.13684152870193222 0.2608695652173913 0.22991868450715602 0.9483547469425395 0.56180333118684 0.009259259259259259 0.0 
今年 0.0 0.12916538110295814 0.2608695652173913 0.21676743101333038 0.987223330256389 0.6943983588614805 0.0 0.0 
咨询 0.0 0.1946688205711067 0.2608695652173913 0.4804132617782033 0.9270985162698782 0.7124391359352108 0.0 0.0 
葛兰素史克 0.0 0.10737480755281364 0.6521739130434783 0.19683798048900134 0.9129837107557218 0.5255967970540955 0.0 0.0 
公告 0.0 0.1266598158727221 0.2608695652173913 0.448804960854344 0.7232413757196826 0.5523368375217772 0.0 0.0 
左右 0.0 0.11792003867615027 0.2608695652173913 0.4168398653890345 0.9204141430476872 0.6085204304518161 0.018518518518518517 0.0 
食品 0.0 0.11355318288766388 0.2608695652173913 0.23894983561546237 0.8976127732593685 0.325935978095681 0.0 0.0 
时间 0.0 0.20515103217178499 0.2608695652173913 0.49055211595287745 0.9212268791825826 0.7952851686986842 0.0 0.0 
引起 0.0 0.23401832899998146 0.2608695652173913 0.441069339783143 0.9565855223784997 0.6268481736066014 0.0 0.0 
研究 0.0 0.2316304861941681 0.2608695652173913 0.4073621840486258 0.9358897405092051 0.6926167610733849 0.0 0.0 
预计 0.0 0.14387567106896001 0.2608695652173913 0.21377829993385802 0.9752411937375239 0.7554088201431673 0.037037037037037035 0.0 
2017年 0.0 0.14370186843880006 0.30434782608695654 0.07521064854089643 0.9328581552648608 0.635529880134234 0.0 0.0 
医疗 0.0 0.22930621594948644 0.2608695652173913 0.21302351019695254 0.903876758565276 0.6944731624857682 0.009259259259259259 0.0 
评论 0.0 0.054323297504000695 0.2608695652173913 0.6146444965984222 0.8631592547991803 0.388695679719168 0.0 0.0 
下午 0.0 0.10171013952443984 0.2608695652173913 0.43977259204194635 0.9121230196245425 0.5969880433736449 0.0 0.0 
智飞 0.0 0.8160285041018854 0.2608695652173913 0.3986785213042136 0.7918858351757991 0.6886717677067791 0.14814814814814814 0.0 
管理 0.0 0.1268951509315962 0.2608695652173913 0.11682640366699498 0.9566502332365924 0.4759147661450114 0.0 0.0 
销售 0.0 0.40335241509602365 0.2608695652173913 0.13775181484131538 0.9281184836845353 0.7405169802947703 0.009259259259259259 0.0 
9月 0.0 0.10714488026765069 0.17391304347826086 0.17901089867856063 0.8970968511975382 0.5644852646097299 0.0 0.0 
医生 0.0 0.1437648642686907 0.2608695652173913 0.5574665906039437 0.8742304593167209 0.6883180537483765 0.0 0.0 
明年 0.0 0.10714488026765069 0.2608695652173913 0.46628201612901193 0.8850953467164174 0.555400906229562 0.027777777777777776 0.0 
记者 0.0 0.2283845686013804 0.2608695652173913 0.27151476962310195 0.9678896496063729 0.8565671193644439 0.009259259259259259 0.0 
预防 0.0 0.14773974510482443 0.2608695652173913 0.28091301985274664 0.9776407054550554 0.8754739065301517 0.009259259259259259 0.0 
体检 0.0 0.20584243830516044 0.2608695652173913 0.5372656779807364 0.6659824601770223 0.599053648215733 0.0 0.0 
全球 0.0 0.17467862625423483 0.2608695652173913 0.22499811925389493 0.9932316716138586 0.6846716748754794 0.0 0.0 
湖南 0.0 0.17097554014943822 0.2608695652173913 0.4957349457903113 0.8320412145557065 0.6178763804052689 0.06481481481481481 0.0 
上午 0.0 0.1263697881276902 0.2608695652173913 0.75101077459747 0.7686073638107628 0.5659491030432242 0.0 0.0 
国家 0.0 0.22099278145299853 0.2608695652173913 0.19321401956623144 0.9986370637929216 0.7448818734908164 0.0 0.0 
发布 0.0 0.08872912238039163 0.2608695652173913 0.15386721887612545 0.9861188683155802 0.5907799864726392 0.0 0.0 
试验 0.0 0.14737086829587803 0.2608695652173913 0.34038011037074567 0.9251835360495779 0.5366012055641968 0.009259259259259259 0.0 
发病率 0.0 0.12081881888933582 0.391304347826087 0.623758278437626 0.8655932577826455 0.4998053495518469 0.0 0.0 
全国 0.0 0.13906899691552424 0.2608695652173913 0.1760510610673502 0.9641925602759559 0.6391793727575138 0.009259259259259259 0.0 
年底 0.0 0.09887606842559561 0.2608695652173913 0.31000672643273564 0.952629820934609 0.47488009786951113 0.046296296296296294 0.0 
上海 0.0 0.2963160662978604 0.2608695652173913 0.08343672828165144 0.9621170733504695 0.7030376280089623 0.05555555555555555 0.0 
准备 0.0 0.06657875034694749 0.2608695652173913 0.08944381001486688 0.918027234074823 0.546487114838388 0.009259259259259259 0.0 
默沙东 20.0 0.3122512263516854 0.391304347826087 0.19909417034501758 0.9114047121079352 0.6617379316601676 0.0 0.0 
采购 0.0 0.24890096609954712 0.2608695652173913 0.12490667115997249 0.9490933399543711 0.757895161109502 0.009259259259259259 0.0 
严重 0.0 0.10106706820619393 0.2608695652173913 0.5468993052183855 0.8694554668331558 0.5014131158480529 0.0 0.0 
香港 0.0 0.15908194898181846 0.2608695652173913 0.6249184989087836 0.8406340785913846 0.642452911118056 0.018518518518518517 0.0 
适合 0.0 0.09125238292924297 0.2608695652173913 0.636320483240566 0.85907915813684 0.578187922905052 0.018518518518518517 0.0 
女性 0.0 0.2572458626892821 0.2608695652173913 0.3348783644869534 0.9742693282453997 0.8502071011156785 0.06481481481481481 0.0 
产品 0.0 0.4320996504563171 0.2608695652173913 0.20822951792122937 0.9061328150458344 0.7322383316439948 0.009259259259259259 0.0 
认为 0.0 0.10737480755281364 0.2608695652173913 0.3124300039584804 0.9580694950409222 0.6345963526285967 0.0 0.0 
出现 0.0 0.11297892541658473 0.2608695652173913 0.47997549601694284 0.9055079108560744 0.6358478748816896 0.0 0.0 
100% 0.0 0.08251389398971619 0.17391304347826086 0.40774325864664435 0.9255656642749179 0.4640637832837886 0.0 0.0 
代理 0.0 0.26549674476029655 0.2608695652173913 0.5471364244040005 0.7592574007320145 0.5693150699273913 0.037037037037037035 0.0 
适用 0.0 0.13568423502148172 0.2608695652173913 0.5460562743867134 0.9313841597420595 0.5195135915110887 0.0 0.0 
癌症 0.0 0.18362384108765079 0.2608695652173913 0.3894246057072072 0.9686129829764976 0.6765509884933175 0.0 0.0 
人群 0.0 0.20042119505849432 0.2608695652173913 0.37638005243900735 0.9496420262541921 0.7557566297448058 0.0 0.0 
11月 0.0 0.23216504070844596 0.21739130434782608 0.30096283431205834 0.9426170140954622 0.7312992380092272 0.046296296296296294 0.0 
推广 0.0 0.16368420567443218 0.2608695652173913 0.4746006589156921 0.7952143511603734 0.48171767752633904 0.0 0.0 
HPV16 0.0 0.17130484128649812 0.21739130434782608 0.6286126239348054 0.8836593116131863 0.4827333317163485 0.0 0.0 
省份 0.0 0.09806219539898221 0.2608695652173913 0.31001144188919705 0.844503805976325 0.48314125545354863 0.0 0.0 
公司 0.0 0.7311157432275959 0.2608695652173913 0.17003247384519352 0.925040858720469 0.8405401093946846 0.009259259259259259 0.0 
美国 0.0 0.11927583411298819 0.2608695652173913 0.09923994044850835 0.9587378702873319 0.6513230289983407 0.0 0.0 
感染 0.0 0.7013739732235348 0.2608695652173913 0.5337538514388439 0.9284547717072009 0.8178582094830471 0.009259259259259259 0.0 
高危型 0.0 0.14733364759416254 0.391304347826087 0.4530073728512596 0.9303197113169951 0.5464270671170178 0.0 0.0 
生产 0.0 0.11505009088772661 0.2608695652173913 0.07244290657637469 0.9079411586448828 0.4888245033818693 0.0 0.0 
单位 0.0 0.06869506454796742 0.2608695652173913 0.29934264345509276 0.949030645301635 0.5516634583147746 0.0 0.0 
必要 0.0 0.11354618005551056 0.2608695652173913 0.739912857386028 0.8242521049951335 0.5317553018565468 0.0 0.0 
关注 0.0 0.10063874727120634 0.2608695652173913 0.26084146542676856 0.9723979848474958 0.6654412807358778 0.0 0.0 
系统 0.0 0.07629866559904078 0.2608695652173913 0.3412496555213444 0.8963776763682285 0.4794327290291996 0.0 0.0 
使用 0.0 0.11881858420774297 0.2608695652173913 0.371651339449469 0.9557288267972075 0.7060111937984542 0.0 0.0 
20-45 0.0 0.10752595617013756 0.21739130434782608 0.4131072078973463 0.9163290009293467 0.43383663934708366 0.027777777777777776 0.0 
反应 0.0 0.2253213410490968 0.2608695652173913 0.4392606364869153 0.9135110878848234 0.6225550433574372 0.0 0.0 
恶性肿瘤 0.0 0.16530405175709625 0.5217391304347826 0.4657218399510064 0.9347130764858433 0.528996194876788 0.0 0.0 
卫生 0.0 0.2605482063700825 0.2608695652173913 0.33181307922973746 0.9569504660822735 0.6310745528683673 0.0 0.0 
告诉 0.0 0.10592749692109016 0.2608695652173913 0.4388734558073523 0.9133355590698792 0.507906485341754 0.0 0.0 
提供 0.0 0.12465765329900395 0.2608695652173913 0.14294596246544095 0.9708995180815125 0.6382673157609172 0.0 0.0 
导致 0.0 0.1948878839498317 0.2608695652173913 0.5194453344480603 0.9046883983203381 0.6311820004917225 0.0 0.0 
建议 0.0 0.21408595242403555 0.2608695652173913 0.5101859652253973 0.90891675801294 0.6964901327138716 0.009259259259259259 0.0 
服务 0.0 0.3429797429360443 0.2608695652173913 0.2960331244101593 0.9594187128281304 0.696809493222057 0.0 0.0 
上门 0.0 0.560334928868155 0.2608695652173913 0.5265995925023939 0.315986182777329 0.6593191979765551 0.009259259259259259 0.0 
研发 0.0 0.20599520380864852 0.2608695652173913 0.1678233595056854 0.893677220923487 0.7184159429718157 0.0 0.0 
九价 0.0 0.17684233204124739 0.2608695652173913 0.5642372356678506 0.9168678256914118 0.5280923801803363 0.0 0.0 
常见 0.0 0.08103669688563675 0.2608695652173913 0.4270806499172983 0.9444703063597004 0.4921572861601269 0.0 0.0 
作用 0.0 0.09106971308291364 0.2608695652173913 0.5767040679585718 0.8869393645252701 0.545048117858483 0.0 0.0 
组织 0.0 0.13252851210397504 0.2608695652173913 0.20270273459371577 0.9736531103633541 0.527576209536767 0.0 0.0 
注射 0.0 0.2860049038970699 0.2608695652173913 0.534835084254399 0.9153952182871363 0.7717561086546029 0.027777777777777776 0.0 
阶段 0.0 0.11131281389360508 0.2608695652173913 0.0723049806319375 0.9537514774069666 0.5616560493749985 0.009259259259259259 0.0 
之后 0.0 0.10106706820619393 0.2608695652173913 0.25874149792163 0.9722707684358466 0.6809586115297969 0.0 0.0 
HPV+疫苗 0.0 0.02964111957055023 0.43478260869565216 0.19206118042141498 0.9832689739171302 0.6367277706573852 0.16666666666666666 0.5 
马丁+院士 0.0 0.12764499155588227 0.5652173913043478 1.0 0.0 0.2897059896485606 0.009259259259259259 0.5 
HPV+感染 0.0 0.2438457184163707 0.43478260869565216 0.5313166360888747 0.9389779357511587 0.5262022235181191 0.009259259259259259 0.5 
宫颈癌+筛查 0.0 0.19503588004045863 0.6956521739130435 0.6766437105963898 0.868011898414111 0.4259351531151846 0.009259259259259259 0.5 
首+次 0.0 0.014114471851950553 0.0 0.6029674307094008 0.7781842420302217 0.33330607820410063 0.0 0.5 
宫颈癌+发病 10.0 0.018864600500632527 0.0 0.8091187981874176 0.754449558900412 0.34575928196111816 0.0 0.5 
中国+女性 0.0 0.022069675361822902 0.0 0.6786831722825856 0.8517762363897428 0.21969898524589931 0.0 0.5 
高危型+HPV 0.0 0.10714488026765069 0.0 0.39467124754573824 0.9354948727536948 0.3759481805729732 0.0 0.5 
HPV+病毒 0.0 0.250808296701824 0.0 0.42818503925419144 0.9547649673922398 0.4949066140171653 0.0 0.5 
进行+宫颈癌 0.0 0.01807438601358894 0.0 0.6121519666225423 0.8778109617011184 0.3284759011957479 0.0 0.5 
接种+HPV 0.0 0.2820310364776022 0.0 0.60364546454019 0.8973048973551597 0.40573308308444545 0.027777777777777776 0.5 
妇科+恶性肿瘤 0.0 0.013737551610342855 0.0 0.3079592473618166 0.821655504774844 0.14668340785412268 0.0 0.5 
数据+显示 0.0 0.030182687955693236 0.0 0.24463642071456182 0.9319298077505811 0.26213783044483685 0.0 0.5 
首+位 0.0 0.02330573820680846 0.0 0.5255519746013634 0.7372966803534432 0.2851268766598755 0.0 0.5 
世界+卫生 0.0 0.09545276702569515 0.0 0.28962295036156177 0.9370082847178823 0.2464895290829238 0.0 0.5 
卫生+组织 0.0 0.09585490799492373 0.0 0.3120938344200868 0.9361259377063617 0.30211278239474404 0.0 0.5 
宫颈癌+新发 0.0 0.04924299554170286 0.0 0.3778061234554769 0.8845238280129774 0.21018392685653775 0.0 0.5 
新发+病例 0.0 0.09121261879158338 0.0 0.4514908595570421 0.9235152166243455 0.31445959412293273 0.0 0.5 
感染+HPV 0.0 0.11343725121653649 0.0 0.710340573012516 0.8185243332553893 0.3982975866380425 0.0 0.5 
导致+宫颈癌 0.0 0.04432861530140719 0.0 0.7262499118608345 0.8356540983130483 0.3810365529018038 0.0 0.5 
型别+HPV 0.0 0.0041693650138772504 0.0 0.6070722939338147 0.8434010458345598 0.24298809109830521 0.0 0.5 
病毒+感染 0.0 0.059422072662893115 0.0 0.6885310176936807 0.8417285501782915 0.28550373617537383 0.0 0.5 
免疫+系统 0.0 0.018864600500632527 0.0 0.716045625413661 0.7816084614303033 0.2890514190583331 0.0 0.5 
宫颈癌+前 0.0 0.08236125085585923 0.0 0.5820445302771917 0.8472456778543721 0.28603649528163555 0.0 0.5 
前+病变 0.0 0.16481960384737349 0.0 0.4703921824795249 0.9097797494967053 0.38397375216849816 0.0 0.5 
二价+HPV 0.0 0.11098610700261728 0.0 0.47738677832532395 0.9335089251961334 0.356524876741682 0.0 0.5 
预防+HPV16 0.0 0.027453750285154496 0.0 0.7962272600126878 0.7348909955644688 0.2371098812646815 0.0 0.5 
四价+HPV 20.0 0.18892894592764595 0.0 0.06769564204264468 0.9431141017856625 0.38940454660860885 0.046296296296296294 0.5 
九价+HPV 20.0 0.022550606022564885 0.0 0.38164864271391913 0.8790138120877563 0.254987903982363 0.0 0.5 
目前+国内 0.0 0.018302500190234904 0.0 0.19746800299061393 0.8956098417313977 0.19334334076790644 0.0 0.5 
国内+上市 0.0 0.008830318550324349 0.0 0.27940749788368985 0.9078376283717762 0.2298948157973193 0.0 0.5 
宫颈癌+疫苗 0.0 0.3064634575480243 0.0 0.30766818308872157 0.9733033628367485 0.6632458148301317 0.6203703703703703 0.5 
女性+接种 0.0 0.055878459307941115 0.0 0.5260526698291607 0.9426071042988882 0.3122555187392837 0.0 0.5 
宫颈癌+预防 0.0 0.01807438601358894 0.0 0.4284909141566715 0.8141221081516925 0.3408305771562385 0.0 0.5 
需要+接种 0.0 0.058642759718378734 0.0 0.703692999340632 0.8077245926662907 0.37118945402654047 0.0 0.5 
第一+批 0.0 0.04336366762099425 0.0 0.4501935219525223 0.866056906959824 0.32714362659939983 0.0 0.5 
疫苗+接种 0.0 0.17131666002152535 0.0 0.39303577577220794 0.95556131103226 0.607780668567748 0.027777777777777776 0.5 
9价+疫苗 20.0 0.05373270319053828 0.0 0.7433134518886058 0.7631742648271386 0.35489663661215093 0.009259259259259259 0.5 
接种+疫苗 0.0 0.14220265538950327 0.0 0.470336897076632 0.9495895156156537 0.4994918507272689 0.009259259259259259 0.5 
医疗+机构 0.0 0.018864600500632527 0.0 0.21198804274566094 0.8080172032291969 0.3749257869598597 0.0 0.5 
人群+中 0.0 0.00500243571888223 0.0 0.5533057835403462 0.8654731821752791 0.3109249692387199 0.0 0.5 
我国+宫颈癌 0.0 0.022069675361822902 0.0 0.3441236376353939 0.8980703778465443 0.21086403834840242 0.0 0.5 
25+岁 0.0 0.1763792673256707 0.0 0.6310575120114087 0.874508188972529 0.34130175600723817 0.018518518518518517 0.5 
临床+研究 0.0 0.06488249515180271 0.0 0.41579052391609156 0.8847586988850166 0.37493737584135733 0.0 0.5 
宫颈癌+发病率 20.0 0.022550606022564885 0.0 0.753467689714523 0.7221256428429805 0.24094689537501515 0.0 0.5 
首+批 0.0 0.20538126577912363 0.30434782608695654 0.34581208212522013 0.968187662248911 0.4409708669572566 0.10185185185185185 0.5 
四价+疫苗 30.0 0.26881920283711813 0.5652173913043478 0.5069161267036248 0.9384831515386646 0.48973000441059705 0.046296296296296294 0.5 
二价宫颈癌+疫苗 20.0 0.04432861530140719 0.0 0.7275890015177499 0.8314202079933931 0.27936776177272377 0.009259259259259259 0.5 
价+宫颈癌 0.0 0.5706804420128262 0.0 0.490636958057526 0.9359713646763943 0.4317123451426008 0.17592592592592593 0.5 
佳达+修 10.0 0.06157848459267088 0.0 0.4843588977211489 0.8881904952218355 0.3084370365629656 0.0 0.5 
接种+年龄 30.0 0.10398124417784384 0.0 0.7611877782250543 0.7673679614045723 0.3347046018736952 0.0 0.5 
年龄+范围 30.0 0.008830318550324349 0.0 0.542843836955135 0.8027763498145323 0.2656676823526831 0.0 0.5 
疾病+预防 0.0 0.12775764274029328 0.0 0.3510002482783945 0.9302627598726829 0.3960631868932766 0.0 0.5 
预防+控制 0.0 0.1245863953516364 0.0 0.4062679963538231 0.9150838095020258 0.388952194654898 0.0 0.5 
控制+中心 0.0 0.11343725121653649 0.0 0.5868468473466085 0.8172582660173835 0.37245615590750797 0.0 0.5 
疫苗+已经 0.0 0.02330573820680846 0.0 0.21731288157594908 0.9264256908615277 0.36799232497341455 0.0 0.5 
社区+卫生 0.0 0.31619671017736717 0.0 0.5090543673060004 0.8923971662941107 0.4484594522134431 0.0 0.5 
卫生+服务 0.0 0.31930899423039394 0.0 0.5090543673060004 0.8923971662941107 0.42478826311267304 0.0 0.5 
服务+中心 0.0 0.31930899423039394 0.0 0.5014615325088599 0.8934492833561295 0.39097905239691355 0.0 0.5 
第一+针 0.0 0.11342060258347207 0.0 0.5907660714470548 0.8298081796079383 0.3679476276858027 0.009259259259259259 0.5 
20-45+岁 0.0 0.10756537105395596 0.0 0.41725110284517547 0.8984371489228201 0.35148359443630706 0.027777777777777776 0.5 
中心+免疫 0.0 0.03973151959893397 0.0 0.6644355045356117 0.8063111497210939 0.2833179862399725 0.0 0.5 
乳头瘤+病毒 0.0 0.09221273778690048 0.0 0.25042021577790025 0.9726879316644903 0.3367504366516569 0.009259259259259259 0.5 
二类+疫苗 0.0 0.034101863280610045 0.0 0.30591447796193444 0.9229145903809691 0.315795356235232 0.0 0.5 
区+县 0.0 0.04887286147789103 0.0 0.7184650364419372 0.8065253665808249 0.2992441657699181 0.0 0.5 
疾控+中心 0.0 0.22053725110759 0.0 0.5739580995362837 0.8847799867965195 0.5477911755242332 0.009259259259259259 0.5 
今年+5月 0.0 0.017963996321107394 0.0 0.09728357576153482 0.8908823884327429 0.23532026015299976 0.0 0.5 
获+批 0.0 0.19698632642416353 0.0 0.24773088135246776 0.9893928596636383 0.44354613421760686 0.009259259259259259 0.5 
预防+宫颈癌 0.0 0.139144875171822 0.0 0.6648298597576888 0.8669485258270616 0.4139947027831982 0.0 0.5 
11月+13日 0.0 0.03360349593120727 0.0 0.19965467319927935 0.8920171523741177 0.3103557477764591 0.009259259259259259 0.5 
街道+社区 0.0 0.059001728301073794 0.0 0.7610311424167869 0.7231686014065789 0.30019275166204334 0.0 0.5 
接种+程序 20.0 0.08529616352591364 0.0 0.5580398653736787 0.9096589456558939 0.29844015779847166 0.0 0.5 
针+次 0.0 0.09077086092397618 0.0 0.5326291891476128 0.8863284495383709 0.2811864754533006 0.018518518518518517 0.5 
适用+人群 30.0 0.009644625477655258 0.0 0.6132072334765808 0.8301329151039619 0.2704694094030506 0.0 0.5 
广大+女性 0.0 0.008830318550324349 0.0 0.5667297045658534 0.7671267064956647 0.18082423718296456 0.0 0.5 
接种+门诊 0.0 0.17473661615236996 0.0 0.4830842853380255 0.9205934943984121 0.5274751627381525 0.009259259259259259 0.5 
工作+人员 0.0 0.12855579076793014 0.0 0.43670341983318095 0.8083136684152532 0.3622130283417359 0.0 0.5 
严重+威胁 0.0 0.02836178347104575 0.0 0.6370285167669026 0.7890982939293978 0.14126440670035995 0.0 0.5 
威胁+妇女 0.0 0.017963996321107394 0.0 0.6144259005290468 0.7846005830589383 0.07609741555939789 0.0 0.5 
妇女+健康 0.0 0.017963996321107394 0.0 0.6144259005290468 0.7846005830589383 0.06894390370181244 0.0 0.5 
常见+恶性肿瘤 0.0 0.034101863280610045 0.0 0.5783213183752229 0.8421709626383589 0.12933771008899642 0.0 0.5 
女性+恶性肿瘤 0.0 0.018302500190234904 0.0 0.6965143048774441 0.7915248182992538 0.24340229707361502 0.0 0.5 
恶性肿瘤+中 0.0 0.06361892594851853 0.0 0.679109117938112 0.7642230026586125 0.2476784135540555 0.0 0.5 
2015年+中国 0.0 0.03138728716846234 0.0 0.8511105505173624 0.5515329708743026 0.17452493871720134 0.0 0.5 
中国+癌症 0.0 0.00500243571888223 0.0 0.3442635596213474 0.8318395220055175 0.12954327190763096 0.0 0.5 
癌症+统计 0.0 0.00500243571888223 0.0 0.3442635596213474 0.8318395220055175 0.15590837487563888 0.0 0.5 
统计+报告 0.0 0.00500243571888223 0.0 0.3442635596213474 0.8318395220055175 0.13995885179563122 0.0 0.5 
中国+宫颈癌 0.0 0.0 0.0 0.5272354886042706 0.8512545138955934 0.22715925754111374 0.0 0.5 
高+达 0.0 0.032873924803274064 0.0 0.5401586244957158 0.7758431252123543 0.2646229871206505 0.0 0.5 
9.89+万例 0.0 0.0 0.0 0.34133527773345435 0.7810028361650581 0.08509347251006852 0.0 0.5 
死亡+病例 10.0 0.02836178347104575 0.0 0.6799217769138377 0.8209740938640083 0.13982633621730037 0.0 0.5 
女性+中 0.0 0.08622740365429035 0.0 0.44470997214019753 0.9317748464642851 0.31074252501466215 0.0 0.5 
引发+宫颈癌 0.0 0.009644625477655258 0.0 0.7361115471442891 0.7739389796431358 0.2710301697902059 0.0 0.5 
越+高 0.0 0.0041693650138772504 0.0 0.7376861702833659 0.7698023270483701 0.10581773176667914 0.0 0.5 
今年+8月 0.0 0.04336366762099425 0.0 0.4990095361761711 0.8544877558082251 0.20671264500036238 0.0 0.5 
二价+疫苗 30.0 0.23507083074463922 0.0 0.620145562518214 0.8916801320247588 0.46895971019282245 0.0 0.5 
尖锐+湿疣 0.0 0.06865294922800384 0.0 0.7380407267786416 0.8202268238310488 0.3282604819919581 0.0 0.5 
9-25+岁 0.0 0.1394002991508187 0.0 0.5329233771933123 0.858904807573887 0.28047226095901356 0.027777777777777776 0.5 
疫苗+获 0.0 0.03816704235449265 0.0 0.14591582037121426 0.905766837632589 0.3239629813854735 0.05555555555555555 0.5 
支+疫苗 0.0 0.027429474751438598 0.0 0.7106636923682365 0.7130656691020594 0.25626386343984603 0.0 0.5 
注射+疫苗 0.0 0.059422072662893115 0.0 0.6145860856877084 0.8796320012597995 0.3299144480571708 0.0 0.5 
省+疾控 0.0 0.07607811921221848 0.0 0.8390779812678223 0.6946591937161994 0.2662106336309713 0.0 0.5 
告诉+记者 0.0 0.08396920208525634 0.0 0.512150055328068 0.8142966448794511 0.30652767758584176 0.0 0.5 
接种+人群 30.0 0.09616149437239818 0.0 0.6409889062018646 0.8462686907252883 0.3498924850359883 0.0 0.5 
20+岁 0.0 0.10183914310950601 0.0 0.6389565042263178 0.8924510047393492 0.3082718228069601 0.0 0.5 
45+岁 0.0 0.16506235918611528 0.0 0.474268380127173 0.9427227430161786 0.3343805636983401 0.046296296296296294 0.5 
股份+有限公司 0.0 0.040098776325851834 0.0 0.1961203153391726 0.8381996322630948 0.3026425466959027 0.0 0.5 
元+左右 0.0 0.07270224495685265 0.0 0.7913285837486858 0.7583983052945409 0.27393185851683566 0.018518518518518517 0.5 
仅次于+乳腺癌 0.0 0.0 0.0 0.7752822536862641 0.7338942371730343 0.08307782352064773 0.0 0.5 
岁+女性 0.0 0.12122184666581594 0.0 0.41590519730743886 0.9585259078379167 0.4160487057803366 0.046296296296296294 0.5 
高发+癌症 0.0 0.045222523645267874 0.0 0.35287983135309364 0.9313570532605425 0.16626468924756382 0.0 0.5 
女性+HPV 0.0 0.04896744635116135 0.0 0.8498924595480472 0.6818909226648496 0.16418372766856065 0.0 0.5 
HPV+感染率 0.0 0.04580256369261108 0.0 0.8577107025318802 0.6298938585811377 0.18995310658445838 0.0 0.5 
24+岁 0.0 0.009644625477655258 0.0 0.6640126622363306 0.8483966070325819 0.21057092470371766 0.0 0.5 
44+岁 0.0 0.05214453893658329 0.0 0.40749382967315556 0.932333226445104 0.1997654137581422 0.0 0.5 
九价+疫苗 20.0 0.15639287119942616 0.0 0.7153395165325193 0.8428255460575582 0.31391029703963674 0.0 0.5 
女性+群体 0.0 0.054907500570704725 0.0 0.5200641424344741 0.8687903117012729 0.19086367210526786 0.0 0.5 
病毒+引起 0.0 0.009151250094919593 0.0 0.48415556173993723 0.8647428553877908 0.21775566501942575 0.0 0.5 
进入+中国 0.0 0.018864600500632527 0.0 0.2830733606039712 0.7900648264736337 0.26327587903320976 0.009259259259259259 0.5 
中国+市场 0.0 0.07459148157780249 0.0 0.5540788297243856 0.7547280341091905 0.35993337688752447 0.009259259259259259 0.5 
生殖器+疣 0.0 0.0457562504753894 0.0 0.7752366692719954 0.7832458838356325 0.2908813513884726 0.0 0.5 
期+临床 0.0 0.04336366762099425 0.0 0.28682013413357615 0.9193023842121258 0.27798842198500195 0.0 0.5 
临床+试验 0.0 0.09077086092397618 0.0 0.33448505517093424 0.9236735163838573 0.3915285629494342 0.009259259259259259 0.5 
接种+前 0.0 0.01807438601358894 0.0 0.6596507176411018 0.7806296917097141 0.3075732023089257 0.0 0.5 
定期+筛查 20.0 0.009151250094919593 0.0 0.7901811023341536 0.7272373839307847 0.21646970019832806 0.0 0.5 
10+年 0.0 0.018864600500632527 0.0 0.7589626370116241 0.7834530334639744 0.3372492231918806 0.009259259259259259 0.5 
HPV+亚型 20.0 0.07708270976393754 0.0 0.774130329958069 0.8031630315407293 0.36605323621207253 0.0 0.5 
预防+作用 0.0 0.013776520870525692 0.0 0.771709577279598 0.6294888508726287 0.14746574361475673 0.0 0.5 
患+宫颈癌 0.0 0.02578374612615733 0.0 0.7146623397361527 0.7883395934342425 0.31218171622134455 0.0 0.5 
智飞+生物 30.0 0.7956303365033869 0.5652173913043478 0.48613852685087444 0.7442934235674212 0.45145069463225246 0.14814814814814814 0.5 
疫苗+上市 30.0 0.08872912238039163 0.5652173913043478 0.17676178378162577 0.9631571404422474 0.4446819892734474 0.037037037037037035 0.5 
默沙+东四 0.0 0.1743589924240847 0.0 0.30114977516753805 0.8936710243818496 0.1745601027414491 0.009259259259259259 0.5 
东四+价 0.0 0.1743589924240847 0.0 0.30114977516753805 0.8936710243818496 0.16540060365326015 0.009259259259259259 0.5 
价+HPV 0.0 0.33145343965343715 0.0 0.08380337818505285 0.9610894651794366 0.40195399697511996 0.046296296296296294 0.5 
疫苗+市场 0.0 0.08071485778560211 0.0 0.6617781941939471 0.7318079225101202 0.3912973619367634 0.037037037037037035 0.5 
生物+表示 0.0 0.02467716913190691 0.0 0.710663034056719 0.5313469744471367 0.07112256066877817 0.0 0.5 
疫苗+行业 0.0 0.09151250095077883 0.0 0.6261110900340185 0.6289722324115938 0.38537807141934444 0.0 0.5 
全球+第一 0.0 0.013956662767952564 0.0 0.31056744580312556 0.7942034045828803 0.21794923222369045 0.0 0.5 
批+上市 0.0 0.10592749692109016 0.0 0.2899310828995917 0.9453003736856831 0.3122533057325036 0.0 0.5 
保护+效力 0.0 0.06263473833077882 0.0 0.44282933673507696 0.8806881351021305 0.3058964255950516 0.0 0.5 
国内+获 0.0 0.08697377611238984 0.0 0.03565830254152615 0.9258667578291603 0.22197986450340362 0.0 0.5 
完成+整个 0.0 0.05764694662953449 0.0 0.5861858530336148 0.7956423215570336 0.1320948172503213 0.0 0.5 
整个+免疫 0.0 0.028898882450544974 0.0 0.5003752700030758 0.7514020411153427 0.08257843162390399 0.0 0.5 
免疫+程序 0.0 0.04640871314343388 0.0 0.6134792535316913 0.8157632857845457 0.2020603992373669 0.0 0.5 
需+接种 0.0 0.06022318869246591 0.0 0.4501358672305593 0.8051671387438167 0.21097609238486595 0.0 0.5 
生物+代理 0.0 0.014114471851950553 0.0 0.6939094221416675 0.6197580807507052 0.173907762752175 0.018518518518518517 0.5 
疫苗+流通 0.0 0.04255999517969816 0.0 0.1275943103601975 0.8006186454840182 0.3516159862242028 0.0 0.5 
预防+接种 0.0 0.18773088521832804 0.0 0.3193627336452935 0.9322163093076139 0.5146962343164534 0.009259259259259259 0.5 
病毒+疫苗 0.0 0.07376955724877113 0.0 0.20206416495276677 0.8878817260574268 0.20978814531350057 0.0 0.5 
国内+市场 0.0 0.009151250094919593 0.0 0.5061803238558221 0.7897259231426237 0.2675866009595145 0.009259259259259259 0.5 
用于+预防 0.0 0.009151250094919593 0.0 0.2196814677579815 0.9027682489456512 0.2615755615540085 0.0 0.5 
中国+内地 0.0 0.07828921340637543 0.0 0.26287662848276633 0.9299588300838743 0.36124003134276605 0.0 0.5 
新浪+财经 0.0 0.05063796428888639 0.0 0.29041908787154946 0.7635789106778892 0.05926930147353005 0.0 0.5 
财经+股吧 0.0 0.05063796428888639 0.0 0.29041908787154946 0.7635789106778892 0.04316241806475231 0.0 0.5 
接种+宫颈癌 0.0 0.2541649110389834 0.6956521739130435 0.7026309918178284 0.8458088842538138 0.41858108636958885 0.09259259259259259 0.5 
内地+首 0.0 0.04246464046203487 0.0 0.39808465003191634 0.8882958759777397 0.23256774894734172 0.0 0.5 
葛兰素史克+公司 0.0 0.02467716913190691 0.0 0.31907668039579345 0.8896968168131466 0.31166428804061624 0.0 0.5 
公司+生产 0.0 0.013956662767952564 0.0 0.25567341717270603 0.7780511487113767 0.1825740951389917 0.0 0.5 
类+疫苗 0.0 0.054907500570704725 0.0 0.20957293408497188 0.8757495261617917 0.31918196648634883 0.009259259259259259 0.5 
疫苗+适用 0.0 0.05431418854894603 0.0 0.7031575000005164 0.7747813621127285 0.25277985963423905 0.0 0.5 
社区+接种 0.0 0.008830318550324349 0.0 0.533108001943993 0.6852695051066557 0.1614778384422361 0.0 0.5 
特+需 0.0 0.02021457915762224 0.0 0.5379190398281796 0.6866579746240064 0.17629786034591496 0.0 0.5 
需+门诊 0.0 0.02021457915762224 0.0 0.5379190398281796 0.6866579746240064 0.1668521400462574 0.0 0.5 
女性+朋友 0.0 0.030182687955693236 0.0 0.7033588663514826 0.766728931605542 0.3149279232562026 0.0 0.5 
接种+对象 30.0 0.09508678870586443 0.0 0.5732956778655903 0.7983776395812059 0.3119697210292771 0.0 0.5 
应+定期 0.0 0.0041693650138772504 0.0 0.735461617412768 0.6792335866461214 0.2265271034128988 0.0 0.5 
记者+了解 0.0 0.009151250094919593 0.0 0.433281512830733 0.893145582850391 0.1369600386377108 0.0 0.5 
不良+反应 0.0 0.1491015367240244 0.0 0.5384832141247531 0.8522664625726543 0.3821673449839679 0.0 0.5 
中心+预防 0.0 0.018864600500632527 0.0 0.6729052857704845 0.6723637655594163 0.26142775949917824 0.0 0.5 
成人+预防 0.0 0.02467716913190691 0.0 0.410352426763458 0.7272184328344057 0.16543407706183355 0.009259259259259259 0.5 
体检+中心 0.0 0.03625979330176296 0.0 0.8631924906323517 0.4545161623026647 0.31208110201499323 0.0 0.5 
今年+7月 0.0 0.00500243571888223 0.0 0.26000124735481994 0.8781738404548546 0.14593309159302884 0.0 0.5 
正式+上市 0.0 0.06872035123124845 0.0 0.11940551401654526 0.9413824018451242 0.3602404842628167 0.009259259259259259 0.5 
上市+销售 0.0 0.1587072737154256 0.0 0.20898639858233026 0.8723015728226204 0.3800689663165082 0.0 0.5 
两+家 0.0 0.04903702272697756 0.0 0.7327510160992831 0.5989357241715599 0.34766480307912584 0.0 0.5 
第一+财经 0.0 0.1450536423112652 0.0 0.4656599344652843 0.48702974640527735 0.2744740093931259 0.0 0.5 
财经+记者 0.0 0.1450536423112652 0.0 0.4656599344652843 0.48702974640527735 0.2469862537667916 0.0 0.5 
适龄+女性 20.0 0.02330573820680846 0.0 0.4894997735217709 0.8792296721142323 0.3245967047279057 0.0 0.5 
女性+健康 0.0 0.026504146549126903 0.0 0.44221499573838047 0.8933738812929833 0.3051524794145757 0.0 0.5 
阿里+健康 0.0 0.10066375104609415 0.0 0.1642746648347407 0.8483726021653427 0.34270316325553146 0.0 0.5 
预防+医学会 0.0 0.018302500190234904 0.0 0.5843240734652311 0.8462925157943301 0.30279000780340937 0.0 0.5 
年轻+女性 0.0 0.018864600500632527 0.0 0.5827434790314636 0.7861244110244331 0.26345238188040565 0.0 0.5 
沃森+生物 0.0 0.21480572017745297 0.0 0.4524390598458649 0.715369204862388 0.44216652774851695 0.009259259259259259 0.5 
进行+HPV 0.0 0.01807438601358894 0.0 0.654768668894159 0.8154503689446642 0.24197927938514366 0.0 0.5 
预约+接种 20.0 0.13767073076245873 0.0 0.6290540062092018 0.873232639522809 0.44566552492552813 0.027777777777777776 0.5 
15+岁 0.0 0.022069675361822902 0.0 0.53450697286961 0.8868655002481275 0.2817538027399376 0.0 0.5 
前来+接种 0.0 0.04255999517969816 0.0 0.7704472816136074 0.6923399958514336 0.3367756631867479 0.0 0.5 
疫苗+预防 0.0 0.018302500190234904 0.0 0.7691339876348623 0.7375157618356687 0.266741541600965 0.0 0.5 
市+疾控 0.0 0.09508678870586443 0.0 0.6989787918725571 0.7575224837684793 0.27038823158236774 0.0 0.5 
进行+接种 0.0 0.05656749745302399 0.0 0.6388086687277857 0.7987737333820564 0.30751484164392456 0.0 0.5 
越+早 0.0 0.032873924803274064 0.0 0.7394403896377708 0.721217770407768 0.2838343772086198 0.0 0.5 
批+疫苗 0.0 0.0761881919739641 0.0 0.2299430245737764 0.9136607240222362 0.3647303761897709 0.018518518518518517 0.5 
预防+HPV 0.0 0.1002146865607466 0.0 0.367697377395458 0.949103270242378 0.3132430752640116 0.0 0.5 
美年+健康 30.0 0.21463191974158075 0.5652173913043478 0.9076146390596693 0.34654696684769787 0.4123577285102263 0.027777777777777776 0.5 
公告+称 0.0 0.018864600500632527 0.0 0.5373369988378774 0.668364552193577 0.20626937656905853 0.0 0.5 
疫苗+产品 0.0 0.06546799883954219 0.0 0.4042908383681111 0.7947093057737975 0.3766836769368931 0.0 0.5 
接种+资质 0.0 0.02330573820680846 0.0 0.5303577289923515 0.7394664005405992 0.2655110792819053 0.0 0.5 
疫苗+正式 0.0 0.02836178347104575 0.0 0.14246442267487644 0.8978321741624959 0.30801444643326137 0.0 0.5 
接种+单位 0.0 0.03973151959893397 0.0 0.43320296133541925 0.9154511666433588 0.38394180041883263 0.0 0.5 
社区+医院 0.0 0.07749065553366734 0.0 0.6366231620862001 0.7798698714161163 0.4417921156578835 0.018518518518518517 0.5 
家+社区 0.0 0.04244211139973967 0.0 0.3729784336393295 0.8157674348792191 0.20567934761691117 0.0 0.5 
国家+食品 0.0 0.034933907085060584 0.0 0.21011732262259064 0.8957719698606481 0.23725511698636453 0.0 0.5 
食品+药品 0.0 0.10714488026765069 0.0 0.23894983561546237 0.8976127732593685 0.29865248988626475 0.0 0.5 
药品+监督 0.0 0.08477321143460649 0.0 0.1805356140419841 0.9269058321343494 0.22348852399682367 0.0 0.5 
监督+管理 0.0 0.03132469117420836 0.0 0.1700644301626659 0.9175487063922703 0.14340387594125878 0.0 0.5 
管理+总局 0.0 0.027453750285154496 0.0 0.18898091316333013 0.8903049815848698 0.13359758178432862 0.0 0.5 
批+签发 0.0 0.2098885912607136 0.0 0.17140404277841362 0.8604949664839152 0.4408842704951205 0.009259259259259259 0.5 
签发+合格证 30.0 0.04255999517969816 0.0 0.2187940343598286 0.8394529250727522 0.16605498672457383 0.009259259259259259 0.5 
宫颈癌+四价 0.0 0.056365260972963155 0.0 0.6127534573230528 0.7585402095804159 0.24527860612022107 0.009259259259259259 0.5 
默沙+东 10.0 0.07451553002437901 0.0 0.3846362890894002 0.7690578823078568 0.29348859455857595 0.0 0.5 
国内+首 0.0 0.027453750285154496 0.0 0.3319088001461407 0.9327151078351138 0.25598646791709134 0.009259259259259259 0.5 
接种+服务 0.0 0.1437648642686907 0.0 0.34330209187057603 0.7946439302583668 0.2664010706896992 0.0 0.5 
11月+27日 0.0 0.05121786989188209 0.0 0.8695411168703412 0.5284864108634361 0.1535141447962619 0.009259259259259259 0.5 
疫苗+预计 0.0 0.02021457915762224 0.0 0.7344002011141847 0.6719937375929639 0.2667018591473114 0.018518518518518517 0.5 
咨询+预约 0.0 0.014114471851950553 0.0 0.6403086073390929 0.6193523980017804 0.2344577929681911 0.0 0.5 
建议+接种 0.0 0.041423245736257205 0.0 0.721551718055243 0.748090981324275 0.22270472120514376 0.0 0.5 
生+完 0.0 0.009151250094919593 0.0 0.7355432721743743 0.6942526391882294 0.2123030095252313 0.0 0.5 
年轻化+趋势 0.0 0.013956662767952564 0.0 0.6228582477744047 0.7634154420507101 0.18332658709229838 0.0 0.5 
宫颈癌+病例 10.0 0.06160552302395205 0.0 0.7061068970872066 0.8636067930050512 0.27168963443207556 0.0 0.5 
HPV+型 20.0 0.08697377611238984 0.0 0.7950334263070896 0.7592874401204902 0.3188589676228686 0.0 0.5 
低+危型 0.0 0.03132469117420836 0.0 0.794507694973255 0.7371329530118771 0.30287496937104547 0.0 0.5 
疫苗+价格 30.0 0.027453750285154496 0.0 0.7847955986659745 0.7443682466999025 0.3510535570189095 0.009259259259259259 0.5 
药品+注册 0.0 0.013776520870525692 0.0 0.3864997218895935 0.7678106034836155 0.21945756256819693 0.0 0.5 
注册+批件 0.0 0.013776520870525692 0.0 0.3864997218895935 0.7678106034836155 0.19781482473777734 0.0 0.5 
进口+药品 0.0 0.11180099398289377 0.0 0.3112437555629103 0.7889126479610383 0.22995402384729996 0.018518518518518517 0.5 
药品+通关单 20.0 0.022069675361822902 0.0 0.287257481205682 0.7944123159597932 0.11935638947249486 0.0 0.5 
推荐+接种 0.0 0.03829570054956357 0.0 0.8144661155685103 0.7709592292639205 0.22379059669771065 0.0 0.5 
剂+次 0.0 0.009151250094919593 0.0 0.7611534608235355 0.7699801844523533 0.16944826510471564 0.0 0.5 
价+疫苗 0.0 0.10165405420555702 0.0 0.4229340034559215 0.9537708519229781 0.4123470403821469 0.018518518518518517 0.5 
妇幼+保健院 0.0 0.054521725736908486 0.0 0.6953117786660582 0.7842275503437461 0.3808179407753614 0.0 0.5 
批+宫颈癌 0.0 0.02021457915762224 0.0 0.8239065455785002 0.6873289396559435 0.19484219179963105 0.018518518518518517 0.5 
香港+接种 30.0 0.04244211139973967 0.0 0.5105110060663617 0.7651081944223025 0.34343994913674986 0.009259259259259259 0.5 
接种+四价 0.0 0.013776520870525692 0.0 0.6256969210022559 0.8187796592789044 0.35800521860490114 0.0 0.5 
有性+生活 0.0 0.013737551610342855 0.0 0.8240637272226005 0.7103131881406463 0.2255054967082861 0.0 0.5 
未+感染 0.0 0.0 0.0 0.6583715524620988 0.8214332951658025 0.2381876046772638 0.0 0.5 
保护+效果 0.0 0.0041693650138772504 0.0 0.5868768538930685 0.8541872947627687 0.21992831820616354 0.0 0.5 
约+3.05万 0.0 0.0 0.0 0.35871727573075757 0.8218970252410128 0.11717852743175404 0.0 0.5 
持续+感染 0.0 0.057062745346752784 0.0 0.3967434308698062 0.9035704447870203 0.3280372806245078 0.0 0.5 
疫苗+主要 0.0 0.027453750285154496 0.0 0.4971976124749347 0.7839732242903982 0.3261003571915634 0.0 0.5 
我国+女性 0.0 0.03678188662086211 0.0 0.530701730598416 0.8320510665897373 0.2541003939842311 0.0 0.5 
第三+针 0.0 0.008830318550324349 0.0 0.7777546566197766 0.7147438516629979 0.2616473235019592 0.0 0.5 
目前+全球 0.0 0.0 0.0 0.671510022282764 0.7916294034438761 0.12854848155461873 0.0 0.5 
疫苗+前 0.0 0.0041693650138772504 0.0 0.7907070324431245 0.697292861550532 0.1723562340904693 0.0 0.5 
今年+年底 0.0 0.018302500190234904 0.0 0.4813776856703859 0.8710510901104855 0.2429104197898747 0.0 0.5 
病例+约 0.0 0.03660500038046981 0.0 0.35105362240712507 0.8086952758479657 0.16529147022163343 0.0 0.5 
605+元 0.0 0.03138728716846234 0.30434782608695654 0.7130033027078619 0.5455396746553098 0.2321816520740547 0.018518518518518517 0.5 
中心+接种 0.0 0.027453750285154496 0.0 0.628850565073294 0.6714969970778543 0.22469366017838152 0.0 0.5 
岁+以下 0.0 0.035239866412259 0.0 0.7878701020863904 0.6233416407505631 0.2924400654223787 0.027777777777777776 0.5 
宫颈+癌癌 0.0 0.008830318550324349 0.0 0.7802643645013158 0.7200844858420358 0.1550673819977721 0.0 0.5 
癌癌+前 0.0 0.008830318550324349 0.0 0.7802643645013158 0.7200844858420358 0.14218437517575247 0.0 0.5 
有效+预防 0.0 0.0041693650138772504 0.0 0.6244962824829189 0.8243039535148193 0.26792436470421105 0.0 0.5 
再次+感染 0.0 0.013737551610342855 0.0 0.8275719769321007 0.7071118843137186 0.16157786787072656 0.0 0.5 
接受+宫颈癌 0.0 0.00500243571888223 0.0 0.7459596933310689 0.790218814416269 0.19239003553438588 0.0 0.5 
酿酒+酵母 0.0 0.009151250094919593 0.0 0.35328684812739664 0.7922270795207511 0.153527853148955 0.0 0.5 
中国+大陆 0.0 0.20280991759601996 0.0 0.31981036424545595 0.7591332089930974 0.3218479827214164 0.009259259259259259 0.5 
效力+达到 0.0 0.02467716913190691 0.0 0.593701398577722 0.770780640465382 0.12362329421474565 0.0 0.5 
需要+进行 0.0 0.008830318550324349 0.0 0.7746919053240734 0.6671714014766517 0.14592884750270746 0.0 0.5 
HPV+检测 0.0 0.04336366762099425 0.0 0.7483844770682031 0.7786892880094308 0.27397960152030176 0.0 0.5 
组织+推荐 0.0 0.00500243571888223 0.0 0.6055221481378701 0.7408498296681236 0.13471442531731775 0.0 0.5 
已经+感染 0.0 0.009151250094919593 0.0 0.8177635010080723 0.727095186151111 0.21534877893894266 0.0 0.5 
超过+25 0.0 0.0457562504753894 0.0 0.719438175534101 0.7513028576436667 0.21501158980611473 0.0 0.5 
接种+时间 10.0 0.009151250094919593 0.0 0.7038996159139076 0.8181442905351018 0.28092739478997353 0.0 0.5 
大陆+区域 0.0 0.054907500570704725 0.0 0.5484911404509476 0.5710392415635558 0.18899710807804235 0.0 0.5 
相关+负责人 0.0 0.032873924803274064 0.0 0.24096123285991972 0.8833926517362857 0.33603128522870757 0.0 0.5 
云南+玛莉亚 0.0 0.10938186718045906 0.6956521739130435 1.0 0.0 0.2790505744635764 0.009259259259259259 0.5 
玛莉亚+医院 0.0 0.10938186718045906 0.6956521739130435 1.0 0.0 0.30065785264731654 0.009259259259259259 0.5 
免疫+规划科 0.0 0.008830318550324349 0.0 0.7041384708991979 0.6713730781277633 0.21630843595520122 0.0 0.5 
接种+点 0.0 0.06160552302395205 0.0 0.40632125311750517 0.9322966145372066 0.3863339974009502 0.0 0.5 
疫苗+覆盖 0.0 0.0 0.0 0.6052936676779398 0.829852614887216 0.19028109398728335 0.0 0.5 
乳头状+瘤 0.0 0.059001728301073794 0.0 0.6502564111405655 0.8096488542388354 0.2519954812906534 0.0 0.5 
瘤+病毒 0.0 0.059001728301073794 0.0 0.6502564111405655 0.8096488542388354 0.24238348179914304 0.0 0.5 
病毒+亚型 20.0 0.08052199476229831 0.0 0.40460373145501566 0.9047503829265107 0.3212473821416178 0.0 0.5 
免疫+接种 0.0 0.00500243571888223 0.0 0.5836728420950522 0.8807653975716817 0.24861036697011826 0.0 0.5 
郑州市+金水区 0.0 0.04903702272697756 0.8260869565217391 0.8687657694236972 0.38273465174465077 0.16207192698448056 0.009259259259259259 0.5 
9月+18日 0.0 0.0041693650138772504 0.0 0.7082280840985429 0.5486413190817077 0.2933906727485072 0.0 0.5 
正式+销售 0.0 0.00500243571888223 0.0 0.5654918248691444 0.5877979460537789 0.20877008120573112 0.0 0.5 
上海+泽润 0.0 0.13113798682551867 0.0 0.5731450749173762 0.692260312292877 0.3808776496446715 0.0 0.5 
疫苗+在线 0.0 0.03625979330176296 0.0 0.8580858573519855 0.3344926826581661 0.14061828458571982 0.0 0.5 
在线+预约 0.0 0.08690046260254733 0.0 0.8380982613034973 0.3693991406096807 0.25480157545682336 0.009259259259259259 0.5 
7月+31日 0.0 0.01807438601358894 0.0 0.41663362349773514 0.8933673405382218 0.15284665437840395 0.0 0.5 
疫苗+获得 0.0 0.06263473833077882 0.0 0.41148671037134377 0.7545030220864641 0.31709196118588534 0.027777777777777776 0.5 
通关+备案 0.0 0.009151250094919593 0.0 0.6639788169036343 0.5307992770050102 0.1445990096789801 0.0 0.5 
上市+许可 0.0 0.0 0.0 0.4195498084925612 0.7328183892466603 0.16470538715283983 0.0 0.5 
保护+作用 0.0 0.008830318550324349 0.0 0.743158381254266 0.6932099706502057 0.2978421743938619 0.0 0.5 
东+药厂 0.0 0.018864600500632527 0.0 0.5981359833546092 0.444306473945706 0.13623898537462595 0.0 0.5 
年底+前 0.0 0.03625979330176296 0.0 0.538437851342309 0.5043274341545578 0.15814840464487978 0.027777777777777776 0.5 
一线+城市 20.0 0.03625979330176296 0.5652173913043478 0.37765376891363617 0.5026768480652327 0.27364953044093304 0.009259259259259259 0.5 
北青报+记者 0.0 0.07920944495371832 0.0 0.8337638020432849 0.3908250155398439 0.3081924280774461 0.0 0.5 
广州+日报 0.0 0.02021457915762224 0.0 0.8316325677312664 0.6725692055621174 0.29263050684907044 0.0 0.5 
签发+申请 0.0 0.009151250094919593 0.0 0.677404660284895 0.5322020957966828 0.08386313531237043 0.0 0.5 
办理+批 0.0 0.0041693650138772504 0.0 0.7352545988002906 0.49516089763280297 0.07282077878791617 0.0 0.5 
药品+检验 0.0 0.0041693650138772504 0.0 0.7352545988002906 0.49516089763280297 0.04316241806475231 0.0 0.5 
上门+医疗 0.0 0.12764499155588227 0.5652173913043478 1.0 0.0 0.3618746807063622 0.009259259259259259 0.5 
护士+上门 0.0 0.09472962185423506 0.0 0.5265995925023939 0.315986182777329 0.3149689662622516 0.0 0.5 
提升+公司 0.0 0.027429474751438598 0.0 0.8593408575239124 0.3534732643544065 0.12185341210745666 0.0 0.5 
高危型+HPV+病毒 0.0 0.032873924803274064 0.0 0.359383317100653 0.8365609911543589 0.22701801063114788 0.0 1.0 
接种+了+HPV 0.0 0.008830318550324349 0.0 0.8108034628970715 0.7169464301008853 0.14037889597778117 0.0 1.0 
进行+宫颈癌+筛查 0.0 0.0 0.0 0.6591377186667696 0.8365239107087273 0.22820997058220185 0.0 1.0 
接种+HPV+疫苗 0.0 0.2820310364776022 0.0 0.60364546454019 0.8973048973551597 0.40573308308444545 0.027777777777777776 1.0 
世界+卫生+组织 0.0 0.09545276702569515 0.0 0.28962295036156177 0.9370082847178823 0.2464895290829238 0.0 1.0 
宫颈癌+新发+病例 0.0 0.04924299554170286 0.0 0.3778061234554769 0.8845238280129774 0.21018392685653775 0.0 1.0 
感染+HPV+病毒 0.0 0.018864600500632527 0.0 0.6027542383187247 0.796932141356488 0.275779486098089 0.0 1.0 
感染+了+HPV 0.0 0.09616149437239818 0.0 0.7984269751983772 0.7544878892190778 0.2695634844009545 0.0 1.0 
HPV+病毒+感染 0.0 0.009151250094919593 0.0 0.7375626487477634 0.8292096185197417 0.2104559039484982 0.0 1.0 
宫颈癌+前+病变 0.0 0.08236125085585923 0.0 0.5820445302771917 0.8472456778543721 0.28603649528163555 0.0 1.0 
二价+HPV+疫苗 30.0 0.10325861458842438 0.0 0.4872048773273391 0.9255298422799063 0.34033908349826375 0.0 1.0 
HPV16+和+HPV18 20.0 0.026504146549126903 0.0 0.6746839587959557 0.8156930319956626 0.21230722817490053 0.0 1.0 
四价+HPV+疫苗 30.0 0.18230302776548077 0.0 0.06258144682254002 0.9375597684695849 0.3710775785714648 0.046296296296296294 1.0 
九价+HPV+疫苗 30.0 0.022550606022564885 0.0 0.38164864271391913 0.8790138120877563 0.254987903982363 0.0 1.0 
死+于+宫颈癌 0.0 0.00500243571888223 0.0 0.8109715119202294 0.7329669422653075 0.17496928473008538 0.0 1.0 
接种+了+宫颈癌 0.0 0.0041693650138772504 0.0 0.8023323860532731 0.7249022157131356 0.14137117138483393 0.0 1.0 
疫苗+在+国内 0.0 0.03660500038046981 0.0 0.10703521884102968 0.8996491318447856 0.2679827024911995 0.0 1.0 
价+宫颈癌+疫苗 0.0 0.5651157954325985 0.0 0.490636958057526 0.9359713646763943 0.42912049267080304 0.17592592592592593 1.0 
疫苗+的+接种 0.0 0.059265940965668604 0.0 0.5731409192858423 0.8895475283234915 0.33150214345999435 0.0 1.0 
疾病+预防+控制 0.0 0.11980526433416452 0.0 0.426935260981083 0.8910188309245923 0.3183698949501756 0.0 1.0 
预防+控制+中心 0.0 0.1002146865607466 0.0 0.5868468473466085 0.8172582660173835 0.330345063503793 0.0 1.0 
社区+卫生+服务 0.0 0.3130844261243404 0.0 0.5090543673060004 0.8923971662941107 0.44636386035068826 0.0 1.0 
卫生+服务+中心 0.0 0.32759053168820673 0.0 0.5054687721955774 0.8934731833380879 0.42304078899045117 0.0 1.0 
岁+的+女性 0.0 0.13107336223023494 0.0 0.5818890466555375 0.8990824805758484 0.2943960629574672 0.0 1.0 
街道+社区+卫生 0.0 0.059001728301073794 0.0 0.7610311424167869 0.7231686014065789 0.30019275166204334 0.0 1.0 
接种+四+价 0.0 0.027453750285154496 0.0 0.7982393557049735 0.7580688683612957 0.2676041302498999 0.037037037037037035 1.0 
接种+3+针 10.0 0.03829570054956357 0.0 0.572728320651067 0.7452231914123615 0.18126753769482953 0.009259259259259259 1.0 
严重+威胁+妇女 0.0 0.017963996321107394 0.0 0.6144259005290468 0.7846005830589383 0.10456341608633837 0.0 1.0 
威胁+妇女+健康 0.0 0.017963996321107394 0.0 0.6144259005290468 0.7846005830589383 0.07609741555939789 0.0 1.0 
健康+的+常见 0.0 0.032440185123927934 0.0 0.6181410941322566 0.7981894395724587 0.08595391426235605 0.0 1.0 
中国+癌症+统计 0.0 0.00500243571888223 0.0 0.3442635596213474 0.8318395220055175 0.12954327190763096 0.0 1.0 
癌症+统计+报告 0.0 0.00500243571888223 0.0 0.3442635596213474 0.8318395220055175 0.15590837487563888 0.0 1.0 
疫苗+可+预防 0.0 0.013956662767952564 0.0 0.7592366474035096 0.7587256877160106 0.23396620730058762 0.0 1.0 
宫颈癌+疫苗+获 0.0 0.009644625477655258 0.0 0.29655087653693385 0.8774053264492261 0.18869187656614814 0.027777777777777776 1.0 
疫苗+获+批 0.0 0.013776520870525692 0.0 0.28878961798533004 0.8902171599079158 0.19936973713608738 0.0 1.0 
省+疾控+中心 0.0 0.0649054112013784 0.0 0.8390779812678223 0.6946591937161994 0.25485701366183 0.0 1.0 
疾控+中心+免疫 0.0 0.03360349593120727 0.0 0.6778615207334028 0.8009476809958399 0.20669094439061228 0.0 1.0 
岁+女性+中 0.0 0.048109192133576735 0.0 0.420197651281019 0.9274710532042035 0.22419217807293063 0.0 1.0 
女性+HPV+感染率 0.0 0.04580256369261108 0.0 0.8577107025318802 0.6298938585811377 0.15001453604391304 0.0 1.0 
价+和+九价 0.0 0.026504146549126903 0.0 0.7434393080708683 0.8340580897017675 0.07284613779583686 0.0 1.0 
引起+的+宫颈癌 0.0 0.10148390470243218 0.0 0.5164291554648044 0.9100557349921921 0.3130852669606482 0.0 1.0 
70%+的+宫颈癌 0.0 0.009644625477655258 0.0 0.6017673247680305 0.8813368079084204 0.20450961051192781 0.0 1.0 
两+种+病毒 0.0 0.009151250094919593 0.0 0.49508439366451185 0.8418862610631369 0.19297684163219153 0.0 1.0 
11+、+16 0.0 0.026504146549126903 0.0 0.38545315758992843 0.9302029257764681 0.0669396075208105 0.0 1.0 
适用+于+20 0.0 0.029235157939921284 0.0 0.6503480373843423 0.8006842476276663 0.17855047193185183 0.0 1.0 
HPV6+和+HPV11 0.0 0.027453750285154496 0.0 0.8155878477204609 0.662196737395318 0.20465370119662546 0.0 1.0 
16+、+18 0.0 0.06263473833077882 0.0 0.4175524923959827 0.9079791891859184 0.18811845147216116 0.0 1.0 
31+、+33 0.0 0.009644625477655258 0.0 0.7279143028704137 0.8318146671367037 0.138449887824554 0.0 1.0 
宫颈癌+的+风险 20.0 0.04432861530140719 0.0 0.7449914477465628 0.7397139428619693 0.22715474674828287 0.0 1.0 
默沙+东四+价 0.0 0.1743589924240847 0.0 0.30114977516753805 0.8936710243818496 0.1745601027414491 0.009259259259259259 1.0 
价+HPV+疫苗 0.0 0.3235720867220562 0.0 0.08380337818505285 0.9610894651794366 0.3955904323625672 0.046296296296296294 1.0 
智飞+生物+表示 0.0 0.02021457915762224 0.0 0.7747164327273295 0.4470468360090773 0.06924091856630732 0.0 1.0 
东四+价+HPV 0.0 0.13726875142656395 0.0 0.3857353574025103 0.824101162520178 0.1383454351595769 0.0 1.0 
云南+、+重庆 0.0 0.03360349593120727 0.0 0.5013359507055195 0.6869674024534395 0.07964361640620417 0.0 1.0 
直辖市+）+中标 0.0 0.013737551610342855 0.0 0.7301943588497296 0.5296134770404796 0.054663191176545015 0.0 1.0 
获+批+上市 30.0 0.09182463993010104 0.0 0.2899310828995917 0.9453003736856831 0.32630643893455563 0.0 1.0 
国内+获+批 0.0 0.08697377611238984 0.0 0.03565830254152615 0.9258667578291603 0.22197986450340362 0.0 1.0 
45+岁+女性 0.0 0.03678188662086211 0.0 0.5270644309450513 0.9031661588733686 0.22377429387417988 0.009259259259259259 1.0 
完成+整个+免疫 0.0 0.028898882450544974 0.0 0.5003752700030758 0.7514020411153427 0.06661527528673208 0.0 1.0 
整个+免疫+程序 0.0 0.028898882450544974 0.0 0.5003752700030758 0.7514020411153427 0.08257843162390399 0.0 1.0 
接种+三+针 0.0 0.05179342815653221 0.0 0.5076057330381111 0.8483063995798836 0.2042624719386776 0.0 1.0 
智飞+生物+代理 10.0 0.014114471851950553 0.0 0.6939094221416675 0.6197580807507052 0.1377421306757798 0.018518518518518517 1.0 
进入+【+新浪 0.0 0.05063796428888639 0.0 0.29041908787154946 0.7635789106778892 0.099753741214055 0.0 1.0 
新浪+财经+股吧 0.0 0.05063796428888639 0.0 0.29041908787154946 0.7635789106778892 0.05926930147353005 0.0 1.0 
股吧+】+讨论 0.0 0.05063796428888639 0.0 0.29041908787154946 0.7635789106778892 0.04316241806475231 0.0 1.0 
接种+宫颈癌+疫苗 0.0 0.24961652403888376 1.0 0.7026309918178284 0.8458088842538138 0.41401790501434127 0.09259259259259259 1.0 
中国+内地+首 0.0 0.017963996321107394 0.0 0.332359095069577 0.8799464323219164 0.17767384469328343 0.0 1.0 
特+需+门诊 0.0 0.02021457915762224 0.0 0.5379190398281796 0.6866579746240064 0.17629786034591496 0.0 1.0 
20-45+岁+女性 0.0 0.009644625477655258 0.0 0.3712982658997545 0.8261785064102379 0.21035315109947877 0.009259259259259259 1.0 
预防+接种+门诊 0.0 0.07911847708226483 0.0 0.41637610244687 0.8969946503950638 0.3456541458906389 0.009259259259259259 1.0 
成人+预防+接种 0.0 0.02467716913190691 0.0 0.410352426763458 0.7272184328344057 0.16543407706183355 0.009259259259259259 1.0 
第一+财经+记者 0.0 0.1450536423112652 0.0 0.4656599344652843 0.48702974640527735 0.2744740093931259 0.0 1.0 
河南+、+云南 0.0 0.03360349593120727 0.0 0.5016831272324495 0.6812384883148135 0.12650922993085353 0.0 1.0 
宫颈癌+疫苗+接种 0.0 0.05431418854894603 0.0 0.4813396169949929 0.8898196479166026 0.3689316931428245 0.018518518518518517 1.0 
44+岁+女性 0.0 0.0366535514479016 0.0 0.338812071629395 0.9188495564609513 0.1458546222489268 0.0 1.0 
市+疾控+中心 0.0 0.09274328723689983 0.0 0.694675380401831 0.7426935134705795 0.25170904969358393 0.0 1.0 
预防+HPV+感染 0.0 0.041423245736257205 0.0 0.33800339534680196 0.9120469985452129 0.20712844380634093 0.0 1.0 
HPV+疫苗+接种 0.0 0.022069675361822902 0.0 0.3383685943161931 0.9047437491271357 0.326578235128635 0.009259259259259259 1.0 
家+社区+卫生 0.0 0.032873924803274064 0.0 0.3729784336393295 0.8157674348792191 0.1701132932254903 0.0 1.0 
国家+食品+药品 0.0 0.026504146549126903 0.0 0.21011732262259064 0.8957719698606481 0.2023270682868319 0.0 1.0 
食品+药品+监督 0.0 0.08347952644897014 0.0 0.21088913021610364 0.9064377563227687 0.24306644541885677 0.0 1.0 
药品+监督+管理 0.0 0.03132469117420836 0.0 0.1700644301626659 0.9175487063922703 0.13432963650837557 0.0 1.0 
监督+管理+总局 0.0 0.027453750285154496 0.0 0.18898091316333013 0.8903049815848698 0.11693194390717994 0.0 1.0 
批+签发+合格证 0.0 0.04255999517969816 0.0 0.2187940343598286 0.8394529250727522 0.18605156425781197 0.009259259259259259 1.0 
接种+该+疫苗 0.0 0.09274328723689983 0.0 0.6571433873310669 0.8246168944859092 0.31781829198669365 0.0 1.0 
宫颈癌+四价+疫苗 30.0 0.056365260972963155 0.0 0.6127534573230528 0.7585402095804159 0.24527860612022107 0.009259259259259259 1.0 
发病率+和+死亡率 20.0 0.02578374612615733 0.0 0.6131723595754826 0.7574053066473592 0.16799439983724207 0.0 1.0 
岁+至+45 0.0 0.04896744635116135 0.0 0.5007779976125252 0.8108528645418248 0.15952052286783816 0.0 1.0 
上市+的+HPV 0.0 0.022550606022564885 0.0 0.4097180734082722 0.752459417656727 0.1964170207342024 0.0 1.0 
产品+的+上市 0.0 0.008830318550324349 0.0 0.6457048526875995 0.5450823634335692 0.11433149365093744 0.0 1.0 
市+、+区 0.0 0.008830318550324349 0.0 0.6816263025190586 0.5879576850302356 0.1623348192493077 0.0 1.0 
陆续+到+货 0.0 0.08236125085585923 0.0 0.6186118338515904 0.7735314433054875 0.2379223375199326 0.027777777777777776 1.0 
宫颈癌+疫苗+上市 30.0 0.013737551610342855 0.0 0.5820636803114597 0.8335414425807988 0.2545990914293189 0.018518518518518517 1.0 
接种+了+疫苗 0.0 0.009644625477655258 0.0 0.8019182733986343 0.7448374554531867 0.1707955432414802 0.0 1.0 
药品+注册+批件 0.0 0.013776520870525692 0.0 0.3864997218895935 0.7678106034836155 0.21945756256819693 0.0 1.0 
进口+药品+通关单 20.0 0.022069675361822902 0.0 0.287257481205682 0.7944123159597932 0.154807142224084 0.0 1.0 
国家+和+地区 0.0 0.013737551610342855 0.0 0.40728844752356497 0.8528951728688188 0.2020868985978678 0.0 1.0 
25+岁+女性 0.0 0.029235157939921284 0.0 0.6976395678089105 0.7964306956995996 0.21814524599206314 0.0 1.0 
岁+至+44 0.0 0.0 0.0 0.5221729428876668 0.8705049097086013 0.1407317381570513 0.0 1.0 
100%+的+保护 0.0 0.009151250094919593 0.0 0.7732619152632547 0.7465107744785249 0.195317345080912 0.0 1.0 
病毒+（+HPV 0.0 0.032440185123927934 0.0 0.5337644173342022 0.8447677969931534 0.14847229541366158 0.0 1.0 
新发+病例+约 0.0 0.0 0.0 0.35105362240712507 0.8086952758479657 0.10777118440629989 0.0 1.0 
9-25+岁+女性 20.0 0.04640871314343388 0.6521739130434783 0.5165449049166729 0.812108852852457 0.25727443320370075 0.027777777777777776 1.0 
宫颈+癌癌+前 0.0 0.008830318550324349 0.0 0.7802643645013158 0.7200844858420358 0.1550673819977721 0.0 1.0 
癌癌+前+病变 0.0 0.008830318550324349 0.0 0.7802643645013158 0.7200844858420358 0.14218437517575247 0.0 1.0 
疫苗+在+中国 0.0 0.040098776325851834 0.0 0.1596659452534426 0.8814410316079682 0.24262023150080092 0.0 1.0 
接受+宫颈癌+筛查 20.0 0.0 0.0 0.7899299398214136 0.7605336053281492 0.17625398091176997 0.0 1.0 
价+人+乳头瘤 0.0 0.041423245736257205 0.0 0.28131875816136565 0.7814740445503632 0.15051000891616548 0.0 1.0 
乳头瘤+病毒+疫苗 0.0 0.06160552302395205 0.0 0.21707931338889336 0.866030074375621 0.13688609917108155 0.0 1.0 
两+种+亚型 0.0 0.008830318550324349 0.0 0.7409021803398723 0.6879888315967059 0.22035955968883955 0.0 1.0 
保护+效力+达到 0.0 0.02467716913190691 0.0 0.593701398577722 0.770780640465382 0.1521074993611821 0.0 1.0 
进行+HPV+检测 0.0 0.0041693650138772504 0.0 0.8121467744487355 0.6817509552194678 0.132450085781013 0.0 1.0 
疫苗+可以+预防 0.0 0.018302500190234904 0.0 0.7713398785457908 0.749707572145672 0.2013249189363791 0.0 1.0 
疫苗+在+内地 0.0 0.03625979330176296 0.0 0.44141387378436747 0.6958885743841209 0.20774516029177625 0.0 1.0 
卫生+组织+推荐 0.0 0.0 0.0 0.5985021895010723 0.7195286241588639 0.10419132418469101 0.0 1.0 
岁+女性+接种 0.0 0.008830318550324349 0.0 0.7633657079280157 0.7748447779472943 0.2565544105814974 0.0 1.0 
超过+25+岁 0.0 0.04244211139973967 0.0 0.7049266838121142 0.7419498183234997 0.18333193067348363 0.0 1.0 
云南+玛莉亚+医院 0.0 0.09111874280464016 1.0 1.0 0.0 0.2708609342932458 0.009259259259259259 1.0 
答+：+HPV 0.0 0.03625979330176296 0.0 0.8774489155349826 0.40782470807648075 0.13039441476231423 0.0 1.0 
预防+HPV+病毒 0.0 0.008830318550324349 0.0 0.6652991428875996 0.8243652131326336 0.19980719163691624 0.0 1.0 
接种+二+价 0.0 0.06642103178157369 0.0 0.7198163715183213 0.7234913764239623 0.28772540407879904 0.009259259259259259 1.0 
乳头状+瘤+病毒 0.0 0.059001728301073794 0.0 0.6502564111405655 0.8096488542388354 0.2519954812906534 0.0 1.0 
疫苗+在线+预约 0.0 0.03625979330176296 0.0 0.8580858573519855 0.3344926826581661 0.14061828458571982 0.0 1.0 
在线+预约+接种 20.0 0.061814252152587894 0.0 0.8580858573519855 0.3344926826581661 0.18310903437489467 0.0 1.0 
预约+接种+服务 0.0 0.04903702272697756 0.0 0.8580858573519855 0.3344926826581661 0.11979005113632445 0.0 1.0 
疫苗+“+希瑞适 0.0 0.0 0.0 0.47663527194870403 0.7679156453085091 0.1567814460291522 0.0 1.0 
重庆+、+黑龙江 0.0 0.018302500190234904 0.0 0.734749087888422 0.5334878323365349 0.0 0.0 1.0 
省+（+直辖市 0.0 0.008830318550324349 0.0 0.7517544386837308 0.4822688232800138 0.08094529926474178 0.0 1.0 
HPV+疫苗+获得 0.0 0.032873924803274064 0.0 0.5681899779720718 0.6389705928709483 0.18348305244423516 0.009259259259259259 1.0 
中国+大陆+区域 0.0 0.032873924803274064 0.0 0.5863507404431024 0.5604486639769525 0.12533672663855852 0.0 1.0 
默沙+东+药厂 0.0 0.018864600500632527 0.0 0.5981359833546092 0.444306473945706 0.16311798416197568 0.0 1.0 
HPV+病毒+亚型 20.0 0.032873924803274064 0.0 0.49242670263145044 0.8801872746789332 0.21339847846543672 0.0 1.0 
覆盖+的+病毒 30.0 0.014114471851950553 0.0 0.7191520386750251 0.723251994785439 0.16902501962263417 0.0 1.0 
批+签发+申请 0.0 0.009151250094919593 0.0 0.677404660284895 0.5322020957966828 0.09229359165545246 0.0 1.0 
采购+的+首 0.0 0.008830318550324349 0.0 0.7409537791651875 0.4606916668898996 0.12308276478476125 0.0 1.0 
办理+批+签发 0.0 0.0041693650138772504 0.0 0.7352545988002906 0.49516089763280297 0.07282077878791617 0.0 1.0 
申请+及+进口 0.0 0.0041693650138772504 0.0 0.7352545988002906 0.49516089763280297 0.04316241806475231 0.0 1.0 
进口+药品+检验 0.0 0.0041693650138772504 0.0 0.7352545988002906 0.49516089763280297 0.04316241806475231 0.0 1.0 
医护+到+家 0.0 0.1878506832569399 0.0 0.5265995925023939 0.315986182777329 0.14738743656712583 0.0 1.0 
