九寨沟 0.0 0.1439820162185586 0.391304347826087 0.06372354056474222 0.9243543442478539 0.9052139446205176 0.9753086419753086 0.0 
19分 0.0 0.15275720692074093 0.21739130434782608 0.14047393676246545 0.896587995424364 0.23501404449929286 0.0 0.0 
希望 0.0 0.18936021753736393 0.2608695652173913 0.2054309224485401 0.7781728693618448 0.6462250518492609 0.0 0.0 
9日 0.0 0.38542925630291225 0.17391304347826086 0.18601121143114727 0.9140535574435121 0.6675725665980194 0.0 0.0 
中心 0.0 0.2576714024762227 0.2608695652173913 0.17693006353742888 0.924448693758282 0.6905992430071893 0.0 0.0 
分析 0.0 0.1976396734113228 0.2608695652173913 0.41247120174209634 0.8490622115458465 0.5551702562246734 0.024691358024691357 0.0 
生命 0.0 0.28432513988368935 0.2608695652173913 0.20422992269167678 0.8941371754766306 0.6798268256427056 0.024691358024691357 0.0 
旅客 0.0 0.24414841606982865 0.2608695652173913 0.3808587336766383 0.7835944419584293 0.5815026597692912 0.0 0.0 
大熊猫 10.0 0.3892882734604785 0.391304347826087 0.7172948131961753 0.428174317172894 0.6091547992327745 0.012345679012345678 0.0 
房屋 0.0 0.6453762460526511 0.2608695652173913 0.3098980223024939 0.9226915403526241 0.744806368854433 0.037037037037037035 0.0 
捐款 30.0 0.5832716318414332 0.2608695652173913 0.5509118721718123 0.45144968180638706 0.5848238170498148 0.06172839506172839 0.0 
造成 0.0 0.31931643397089005 0.2608695652173913 0.15249321270472435 0.9427747966024081 0.6441226054177449 0.04938271604938271 0.0 
受损 0.0 0.22826176528713898 0.2608695652173913 0.24722841859837266 0.9719760563986909 0.6904556207454208 0.0 0.0 
已经 0.0 0.3142575456029806 0.2608695652173913 0.18768963864765117 0.9203149533813826 0.7599789812553417 0.0 0.0 
8月 0.0 0.15404335660688057 0.17391304347826086 0.0773114614454115 0.9303344922505404 0.7241527899229153 0.0 0.0 
救灾 0.0 0.3766615218675937 0.2608695652173913 0.1837421971013783 0.9322407011242978 0.7760215141602447 0.037037037037037035 0.0 
火花海 0.0 0.22330847419487015 0.391304347826087 0.5601072751330756 0.7552307308468467 0.5068070151454915 0.0 0.0 
力量 0.0 0.2440069919548319 0.2608695652173913 0.1593886103363827 0.9207264341239837 0.6836284043168439 0.024691358024691357 0.0 
分布 0.0 0.204911574027353 0.2608695652173913 0.3703862781565244 0.8384004318247162 0.5615030413737082 0.0 0.0 
目前 0.0 0.269441294055546 0.2608695652173913 0.13147612439717551 0.9406130675366994 0.773346006214881 0.04938271604938271 0.0 
指挥部 0.0 0.23749878154443868 0.391304347826087 0.32233969318632605 0.9294884742055204 0.6310691178161264 0.0 0.0 
危险 0.0 0.196759993438525 0.2608695652173913 0.2388322430182241 0.9209198395791085 0.6108459386160845 0.0 0.0 
地质 0.0 0.4474108844868105 0.2608695652173913 0.33045036264670363 0.9339412518092507 0.6599080342060937 0.012345679012345678 0.0 
社会 0.0 0.3494688869725736 0.2608695652173913 0.11763582513177032 0.9558159096498182 0.748320229532082 0.0 0.0 
包括 0.0 0.21744044273521707 0.2608695652173913 0.30267005500459887 0.9171493785233668 0.5414286060537457 0.0 0.0 
人员 0.0 0.4301738185958257 0.2608695652173913 0.17822309585543 0.957209002385632 0.7960845641576629 0.04938271604938271 0.0 
余震 20.0 0.38173661632388883 0.2608695652173913 0.18469725375680024 0.967067354442694 0.7018832378098235 0.07407407407407407 0.0 
活动 0.0 0.47915656166208437 0.2608695652173913 0.21286955863839432 0.8533287786686001 0.6385315150732002 0.037037037037037035 0.0 
行动 0.0 0.20526677510892577 0.2608695652173913 0.30269696275685937 0.8392054966727791 0.6340020038241144 0.012345679012345678 0.0 
震后 0.0 0.28118412771364715 0.2608695652173913 0.23028220079940517 1.0 0.7404486014306403 0.037037037037037035 0.0 
政府 0.0 0.3073640815573811 0.2608695652173913 0.21160327711034216 0.9828795862975722 0.7203534576443545 0.0 0.0 
干警 0.0 0.46077188211800235 0.2608695652173913 1.0 0.0 0.6109015667483746 0.0 0.0 
设防 0.0 0.4681301387113083 0.2608695652173913 0.7490542872013308 0.5468520366509804 0.39405234473031986 0.0 0.0 
发展 0.0 0.21306315461618103 0.2608695652173913 0.14994917815207304 0.9330933125833244 0.6428342079514152 0.0 0.0 
进行 0.0 0.34815768737893693 0.2608695652173913 0.13897906908142107 0.9544240027404349 0.8274454056008488 0.0 0.0 
次生 0.0 0.21158289606551933 0.2608695652173913 0.3688061177556324 0.8877034371495833 0.44611608418016724 0.012345679012345678 0.0 
财经 0.0 0.13302221700704966 0.2608695652173913 0.16439384695273332 0.9130132734524924 0.12423666731224209 0.0 0.0 
阿坝州 0.0 0.20886913439945728 0.391304347826087 0.17107208439898342 0.8996499227941415 0.5967256577135295 0.0 0.0 
身份 0.0 0.25192722332294 0.2608695652173913 0.0 0.7222588311334762 0.4692850178175133 0.06172839506172839 0.0 
道路 0.0 0.3770479602146488 0.2608695652173913 0.22990814732482637 0.942228178314952 0.6974047608244967 0.024691358024691357 0.0 
安排 0.0 0.23751789638307755 0.2608695652173913 0.23527406084686153 0.8610791667491112 0.6824257270075348 0.0 0.0 
帐篷 0.0 0.24238764028038756 0.2608695652173913 0.35755011101843687 0.8477237301456952 0.6070957055573419 0.0 0.0 
武警 0.0 0.27407105275559485 0.2608695652173913 0.49887930313605217 0.8087630427533714 0.552361693029389 0.0 0.0 
转移 0.0 0.39298829785677064 0.2608695652173913 0.3004621646776185 0.9459745924656513 0.6919253150443243 0.037037037037037035 0.0 
谣言 20.0 0.5243542199546887 0.2608695652173913 0.29498047725674165 0.8051764800096016 0.674275859238353 0.037037037037037035 0.0 
评估 0.0 0.22208077986763414 0.2608695652173913 0.3273977943760954 0.9436790676246559 0.6105361478603476 0.0 0.0 
基础 0.0 0.2584456092075107 0.2608695652173913 0.47926095837292854 0.8128421510940945 0.5162734082178609 0.0 0.0 
过程 0.0 0.22804264130921048 0.2608695652173913 0.2316169466133816 0.9861352661530199 0.5972118150711221 0.0 0.0 
工作 0.0 0.5202423759291757 0.2608695652173913 0.1758330659182455 0.9701957803941355 0.8541649731434768 0.012345679012345678 0.0 
事件 0.0 0.2365620604782958 0.2608695652173913 0.30048160981176875 0.8976098870875991 0.5761212094608068 0.012345679012345678 0.0 
医院 0.0 0.25921129171165597 0.2608695652173913 0.28468087615886467 0.8339882024973945 0.6621883735584658 0.012345679012345678 0.0 
企业 0.0 0.40054950816376295 0.2608695652173913 0.2434086106472703 0.8758729707753873 0.698749168623936 0.0 0.0 
平武县 0.0 0.20450582566457348 0.391304347826087 0.2749999488981332 0.8711733413575535 0.3539143562238871 0.012345679012345678 0.0 
信息 0.0 0.3022884952415309 0.2608695652173913 0.1536352059001646 0.9354866612095444 0.7170368563527971 0.0 0.0 
响应 0.0 0.22330847419487015 0.2608695652173913 0.30252388693037896 0.848976013064328 0.5415584363874547 0.012345679012345678 0.0 
通道 0.0 0.31562682647593865 0.2608695652173913 0.2520746429310517 0.8539948282455475 0.6965459769595437 0.012345679012345678 0.0 
旅游 0.0 0.6250572356912114 0.2608695652173913 0.27720666557570306 0.9748676794839128 0.8515895226441682 0.0 0.0 
达到 0.0 0.22739053272271875 0.2608695652173913 0.5242056251704874 0.8120587024412604 0.4243412041824092 0.0 0.0 
滞留 0.0 0.3027305410945267 0.2608695652173913 0.36414236756238116 0.8134893605171227 0.6236922625652658 0.037037037037037035 0.0 
了解 0.0 0.2061061219984142 0.2608695652173913 0.11440908790594757 0.9399532951169252 0.5827399360074722 0.0 0.0 
滑坡 0.0 0.22121473520542156 0.2608695652173913 0.3583192390594088 0.8879922137588335 0.5339359280656991 0.0 0.0 
及时 0.0 0.2634411376225909 0.2608695652173913 0.2330245899389977 0.9301564915496219 0.7329995678555777 0.0 0.0 
山体 0.0 0.2787494007695897 0.2608695652173913 0.2622738516221119 0.8981074188919619 0.6664706219243692 0.0 0.0 
机场 0.0 0.25006487859190396 0.2608695652173913 0.358840559164672 0.8100430797989853 0.563403505815758 0.024691358024691357 0.0 
泥石流 0.0 0.21347922611413356 0.391304347826087 0.3492216415204053 0.9136324889403693 0.4953637162348925 0.0 0.0 
有序 0.0 0.18243818946237897 0.2608695652173913 0.2886510485039824 0.8721144103366404 0.5653596119843967 0.012345679012345678 0.0 
三峡 20.0 0.34438779240846756 0.2608695652173913 0.8708750822494392 0.21323355832528468 0.44310474295457836 0.04938271604938271 0.0 
11日 0.0 0.23818193787987443 0.21739130434782608 0.16546964803350026 0.8961437426929434 0.5779472144962233 0.0 0.0 
科学 0.0 0.3087674666111576 0.2608695652173913 0.2756656206675408 0.9301715823380815 0.6881470740966505 0.0 0.0 
水库 0.0 0.5182833004848655 0.2608695652173913 0.5325600105624141 0.4715864921989818 0.5962084546760656 0.0 0.0 
景区 0.0 0.729893296405239 0.2608695652173913 0.291923899275071 0.9753216549836414 0.8356433698901764 0.06172839506172839 0.0 
九寨 0.0 0.22121473520542156 0.2608695652173913 0.2979663015401148 0.8858503063227167 0.6283062636595061 0.04938271604938271 0.0 
帮助 0.0 0.1708983578227851 0.2608695652173913 0.208312046583494 0.7525735071346256 0.6382485325864637 0.0 0.0 
强震 0.0 0.20450582566457348 0.2608695652173913 0.3607105323865675 0.8536447083437626 0.49201693005670977 0.012345679012345678 0.0 
消息 0.0 0.15761096067859096 0.2608695652173913 0.039434890138437234 0.8276928282101179 0.5654488954974959 0.0 0.0 
区域 0.0 0.24232430494446208 0.2608695652173913 0.3161498145991725 0.9360867427168125 0.5649345723084604 0.0 0.0 
撤离 0.0 0.23417420384123994 0.2608695652173913 0.4770611464097289 0.8155247490787607 0.6076682728192387 0.012345679012345678 0.0 
车辆 0.0 0.3876582227735333 0.2608695652173913 0.31935100458313886 0.7907658957782426 0.724301958686366 0.0 0.0 
主要 0.0 0.21115337396193104 0.2608695652173913 0.23788406935306097 0.950106274450863 0.6277254243145093 0.0 0.0 
地方 0.0 0.1708983578227851 0.2608695652173913 0.2210612906299189 0.9685748030488724 0.6394155498672766 0.0 0.0 
前往 0.0 0.19846568518527088 0.2608695652173913 0.3301137506123407 0.8860774660251931 0.6549357895548688 0.0 0.0 
发生 0.0 0.36857532006850724 0.2608695652173913 0.1060043748769351 0.9399425194199025 0.7975328063522175 0.04938271604938271 0.0 
损失 0.0 0.3871912996118773 0.2608695652173913 0.18454707402597664 0.9547281156942153 0.6256079431725922 0.024691358024691357 0.0 
影响 0.0 0.37193769758071177 0.2608695652173913 0.2053930265612136 0.9691733035092784 0.7437516327080962 0.024691358024691357 0.0 
12日 0.0 0.2200398771288196 0.21739130434782608 0.21877125581672952 0.8885258027895176 0.5061283582481095 0.0 0.0 
旅行社 0.0 0.27598943432209727 0.391304347826087 0.6113664671465535 0.6409377138466289 0.6438068547364291 0.0 0.0 
损毁 0.0 0.22739053272271875 0.2608695652173913 0.47454935212357696 0.7914180790480646 0.38558178143867633 0.0 0.0 
酒店 0.0 0.3506754229067008 0.2608695652173913 0.3862406758436699 0.8358497717861009 0.7262040460082558 0.0 0.0 
新疆 0.0 0.38025536769559254 0.2608695652173913 0.4355717009753749 0.7860934534036406 0.5680624238617171 0.012345679012345678 0.0 
地区 0.0 0.29022806295857945 0.2608695652173913 0.2275696542247827 0.9793023002048111 0.734223241808949 0.0 0.0 
震区 0.0 0.35511872545878925 0.2608695652173913 0.29384561881943744 0.9481670961939686 0.6839829369724295 0.07407407407407407 0.0 
专家 0.0 0.3976133250518 0.2608695652173913 0.272274105455857 0.9306754635991259 0.7429615992260414 0.06172839506172839 0.0 
联系 0.0 0.24534820728750723 0.2608695652173913 0.2776607923874659 0.900963420717901 0.6418805060684509 0.012345679012345678 0.0 
恢复 0.0 0.6304717197264558 0.2608695652173913 0.30885928904877386 0.9240743816600967 0.7529395487956566 0.09876543209876543 0.0 
基金会 0.0 0.30908157407023307 0.391304347826087 0.5076229912439426 0.48838544375425474 0.4639880172203797 0.024691358024691357 0.0 
设施 0.0 0.319251545003286 0.2608695652173913 0.3853594882240496 0.8573174444453814 0.5983362829539915 0.012345679012345678 0.0 
诺日朗 0.0 0.2892812651465841 0.391304347826087 0.5112123147312856 0.7951270094057501 0.49739523464917873 0.0 0.0 
瀑布 0.0 0.460432380340012 0.2608695652173913 0.5093594266442921 0.8045591567735313 0.6340686866970494 0.0 0.0 
抢险 0.0 0.25679315509790285 0.2608695652173913 0.21918865041555544 0.8418294932099452 0.6151909806723123 0.0 0.0 
看到 0.0 0.204911574027353 0.2608695652173913 0.25386604227738313 0.9621230591620378 0.6176375517406398 0.0 0.0 
阿坝 0.0 0.32551107164508264 0.2608695652173913 0.22994629127525773 0.9734965002684202 0.39471568706713195 0.0 0.0 
责任 0.0 0.20616048939983195 0.2608695652173913 0.04060688916108506 0.9166121876546232 0.6482965049810072 0.0 0.0 
深度 0.0 0.1832865991597363 0.2608695652173913 0.28796062656118504 0.9033303595933853 0.37031620803172005 0.0 0.0 
程度 0.0 0.25693183127960845 0.2608695652173913 0.32295077600788225 0.9234255635100118 0.5764550513718887 0.0 0.0 
重要 0.0 0.16623009647771975 0.2608695652173913 0.20690282038364977 0.9557312105335736 0.6030661480335208 0.0 0.0 
中国 0.0 0.5654715159559075 0.2608695652173913 0.21292338989025794 0.9658499929021829 0.8138729240052298 0.037037037037037035 0.0 
九寨沟县 0.0 0.27616802260113893 0.5217391304347826 0.12197877050173395 0.9469107561385044 0.7024679410096616 0.04938271604938271 0.0 
规划 0.0 0.22208077986763414 0.2608695652173913 0.40498399139686475 0.8712524086753012 0.5819819031036678 0.0 0.0 
确定 0.0 0.19157385334454632 0.2608695652173913 0.09646397126140485 0.9419845515071087 0.5648089138691028 0.037037037037037035 0.0 
表示 0.0 0.3447467433364682 0.2608695652173913 0.1874867427288513 0.9804905096688279 0.6948867977049253 0.0 0.0 
构造 0.0 0.2396557340706948 0.2608695652173913 0.4625796813993658 0.7795887020764902 0.5453048997206652 0.012345679012345678 0.0 
相关 0.0 0.2201563353790679 0.2608695652173913 0.17695899288841643 0.9951301447437881 0.73296406824508 0.0 0.0 
苹果 0.0 0.3844018181383238 0.2608695652173913 0.960891263825223 0.14837723862418542 0.47193703199502174 0.04938271604938271 0.0 
灾害 0.0 0.5171072473756723 0.2608695652173913 0.2666741969667496 0.9733709736628602 0.775633215301305 0.024691358024691357 0.0 
法院 0.0 0.8746515238600718 0.2608695652173913 0.5965583738330847 0.3900201700983481 0.7282321387779686 0.024691358024691357 0.0 
安全 0.0 0.4684414561992177 0.2608695652173913 0.21420819328761437 0.9562897935652152 0.8082636242016935 0.037037037037037035 0.0 
21时 0.0 0.18324065894721506 0.21739130434782608 0.1347558165915396 0.8826977062638187 0.34871538915603056 0.0 0.0 
10日 0.0 0.3246432878125468 0.21739130434782608 0.22438033464091953 0.8968641414137213 0.6014242382854779 0.0 0.0 
问题 0.0 0.2300145802813766 0.2608695652173913 0.2207368187762807 0.9380880949534163 0.6278603731771156 0.012345679012345678 0.0 
物资 0.0 0.32251865831666326 0.2608695652173913 0.21718595638732502 0.8813329461232228 0.7018930608312604 0.012345679012345678 0.0 
传播 0.0 0.2365620604782958 0.2608695652173913 0.26812170920583867 0.9446090501396879 0.6476888221013948 0.0 0.0 
产生 0.0 0.16518534293034434 0.2608695652173913 0.23026471913681543 0.9520433672621631 0.6177682323341379 0.0 0.0 
正常 0.0 0.21675942423482678 0.2608695652173913 0.18743783586613427 0.9279729745843851 0.5582180413927148 0.024691358024691357 0.0 
性能 0.0 0.25006487859190396 0.2608695652173913 0.7627217979340459 0.5246523449151318 0.23666755542076323 0.0 0.0 
进入 0.0 0.22494035670038748 0.2608695652173913 0.15579261309020137 0.9815252166382649 0.6616618307609108 0.012345679012345678 0.0 
情况 0.0 0.3892903805020153 0.2608695652173913 0.14677280437943166 0.9713474626397676 0.7950418174662307 0.0 0.0 
藏族 0.0 0.3363023219976999 0.2608695652173913 0.2608898641128222 0.9540122664554135 0.23182267968536746 0.0 0.0 
地震烈度 20.0 0.40322235095537384 0.5217391304347826 0.7090144505839747 0.5875244263078623 0.5013270921355462 0.06172839506172839 0.0 
附近 0.0 0.23112841769165163 0.2608695652173913 0.27304421876013923 0.9633743846192088 0.6133302761925593 0.0 0.0 
甘肃 0.0 0.22530749119801025 0.2608695652173913 0.30275192327671013 0.9224905506147308 0.5164268152779073 0.012345679012345678 0.0 
游客 0.0 1.0 0.2608695652173913 0.3170652901757062 0.936755089516267 0.934591917708656 0.024691358024691357 0.0 
地震局 0.0 0.4505356874795457 0.391304347826087 0.33901178205113264 0.9230294489205341 0.6232638009092677 0.0 0.0 
支持 0.0 0.2805459724514223 0.2608695652173913 0.26955959242541155 0.6641523304652824 0.5984824601534181 0.012345679012345678 0.0 
参与 0.0 0.1851240772147169 0.2608695652173913 0.10687800099054037 0.900678748943635 0.592899718330965 0.0 0.0 
需要 0.0 0.28659819924053836 0.2608695652173913 0.24964680215801996 0.9629571240883341 0.745184009315838 0.0 0.0 
应急 0.0 0.5062528277244837 0.2608695652173913 0.22931116853312233 0.9571526644719986 0.8493530967877896 0.037037037037037035 0.0 
引发 0.0 0.24727791451201825 0.2608695652173913 0.2968599464165364 0.9078272399693871 0.4703812583825045 0.012345679012345678 0.0 
数据 0.0 0.19798791034753463 0.2608695652173913 0.28288616544690914 0.9207791793223156 0.5900509437988589 0.012345679012345678 0.0 
紧急 0.0 0.26049217175096706 0.2608695652173913 0.2600077250031687 0.9512701138516094 0.6994119900161767 0.037037037037037035 0.0 
发布 0.0 0.29288526801382436 0.2608695652173913 0.24447417213996875 0.9786363442211469 0.710681682588063 0.04938271604938271 0.0 
本次 0.0 0.24944249950441624 0.2608695652173913 0.4751462613803176 0.8242873335105447 0.45464606714307554 0.0 0.0 
死亡 0.0 0.17779018966350965 0.2608695652173913 0.1830730355635111 0.8242093023976785 0.3492186724038621 0.04938271604938271 0.0 
第一 0.0 0.3954445152575077 0.2608695652173913 0.12789154440980785 0.8692609927575837 0.8043890106995348 0.0 0.0 
范围 0.0 0.15711469414174845 0.2608695652173913 0.26650985166761487 0.9153445642361894 0.5099163718122333 0.0 0.0 
生态 0.0 0.2892812651465841 0.2608695652173913 0.41336092423026527 0.8332432685997445 0.5951128000139169 0.0 0.0 
比较 0.0 0.19826493459556754 0.2608695652173913 0.2938562827185121 0.8787235932187052 0.5054810594064237 0.0 0.0 
新浪 0.0 0.12881228358637314 0.2608695652173913 0.18493070374808934 0.8752574447263093 0.11724939551641322 0.0 0.0 
烈度 0.0 0.457610572283909 0.2608695652173913 0.5686659904742317 0.7419093505815306 0.5406120238258807 0.06172839506172839 0.0 
指挥 0.0 0.22121473520542156 0.2608695652173913 0.287088024623364 0.8819770047672905 0.6034571372676044 0.0 0.0 
方案 0.0 0.21306315461618103 0.2608695652173913 0.28300496445795464 0.8714557183520785 0.548559980752951 0.012345679012345678 0.0 
平方 0.0 0.2986214877492952 0.2608695652173913 0.7937943695069138 0.4546895001422189 0.1800944084132946 0.0 0.0 
新闻 0.0 0.27526140780442543 0.2608695652173913 0.16253043441251025 0.9571074105613058 0.7042811078791206 0.024691358024691357 0.0 
伤亡 20.0 0.326293459341778 0.2608695652173913 0.2509354995100315 0.9379985915112327 0.546465950357139 0.012345679012345678 0.0 
介绍 0.0 0.2815099103297111 0.2608695652173913 0.24757911791279646 0.9708073018423615 0.576252756527471 0.0 0.0 
大量 0.0 0.20535751702599545 0.2608695652173913 0.29763715254099926 0.936375099697544 0.5554731453478159 0.012345679012345678 0.0 
是否 0.0 0.2861957774734995 0.2608695652173913 0.30609038530299454 0.9353683678844193 0.6997498524952931 0.012345679012345678 0.0 
迅速 0.0 0.31135441791047336 0.2608695652173913 0.1863726748185862 0.8783138179988278 0.7504662836061875 0.024691358024691357 0.0 
受灾 0.0 0.32969998220360724 0.2608695652173913 0.18542094882262214 0.9747881129710012 0.7161908831912086 0.024691358024691357 0.0 
经济 0.0 0.4250042499277719 0.2608695652173913 0.2123895009388788 0.9244760211412862 0.5527861715859237 0.024691358024691357 0.0 
板块 0.0 0.26009202150680827 0.2608695652173913 0.7034189888008756 0.4947613820224645 0.5043822913634374 0.0 0.0 
告诉 0.0 0.29163087724299136 0.2608695652173913 0.26010225526006175 0.9309508427716237 0.5693200698157282 0.0 0.0 
震中 0.0 0.2440069919548319 0.2608695652173913 0.25407801466879276 0.9657978421020527 0.6544564645426111 0.024691358024691357 0.0 
群众 0.0 0.3870288525662509 0.2608695652173913 0.17172861825459926 0.928060935367949 0.7431740944516331 0.0 0.0 
生活 0.0 0.18860841284969698 0.2608695652173913 0.20554704198267815 0.8743883380279072 0.5475407306396632 0.012345679012345678 0.0 
观测 0.0 0.32323618354826983 0.2608695652173913 0.5007967644907629 0.7172131881913195 0.631119568139703 0.024691358024691357 0.0 
我国 0.0 0.48570509291395647 0.2608695652173913 0.4589706079016655 0.7479816507319658 0.5499875155903526 0.012345679012345678 0.0 
救援 0.0 0.5126505044660877 0.2608695652173913 0.21443603168996175 0.9591713350891218 0.8389352455613354 0.07407407407407407 0.0 
小时 0.0 0.3476412948293304 0.2608695652173913 0.2722236510848948 0.8693234675987075 0.6568218593856 0.024691358024691357 0.0 
左右 0.0 0.21306315461618103 0.2608695652173913 0.16200879277852584 0.8961330652129669 0.6126286240247438 0.0 0.0 
时间 0.0 0.3214442113023356 0.2608695652173913 0.14689954766689511 0.9645478251258023 0.8020786925186317 0.012345679012345678 0.0 
面积 0.0 0.25723068827416795 0.2608695652173913 0.3610061834603125 0.7949685450470172 0.3740144845030659 0.0 0.0 
环境 0.0 0.18149324371401282 0.2608695652173913 0.38057900633705083 0.8194063741221208 0.5343186848252058 0.0 0.0 
公里 0.0 0.22530749119801025 0.2608695652173913 0.17402225068683316 0.8838131535911797 0.6297161391630498 0.0 0.0 
松潘县 0.0 0.20470838541869726 0.391304347826087 0.37581157859659525 0.8959784018101254 0.3521383476993986 0.0 0.0 
研究 0.0 0.16623009647771975 0.2608695652173913 0.23288137014294083 0.971573352115012 0.5981433026107608 0.0 0.0 
部分 0.0 0.2594853106228948 0.2608695652173913 0.31153649381459975 0.9332042242394691 0.6090856948398634 0.012345679012345678 0.0 
8日 0.0 0.1745844660402432 0.17391304347826086 0.1382914630968991 0.9292033062403132 0.5224675133279275 0.0 0.0 
震源 0.0 0.23292484438848124 0.2608695652173913 0.35453327868536183 0.8760974159485051 0.40229537511890284 0.0 0.0 
四川 0.0 0.19888145388808903 0.2608695652173913 0.08717275733465994 0.9295231460203103 0.817418921880314 0.19753086419753085 0.0 
魏巍 0.0 0.5834335736194908 0.2608695652173913 0.9334070095881999 0.2628396798490463 0.6453150545360301 0.0 0.0 
管理 0.0 0.16400652598206053 0.2608695652173913 0.2763527685958084 0.9053023327940035 0.49801237880093024 0.0 0.0 
抗震救灾 0.0 0.4102626137378564 0.5217391304347826 0.25553987625729585 0.9517251795845244 0.7259541816147083 0.0 0.0 
漳扎镇 0.0 0.2787008659321194 0.391304347826087 0.3347148778720855 0.919065696655759 0.6435790572837458 0.012345679012345678 0.0 
受伤 0.0 0.1708983578227851 0.2608695652173913 0.2947306741008773 0.8700695211308055 0.46938044871846313 0.012345679012345678 0.0 
保障 0.0 0.4899745177696141 0.2608695652173913 0.2908746327752644 0.878997933897681 0.7247855829724912 0.0 0.0 
发现 0.0 0.23383927400700646 0.2608695652173913 0.18404047660795306 0.8938873409010873 0.6678961834668322 0.024691358024691357 0.0 
记者 0.0 0.3285495664794189 0.2608695652173913 0.14132411900832745 0.943782044678254 0.842005101932562 0.0 0.0 
方面 0.0 0.19826493459556754 0.2608695652173913 0.36865260175460796 0.8883225688421514 0.5171653539867729 0.0 0.0 
水平 0.0 0.2634146670233581 0.2608695652173913 0.4283013271516812 0.796833637303149 0.3783426630179193 0.0 0.0 
研究员 0.0 0.3152317987134573 0.391304347826087 0.32173670678416283 0.8564122709000506 0.502412478785691 0.0 0.0 
台网 0.0 0.2742758354320037 0.2608695652173913 0.33760504348134057 0.8263421381635012 0.4498790756815881 0.024691358024691357 0.0 
监测 0.0 0.326852286977758 0.2608695652173913 0.2811663275513313 0.9206396818024948 0.6519753867083975 0.0 0.0 
处于 0.0 0.23198772989450922 0.2608695652173913 0.3167619557374643 0.8920573253631692 0.5324556282951561 0.0 0.0 
自治州 0.0 0.35479202800598125 0.391304347826087 0.26517095258471435 0.9435009456135633 0.252322804458118 0.0 0.0 
灾情 0.0 0.21806186743514602 0.2608695652173913 0.24365917776607365 0.9096006956836238 0.6186879588186205 0.012345679012345678 0.0 
调查 0.0 0.1698054630662514 0.2608695652173913 0.3201179208948914 0.8993709127884306 0.5771545802745083 0.0 0.0 
国家 0.0 0.2356433832836824 0.2608695652173913 0.16631437840616736 0.9338371522136159 0.6984291636194632 0.0 0.0 
公益 0.0 0.42525589553374277 0.2608695652173913 0.40480065260284553 0.6232488896245799 0.6955488833427492 0.024691358024691357 0.0 
启动 0.0 0.25545211325551187 0.2608695652173913 0.26140403536631657 0.8659539321567226 0.6033102470114632 0.024691358024691357 0.0 
破坏 0.0 0.5097369308962774 0.2608695652173913 0.3902596775859874 0.8645763457621259 0.7061019254485676 0.037037037037037035 0.0 
灾区 0.0 0.6190268544927262 0.2608695652173913 0.16576739795385292 0.9627830437501541 0.8795265274765446 0.14814814814814814 0.0 
法律 0.0 0.3311240954703585 0.2608695652173913 0.2144003231334486 0.6816427819247348 0.6172463434951962 0.012345679012345678 0.0 
伤员 0.0 0.34348844403907924 0.2608695652173913 0.27845986440721876 0.8913166625162243 0.6682969867999037 0.012345679012345678 0.0 
严重 0.0 0.3603911089168363 0.2608695652173913 0.26579926511961915 0.9391108373107753 0.6082091210981293 0.024691358024691357 0.0 
重建 0.0 0.5477829637128964 0.2608695652173913 0.2782038585212437 0.9255624519944032 0.6822621826930622 0.04938271604938271 0.0 
正在 0.0 0.1863448686795848 0.2608695652173913 0.14338712891591843 0.9392486994545174 0.6012520777468725 0.0 0.0 
景观 0.0 0.48206531405204306 0.2608695652173913 0.5168574661837618 0.76456821897201 0.6561289473085715 0.0 0.0 
羌族 0.0 0.2736470931564545 0.2608695652173913 0.27556085403272246 0.9355219827144244 0.13040774293828705 0.0 0.0 
编辑 0.0 0.1482826862298958 0.2608695652173913 0.07242831916985393 0.8406995740924582 0.405442944030888 0.0 0.0 
临时 0.0 0.19625109744582608 0.2608695652173913 0.3126995354993621 0.9096198145856272 0.5923844456084485 0.0 0.0 
提供 0.0 0.23248752111777976 0.2608695652173913 0.21463478911440964 0.9771156872717782 0.7060499119169131 0.0 0.0 
公安 0.0 0.27770131510783197 0.2608695652173913 0.4647021798399526 0.7779621977453663 0.5052541910899124 0.0 0.0 
加强 0.0 0.23383927400700646 0.2608695652173913 0.3872533977499648 0.8800097009362198 0.544615603546119 0.0 0.0 
认为 0.0 0.24095414188912923 0.2608695652173913 0.26082267952644334 0.8671853282909872 0.5949806037777342 0.012345679012345678 0.0 
出现 0.0 0.24095414188912923 0.2608695652173913 0.2052152353873993 0.892473551267113 0.6795772764162245 0.0 0.0 
人口 0.0 0.196759993438525 0.2608695652173913 0.5266193754335302 0.7832634865553129 0.33589565113478065 0.0 0.0 
遇难者 30.0 0.21347922611413356 0.391304347826087 0.2092844213507343 0.4820519153481907 0.5300654766152856 0.06172839506172839 0.0 
四川省 0.0 0.43923064493459596 0.391304347826087 0.1694507656128504 0.9710740003877084 0.7522880030653332 0.012345679012345678 0.0 
公司 0.0 0.3907687208198008 0.2608695652173913 0.382614249463372 0.7794826634947917 0.6652034816260365 0.024691358024691357 0.0 
总体 0.0 0.2748056424772286 0.2608695652173913 0.6330387159735807 0.6011595265042512 0.35928476770766404 0.0 0.0 
员工 0.0 0.18936021753736393 0.2608695652173913 0.3197803602278028 0.7509699643046217 0.6311198411868615 0.0 0.0 
建筑物 0.0 0.32309877253722097 0.391304347826087 0.5841170068279575 0.7752270436730557 0.4943485355920443 0.012345679012345678 0.0 
完成 0.0 0.19003893143685088 0.2608695652173913 0.21452983327735317 0.9206809841241462 0.6472444742664012 0.012345679012345678 0.0 
交通 0.0 0.3331234525629843 0.2608695652173913 0.2602745840613535 0.9414432260155823 0.6462069250586383 0.0 0.0 
单位 0.0 0.1972271913611276 0.2608695652173913 0.21345126225860567 0.9365351797030762 0.6110339153870775 0.0 0.0 
涉及 0.0 0.26604635118198255 0.2608695652173913 0.37032759993816344 0.8965554404576147 0.42442898893873604 0.0 0.0 
疏散 0.0 0.3865151230475033 0.2608695652173913 0.35786255207198797 0.9094855731908909 0.7168653881219453 0.024691358024691357 0.0 
成都 0.0 0.4059740639550639 0.2608695652173913 0.15502031382357984 0.9246844820399939 0.7981446321141196 0.012345679012345678 0.0 
导游 0.0 0.34587036300924995 0.2608695652173913 0.6691664105066119 0.703058501250373 0.6597493382935405 0.012345679012345678 0.0 
救援队 0.0 0.3415290097873613 0.391304347826087 0.32488907186875704 0.7779273497749882 0.6995940579149369 0.012345679012345678 0.0 
使用 0.0 0.25006487859190396 0.2608695652173913 0.31845157311041083 0.9566784993547428 0.6516912729710307 0.0 0.0 
国土 0.0 0.29479208285239394 0.2608695652173913 0.1936130826195275 0.785368390705259 0.5078254706238183 0.012345679012345678 0.0 
倒塌 0.0 0.18936021753736393 0.2608695652173913 0.5818587349295304 0.7998817193415394 0.3623491462798456 0.0 0.0 
地震 0.0 0.04240745444243693 0.2608695652173913 0.06015989856160209 0.9202934225251631 1.0 1.0 0.0 
断裂 0.0 0.3404618330326342 0.2608695652173913 0.5350661799062865 0.7266922850465339 0.5378394827754277 0.0 0.0 
自然 0.0 0.46261151172542925 0.2608695652173913 0.34310969188662127 0.8827217938799945 0.698720197287075 0.0 0.0 
用地 0.0 0.7082674337941168 0.2608695652173913 1.0 0.0 0.664353221674976 0.0 0.0 
要求 0.0 0.2555264627914715 0.2608695652173913 0.2739539140066516 0.9293709831191946 0.631232056894929 0.0 0.0 
抗震 0.0 0.5768290562229669 0.2608695652173913 0.6800009528282356 0.5994572999889622 0.4100456459698953 0.0 0.0 
现在 0.0 0.204911574027353 0.2608695652173913 0.23331114337330364 0.9349902875122745 0.6393149848665508 0.0 0.0 
现场 0.0 0.30395540454219094 0.2608695652173913 0.266938127403333 0.9319233336875539 0.6989831036584945 0.024691358024691357 0.0 
导致 0.0 0.14560698104701378 0.2608695652173913 0.20690572105375893 0.9530053673452437 0.5460638411772502 0.0 0.0 
修复 0.0 0.554874546211503 0.2608695652173913 0.36398656143836594 0.8928543386397113 0.7456685287736342 0.06172839506172839 0.0 
工程 0.0 0.27827579932763014 0.2608695652173913 0.1698687513577914 0.860630137166446 0.6038934851472318 0.037037037037037035 0.0 
开展 0.0 0.2183670829979982 0.2608695652173913 0.20358704336014755 0.9705167473680664 0.7146893083242534 0.024691358024691357 0.0 
部门 0.0 0.31197533447048326 0.2608695652173913 0.22708146831441103 0.9748095675228972 0.7114025744188942 0.0 0.0 
建筑 0.0 0.35235167781817944 0.2608695652173913 0.5201999572660538 0.8002842953231318 0.4484402811758631 0.0 0.0 
服务 0.0 0.34510545928947123 0.2608695652173913 0.28035966895116377 0.8160228089865925 0.7155639853594928 0.0 0.0 
安置 0.0 0.2229695290447769 0.2608695652173913 0.24779283259740364 0.9654544119854848 0.6207641586580535 0.0 0.0 
规定 0.0 0.3039936894417736 0.2608695652173913 0.28251979051913956 0.9273845893494703 0.5873947710707453 0.0 0.0 
组织 0.0 0.3374893465945884 0.2608695652173913 0.2637191131057427 0.9752800428356123 0.7653049024898406 0.0 0.0 
土地 0.0 0.5187184735664866 0.2608695652173913 0.33734018524745957 0.4366530165221135 0.6776402363583828 0.0 0.0 
建设 0.0 0.27770131510783197 0.2608695652173913 0.33098713399164564 0.8568834578514956 0.6426466768904117 0.0 0.0 
汶川 0.0 0.3144185931226645 0.2608695652173913 0.370114081403685 0.9167256850964582 0.5443671318773311 0.012345679012345678 0.0 
稳定 0.0 0.22804264130921048 0.2608695652173913 0.223336755085154 0.9499100115590732 0.6228658730751232 0.012345679012345678 0.0 
研究所 0.0 0.30116807378161337 0.391304347826087 0.36584250007139313 0.8931896457892078 0.3699766318936772 0.0 0.0 
九寨沟+地震 0.0 0.2746551035352462 0.6956521739130435 0.08821164293745025 0.9402698383238612 0.5718245567252285 0.5061728395061729 0.5 
恢复+重建 20.0 0.3876582227735333 0.5652173913043478 0.4954951451287668 0.7429145442264679 0.40365852626711207 0.037037037037037035 0.5 
2017年+8月 0.0 0.09476364177219693 0.0 0.09158586470776783 0.884207779794986 0.32283651669403923 0.0 0.5 
8月+8日 0.0 0.15187345421725487 0.0 0.1390497672444085 0.9355448797275047 0.36455458268997953 0.0 0.5 
四川省+阿坝 0.0 0.26601816537549205 0.0 0.32117410672206187 0.8572462099364455 0.14318064159259725 0.0 0.5 
阿坝+藏族 0.0 0.2736470931564545 0.0 0.27556085403272246 0.9355219827144244 0.1626471061343325 0.0 0.5 
藏族+羌族 0.0 0.2736470931564545 0.0 0.27556085403272246 0.9355219827144244 0.11266221376617497 0.0 0.5 
羌族+自治州 0.0 0.2736470931564545 0.0 0.27556085403272246 0.9355219827144244 0.13040774293828705 0.0 0.5 
自治州+九寨沟县 0.0 0.27827579932763014 0.0 0.3113635819857058 0.9057616183994162 0.1269359834884898 0.0 0.5 
九寨沟县+发生 0.0 0.1382937491624464 0.0 0.12002391330501837 0.9013344975873956 0.17487445568099194 0.0 0.5 
发生+7.0 0.0 0.14685665406859225 0.0 0.1298083125846572 0.8843971462964113 0.22464599976102526 0.0 0.5 
7.0+级 0.0 0.0 0.0 0.05838799858055885 0.9213653807514732 0.35525852656632906 0.2345679012345679 0.5 
级+地震 0.0 0.05126318393283853 0.0 0.0600733101524981 0.918868969083117 0.4551085791090566 0.20987654320987653 0.5 
人员+伤亡 30.0 0.2587086846805052 0.0 0.2801699480778082 0.897296675080572 0.2907631790547546 0.0 0.5 
经济+损失 30.0 0.3261575711185721 0.0 0.253147824770847 0.7944290119535856 0.3399943184640306 0.024691358024691357 0.5 
地震+灾区 0.0 0.2936676301357535 0.0 0.23001536385279148 0.8919780455186767 0.5173360015259479 0.13580246913580246 0.5 
重建+工作 0.0 0.0894197613338378 0.0 0.4229052012980732 0.8373648460185846 0.22167944388561142 0.012345679012345678 0.5 
地质+灾害 30.0 0.2854296394660886 0.0 0.432665993134466 0.8480981996132907 0.48218060898482 0.012345679012345678 0.5 
灾害+防治 0.0 0.14438672186168736 0.0 0.6145358855234749 0.5657056746560089 0.3172906451428483 0.0 0.5 
排+查 0.0 0.13969892931590389 0.0 0.3170951626574947 0.8703442619707898 0.3308421588310059 0.0 0.5 
应急+响应 0.0 0.18461035813221643 0.0 0.3058144500063245 0.7453987856953157 0.34292212528863764 0.012345679012345678 0.5 
次生+地质 0.0 0.090268623344473 0.0 0.5829575908126577 0.6501595082804058 0.12613927293837926 0.0 0.5 
基础+设施 0.0 0.17814339436018878 0.0 0.5167487958171191 0.7683205948793015 0.35822274087655076 0.0 0.5 
发生+地震 0.0 0.11663105464927025 0.0 0.23021297396023524 0.9146301011881086 0.3961829701509422 0.024691358024691357 0.5 
过程+中 0.0 0.12791264376728323 0.0 0.13953312102715676 0.9119403850987443 0.34845557747805034 0.0 0.5 
自然+景观 0.0 0.1595212198437845 0.0 0.6534200865314741 0.4266048558034364 0.2989035204440739 0.0 0.5 
抢险+救灾 0.0 0.09929389463921341 0.0 0.17849948694789936 0.7884101200221997 0.37942279101005066 0.0 0.5 
受灾+群众 0.0 0.22262563923347303 0.0 0.24375066387578498 0.8957259865753973 0.40763985333002223 0.0 0.5 
九寨沟县+漳扎镇 0.0 0.15557572730159333 0.0 0.3940736893921261 0.7800000121765456 0.2320678430662699 0.0 0.5 
绵阳市+平武县 0.0 0.17432893046970754 0.0 0.37273262582704675 0.662043772218968 0.129585998028626 0.0 0.5 
新浪+财经 0.0 0.12520395340242735 0.0 0.16963058971569667 0.8887988072413245 0.07354115083133432 0.0 0.5 
财经+股吧 0.0 0.12520395340242735 0.0 0.16963058971569667 0.8887988072413245 0.05078060881012516 0.0 0.5 
九寨沟+7.0 0.0 0.2159436282779021 0.0 0.06315089413814584 0.9215394482262955 0.23659827269902067 0.2222222222222222 0.5 
严重+破坏 0.0 0.10883347768176585 0.0 0.6164198486428476 0.7051384887984649 0.22595593994009266 0.012345679012345678 0.5 
九寨沟+发生 0.0 0.09476364177219693 0.0 0.19338440319267106 0.7375042785642589 0.24687544825797259 0.012345679012345678 0.5 
九寨沟+景区 20.0 0.439837996181418 0.0 0.3400936490888112 0.959941372462048 0.5127651613445153 0.012345679012345678 0.5 
诺日朗+瀑布 0.0 0.28665053107008687 0.0 0.5093594266442921 0.8045591567735313 0.41704203083311997 0.0 0.5 
地震+发生 0.0 0.31836387141920924 0.0 0.14358344788304508 0.9680628760865294 0.36734419704397414 0.012345679012345678 0.5 
告诉+记者 0.0 0.17689357363595065 0.0 0.3165854168607412 0.8958707643360406 0.2945467202916991 0.0 0.5 
副+主任 0.0 0.1116782177179393 0.0 0.32442474155871626 0.8312185242404441 0.34631893511359785 0.0 0.5 
原+标题 0.0 0.1157637030978135 0.0 0.046563702857055654 0.8475997199289304 0.16109039441484194 0.0 0.5 
责任+编辑 0.0 0.1184236720548514 0.0 0.0983816959484218 0.8494053517475754 0.294227050565884 0.0 0.5 
地震+影响 0.0 0.12954736677926265 0.5652173913043478 0.36240978552412256 0.8641053888208771 0.3373616680161945 0.012345679012345678 0.5 
九寨沟+旅游 0.0 0.12120709940572394 0.0 0.6053815631356952 0.7585753108730547 0.35171864875423314 0.0 0.5 
名+游客 0.0 0.15653139289535303 0.0 0.5589129556196386 0.850704858012524 0.435718429677038 0.0 0.5 
8月+9日 0.0 0.25045672428369214 0.0 0.2520363472201586 0.8982309924371148 0.3704084610551051 0.0 0.5 
自然+遗产 0.0 0.11448365709817514 0.0 0.5056878520880548 0.7446007474797274 0.25687172190916907 0.0 0.5 
四川+九寨沟 0.0 0.24559576767592473 0.6956521739130435 0.14825300733058083 0.9591097382736993 0.3628924370291411 0.12345679012345678 0.5 
8日+晚 0.0 0.12859279366368165 0.0 0.4052992035886966 0.8445584019947979 0.2774636435864019 0.0 0.5 
阿坝州+九寨沟县 0.0 0.1426443993553697 0.0 0.192697518098783 0.8211383015191104 0.21105528271197072 0.0 0.5 
第一+时间 0.0 0.2300145802813766 0.0 0.2110884544731481 0.8441680188544745 0.5381209563455656 0.0 0.5 
九寨沟+震区 0.0 0.1312601066171768 0.6956521739130435 0.3000805088554969 0.8613521265693722 0.295034406882612 0.04938271604938271 0.5 
野生+大熊猫 20.0 0.14660664825985684 0.6956521739130435 0.7172948131961753 0.428174317172894 0.40629460792222416 0.012345679012345678 0.5 
生态+环境 20.0 0.09453523264099768 0.0 0.6506529881935695 0.5948343807702887 0.21394813324454034 0.0 0.5 
高山+峡谷 0.0 0.08542944244090586 0.0 0.6881654859353876 0.5605680180686031 0.12754973832210137 0.0 0.5 
研究所+研究员 0.0 0.24414841606982865 0.0 0.40516276063054035 0.8149454309454218 0.31537903915107685 0.0 0.5 
黄龙+机场 0.0 0.1609936970899876 0.0 0.39461541419392004 0.7661908989324082 0.3303146790085415 0.024691358024691357 0.5 
8日+21时 0.0 0.14358598540522097 0.0 0.12520182599847707 0.8925519380550044 0.20365548805067238 0.0 0.5 
21时+19分 0.0 0.14156131966793048 0.0 0.14047393676246545 0.896587995424364 0.16531865492410355 0.0 0.5 
两+次 0.0 0.23008024933689833 0.0 0.3479023123616389 0.7492447255882834 0.35937506581801093 0.012345679012345678 0.5 
垮+塌 0.0 0.19625109744582608 0.0 0.3339589687204843 0.9473590270387082 0.40008608778374977 0.012345679012345678 0.5 
次生+灾害 30.0 0.18603998675529013 0.0 0.3133495881321782 0.882280985878992 0.39787907664086086 0.012345679012345678 0.5 
震源+深度 0.0 0.1596359635389632 0.0 0.3111085939244768 0.896099395581703 0.2695881769117342 0.0 0.5 
20+千米 0.0 0.08542944244090586 0.0 0.5455559641051458 0.7198485780440523 0.1721066695537065 0.0 0.5 
青海+玉树 0.0 0.08542944244090586 0.0 0.646608003680201 0.6034808738499348 0.11208007074933111 0.0 0.5 
地震+救援 30.0 0.1279609222841057 0.0 0.5793638669446224 0.4749346669037561 0.28014922262937203 0.037037037037037035 0.5 
九寨沟+法院 10.0 0.36558128531962364 0.6956521739130435 1.0 0.0 0.35281978783674994 0.012345679012345678 0.5 
抗震救灾+工作 0.0 0.2241999916126512 0.0 0.3524825050484484 0.8876647596049113 0.37153684015088034 0.0 0.5 
工作+中 0.0 0.10593907241351773 0.0 0.4266673259806123 0.7084756127228926 0.2910943054695187 0.0 0.5 
24+小时 0.0 0.14172019293770213 0.0 0.35907712489411475 0.740827639445604 0.35455413293632354 0.012345679012345678 0.5 
转移+安置 30.0 0.12339576813783536 0.0 0.4925993622472814 0.8026970379628128 0.23887083534626405 0.0 0.5 
救援+工作 20.0 0.15789232224354682 0.0 0.24365007277974318 0.8480385465018828 0.3795266913942181 0.0 0.5 
余+名 0.0 0.08456102041240894 0.0 0.4509272945007482 0.7741178002504729 0.37111696838024466 0.0 0.5 
滞留+游客 30.0 0.1129339340522119 0.0 0.4490279034684065 0.7457368680298695 0.313048787451401 0.012345679012345678 0.5 
8月+11日 0.0 0.16792983979090792 0.0 0.11937462955999857 0.783840717685901 0.35636013516351017 0.0 0.5 
8月+10日 0.0 0.1769203309483742 0.0 0.20676907723990223 0.907079413362365 0.2536994280332036 0.0 0.5 
新闻+发布会 0.0 0.1469918098528006 0.0 0.4641868640641088 0.8344432466148284 0.36999822978581676 0.0 0.5 
地震+时 0.0 0.10450944486958641 0.0 0.41282271059788483 0.8650887943791341 0.33391114642354486 0.0 0.5 
次+地震 0.0 0.28659819924053836 0.0 0.300220441768423 0.9324107435864334 0.33204963417754146 0.0 0.5 
地震+中 0.0 0.19823167731502656 0.0 0.27452390107950264 0.9723858172518759 0.4078597709957818 0.012345679012345678 0.5 
抗震救灾+指挥部 0.0 0.1469918098528006 0.0 0.36624903273483 0.8544023014601365 0.37920564586545347 0.0 0.5 
法治+周末 0.0 0.17520009172286635 0.0 1.0 0.0 0.24136045305426418 0.0 0.5 
四川+阿坝州 0.0 0.13383523962917365 0.0 0.2002036447256427 0.8112344556832477 0.17622225300077157 0.0 0.5 
汶川+地震 0.0 0.24887578660123472 0.0 0.3983891496177017 0.9060802895342994 0.41529285969812 0.012345679012345678 0.5 
抢险+救援 20.0 0.10593907241351773 0.0 0.5465133173747414 0.6726951637939323 0.3160389710178525 0.0 0.5 
生命+通道 0.0 0.09492814747863627 0.0 0.46911742360861436 0.7613727183669513 0.3390138326288343 0.012345679012345678 0.5 
救援+人员 0.0 0.1643547182411188 0.0 0.4039762812773866 0.749672473173488 0.37961370323598514 0.0 0.5 
名+遇难者 0.0 0.10450944486958641 0.0 0.24961846956883682 0.4650666054885223 0.33319207183747057 0.024691358024691357 0.5 
工作+人员 0.0 0.17814339436018878 0.0 0.3515920282574474 0.8758810876361556 0.4340169611557325 0.0 0.5 
灾区+道路 20.0 0.19792978879920775 0.0 0.7306041178787354 0.5497448228670504 0.29432230600836573 0.0 0.5 
九寨沟+县城 0.0 0.17200462202528155 0.0 0.28467725928061066 0.6917193444323881 0.32195364473045085 0.012345679012345678 0.5 
造成+25 0.0 0.10880817201670555 0.0 0.5039047797704078 0.23134900672568656 0.10347083720762537 0.037037037037037035 0.5 
发生+6.6 0.0 0.0894197613338378 0.0 0.4301780375438698 0.6880440992567338 0.16967360304010465 0.0 0.5 
6.6+级 0.0 0.13116150803842827 0.0 0.42999276198331704 0.760933636815482 0.21090839758775778 0.0 0.5 
新疆+精河 0.0 0.09987984765477569 0.0 0.5845404757396299 0.6860870521860106 0.23853822717272904 0.012345679012345678 0.5 
中国+地震局 0.0 0.3632481775665834 0.0 0.38995136596848007 0.8960009604334702 0.36066205169928656 0.0 0.5 
我国+地震 0.0 0.20448071086250438 0.0 0.7138590653439937 0.42769223811323936 0.3027175029215663 0.012345679012345678 0.5 
南北+地震 0.0 0.1298805560674314 0.0 0.8662059119876465 0.4308879604901227 0.20390632655747642 0.0 0.5 
中国+地震 0.0 0.18149324371401282 0.0 0.39149971624885394 0.8060356043031656 0.24307327390212247 0.0 0.5 
地震+台网 0.0 0.24095414188912923 0.0 0.32534388692563115 0.836066199560732 0.31271064827013834 0.024691358024691357 0.5 
台网+中心 0.0 0.16056844015712812 0.0 0.5497635864908591 0.7109941485337646 0.24133421621247844 0.0 0.5 
地震局+地质 0.0 0.183015546960163 0.0 0.5081338288702043 0.8207581330249706 0.13797308293166624 0.0 0.5 
地质+研究所 0.0 0.183015546960163 0.0 0.5081338288702043 0.8207581330249706 0.15770043570320233 0.0 0.5 
本次+地震 0.0 0.22044189933473857 0.0 0.5006788273990097 0.8047673236681827 0.2843030906778405 0.0 0.5 
连续+发生 0.0 0.1279609222841057 0.0 0.7034189888008756 0.4947613820224645 0.1934421184356753 0.0 0.5 
地震+专家 0.0 0.08542944244090586 0.0 0.41398580128060897 0.7211268763798214 0.2297090524311416 0.0 0.5 
地震+活动 0.0 0.4142449706017489 0.0 0.7244260720817345 0.40908203494670686 0.36812855724557025 0.012345679012345678 0.5 
6.5+级 0.0 0.10784357754753365 0.0 0.6288045818093102 0.6482810543593014 0.13937646153410227 0.0 0.5 
地震+灾害 0.0 0.13969892931590389 0.0 0.38690565556426815 0.9156647831268406 0.395972916959853 0.0 0.5 
灾区+捐款 30.0 0.11694999734881172 0.5652173913043478 0.576799693034292 0.43506551612196126 0.23817888149292823 0.04938271604938271 0.5 
中国+经济 0.0 0.17520009172286635 0.0 1.0 0.0 0.173123956216127 0.0 0.5 
经济+周刊 0.0 0.17520009172286635 0.0 1.0 0.0 0.1091216081149198 0.0 0.5 
四川+省政府 0.0 0.1128686817993368 0.0 0.09073076664633085 0.6927343711921067 0.20098782121705372 0.0 0.5 
省政府+新闻办 0.0 0.10372226867999731 0.0 0.09073076664633085 0.6927343711921067 0.1668214787969165 0.0 0.5 
人口+密度 0.0 0.08542944244090586 0.0 0.6928459514870452 0.6494456672226493 0.10022768145300788 0.0 0.5 
澎湃+新闻 0.0 0.10880817201670555 0.0 0.17928659491941515 0.4522784245477241 0.2265234074491366 0.0 0.5 
8月+13日 0.0 0.10784357754753365 0.0 0.0987814555809534 0.5726980857683001 0.2886691029001642 0.0 0.5 
薇+美姿 0.0 0.1942382110827896 0.43478260869565216 1.0 0.0 0.23655867428367344 0.012345679012345678 0.5 
8月+12日 0.0 0.16415367108280043 0.0 0.19004055708046588 0.8095942997649731 0.3487975782254827 0.0 0.5 
四川省+地震 0.0 0.1128686817993368 0.0 0.6069538750632371 0.6292384791753672 0.15567041827062306 0.0 0.5 
台+站 0.0 0.2112492194666116 0.0 0.6084680429718811 0.5239134850079725 0.37063285533234314 0.0 0.5 
地震+监测 0.0 0.19792978879920775 0.0 0.6084680429718811 0.5239134850079725 0.3038436701598979 0.0 0.5 
四川省+地震局 10.0 0.13360602679474232 0.0 0.5600114444549742 0.6023539606481766 0.2816923884420036 0.0 0.5 
短+时间 0.0 0.10880817201670555 0.0 0.649459901398154 0.37084867393708737 0.18599660066375276 0.012345679012345678 0.5 
18295+平方 0.0 0.09987984765477569 0.0 0.7937943695069138 0.4546895001422189 0.05078060881012516 0.0 0.5 
造成+四川省 0.0 0.0894197613338378 0.0 0.7937943695069138 0.4546895001422189 0.05078060881012516 0.0 0.5 
县+受灾 0.0 0.12080002029623893 0.0 0.7937943695069138 0.4546895001422189 0.12143448235703978 0.0 0.5 
建筑+抗震 20.0 0.11663105464927025 0.0 0.7490542872013308 0.5468520366509804 0.07500536924249718 0.0 0.5 
抗震+设防 20.0 0.31874302798467397 0.0 0.7490542872013308 0.5468520366509804 0.242028466462711 0.0 0.5 
设防+水平 0.0 0.1693559172584522 0.0 0.7490542872013308 0.5468520366509804 0.14898333694057106 0.0 0.5 
农村+民居 0.0 0.08456102041240894 0.0 0.7861309853740193 0.47549831073951826 0.11681154441468643 0.0 0.5 
民居+抗震 0.0 0.08456102041240894 0.0 0.7861309853740193 0.47549831073951826 0.10577053107337127 0.0 0.5 
震区+属于 0.0 0.08021472855369603 0.0 0.7660476912972269 0.497406873279551 0.0930398663233407 0.0 0.5 
属于+高山 0.0 0.08021472855369603 0.0 0.7660476912972269 0.497406873279551 0.10494780720922486 0.0 0.5 
地震+引发 0.0 0.08975431159624847 0.0 0.7660476912972269 0.497406873279551 0.08108362627310253 0.012345679012345678 0.5 
人员+转移 30.0 0.09457585556024534 0.0 0.6769810964365168 0.647700850469525 0.12411943520174973 0.0 0.5 
安置+难度 0.0 0.08021472855369603 0.0 0.7660476912972269 0.497406873279551 0.05078060881012516 0.0 0.5 
地震局+现场 0.0 0.08456102041240894 0.0 0.7608762978717919 0.4821306157116222 0.13641264584467303 0.0 0.5 
现场+工作队 0.0 0.08975431159624847 0.0 0.6640340812231589 0.5949261144638074 0.16177799549844482 0.0 0.5 
区+涉及 0.0 0.09492814747863627 0.0 0.804342455491579 0.40050338464026447 0.14873901142297538 0.0 0.5 
涉及+四川省 0.0 0.2270592467013389 0.0 0.804342455491579 0.40050338464026447 0.1337294526758396 0.0 0.5 
建筑物+损毁 0.0 0.09929389463921341 0.0 0.745574666107828 0.518022073395752 0.1320726558396398 0.0 0.5 
损毁+程度 0.0 0.09929389463921341 0.0 0.745574666107828 0.518022073395752 0.1320726558396398 0.0 0.5 
远+低于 0.0 0.08975431159624847 0.0 0.745574666107828 0.518022073395752 0.11688017555223006 0.0 0.5 
低于+青海 0.0 0.08021472855369603 0.0 0.745574666107828 0.518022073395752 0.06911058289787386 0.0 0.5 
玉树+7.1级 0.0 0.08021472855369603 0.0 0.745574666107828 0.518022073395752 0.05078060881012516 0.0 0.5 
四川+芦山 0.0 0.08021472855369603 0.0 0.745574666107828 0.518022073395752 0.07459649058182016 0.0 0.5 
芦山+7.0级 0.0 0.08021472855369603 0.0 0.745574666107828 0.518022073395752 0.08501688357720648 0.0 0.5 
云南+鲁甸 0.0 0.09894102637135131 0.0 0.5059238790888801 0.7663348902215292 0.16593484118330176 0.0 0.5 
鲁甸+6.5 0.0 0.09929389463921341 0.0 0.7660476912972269 0.497406873279551 0.07449094781406772 0.0 0.5 
附近+区域 0.0 0.09453523264099768 0.0 0.7999930529493329 0.47488723585139647 0.08324745066793558 0.0 0.5 
区域+设防 0.0 0.09453523264099768 0.0 0.7999930529493329 0.47488723585139647 0.05078060881012516 0.0 0.5 
设防+烈度 0.0 0.09453523264099768 0.0 0.7999930529493329 0.47488723585139647 0.06193957109319721 0.0 0.5 
震区+房屋 0.0 0.10372226867999731 0.0 0.7627217979340459 0.5246523449151318 0.05078060881012516 0.0 0.5 
房屋+建筑 0.0 0.10784357754753365 0.0 0.7490542872013308 0.5468520366509804 0.09286769992378757 0.0 0.5 
抗震+性能 20.0 0.25006487859190396 0.0 0.7627217979340459 0.5246523449151318 0.16199693088088868 0.0 0.5 
性能+总体 0.0 0.08456102041240894 0.0 0.7999930529493329 0.47488723585139647 0.05078060881012516 0.0 0.5 
地震+恢复 20.0 0.09905610044620958 0.0 0.6909915340710759 0.582829394106854 0.08741105675090999 0.012345679012345678 0.5 
新建+建筑 0.0 0.08542944244090586 0.0 0.7627217979340459 0.5246523449151318 0.05078060881012516 0.0 0.5 
建筑+达到 0.0 0.08542944244090586 0.0 0.7627217979340459 0.5246523449151318 0.05078060881012516 0.0 0.5 
设防+要求 0.0 0.08542944244090586 0.0 0.7627217979340459 0.5246523449151318 0.05078060881012516 0.0 0.5 
经受+住 0.0 0.13443208155535258 0.0 0.7999930529493329 0.47488723585139647 0.16284910283166354 0.024691358024691357 0.5 
城镇+建筑物 0.0 0.08542944244090586 0.0 0.7627217979340459 0.5246523449151318 0.05876570170703169 0.0 0.5 
框架+结构 0.0 0.1128686817993368 0.0 0.7627217979340459 0.5246523449151318 0.12767074039549123 0.0 0.5 
乡村+传统 0.0 0.08542944244090586 0.0 0.7627217979340459 0.5246523449151318 0.05078060881012516 0.0 0.5 
传统+民居多 0.0 0.08542944244090586 0.0 0.7627217979340459 0.5246523449151318 0.05078060881012516 0.0 0.5 
民居多+采用 0.0 0.08542944244090586 0.0 0.7627217979340459 0.5246523449151318 0.05078060881012516 0.0 0.5 
采用+穿斗 0.0 0.08542944244090586 0.0 0.7627217979340459 0.5246523449151318 0.05078060881012516 0.0 0.5 
穿斗+木结构 0.0 0.08542944244090586 0.0 0.7627217979340459 0.5246523449151318 0.05078060881012516 0.0 0.5 
房屋+倒塌 0.0 0.14299348595406747 0.0 0.7060191797563677 0.6450728768355579 0.14479479587738026 0.0 0.5 
严重+损毁 0.0 0.12201509491867628 0.0 0.7627217979340459 0.5246523449151318 0.08868614738900882 0.0 0.5 
建筑+设计 0.0 0.11033993397530104 0.0 0.8085944170312278 0.42598654937184877 0.1661352554679342 0.0 0.5 
宣传+教育 0.0 0.0894197613338378 0.0 0.8085944170312278 0.42598654937184877 0.06763543639868703 0.0 0.5 
景区+人口 0.0 0.08975431159624847 0.0 0.7660476912972269 0.497406873279551 0.07886154211115809 0.0 0.5 
人口+集中 0.0 0.08975431159624847 0.0 0.7660476912972269 0.497406873279551 0.05078060881012516 0.0 0.5 
集中+外 0.0 0.08975431159624847 0.0 0.7660476912972269 0.497406873279551 0.05078060881012516 0.0 0.5 
区域+村寨 0.0 0.08975431159624847 0.0 0.7660476912972269 0.497406873279551 0.05078060881012516 0.0 0.5 
村寨+稀疏 0.0 0.08975431159624847 0.0 0.7660476912972269 0.497406873279551 0.05078060881012516 0.0 0.5 
总体+人口 0.0 0.08021472855369603 0.0 0.7660476912972269 0.497406873279551 0.05078060881012516 0.0 0.5 
地震+震级 20.0 0.09453523264099768 0.0 0.7593530250015491 0.4858126526460413 0.13294401055752497 0.0 0.5 
道路+交通 30.0 0.13683373761554746 0.0 0.3964522867765642 0.8261562565617416 0.23357582919376774 0.0 0.5 
九寨沟+诺日朗 0.0 0.08456102041240894 0.0 0.6228572522807142 0.6396209492635987 0.1687056752335144 0.0 0.5 
活动+水平 0.0 0.1944616841871546 0.0 0.7807317332532525 0.37495205799796544 0.21355831836781994 0.0 0.5 
级+地震烈度 0.0 0.1595212198437845 0.0 0.7093718750376624 0.5354345774826023 0.16595379135574273 0.037037037037037035 0.5 
地震烈度+图 30.0 0.23279744590688947 0.6956521739130435 0.833185442475188 0.3575505372689225 0.21552086972194126 0.06172839506172839 0.5 
大部分+房屋 0.0 0.14660664825985684 0.6956521739130435 0.9958964343145059 0.01271804902493018 0.24950413146440695 0.024691358024691357 0.5 
名+队员 0.0 0.12458075550041443 0.0 0.6039503005386015 0.6523170069307034 0.29406936840807785 0.0 0.5 
进入+灾区 0.0 0.09929389463921341 0.0 0.47391313804985985 0.8506902048669113 0.30133647026912774 0.0 0.5 
甘肃省+陇南市 0.0 0.11694999734881172 0.0 0.5993843918689415 0.5814968045245968 0.12773650822765759 0.0 0.5 
陇南市+文县 0.0 0.10880817201670555 0.0 0.8509002296562536 0.2571700804655392 0.05078060881012516 0.0 0.5 
甘南+藏族 0.0 0.11694999734881172 0.0 0.5993843918689415 0.5814968045245968 0.10010136835036773 0.0 0.5 
藏族+自治州 0.0 0.11694999734881172 0.0 0.5993843918689415 0.5814968045245968 0.1056668047113182 0.0 0.5 
自治州+舟曲县 0.0 0.10880817201670555 0.0 0.8509002296562536 0.2571700804655392 0.05078060881012516 0.0 0.5 
损失+约 0.0 0.33296687718577767 0.0 0.9535259281823673 0.1308652270699399 0.2463645989272628 0.0 0.5 
余震+总数 30.0 0.10880817201670555 0.5652173913043478 0.5930896003109408 0.22256126824835798 0.13613962022563192 0.037037037037037035 0.5 
三峡+工程 30.0 0.23279744590688947 0.5652173913043478 0.8708750822494392 0.21323355832528468 0.27454700102606866 0.037037037037037035 0.5 
我国+大陆 0.0 0.15840388157277913 0.0 0.8708750822494392 0.21323355832528468 0.2567158906280162 0.0 0.5 
发生+强震 0.0 0.13133263546383864 0.0 0.880517417465316 0.17892604529164596 0.17002144660624793 0.0 0.5 
地震+平静 0.0 0.10880817201670555 0.0 0.8708750822494392 0.21323355832528468 0.11268194718941403 0.0 0.5 
水库+地震 0.0 0.11801320479684733 0.0 0.8724202140967595 0.20228390816562278 0.22163332094758723 0.0 0.5 
转移+疏散 30.0 0.09492814747863627 0.0 0.5556007902016439 0.7452886253150489 0.275603658705565 0.0 0.5 
301+省道 0.0 0.11801320479684733 0.0 0.5547217230620606 0.5446321142496949 0.30165888651067196 0.0 0.5 
中国+扶贫 0.0 0.2778463728019807 0.5652173913043478 0.960891263825223 0.14837723862418542 0.23258303291675214 0.024691358024691357 0.5 
扶贫+基金会 0.0 0.2778463728019807 0.6956521739130435 0.960891263825223 0.14837723862418542 0.23969887109307736 0.024691358024691357 0.5 
捐款+700万 10.0 0.22456865013360292 0.0 0.960891263825223 0.14837723862418542 0.22857639186024245 0.024691358024691357 0.5 
苹果+公司 10.0 0.22456865013360292 0.0 0.960891263825223 0.14837723862418542 0.28095211125780317 0.024691358024691357 0.5 
700万+元 0.0 0.19792978879920775 0.0 0.960891263825223 0.14837723862418542 0.1816838540024199 0.024691358024691357 0.5 
支持+中国 0.0 0.11801320479684733 0.0 0.960891263825223 0.14837723862418542 0.13218920687254704 0.0 0.5 
公安+交管 0.0 0.21132174831327344 0.0 1.0 0.0 0.27633310393341837 0.0 0.5 
交管+部门 10.0 0.23142371662639824 0.0 0.724175802211957 0.3713713063947632 0.33396363475783764 0.0 0.5 
司+女士 0.0 0.21327633044230032 0.0 1.0 0.0 0.25981472685268725 0.0 0.5 
灾+后+恢复 0.0 0.3731094984474337 0.6086956521739131 0.4105239609915024 0.4366530165221135 0.23105018322218315 0.012345679012345678 1.0 
2017年+8月+8日 0.0 0.08021472855369603 0.0 0.046292964198353145 0.8273002044039836 0.25239066087595263 0.0 1.0 
四川省+阿坝+藏族 0.0 0.26601816537549205 0.0 0.32117410672206187 0.8572462099364455 0.14318064159259725 0.0 1.0 
阿坝+藏族+羌族 0.0 0.2736470931564545 0.0 0.27556085403272246 0.9355219827144244 0.1626471061343325 0.0 1.0 
藏族+羌族+自治州 0.0 0.2736470931564545 0.0 0.27556085403272246 0.9355219827144244 0.11266221376617497 0.0 1.0 
羌族+自治州+九寨沟县 0.0 0.27827579932763014 0.0 0.3113635819857058 0.9057616183994162 0.11091392126375123 0.0 1.0 
九寨沟县+发生+7.0 0.0 0.13302221700704966 0.0 0.11739826499332466 0.8804575658492291 0.15070416495560182 0.0 1.0 
发生+7.0+级 0.0 0.14685665406859225 0.0 0.1298083125846572 0.8843971462964113 0.22464599976102526 0.0 1.0 
7.0+级+地震 0.0 0.043725330647749146 0.0 0.04896273011959365 0.8966070367988264 0.31793008081099183 0.19753086419753085 1.0 
次生+地质+灾害 30.0 0.090268623344473 0.0 0.5829575908126577 0.6501595082804058 0.12613927293837926 0.0 1.0 
灾+后+重建 30.0 0.14030792115776772 0.0 0.3118383368207015 0.8624264867476465 0.31145448702951145 0.012345679012345678 1.0 
自治州+九寨沟县+漳扎镇 0.0 0.12080002029623893 0.0 0.6342959097828056 0.5186461591605759 0.06385244239805081 0.0 1.0 
进入+【+新浪 0.0 0.12520395340242735 0.0 0.16963058971569667 0.8887988072413245 0.12347793998754597 0.0 1.0 
新浪+财经+股吧 0.0 0.12520395340242735 0.0 0.16963058971569667 0.8887988072413245 0.07354115083133432 0.0 1.0 
股吧+】+讨论 0.0 0.12520395340242735 0.0 0.16963058971569667 0.8887988072413245 0.05078060881012516 0.0 1.0 
九寨沟+7.0+级 0.0 0.2159436282779021 0.0 0.06315089413814584 0.9215394482262955 0.23659827269902067 0.2222222222222222 1.0 
级+地震+发生 0.0 0.12448135440895557 0.0 0.1362083876682173 0.8844870856371332 0.19020849420816 0.0 1.0 
九寨沟+地震+灾区 0.0 0.15789232224354682 1.0 0.23456180012269467 0.8190853064467886 0.34870605610957134 0.1111111111111111 1.0 
8月+8日+晚 0.0 0.10372226867999731 0.0 0.45711260494714395 0.8194928224458649 0.2249131462048851 0.0 1.0 
阿坝州+九寨沟县+发生 0.0 0.12000138789015445 0.0 0.1683135493889389 0.7586006952089126 0.14346672697286886 0.0 1.0 
四川+九寨沟+7.0 0.0 0.21224934886672006 0.0 0.19133039048018116 0.9275512465222312 0.23452500083898373 0.07407407407407407 1.0 
8月+8日+21时 0.0 0.1345720190048992 0.0 0.1314636484819808 0.8937370444125262 0.2070961947992705 0.0 1.0 
8日+21时+19分 0.0 0.12520395340242735 0.0 0.13880434460493052 0.8880804072546816 0.16200695522190278 0.0 1.0 
地震+对+九寨沟 0.0 0.1469918098528006 0.0 0.6137005733659827 0.6414703051817726 0.25326852972298625 0.0 1.0 
次+地震+中 0.0 0.10450944486958641 0.0 0.6513750845586798 0.5708203694585082 0.08910788164793573 0.0 1.0 
四川+阿坝州+九寨沟县 0.0 0.12954736677926265 0.0 0.22578382244540007 0.7947972192153984 0.1623861259540027 0.0 1.0 
地震+已+造成 0.0 0.12445786932676386 0.0 0.15761284053693717 0.6019130390285934 0.17622486753693076 0.037037037037037035 1.0 
发生+6.6+级 0.0 0.0894197613338378 0.0 0.4301780375438698 0.6880440992567338 0.16967360304010465 0.0 1.0 
6.6+级+地震 0.0 0.13116150803842827 0.0 0.42999276198331704 0.760933636815482 0.21090839758775778 0.0 1.0 
中国+地震+台网 0.0 0.165759296066898 0.0 0.39149971624885394 0.8060356043031656 0.202321654255104 0.0 1.0 
地震+台网+中心 0.0 0.1494543342775197 0.0 0.5355280171915202 0.7271076389943828 0.1746335003399198 0.0 1.0 
中国+地震局+地质 0.0 0.183015546960163 0.0 0.5081338288702043 0.8207581330249706 0.13089264389359806 0.0 1.0 
地震局+地质+研究所 0.0 0.183015546960163 0.0 0.5081338288702043 0.8207581330249706 0.13797308293166624 0.0 1.0 
两+次+地震 0.0 0.16264036557916536 0.0 0.6566139019792376 0.5617513116700169 0.189430335920329 0.0 1.0 
地质+研究所+研究员 0.0 0.13360602679474232 0.0 0.6126207887186006 0.6237120487067946 0.11265913453350329 0.0 1.0 
25+人+死亡 20.0 0.10128711260442189 0.0 0.24027389686162437 0.3296037983415404 0.10107014307941861 0.037037037037037035 1.0 
中国+经济+周刊 0.0 0.17520009172286635 0.0 1.0 0.0 0.173123956216127 0.0 1.0 
四川+省政府+新闻办 0.0 0.10372226867999731 0.0 0.09073076664633085 0.6927343711921067 0.18576741089803625 0.0 1.0 
总面积+为+18295 0.0 0.09987984765477569 0.0 0.7937943695069138 0.4546895001422189 0.07860318390018821 0.0 1.0 
平方+千+米 0.0 0.2986214877492952 0.0 0.7937943695069138 0.4546895001422189 0.14423261847360494 0.0 1.0 
四川省+、+甘肃省 0.0 0.0894197613338378 0.0 0.7937943695069138 0.4546895001422189 0.05078060881012516 0.0 1.0 
建筑+抗震+设防 10.0 0.11663105464927025 0.0 0.7490542872013308 0.5468520366509804 0.07500536924249718 0.0 1.0 
抗震+设防+水平 10.0 0.1342060088523309 0.0 0.7490542872013308 0.5468520366509804 0.10327606488931147 0.0 1.0 
水平+较+高 0.0 0.15178096305539152 0.0 0.7490542872013308 0.5468520366509804 0.08730391795300989 0.0 1.0 
农村+民居+抗震 0.0 0.08456102041240894 0.0 0.7861309853740193 0.47549831073951826 0.11681154441468643 0.0 1.0 
民居+抗震+设防 10.0 0.08456102041240894 0.0 0.7861309853740193 0.47549831073951826 0.10577053107337127 0.0 1.0 
震区+属于+高山 0.0 0.08021472855369603 0.0 0.7660476912972269 0.497406873279551 0.0930398663233407 0.0 1.0 
属于+高山+峡谷 0.0 0.08021472855369603 0.0 0.7660476912972269 0.497406873279551 0.10494780720922486 0.0 1.0 
引发+的+次生 0.0 0.08021472855369603 0.0 0.7660476912972269 0.497406873279551 0.05078060881012516 0.0 1.0 
灾害+较为+严重 0.0 0.08021472855369603 0.0 0.7660476912972269 0.497406873279551 0.05078060881012516 0.0 1.0 
增加+了+救援 0.0 0.08021472855369603 0.0 0.7660476912972269 0.497406873279551 0.05078060881012516 0.0 1.0 
救援+和+人员 0.0 0.08021472855369603 0.0 0.7660476912972269 0.497406873279551 0.05078060881012516 0.0 1.0 
人员+转移+安置 30.0 0.08021472855369603 0.0 0.7660476912972269 0.497406873279551 0.05078060881012516 0.0 1.0 
转移+安置+难度 0.0 0.08021472855369603 0.0 0.7660476912972269 0.497406873279551 0.05078060881012516 0.0 1.0 
中国+地震局+现场 0.0 0.08456102041240894 0.0 0.7608762978717919 0.4821306157116222 0.1044832595793685 0.0 1.0 
涉及+四川省+阿坝 0.0 0.2270592467013389 0.0 0.804342455491579 0.40050338464026447 0.1337294526758396 0.0 1.0 
建筑物+损毁+程度 0.0 0.09929389463921341 0.0 0.745574666107828 0.518022073395752 0.1320726558396398 0.0 1.0 
远+低于+青海 0.0 0.08021472855369603 0.0 0.745574666107828 0.518022073395752 0.06911058289787386 0.0 1.0 
低于+青海+玉树 0.0 0.08021472855369603 0.0 0.745574666107828 0.518022073395752 0.06911058289787386 0.0 1.0 
青海+玉树+7.1级 0.0 0.08021472855369603 0.0 0.745574666107828 0.518022073395752 0.06911058289787386 0.0 1.0 
7.1级+、+四川 0.0 0.08021472855369603 0.0 0.745574666107828 0.518022073395752 0.05078060881012516 0.0 1.0 
鲁甸+6.5+级 0.0 0.09929389463921341 0.0 0.7660476912972269 0.497406873279551 0.07449094781406772 0.0 1.0 
6.5+级+地震 0.0 0.09929389463921341 0.0 0.7660476912972269 0.497406873279551 0.07928265368197591 0.0 1.0 
九寨沟县+及+附近 0.0 0.09453523264099768 0.0 0.7999930529493329 0.47488723585139647 0.11908296643990725 0.0 1.0 
附近+区域+设防 0.0 0.09453523264099768 0.0 0.7999930529493329 0.47488723585139647 0.08324745066793558 0.0 1.0 
区域+设防+烈度 0.0 0.09453523264099768 0.0 0.7999930529493329 0.47488723585139647 0.05078060881012516 0.0 1.0 
震区+房屋+建筑 0.0 0.10372226867999731 0.0 0.7627217979340459 0.5246523449151318 0.05078060881012516 0.0 1.0 
房屋+建筑+抗震 10.0 0.10372226867999731 0.0 0.7627217979340459 0.5246523449151318 0.05078060881012516 0.0 1.0 
抗震+性能+总体 0.0 0.08456102041240894 0.0 0.7999930529493329 0.47488723585139647 0.05078060881012516 0.0 1.0 
汶川+地震+恢复 0.0 0.09905610044620958 0.0 0.6909915340710759 0.582829394106854 0.07686259729385765 0.012345679012345678 1.0 
地震+恢复+重建 30.0 0.09905610044620958 0.0 0.6909915340710759 0.582829394106854 0.08741105675090999 0.012345679012345678 1.0 
新建+建筑+达到 0.0 0.08542944244090586 0.0 0.7627217979340459 0.5246523449151318 0.05078060881012516 0.0 1.0 
达到+了+抗震 0.0 0.08542944244090586 0.0 0.7627217979340459 0.5246523449151318 0.05078060881012516 0.0 1.0 
抗震+设防+要求 0.0 0.08542944244090586 0.0 0.7627217979340459 0.5246523449151318 0.05078060881012516 0.0 1.0 
景区+及+城镇 0.0 0.08542944244090586 0.0 0.7627217979340459 0.5246523449151318 0.05876570170703169 0.0 1.0 
建筑物+多+采用 0.0 0.08542944244090586 0.0 0.7627217979340459 0.5246523449151318 0.05078060881012516 0.0 1.0 
采用+了+框架 0.0 0.08542944244090586 0.0 0.7627217979340459 0.5246523449151318 0.05078060881012516 0.0 1.0 
乡村+传统+民居多 0.0 0.08542944244090586 0.0 0.7627217979340459 0.5246523449151318 0.05078060881012516 0.0 1.0 
传统+民居多+采用 0.0 0.08542944244090586 0.0 0.7627217979340459 0.5246523449151318 0.05078060881012516 0.0 1.0 
民居多+采用+穿斗 0.0 0.08542944244090586 0.0 0.7627217979340459 0.5246523449151318 0.05078060881012516 0.0 1.0 
采用+穿斗+木结构 0.0 0.08542944244090586 0.0 0.7627217979340459 0.5246523449151318 0.05078060881012516 0.0 1.0 
性能+较+强 0.0 0.08542944244090586 0.0 0.7627217979340459 0.5246523449151318 0.05078060881012516 0.0 1.0 
倒塌+和+严重 0.0 0.08542944244090586 0.0 0.7627217979340459 0.5246523449151318 0.05078060881012516 0.0 1.0 
损毁+的+比例 0.0 0.08542944244090586 0.0 0.7627217979340459 0.5246523449151318 0.05078060881012516 0.0 1.0 
比例+很+低 0.0 0.08542944244090586 0.0 0.7627217979340459 0.5246523449151318 0.05078060881012516 0.0 1.0 
培训+、+宣传 0.0 0.0894197613338378 0.0 0.8085944170312278 0.42598654937184877 0.06763543639868703 0.0 1.0 
做+了+大量 0.0 0.08975431159624847 0.0 0.6026449421631939 0.6258222410717198 0.15571205169005772 0.0 1.0 
重灾区+除+景区 0.0 0.08975431159624847 0.0 0.7660476912972269 0.497406873279551 0.08684663500806462 0.0 1.0 
景区+人口+集中 0.0 0.08975431159624847 0.0 0.7660476912972269 0.497406873279551 0.07886154211115809 0.0 1.0 
人口+集中+外 0.0 0.08975431159624847 0.0 0.7660476912972269 0.497406873279551 0.05078060881012516 0.0 1.0 
区域+村寨+稀疏 0.0 0.08975431159624847 0.0 0.7660476912972269 0.497406873279551 0.05078060881012516 0.0 1.0 
总体+人口+密度 0.0 0.08021472855369603 0.0 0.7660476912972269 0.497406873279551 0.05078060881012516 0.0 1.0 
密度+较+低 0.0 0.08021472855369603 0.0 0.7660476912972269 0.497406873279551 0.05078060881012516 0.0 1.0 
造成+较+严重 0.0 0.09492814747863627 0.0 0.8085190061391432 0.3975719457499855 0.12410050516141301 0.0 1.0 
次+5+级 0.0 0.10128711260442189 0.0 0.7807317332532525 0.37495205799796544 0.1487177237689067 0.0 1.0 
7.0+级+地震烈度 0.0 0.15840388157277913 0.0 0.833185442475188 0.3575505372689225 0.12927740507668117 0.037037037037037035 1.0 
级+地震烈度+图 0.0 0.14600495418376072 0.0 0.833185442475188 0.3575505372689225 0.1107029339211196 0.037037037037037035 1.0 
九寨沟县+、+若尔盖县 0.0 0.17080280896179753 0.0 0.8509002296562536 0.2571700804655392 0.0 0.0 1.0 
若尔盖县+、+红原县 0.0 0.10880817201670555 0.0 0.8509002296562536 0.2571700804655392 0.0 0.0 1.0 
红原县+、+松潘县 0.0 0.10880817201670555 0.0 0.8509002296562536 0.2571700804655392 0.0 0.0 1.0 
平武县+；+甘肃省 0.0 0.10880817201670555 0.0 0.8509002296562536 0.2571700804655392 0.05078060881012516 0.0 1.0 
甘肃省+陇南市+文县 0.0 0.10880817201670555 0.0 0.8509002296562536 0.2571700804655392 0.05078060881012516 0.0 1.0 
甘南+藏族+自治州 0.0 0.11694999734881172 0.0 0.5993843918689415 0.5814968045245968 0.10010136835036773 0.0 1.0 
藏族+自治州+舟曲县 0.0 0.10880817201670555 0.0 0.8509002296562536 0.2571700804655392 0.05078060881012516 0.0 1.0 
舟曲县+、+迭部县 0.0 0.10880817201670555 0.0 0.8509002296562536 0.2571700804655392 0.05078060881012516 0.0 1.0 
伤亡+和+建筑物 0.0 0.0894197613338378 0.0 0.7537576620915161 0.47211852471321236 0.09764289744071429 0.0 1.0 
经济+损失+约 0.0 0.33296687718577767 0.0 0.9535259281823673 0.1308652270699399 0.24749342036522243 0.0 1.0 
记录+到+余震 20.0 0.13360602679474232 0.7391304347826086 0.5930896003109408 0.22256126824835798 0.1264244893670674 0.06172839506172839 1.0 
地震+与+三峡 20.0 0.12120709940572394 0.7391304347826086 0.8708750822494392 0.21323355832528468 0.17625194257316268 0.04938271604938271 1.0 
连续+发生+强震 0.0 0.11801320479684733 0.0 0.880517417465316 0.17892604529164596 0.13622649496835515 0.0 1.0 
地震+活动+水平 20.0 0.14600495418376072 0.0 0.8708750822494392 0.21323355832528468 0.15652212959914563 0.0 1.0 
级+地震+平静 0.0 0.10880817201670555 0.0 0.8708750822494392 0.21323355832528468 0.11346915850613445 0.0 1.0 
引发+大+地震 0.0 0.1298805560674314 0.0 0.9353284040458126 0.17480997258264816 0.12710267886995652 0.0 1.0 
中国+扶贫+基金会 0.0 0.2778463728019807 1.0 0.960891263825223 0.14837723862418542 0.23258303291675214 0.024691358024691357 1.0 
捐款+700万+元 10.0 0.19792978879920775 0.0 0.960891263825223 0.14837723862418542 0.22294309866101292 0.024691358024691357 1.0 
公安+交管+部门 10.0 0.21132174831327344 0.0 1.0 0.0 0.27633310393341837 0.0 1.0 
