建立 0.0 0.168754281077988 0.375 0.249402618244935 0.9575803599577603 0.5878755307363329 0.0 0.0 
希望 0.0 0.24589907882373055 0.375 0.1902396418815145 0.9806199146957593 0.7415918288253678 0.013157894736842105 0.0 
明确 0.0 0.11831056457040258 0.375 0.19895442836391175 0.9763944166035794 0.6010257599328803 0.0 0.0 
开启 0.0 0.17392292659171896 0.375 0.3403656445473649 0.9332908552849433 0.48888185637341175 0.05263157894736842 0.0 
分析 0.0 0.21688991951963438 0.375 0.24140548398585715 0.9626970065445007 0.4879569615035669 0.013157894736842105 0.0 
候选人 0.0 0.17551951575251534 0.5625 0.16199269648923473 0.9512826770373999 0.599557871946587 0.0 0.0 
国际 0.0 0.36623517652771326 0.375 0.3480113642470966 0.963211220754181 0.6615662425229167 0.02631578947368421 0.0 
反对党 0.0 0.2607246699323046 0.5625 0.2602669219659836 0.9556553238551562 0.6012757372863767 0.0 0.0 
国内 0.0 0.1771061102639082 0.375 0.36980543419124834 0.9494104443064533 0.6184329710488734 0.0 0.0 
应该 0.0 0.31908720642352 0.375 0.1828627165642572 0.9766763324456749 0.6858479616122128 0.0 0.0 
胜利 0.0 0.21326500675953755 0.375 0.5254692083676404 0.9050098455261602 0.5281736917749897 0.02631578947368421 0.0 
原因 0.0 0.17758853609591285 0.375 0.3280372817838997 0.9656404763754832 0.5442298803320085 0.0 0.0 
之前 0.0 0.14500497486627453 0.375 0.2423282341404199 0.9643714538730835 0.556155749095348 0.0 0.0 
少数派 0.0 0.22310052680123438 0.5625 0.40362494999435616 0.8971124437260352 0.45148543284231896 0.0 0.0 
选项 0.0 0.20284629401331808 0.375 0.37876079963785797 0.8982381688355194 0.56609397249575 0.0 0.0 
已经 0.0 0.3290208480243939 0.375 0.18264952459089048 0.9942087649387281 0.7870400891983256 0.013157894736842105 0.0 
愿意 0.0 0.2146603818994 0.375 0.36015330715437327 0.9512166867238436 0.5770306993268265 0.0 0.0 
任期 0.0 0.2875797835534935 0.375 0.38588897599328426 0.9659235517107191 0.5402853085359869 0.02631578947368421 0.0 
取得 0.0 0.16277971103017788 0.375 0.1373995301745346 0.9514720721796711 0.6020357469151211 0.0 0.0 
成功 0.0 0.25094061225936326 0.375 0.21793807300036386 0.9902698914632924 0.6737419076891128 0.0 0.0 
目前 0.0 0.25094061225936326 0.375 0.1941396501057181 0.9652878357635535 0.6843385724181366 0.0 0.0 
结束 0.0 0.23749430856319742 0.375 0.21538766886789254 0.9764029298355373 0.6121069688901559 0.013157894736842105 0.0 
社会 0.0 0.2865215247126934 0.375 0.16699481948309772 0.9888215986886614 0.7553152248083882 0.039473684210526314 0.0 
举行 0.0 0.3199380796269363 0.375 0.17736349490041228 0.9699252300899076 0.6503125606815519 0.013157894736842105 0.0 
包括 0.0 0.17758853609591285 0.375 0.11980997976550722 0.979746629020916 0.6211182053660028 0.0 0.0 
实现 0.0 0.135346964334823 0.375 0.23646807467205483 0.9672483711322497 0.6009613697517657 0.0 0.0 
民众 0.0 0.29975046885429485 0.375 0.20125532629455278 0.9708125761863569 0.6521393647414634 0.05263157894736842 0.0 
成为 0.0 0.2760295140634853 0.375 0.1854880257628996 0.9896423894619771 0.7472625665388714 0.013157894736842105 0.0 
25日 0.0 0.24240829994281338 0.3125 0.13229984650200563 0.9632349140428224 0.591459558704888 0.0 0.0 
移民 0.0 0.32103086105381795 0.375 0.226631815040414 0.9798342758441818 0.6855352053059861 0.0 0.0 
这种 0.0 0.2584029281952498 0.375 0.245157943368743 0.9790409008801894 0.6908741552444966 0.0 0.0 
反对 0.0 0.3056460160870572 0.375 0.2044990595712257 0.9809172343183796 0.7335093389611901 0.0 0.0 
美元 0.0 0.528001648101055 0.375 0.31236931439940196 0.9103619480625176 0.620439955282339 0.02631578947368421 0.0 
未来 0.0 0.4482166978927219 0.375 0.2573005636151152 0.9811918764386551 0.7598015377052482 0.02631578947368421 0.0 
脱欧 0.0 0.23556891456483384 0.375 0.43750423709420916 0.9359591425397198 0.5104713734380552 0.013157894736842105 0.0 
政府 0.0 0.385342276724875 0.375 0.16906205792051635 0.9969077987256492 0.8200802276766258 0.039473684210526314 0.0 
报道 0.0 0.3233680591347453 0.375 0.12563207963184364 0.9371524239003775 0.5903280400088038 0.0 0.0 
发展 0.0 0.3332447724582851 0.375 0.27352938592480475 0.9624329392072654 0.6722134647808438 0.013157894736842105 0.0 
进行 0.0 0.25543167928330496 0.375 0.16254327745958438 0.9792684735385109 0.7376414786324621 0.0 0.0 
财经 0.0 0.18953876499090486 0.375 0.15483593044591196 0.9608759939377479 0.2357560438266698 0.0 0.0 
荷兰 0.0 0.20342948671732505 0.375 0.2582020304090246 0.9312550818948905 0.5241556770983854 0.013157894736842105 0.0 
2013年 0.0 0.19330908946540146 0.4375 0.33692462421559216 0.943807023074491 0.5634326832771546 0.0 0.0 
连任 0.0 0.20724885748943747 0.375 0.34509449316628515 0.962308535780836 0.5512531575778368 0.05263157894736842 0.0 
各方 0.0 0.18530684772212655 0.375 0.3820334324573118 0.8746233364305717 0.5979506436685416 0.0 0.0 
长期 0.0 0.135346964334823 0.375 0.17079074505969954 0.9628445747366925 0.6174886731164408 0.013157894736842105 0.0 
欧元 0.0 0.6202956335819876 0.375 0.19709376607866386 0.9857042098710178 0.8118723971640545 0.13157894736842105 0.0 
得到 0.0 0.1774057704898261 0.375 0.368748145297533 0.9362219179911192 0.6285087977800519 0.0 0.0 
分歧 0.0 0.2024141422108587 0.375 0.27094778667003505 0.9662931381575277 0.6328999629661662 0.013157894736842105 0.0 
接受 0.0 0.24714441323360076 0.375 0.18873898738122058 0.9682990704527504 0.6506546443607493 0.0 0.0 
显示 0.0 0.22427681426531237 0.375 0.1794554171625041 0.9895612603020069 0.5606522980010312 0.013157894736842105 0.0 
基社盟 0.0 0.3402502124052215 0.5625 0.19693306421189946 0.9805027216319192 0.6480648431688202 0.013157894736842105 0.0 
施泰因迈尔 0.0 0.20327948216338318 0.9375 0.36470699824359787 0.8787534794205619 0.4927203880651363 0.0 0.0 
地位 0.0 0.1631543372007472 0.375 0.2873630519769254 0.9533353447572169 0.5032546977944058 0.0 0.0 
完全 0.0 0.1938995236276677 0.375 0.19262261495292018 0.9772564072623252 0.5959247280783415 0.0 0.0 
当前 0.0 0.17015304953488128 0.375 0.09849885869749223 0.9627246838147542 0.5945549067999275 0.0 0.0 
领导人 0.0 0.26794158518188177 0.5625 0.2569512718961099 0.9667850830104665 0.6812071794498152 0.013157894736842105 0.0 
采访 0.0 0.22721708537891364 0.375 0.19648120449960357 0.9416622645146947 0.4689454059813503 0.0 0.0 
意味着 0.0 0.15615562486661316 0.5625 0.2855360842325247 0.9829036083761931 0.5825950920683403 0.0 0.0 
人士 0.0 0.13360863309919532 0.375 0.23369024229649532 0.9586270403063011 0.4673032846987983 0.0 0.0 
舒尔茨 0.0 0.6190186622490658 0.5625 0.4031843649443324 0.9600876535627001 0.7220948784963932 0.013157894736842105 0.0 
企业 0.0 0.24242072978956578 0.375 0.3384448878436252 0.9048967969584065 0.5982805359477332 0.0 0.0 
加入 0.0 0.14500497486627453 0.375 0.1770859132828079 0.9533865683454392 0.5338827091494522 0.0 0.0 
讨论 0.0 0.16440229942232937 0.375 0.1428869683246706 0.9814433072564402 0.4080013969097062 0.0 0.0 
持续 0.0 0.1422250022026734 0.375 0.2854606474056118 0.9514704877573209 0.5995122471439621 0.013157894736842105 0.0 
社民党 0.0 1.0 0.5625 0.2826417964480123 0.9812632556455987 0.8744667614046171 0.06578947368421052 0.0 
主流 0.0 0.15837021768359089 0.375 0.22261221173985618 0.9511687324234184 0.5623153289947315 0.0 0.0 
改变 0.0 0.12880457705475665 0.375 0.23947521435325195 0.963207503501614 0.561819226003461 0.013157894736842105 0.0 
内部 0.0 0.1771517618690153 0.375 0.3003129475964182 0.9697776494132567 0.6676731511972317 0.0 0.0 
各党 0.0 0.16726543294984578 0.375 0.35031259778194096 0.9284925199429944 0.566644962841189 0.0 0.0 
民调 0.0 0.24430647953925022 0.375 0.17371940835282573 0.9622472782235758 0.567262656067704 0.05263157894736842 0.0 
极右翼 0.0 0.29694528189412167 0.5625 0.21005428003020934 0.9805181390557741 0.6369249144455301 0.06578947368421052 0.0 
赢得 0.0 0.20397036456485493 0.375 0.2926475072239946 0.9639133952353162 0.6113861091411791 0.013157894736842105 0.0 
欧盟 0.0 0.9488347716335541 0.375 0.33587289664543696 0.978319734549741 0.8412439887800964 0.013157894736842105 0.0 
科尔 0.0 0.49360962067042363 0.375 0.5834284952906548 0.8570282107830025 0.6558761764572646 0.0 0.0 
政坛 0.0 0.2751337345484392 0.375 0.3688657590729587 0.9670820304799745 0.6316652631355776 0.05263157894736842 0.0 
推进 0.0 0.16408740655002219 0.375 0.2967448656447177 0.946201692170304 0.5705865439016402 0.0 0.0 
增长 0.0 0.2526070869268405 0.375 0.2112803474270976 0.9370746561693013 0.5771271438137555 0.0 0.0 
消息 0.0 0.11470632261898986 0.375 0.22760825596002732 0.955620607270729 0.5228633907235812 0.0 0.0 
投票 0.0 0.2191440358748511 0.375 0.1728379227540035 0.9747948963883618 0.6613729664629775 0.013157894736842105 0.0 
态度 0.0 0.17019123544014045 0.375 0.3056095436887822 0.9610413929325621 0.5575307444122719 0.013157894736842105 0.0 
联合 0.0 0.280871629277871 0.375 0.25533107237896085 0.9678994519273724 0.6804225009547797 0.039473684210526314 0.0 
主要 0.0 0.22973252661970672 0.375 0.16884806196596128 0.9869849890136312 0.6915005754342407 0.0 0.0 
影响 0.0 0.2898648304286734 0.375 0.30495665186120324 0.967257548211851 0.6952088282162202 0.0 0.0 
联盟党 0.0 0.6646477272744575 0.5625 0.1954278990274294 0.9773978486475703 0.7952923078161586 0.013157894736842105 0.0 
地区 0.0 0.35765380862559004 0.375 0.2853239569370539 0.9367583363919364 0.6299097303245271 0.0 0.0 
决定 0.0 0.22644675030464295 0.375 0.212953930753948 0.9680980902060248 0.6916644459747322 0.013157894736842105 0.0 
共同 0.0 0.31073537723759986 0.375 0.21662225052907064 0.959908323151595 0.6781476360048592 0.0 0.0 
得票率 0.0 0.37951075258225997 0.5625 0.19944048706179346 0.969785700501723 0.7183515402975906 0.0 0.0 
最后 0.0 0.1854579394498284 0.375 0.2822286103441026 0.9547053705688383 0.5751162757685376 0.0 0.0 
议院 0.0 0.31721503464705264 0.375 0.21619885498710487 0.9616161628527943 0.546549968866417 0.013157894736842105 0.0 
选择 0.0 0.6338724166624629 0.375 0.18441570227066748 0.9854589170359037 0.7322618045781294 0.10526315789473684 0.0 
朔伊布勒 0.0 0.35503527788957523 0.75 0.3296184101480933 0.8058494878834368 0.5956665818861038 0.013157894736842105 0.0 
总理 0.0 0.18341304444272027 0.375 0.16649735712551011 0.9906151259469788 0.7312816412533676 0.05263157894736842 0.0 
20日 0.0 0.2283886932415797 0.3125 0.44955828970665535 0.9186221047248715 0.5860713302381984 0.0 0.0 
支持率 0.0 0.3331890141319755 0.5625 0.15428831210125035 0.983942403125993 0.6928820386330088 0.02631578947368421 0.0 
另类 0.0 0.264072686268865 0.375 0.2587000855387629 0.8815721518433614 0.3116823416583385 0.0 0.0 
竞选 0.0 0.23870229871797827 0.375 0.30305705994753146 0.9571462862310935 0.5827645539994127 0.0 0.0 
失败 0.0 0.3390755878279873 0.375 0.2792061914958147 0.9454672068335893 0.5941417543008266 0.05263157894736842 0.0 
责任 0.0 0.18571104249349357 0.375 0.12665377896834096 0.9743355477889647 0.5922504750477735 0.0 0.0 
面对 0.0 0.1680741095146547 0.375 0.43989755023368793 0.9373807811291063 0.6114371951956313 0.0 0.0 
破裂 0.0 0.2692263837863944 0.375 0.42792626756421254 0.8884719498490619 0.4721308852364709 0.039473684210526314 0.0 
会议 0.0 0.16972825941168426 0.375 0.25540190651672173 0.9372309529535169 0.5699177466284219 0.013157894736842105 0.0 
重要 0.0 0.27588558160008 0.375 0.22481271126511365 0.9814145639440219 0.656847565250084 0.0 0.0 
中国 0.0 0.5853405504509317 0.375 0.18693303769212047 0.9645951030558907 0.7076638841171367 0.02631578947368421 0.0 
领袖 0.0 0.17616064821558491 0.375 0.3418534804211101 0.9487752897137888 0.5916834022349463 0.013157894736842105 0.0 
英国 0.0 0.4235645497436695 0.375 0.3474753317418138 0.9722578479644068 0.7398952032644466 0.0 0.0 
成员 0.0 0.2875797835534935 0.375 0.1497078107034612 0.9758910977482886 0.7160321179122323 0.013157894736842105 0.0 
难以 0.0 0.15576613605322687 0.375 0.451283544873819 0.9129409611499862 0.5874015920486678 0.0 0.0 
主席 0.0 0.40671904493550837 0.375 0.2179024006767189 0.9734056071112194 0.7353277566911005 0.039473684210526314 0.0 
市场 0.0 0.19395107874757894 0.375 0.22388447689677335 0.9567674968674701 0.6315947711552936 0.013157894736842105 0.0 
退出 0.0 0.22973252661970672 0.375 0.3107820765294187 0.971774099146873 0.5803445126594924 0.02631578947368421 0.0 
上升 0.0 0.18530684772212655 0.375 0.13908017664179756 0.971341385454052 0.6100457606767847 0.013157894736842105 0.0 
表示 0.0 0.25348483890679263 0.375 0.13469777285101767 0.9814920368837622 0.7786671192141089 0.0 0.0 
第四 0.0 0.19841181949588102 0.375 0.3633371720572647 0.9666286820285505 0.4567938329382585 0.02631578947368421 0.0 
安全 0.0 0.19359396667562828 0.375 0.3338275408605254 0.9268534134561149 0.5485173050076847 0.013157894736842105 0.0 
少数 0.0 0.23870229871797827 0.375 0.35940567995616185 0.9263438286378612 0.4798534224580236 0.02631578947368421 0.0 
议员 0.0 0.2035570296052301 0.375 0.29045421202781113 0.9056563569360264 0.6030059635658894 0.0 0.0 
德国 0.0 0.0 0.375 0.09179844116595257 0.9875079303052569 1.0 1.0 0.0 
席位 0.0 0.22344025618402805 0.375 0.15822319536830254 0.9805943936882504 0.5898238641043538 0.0 0.0 
问题 0.0 0.46944354874244176 0.375 0.25389741055945075 0.9870543017720335 0.8152894566926261 0.013157894736842105 0.0 
财政 0.0 0.23504292808785757 0.375 0.30878816654861363 0.9630232259465459 0.6404768358614996 0.0 0.0 
股吧 0.0 0.1094977859791727 0.375 0.16938572564478369 0.9576005951667673 0.0 0.0 0.0 
计划 0.0 0.20308952756472815 0.375 0.3527834698531605 0.9436032341768135 0.5789394213789122 0.013157894736842105 0.0 
多数 0.0 0.14614742935745137 0.375 0.2237112316786233 0.96451331689511 0.548524131944966 0.013157894736842105 0.0 
指出 0.0 0.2027354160889306 0.375 0.09267136970045306 0.9678871763773019 0.5734315893158757 0.0 0.0 
获得 0.0 0.3461839887627515 0.375 0.1892661919771008 0.9870540915736903 0.7054383266700613 0.013157894736842105 0.0 
基民盟 0.0 0.4538509710031419 0.5625 0.18637094264163903 0.9873305019065906 0.726303036859233 0.013157894736842105 0.0 
进入 0.0 0.22300994972012342 0.375 0.15230732642910288 0.9913126068606415 0.6474239567487555 0.013157894736842105 0.0 
情况 0.0 0.2775701747404658 0.375 0.2207349711171453 0.9744464174622448 0.6141678060150696 0.0 0.0 
默克尔 0.0 0.5399790853081186 0.5625 0.15328426339883228 0.9899174649965017 0.9487754049747369 0.42105263157894735 0.0 
一体化 0.0 0.4938356058359543 0.5625 0.40024273873876515 0.963043939328756 0.638442654272227 0.039473684210526314 0.0 
组成 0.0 0.3726792177202626 0.375 0.2712876209276046 0.9704052507056615 0.6408960025476939 0.0 0.0 
陷入 0.0 0.15084137130666717 0.375 0.29278212123627345 0.9388545048270589 0.5719463882407959 0.0 0.0 
支持 0.0 0.3309838221039822 0.375 0.2232983052999492 0.9829193422152497 0.727116606243855 0.02631578947368421 0.0 
关键 0.0 0.13313361339032767 0.375 0.17596402719424833 0.9620291986081775 0.5667766061573906 0.013157894736842105 0.0 
参与 0.0 0.22784193893804847 0.375 0.26287746386967553 0.9487676888014421 0.5935946916199438 0.02631578947368421 0.0 
特朗普 0.0 0.21483112761047768 0.5625 0.47248331874240546 0.8903232592934629 0.5385827373521164 0.0 0.0 
需要 0.0 0.22146104257826787 0.375 0.19550353415577124 0.9799886424507076 0.7014077098364846 0.0 0.0 
主张 0.0 0.2551095016630895 0.375 0.23750011132164156 0.9815884191664767 0.7207308657119151 0.0 0.0 
柏林 0.0 0.23237458385831317 0.375 0.13700004135627597 0.9691561984667181 0.6350733076023097 0.0 0.0 
政策 0.0 0.38070090636347104 0.375 0.20767420595627287 0.9910600768498937 0.7955782144531459 0.02631578947368421 0.0 
国家 0.0 0.49026348963554545 0.375 0.29336352264689036 0.9896497468535828 0.8141498619025442 0.0 0.0 
总统 0.0 0.4069386351739107 0.375 0.28797662280684116 0.9812681813910638 0.7205401074186465 0.039473684210526314 0.0 
本次 0.0 0.17392292659171896 0.375 0.2843280036266163 0.9159519431378519 0.5018687202865372 0.0 0.0 
领导 0.0 0.26401094877646325 0.375 0.22488530404542748 0.9788091295574368 0.5346820880655453 0.013157894736842105 0.0 
第一 0.0 0.2264695110177432 0.375 0.22771262446269436 0.9804197207114149 0.6671769477546031 0.0 0.0 
第三 0.0 0.182439831784537 0.375 0.28380580979334197 0.9723382428086942 0.4761497170708754 0.0 0.0 
议席 0.0 0.22228482060744573 0.375 0.2342082610625513 0.921043807076802 0.5566345224933946 0.0 0.0 
前景 0.0 0.13828715267270705 0.375 0.22648068881878347 0.961113628063407 0.6013259839789308 0.02631578947368421 0.0 
超过 0.0 0.17758853609591285 0.375 0.2308628334561568 0.9643412990457287 0.6111845397620776 0.0 0.0 
可能性 0.0 0.20623897148913684 0.5625 0.32935097405760033 0.9512582354087941 0.564362182276695 0.02631578947368421 0.0 
新浪 0.0 0.11986074293084913 0.375 0.14726928432160327 0.9609612067673875 0.12385347440282356 0.0 0.0 
拒绝 0.0 0.14054513780029024 0.375 0.26940863488881317 0.9625405559370598 0.6213509458304157 0.0 0.0 
政局 0.0 0.16726543294984578 0.375 0.29792292517865016 0.9482284631911115 0.5396840950637461 0.039473684210526314 0.0 
牙买加 0.0 0.5467676702327188 0.5625 0.33608117489922223 0.9533896338961984 0.4517854846325944 0.07894736842105263 0.0 
新闻 0.0 0.24392074375075404 0.375 0.1489710940058721 0.9703730927295082 0.5133146031633433 0.013157894736842105 0.0 
党派 0.0 0.29254000940203223 0.375 0.23259766288033348 0.982633579354513 0.7637760073246712 0.013157894736842105 0.0 
发生 0.0 0.17298299845174708 0.375 0.27080135958536833 0.9430244532582931 0.5563300828980691 0.0 0.0 
保持 0.0 0.1929161711156119 0.375 0.27149884973064126 0.9594873469095512 0.6071596602386674 0.013157894736842105 0.0 
二战 0.0 0.1498784191926827 0.375 0.22530030462282435 0.9698019054406379 0.5080805888855069 0.0 0.0 
选票 0.0 0.31847520341914964 0.375 0.24011240655136298 0.9753946214061985 0.6274536566475338 0.0 0.0 
世界 0.0 0.23118664638005235 0.375 0.2658540767863377 0.9825464596859037 0.6407573830792483 0.0 0.0 
过去 0.0 0.19716629411066872 0.375 0.2582858357645669 0.9729965515885639 0.576281608283537 0.0 0.0 
存在 0.0 0.15322313008808006 0.375 0.2126833597981433 0.9610780348040839 0.6073054520361614 0.0 0.0 
是否 0.0 0.1422250022026734 0.375 0.2513723745993757 0.9509201671533665 0.5948634392216416 0.013157894736842105 0.0 
金融 0.0 0.2341071628306545 0.375 0.3847220058362174 0.9487925747408857 0.5436260059084208 0.0 0.0 
经济 0.0 0.6286814338229119 0.375 0.22587790760395252 0.9836633977701925 0.8099102760167792 0.039473684210526314 0.0 
国会 0.0 0.3133695748151266 0.375 0.23795306830609625 0.9619772026926234 0.6241265469151216 0.0 0.0 
带来 0.0 0.17675408274914173 0.375 0.32392573800750896 0.9758120212734099 0.5712762077531828 0.0 0.0 
难民 0.0 0.5700243651733483 0.375 0.29044714283536277 0.9813623582820041 0.7895568881229722 0.013157894736842105 0.0 
参加 0.0 0.14500497486627453 0.375 0.14486436140244785 0.9409675788546137 0.5934750006573147 0.0 0.0 
12.6% 0.0 0.10348751575047747 0.3125 0.21184660988143622 0.9474547868491993 0.36768176817317366 0.0 0.0 
担任 0.0 0.14947500241785172 0.375 0.3365386085004395 0.9449138337605023 0.5339657284907129 0.0 0.0 
此前 0.0 0.19841181949588102 0.375 0.1841967208372842 0.9749484665417649 0.665210895273991 0.0 0.0 
联盟 0.0 0.5088018748212906 0.375 0.19413871494181523 0.9812486175343323 0.7363310028160938 0.07894736842105263 0.0 
今年 0.0 0.2045033937128381 0.375 0.2031407846530524 0.9824299963445912 0.6377754142586152 0.0 0.0 
媒体 0.0 0.3153642536127907 0.375 0.24947877639927463 0.9624038606265448 0.6700858639709788 0.013157894736842105 0.0 
政党 0.0 0.35133725804298405 0.375 0.12879605613115444 0.994097663318543 0.854643992751821 0.09210526315789473 0.0 
谈判 0.0 0.7841993792867811 0.375 0.24920424060743998 0.9732728679820011 0.8013519908125308 0.11842105263157894 0.0 
基督教 0.0 0.22207190630936258 0.5625 0.2751465641835807 0.9506465655423461 0.4667704538784102 0.0 0.0 
自民党 0.0 0.7578298244717709 0.5625 0.27272182210319296 0.9690311346829856 0.8047552473951383 0.013157894736842105 0.0 
时间 0.0 0.26297518140733267 0.375 0.23107031240967493 0.9831610929657522 0.7069443028265423 0.0 0.0 
协商 0.0 0.2712920375378802 0.375 0.37616064740895105 0.863473584545956 0.5441753215019169 0.02631578947368421 0.0 
利益 0.0 0.22310052680123438 0.375 0.3248477530129599 0.942691406147536 0.5691895638592208 0.0 0.0 
联邦 0.0 0.3911519805341707 0.375 0.17121909026570578 0.9845190132747197 0.6842755638309179 0.039473684210526314 0.0 
联合政府 0.0 0.34813026728513913 0.75 0.2049538598161965 0.9810568849141834 0.6895938109673554 0.039473684210526314 0.0 
美国 0.0 0.5500149201578324 0.375 0.3153199689606918 0.9580719079128922 0.7465865976348329 0.0 0.0 
欧元区 0.0 0.6166953530184576 0.5625 0.3531455675568255 0.9522518530583048 0.7501990536052455 0.0 0.0 
继续 0.0 0.2062040823420459 0.375 0.2558958601347547 0.9872129327142422 0.7192189939758123 0.0 0.0 
最终 0.0 0.20136264445695073 0.375 0.149843824834156 0.975365560130748 0.6483489430031398 0.013157894736842105 0.0 
党内 0.0 0.2584029281952498 0.375 0.24459445437730135 0.973711114558765 0.6963694521841127 0.02631578947368421 0.0 
下降 0.0 0.2146603818994 0.375 0.1682776530231082 0.9598496404027758 0.597226000070483 0.013157894736842105 0.0 
立场 0.0 0.23044946890353035 0.375 0.2737001022975241 0.9698779302975193 0.6928672246936438 0.0 0.0 
崛起 0.0 0.23997581340515173 0.375 0.36648196066073796 0.9595508089296584 0.5811121551623597 0.02631578947368421 0.0 
9月 0.0 0.18408816658983004 0.25 0.1293796305372699 0.9894787398472791 0.6471552511193073 0.0 0.0 
网站 0.0 0.2306595393774567 0.375 0.0 0.8593065699294409 0.5719410847037564 0.0 0.0 
重新 0.0 0.42518926685842234 0.375 0.2312145384026862 0.9763595115430587 0.6964662135304266 0.17105263157894737 0.0 
组建 0.0 0.43333497656046943 0.375 0.240552598654834 0.9766251252097715 0.6754815670466867 0.06578947368421052 0.0 
记者 0.0 0.26402407936038713 0.375 0.08187339340178086 0.9561639295717234 0.6604384677413099 0.0 0.0 
方面 0.0 0.2657179260378015 0.375 0.1347931866916495 0.9731655900714814 0.6656857526547721 0.0 0.0 
选民 0.0 0.5110219896402515 0.375 0.2914327614388919 0.9725430233394212 0.8040408181492215 0.0 0.0 
欧洲 0.0 0.7432547783515325 0.375 0.20686748218360282 0.9987971170240666 0.9118124541562557 0.10526315789473684 0.0 
全球 0.0 0.17616064821558491 0.375 0.41168731187612434 0.9408190537543126 0.5964477284228484 0.0 0.0 
执政 0.0 0.3591685117027611 0.375 0.17923662724300152 0.9921899397093036 0.7644847181887192 0.02631578947368421 0.0 
告诉 0.0 0.22393971704140114 0.375 0.3144028532919368 0.9251004277988506 0.5243699283158785 0.0 0.0 
右翼 0.0 0.2887238562916585 0.375 0.28803742996044157 0.9696804084370196 0.6027362501383599 0.02631578947368421 0.0 
调查 0.0 0.15945774041066094 0.375 0.1057910848391912 0.9552978386896456 0.5443128690788291 0.0 0.0 
挑战 0.0 0.271911856311813 0.375 0.3600212329755736 0.953541026959214 0.5751600162970445 0.06578947368421052 0.0 
进一步 0.0 0.16862678045237836 0.5625 0.12378405120642276 0.9775082528895065 0.6556729774696232 0.0 0.0 
危机 0.0 0.5181611478115739 0.375 0.3004962067338138 0.9857427789698565 0.7307131217105628 0.06578947368421052 0.0 
历史 0.0 0.21214532354020132 0.375 0.3003919862647528 0.967707551858972 0.5816205118591014 0.0 0.0 
整个 0.0 0.1436987935207432 0.375 0.3643163935674449 0.9564488508131199 0.5083596137441935 0.0 0.0 
政治 0.0 0.551096196155081 0.375 0.22110052724577478 0.9909851305962842 0.8593428410601412 0.13157894736842105 0.0 
西方 0.0 0.4073839039643622 0.375 0.3858412887351762 0.9159917083252092 0.5976656179079527 0.013157894736842105 0.0 
组合 0.0 0.3027220082355192 0.375 0.4300986017349578 0.9159083427505049 0.5403393902012825 0.02631578947368421 0.0 
表现 0.0 0.2206409497887551 0.375 0.20149863614270896 0.972503273549144 0.6398299309576629 0.013157894736842105 0.0 
合作 0.0 0.27215345419557707 0.375 0.23570596079821374 0.967219250093157 0.6741532447936387 0.0 0.0 
关系 0.0 0.46080753672852076 0.375 0.27201744009841405 0.9542211561552245 0.6545751105925889 0.039473684210526314 0.0 
24日 0.0 0.1897211997643705 0.3125 0.19169283958786307 0.9767550230680555 0.5504352385492836 0.0 0.0 
考虑 0.0 0.20284629401331808 0.375 0.24642425651097802 0.952977945220018 0.6242277219154375 0.0 0.0 
严重 0.0 0.168754281077988 0.375 0.18918961347942634 0.9687632427689339 0.5874307479786508 0.013157894736842105 0.0 
绿党 0.0 0.46459167107243265 0.375 0.2567391255580899 0.9743300867790355 0.7529520713340199 0.0 0.0 
议会 0.0 0.5624844740709385 0.375 0.16824360410973108 0.9867147258497124 0.791249975377017 0.039473684210526314 0.0 
认为 0.0 0.32725282407055145 0.375 0.18337039673539138 0.9927152112052625 0.7480453484592229 0.0 0.0 
出现 0.0 0.28623134630930813 0.375 0.25748902244407423 0.9843259333751679 0.7216158633699331 0.013157894736842105 0.0 
势力 0.0 0.2720110691031064 0.375 0.26694338364965137 0.9632243329632127 0.6064979430464171 0.013157894736842105 0.0 
无法 0.0 0.23237458385831317 0.375 0.2953237956630308 0.9803188560971783 0.7358385165254205 0.0 0.0 
民粹主义 0.0 0.24479478728790893 0.75 0.2745571161352662 0.9600940946204026 0.5343682018285462 0.013157894736842105 0.0 
能够 0.0 0.18355815320281213 0.375 0.2298938850824012 0.97188517952872 0.6794280786596997 0.0 0.0 
组阁 0.0 0.6546632735871781 0.375 0.22246660544688035 0.9691532688619149 0.7979108663381088 0.3157894736842105 0.0 
11月 0.0 0.33766525854327384 0.3125 0.21144523162479867 0.9341648101327445 0.6315938379480175 0.0 0.0 
宣布 0.0 0.22894373699947446 0.375 0.2861695950092996 0.9686660665201501 0.6606982264764575 0.013157894736842105 0.0 
极右 0.0 0.16408740655002219 0.375 0.34400439078017836 0.9266676739346185 0.524801841055726 0.02631578947368421 0.0 
代表 0.0 0.16277971103017788 0.375 0.20938216145004376 0.9651466204301872 0.6343679764639091 0.0 0.0 
之间 0.0 0.16277971103017788 0.375 0.3166944037712961 0.9701759886688179 0.6163283090867296 0.0 0.0 
选举 0.0 0.3736379141941335 0.375 0.14465359493711516 0.986914063163124 0.7916238436537253 0.10526315789473684 0.0 
不确定性 0.0 0.1938995236276677 0.75 0.3315211515841852 0.95606971673634 0.5732500226310997 0.0 0.0 
再次 0.0 0.21059496793031096 0.375 0.2531470569286346 0.9739611234683844 0.6398198441710529 0.039473684210526314 0.0 
变化 0.0 0.18530684772212655 0.375 0.40058432101221836 0.9450435193189172 0.565005862385459 0.0 0.0 
提出 0.0 0.22948343071932514 0.375 0.26258179837129975 0.9774168076686933 0.6462862181593696 0.013157894736842105 0.0 
当选 0.0 0.20253958593011415 0.375 0.20908170253304073 0.9449772508832318 0.5683704653923837 0.0 0.0 
伙伴 0.0 0.2146603818994 0.375 0.29297056135642713 0.9670464477488725 0.5911165212268394 0.013157894736842105 0.0 
该党 0.0 0.42895584689303307 0.375 0.2566097791766323 0.9637963207114899 0.7493454510957016 0.0 0.0 
传统 0.0 0.24833102625809586 0.375 0.27845606757876845 0.9633062337595394 0.6184278401170855 0.0 0.0 
法国 0.0 0.45803183293478966 0.375 0.25726896195841265 0.983631558017903 0.7458139479221905 0.013157894736842105 0.0 
关注 0.0 0.13949902224678618 0.375 0.26382636615104726 0.9620767899932813 0.6209390655433447 0.0 0.0 
增加 0.0 0.14947500241785172 0.375 0.20688994447744743 0.9411354172335765 0.6002134980429369 0.0 0.0 
呼吁 0.0 0.17477147449728941 0.375 0.16889212310647966 0.9512214103361571 0.617754057047155 0.0 0.0 
马克龙 0.0 0.35837489984296894 0.5625 0.37866021426984375 0.9561286461130009 0.6167416978016474 0.0 0.0 
议题 0.0 0.2992273509188195 0.375 0.345133736235749 0.9392908409006248 0.6219955662302479 0.0 0.0 
面临 0.0 0.29960365597087013 0.375 0.2717352144690282 0.9881813479027157 0.6710817921540363 0.05263157894736842 0.0 
达成 0.0 0.17765412858166169 0.375 0.31358999951265704 0.9572895181174926 0.575199789009599 0.0 0.0 
统一 0.0 0.23413106075922882 0.375 0.4473827832104731 0.9264478234147663 0.5596279375868676 0.013157894736842105 0.0 
要求 0.0 0.19330908946540146 0.375 0.23262057057596014 0.984716463665037 0.6395268594469999 0.013157894736842105 0.0 
现在 0.0 0.24902480799279575 0.375 0.31719166148206407 0.9716298412731399 0.6568037677764467 0.0 0.0 
导致 0.0 0.16972825941168426 0.375 0.17519370083524324 0.9768664253551546 0.5830061627599397 0.02631578947368421 0.0 
尤其 0.0 0.17477147449728941 0.375 0.4565896130740986 0.9070432721433449 0.5029927755967364 0.0 0.0 
改革 0.0 0.40553655995091903 0.375 0.20594829784309815 0.9766908374732705 0.7002223266415396 0.02631578947368421 0.0 
大选 0.0 0.057808522768271677 0.375 0.08824885602371042 0.989971275238129 0.8158867365099023 0.5 0.0 
文章 0.0 0.19285840745434624 0.375 0.3422374683088466 0.9388451641544822 0.4562677466061957 0.0 0.0 
自由民主党 10.0 0.2567492458060061 0.9375 0.23858450117044722 0.9650469474371538 0.6378638415412756 0.0 0.0 
之后 0.0 0.24014017287725326 0.375 0.3299601521425753 0.9558434762509167 0.6139902827760554 0.0 0.0 
稳定 0.0 0.2831853430096809 0.375 0.3270565810303017 0.9757782046682789 0.651336054603692 0.0 0.0 
社会民主党 10.0 0.15634187138761468 0.9375 0.1605272257621477 0.95908992911644 0.6018503010067437 0.0 0.0 
德国+组阁 20.0 0.13458084642441606 0.8125 0.2528880564174619 0.8919118399353044 0.24422603460669431 0.07894736842105263 0.5 
主席+舒尔茨 0.0 0.06784001671216318 0.0 0.5614640543734846 0.85432584809565 0.24472899256298988 0.0 0.5 
德国+总理 0.0 0.1719290944231764 0.0 0.18671557731583455 0.9806214470810353 0.35542586796494835 0.013157894736842105 0.5 
总理+默克尔 0.0 0.1377873709303015 0.0 0.16397544656261606 0.9624047210806815 0.3464148241218349 0.02631578947368421 0.5 
默克尔+领导 0.0 0.2024141422108587 0.0 0.26774275471952 0.9705682204613085 0.20749904967124624 0.0 0.5 
分析+人士 0.0 0.08339355813567828 0.0 0.2727908160075187 0.8564174465506368 0.10004169158124368 0.0 0.5 
德国+总统 20.0 0.13458084642441606 0.0 0.459925872024676 0.8920346951709702 0.27216844596216727 0.013157894736842105 0.5 
总统+施泰因迈尔 20.0 0.10116120314748916 0.0 0.42815601900255357 0.855430251958007 0.21708762800226994 0.0 0.5 
组阁+谈判 10.0 0.5110219896402515 0.0 0.3275920449333137 0.9527087329185436 0.485080663264893 0.09210526315789473 0.5 
联邦+议院 0.0 0.3018682796796151 0.0 0.21619885498710487 0.9616161628527943 0.43690615315707826 0.013157894736842105 0.5 
议院+选举 10.0 0.1630330365913136 0.0 0.15023937646613217 0.9116744532222016 0.23380036368633308 0.013157894736842105 0.5 
选举+中 0.0 0.2566458955367692 0.0 0.23275550191516642 0.9692165871660262 0.37183692086969033 0.0 0.5 
联合+组阁 10.0 0.09523876625659745 0.0 0.2592957546059333 0.919150710017577 0.30804904001585054 0.02631578947368421 0.5 
谈判+破裂 30.0 0.20170636720710297 0.0 0.43414120405374906 0.8915958597848774 0.34053800973721604 0.039473684210526314 0.5 
绿党+组成 0.0 0.07024211305494546 0.0 0.3655157479602615 0.9057005314700693 0.2685050692100682 0.0 0.5 
组成+少数派 0.0 0.07324604860449112 0.0 0.42601237251081786 0.8262327849718555 0.20763582731757044 0.0 0.5 
少数派+政府 30.0 0.21326500675953755 0.0 0.40362494999435616 0.8971124437260352 0.3128746897780437 0.0 0.5 
重新+大选 30.0 0.24641134156344308 0.0 0.29786643731438806 0.907245221703703 0.38202465684636533 0.14473684210526316 0.5 
组建+少数 0.0 0.12202627986157724 0.0 0.5210797354418077 0.854141701307655 0.26584810755529026 0.02631578947368421 0.5 
少数+派 0.0 0.12694024698595185 0.0 0.5229543833251495 0.8716956406742282 0.2450140178841951 0.013157894736842105 0.5 
派+政府 0.0 0.12694024698595185 0.0 0.5229543833251495 0.8716956406742282 0.21231842754061045 0.013157894736842105 0.5 
德国+政治 0.0 0.20724885748943747 0.0 0.35288775438622094 0.953759911804494 0.44950049080369436 0.06578947368421052 0.5 
民调+显示 0.0 0.08517271345877235 0.0 0.19029641129405397 0.8837582026127246 0.12266255285220407 0.013157894736842105 0.5 
重新+举行 0.0 0.20284629401331808 0.0 0.400341428999001 0.8769064440598577 0.308489935438736 0.013157894736842105 0.5 
举行+选举 0.0 0.08972609079438382 0.0 0.4359987776345423 0.8210268321961363 0.18003230326332087 0.0 0.5 
主流+政党 0.0 0.06205195929469767 0.0 0.2865750737423979 0.8531103058060898 0.31364061330131054 0.0 0.5 
民粹主义+政党 20.0 0.107759525787214 0.0 0.2486274289571087 0.94203672263472 0.2211840335329264 0.0 0.5 
政党+德国 0.0 0.107759525787214 0.0 0.2398993819007393 0.9376901086289531 0.16815543046389864 0.0 0.5 
德国+选择 0.0 0.7034102090432138 0.0 0.2432819234355073 0.9722455770509636 0.373447018416216 0.039473684210526314 0.5 
选择+党 20.0 0.7867999798103751 0.0 0.20751585673077527 0.9830363411688019 0.5251735685307957 0.07894736842105263 0.5 
大选+中 0.0 0.2621270115673786 0.0 0.15337806808666185 0.9881275046040984 0.4166012195708851 0.02631578947368421 0.5 
进入+议会 0.0 0.12956949606515017 0.0 0.27393673504735533 0.9398924445681563 0.34044548728116236 0.0 0.5 
德国+政坛 0.0 0.18550596939558506 0.0 0.365553232682653 0.9651692835478909 0.444513378475433 0.039473684210526314 0.5 
本次+大选 0.0 0.09398116675201254 0.0 0.28492107587508614 0.892271686614108 0.2638493260409573 0.0 0.5 
难民+政策 10.0 0.21174150927957297 0.0 0.4763983904690713 0.9114569083953641 0.4039839457897053 0.013157894736842105 0.5 
德国+媒体 0.0 0.14626346683119557 0.0 0.26918369786947277 0.9379839423510318 0.29885919999591265 0.013157894736842105 0.5 
新浪+财经 0.0 0.1150534506219384 0.0 0.15483593044591196 0.9608759939377479 0.06858996477116844 0.0 0.5 
财经+股吧 0.0 0.1094977859791727 0.0 0.16938572564478369 0.9576005951667673 0.0 0.0 0.5 
组建+新 0.0 0.10128447396535888 0.0 0.13699673131354165 0.8337312000005032 0.32364527456196823 0.0 0.5 
新+政府 0.0 0.21115595503359216 0.0 0.21599580114320854 0.9514569878493768 0.3982001838585517 0.0 0.5 
9月+24日 0.0 0.12413630656054868 0.0 0.2228425372266628 0.9597070528188005 0.31689317501346365 0.0 0.5 
次+大选 0.0 0.20368520156723413 0.0 0.32409209708019315 0.918496061381853 0.2619944249104494 0.0 0.5 
执政+伙伴 0.0 0.055369965778062996 0.0 0.4179234118526383 0.8834831918113734 0.27622976540024896 0.0 0.5 
采访+时 0.0 0.14057978715159683 0.0 0.23269560617223756 0.9097636740035528 0.3167735577664977 0.0 0.5 
时+表示 0.0 0.061319383750725626 0.0 0.1476607707562153 0.9176412863789791 0.19650360545306217 0.0 0.5 
德国+政府 0.0 0.16726543294984578 0.0 0.3105179964511984 0.965852285565179 0.3812857173066858 0.0 0.5 
联盟+政府 0.0 0.06962737874948957 0.0 0.6004096491500062 0.8053747491834525 0.2272666404387025 0.0 0.5 
12+年 0.0 0.2035570296052301 0.0 0.5235057410329602 0.8957630991800009 0.30391004835228086 0.0 0.5 
报道+称 0.0 0.13360863309919532 0.0 0.15601883253113977 0.9080873960972495 0.07923975620328544 0.0 0.5 
少数+政府 0.0 0.11436197885523543 0.0 0.38265100325142515 0.8324941842913806 0.3010133492442023 0.0 0.5 
联邦+政府 0.0 0.10128447396535888 0.0 0.2170385987186363 0.8872517644675454 0.2894144612969721 0.0 0.5 
难民+问题 0.0 0.12694024698595185 0.0 0.4432296106359129 0.8949478759606564 0.30383542742624575 0.0 0.5 
联邦+总统 0.0 0.06381136296464997 0.0 0.3981840084349473 0.6911614248515656 0.21828817528761102 0.0 0.5 
支持+重新 0.0 0.06381136296464997 0.0 0.41940027320427714 0.6513212352589834 0.18657397299403594 0.013157894736842105 0.5 
负+责任 0.0 0.07324604860449112 0.0 0.27389705643750556 0.8618253382841329 0.19244545744597147 0.0 0.5 
政党+选择 0.0 0.04897445440430536 0.0 0.3974981031937193 0.8719784322039487 0.20430782793921395 0.0 0.5 
政治+危机 0.0 0.09278011858036353 0.0 0.5061245568288718 0.8360084030503334 0.25113976766251644 0.013157894736842105 0.5 
德国+民众 0.0 0.10116120314748916 0.0 0.24197237146223663 0.9113480841656627 0.32234395598646387 0.02631578947368421 0.5 
德国+大选 10.0 0.23466441450144493 0.0 0.14388979805735244 1.0 0.45300973554327545 0.19736842105263158 0.5 
极右翼+政党 20.0 0.20136264445695073 0.0 0.220410512937894 0.9655577738258874 0.38319309140237345 0.013157894736842105 0.5 
组阁+失败 20.0 0.13546654020577373 0.0 0.5116819489079877 0.8614550139832531 0.2645233490114366 0.0 0.5 
英国+脱欧 0.0 0.10507428629829427 0.0 0.42981558086763005 0.9240276669701777 0.31591102474310584 0.0 0.5 
欧洲+一体化 30.0 0.3073814901212699 0.0 0.4435061192320172 0.9462135662408524 0.39561197085927 0.013157894736842105 0.5 
法+德 0.0 0.16622341385698566 0.0 0.5813978122660648 0.7701526049343596 0.30481484416575516 0.0 0.5 
两+国 0.0 0.1109259169080557 0.0 0.41508558314535937 0.8655893368085974 0.2666782287530978 0.0 0.5 
法国+总统 10.0 0.1436987935207432 0.0 0.4247112002370404 0.9434561770397828 0.3060849721635571 0.0 0.5 
总统+马克龙 20.0 0.089247451499008 0.0 0.46386303645009663 0.9311153212303842 0.2668413205702539 0.0 0.5 
欧+债 0.0 0.10525016951446373 0.0 0.49450003649727964 0.8747306956279277 0.23676836312524704 0.0 0.5 
债+危机 0.0 0.10525016951446373 0.0 0.49450003649727964 0.8747306956279277 0.26279220406926035 0.0 0.5 
参与+组阁 0.0 0.06962737874948957 0.0 0.4992295816508997 0.799974821064841 0.24091020054809884 0.013157894736842105 0.5 
举行+大选 0.0 0.1296703655502842 0.0 0.3805363077415866 0.909124050871416 0.2547483315903473 0.013157894736842105 0.5 
政治+僵局 0.0 0.08339355813567828 0.0 0.5201130880767584 0.8302153910374298 0.3119776680925464 0.02631578947368421 0.5 
默克尔+执政 20.0 0.11183493614374958 0.0 0.3984760215987476 0.9317996515835987 0.23925180049809486 0.0 0.5 
德国+社会 0.0 0.15425188650780963 0.0 0.4155860170887093 0.9217241020565455 0.4164760281729818 0.013157894736842105 0.5 
社民党+主席 0.0 0.08517271345877235 1.0 0.5602578643602423 0.8575165619901587 0.18687935252152682 0.013157894736842105 0.5 
联合+执政 0.0 0.17477147449728941 0.0 0.3973729430567208 0.9260402650616711 0.3805196447301437 0.0 0.5 
退出+组阁 20.0 0.04897445440430536 0.0 0.6725349899977099 0.7616013585695216 0.15315587722353013 0.013157894736842105 0.5 
两+党 0.0 0.08820696907496656 0.0 0.38638749225754687 0.9069621078889227 0.2634958820036411 0.0 0.5 
组建+联合政府 20.0 0.04939271889644439 0.0 0.3317229993128101 0.8837055145767402 0.3111747424843107 0.013157894736842105 0.5 
德国+联邦 0.0 0.2237646648078401 0.0 0.183012653785102 0.9856250706272117 0.3501765400097997 0.0 0.5 
进入+联邦 0.0 0.12725812838713305 0.0 0.32897013705064365 0.897956600285154 0.2915274018676279 0.0 0.5 
默克尔+组阁 20.0 0.06205195929469767 1.0 0.31644649773243316 0.8808034959894646 0.24191507038620624 0.05263157894736842 0.5 
执政+12 0.0 0.10128447396535888 0.0 0.5026412181218394 0.8636845124161205 0.1587542659961957 0.0 0.5 
欧洲+政治 0.0 0.04939271889644439 0.0 0.4283920868765693 0.9001701134760722 0.29660021498726474 0.0 0.5 
宣布+退出 0.0 0.08517271345877235 0.0 0.34910732465532535 0.9176893263008524 0.33675880465899555 0.013157894736842105 0.5 
基督教+民主联盟 0.0 0.08361947637726927 0.0 0.291919416871339 0.9367978129380954 0.261082401612233 0.0 0.5 
难民+危机 0.0 0.18544881278065717 0.0 0.45095967307881274 0.9367075739713744 0.3915406232052831 0.0 0.5 
总理+任期 0.0 0.10164359242592193 0.0 0.43214986213012546 0.9138304574048025 0.2247032422796768 0.0 0.5 
谈判+失败 20.0 0.152600311015576 0.0 0.43814110270558637 0.8912652417348237 0.27792359670185207 0.0 0.5 
牙买加+联盟 30.0 0.46080753672852076 0.0 0.3526038507209381 0.92402949379215 0.30803616816725093 0.05263157894736842 0.5 
第一+次 0.0 0.037466054042678894 0.0 0.2968643290749422 0.927403068184116 0.3153295064727971 0.0 0.5 
议会+选举 10.0 0.2647050919132276 0.0 0.30989167133295614 0.9283411987883123 0.39529815256214224 0.0 0.5 
组成+联合政府 0.0 0.14240896729774832 0.0 0.2949842012229637 0.9439404537326922 0.3564398009273712 0.0 0.5 
执政+联盟 0.0 0.20270925164395068 0.0 0.21055969925894297 0.9598781863445095 0.4123650407120055 0.013157894736842105 0.5 
总理+科尔 0.0 0.06962737874948957 0.0 0.5860660657545884 0.8324622149652087 0.3335801126066672 0.0 0.5 
金融+危机 10.0 0.12202627986157724 0.0 0.499929071144795 0.897950274974964 0.28683895441166396 0.0 0.5 
2013年+大选 0.0 0.037466054042678894 0.0 0.283829866489347 0.917245194228821 0.21505234630158068 0.0 0.5 
绿+党 0.0 0.06102208651755751 0.0 0.24052812220007813 0.9038938182937322 0.3081437109504299 0.0 0.5 
议会+中 0.0 0.11490980634050678 0.0 0.3204143627988467 0.9345304286722688 0.3740846081229576 0.0 0.5 
欧+美 0.0 0.07321441072422638 0.0 0.5241860534256225 0.7715259442035726 0.25840780788922135 0.0 0.5 
中国+新闻 0.0 0.16092552022059767 0.0 0.7667902857440256 0.4004445762476485 0.08376169080641142 0.0 0.5 
新闻+周刊 0.0 0.16092552022059767 0.0 0.7667902857440256 0.4004445762476485 0.052864332685539465 0.0 0.5 
德国+政局 0.0 0.10116120314748916 0.0 0.36972623591455006 0.8777834580794807 0.30977970236546587 0.039473684210526314 0.5 
首+次 0.0 0.16050294414914684 0.0 0.18302403534116593 0.9606815587050417 0.41676184781419034 0.013157894736842105 0.5 
9月+25日 0.0 0.14500497486627453 0.0 0.11565624921321967 0.9621398442487369 0.3264108310793182 0.0 0.5 
党+主席 0.0 0.06962737874948957 0.0 0.392281924245753 0.8741130828981034 0.32030849293707914 0.0 0.5 
重新+选举 30.0 0.21174150927957297 0.0 0.23039856253390645 0.8519340790940466 0.3521539145822788 0.013157894736842105 0.5 
成为+议会 0.0 0.08737617354081954 0.0 0.383160704388025 0.9006613839005222 0.19408256305372606 0.0 0.5 
议会+第三 0.0 0.06784001671216318 0.0 0.4098586154283605 0.8726114949009622 0.12368794774213923 0.0 0.5 
德国+新 0.0 0.18253810556224392 0.625 0.07472539282794155 0.931695060839364 0.2921844749056714 0.039473684210526314 0.5 
谈判+中 0.0 0.08299480667368896 0.0 0.44885764170598696 0.9064291395334362 0.34305416843136977 0.0 0.5 
默克尔+总理 0.0 0.04897445440430536 0.0 0.5209345238576386 0.8773528883056569 0.27968455502819645 0.0 0.5 
基督教+社会 0.0 0.037466054042678894 0.0 0.2301083855603477 0.8830756289085948 0.20363397593101065 0.0 0.5 
社会+联盟 0.0 0.043985641383509626 0.0 0.21737425821084497 0.9120982120709201 0.251468399622038 0.0 0.5 
欧元区+改革 20.0 0.08339355813567828 0.0 0.5213342890522032 0.8375241324641973 0.3135584344312831 0.0 0.5 
党+地位 0.0 0.06102208651755751 0.0 0.17572563227735588 0.8831637503895552 0.1133863550297143 0.0 0.5 
财政+政策 0.0 0.06381136296464997 0.0 0.23429584761830607 0.8000561725129338 0.2953986586494966 0.0 0.5 
进入+德国 0.0 0.13828715267270705 0.0 0.22844712375767914 0.9616075185689075 0.3247244220710821 0.0 0.5 
长+达 0.0 0.06205195929469767 0.0 0.2760006177871135 0.9185972596547858 0.2803089922093958 0.0 0.5 
西方+国家 0.0 0.1074949502036724 0.0 0.34154298592975446 0.8156923154601818 0.3154838671627304 0.0 0.5 
整个+欧洲 0.0 0.08339355813567828 0.0 0.5507870259076718 0.8620860117566758 0.2727041408908158 0.0 0.5 
社会+民主党 20.0 0.060878217554095504 0.0 0.21251096630785477 0.9135894723796145 0.27608267745954485 0.0 0.5 
中+获得 0.0 0.06622907753582935 0.0 0.27634609199369137 0.9267054973956179 0.29688840344917694 0.0 0.5 
德国+重新 0.0 0.055369965778062996 0.0 0.27620578009484237 0.8277238451310922 0.15139508378349703 0.039473684210526314 0.5 
欧元+兑 0.0 0.18187204737653836 0.0 0.3269076739012538 0.9047430215292872 0.20419949455121572 0.013157894736842105 0.5 
兑+美元 0.0 0.18187204737653836 0.0 0.3220875034427611 0.8958999877496686 0.2589803159591875 0.013157894736842105 0.5 
成为+德国 0.0 0.10164359242592193 0.0 0.19934367467155586 0.9617565470538575 0.35672739095533734 0.0 0.5 
德国+经济 0.0 0.152600311015576 0.0 0.41752396486506543 0.9150651089923146 0.3392118193930015 0.0 0.5 
经济+增长 0.0 0.10525016951446373 0.0 0.3006178809278973 0.8691586042622605 0.3365606062432463 0.0 0.5 
欧洲+央行 0.0 0.1109259169080557 0.0 0.4237380407516966 0.7131290363368089 0.26736978350069013 0.013157894736842105 0.5 
第四+次 0.0 0.037466054042678894 0.0 0.4967170801990528 0.8852794380059671 0.2441975816810554 0.0 0.5 
中+德 0.0 0.20590451308695015 0.0 0.2652186507410862 0.8618849590627928 0.3584685163743175 0.02631578947368421 0.5 
另类+选择 0.0 0.25489078072366594 0.0 0.25262686497788744 0.8491080153943964 0.2272828720637737 0.0 0.5 
德国+自民党 10.0 0.06962737874948957 0.0 0.37993223538750104 0.878987282887907 0.1788041122309057 0.013157894736842105 0.5 
右翼+民粹主义 20.0 0.08517271345877235 0.0 0.45728186386114505 0.8702396687434514 0.207628170984278 0.013157894736842105 0.5 
达成+协议 0.0 0.06784001671216318 0.0 0.25411526887569713 0.8899896377168343 0.2952253299309741 0.0 0.5 
极右+政党 0.0 0.07837255871081886 0.0 0.5166593678590838 0.821916395038548 0.28981733043025265 0.02631578947368421 0.5 
组阁+成功 0.0 0.055861199363816595 0.0 0.5469549889361535 0.7796179758454751 0.23688011373151024 0.0 0.5 
北京+时间 0.0 0.061319383750725626 0.0 0.2238748611789565 0.8118238970534266 0.26100899333709704 0.0 0.5 
责任+编辑 0.0 0.07831328028987565 0.0 0.08511669827211542 0.8385440850432017 0.18117297741155716 0.0 0.5 
大选+结束 0.0 0.04939271889644439 0.0 0.37251183642574254 0.9094298126104515 0.1928112560439727 0.0 0.5 
移民+政策 10.0 0.04897445440430536 0.0 0.2847788275755904 0.8714586816245609 0.3500373853692218 0.0 0.5 
德国+选民 0.0 0.09715973752186699 0.0 0.3647394591320914 0.9066123976173874 0.2682069569431367 0.0 0.5 
德国+议会 0.0 0.089247451499008 0.0 0.21638049207046706 0.9434039274665142 0.3266991389020346 0.0 0.5 
环球+时报 0.0 0.11769575106072738 0.0 0.477634704022251 0.5962976906580594 0.22003688398764623 0.0 0.5 
次+进入 0.0 0.09898576924950125 0.0 0.19899371361693732 0.9319226542395285 0.22014455328865196 0.0 0.5 
德国+另类 0.0 0.19486212468120157 0.0 0.3540177098410933 0.7571061032869414 0.1715647191373936 0.0 0.5 
新+选择 0.0 0.15133217331931906 0.0 0.4467598407190064 0.6797690404862209 0.20681704704784548 0.0 0.5 
反+欧元 0.0 0.06685586608920459 0.0 0.5304428039498428 0.8381498325552585 0.3190368647618365 0.0 0.5 
副+议长 0.0 0.15621952444894782 0.625 1.0 0.0 0.25527902604788627 0.013157894736842105 0.5 
联邦+议会 0.0 0.37063332742978056 0.0 0.4053594669298331 0.9211030903266181 0.41651446319302327 0.013157894736842105 0.5 
反+移民 0.0 0.1938097686357486 0.0 0.40160780730425266 0.9296500300953127 0.382657793429986 0.0 0.5 
州+议会 0.0 0.07321441072422638 0.0 0.374701173717996 0.7330971523700404 0.30983177378260834 0.0 0.5 
议会+党团 0.0 0.04897445440430536 0.0 0.19641340176646369 0.8502803377128254 0.23685904557326817 0.0 0.5 
反+欧洲 0.0 0.055369965778062996 0.0 0.5397584638357572 0.8350783949510179 0.157126892868002 0.0 0.5 
欧盟+委员会 0.0 0.06381136296464997 0.0 0.4793121406231727 0.8200209520106857 0.2156682774192962 0.0 0.5 
欧洲+政策 20.0 0.11769575106072738 0.0 0.7453127543959179 0.5974980662711463 0.2743086085702428 0.0 0.5 
文章+称 0.0 0.12047116776740034 0.0 0.3741089948558873 0.5511068920630519 0.0867969021602845 0.0 0.5 
政治+势力 0.0 0.140698343993999 0.0 0.6387850960630189 0.3528670028316559 0.17459073191281604 0.0 0.5 
美国+总统 0.0 0.10525016951446373 0.0 0.4886417450800323 0.8330886868241861 0.30946947362720945 0.0 0.5 
进入+国会 0.0 0.06381136296464997 0.0 0.4551059953205689 0.794911583841949 0.236687087603262 0.0 0.5 
一体化+进程 0.0 0.07837255871081886 0.0 0.5846747070665201 0.7561117470317522 0.23417818130965604 0.02631578947368421 0.5 
传统+政治 0.0 0.15621952444894782 0.0 1.0 0.0 0.11668469931003407 0.0 0.5 
斯蒂凡+⋅柯 0.0 0.27522958392219915 0.0 1.0 0.0 0.13427959585234336 0.0 0.5 
⋅柯+内琉斯 0.0 0.27522958392219915 0.0 1.0 0.0 0.17039618106956841 0.0 0.5 
组建+大+联合政府 30.0 0.10137515164409047 0.0 0.615743164037631 0.6211913833741111 0.23375272822299828 0.0 1.0 
德国+总理+默克尔 0.0 0.13903994399796404 0.0 0.1896079321391782 0.956723587550106 0.24839930971267327 0.013157894736842105 1.0 
总理+默克尔+领导 0.0 0.09610371082186966 0.0 0.23008005818473545 0.933706839028047 0.09572265287300225 0.0 1.0 
领导+的+联盟党 0.0 0.11831056457040258 0.0 0.27359759242248494 0.9528526237608472 0.17675796199171434 0.0 1.0 
联邦+议院+选举 30.0 0.1630330365913136 0.0 0.15023937646613217 0.9116744532222016 0.244254050972093 0.013157894736842105 1.0 
自由民主党+和+绿党 20.0 0.10525016951446373 0.0 0.4036983266461781 0.8608420584211467 0.24988829699471507 0.0 1.0 
组成+少数派+政府 30.0 0.07324604860449112 0.0 0.42601237251081786 0.8262327849718555 0.20763582731757044 0.0 1.0 
组建+少数+派 10.0 0.08972609079438382 0.0 0.5437673895423526 0.839617968191917 0.22607626724897423 0.013157894736842105 1.0 
少数+派+政府 30.0 0.12694024698595185 0.0 0.5229543833251495 0.8716956406742282 0.2450140178841951 0.013157894736842105 1.0 
重新+举行+选举 30.0 0.06784001671216318 0.0 0.46227950232829634 0.7530557421409105 0.1868074692693068 0.0 1.0 
民粹主义+政党+德国 0.0 0.043985641383509626 0.0 0.1499288677980897 0.8697585425237654 0.06767977765428689 0.0 1.0 
政党+德国+选择 0.0 0.1049989260876088 0.0 0.22462181552767538 0.9306527269862135 0.1420134558480402 0.0 1.0 
德国+选择+党 30.0 0.7261346673963717 0.0 0.23912196110377196 0.9712355554605113 0.3635414943824408 0.02631578947368421 1.0 
进入+【+新浪 0.0 0.1094977859791727 0.0 0.16938572564478369 0.9576005951667673 0.101244651848966 0.0 1.0 
新浪+财经+股吧 0.0 0.1094977859791727 0.0 0.16938572564478369 0.9576005951667673 0.041319447893802624 0.0 1.0 
股吧+】+讨论 0.0 0.1094977859791727 0.0 0.16938572564478369 0.9576005951667673 0.0 0.0 1.0 
采访+时+表示 0.0 0.04897445440430536 0.0 0.12943296641535734 0.8205382155194779 0.18711281453140194 0.0 1.0 
组阁+谈判+破裂 30.0 0.12403142785318412 0.0 0.4872498193117364 0.8857650394998465 0.283849279557362 0.02631578947368421 1.0 
第四+个+任期 0.0 0.06205195929469767 0.0 0.451518958326547 0.8421365255062827 0.22955849649260787 0.013157894736842105 1.0 
法国+总统+马克龙 20.0 0.07974478227697672 0.0 0.46386303645009663 0.9311153212303842 0.20568224517304834 0.0 1.0 
欧+债+危机 0.0 0.10525016951446373 0.0 0.49450003649727964 0.8747306956279277 0.23676836312524704 0.0 1.0 
基民盟+和+基社盟 0.0 0.06102208651755751 0.0 0.4158001642038617 0.9146188180354935 0.23089102162458683 0.0 1.0 
德国+联邦+议院 0.0 0.16186798272693997 0.0 0.21725563247847254 0.955319916276721 0.2358394332645121 0.0 1.0 
进入+联邦+议院 0.0 0.08737617354081954 0.0 0.33515831866928497 0.8725623512204271 0.2528249002142482 0.0 1.0 
执政+12+年 0.0 0.10128447396535888 0.0 0.5026412181218394 0.8636845124161205 0.1587542659961957 0.0 1.0 
两+个+月 0.0 0.042899914843962814 0.0 0.47480680746902315 0.8781580317971548 0.23498319412560623 0.0 1.0 
领导+的+基督教 0.0 0.037466054042678894 0.0 0.2804983811155626 0.8906282386013693 0.13501490186288848 0.0 1.0 
第四+个+总理 0.0 0.06205195929469767 0.0 0.5491634274081573 0.8274911395777191 0.1515690985473165 0.0 1.0 
组阁+谈判+失败 30.0 0.09278011858036353 0.0 0.5520702334175841 0.8480064003185958 0.19219802613993373 0.0 1.0 
重新+举行+大选 30.0 0.10128447396535888 0.0 0.38613733862392446 0.8390651865776604 0.24157788843064074 0.013157894736842105 1.0 
基民盟+/+基社盟 0.0 0.14891296714208335 0.0 0.24668953809369853 0.9329210700019877 0.25699295699605507 0.0 1.0 
领导+的+基民盟 0.0 0.08031006764626336 0.0 0.314104565053355 0.934162868118099 0.18275500840434558 0.0 1.0 
新+一+届 0.0 0.1316845718858577 0.0 0.2802992664944256 0.9531576663021443 0.27840621486523937 0.02631578947368421 1.0 
自民党+和+绿党 30.0 0.16408740655002219 0.0 0.3694433255335469 0.9126565194420072 0.271810553518941 0.0 1.0 
第三+大+党 0.0 0.14953780093394428 0.0 0.31397086176087596 0.9489669950163899 0.19663790470467704 0.0 1.0 
中国+新闻+周刊 0.0 0.16092552022059767 0.0 0.7667902857440256 0.4004445762476485 0.08376169080641142 0.0 1.0 
基督教+社会+联盟 0.0 0.037466054042678894 0.0 0.2301083855603477 0.8830756289085948 0.20363397593101065 0.0 1.0 
第一+大+党 0.0 0.09523876625659745 0.0 0.3062463028102621 0.924761045262666 0.21003526259159172 0.0 1.0 
德国+大选+中 0.0 0.037466054042678894 0.0 0.0021985159540182453 0.9085779231409703 0.21421533096037645 0.013157894736842105 1.0 
欧元+兑+美元 30.0 0.1583367649114687 0.0 0.3098098650092983 0.9020405327698326 0.16010361551653315 0.013157894736842105 1.0 
德国+组阁+谈判 20.0 0.06381136296464997 0.0 0.5033613111437774 0.7107849003492822 0.1341760818216773 0.02631578947368421 1.0 
另类+选择+党 0.0 0.25489078072366594 0.0 0.25262686497788744 0.8491080153943964 0.2272828720637737 0.0 1.0 
党+（+AfD 0.0 0.055369965778062996 0.0 0.3414892477836614 0.8412044414140436 0.059227174590541894 0.0 1.0 
联盟党+、+自民党 0.0 0.055369965778062996 0.0 0.39083743416911115 0.7154375208572084 0.17327166153124485 0.0 1.0 
首+次+进入 0.0 0.08720849555613053 0.0 0.18776831983600534 0.9172871512950383 0.224637207453822 0.0 1.0 
次+进入+德国 0.0 0.037466054042678894 0.0 0.2505983248012821 0.8928162998948914 0.15838349420512118 0.0 1.0 
德国+另类+选择 0.0 0.1803009289345169 0.0 0.3540177098410933 0.7571061032869414 0.16128639893523494 0.0 1.0 
德国+新+选择 0.0 0.1539678138897873 0.0 0.44147932690336045 0.656443375697571 0.13532434585767397 0.0 1.0 
新+选择+党 20.0 0.15133217331931906 0.0 0.4467598407190064 0.6797690404862209 0.20681704704784548 0.0 1.0 
德国+联邦+议会 0.0 0.10902604316681909 0.0 0.39686867188452857 0.8968632002706026 0.29308622173842025 0.0 1.0 
联邦+议会+选举 30.0 0.12743948374562775 0.0 0.48723402170603575 0.840917281825699 0.2632111060000048 0.0 1.0 
12.6%+的+选票 0.0 0.043985641383509626 0.0 0.2118693198602175 0.887448128236303 0.1619649218942446 0.0 1.0 
欧元+/+美元 20.0 0.11769575106072738 0.0 0.7661794362448932 0.3842296769000629 0.16003924154765856 0.0 1.0 
斯蒂凡+⋅柯+内琉斯 0.0 0.27522958392219915 0.0 1.0 0.0 0.13427959585234336 0.0 1.0 
