2016年 0.0 0.11598588815000153 0.35 0.2788875700839668 0.9492932312652547 0.6125568338215576 0.0 0.0 
希望 0.0 0.10526373322484524 0.3 0.2821348277707463 0.9234496429540213 0.5633965395648436 0.0 0.0 
战争 0.0 0.1414410579277613 0.3 0.5156511947279818 0.8803161250294951 0.6016622621503065 0.0 0.0 
国产片 0.0 0.21618668785278913 0.45 0.2939044151168149 0.9375153690358063 0.6742414286781956 0.0 0.0 
这种 0.0 0.14727060604748252 0.3 0.3311796555542722 0.9764125184785503 0.6682010221107416 0.0 0.0 
国际 0.0 0.14116529705966696 0.3 0.3673991692137313 0.9232708589699193 0.6371168744982942 0.016129032258064516 0.0 
国内 0.0 0.13986603531136624 0.3 0.17708080478020025 0.9953766938127602 0.6782599041904507 0.0 0.0 
现象 0.0 0.13487519322106303 0.3 0.3253301616393816 0.9702181051420793 0.4973937106751018 0.016129032258064516 0.0 
原因 0.0 0.10757741706690298 0.3 0.17098272550019475 0.9957292220114387 0.524586031745222 0.03225806451612903 0.0 
之前 0.0 0.09830448760666143 0.3 0.08294178562550115 0.9564497008923678 0.6006412069528896 0.0 0.0 
已经 0.0 0.20550520091615687 0.3 0.2513572255771671 0.9706905139860043 0.8051267843375288 0.0 0.0 
8月 0.0 0.21073420091350958 0.2 0.1893182292896552 0.9557209245115822 0.7216100319030903 0.0 0.0 
拍摄 0.0 0.2555674076409394 0.3 0.2347680515382475 0.919222966372602 0.7847512848104027 0.0 0.0 
突破 0.0 0.15687682567487302 0.3 0.22693566383037775 0.965737793859652 0.5822041046973512 0.04838709677419355 0.0 
质量 0.0 0.21421610585846407 0.3 0.3359115744334279 0.9484749496103091 0.6597640288259319 0.04838709677419355 0.0 
显示 0.0 0.12166073031353385 0.3 0.18292305195024589 0.8616809560659362 0.503505335253824 0.0 0.0 
成绩 0.0 0.2011197030151863 0.3 0.14355700819818254 0.9542961773114196 0.6498672975027555 0.0 0.0 
阿里 0.0 0.3125315503227707 0.3 0.8183233486687129 0.5560243192384211 0.5756912819404846 0.08064516129032258 0.0 
取得 0.0 0.17379247310096385 0.3 0.2552589238526039 0.9627084253212596 0.6115051907352911 0.0 0.0 
成功 0.0 0.22084544606325615 0.3 0.3590876451562793 0.9552142410259331 0.6799783510361084 0.03225806451612903 0.0 
目前 0.0 0.2132620122008702 0.3 0.12807909623626199 0.9658766184540512 0.6868692348220784 0.0 0.0 
该片 0.0 0.1205110939939283 0.3 0.0 0.9250787896448089 0.5806368546320695 0.0 0.0 
社会 0.0 0.18517507077037348 0.3 0.4179570530875238 0.9053545482813556 0.6277886502184755 0.0 0.0 
唯一 0.0 0.10864038922133894 0.3 0.1389053324100025 0.9559909961371305 0.5350635069658639 0.0 0.0 
成为 0.0 0.1906595593972311 0.3 0.26703599723382204 0.9844782579550709 0.7824208250949345 0.016129032258064516 0.0 
未来 0.0 0.1387754516008529 0.3 0.3721392949664428 0.9921081616084003 0.6487742591820717 0.0 0.0 
报道 0.0 0.1632149938277439 0.3 0.20432239394291624 0.9533235433049548 0.5540467030044915 0.0 0.0 
发展 0.0 0.1429946655154019 0.3 0.2814623785300232 0.982682840779269 0.6575150530768531 0.0 0.0 
进行 0.0 0.13569153618535282 0.3 0.33045868922176896 0.9296687002370302 0.6009662397641329 0.03225806451612903 0.0 
财经 0.0 0.11478715398212729 0.3 0.3157919995756237 0.8475305391686523 0.28403766710950096 0.0 0.0 
卢靖姗 0.0 0.20048335432170022 0.45 0.23270644235580742 0.5122297562897558 0.5907937774603712 0.0 0.0 
军事 0.0 0.17250342638805974 0.3 0.2200928519809047 0.944789179570858 0.6263058275850154 0.0 0.0 
档期 0.0 0.15151569096766535 0.3 0.20988939308042137 0.9605400359116867 0.633468552930688 0.0 0.0 
这部 0.0 0.2160679216722662 0.3 0.37324192683154 0.9143190945854032 0.6712422642043767 0.0 0.0 
冷锋 0.0 0.12340665242447091 0.3 0.4548166552464695 0.8187606134578558 0.5968529663730663 0.0 0.0 
50亿 0.0 0.19399395550303286 0.25 0.21892281837866048 0.9440306901738467 0.5480251744833271 0.11290322580645161 0.0 
影业 0.0 0.2429246668031633 0.3 0.5579647157891835 0.8121940280470386 0.5464653426570836 0.06451612903225806 0.0 
基础 0.0 0.11948202516754969 0.3 0.27201930377943767 0.9523118094440395 0.5061063270222143 0.0 0.0 
影院 0.0 0.21356693808211674 0.3 0.22056749155195435 0.9483373066743583 0.7586518234646356 0.0 0.0 
超越 0.0 0.12583871216767717 0.3 0.4609820785441054 0.9321784407833819 0.5299643565532983 0.016129032258064516 0.0 
类型 0.0 0.2744901473494258 0.3 0.47722104309740654 0.9274975975416718 0.7152169265972763 0.0 0.0 
采访 0.0 0.10429328627193007 0.3 0.22740875277106712 0.8928746954336302 0.46864047492279204 0.0 0.0 
9月 0.0 0.16028392454587154 0.2 0.24397787003448096 0.8518485940271803 0.6085992432535171 0.03225806451612903 0.0 
大业 0.0 0.16198324873072117 0.3 0.3905316486702765 0.8499790136400742 0.3265661756722653 0.0 0.0 
讨论 0.0 0.0867857935833806 0.3 0.23449169583139018 0.9435845491966535 0.25786484311847907 0.0 0.0 
持续 0.0 0.1345278743778423 0.3 0.1780751499264094 0.9659101534818675 0.6102981121304313 0.0 0.0 
旅游 0.0 0.22914406892904163 0.3 0.7255576198199928 0.625293311058599 0.491338570688752 0.0 0.0 
模式 0.0 0.1357444790868658 0.3 0.27264419647892507 0.9731832881148961 0.5604744861599805 0.0 0.0 
达到 0.0 0.20497145702456016 0.3 0.21611637842099943 0.9686741651884142 0.6959260082046235 0.016129032258064516 0.0 
应该 0.0 0.12091230015883934 0.3 0.16921043130287108 0.9697470967078728 0.6399371383281056 0.0 0.0 
发行方 0.0 0.1645721544907114 0.45 0.5169364634046283 0.8781141517708368 0.5603907268134267 0.0 0.0 
口碑 30.0 0.20718421570597606 0.3 0.28361784919724164 0.941060592181238 0.6527197043004741 0.016129032258064516 0.0 
演员 0.0 0.2814423295205495 0.3 0.06611308362521977 0.9421571591752552 0.7678226884777739 0.016129032258064516 0.0 
去年 0.0 0.22668222889239376 0.3 0.2137864598854237 0.9691476343310625 0.6552053515910409 0.0 0.0 
冠军 0.0 0.12123748451175753 0.3 0.2937072427999892 0.9343186997185486 0.5283122267651357 0.0 0.0 
需求 0.0 0.1140612071944443 0.3 0.49173302477399033 0.9516575432299275 0.5455595334639524 0.0 0.0 
方式 0.0 0.10212554327080677 0.3 0.2835565450492499 0.9572686906246507 0.5471747969079812 0.0 0.0 
二十二 0.0 0.17010177253510264 0.45 0.426108000174373 0.8778239250991575 0.4140308259576597 0.016129032258064516 0.0 
资本 0.0 0.13032366111376045 0.3 0.2429931433190818 0.9503155854479781 0.5935496937041878 0.016129032258064516 0.0 
华语 0.0 0.1357444790868658 0.3 0.2114640363884536 0.9545964763254207 0.5341748463168585 0.0 0.0 
增长 0.0 0.2342197763611967 0.3 0.3530790969314729 0.8319390266971589 0.6486089147999577 0.016129032258064516 0.0 
56亿 0.0 0.14688259052010733 0.25 0.2048970993589888 0.737285076919392 0.46515517994718536 0.11290322580645161 0.0 
当时 0.0 0.1252810216923245 0.3 0.09400474146889796 0.9609587876662687 0.5960592366162349 0.0 0.0 
联合 0.0 0.1354295894266645 0.3 0.5675709271907198 0.8144220648065709 0.5160476333421984 0.016129032258064516 0.0 
主要 0.0 0.10429328627193007 0.3 0.27912687547852055 0.9596228502913938 0.5927129884919862 0.0 0.0 
主旋律 0.0 0.3228951925184523 0.45 0.42755459802065665 0.9370367223528563 0.6980636271443984 0.08064516129032258 0.0 
影视 0.0 0.1917081200652926 0.3 0.1640535298409731 0.9702231258683492 0.7107568146480171 0.016129032258064516 0.0 
最后 0.0 0.11885635654830318 0.3 0.20729574813989934 0.9410463274524206 0.603523231255484 0.0 0.0 
平台 0.0 0.17490882449221573 0.3 0.45526524902366156 0.9286609682463931 0.6175055232417087 0.0 0.0 
看到 0.0 0.12123748451175753 0.3 0.25821242695777996 0.9661534239619599 0.5832665931630455 0.0 0.0 
故事 0.0 0.32566884942396684 0.3 0.41232027531180754 0.9323062830828825 0.7085718542610255 0.06451612903225806 0.0 
猫眼 0.0 0.11685034652714454 0.3 0.1686201083087482 0.9548244281380592 0.5543793607690968 0.0 0.0 
单日 0.0 0.19938164805347167 0.3 0.413059420521637 0.8532096082817824 0.5447925012261551 0.0 0.0 
主演 0.0 0.11645949920129166 0.3 0.31840819736147313 0.8940773037313999 0.5300928214488901 0.0 0.0 
观影 0.0 0.24235762797790597 0.3 0.4197925861922103 0.9714389910810078 0.6909582881650588 0.0 0.0 
重要 0.0 0.11362128200234048 0.3 0.306832617537532 0.9736037614643887 0.5466826897064123 0.0 0.0 
中国 0.0 0.39901578852320624 0.3 0.26686034303587286 0.9744076454577827 0.930431243804822 0.14516129032258066 0.0 
空间 0.0 0.15523813055814442 0.3 0.38951185313424785 0.9172247416103387 0.6040206916394656 0.016129032258064516 0.0 
非洲 0.0 0.19938164805347167 0.3 0.4135482809851468 0.8771884223319399 0.6531755323847194 0.016129032258064516 0.0 
宣发 0.0 0.1693035776978549 0.3 0.49971193669889796 0.8774196341098375 0.5662983733394303 0.0 0.0 
市场 0.0 0.39468658232058235 0.3 0.3204392067585321 0.9825566286956922 0.822918037381749 0.04838709677419355 0.0 
艺术 0.0 0.12340665242447091 0.3 0.45885877973447026 0.9148326108814829 0.5805958239536476 0.0 0.0 
表示 0.0 0.21477078559096108 0.3 0.16678349549127489 0.9746191233711387 0.6983433897327437 0.0 0.0 
娱乐 0.0 0.08871128069276386 0.3 0.1886482371765249 0.925287038606575 0.5309392757308284 0.016129032258064516 0.0 
内容 0.0 0.2316249571435448 0.3 0.21029821061373072 0.9775158186614805 0.7105407042338026 0.0 0.0 
德国 0.0 0.3022938200826904 0.3 0.29480608110079204 0.7857949130869195 0.5978345192939881 0.016129032258064516 0.0 
投资 0.0 0.17422106565158987 0.3 0.3843682521242727 0.9211985170872723 0.6173035021616227 0.0 0.0 
奥斯卡 20.0 0.7039309148390082 0.45 0.5929586140773152 0.8217652140899601 0.7214377035217201 0.06451612903225806 0.0 
新闻 0.0 0.09015207780044876 0.3 0.2815200720672754 0.8990913639674395 0.39874090138035934 0.0 0.0 
问题 0.0 0.1629230506583675 0.3 0.2695129579506514 0.9647009694640496 0.6657525738459632 0.0 0.0 
传媒 0.0 0.16105203423005254 0.3 0.25867170189122296 0.8754690560743716 0.6051200584406269 0.016129032258064516 0.0 
题材 0.0 0.2580254391680961 0.3 0.26910000373145804 0.9770992336419243 0.7132738944974724 0.0 0.0 
人次 0.0 0.20494317639822252 0.3 0.3761357647809724 0.9198868606464784 0.5776888081404735 0.0 0.0 
获得 0.0 0.1504707722115621 0.3 0.2845671177283573 0.9356470777013908 0.658753265166187 0.0 0.0 
进入 0.0 0.13872816641613545 0.3 0.26046953321481064 0.9528306902666535 0.6121737463781413 0.016129032258064516 0.0 
大片 0.0 0.2339942330629591 0.3 0.3789671930335499 0.9578026459504523 0.6852029116351984 0.016129032258064516 0.0 
参与 0.0 0.15889173760554404 0.3 0.23727996893642048 0.9739833443093904 0.6524410888153742 0.0 0.0 
需要 0.0 0.18125122383339262 0.3 0.18636807734323074 0.959762130973045 0.7103865200442951 0.0 0.0 
数据 0.0 0.15889173760554404 0.3 0.3589219149642975 0.9354744267460079 0.5638630659751064 0.0 0.0 
项目 0.0 0.18049328536830594 0.3 0.5277870446066262 0.8849181258041691 0.5967279266345421 0.0 0.0 
票房 0.0 0.0 0.3 0.15982635053195843 0.9572085164606343 0.9726320350470821 0.5806451612903226 0.0 
第一 0.0 0.20951507243646011 0.3 0.22648647714105938 0.9718211870705941 0.7126730293756468 0.06451612903225806 0.0 
超过 0.0 0.15259454130239075 0.3 0.24059153972694122 0.9624590674287352 0.6346169321067221 0.0 0.0 
新浪 0.0 0.08630157659246317 0.3 0.2074254783180336 0.8848837041113801 0.22012324302901434 0.0 0.0 
内地 0.0 0.3185616014852633 0.3 0.2749212654035187 0.9168135340144724 0.6858219020467647 0.08064516129032258 0.0 
标准 0.0 0.20453694700490163 0.3 0.4407655862414773 0.7901566602797819 0.5092559936135853 0.0 0.0 
觉得 0.0 0.15676262482291606 0.3 0.058936743259757784 0.9598924247393135 0.5712559856140575 0.0 0.0 
世界 0.0 0.13924695682418448 0.3 0.5281446799517973 0.9255551388899712 0.6535309119621916 0.0 0.0 
坦克 0.0 0.16753245127623842 0.3 0.3909689200783498 0.8572025281093311 0.607096975080603 0.0 0.0 
观众 0.0 0.30837797454478966 0.3 0.2608589729469032 0.9724485813143011 0.8733748937315392 0.04838709677419355 0.0 
爱国主义 30.0 0.14688259052010733 0.6 0.5010647272407537 0.8841696258398827 0.6148199619103515 0.0 0.0 
收入 0.0 0.1764180834796536 0.3 0.3486602749604122 0.9557082388155154 0.6150461973077709 0.016129032258064516 0.0 
精神 0.0 0.16022740831449164 0.3 0.44687005817416225 0.8285606689437901 0.5739887390029285 0.016129032258064516 0.0 
北京 0.0 0.7887712232053764 0.3 0.3700485989213084 0.962372325830333 0.7488094292181207 0.12903225806451613 0.0 
好莱坞 0.0 0.3372389645792647 0.45 0.4898361505970433 0.9381884386899015 0.7867301427370074 0.03225806451612903 0.0 
行业 0.0 0.21679719071590292 0.3 0.32490434379713773 0.9620411876271009 0.7008602275619188 0.016129032258064516 0.0 
团队 0.0 0.19682304676808482 0.3 0.30937255017699655 0.8298771363438298 0.6259799812892248 0.0 0.0 
英雄 0.0 0.3129261177540224 0.3 0.40908559015206847 0.9166000723637939 0.6945485262720994 0.0 0.0 
互联网 0.0 0.14849301238526344 0.45 0.5469658705271366 0.843840067438597 0.5547314223996137 0.016129032258064516 0.0 
首日 0.0 0.14161078309210337 0.3 0.4174251221281747 0.7625356518708929 0.42929769205670354 0.0 0.0 
今年 0.0 0.23889874473104863 0.3 0.2257421136579247 0.9685544411239051 0.7222481027467382 0.016129032258064516 0.0 
期待 0.0 0.10864038922133894 0.3 0.2303347173849016 0.9434116341247056 0.5556664907479594 0.0 0.0 
上映 0.0 0.19037123052414354 0.3 0.19372021028103537 0.9684213140587978 0.7643975716265146 0.04838709677419355 0.0 
媒体 0.0 0.130765124176515 0.3 0.13953057345920802 0.9304952196653876 0.647409792700609 0.016129032258064516 0.0 
影片 0.0 0.4199616689759467 0.3 0.2652713587350064 0.967512521632618 0.9170052878201059 0.0 0.0 
保底 0.0 0.3980623847763834 0.3 0.6295961577179802 0.857144765016762 0.6404378814117905 0.0 0.0 
商业 0.0 0.17750986893495052 0.3 0.3300434336438975 0.9398481949278255 0.5881750891148774 0.016129032258064516 0.0 
时间 0.0 0.16368690608505715 0.3 0.18058784529128694 0.9707829508129332 0.6836320607175633 0.0 0.0 
时代 0.0 0.10526373322484524 0.3 0.34973513726717187 0.9725070013702181 0.618559626521951 0.0 0.0 
人物 0.0 0.12904283024456326 0.3 0.4174201680528907 0.8641921969733541 0.5179927306650813 0.0 0.0 
美国 0.0 0.24535846302368672 0.3 0.3596464964744167 0.9156254724340419 0.7268775458482282 0.0 0.0 
最终 0.0 0.13066320246004268 0.3 0.23261329029061611 0.9888940007489987 0.5959112791239195 0.0 0.0 
制作 0.0 0.25683020391651196 0.3 0.34176580920879257 0.9741470799852388 0.7097793747536069 0.0 0.0 
2017年 0.0 0.1671482619481167 0.35 0.30316234192869346 0.9337851840335514 0.6300588921216053 0.0 0.0 
作品 0.0 0.23884429496380677 0.3 0.3283477051875498 0.9653400735206524 0.6939381925931674 0.016129032258064516 0.0 
宋歌 0.0 0.489951255774729 0.3 0.9275348246732388 0.6116228228675552 0.5811829100543364 0.03225806451612903 0.0 
国产 0.0 0.23673549454047418 0.3 0.4013691549237068 0.9358004111937003 0.716968216587434 0.03225806451612903 0.0 
战狼2 0.0 0.0669167729194487 0.35 0.1607208190181075 0.9554148124537946 0.660308299503568 1.0 0.0 
战狼 0.0 0.2303275661774328 0.3 0.15280387197566384 0.9690257513766536 0.5369896910360757 0.4032258064516129 0.0 
2015年 0.0 0.12123748451175753 0.35 0.20997758282258946 0.936606139148918 0.6008007142695666 0.0 0.0 
超级 0.0 0.14745252642916232 0.3 0.46669394832790234 0.877673068036112 0.5401737531067528 0.016129032258064516 0.0 
发现 0.0 0.10526373322484524 0.3 0.3033886774975238 0.9650143621721623 0.5801393196673017 0.0 0.0 
镜头 0.0 0.16022740831449164 0.3 0.3542384857235464 0.8939063351195541 0.6276754279963156 0.0 0.0 
记者 0.0 0.170363039526136 0.3 0.17782967298829733 0.9697235643027619 0.678747297207142 0.0 0.0 
方面 0.0 0.14061794819419066 0.3 0.3151925759797246 0.9729665091519876 0.6516159610164433 0.0 0.0 
产业 0.0 0.20482341087526537 0.3 0.39742002938350696 0.9635489250765227 0.633480616849367 0.016129032258064516 0.0 
文化 0.0 0.8597145149627718 0.3 0.3815735958700303 0.9857850536355137 0.8194793931148229 0.1774193548387097 0.0 
全球 0.0 0.198798559002825 0.3 0.2321862068340827 0.9719027386015919 0.6451810100978805 0.03225806451612903 0.0 
7月 0.0 0.16001333771712276 0.2 0.3675536128614903 0.9041243898554429 0.6335768881217132 0.016129032258064516 0.0 
告诉 0.0 0.11478715398212729 0.3 0.1968946423599851 0.9750245766104253 0.5227292021779765 0.0 0.0 
8亿 0.0 0.11325110975394234 0.2 0.3005213784554529 0.9732296554216466 0.5350397233073351 0.0 0.0 
国家 0.0 0.20739169446068267 0.3 0.4320656880275994 0.9337753986207649 0.6940682873536974 0.0 0.0 
敦刻尔克 10.0 0.2305654953152637 0.6 0.24506582058977663 0.7907239030566003 0.4526909688961039 0.04838709677419355 0.0 
历史 0.0 0.2109842643959879 0.3 0.32917419106703705 0.9763082968852707 0.707065292559229 0.016129032258064516 0.0 
整个 0.0 0.17248792328798546 0.3 0.2808344558531494 0.969955594684819 0.6426094831579519 0.0 0.0 
系列 0.0 0.10864038922133894 0.3 0.24224891557673198 0.9629479046361022 0.5198206660276916 0.0 0.0 
发行 0.0 0.21168545177923045 0.3 0.4189409944337746 0.9230785373759836 0.6503308111353473 0.0 0.0 
全国 0.0 0.16032359622923772 0.3 0.3773355594220482 0.8743063378698357 0.5728685423659365 0.0 0.0 
表现 0.0 0.2160679216722662 0.3 0.299911451059014 0.9786773045215531 0.6903730246875542 0.0 0.0 
最高 0.0 0.14799048403103582 0.3 0.10131584061222648 0.9560585151395987 0.5779848935228619 0.0 0.0 
合作 0.0 0.3533100477617832 0.3 0.32502549955450544 0.9046710695221194 0.6649822222664203 0.04838709677419355 0.0 
动作 0.0 0.20088367281123923 0.3 0.3245442619011549 0.9219938875468877 0.6843673860537642 0.0 0.0 
影史 0.0 0.10018127963545509 0.3 0.3028712689633574 0.9218805411339079 0.5086112620150217 0.03225806451612903 0.0 
资源 0.0 0.18049328536830594 0.3 0.45505187373148365 0.8419042704686752 0.5864976487955494 0.016129032258064516 0.0 
香港 0.0 0.5450357300989954 0.3 0.37363141447022874 0.8596935022885864 0.7077376667063798 0.12903225806451613 0.0 
创作 0.0 0.11325110975394234 0.3 0.25218629164071266 0.9469737551135363 0.5982982651275953 0.0 0.0 
认为 0.0 0.21788147451578882 0.3 0.30963596289259976 0.9716320592104537 0.6870911041117284 0.0 0.0 
出现 0.0 0.14971176911628745 0.3 0.28367917742394166 1.0 0.6395817602137887 0.0 0.0 
纪录 0.0 0.1909578888430908 0.3 0.21609633586893504 0.9673705723772519 0.6211796807216757 0.08064516129032258 0.0 
累计 0.0 0.13006685013702485 0.3 0.28030102228241643 0.8546271129680073 0.5325544941722468 0.0 0.0 
新片 0.0 0.14849301238526344 0.3 0.31003977821926837 0.7210718824245924 0.5294632742888453 0.0 0.0 
能够 0.0 0.1396656746065515 0.3 0.3362564408188783 0.9548815456810058 0.6906299683701662 0.0 0.0 
爱国 10.0 0.18051407128657657 0.3 0.31133139864052417 0.9408608940594319 0.569936949828466 0.016129032258064516 0.0 
导演 0.0 0.24080700368020638 0.3 0.1807956496525289 0.9830682925460784 0.761091968410057 0.016129032258064516 0.0 
创造 0.0 0.1345278743778423 0.3 0.29781825665084777 0.9593904033582382 0.5292908671765002 0.016129032258064516 0.0 
封神 0.0 0.18424311043398628 0.3 0.5329000329807736 0.7735739254351051 0.39394629144680776 0.016129032258064516 0.0 
最佳 0.0 0.20048335432170022 0.3 0.5055674165701834 0.8205867749058723 0.45132148362597524 0.016129032258064516 0.0 
公司 0.0 0.412694588435268 0.3 0.39330376429118796 0.910023326084295 0.7821658779763436 0.016129032258064516 0.0 
代表 0.0 0.15151569096766535 0.3 0.30055280441707305 0.96942511219492 0.6156321935755894 0.0 0.0 
打破 0.0 0.11598588815000153 0.3 0.13783365935776493 0.973096907088209 0.5223970908776744 0.0 0.0 
暑期 0.0 0.46487463727088807 0.3 0.3511698024474614 0.9296487818688297 0.6373264164738413 0.11290322580645161 0.0 
电影 0.0 0.1186181683722264 0.3 0.17397906165948057 0.9618398185030814 1.0 0.3387096774193548 0.0 
关注 0.0 0.13313535729493617 0.3 0.12011942503788069 0.9411184627050544 0.6439229868504706 0.016129032258064516 0.0 
背后 0.0 0.13527974585860977 0.3 0.388710066403222 0.945125692676592 0.569157729624075 0.03225806451612903 0.0 
吴京 0.0 0.17379247310096385 0.3 0.291713371775812 0.8804360658212449 0.6987112461611544 0.04838709677419355 0.0 
微博 0.0 0.12603271993121268 0.3 0.15205136233692756 0.8396099695938084 0.5034429889022061 0.0 0.0 
现在 0.0 0.14727060604748252 0.3 0.33039569034251226 0.9494464555291459 0.6554084898974718 0.0 0.0 
电视剧 0.0 0.1714984004338537 0.45 0.08479300757528507 0.9343018387453118 0.6239994771317453 0.03225806451612903 0.0 
排片 0.0 0.1414410579277613 0.3 0.23268277225614692 0.9164397351785677 0.5971718103381761 0.0 0.0 
网友 0.0 0.2251891599992979 0.3 0.09951525114625 0.8834636860533274 0.6424514749332834 0.03225806451612903 0.0 
广告 0.0 0.2894101936978298 0.3 0.35280546698355225 0.7689552079676876 0.6509538859233759 0.0 0.0 
之后 0.0 0.15038052315120726 0.3 0.1808094717381297 0.9787036607907574 0.6749334917731831 0.0 0.0 
票房+突破 10.0 0.050884944447326545 0.65 0.5035342489739619 0.8677739032327008 0.229406203422311 0.016129032258064516 0.5 
国家+新闻 0.0 0.050884944447326545 0.0 0.46040642636932416 0.7936781404453972 0.09143542503028877 0.0 0.5 
新闻+出版 0.0 0.04731623979478683 0.0 0.4630378763277542 0.7607164668380515 0.07162888638879174 0.0 0.5 
出版+广电 0.0 0.04731623979478683 0.0 0.4630378763277542 0.7607164668380515 0.08023403383268252 0.0 0.5 
广电+总局 0.0 0.05728049891149347 0.0 0.39880389151107276 0.8473483717019955 0.16991813080402782 0.0 0.5 
数据+显示 0.0 0.07291058971875307 0.0 0.3599463114000525 0.8464874186940994 0.1810651782237367 0.0 0.5 
中国+电影 0.0 0.3128666734476126 0.0 0.34148603195889177 0.9715705220201283 0.5408748063888484 0.04838709677419355 0.5 
500亿+元 0.0 0.06455712883576557 0.0 0.6470253493621505 0.43223636928567294 0.17382887661364158 0.03225806451612903 0.5 
观影+人次 20.0 0.13575845476270715 0.0 0.3864908006730272 0.9190200345367834 0.3697131076706261 0.0 0.5 
同比+增长 0.0 0.04667581287229248 0.0 0.45432053689291746 0.6397926619267552 0.24810091116137015 0.0 0.5 
国产+影片 0.0 0.06080647614024455 0.0 0.4063982426716488 0.7591845647928138 0.24050095116768241 0.0 0.5 
影片+票房 0.0 0.07680661263176579 0.0 0.5471622461748901 0.8183871530210486 0.2498580180649561 0.0 0.5 
总+票房 20.0 0.19399395550303286 0.0 0.3485643862321342 0.9018481895320102 0.49650058530434404 0.0 0.5 
内地+电影 0.0 0.1417478942126867 0.0 0.3541832719332795 0.851093505162519 0.3652261550568622 0.03225806451612903 0.5 
电影+市场 0.0 0.2278143814596685 0.0 0.45521458794475966 0.9467019547542701 0.5199097398651584 0.03225806451612903 0.5 
元+大关 0.0 0.06874257476541251 0.0 0.33886916694657016 0.685412621727726 0.1902674067621857 0.0 0.5 
暑期+档 20.0 0.45072056892687207 0.0 0.3365718101778464 0.9162382748718505 0.48824252913392896 0.11290322580645161 0.5 
票房+中 0.0 0.04667581287229248 0.0 0.506271618739036 0.7192706219732732 0.1713612674960073 0.0 0.5 
世+十 0.0 0.06568674273885267 0.0 0.48396911725706915 0.8257043300409646 0.0 0.0 0.5 
十+里 0.0 0.06568674273885267 0.0 0.48396911725706915 0.8257043300409646 0.0 0.0 0.5 
里+桃花 0.0 0.06568674273885267 0.0 0.48396911725706915 0.8257043300409646 0.08212148136036898 0.0 0.5 
好莱坞+大片 10.0 0.08111454321309473 0.0 0.5495996560290394 0.8454669774157046 0.3509029707111255 0.0 0.5 
两+部 0.0 0.07754842058350649 0.0 0.1579083111657586 0.9522532838328837 0.3306430286240941 0.0 0.5 
部+电影 0.0 0.11645949920129166 0.0 0.3083755314374985 0.962887083855745 0.40381963863306947 0.016129032258064516 0.5 
成为+中国 0.0 0.04667581287229248 0.0 0.5017605378446724 0.8371074032576331 0.2685276584865418 0.0 0.5 
电影+产业 0.0 0.12216953195385 0.0 0.41450867935018165 0.9165956717001402 0.40437967644389455 0.0 0.5 
电影+票房 30.0 0.1625255249505943 0.65 0.31076844478872345 0.9552885364990491 0.48533486303485507 0.06451612903225806 0.5 
首+次 0.0 0.10429328627193007 0.35 0.26709229450405997 0.8656410338802348 0.3830690170799832 0.016129032258064516 0.5 
全国+电影 0.0 0.07618878575923196 0.0 0.5743499215760699 0.6546451338862627 0.13805115604591106 0.0 0.5 
票房+纪录 30.0 0.11685034652714454 0.0 0.14181367180369775 0.9373055366891431 0.3244422618810111 0.0 0.5 
档+票房 0.0 0.07868152516445387 0.0 0.7283003108671631 0.7464659905859168 0.2606322250162228 0.03225806451612903 0.5 
市场+份额 0.0 0.08111454321309473 0.0 0.5023125156982013 0.8264236046707693 0.31447281646335157 0.0 0.5 
票房+成绩 20.0 0.10864038922133894 0.0 0.18349915430761457 0.9173024201686045 0.3849713648611797 0.0 0.5 
新浪+财经 0.0 0.07069466340990554 0.0 0.3306883788419232 0.828526866901732 0.07281386259626552 0.0 0.5 
财经+股吧 0.0 0.06527384543680016 0.0 0.3306883788419232 0.828526866901732 0.0 0.0 0.5 
新+纪录 20.0 0.07864592166645797 0.0 0.4611132483778348 0.8335955197921938 0.17827746131601166 0.016129032258064516 0.5 
去年+同期 0.0 0.08882844344991155 0.0 0.6033290391889532 0.7850888151589679 0.26662109111744364 0.0 0.5 
中国+观众 0.0 0.061386987467705836 0.0 0.6449308546565178 0.8283605631859478 0.3161770644663738 0.0 0.5 
单日+票房 0.0 0.1714984004338537 0.0 0.4100229265676909 0.8514507533452973 0.3966156856321754 0.0 0.5 
票房+破 0.0 0.061386987467705836 0.0 0.23995320673204962 0.6844579126744454 0.28362021875929994 0.12903225806451613 0.5 
建军+大业 0.0 0.12758727314706597 0.0 0.404687309731071 0.828336992562394 0.2046436116555503 0.0 0.5 
湄公河+行动 0.0 0.05432115933318712 0.0 0.5988557754088559 0.815321510595166 0.2206405126434821 0.0 0.5 
国产+电影 0.0 0.17700364661007778 0.0 0.4097224428292285 0.9480432681401973 0.5059066475685191 0.016129032258064516 0.5 
变形+金刚 0.0 0.06874257476541251 0.0 0.6061623359877121 0.817291205687416 0.19522774021486772 0.0 0.5 
中国+市场 0.0 0.07429671248539807 0.0 0.44326043128514975 0.9260752105901828 0.31643489919413265 0.0 0.5 
采访+时 0.0 0.05050565986067434 0.0 0.22049061060368658 0.8074577561011558 0.21239166668928533 0.0 0.5 
电影+中 0.0 0.10204061616522066 0.0 0.39808983584269714 0.8933627763907884 0.3801096185991006 0.0 0.5 
现象+级 0.0 0.11105947614116371 0.0 0.40650866302238103 0.9550667346780428 0.37412038802808345 0.016129032258064516 0.5 
北京+文化 20.0 1.0 0.0 0.7274356950277334 0.8139269603924415 0.48371191250947354 0.12903225806451613 0.5 
主旋律+电影 30.0 0.0847778562478738 0.0 0.5613087847295151 0.6282784743416815 0.2989673031546459 0.03225806451612903 0.5 
这部+电影 0.0 0.11325110975394234 0.0 0.4093348463903162 0.8807479669192431 0.36565489395497947 0.0 0.5 
香港+上映 30.0 0.06568674273885267 0.0 0.6838644196846029 0.5760213839102415 0.1758534083873889 0.0 0.5 
吴+京 30.0 0.3645429917449359 0.0 0.14135174671885214 0.9218460181221836 0.5689565346158322 0.20967741935483872 0.5 
部+影片 0.0 0.08733784141728168 0.0 0.498485567063344 0.906422987470176 0.43215559713144536 0.0 0.5 
华语+电影 0.0 0.07429671248539807 0.0 0.3239932103156537 0.8932771572214194 0.3526439080544046 0.0 0.5 
票房+收入 30.0 0.08104183065827904 0.0 0.3969884510589065 0.8714484487871403 0.32971009760733466 0.0 0.5 
类型+片 0.0 0.0573653614935124 0.0 0.48620434845736754 0.9070647891496638 0.38453914543348594 0.0 0.5 
票房+冠军 20.0 0.08733784141728168 0.0 0.3219415642605665 0.8705171769564818 0.3584815255250134 0.0 0.5 
高+票房 20.0 0.10552051125394593 0.0 0.3895482245064653 0.8611549911796947 0.3856691135542061 0.03225806451612903 0.5 
超级+英雄 0.0 0.10802230334919447 0.0 0.6408187666532559 0.7979788947461965 0.39344952393776206 0.0 0.5 
中国+电影史 0.0 0.05754072531227234 0.0 0.29722035371884864 0.8811435763095289 0.3021641918253348 0.0 0.5 
奥斯卡+最佳 0.0 0.13631227918002906 0.0 0.6168436937104281 0.7917950610771761 0.314371517029675 0.016129032258064516 0.5 
最佳+外语片 10.0 0.15974845980810132 0.0 0.8775309967493903 0.6079893318460653 0.26980693704103687 0.016129032258064516 0.5 
中国+内地 0.0 0.1128760985516526 0.0 0.3702840846027813 0.8449971184147557 0.3142199464194709 0.0 0.5 
全球+票房 20.0 0.07281168314164271 0.0 0.18733398332184154 0.9541576428080966 0.32692681801971296 0.0 0.5 
这部+影片 0.0 0.1428257451091503 0.0 0.6580315914717081 0.7466670269565622 0.36300214909322104 0.0 0.5 
第一+滴 0.0 0.12288807493333301 0.0 0.7854915337623459 0.4389562573585481 0.11584534183180273 0.016129032258064516 0.5 
滴+血 0.0 0.12288807493333301 0.0 0.7854915337623459 0.4389562573585481 0.13763408510577257 0.016129032258064516 0.5 
报道+称 0.0 0.05901064478164407 0.0 0.6580350748369644 0.6106580093658224 0.05133122299890929 0.0 0.5 
遇+冷 0.0 0.08680164710831084 0.0 0.4629042377375105 0.693545001830932 0.26942458888110354 0.03225806451612903 0.5 
首日+票房 0.0 0.06244128127673988 0.0 0.5908736108811207 0.649811451258431 0.14922181499943732 0.0 0.5 
高+达 0.0 0.05432115933318712 0.0 0.4146556421192568 0.7492137275348538 0.2349974612764653 0.0 0.5 
新浪+娱乐 0.0 0.04731623979478683 0.0 0.30717320340818677 0.7103007351156979 0.14432578463247236 0.0 0.5 
娱乐+讯 0.0 0.04347059440938054 0.0 0.3205326297922527 0.6992288747033614 0.16741367173420468 0.0 0.5 
院+线 0.0 0.09162133656058838 0.0 0.31978786914236 0.912898986219909 0.44096788632137524 0.0 0.5 
票房+新 0.0 0.05403140016999916 0.0 0.41059614387270005 0.9073339525409692 0.2294742017565538 0.016129032258064516 0.5 
第一+部 0.0 0.06043675849066003 0.0 0.3194748314196121 0.8641980479508032 0.31658237587612414 0.0 0.5 
7月+27日 0.0 0.05050565986067434 0.0 0.397609277306961 0.7978623355529484 0.2556536254988041 0.0 0.5 
今年+暑期 0.0 0.08568098711805598 0.0 0.5462239904539347 0.892070554956419 0.24247418793972475 0.0 0.5 
高+质量 0.0 0.0713454766912999 0.0 0.6865797500684659 0.6047359129731189 0.21939774319141508 0.016129032258064516 0.5 
猫眼+电影 0.0 0.06080647614024455 0.0 0.12815464971382443 0.7206075283853364 0.3046816208286438 0.0 0.5 
天+票房 0.0 0.05432115933318712 0.0 0.2614683234755443 0.7074310450534983 0.3488408326439476 0.016129032258064516 0.5 
影片+中 0.0 0.1012771851763135 0.0 0.47991989765461046 0.9003734239233441 0.3303942739088351 0.0 0.5 
票房+已经 0.0 0.07174683832314785 0.0 0.33072206401959625 0.929960789263782 0.2930832846160817 0.0 0.5 
票房+奇迹 0.0 0.0713454766912999 0.0 0.5410604339589657 0.6821726377121247 0.24526118350303672 0.016129032258064516 0.5 
星际+特工 0.0 0.06457579076356613 0.0 0.3259560884203543 0.7399034957245855 0.16653377744449283 0.0 0.5 
军事+题材 20.0 0.12739794463490825 0.0 0.21796373312082137 0.8772164257156243 0.3903111548942674 0.0 0.5 
升值+空间 0.0 0.15563812723875367 0.65 1.0 0.0 0.33602893324693556 0.016129032258064516 0.5 
战略+合作 10.0 0.08345374936082588 0.0 0.7632295216638006 0.6237638991474621 0.2559323275337306 0.04838709677419355 0.5 
战狼+Ⅱ 0.0 0.1468505988822515 0.0 0.4989392568928992 0.6694394665169764 0.19915141035270642 0.0 0.5 
票房+前 0.0 0.04667581287229248 0.0 0.41912763778012324 0.8663565195281031 0.2274620073175532 0.0 0.5 
前+100 0.0 0.05025894226491484 0.0 0.42826755363377633 0.7976610972089191 0.1760517766719986 0.0 0.5 
家+公司 0.0 0.07340064297597372 0.0 0.708428413955397 0.6717906261518165 0.33551621285904754 0.016129032258064516 0.5 
保底+发行 0.0 0.06759971527028591 0.0 0.5485353798226836 0.7726144566829805 0.30613519824141744 0.0 0.5 
好莱坞+电影 10.0 0.08568098711805598 0.0 0.6719732084845024 0.8608425004245754 0.34524520523930685 0.0 0.5 
票房+超过 0.0 0.05754072531227234 0.0 0.3517845114935495 0.8691793577182991 0.2901250947712156 0.0 0.5 
阿里+影业 20.0 0.24920408598453794 0.0 0.959567387464856 0.5337125910715456 0.35435202271877847 0.06451612903225806 0.5 
淘+票 0.0 0.13552237877114856 0.0 0.7773188445093234 0.547921704800346 0.10583581213628598 0.0 0.5 
票+票 0.0 0.13552237877114856 0.0 0.7773188445093234 0.547921704800346 0.20389515679048636 0.0 0.5 
电影+公司 0.0 0.08111454321309473 0.0 0.41727201014176757 0.7550392024595054 0.341801726648271 0.0 0.5 
女+演员 0.0 0.08009717920802913 0.5 0.7413693754579619 0.3387930199764409 0.29224915311536354 0.016129032258064516 0.5 
樊路+远 0.0 0.11027572330603554 0.0 0.9591366177916774 0.4542854598176845 0.23531215353693943 0.0 0.5 
50亿+元 0.0 0.061386987467705836 0.0 0.31664748821171207 0.8313109333008305 0.23291957532896126 0.016129032258064516 0.5 
8月+19日 0.0 0.06568674273885267 0.0 0.2659453951215551 0.8379675791041015 0.16653946471746908 0.0 0.5 
突破+50亿 0.0 0.08104183065827904 0.0 0.1866970089742402 0.88865114572867 0.20839704820732885 0.0 0.5 
心花路+放 0.0 0.08284456662387356 0.0 0.6690648739329336 0.6145553742168008 0.14067733427377252 0.0 0.5 
减+持 0.0 0.11219035100223522 0.0 0.9748887573157031 0.2784759548927363 0.25902959628635414 0.0 0.5 
北京+旅游 0.0 0.09243201111768493 0.0 1.0 0.0 0.19301275736118373 0.0 0.5 
国家+新闻+出版 0.0 0.04731623979478683 0.0 0.4630378763277542 0.7607164668380515 0.08782766219219514 0.0 1.0 
新闻+出版+广电 0.0 0.04731623979478683 0.0 0.4630378763277542 0.7607164668380515 0.07162888638879174 0.0 1.0 
出版+广电+总局 0.0 0.04731623979478683 0.0 0.4630378763277542 0.7607164668380515 0.08023403383268252 0.0 1.0 
内地+电影+市场 20.0 0.06455712883576557 0.0 0.5980052139744936 0.718781917375246 0.24295016521621782 0.0 1.0 
战狼2+》+上映 0.0 0.08733784141728168 0.0 0.4043341689624295 0.8811127245368829 0.18862110676678354 0.016129032258064516 1.0 
三生+三+世 0.0 0.08111454321309473 0.0 0.48396911725706915 0.8257043300409646 0.128792673320043 0.0 1.0 
世+十+里 0.0 0.06568674273885267 0.0 0.48396911725706915 0.8257043300409646 0.0 0.0 1.0 
十+里+桃花 0.0 0.06568674273885267 0.0 0.48396911725706915 0.8257043300409646 0.0 0.0 1.0 
中国+电影+产业 0.0 0.05432115933318712 0.0 0.4253596388911598 0.8248773501458568 0.23585530239961525 0.0 1.0 
暑期+档+票房 20.0 0.07868152516445387 0.0 0.7283003108671631 0.7464659905859168 0.2273469975582091 0.03225806451612903 1.0 
进入+【+新浪 0.0 0.06527384543680016 0.0 0.3306883788419232 0.828526866901732 0.11361086580326675 0.0 1.0 
新浪+财经+股吧 0.0 0.06527384543680016 0.0 0.3306883788419232 0.828526866901732 0.036142106199407505 0.0 1.0 
股吧+】+讨论 0.0 0.06527384543680016 0.0 0.3306883788419232 0.828526866901732 0.0 0.0 1.0 
中国+电影+票房 10.0 0.08733784141728168 1.0 0.4439451016624116 0.9449438950780282 0.258229893322291 0.03225806451612903 1.0 
中国+电影+市场 20.0 0.11815949640692963 0.0 0.5973949448799494 0.87166767131216 0.3464280613520391 0.0 1.0 
电影+《+战狼2 0.0 0.08330555085153568 0.0 0.302222677862281 0.8554326623211091 0.17047248441160445 0.016129032258064516 1.0 
奥斯卡+最佳+外语片 20.0 0.1401033524489473 0.0 0.8775309967493903 0.6079893318460653 0.28063450654074723 0.016129032258064516 1.0 
第一+滴+血 0.0 0.12288807493333301 0.0 0.7854915337623459 0.4389562573585481 0.11584534183180273 0.016129032258064516 1.0 
新浪+娱乐+讯 0.0 0.04347059440938054 0.0 0.3205326297922527 0.6992288747033614 0.10606690388539672 0.0 1.0 
今年+暑期+档 0.0 0.08345374936082588 0.0 0.5463363583363069 0.8613100011316968 0.22269585775235584 0.0 1.0 
特工+：+千星之城 0.0 0.04667581287229248 0.0 0.34673677699474903 0.7335927393364576 0.07184608855276577 0.0 1.0 
淘+票+票 0.0 0.13552237877114856 0.0 0.7773188445093234 0.547921704800346 0.10583581213628598 0.0 1.0 
