77 23 15 1 1 0.622
私生子雪诺，早年被发配到北境长城苦寒之地，靠勇敢智慧善良逆袭成首领，在私生子之战一战成名，成为北境之王。
87 28 9 1 3 0.618
在上一季的“私生子之战”中击退雷姆西·波顿后，雪诺被尊为北境之王，回到原属于“狼族”史塔克家族的临冬城后，开始组织北境防御军队。
87 29 9 2 3 0.254
三条“夺权者”主线中，雪诺的呼声无疑是最高的。
5 1 1 1 3 0.416
导语：雪诺要结婚了，但新娘并不是龙母！近日《权力的游戏》喜讯连连，三位剧中演员纷纷订婚，其中两位还是因剧生情最终修成正果。
4 1 1 1 1 0.295
作为该电视剧的狂热粉丝，谭维维调侃道自己不禁想为他们高歌一曲《龙的传人》，却不曾想最后却睡着了，她还自嘲自己是“怂货一枚！”：“作为一个权游粉儿，昨天的飞机上，权游的导演，制作人，主创，更有龙妈第一任老公马王卓戈·卡奥都坐在我旁边周围，我非常激动，兴奋，我在想我应该冲上前自我介绍我也是来自恐龙之乡的人，我们老家也有恐龙蛋？还是为他们引亢高歌一曲《龙的传人》？还是告诉他们我的前老板也叫龙丹妮！？好纠结，好忐忑。。。。。。然后我就睡着了！怂货一枚！”
5 2 1 2 3 0.064
而这两对的婚戒风格也是迥然不同。
10 5 2 2 3 0.416
萨普什尼克与奈特在《权力的游戏》中的巅峰执导分别是第六季第9集《私生子之战》、第五季第10集《母之怜悯》。
10 4 2 1 3 0.05
《权力的游戏》第八季将于2018年年底或2019年上半年播放，目前敲定的四位导演分别是明格尔·萨普什尼克、大卫·奈特、大卫·贝尼奥夫以及丹·韦斯。
10 6 2 3 3 0.226
而贝尼奥夫与韦斯是该剧制作人，他们将执掌大结局最终集。
15 1 1 1 1 0.406
新浪娱乐讯据台湾媒体报道，英国女星艾米莉亚·克拉克（EmiliaClarke）因在《冰与火之歌：权力的游戏》中饰演“龙母”一角而备受关注，她在剧中一直以来都是以金色长发亮相，但是她日前突然在IG上晒出一张自拍照，她不仅将头发剪短到耳下3公分，并且还将原本的棕发染成金色并宣告，“艾米莉亚终于与龙母见面啦”。
22 1 1 1 1 0.431
新浪娱乐讯据台湾媒体报道，HBO影集《冰与火之歌：权力的游戏》第7季正式画下句点，最后一季粉丝可得耐心等候，而就在本季结束后，不少周边话题也在网路上掀起热议，像是最后一集琼恩雪诺的床戏，现在更有网友发现他的翘臀竟然符合“黄金比例”，笑翻剧迷肚皮。
24 16 11 3 3 0.457
他是《冰与火之歌》卷一到卷五的中国翻译者之一。
24 15 11 2 3 0.276
有鉴于此，屈畅开始为这部美剧的粉丝翻译中文字幕。
25 1 1 1 3 0.448
七夕虐狗日，季终的当红美剧《权力的游戏》中“冰”与“火”两大主角琼恩·雪诺（现在该叫他伊耿·坦格利安）与丹妮莉丝·坦格利安宽衣解带坦诚相见，也狠狠地虐了一把单身狗观众。
25 2 1 2 3 0.28
与此同时，魔龙吐息，夜王驾驭着韦赛利昂摧毁了长城要塞东海望，异鬼大军浩浩荡荡南侵。
28 1 1 1 1 0.437
剧透预警！下文包含《冰与火之歌》第七集最后一集“龙与狼”的剧透。
37 2 2 1 2 0.53
日前，这部电视剧原著小说《冰与火之歌》的中文译者屈畅来到广州购书中心，与一众羊城“冰粉”见面。
37 3 2 2 2 0.499
从2002年开始翻译《冰与火之歌》至今15年，35岁的屈畅不仅从卷一翻译到卷五，还包括《冰与火之歌》的外传——《七王国的骑士》及有“冰火百科全书”之称的《冰与火之歌的世界》。
37 4 3 1 1 0.439
屈畅可能是在整个华语世界最了解《冰与火之歌》与《权力的游戏》的人，在购书中心，这位80后译者不但畅谈了原著与电视剧的异同，还讲述了作者“马丁大爷”不为人知的另一面。
37 5 4 1 2 0.521
《冰与火之歌》系列作者乔治·马丁与中文译者屈畅有许多相似之处。
37 6 4 2 2 0.119
他们都生于九月，时间仅相差两天，而且两人都追求完美。
37 32 23 1 1 0.462
正是因为在论坛翻译的这两章《冰与火之歌》，当时还在上大学的屈畅被重庆的一家出版社相中，由此，他把《冰与火之歌》正式带入中国。
37 50 33 2 3 0.452
我的翻译生涯，不是从《冰与火之歌》第一章开始的，而是抽这两章出来翻译。
37 49 33 1 3 0.036
当时我二十来岁、血气方刚。
37 51 33 3 3 0.169
当时，论坛上的很多网友可能看得莫名其妙，无头无尾的两个故事，但这两章，确实是我感触最深的。
49 13 7 1 2 0.404
琼恩雪诺收到布兰的讯息后，便急著回北境，也带著在本集回到龙母身边的乔拉爵士，一幕和龙母的分别戏似乎也埋了伏笔。
49 14 7 2 2 0.321
他抵达北境和红鬍子托蒙德见面，同时带着被关起来的猎狗等自由骑士兄弟会成员、红鬍子、詹德利、乔拉爵士出了长城，准备捉回一双异鬼让瑟曦那些不相信的人看看，了解维斯特洛正面临的危险。
50 7 5 1 2 0.558
肖恩•宾扮演的北境之王奈德•史塔克在第一季惨遭斩首。
50 8 5 2 2 0.173
拍摄这场戏的时候，剧组做了个足以以假乱真的奈德头道具，这颗脑袋之后也被挂在君临城的旗杆上示众。
50 16 11 1 2 0.434
扮演多恩侍卫队长的演员DeobiaOparei曾经爆料他在读剧本时被剧透了囧雪之死。
50 17 11 2 2 0.245
“我还以为不会收到全剧的内容呢，他们竟然把这场戏发给所有人，我读到那里彻底惊呆。”
50 34 21 1 2 0.432
《冰与火之歌》的原著作者兼《权力的游戏》编剧乔治·R·R·马丁曾经在麦卡西拍摄的试播集里跑过龙套。
50 35 21 2 2 0.168
他扮演的角色是一位来自潘托斯的贵族，在丹莉妮斯和卡尔·卓戈大婚上有露脸。
50 57 35 1 1 0.462
此外，卡里斯·范·侯登最早为《权力的游戏》试镜的角色是瑟曦太后，最后得到的角色却是光之王的女祭司梅丽姗卓。
50 67 43 1 2 0.402
“雪诺”基特•哈灵顿与“耶哥蕊特”罗丝•莱斯利在拍摄《权力的游戏》时就曾经传出绯闻，不过当事人并不愿意承认情侣关系。
50 68 43 2 2 0.315
两人出街约会总会带着“龙妈”艾米莉亚•克拉克帮忙抵挡狗仔长枪短炮。
52 3 2 1 2 0.499
在最新一集播出的《冰与火之歌》当中，丹妮莉丝骑著龙与詹姆率领的兰尼斯特军队对战，龙飞过之处都被火烧得精光，波隆随即用巨箭射龙，第一箭射偏后，第二箭就射中。
52 4 2 2 2 0.194
没想到这样的情节，却让饰演波隆的杰诺米被迁怒，他在HBO释出的花絮受访时表示，自己因为在戏中射杀了龙，被送信的邮差讨厌了。
54 3 2 1 5 0.556
最新一集中，北境之王琼恩与龙母丹妮莉丝在洞穴中有一场关于异鬼的谈话。
54 4 2 2 5 0.268
紧张的氛围中，琼恩甚至挽住了丹妮莉丝的胳膊，这是这两位人气角色之间最多的一次互动。
54 15 5 1 3 0.455
虽然詹姆与丹妮莉丝有着杀父之仇，但如果瑟曦选择不做交换牺牲詹姆，詹姆的兄弟提利昂没准能看在兄弟情分上说服丹妮莉丝留詹姆一命。
54 16 5 2 3 0.251
另一方面，詹姆曾受过警告，瑟曦这个他死去孩子的母亲，将会导致他的灭亡。
55 6 5 1 2 0.403
《权力的游戏》第七季第五集预告中，龙母率野蛮人俘获不少兰尼斯特士兵，并威胁道：要么跪下臣服于我，加入我。
55 7 5 2 2 0.184
要么拒绝我，被杀掉。
55 13 8 3 4 0.419
被胜利冲昏的头脑的龙母，则一心进攻君临城，早日登上王座。
55 12 8 2 4 0.228
成为一统七国的女王，号令天下。
55 14 8 4 4 0.218
提利昂、雪诺等人的好心提醒，却遭来龙母的回绝，甚至恐吓雪诺。
60 59 18 3 3 0.413
在第三季“血色婚礼”中，有一场可怕的大清洗，彼时这部剧已经积累了大量粉丝，他们疯狂地表达震惊之情。
60 58 18 2 3 0.181
然而在倒数第二集，他被斩首了。
60 62 19 3 5 0.431
第五季的雪诺之死在全球掀起热议，持续了一整个夏季。
60 61 19 2 5 0.196
而且，即便你不看这部剧，也能感受到它的话题已经渗透到了文化中。
60 63 19 4 5 0.327
《周六夜现场》与《今晚秀》都在调侃它。
66 2 2 1 2 0.48
剧中，“龙母”丹妮莉丝•坦格利安(DaenerysTargaryen)正率领大军，试图夺回铁王座。
66 3 2 2 2 0.33
而在剧外，她也不乏来自新西兰的追随者——包括丹妮莉丝在内的一干“权力的游戏”角色姓名，正从虚幻荧幕走进现实生活。
68 4 2 2 2 0.41
在前日上线的第三集中，琼恩·雪诺与“龙母”丹妮莉丝两大主角，终于上演了“冰”与“火”的首次会面，让无数剧迷欣喜不已。
68 3 2 1 2 0.326
千呼万唤，备受期待的《权力的游戏》第七季今夏如约回归。
68 14 6 1 1 0.462
本季中，观众最熟悉的台词“凛冬将至”变为了现实，北境史塔克家族迎来了重聚与回归，“龙母”丹妮莉丝则志在打败瑟曦，登上铁王座，一统七国。
68 16 7 2 3 0.593
在刚刚上线的第三集中，代表“冰”的北境之王琼恩·雪诺南下龙石岛，寻求与“火”的化身“龙母”丹妮莉丝达成联盟，共同对抗异鬼军团。
68 15 7 1 3 0.271
当然，最令剧迷激动的还是“冰”与“火”的历史性会面。
68 17 7 3 3 0.286
雪诺扮演者基特·哈灵顿透露，由于“冰”与“火”的相遇姗姗来迟，演员在表演时也要转换思维，“你必须把自己从观众的心态里释放出来，对琼恩来说，他从未见过丹妮莉丝，虽然观众对她已经非常熟悉了。”
75 5 2 3 4 0.411
据悉，《权力的游戏》是以美国作家乔治马丁的奇幻巨作《冰与火之歌》为基础改编创作。
75 4 2 2 4 0.086
关于此次合作原因，游族网络首席创意官崔荣认为，除了世界顶级IP需要中国市场外，还有赖于中国本土游戏力量的崛起，有越来越多的中国游戏公司进入全球玩家的视野。
75 6 2 4 4 -0.203
（蒋洁琼）
77 16 9 1 1 0.42
比如奈德·史塔克，北境之王，第一季戏份最多、三观最正，连演员都最大牌，妥妥的男一号，却在第一季最后一集被干干脆脆地砍了头。
80 3 2 1 2 0.413
延续第1集结尾，丹妮莉丝踏上龙石岛，先是对瓦里斯来个下马威，之后又接见红袍女梅丽珊卓，对方告知：“唯有预言中的王子或公主能带来曙光。”因此丹妮莉丝想要召见目前的北境之王琼恩雪诺，之后她又和多恩、葛雷乔伊、提利尔家族开会，三大家族皆要她直接攻打君临，但提利昂认为让多恩、葛雷乔伊去围城就好，而无垢者则趁机攻下凯岩城。
80 4 2 2 2 0.217
会议结束之际，奥莲娜突然提醒丹妮莉丝不要太听提利昂的话。
83 21 9 2 3 0.417
在这里，梅丽珊卓——崇拜光之王、让琼恩·雪诺复活的红袍女——烧掉了维斯特洛的七神雕像，史坦尼斯·拜拉席恩从火中拔出了一把剑，名为“光明使者”。
83 20 9 1 3 0.376
龙石岛海滩火光一片。
83 22 9 3 3 -0.023
这个场景的取景地是位于北爱尔兰的下坡海滩（DownhillStrand）。
85 10 4 1 2 0.426
《龙石岛》的开场戏是“二丫”艾莉亚·史塔克“学成归来”复仇的场面，她把灭她兄嫂和母亲的“血色婚礼”制造者佛雷一家的男性成员“团灭”。
85 11 4 2 2 0.169
如果对该系列的“看点”只停留在数数又有多少角色被杀，那观众看完这开场戏就可以休息了，因为接下来没有人“领便当”。
85 15 6 2 3 0.43
“龙母”丹尼莉丝带着她的军团回到家乡龙石岛，她的三条龙大如飞机，兵强龙壮的她显然是维斯特洛大陆这场王者争霸的最强选手。
85 14 6 1 3 0.304
《龙石岛》交代了观众关心的每一个角色的最新进展。
85 16 6 3 3 0.498
琼恩夺回临冬城当上北境之王，在担起父亲奈德·史塔克生前工作之后，琼恩召集各路部下开会，言谈中既展现领袖魅力，又带出诸如宽恕、结盟的政治思想，甚至有观众看出他将时下社会最热话题“男女平权”的思维也融入谈话中。
87 5 2 2 2 0.43
这一集里，众主演悉数登场，北境的狼族兄妹们日渐强大，而南方拥有巨龙和大军的龙母也气势逼人，“冰与火”大战在维斯特洛大陆上一触即发。
87 4 2 1 2 0.065
虽然等待时间久，但刚刚播出的第一集并未让观众失望，该集在IMDb评分9.0分，在豆瓣上评分也达到9.5分。
87 11 5 1 6 0.443
随着第七季开播，粉丝们照例展开了“猜猜编剧先灭了谁”的热议。
87 12 5 2 6 0.303
目前看来，“呼声”最高的是女王瑟曦。
87 23 7 3 4 0.426
龙石岛是本季相当重要的一个剧情地点——不仅在维斯特洛大陆权力争夺战中起关键作用的梅丽珊卓来了这里，就连丹妮莉丝和琼恩·雪诺的第一次会面也是在龙石岛举行的，因为雪诺急需得到龙石岛的特产“龙晶”来对抗暗夜之王。
87 22 7 2 4 0.384
她回归维斯特洛大陆的第一站是龙石岛，这里曾经属于坦格利安家族，丹妮莉丝是多年来第一位再次坐上龙石岛王座的家族成员。
87 24 7 4 4 0.298
丹妮莉丝与雪诺终于相遇，这让很多人开始浮想联翩……
89 3 2 1 3 0.434
新一季的《权力的游戏》首集名为“龙石岛”，依然保持了一贯血腥、暴力的风格，片头部分即创下整集“死亡人数”之最，北境线刚当上北境守护的琼恩和珊莎爆发矛盾，君临线四面强敌环侍的瑟曦与“鸦眼”攸伦联手，最后反攻大陆的龙母踏上“龙石岛”为本集点题。
89 4 2 2 3 0.286
其中还有艾丽娅偶遇兰尼斯特士兵，“猎狗”克雷岗埋葬饿死的灾民等平民视角的小插曲。
89 7 4 1 2 0.501
《权力的游戏》本季第一季开头，即通过艾丽娅之手，几乎重新导演了血色婚礼中杀戮一幕。
89 8 4 2 2 0.311
数十位弗雷家族的成员，被艾丽娅假扮的瓦德·弗雷用毒酒所杀，一时间众人纷纷呕吐不止，四仰八叉中毒而死，艾丽娅则留下那句经典的“北方人不会忘记”，也成了当集的金句亮点。
89 10 5 2 2 0.421
在君临一线，瑟曦分析了天下大势：北有自立为王的琼恩，南有多恩沙蛇，西有和狮家深仇雪恨的高庭，而东面，龙母已经占据了龙石岛。
89 9 5 1 2 0.113
本集是后续6集故事的展开，打开方式好不好看，影响广大剧迷对后续剧情的期待的。
94 6 2 3 3 0.429
同时，《权力的游戏》依然不改“暴力”本色，开场十分钟内便将“权游”中最令人切齿的佛雷家族全族歼灭，联想起剧组人员透露出这一季战争戏份空前增多，凛冬已至，血色之路还在蔓延。
94 5 2 2 3 0.115
而各条故事线或热血或沉郁或暗流汹涌，不少等待一年以上的角色近况得到了交待，令热爱此剧的剧迷心潮澎湃。
99 2 1 2 2 0.458
故事大纲分为三条主线，琼恩雪诺在私生子之战中击退雷姆西波顿后被尊为北境之王，回到原属于史塔克家族的临冬城后，将开始组织北境防御军队，另一方面，瑟曦在君临城中消灭大麻雀与其党羽后，登上了铁王座；但其实前2集片名都是绕着“龙女”丹妮莉丝打转。
99 1 1 1 2 0.35
新浪娱乐讯据台湾媒体报道，HBO原创剧集《冰与火之歌：权力的游戏》新一季即将播出，官方公布前3集名称为《龙石岛》、《生于风暴》和《女王的正义》（暂译）。
100 9 3 2 3 0.458
这部根据乔治·R·R·马丁著名小说《冰与火之歌》改编的HBO大剧《权力的游戏》，原定龙母的演员是在2005年版《傲慢与偏见》中出演达西先生妹妹乔治亚娜·达西的英国女星塔姆金·莫昌特，后来不知什么原因，她退出了这个剧组。
100 8 3 1 3 0.34
艾米莉亚不知名的演艺岁月只有短短1年多时间，2010年她迎来了出演《权力的游戏》中“龙母”丹妮莉丝·坦格利安的机会。
100 10 3 3 3 0.239
片方找来众多女星试镜，艾米莉亚是其中之一，她后来受访时表示，自己试镜时不知能得到这个角色，因为她的试镜是跳机器舞和演搞怪鸡……不过，网上后来流传艾米莉亚试镜的片段，当中她演绎了几段情绪变化很大的对白，连眉毛都很有戏的她既有小女孩的天真，又能演绎出霸气的女强人气场，这可能才是她最终得到龙母一角的原因。
