9 2 1 2 3 0.43
据报道，两人上周告诉了家人和朋友他们已经订婚的消息。
9 1 1 1 3 0.2
南都讯《权力的游戏》中“囧雪”（JonSnow）的扮演者基顿·哈灵顿（KitHarington）和女野人“火吻”耶哥蕊特的扮演者露丝·莱斯利（RoseLeslie）近日爆出订婚消息。
9 3 1 3 3 0.142
今年都是30岁的两人是在2012年拍摄《权力的游戏》时相识，直至去年4月才公开承认恋情。
12 2 1 2 2 0.503
而《太阳报》报道，消息源称两人上周告诉了家人和朋友他们已经订婚的消息。
12 1 1 1 2 0.256
新浪娱乐讯北京时间9月26日消息，虽然《权力的游戏》戏里囧雪的感情线已走向……但现实中，“雪诺”基特·哈灵顿和“女野人耶哥蕊特”萝丝·莱斯利的恋情就要修成正果——《镜报》报道：两人将要结婚了，近日哈灵顿向莱斯利求婚成功，婚期尚未决定。
13 1 1 1 2 0.454
新浪娱乐讯北京时间9月26日消息，据外国媒体报道，虽然《权力的游戏》戏里囧雪的感情线已经走向了不可言说的新方向。
13 2 1 2 2 0.062
但现实中“雪诺”的心上人仍然还是“女野人耶哥蕊特”——近日传出消息，演员基特·哈灵顿（KitHarington）和萝丝·莱斯利（RoseLeslie）的恋情就要修成正果了，这对因拍戏而相知相爱的情侣已经计划结婚。
13 3 2 1 2 0.409
英国小报《镜报》报道：哈灵顿已经向莱斯利求婚成功，婚期尚未决定。
13 4 2 2 2 0.513
而《太阳报》证实了此消息，并进一步报道，消息源称两人上周告诉了家人和朋友他们已经订婚的消息。
14 1 1 1 2 0.523
新浪娱乐讯北京时间9月21日消息，据国外媒体报道，今年五月HBO正式启动《权力的游戏》（GameofThrones）衍生剧项目，HBO方面招募了四位知名编剧，同时进行四个不同的衍生剧项目。
14 2 1 2 2 0.102
之后原著作者乔治·马丁（GeorgeMartin）曝光了第五个衍生剧项目，日前这第五个项目也公布了更多细节：《权力的游戏》编剧布莱恩·考格曼（BryanCogman）将携手马丁打造这部衍生剧，考格曼也是五支创作团队中唯一参与过《权力的游戏》创作的编剧。
16 1 1 1 1 0.538
【TechWeb报道】9月18日消息，据国外媒体报道，谷歌日前宣布，在谷歌地球VR中加入街景图层（StreetView），新的街景图层包括来自85个不同国家影像。
18 1 1 1 3 0.483
中新网9月12日电据澳洲网报道，美剧《权力的游戏》的澳大利亚“剧迷”们有福了。
18 2 1 2 3 0.138
自墨尔本5个新建的地下火车站公开征名以来，目前已经收到了2万多条参考建议，其中许多条就来自于《权力的游戏》。
19 1 1 1 1 0.413
新浪娱乐讯北京时间9月8日消息，据国外媒体报道，《权力的游戏》（GameofThrones）一直是是全球盗版下载量最高的电视剧，日前反盗版科技公司Muso公布了一个惊人的数字：《权力的游戏》第七季非法下载和在线观看次数达到了10.3亿次。
20 1 1 1 2 0.509
中新网9月7日电据澳洲网报道，澳大利亚总理特恩布尔近日在电台节目上透露，自己也是美剧《权力的游戏》的忠实“粉丝”。
20 2 1 2 2 -0.012
他在节目上还预测，主角琼恩•雪诺将是铁王座的最终赢家。
23 3 2 1 5 0.478
据俄罗斯卫星网9月1日报道，2017年08月31日携程旅行网指出，《权力的游戏》第七季正在网上热播，使那些欧洲不知名的角落成为中国人欧洲游的必选之地。
23 4 2 2 5 0.271
据香港《南华早报》消息，上半年通过携程网预订克罗地亚旅游线路的中国大陆游客数量同比增加300%，冰岛旅游线路的预订量增加148%。
24 8 6 1 1 0.405
报道称，等待字幕组翻译的是这部美剧在中国的一些粉丝，他们不愿意花钱去视频网站观看带有官方普通话字幕的最新剧集。
26 3 1 3 3 0.405
导演杰里米·波多斯瓦（JeremyPodeswa）日前接受媒体采访，解读了这一集中的几场关键戏。
26 2 1 2 3 0.01
第七季是充满争议的一季，脱离原著进行的创作给观众带来了太多“惊喜”，最后一集中更是有着很多大家意想不到的剧情发生。
29 1 1 1 1 0.407
新浪娱乐讯北京时间8月29日消息，据国外媒体报道，《权力的游戏》（GameofThrones）于上周日播出第七季大结局，这一集直播收视人数达到了1210万，当晚直播加流媒体收视人数达到了惊人的1650万，这一成绩叕创造了新的收视纪录。
39 1 1 1 2 0.449
新浪娱乐讯北京时间8月22日消息，据国外媒体报道，《权力的游戏》上周播出第七季第六集，琼恩·雪诺（JonSnow）和几位伙伴勇斗异鬼军团，贝里·唐德利恩（BericDondarrion）挥舞火焰长剑的镜头更是令人印象深刻。
39 2 1 2 2 -0.098
唐德利恩的饰演者理查德·多默（RichardDormer）日前揭秘这个镜头：那把火焰长剑是真实的，看起来很帅，拍起来却很累。
42 1 1 1 3 0.487
新浪娱乐讯北京时间8月17日消息，据国外媒体报道，HBO热播美剧《权力的游戏》（GameofThrones）最终还是泄露了，第七季第六集的资源日前已经可以在一些网站上下载到。
42 2 1 2 3 0.128
令人啼笑皆非的是，导致《权力的游戏》泄露的并非是黑客组织，而是HBO自己。
44 1 1 1 1 0.559
【环球网综合报道】据路透社16日报道，孟买警方周二(15日)，称，印度警方逮捕了四名涉嫌泄露HBO热播剧《权力的游戏》的人。
45 2 2 1 1 0.413
此前，外界曾疯传HBO拟向黑客支付25万美元以了结数据遭窃一事，但这家老牌电视网络媒体公司通过一份声明表示，公司没有与黑客进行沟通，也不打算在黑客每次爆料新信息时都发表评论。
45 5 4 1 2 0.409
据美国《连线》杂志报道，神秘的“史密斯先生”在勒索信中自称“白帽”。
45 6 4 2 2 0.122
“我们不是罪犯，不想攻击HBO或让它声誉受损，我们只想成为它日后的合作伙伴。”対这一言论，HBO拒绝评论，表示将进一步与警方和网络安全专家合作，揪出幕后黑手。
47 1 1 1 3 0.516
新浪娱乐讯北京时间8月15日消息，据外媒法新社报道：因为提前泄露了HBO大热剧集《权力的游戏》，4人在印度被捕。
47 2 1 2 3 0.195
该剧第7季第4集《战利品》在播出前一段时间就被从HBO的印度分销商之一StarIndia泄露，此次有4人被认为是泄露元凶遭逮捕。
48 19 8 3 4 0.43
美国生活杂志《名利场》和美国电影刊物《好莱坞报道》日前证实，它们收到了黑客的电邮，HBO提出了付钱了事的提议。
48 18 8 2 4 0.168
面对黑客屡次三番的“打劫”，HBO不堪其扰，决定花钱消灾。
48 20 8 4 4 0.306
HBO一位高管表示：“为了表示诚意，HBO准备以捉虫赏金的名义支付25万美元，希望双方能尽快建立联系，以便HBO通过相关渠道支付比特币。”尽管这件事在美国社交媒体已经吵翻了天，但我们并没有发现HBO官方推特对此事有任何评论。
48 22 9 2 3 0.417
《好莱坞报道》表示，它们一周前也收到过黑客的邮件。
48 21 9 1 3 0.174
《名利场》杂志称这封电邮可能是HBO的缓兵之计，因为HBO确实还没有支付这笔所谓的“捉虫赏金”。
48 23 9 3 3 0.115
在邮件中黑客表示：“攻击HBO就是为了钱，现在我们已经与HBO谈判好几周了，它们明显不想付钱，简直就是在耍我们。”
51 1 1 1 1 0.471
TechWeb报道8月14日消息，据美联社周日报道，黑客又公布更多HBO未播出的热门剧集，但最新的泄露没有涉及正在热播的《权力的游戏》。
51 5 5 1 2 0.42
报道称，HBO发生了一起网络被黑事件，黑客可能会继续泄露一些被窃取的信息，试图引起媒体的注意。
51 6 5 2 2 0.151
黑客们玩的这个游戏HBO不会参与。
56 1 1 1 1 0.418
【环球网综合报道】据英国《每日邮报》8月8日报道，近日，热门美剧《权力的游戏》第七季风靡网络，其粉丝为扮演剧中人物琼恩•雪诺(JonSnow)和守夜人军团，蜂拥至宜家抢购羊皮毛毯作披风，场面壮观。
57 1 1 1 1 0.468
新浪娱乐讯据台湾媒体报道，先前入侵美国有线电视频道HBO的黑客组织，以“史密斯先生”之名，7日再度在网络上散播遭窃档案，其中包含热门美国影集《冰与火之歌：权力的游戏》（GameofThrone）最新集数剧本，要求HBO付数百万美元赎金，否则将再度流出相关文件。
58 1 1 1 1 0.473
新浪娱乐讯据台湾媒体报道，先前入侵美国有线电视频道HBO的黑客组织，以“史密斯先生”之名，7日再度在网络上散播遭窃档案，其中包含热门美国影集《冰与火之歌：权力游戏》（GameofThrone）最新集数剧本，要求HBO付数百万美元赎金，否则将再度流出相关文件。
59 43 24 2 2 0.41
黑客组织公开了ABC电视台尚未播出的一档真人秀节目进行报复。
59 42 24 1 2 0.265
两个多月前，迪士尼公司也曾被黑客勒索，迪士尼极力否认攻击事件并拒绝支付赎金。
65 1 1 1 2 0.477
新浪娱乐讯北京时间8月3日消息，据国外媒体报道，HBO和《权力的游戏》遭黑客袭击事件可能比想象的要严重得多：新消息称HBO已和FBI开始调查，黑客窃取的有未播的影视剧本身、剧本等，还有HBO核心网络构架信息、高管私人信息及可能的高管权限。
65 2 1 2 2 0.275
窃取数据总量可能超过之前报道的巨大数字1.5T，可能比2014年臭名昭著的索尼黑客袭击还要严重。
65 5 3 1 3 0.541
外媒Slashfilm报道：HBO已经携手FBI、知名网络安全公司Mandiant展开调查。
65 6 3 2 3 0.246
目前看来被窃数据很可能超过1.5T，不仅包括电视节目资源、剧本、相关资料，还有HBO雇员的邮件和个人信息。
65 8 4 1 2 0.536
外媒于当地时间周一报道了HBO被黑的新闻，HBO之后也确认了这一消息。
65 9 4 2 2 0.291
之前外媒的报道透露了一些已经在网上泄露的资源，包括《球手们》《不安感》《104号房》三部剧集尚未播出的内容，还有《权力的游戏》剩下四集的剧本。
67 3 2 1 2 0.462
当地时间7月30日晚，美国许多记者收到写有这样内容的匿名电子邮件。
67 4 2 2 2 0.353
HBO总裁理查德派随后证实，该电视台确实遭受黑客攻击，电视剧《权力的游戏》下一集脚本或已“中招”。
67 10 4 3 6 0.437
除了HBO，流媒体Netflix和ABC电视台都曾遭黑客攻击，剧集《女子监狱》内容遭泄露。
67 9 4 2 6 0.168
早在2015年，《权力的游戏》第5季前4集就在开播前不久遭泄露。
67 11 4 4 6 0.297
此外，迪士尼公司也在今年5月《加勒比海盗5》上映前夕被黑客勒索。
69 1 1 1 1 0.494
中新网8月1日电据外媒报道，美国有线电视频道HBO7月31日称，黑客盗取了该品牌即将推出的节目，包括热门影集《权力游戏》（GameofThrones）最新一集的脚本。
71 7 5 1 1 0.427
据EntertainmentWeekly报道，声称对此次攻击负责的黑客向一些媒体发送电子邮件，称这是网络时代最伟大的黑客泄露。
72 1 1 1 1 0.546
新浪科技讯北京时间8月1日凌晨消息，美国有线电视频道HBO周一称，黑客盗取了该品牌即将推出的节目。
72 5 5 1 1 0.49
该公司拒绝就有关尚未播出的剧集和脚本被盗的媒体报道发表评论，称其原因是执法官员“正在展开调查”。
78 1 1 1 1 0.431
新浪娱乐讯据台湾媒体报道，HBO影集《冰与火之歌：权力游戏》第7季首播再创佳绩，第2集已经在美国时间7月23日播出，由混血女星洁西卡汉维克（JessicaHenwick）饰演的沙蛇小妹纳梅莉亚（Nymeria）被杀死，她日前在受访时谈及此事称，自己在接到剧本之前已经心里有数，因为她在电话中听见两名原创编剧的声音。
79 1 1 1 1 0.408
新浪娱乐讯据台湾媒体报道，HBO影集《冰与火之歌：权力的游戏》（GameOfThrones）风靡全世界，第7季首播刷新该频道纪录，再创佳绩，第2集已经在美国时间23日播出，由混血女星杰西卡-亨维克（JessicaHenwick）饰演的沙蛇小妹纳梅莉亚（Nymeria）被杀死，她日前在受访时谈及此事称，自己在接到剧本之前已经心里有数，因为她在电话中听见两名原创编剧的声音。
80 1 1 1 2 0.448
新浪娱乐讯据台湾媒体报道，HBO影集《冰与火之歌：权力游戏》第7季收视再创佳绩。
80 2 1 2 2 0.079
首集中主要人物便全都现身，各阵营都在积极寻找盟友，剧中充满着山雨欲来风满楼的气氛，一场大战一触即发。
86 1 1 1 3 0.493
新浪娱乐讯北京时间7月20日消息，据国外媒体报道，HBO热播剧《权力的游戏》（GameofThrones）离大结局已经不远了，两位主创大卫·贝尼奥夫（DavidBeniof）和D.B。
86 2 1 2 3 0.114
魏斯（D.B.Weiss）也开始筹备一档新剧。
91 1 1 1 1 0.485
新浪娱乐讯北京时间7月18日消息，据国外媒体报道，在万众期待之下，HBO热播美剧《权力的游戏》（GameofThrones）第七季于上周日强势回归，不出意料地再次刷新了一系列收视纪录。
