2
29 4 3 1 2 0.603
这部备受期待的剧集播出第七季以来已经刷新了很多收视纪录，直播收视率、总收视人数、18-49岁收视率都比上一季增长了20%以上。
29 5 3 2 2 0.415
本季4.7的收视率和1010万的开播成绩已经很惊艳了，第五集开播时更是把收视率和收视人数提升到了5.0和1070万，播出大结局时再刷新一次纪录。
2
91 2 2 1 2 0.637
《权力的游戏》第七季首集的收视人数达到1610万人，其中1010万通过电视直播观看（直播收视人数），其他则是通过DVR和流媒体平台进行观看。
91 3 2 2 2 0.439
令人吃惊的是，相比第六季首集，第七季首集收视人数增长了50%，而且第六季还是在春季首播，春季电视节目的收视率一般都会比夏季电视节目的收视率要高。
2
91 4 3 1 2 0.048
《权力的游戏》每一季的收视率都会青出于蓝、再上一个台阶，这在电视史上也是非常罕见的。
91 5 3 2 2 0.753
第六季平均单集收视人数为769万人（直播收视人数），如今第七季第一集就取得了1010万收视人数，剩下六集只需要730万的收视人数即可超越第六季的平均收视成绩。
1
19 2 2 1 1 0.498
MUSO公布的数字中显示，《权力的游戏》第七季首播72小时内，第一集的非法下载和在线观看次数达到了9000万次；最终集（第七集）播出72小时内，该集的非法下载和在线观看次数达到了1.2亿次。
2
19 3 3 1 2 0.433
《权力的游戏》第七季总的非法下载和在线观看次数达到了惊人的10.3亿次，其中84.66%是在线观看，9.12%是种子下载，5.59%是其他途径的下载。
19 4 3 2 2 0.573
第七季一共有7集，平均下来每一集非法下载和观看次数都超过1.4亿次，而第七季平均每一集的收视人数为3200万。
0
2
25 4 2 1 2 0.451
据《好莱坞报道者》的最新统计数据显示，《权力的游戏》第七季前六集平均收看人次达到了3060万，与上季相比上升了34%，其中最后一集的收视率达到了1210万人次，超越了美剧收视之王《行尸走肉》第七季季终篇1131万收视人次。
25 5 2 2 2 -0.193
撰文：iCraig
1
29 1 1 1 1 0.502
新浪娱乐讯北京时间8月29日消息，据国外媒体报道，《权力的游戏》（GameofThrones）于上周日播出第七季大结局，这一集直播收视人数达到了1210万，当晚直播加流媒体收视人数达到了惊人的1650万，这一成绩叕创造了新的收视纪录。
2
29 2 2 1 2 0.594
来自市场调研公司尼尔森的统计数据显示，《权力的游戏》第七季第七集（即本季大结局）直播收视人数达到了1210万，相比第六季大结局增长了36%（收视人数为890万），相比第七季第一集增长了19%（收视人数为1010万）。
29 3 2 2 2 0.479
这一成绩刷新纪录，使得第七季大结局成为该剧开播以来收视人数最多的一集。
0
0
0
3
29 6 4 1 3 0.067
外媒也将另外一部热播剧《行尸走肉》列为比较对象。
29 7 4 2 3 0.542
《行尸走肉》的播出平台AMC拥有差不多3倍于HBO的订阅人数，而《行尸走肉》第七季的大结局收视人数为1131万。
29 8 4 3 3 0.268
据统计HBO90%的订阅用户都收看了《权力的游戏》，该剧当之无愧可以被称为全美最受欢迎的电视剧。
3
45 9 7 1 3 -0.118
英国《独立报》称，对一再强调“不参与黑客游戏”的HBO来说，这次真的遇到了“狼”。
45 10 7 2 3 0.45
据悉，HBO70%以上的营收来源于频道付费订阅用户。
45 11 7 3 3 0.43
根据尼尔逊媒介研究中心公布的数据，《权力的游戏》前6季的直播平均收视率在800万左右，而第七季前4集收视率均在900万以上，这意味着若该剧未播的内容遭到泄露，HBO将蒙受比600万美元赎金更为惨重的损失。
0
3
63 4 3 2 4 0.067
改编自美国作家乔治·R·R·马丁奇幻小说《冰与火之歌》的该系列电视剧自2011年开播以来，在全球收获极高人气。
63 5 3 3 4 0.512
据华纳兄弟统计，《权力的游戏》第六季平均每集观看人数高达到2330万，成为美国HBO电视网历史上观看最多的电视剧集。
63 6 3 4 4 0.219
《权力的游戏》开播至今，已获得包括艾美奖在内的众多奖项。
3
68 8 4 1 4 -0.017
改编自乔治·R·R·马丁的奇幻小说《冰与火之歌》，从2011年开始走红的《权力的游戏》，无疑是全球最具号召力的美剧之一。
68 9 4 2 4 0.481
上月中，剧迷期盼已久的第七季正式回归，首播就创下1610万人次的收看纪录，较上一季首播收视高出50%，创下HBO电视网的历史纪录。
68 10 4 3 4 0.142
而在中国，剧迷的热情同样高涨。
2
82 2 2 1 2 0.426
数据显示，通过非法的流媒体视频、BT下载，以及直接下载，全球范围内，《权力的游戏》第七季首集的盗播次数超过9000万，接近正版观看量的6倍。
82 3 2 2 2 0.259
其中，非法流媒体播放次数为7790万次，公共追踪工具上的BT下载为830万次，直接下载为490万次，非公开追踪工具上的BT下载为50万次。
0
0
0
