1
63 1 1 1 1 0.626
新华社上海8月5日电（记者郑钧天）日前，全球知名文娱公司华纳兄弟在上海宣布，将与中国上市游戏公司游族网络联合开发《权力的游戏》手机游戏。
2
63 8 5 1 2 0.616
华纳兄弟互动娱乐全球开发与工作室执行副总裁斯蒂文·蒋表示，中国游戏市场已成为全球最大游戏市场，中国游戏的品质也在突飞猛进地提高。
63 9 5 2 2 0.525
“全球顶级的IP需要中国的市场，全球的游戏市场也需要中国的开发者。”
2
73 20 10 1 3 0.601
据悉，游族网络近来频频选择瞄准头部产品，也有避开IP游戏“同质化”的考虑。
73 21 10 2 3 0.488
游族网络希望对通过头部产品的打造，参与到顶级IP的产业链之中。
1
74 1 1 1 1 0.614
继腾讯游戏推出《变形金刚》端游后，国内游戏公司游族网络（002174.SZ）在中国国际数码互动娱乐展览会（下称“Chinajoy”）期间宣布拿下热门美剧《权力的游戏》手游改编版权。
1
74 2 2 1 1 0.622
中国游戏公司纷纷出海争抢全球顶级IP背后，一方面可以看作是中国游戏公司实力在提升，已经开始参与国际竞争；另一方面也是迫于国内游戏竞争激烈、优质影视IP缺乏的无奈。
2
74 4 4 1 2 0.536
《中国游戏产业报告》显示，2017年1~6月，中国游戏用户规模5.07亿人，同比增长3.6%，增速继续下滑。
74 5 4 2 2 0.637
一些龙头游戏公司诸如腾讯、网易占据了市场大部分份额，并在继续扩大优势，这两年热捧的影游联动成为游戏产业快速抢占市场的法宝。
1
74 11 9 1 1 0.602
类似《权力的游戏》尚未开发成游戏的美剧IP还有很多，这对于已经崛起的中国游戏公司而言无疑是一块巨大的金矿。
1
74 17 14 1 1 0.628
开发出《漫威英雄》、《速度与激情》，《饥饿游戏》等好莱坞电影IP手游的美国手游开发商KabamCOOKentWakeford向记者强调：“好的影视IP改编成手游只是成功了一半，企业不应该过于迷信IP，拥有优秀的游戏开发团队去开发技术含量高的精品游戏同样重要。研发团队成员不仅要有美术、游戏设计或故事设计人才，以及视频游戏界的技术大师，并且游戏开发者都要对影视IP内容有深入的了解。”
2
75 1 1 1 2 0.247
7月29日，游族网络与华纳兄弟互动娱乐宣布达成战略合作。
75 2 1 2 2 0.63
双方将共同推出《权力的游戏》手游产品。
2
76 1 1 1 2 0.146
中证网讯（记者蒋洁琼）7月29日，游族网络与华纳兄弟互动娱乐宣布达成战略合作。
76 2 1 2 2 0.664
游族网络将与HBO（HomeBoxOffice，华纳旗下有线电视网络媒体公司）全球授权团队一起，共同推出《权力的游戏》手游产品。
