2
73 25 12 1 2 0.364
“《权力的游戏》是现阶段我们对外公布的首个从海外引进的IP，后续还有两款从海外引进的重磅IP即将公布。”崔荣透露。
73 26 12 2 2 0.622
看来，游族网络“大IP”战略的步伐正在加快。
2
57 5 4 1 3 0.448
先前坦承“私有资料”遭窃的HBO表示，将继续与警方、网络安全专家合作进行调查。
57 6 4 2 3 -0.077
这次是HBO第二次被黑客披露相关档案，但仍不比2014的Sony遭骇事件严重，当年上千封信件以及个资被流出，包含薪水、社会安全码等等，共计约5万员工受害。
2
58 5 4 1 2 0.448
先前坦承“私有资料”遭窃的HBO表示，将继续与警方、网络安全专家合作进行调查。
58 6 4 2 2 0.197
这次已经是HBO第二次被黑客披露相关档案了。
2
59 11 9 1 3 0.403
外媒得到消息，HBO已经与FBI以及知名网络安全公司Mandiant开始联合调查，黑客窃取的有未播的影视剧本身、剧本等，还有HBO核心网络构架信息、高管私人信息及可能的高管权限。
59 12 9 2 3 0.127
不过黑客追查工作一直是非常困难的，现在双方工作得重点应该是如何减小损失以及清理失窃数据的清单。
1
63 1 1 1 1 0.567
新华社上海8月5日电（记者郑钧天）日前，全球知名文娱公司华纳兄弟在上海宣布，将与中国上市游戏公司游族网络联合开发《权力的游戏》手机游戏。
1
63 2 2 1 1 0.455
游族网络首席创意官崔荣在“游族华纳战略合作发布会”上透露，在获得《权力的游戏》IP（知识产权）授权后，在游戏产品设计上，《权力的游戏》将还原原著的故事和人物，如将九大家族在维斯特洛大陆争夺铁王座的博弈等情节为核心内容。
2
63 8 5 1 2 0.43
华纳兄弟互动娱乐全球开发与工作室执行副总裁斯蒂文·蒋表示，中国游戏市场已成为全球最大游戏市场，中国游戏的品质也在突飞猛进地提高。
63 9 5 2 2 0.332
“全球顶级的IP需要中国的市场，全球的游戏市场也需要中国的开发者。”
2
65 5 3 1 3 0.517
外媒Slashfilm报道：HBO已经携手FBI、知名网络安全公司Mandiant展开调查。
65 6 3 2 3 0.225
目前看来被窃数据很可能超过1.5T，不仅包括电视节目资源、剧本、相关资料，还有HBO雇员的邮件和个人信息。
2
67 1 1 1 2 0.404
网络时代最大的信息泄露正在发生。
67 2 1 2 2 -0.01
它叫什么名字？哦，忘了告诉你，它就是HBO和《权力的游戏》！你很幸运成为这次泄密的第一个见证者，尽情享受吧。
1
69 2 2 1 1 0.42
据报道，HBO的声明说，一起“黑客事件”导致一些包括美剧在内的专有信息被盗，该公司目前正与执法部门和网络安全公司合作解决这一问题。
2
71 2 2 1 2 0.185
HBO首席执行长RichardPlepler在给员工的备忘录中证实，包括一些美剧在内的专有信息最近被盗。
71 3 2 2 2 0.474
HBO称，正在与执法部门和网络安全公司合作解决这一问题。
3
73 7 5 2 4 0.39
游族网络此番拿下这个IP，对国内的游戏产业来讲，真的是一场“大捷”：中国的游戏企业，已开始向全球顶级IP的挑战。
73 8 5 3 4 0.504
这也是游族网络首次从海外获得如此重量级、全球化大IP的游戏改编与发行权。
73 9 5 4 4 0.515
也难怪在此次合作中，华纳兄弟的高管不仅亲临ChinaJoy，其互动娱乐全球制作和工作室执行副总裁StevenChiang还作了专题演讲，在《权力的游戏》研发及发行方面力挺游族。
0
2
73 10 6 1 3 0.451
据悉，此次游族网络获得《权力的游戏》授权，是目前该剧在国内唯一正版授权。
73 11 6 2 3 0.14
此前，尽管有很多好莱坞影视IP在国内授权的案例，如《功夫熊猫3》电影授权网易开发《功夫熊猫》正版手游，但与电影和普通电视剧相比，季播的美剧一般播出时间长达数年之久。
1
73 13 7 1 1 0.55
游族网络首席创意官崔荣透露，游族将会对《权力的游戏》IP网络游戏进行颠覆性升级，还原经典故事及世界观，以权力的更替与争夺作为产品的设计核心。
2
73 14 8 1 3 0.454
其实，游族的“大IP”布局由来已久。
73 15 8 2 3 0.309
早在2014年，游族网络便宣布获得著名科幻小说《三体》的游戏改编权，游族也因为介入这部“将中国科幻文学提高到了世界级水平”的科幻小说，在资本市场声名大噪。
2
73 20 10 1 3 0.449
据悉，游族网络近来频频选择瞄准头部产品，也有避开IP游戏“同质化”的考虑。
73 21 10 2 3 0.472
游族网络希望对通过头部产品的打造，参与到顶级IP的产业链之中。
1
73 22 10 3 3 0.051
只是，在国内外都影响巨大的《权力的游戏》，要想在游戏中也实现“在一个幻想的世界讲着现实中发生的传奇”，真不是件谁都能做到的事情。
0
1
74 1 1 1 1 0.438
继腾讯游戏推出《变形金刚》端游后，国内游戏公司游族网络（002174.SZ）在中国国际数码互动娱乐展览会（下称“Chinajoy”）期间宣布拿下热门美剧《权力的游戏》手游改编版权。
1
74 6 5 1 1 0.43
游族网络首席运营官陈礼标向第一财经记者表示：“影游联动对游戏公司来说固然是很好的策略，可以帮助游戏获得影视IP的大量粉丝，迅速推广到市场，但一方面，国内优质IP并不多，并且这部分IP很难全球化；另一方面，随着中国游戏公司及市场的壮大，需要引入世界顶级IP，特别是在游戏与IP深度合作常态化的当下，跨国IP合作模式日渐成熟，为这些IP进入中国市场，牵手本土游戏厂商奠定了良好的产业基础。”
1
74 7 6 1 1 0.453
圣骥网络CEO傅浩程接受第一财经记者采访时表示，目前国内一些热门影视IP的游戏改编权被哄抢，价格居高不下，其避开国内本土IP红海，发力好莱坞IP（内容版权）游戏，不仅可以实现差异化竞争，而且还能面向海外市场。
1
74 13 11 1 1 0.422
游族网络首席创意官崔荣表示：“我们对《权力的游戏》IP网络游戏的开发之前，研发人员均对影视内容进行了深入研究，不仅还原经典故事及世界观，更以权力的更替与争夺作为产品的核心设计，把IP中最精彩的部分进行演绎，挖掘出电视剧未能淋漓尽致展现的部分。”
2
75 1 1 1 2 0.553
7月29日，游族网络与华纳兄弟互动娱乐宣布达成战略合作。
75 2 1 2 2 0.374
双方将共同推出《权力的游戏》手游产品。
2
75 3 2 1 4 0.577
游族网络首席运营官陈礼标表示，内容产业跨国合作模式日渐成熟，为相关IP进入中国市场，牵手本土游戏厂商奠定了良好的产业基础。
75 4 2 2 4 0.45
关于此次合作原因，游族网络首席创意官崔荣认为，除了世界顶级IP需要中国市场外，还有赖于中国本土游戏力量的崛起，有越来越多的中国游戏公司进入全球玩家的视野。
1
75 5 2 3 4 0.245
据悉，《权力的游戏》是以美国作家乔治马丁的奇幻巨作《冰与火之歌》为基础改编创作。
2
76 1 1 1 2 0.486
中证网讯（记者蒋洁琼）7月29日，游族网络与华纳兄弟互动娱乐宣布达成战略合作。
76 2 1 2 2 0.589
游族网络将与HBO（HomeBoxOffice，华纳旗下有线电视网络媒体公司）全球授权团队一起，共同推出《权力的游戏》手游产品。
0
2
76 3 2 1 2 0.514
游族网络首席运营官陈礼标表示：“中国这个全球最大的游戏市场，是世界顶级IP都不容错过的，特别是在游戏与IP深度合作常态化的当下，跨国IP合作模式日渐成熟，为这些IP进入中国市场，牵手本土游戏厂商奠定了良好的产业基础。”他进一步介绍了游族网络引进IP的三个标准，即优选、顶级与全球化。
76 4 2 2 2 0.188
在他看来，游族在引进IP时考虑更多的是质量而不是数量，不仅要影响力达到亿级粉丝以上，品质及口碑皆为上乘，而且题材与粉丝都要全球化。
2
76 5 3 1 2 0.46
关于此次合作原因，游族网络首席创意官崔荣认为除了世界顶级IP需要中国市场外，还有赖于中国本土游戏力量的崛起，有越来越多的中国游戏公司进入全球玩家的视野。
76 6 3 2 2 0.284
而打造世界顶级游戏就是要用全世界最好的IP做全球世界最好的游戏，发挥出超级IP对粉丝影响力的同时，以创新玩法配合顶尖团队打造出顶级品质产品。
2
76 7 4 1 2 0.44
值得注意的是，这是游族网络首次从海外获得如此重量级全球化大IP的游戏改编与发行权。
76 8 4 2 2 0.36
崔荣表示将发挥游族的研发与发行优势，对《权力的游戏》IP网络游戏进行颠覆性升级，不仅还原经典故事及世界观，更以权力的更替与争夺作为产品的核心设计，把IP中最精彩的部分进行演绎，挖掘出电视剧未能淋漓尽致展现的部分，力争打造出现象级游戏产品，在游戏市场奏响冰与火的战歌。
2
76 9 5 1 2 0.401
华纳兄弟互动娱乐全球制作和工作室执行副总裁StevenChiang非常看好此次合作，他说：“无论是对IP粉丝的把握，还是对奇幻题材的开发，游族网络都有极为丰富的经验，并在全球范围内取得引人注目的成绩。
76 10 5 2 2 0.42
我们非常期待，基于《权力的游戏》，游族网络将提供如何精彩的娱乐体验。
0
