14 8 4 2 2 0.722
考格曼从第一季起就进组担任编剧，第三季第五集“KissedbyFire”、第四季第六集“TheLawsofGodsandMen”（小恶魔受审的那一集）、第七季第二集“Stormborn”都是由他撰写的剧本。
14 7 4 1 2 0.407
马丁口中的第五个项目日前也揭开神秘的面纱：《权力的游戏》编剧布莱恩·考格曼将担任这个项目的主创，他将携手马丁一起开发这部衍生剧。
17 35 15 2 4 0.613
那一年，《权力的游戏》登陆HBO，到第五季播出时，观众已经达到了811万，成绩仅次于AMC频道的《行尸走肉》。
17 34 15 1 4 0.094
总之就这样清汤寡水地挨着，一挨就挨到了2011年。
17 36 15 3 4 0.096
于是就好像引线终于被点燃了一样，比斯利的生意一下拔地而起。
29 2 2 1 2 0.614
来自市场调研公司尼尔森的统计数据显示，《权力的游戏》第七季第七集（即本季大结局）直播收视人数达到了1210万，相比第六季大结局增长了36%（收视人数为890万），相比第七季第一集增长了19%（收视人数为1010万）。
29 3 2 2 2 0.553
这一成绩刷新纪录，使得第七季大结局成为该剧开播以来收视人数最多的一集。
33 1 1 1 1 0.616
8月26日消息美剧《权力的游戏》第七季最近正在热播之中，第七季最后一集“龙与狼（DragonandWolf）”将在本周末正式播出，这也意味着本季《权力的游戏》剧情即将迎来高潮。
42 8 3 2 3 0.658
《权力的游戏》第七季第六集本来会在当地时间周日播出，但HBONordic和HBOEspaña却提前四天播出了这一集。
42 7 3 1 3 0.359
不过这一次的《权力的游戏》泄露事件真的和黑客组织无关。
42 9 3 3 3 -0.01
HBO方面表示，这次问题的根源在于这些地区的一家第三方代理出了岔子。
48 10 4 1 3 0.677
《权力的游戏》从第一季到最新的第七季，每一季的开播都牵动人心，每一集的更新都让人期待。
48 11 4 2 3 0.186
这部以电影标准拍摄的电视剧受到了原著粉和电视剧粉丝的高度赞扬。
50 7 5 1 2 0.702
肖恩•宾扮演的北境之王奈德•史塔克在第一季惨遭斩首。
50 8 5 2 2 0.224
拍摄这场戏的时候，剧组做了个足以以假乱真的奈德头道具，这颗脑袋之后也被挂在君临城的旗杆上示众。
50 11 7 2 2 0.628
第一季播出之后，粉丝和媒体都没有发现这个梗，是《权力的游戏》的制作人大卫·贝尼奥夫和DB魏斯在第一季DVD评论音轨里主动“交代”的。
50 10 7 1 2 0.147
被乔佛里国王挂在城墙上的首级有一颗神似美国第43任总统小布什。
50 47 29 2 2 0.62
前两季还是AimeeRichardson的小女孩扮相，到了第五季变成花季少女，由NellTigerFree接棒出演。
50 46 29 1 2 0.223
托曼的姐姐弥赛拉也换过演员。
50 48 30 1 1 0.694
“魔山”则经历了三代演员：第一季是柯南·史蒂文斯，第二季是伊安·怀特，第四季出场变成冰岛大力士HafþorJuliusBjornsson。
50 49 31 1 1 0.69
威尔士演员伊安•怀特在第一季中扮演的角色是异鬼，第二季时短暂“代班”饰演魔山，第三季他又跑去演了巨人Dongo，到了第五季、第六季他变成了巨人旺旺的扮演者。
54 21 7 1 3 0.677
距离第七季结束还剩三集，据悉，之后的第八季（最终季）仅有六集。
54 22 7 2 3 0.266
这场冰与火的权力之争，种种悬念将在为数不多的九集中一一揭晓，令人拭目以待。
60 138 44 2 3 0.621
第五季结尾死去的雪诺在第六季复活，在第六季开播前，狗仔就已经捕捉到蛛丝马迹———他们在贝尔法斯特拍到了哈灵顿，他留着的雪诺发型，照片瞬间传遍网络。
60 137 44 1 3 0.25
在准备第七季的过程中，班尼奥夫和威斯对剧情的掌控度愈发强大，粉丝的好奇心也被进一步点燃。
60 139 44 3 3 0.155
班尼奥夫无奈地笑道：“在这个时代保守秘密该有多难！CIA（中情局）做不到，NSA（国家安全局）做不到，我们哪能做到！”
77 8 4 1 3 0.642
最近，《权力的游戏》第七季正式开播。
77 9 4 2 3 0.46
第一集全美观众就达到了创纪录的1610万。
86 12 5 2 2 0.675
目前《权力的游戏》最后一季（第八季）尚未敲定播出时间，不过基本会是在2018或2019年，这一季总长为13集。
86 11 5 1 2 0.572
《权力的游戏》播完最后一季之后，《联盟国》将正式开始制作。
87 1 1 1 3 0.616
阔别一年零三个月后，《权力的游戏》第七季终于在美国时间7月16日回归。
87 2 1 2 3 0.408
跟往常一季10集不同的是，第七季只有7集，据说是为了把更多资源投入每一集的拍摄，把战争画面拍得更精彩。
89 1 1 1 2 0.612
新浪娱乐讯时隔一年多的等待，HBO著名剧集《权力的游戏》第七季于北京时间7月17日上午9点正式回归。
89 2 1 2 2 0.557
在“鼎级剧场”举办的媒体看片会上，小浪也在第一时间观看了新一季的第一集内容。
89 7 4 1 2 0.604
《权力的游戏》本季第一季开头，即通过艾丽娅之手，几乎重新导演了血色婚礼中杀戮一幕。
89 8 4 2 2 0.246
数十位弗雷家族的成员，被艾丽娅假扮的瓦德·弗雷用毒酒所杀，一时间众人纷纷呕吐不止，四仰八叉中毒而死，艾丽娅则留下那句经典的“北方人不会忘记”，也成了当集的金句亮点。
90 4 2 1 2 0.683
7月16日，备受瞩目的美剧《权力的游戏》（GameofThrone）第七季回归荧幕，据HBO的统计数据，第七季第一集在短短一天之内斩获1610万收看量，再次刷新收视纪录。
90 5 2 2 2 0.447
由于制作方已经确认，全剧将于第八季迎来终局，而最后两季的集数都大为减少，这让广大剧迷突然有了“看一集少一集”的珍惜感，也让最后两季有了更高的观众预期和话题效应。
91 3 2 2 2 0.635
令人吃惊的是，相比第六季首集，第七季首集收视人数增长了50%，而且第六季还是在春季首播，春季电视节目的收视率一般都会比夏季电视节目的收视率要高。
91 2 2 1 2 0.445
《权力的游戏》第七季首集的收视人数达到1610万人，其中1010万通过电视直播观看（直播收视人数），其他则是通过DVR和流媒体平台进行观看。
93 9 5 2 2 0.741
第7季7月16日在美国首播，这一季共有7集。
93 8 5 1 2 0.352
《权力的游戏》根据乔治·R·R·马丁的长篇史诗奇幻小说《冰与火之歌》改编而成，获得第68届艾美奖等奖项。
94 3 1 3 3 0.651
由于《权力的游戏》最后的第七季和第八季篇幅较短，各有7集和6集，加起来还不足前几季单季的总和，所以如今开播的第七季第一集，可算整部剧集“大结局”的开端。
94 2 1 2 3 0.223
至截稿前，最终收视率尚未出炉，但HBO网站传出因在线点播量过高一度崩溃的消息，可见这部全球瞩目的剧集受欢迎程度之高。
95 1 1 1 7 0.609
《权力的游戏》从第五季开始，西班牙走向银屏。
95 2 1 2 7 0.492
第五季火了西班牙塞维利亚以及其边上的小镇奥苏那Osuna。
