2
14 7 4 1 2 0.409
马丁口中的第五个项目日前也揭开神秘的面纱：《权力的游戏》编剧布莱恩·考格曼将担任这个项目的主创，他将携手马丁一起开发这部衍生剧。
14 8 4 2 2 0.718
考格曼从第一季起就进组担任编剧，第三季第五集“KissedbyFire”、第四季第六集“TheLawsofGodsandMen”（小恶魔受审的那一集）、第七季第二集“Stormborn”都是由他撰写的剧本。
1
19 2 2 1 1 0.674
MUSO公布的数字中显示，《权力的游戏》第七季首播72小时内，第一集的非法下载和在线观看次数达到了9000万次；最终集（第七集）播出72小时内，该集的非法下载和在线观看次数达到了1.2亿次。
2
19 3 3 1 2 0.47
《权力的游戏》第七季总的非法下载和在线观看次数达到了惊人的10.3亿次，其中84.66%是在线观看，9.12%是种子下载，5.59%是其他途径的下载。
19 4 3 2 2 0.634
第七季一共有7集，平均下来每一集非法下载和观看次数都超过1.4亿次，而第七季平均每一集的收视人数为3200万。
3
36 1 1 1 5 0.539
第7季《权力的游戏》（下称《权游7》）下周一播完第7集就宣告完结，剧迷又要等一年甚至更长的时候才能看到该系列的第8季，也就是最终季。
36 2 1 2 5 0.609
《权游7》短短的7集，几乎每集都能创造话题以及收视神话。
36 3 1 3 5 0.647
目前最火的两集分别是第4集《战利品》以及第6集《长城之外》。
1
36 4 1 4 5 0.338
原因很简单，这两集的大场面让剧迷们爽翻天，《战利品》有“龙母”丹妮莉丝骑着龙御驾亲征，一个指令就把“弑君者”詹姆·兰尼斯特家押运大量物资的镖队烧成灰烬。
3
42 7 3 1 3 0.352
不过这一次的《权力的游戏》泄露事件真的和黑客组织无关。
42 8 3 2 3 0.682
《权力的游戏》第七季第六集本来会在当地时间周日播出，但HBONordic和HBOEspaña却提前四天播出了这一集。
42 9 3 3 3 0.032
HBO方面表示，这次问题的根源在于这些地区的一家第三方代理出了岔子。
2
48 10 4 1 3 0.607
《权力的游戏》从第一季到最新的第七季，每一季的开播都牵动人心，每一集的更新都让人期待。
48 11 4 2 3 0.195
这部以电影标准拍摄的电视剧受到了原著粉和电视剧粉丝的高度赞扬。
1
50 48 30 1 1 0.631
“魔山”则经历了三代演员：第一季是柯南·史蒂文斯，第二季是伊安·怀特，第四季出场变成冰岛大力士HafþorJuliusBjornsson。
2
54 21 7 1 3 0.671
距离第七季结束还剩三集，据悉，之后的第八季（最终季）仅有六集。
54 22 7 2 3 0.251
这场冰与火的权力之争，种种悬念将在为数不多的九集中一一揭晓，令人拭目以待。
2
85 1 1 1 3 0.632
比往年开播时间晚了3个月的《权力的游戏》第7季（下称《权游7》）第1集《龙石岛》开播，是全球美剧迷本周最大的话题。
85 2 1 2 3 0.549
与上一季一样，《权游7》依然没有小说，编剧根据几度定档但又屡屡跳票至今不肯推出剩下几本小说的超级重度“拖延症患者”乔治·R·R·马丁所透露的《冰与火之歌》卷六《凛冬的寒风》及卷七《春晓的梦想》大概剧情，以及电视编剧原创内容写成剧本，以致《权游7》比以往6季少了3季，只剩7集，而明年开播的最终季《权游8》甚至只有6集。
2
86 11 5 1 2 0.547
《权力的游戏》播完最后一季之后，《联盟国》将正式开始制作。
86 12 5 2 2 0.623
目前《权力的游戏》最后一季（第八季）尚未敲定播出时间，不过基本会是在2018或2019年，这一季总长为13集。
2
87 1 1 1 3 0.614
阔别一年零三个月后，《权力的游戏》第七季终于在美国时间7月16日回归。
87 2 1 2 3 0.47
跟往常一季10集不同的是，第七季只有7集，据说是为了把更多资源投入每一集的拍摄，把战争画面拍得更精彩。
1
87 3 1 3 3 0.678
不过制作组表示，为了“补偿”观众，第七季许多集都比较长，第一集就长达59分钟，而最后两集时长分别为71分钟和81分钟，创下该剧集的单集最长时长纪录。
2
90 4 2 1 2 0.691
7月16日，备受瞩目的美剧《权力的游戏》（GameofThrone）第七季回归荧幕，据HBO的统计数据，第七季第一集在短短一天之内斩获1610万收看量，再次刷新收视纪录。
90 5 2 2 2 0.403
由于制作方已经确认，全剧将于第八季迎来终局，而最后两季的集数都大为减少，这让广大剧迷突然有了“看一集少一集”的珍惜感，也让最后两季有了更高的观众预期和话题效应。
2
93 8 5 1 2 0.33
《权力的游戏》根据乔治·R·R·马丁的长篇史诗奇幻小说《冰与火之歌》改编而成，获得第68届艾美奖等奖项。
93 9 5 2 2 0.736
第7季7月16日在美国首播，这一季共有7集。
2
94 2 1 2 3 0.179
至截稿前，最终收视率尚未出炉，但HBO网站传出因在线点播量过高一度崩溃的消息，可见这部全球瞩目的剧集受欢迎程度之高。
94 3 1 3 3 0.64
由于《权力的游戏》最后的第七季和第八季篇幅较短，各有7集和6集，加起来还不足前几季单季的总和，所以如今开播的第七季第一集，可算整部剧集“大结局”的开端。
1
99 4 3 1 1 0.631
据悉，《冰与火之歌：权力的游戏》第7季将于17日上午9点独家于HBO和HBOHD频道与美国同步首播，当日晚间9点再次播出，每星期同一时间播出一集。
