2 1 1 1 1 0.65
注：以下有《权游》第7季微剧透，请选择性观看。
2 6 5 1 1 0.629
目前《权游》第8季，也就是最后6集，还未确定开播时间，预计是2019年。
10 1 1 1 3 0.609
《权力的游戏》第七季已经完结一段时间了，粉丝们每天都盼望得到第八季的最新消息，而且这一季只有6集，大结局会否全员领便当是大家最关心的话题。
10 2 1 2 3 0.466
现在官方已经敲定第八季由4名导演执导，虽然还没知道他们具体执导哪几集，但导演敲定后就等于进入制作期。
10 5 2 2 3 0.652
萨普什尼克与奈特在《权力的游戏》中的巅峰执导分别是第六季第9集《私生子之战》、第五季第10集《母之怜悯》。
10 4 2 1 3 0.531
《权力的游戏》第八季将于2018年年底或2019年上半年播放，目前敲定的四位导演分别是明格尔·萨普什尼克、大卫·奈特、大卫·贝尼奥夫以及丹·韦斯。
10 6 2 3 3 0.493
而贝尼奥夫与韦斯是该剧制作人，他们将执掌大结局最终集。
14 8 4 2 2 0.721
考格曼从第一季起就进组担任编剧，第三季第五集“KissedbyFire”、第四季第六集“TheLawsofGodsandMen”（小恶魔受审的那一集）、第七季第二集“Stormborn”都是由他撰写的剧本。
14 7 4 1 2 0.43
马丁口中的第五个项目日前也揭开神秘的面纱：《权力的游戏》编剧布莱恩·考格曼将担任这个项目的主创，他将携手马丁一起开发这部衍生剧。
17 35 15 2 4 0.607
那一年，《权力的游戏》登陆HBO，到第五季播出时，观众已经达到了811万，成绩仅次于AMC频道的《行尸走肉》。
17 34 15 1 4 -0.068
总之就这样清汤寡水地挨着，一挨就挨到了2011年。
17 36 15 3 4 0.001
于是就好像引线终于被点燃了一样，比斯利的生意一下拔地而起。
19 2 2 1 1 0.644
MUSO公布的数字中显示，《权力的游戏》第七季首播72小时内，第一集的非法下载和在线观看次数达到了9000万次；最终集（第七集）播出72小时内，该集的非法下载和在线观看次数达到了1.2亿次。
29 2 2 1 2 0.694
来自市场调研公司尼尔森的统计数据显示，《权力的游戏》第七季第七集（即本季大结局）直播收视人数达到了1210万，相比第六季大结局增长了36%（收视人数为890万），相比第七季第一集增长了19%（收视人数为1010万）。
29 3 2 2 2 0.515
这一成绩刷新纪录，使得第七季大结局成为该剧开播以来收视人数最多的一集。
33 1 1 1 1 0.688
8月26日消息美剧《权力的游戏》第七季最近正在热播之中，第七季最后一集“龙与狼（DragonandWolf）”将在本周末正式播出，这也意味着本季《权力的游戏》剧情即将迎来高潮。
36 1 1 1 5 0.669
第7季《权力的游戏》（下称《权游7》）下周一播完第7集就宣告完结，剧迷又要等一年甚至更长的时候才能看到该系列的第8季，也就是最终季。
36 2 1 2 5 0.515
《权游7》短短的7集，几乎每集都能创造话题以及收视神话。
40 1 1 1 2 0.676
8月21日，外媒报道称，跟HBO死扛到底的黑客威胁要泄露《权力的游戏》第七季第七集，也就是第七季大结局。
40 2 1 2 2 0.006
黑客还特别“贴心”地温馨提示：亲，千万不要随便看网页哦，有高能剧透！
42 8 3 2 3 0.717
《权力的游戏》第七季第六集本来会在当地时间周日播出，但HBONordic和HBOEspaña却提前四天播出了这一集。
42 7 3 1 3 0.278
不过这一次的《权力的游戏》泄露事件真的和黑客组织无关。
42 9 3 3 3 -0.01
HBO方面表示，这次问题的根源在于这些地区的一家第三方代理出了岔子。
48 10 4 1 3 0.621
《权力的游戏》从第一季到最新的第七季，每一季的开播都牵动人心，每一集的更新都让人期待。
48 11 4 2 3 0.28
这部以电影标准拍摄的电视剧受到了原著粉和电视剧粉丝的高度赞扬。
50 49 31 1 1 0.619
威尔士演员伊安•怀特在第一季中扮演的角色是异鬼，第二季时短暂“代班”饰演魔山，第三季他又跑去演了巨人Dongo，到了第五季、第六季他变成了巨人旺旺的扮演者。
52 1 1 1 2 0.613
新浪娱乐讯据台湾媒体报道，《冰与火之歌：权力游戏》正在播出第7季，开播至今已经5年多，人气不减反增，尤其是第7季在播出后，再次重新刷新了HBO的纪录，再创佳绩。
52 2 1 2 2 0.154
近来在片中饰演“波”的杰诺米（JeromeFlynn）在花絮片段当中称，因为他在最新一集中伤了龙，身边的人因入戏太深，迁怒于他。
54 21 7 1 3 0.808
距离第七季结束还剩三集，据悉，之后的第八季（最终季）仅有六集。
54 22 7 2 3 0.274
这场冰与火的权力之争，种种悬念将在为数不多的九集中一一揭晓，令人拭目以待。
59 26 16 1 3 0.632
实际上HBO在2015年《权力游戏》第五季首映时，前四集的电视剧种子就已经泄露。
59 27 16 2 3 0.399
可是即便如此，这部剧首集的收视率依旧创下了记录。
60 2 2 1 2 0.66
周一，爱尔兰城市贝尔法斯特，《权力的游戏》第7季正在拍摄之中。
60 3 2 2 2 0.141
当然没有人相信喷火巨龙真的存在，但当你走进影棚，看到丹妮莉丝女王的扮演者、英国演员艾米莉亚·克拉克正骑坐在一头机械牛背上时，还是会暗暗吃惊：原来，这部神剧是这么拍出来的！
60 127 41 1 2 0.601
有媒体今年3月在洛杉矶探访班尼奥夫和威斯时，发现他们正在写第八季、也就是季的剧本。
60 128 41 2 2 0.294
他们列出了最后6集的完整提纲，在动笔写最后一集了，“我们已经知道了最后会发生什么”。
63 3 3 1 4 0.611
目前，《权利的游戏》第七季已在中国开播。
63 4 3 2 4 0.366
改编自美国作家乔治·R·R·马丁奇幻小说《冰与火之歌》的该系列电视剧自2011年开播以来，在全球收获极高人气。
67 9 4 2 6 0.675
早在2015年，《权力的游戏》第5季前4集就在开播前不久遭泄露。
67 8 4 1 6 0.1
这并非HBO首次被“黑”。
67 10 4 3 6 0.271
除了HBO，流媒体Netflix和ABC电视台都曾遭黑客攻击，剧集《女子监狱》内容遭泄露。
68 3 2 1 2 0.655
千呼万唤，备受期待的《权力的游戏》第七季今夏如约回归。
68 4 2 2 2 0.22
在前日上线的第三集中，琼恩·雪诺与“龙母”丹妮莉丝两大主角，终于上演了“冰”与“火”的首次会面，让无数剧迷欣喜不已。
68 24 10 3 3 0.601
截至目前，黑客已经对外公布了《球手们》和《104号房》两部HBO制作的电视剧尚未播出的一集内容，《权力的游戏》第七季尚未播出的第四集也被泄露了部分剧本。
68 23 10 2 3 0.123
出品方HBO电视网最近遭受了一次严重的黑客攻击，超过1.5TB的数据内容被黑客窃取。
68 27 11 3 3 0.681
不少剧迷担忧地表示，希望第七季的未播内容、已经完成剧本创作的最终季（第八季）都能“幸免于难”。
68 26 11 2 3 -0.003
而黑客组织则对外宣称，后续还会有更多内容公布。
72 8 7 2 3 0.634
这部剧集目前播出到第七季，将于明年完结。
72 7 7 1 3 0.128
另外，路透社还在上周日收到了一封电子邮件，发件人自称盗取了HBO的数据，其中包括《权力的游戏》相关数据。
72 9 7 3 3 0.084
（唐风）
73 3 3 1 1 0.626
以奇幻巨作《冰与火之歌》为基础改编创作的电视剧《权力的游戏》，自2011年开始播出，至今已经播出了六季，第七季刚刚强势回归。
77 8 4 1 3 0.699
最近，《权力的游戏》第七季正式开播。
77 9 4 2 3 0.355
第一集全美观众就达到了创纪录的1610万。
85 1 1 1 3 0.641
比往年开播时间晚了3个月的《权力的游戏》第7季（下称《权游7》）第1集《龙石岛》开播，是全球美剧迷本周最大的话题。
85 2 1 2 3 0.581
与上一季一样，《权游7》依然没有小说，编剧根据几度定档但又屡屡跳票至今不肯推出剩下几本小说的超级重度“拖延症患者”乔治·R·R·马丁所透露的《冰与火之歌》卷六《凛冬的寒风》及卷七《春晓的梦想》大概剧情，以及电视编剧原创内容写成剧本，以致《权游7》比以往6季少了3季，只剩7集，而明年开播的最终季《权游8》甚至只有6集。
86 4 2 1 3 0.626
众所周知《权力的游戏》将会在第八季后终结，两位主创大卫·贝尼奥夫和D.B。
86 5 2 2 3 0.147
魏斯也已经开始筹备下一个项目。
86 11 5 1 2 0.61
《权力的游戏》播完最后一季之后，《联盟国》将正式开始制作。
86 12 5 2 2 0.77
目前《权力的游戏》最后一季（第八季）尚未敲定播出时间，不过基本会是在2018或2019年，这一季总长为13集。
87 1 1 1 3 0.634
阔别一年零三个月后，《权力的游戏》第七季终于在美国时间7月16日回归。
87 2 1 2 3 0.447
跟往常一季10集不同的是，第七季只有7集，据说是为了把更多资源投入每一集的拍摄，把战争画面拍得更精彩。
89 1 1 1 2 0.618
新浪娱乐讯时隔一年多的等待，HBO著名剧集《权力的游戏》第七季于北京时间7月17日上午9点正式回归。
89 2 1 2 2 0.371
在“鼎级剧场”举办的媒体看片会上，小浪也在第一时间观看了新一季的第一集内容。
90 4 2 1 2 0.68
7月16日，备受瞩目的美剧《权力的游戏》（GameofThrone）第七季回归荧幕，据HBO的统计数据，第七季第一集在短短一天之内斩获1610万收看量，再次刷新收视纪录。
90 5 2 2 2 0.414
由于制作方已经确认，全剧将于第八季迎来终局，而最后两季的集数都大为减少，这让广大剧迷突然有了“看一集少一集”的珍惜感，也让最后两季有了更高的观众预期和话题效应。
91 3 2 2 2 0.628
令人吃惊的是，相比第六季首集，第七季首集收视人数增长了50%，而且第六季还是在春季首播，春季电视节目的收视率一般都会比夏季电视节目的收视率要高。
91 2 2 1 2 0.5
《权力的游戏》第七季首集的收视人数达到1610万人，其中1010万通过电视直播观看（直播收视人数），其他则是通过DVR和流媒体平台进行观看。
91 5 3 2 2 0.642
第六季平均单集收视人数为769万人（直播收视人数），如今第七季第一集就取得了1010万收视人数，剩下六集只需要730万的收视人数即可超越第六季的平均收视成绩。
91 4 3 1 2 0.309
《权力的游戏》每一季的收视率都会青出于蓝、再上一个台阶，这在电视史上也是非常罕见的。
93 9 5 2 2 0.713
第7季7月16日在美国首播，这一季共有7集。
93 8 5 1 2 0.402
《权力的游戏》根据乔治·R·R·马丁的长篇史诗奇幻小说《冰与火之歌》改编而成，获得第68届艾美奖等奖项。
94 3 1 3 3 0.719
由于《权力的游戏》最后的第七季和第八季篇幅较短，各有7集和6集，加起来还不足前几季单季的总和，所以如今开播的第七季第一集，可算整部剧集“大结局”的开端。
94 2 1 2 3 0.247
至截稿前，最终收视率尚未出炉，但HBO网站传出因在线点播量过高一度崩溃的消息，可见这部全球瞩目的剧集受欢迎程度之高。
95 1 1 1 7 0.665
《权力的游戏》从第五季开始，西班牙走向银屏。
95 2 1 2 7 0.544
第五季火了西班牙塞维利亚以及其边上的小镇奥苏那Osuna。
97 1 1 1 3 0.645
《权力的游戏》第七季首集将于7月16日美国当地晚间时间播出。
97 2 1 2 3 0.241
据全球领先的旅游平台TripAdvisor（猫途鹰）日前发布的数据显示，自《权力的游戏》2011年开播至今，其主要取景地西班牙、冰岛、英国北爱尔兰、克罗地亚等地游客访问量增速显著，其中美国和英国游客对《权力的游戏》取景地的访问量增长最多。
