1
72 1 1 1 1 0.55
新浪科技讯北京时间8月1日凌晨消息，美国有线电视频道HBO周一称，黑客盗取了该品牌即将推出的节目。
2
76 1 1 1 2 0.423
中证网讯（记者蒋洁琼）7月29日，游族网络与华纳兄弟互动娱乐宣布达成战略合作。
76 2 1 2 2 -0.004
游族网络将与HBO（HomeBoxOffice，华纳旗下有线电视网络媒体公司）全球授权团队一起，共同推出《权力的游戏》手游产品。
2
89 1 1 1 2 0.472
新浪娱乐讯时隔一年多的等待，HBO著名剧集《权力的游戏》第七季于北京时间7月17日上午9点正式回归。
89 2 1 2 2 0.054
在“鼎级剧场”举办的媒体看片会上，小浪也在第一时间观看了新一季的第一集内容。
2
94 1 1 1 3 0.533
热门美剧《权力的游戏》第七季第一集已于美国东部时间7月16日晚9点（北京时间昨日上午10时）在HBO电视台首播。
94 2 1 2 3 0.011
至截稿前，最终收视率尚未出炉，但HBO网站传出因在线点播量过高一度崩溃的消息，可见这部全球瞩目的剧集受欢迎程度之高。
1
95 19 11 1 1 0.495
开放时间：4月至9月周一至周日：9：30-19：00；10月至次年3月周一至周日：9：30-17：00；1月1日、1月6日、12月25日关闭。
