2
33 5 4 1 2 0.613
此前黑客就曾威胁HBO，声称要泄露《权力的游戏》第七季最后一集的剧情和概要。
33 6 4 2 2 0.548
这也是黑客首次曝光《权力的游戏》相关内容，但是由于《权力的游戏》的热播程度，这次的泄露对于HBO的打击可想而知。
2
42 4 2 1 3 0.745
这次《权力的游戏》资源泄露恰恰发生在HBO遭受黑客袭击的风口浪尖上。
42 5 2 2 3 0.577
上个月HBO电脑系统被黑，1.5T的重要数据被窃，黑客组织向HBO索取价值数百万美元的比特币作为赎金。
2
42 7 3 1 3 0.617
不过这一次的《权力的游戏》泄露事件真的和黑客组织无关。
42 8 3 2 3 0.336
《权力的游戏》第七季第六集本来会在当地时间周日播出，但HBONordic和HBOEspaña却提前四天播出了这一集。
2
42 18 8 1 4 0.607
目前还不清楚黑客袭击事件和资源泄露会对HBO的业务造成多大的影响。
42 19 8 2 4 0.36
《权力的游戏》在过去的几年里一直是盗版情况最严重的电视剧，但者却并未对HBO的收视率和订阅用户数量造成影响。
1
45 1 1 1 1 0.605
8月14日，美国HBO电视网宣布，不会与窃取其1.5TB数据的黑客展开谈判。
2
47 2 1 2 3 0.534
该剧第7季第4集《战利品》在播出前一段时间就被从HBO的印度分销商之一StarIndia泄露，此次有4人被认为是泄露元凶遭逮捕。
47 3 1 3 3 0.665
而该案件与近期的HBO被黑客入侵案是无关的两个事件，后者仍在发酵升级中，HBO也已与FBI联手调查黑客。
2
51 5 5 1 2 0.651
报道称，HBO发生了一起网络被黑事件，黑客可能会继续泄露一些被窃取的信息，试图引起媒体的注意。
51 6 5 2 2 0.523
黑客们玩的这个游戏HBO不会参与。
2
51 7 6 1 2 0.642
HBO在早些时候承认了被黑客窃取的行为。
51 8 6 2 2 0.456
据称，窃贼一直在泄露偷来的材料，并要求HBO支付数百万美元的赎金。
1
55 1 1 1 1 0.628
《权力的游戏》所属发行公司HBO本周再遭遇泄密危机，上周HBO表示，该公司遭到黑客入侵，部分文件失窃，当时有媒体曝出失窃文件中包括近期大热的《权力的游戏》还未上映的剧集剧本。
2
58 5 4 1 2 0.366
先前坦承“私有资料”遭窃的HBO表示，将继续与警方、网络安全专家合作进行调查。
58 6 4 2 2 0.675
这次已经是HBO第二次被黑客披露相关档案了。
2
59 12 9 2 3 0.29
不过黑客追查工作一直是非常困难的，现在双方工作得重点应该是如何减小损失以及清理失窃数据的清单。
59 13 9 3 3 0.639
没有证据表明，这次攻击的黑客曾经对HBO勒索赎金。
2
59 40 23 1 2 0.422
2016年年底，一家好莱坞后期制作公司被攻击，窃取了Netflix数部电视剧集。
59 41 23 2 2 0.608
因Netflix拒绝支付赎金，黑客组织TheDarkOverlord公开了Netflix热播剧《女子监狱》的最新一季资源。
2
65 1 1 1 2 0.638
新浪娱乐讯北京时间8月3日消息，据国外媒体报道，HBO和《权力的游戏》遭黑客袭击事件可能比想象的要严重得多：新消息称HBO已和FBI开始调查，黑客窃取的有未播的影视剧本身、剧本等，还有HBO核心网络构架信息、高管私人信息及可能的高管权限。
65 2 1 2 2 0.514
窃取数据总量可能超过之前报道的巨大数字1.5T，可能比2014年臭名昭著的索尼黑客袭击还要严重。
1
65 16 8 1 1 0.609
此次HBO被黑和2014年索尼被黑也确实有些相似，当时索尼尚未上映的影片《刺杀金正恩》被泄露，一同泄露的还有大量内部邮件、剧本和视频资料，导致索尼总裁艾米·帕斯卡尔离职。
2
67 3 2 1 2 0.239
当地时间7月30日晚，美国许多记者收到写有这样内容的匿名电子邮件。
67 4 2 2 2 0.618
HBO总裁理查德派随后证实，该电视台确实遭受黑客攻击，电视剧《权力的游戏》下一集脚本或已“中招”。
2
67 5 3 1 3 0.601
7月31日，HBO官方通过《综艺》杂志发布声明称：“HBO正经历一次信息泄露的网络事件，目前正在与执法人员和外部网络安全公司密切合作。”HBO并未透露具体的节目名称和剧集数量，但黑客目前在网上泄露的剧集包括《球手》和《104号房间》未播集，以及下周播出的《权力的游戏》第7季第4集的“一个脚本或情节梗概”。
67 6 3 2 3 0.449
据悉，黑客盗取的数据资源达1.5TB。
3
67 9 4 2 6 0.443
早在2015年，《权力的游戏》第5季前4集就在开播前不久遭泄露。
67 10 4 3 6 0.705
除了HBO，流媒体Netflix和ABC电视台都曾遭黑客攻击，剧集《女子监狱》内容遭泄露。
67 11 4 4 6 0.459
此外，迪士尼公司也在今年5月《加勒比海盗5》上映前夕被黑客勒索。
3
68 22 10 1 3 0.299
不过，爱追剧的黑客们很可能让剧组的努力化为乌有。
68 23 10 2 3 0.756
出品方HBO电视网最近遭受了一次严重的黑客攻击，超过1.5TB的数据内容被黑客窃取。
68 24 10 3 3 0.491
截至目前，黑客已经对外公布了《球手们》和《104号房》两部HBO制作的电视剧尚未播出的一集内容，《权力的游戏》第七季尚未播出的第四集也被泄露了部分剧本。
2
70 6 4 1 2 0.628
好莱坞近年频频遭到黑客下手，比如近期火热的《加勒比海盗5》也被曝受到黑客威胁。
70 7 4 2 2 0.396
剧本和原片资源似乎已经成为黑客们的新目标，特别是《权利的游戏》这种脸还没来得及记熟，人物就被杀死的高速反转剧情，只能期望黑客不要那么着急下狠手，在新一集更新播放之前公布剧情了。
1
71 1 1 1 1 0.668
播出《权力的游戏》（GameofThrones）的HBO频道是最新遭到黑客袭击、内容被泄露到网上的娱乐公司。
1
71 7 5 1 1 0.649
据EntertainmentWeekly报道，声称对此次攻击负责的黑客向一些媒体发送电子邮件，称这是网络时代最伟大的黑客泄露。
