本届 0.0 0.139027386865 0.0714285714286 0.414885560436 0.951206376722 0.61123585951 0.0112359550562 0.0 0.0 0.0
世界杯+官方 0.0 0.0675935483493 0.428571428571 0.656512610275 0.417466334829 0.272584770625 0.0449438202247 0.5 1.0 0.666666666667
官方+手机 3.0 0.0706126023158 0.321428571429 0.844721226067 0.288537994476 0.172720700353 0.0337078651685 0.5 1.0 0.666666666667
FIFA+组委会 0.0 0.0966851977791 0.357142857143 0.891669773447 0.28423032133 0.199118576684 0.0 0.5 1.0 0.333333333333
北京+时间 0.0 0.114017065808 0.321428571429 0.242008996116 0.87550390531 0.38324460609 0.0 0.5 1.0 0.666666666667
世界杯+抽签 2.0 0.112389966206 0.428571428571 0.352976136254 0.864009015724 0.401158487087 0.168539325843 0.5 1.0 0.333333333333
抽签+仪式 2.0 0.143642096471 0.321428571429 0.342562230042 0.885027392019 0.402179639364 0.0224719101124 0.5 1.0 0.333333333333
巴西+世界杯 0.0 0.0798311760312 0.428571428571 0.037673774777 0.945215614562 0.351811599382 0.0 0.5 1.0 0.666666666667
世界杯+预选赛 1.0 0.0743126295185 0.535714285714 0.178591296386 0.914538823924 0.411893951264 0.0 0.5 1.0 0.666666666667
世界杯+分组 2.0 0.0798489869603 0.428571428571 0.531900022995 0.839452215609 0.251631531296 0.0561797752809 0.5 1.0 0.333333333333
分组+抽签 2.0 0.142893075663 0.321428571429 0.394586086265 0.935383900754 0.380640541613 0.0449438202247 0.5 1.0 0.0
本届+世界杯 0.0 0.129107051106 0.428571428571 0.380368022599 0.953248339204 0.464733790011 0.0112359550562 0.5 0.0 0.333333333333
莫斯科+克里姆林宫 0.0 0.071979414304 0.75 0.219615616107 0.86370291585 0.170761648487 0.0 0.5 1.0 0.666666666667
克里姆林宫+举行 0.0 0.0831957703143 0.642857142857 0.209201040161 0.898556808397 0.172850871357 0.0 0.5 0.0 0.333333333333
总统+普京 3.0 0.0446239159596 0.321428571429 0.525288370609 0.769933547599 0.232161192588 0.0 0.5 0.0 0.666666666667
报道+称 0.0 0.0881987585387 0.214285714286 0.239230343946 0.720020236959 0.0948582721358 0.0 0.5 1.0 0.333333333333
东道主+俄罗斯 3.0 0.0638549047855 0.535714285714 0.650623214251 0.856673102873 0.311332512877 0.0 0.5 1.0 0.666666666667
B+组 0.0 0.138376452332 0.0357142857143 0.432902049836 0.831830454585 0.413278393697 0.0 0.5 1.0 0.333333333333
C+组 0.0 0.087399886746 0.0357142857143 0.307257055477 0.850807873076 0.338512749633 0.0 0.5 1.0 0.333333333333
D+组 0.0 0.112404708767 0.0357142857143 0.437468142038 0.820482142167 0.385790903752 0.0 0.5 1.0 0.333333333333
E+组 0.0 0.067721698314 0.0357142857143 0.299761082272 0.775780172792 0.256636894217 0.0 0.5 1.0 0.333333333333
F+组 0.0 0.108683589525 0.0357142857143 0.392936474181 0.830321996772 0.351585336138 0.0 0.5 1.0 0.333333333333
G+组 0.0 0.0911900169257 0.0357142857143 0.341870315365 0.772395431273 0.336796690192 0.0 0.5 1.0 0.333333333333
H+组 0.0 0.112624585336 0.0357142857143 0.39509240043 0.843709008962 0.389687157277 0.0 0.5 1.0 0.333333333333
C+罗 2.0 0.180763504933 0.0357142857143 0.483117641153 0.928746056442 0.493948919721 0.0337078651685 0.5 1.0 0.0
卫冕+冠军 3.0 0.0923261264576 0.321428571429 0.66325225019 0.863154989506 0.397969119048 0.0 0.5 1.0 0.333333333333
冠军+德国队 1.0 0.0446239159596 0.428571428571 0.704768711249 0.817642010876 0.28030798612 0.0 0.5 0.0 0.666666666667
世界杯+小组赛 1.0 0.130207395332 0.535714285714 0.1972486714 0.861889436441 0.376850850127 0.0 0.5 1.0 0.666666666667
东道主+俄罗斯队 3.0 0.0578571606724 0.642857142857 0.746878080891 0.791852321113 0.320326502643 0.0 0.5 1.0 0.666666666667
支+球队 0.0 0.285671073049 0.214285714286 0.580167642675 0.954266759835 0.56479286949 0.0 0.5 0.0 0.333333333333
世界杯+冠军 0.0 0.0910499439233 0.428571428571 0.466605472527 0.930071295594 0.460836929259 0.0 0.5 1.0 0.666666666667
小组+出线 0.0 0.0989993500555 0.321428571429 0.686981524781 0.897691939806 0.449373402485 0.0112359550562 0.5 1.0 0.333333333333
亚洲+球队 3.0 0.123832345916 0.321428571429 0.718927748012 0.854913248172 0.457405515988 0.0224719101124 0.5 1.0 0.666666666667
整体+实力 0.0 0.0777419994719 0.321428571429 0.857205556107 0.728863199556 0.345868984991 0.0 0.5 1.0 0.666666666667
支+欧洲 0.0 0.0851600892133 0.214285714286 0.706016271333 0.76632995664 0.276586584929 0.0 0.5 0.0 0.333333333333
欧洲+球队 0.0 0.109194477551 0.321428571429 0.829398543504 0.820922023827 0.359533053134 0.0 0.5 1.0 0.666666666667
世界杯+决赛圈 0.0 0.12539058055 0.535714285714 0.518605603703 0.901204003959 0.451693457838 0.0 0.5 1.0 0.666666666667
传统+强 0.0 0.0480696405054 0.214285714286 0.662746068077 0.838086964713 0.297789687449 0.0 0.5 0.0 0.333333333333
强+队 0.0 0.178720080512 0.107142857143 0.661995643574 0.875115652389 0.484936586072 0.0 0.5 1.0 0.333333333333
中国+球迷 1.0 0.0860630838515 0.321428571429 0.467121276854 0.954539133956 0.394314057125 0.0 0.5 1.0 0.666666666667
参加+世界杯 0.0 0.117834601803 0.428571428571 0.534348992825 0.883582392664 0.420899375218 0.0 0.5 0.0 0.333333333333
强+分组 0.0 0.0517262422307 0.214285714286 0.553612197422 0.825200245296 0.215983105676 0.0112359550562 0.5 0.0 0.0
国际+足联 0.0 0.212615537273 0.321428571429 0.290320929003 0.928122001646 0.520271454072 0.0112359550562 0.5 1.0 0.333333333333
场+比赛 0.0 0.118412302672 0.214285714286 0.546257404146 0.930995304211 0.467560878866 0.0 0.5 0.0 0.0
肆客+足球 0.0 0.045239783969 0.321428571429 0.263230024936 0.587407891861 0.0423140940775 0.0 0.5 1.0 0.666666666667
世界杯+足球赛 0.0 0.068602757213 0.535714285714 0.417069040301 0.773627902704 0.274627926517 0.0337078651685 0.5 1.0 0.666666666667
分组+形势 0.0 0.0483068970436 0.321428571429 0.554843280589 0.821507518892 0.368566946198 0.0112359550562 0.5 1.0 0.333333333333
决赛+阶段 0.0 0.0860630838515 0.321428571429 0.353573830458 0.849414762878 0.271458639655 0.0 0.5 1.0 0.333333333333
世界+排名 1.0 0.124193245055 0.321428571429 0.675811646028 0.753438860151 0.430490850386 0.0 0.5 1.0 0.333333333333
上届+世界杯 0.0 0.0711856170159 0.428571428571 0.643123461547 0.883088829833 0.330504551767 0.0 0.5 1.0 0.333333333333
届+世界杯 0.0 0.14278053786 0.321428571429 0.420854092675 0.96632591978 0.487063825698 0.0224719101124 0.5 1.0 0.333333333333
参赛+资格 0.0 0.077793435519 0.321428571429 0.76149198897 0.594038289614 0.193503724483 0.0 0.5 1.0 0.333333333333
附加+赛 0.0 0.0818481371246 0.214285714286 0.65511229993 0.900949422481 0.391884361036 0.0 0.5 1.0 0.0
档+球队 0.0 0.0754022821209 0.214285714286 0.834676133403 0.759315813605 0.418785260989 0.0 0.5 0.0 0.666666666667
世界杯+历史 0.0 0.229939418552 0.428571428571 0.132352792016 0.874901552611 0.135966931743 0.0 0.5 1.0 0.666666666667
战+平 0.0 0.0564857351742 0.107142857143 0.20281730831 0.838279010754 0.282246168642 0.0 0.5 0.0 0.0
联合会+杯 0.0 0.0977842312167 0.321428571429 0.0281977612118 0.851958963243 0.337585477573 0.0 0.5 1.0 0.666666666667
新浪+财经 0.0 0.0550721837668 0.321428571429 0.270259940507 0.828269291537 0.150742112714 0.0 0.5 1.0 0.666666666667
财经+股吧 0.0 0.0415416103206 0.321428571429 0.270259940507 0.828269291537 0.0293350616185 0.0 0.5 0.0 0.666666666667
交锋+战绩 0.0 0.230416557317 0.321428571429 1.0 0.0 0.057691160987 0.0 0.5 0.0 0.333333333333
负+占据 0.0 0.162909237784 0.214285714286 1.0 0.0 0.133413292628 0.0 0.5 0.0 0.0
占据+优势 0.0 0.21691509341 0.321428571429 1.0 0.0 0.170018495982 0.0 0.5 0.0 0.333333333333
球+失 0.0 0.75697364968 0.107142857143 1.0 0.0 0.254300141878 0.0 0.5 0.0 0.333333333333
平+保持 0.0 0.0886254682729 0.214285714286 0.342763467972 0.589549015074 0.0735734994316 0.0 0.5 0.0 0.0
战绩+占据 0.0 0.162909237784 0.321428571429 1.0 0.0 0.103565166843 0.0 0.5 0.0 0.333333333333
负+处于 0.0 0.13590630997 0.214285714286 1.0 0.0 0.204606704898 0.0 0.5 0.0 0.0
处于+下风 0.0 0.189912165597 0.321428571429 1.0 0.0 0.169789760558 0.0 0.5 0.0 0.333333333333
友谊赛+历史 0.0 0.13590630997 0.428571428571 1.0 0.0 0.0293350616185 0.0 0.5 1.0 0.666666666667
世界杯+决赛 1.0 0.0985268994916 0.428571428571 0.176930777027 0.870097812174 0.367365114582 0.0112359550562 0.5 1.0 0.333333333333
乐视+体育 3.0 0.247819295858 0.321428571429 0.902992083493 0.211581223324 0.317553023548 0.0337078651685 0.5 1.0 0.666666666667
中国+游客 1.0 0.13590630997 0.321428571429 1.0 0.0 0.357152068091 0.0112359550562 0.5 1.0 0.666666666667
无缘+世界杯 2.0 0.0729179851075 0.428571428571 0.516472843366 0.854791470709 0.33202169753 0.0 0.5 0.0 0.333333333333
中国+足协 1.0 0.105784914762 0.321428571429 0.7469961065 0.738106977283 0.296301184464 0.0112359550562 0.5 1.0 0.333333333333
申办+世界杯 1.0 0.0870511396549 0.428571428571 0.807232738001 0.530804794087 0.290237090812 0.0112359550562 0.5 1.0 0.333333333333
世界杯+抽签+仪式 3.0 0.065523815094 0.678571428571 0.319409751801 0.693296048104 0.220433343914 0.0224719101124 1.0 1.0 0.666666666667
世界杯+分组+抽签 3.0 0.0638549047855 0.678571428571 0.529458307736 0.840576082846 0.208471692583 0.0337078651685 1.0 1.0 0.333333333333
分组+抽签+仪式 3.0 0.0749734732489 0.571428571429 0.376986522929 0.892684513838 0.223082854418 0.0 1.0 1.0 0.333333333333
莫斯科+克里姆林宫+举行 0.0 0.0647118092646 1.0 0.135735194741 0.866206327976 0.134207748117 0.0 1.0 0.0 0.666666666667
葡萄牙+和+西班牙 3.0 0.0516974332466 0.678571428571 0.627561179129 0.817940951888 0.232448379525 0.0 1.0 0.0 0.666666666667
支+欧洲+球队 0.0 0.0754022821209 0.464285714286 0.81625730839 0.747995445973 0.246902370756 0.0 1.0 0.0 0.666666666667
死亡+之+组 3.0 0.296579436072 0.357142857143 0.61507326986 0.902375241921 0.398133106797 0.101123595506 1.0 0.0 0.333333333333
传统+强+队 0.0 0.0480696405054 0.357142857143 0.662746068077 0.838086964713 0.297789687449 0.0 1.0 1.0 0.666666666667
俄罗斯+世界杯+抽签 2.0 0.0518594165592 0.785714285714 0.368670410333 0.7528293973 0.119254704498 0.0224719101124 1.0 0.0 0.666666666667
新浪+财经+股吧 0.0 0.0415416103206 0.571428571429 0.270259940507 0.828269291537 0.0745310104666 0.0 1.0 0.0 1.0
队+在+历史 0.0 0.567953154985 0.357142857143 1.0 0.0 0.149114999004 0.0 1.0 0.0 0.666666666667
负+占据+优势 0.0 0.108903382157 0.464285714286 1.0 0.0 0.116433981967 0.0 1.0 0.0 0.333333333333
队+在+世界杯 0.0 0.351929732479 0.464285714286 1.0 0.0 0.054047468019 0.0 1.0 0.0 0.666666666667
队+在+友谊赛 0.0 0.203413629504 0.464285714286 1.0 0.0 0.0728769095528 0.0 1.0 0.0 0.666666666667
占据+绝对+优势 0.0 0.108903382157 0.571428571429 1.0 0.0 0.150078694194 0.0 1.0 0.0 0.333333333333
负+处于+下风 0.0 0.122404846064 0.464285714286 1.0 0.0 0.187953847853 0.0 1.0 0.0 0.333333333333
世界杯+决赛+阶段 0.0 0.0629058199885 0.678571428571 0.295392620445 0.866719209891 0.245941532329 0.0 1.0 1.0 0.666666666667
