这种 0.0 0.17415087717 0.105263157895 0.142861690631 0.907563553722 0.762726689395 0.0 0.0 0.0 0.0
这部 0.0 0.241757218137 0.105263157895 0.413807911417 0.871751162465 0.739140107526 0.0 0.0 0.0 0.0
权利 0.0 0.272142220989 0.105263157895 0.234963252153 0.90498783412 0.807033327042 0.047619047619 0.0 0.0 0.0
该剧 0.0 0.220855671214 0.263157894737 0.189856580675 0.963435123878 0.671561254596 0.0 0.0 0.0 0.0
新浪+娱乐 0.0 0.133742747352 0.473684210526 0.0483423721601 0.72007076839 0.0507104075505 0.0 0.5 1.0 0.333333333333
娱乐+讯 0.0 0.133742747352 0.315789473684 0.0483423721601 0.72007076839 0.113085245347 0.0 0.5 0.0 0.333333333333
讯+北京 0.0 0.0980863559229 0.315789473684 0.170322264212 0.642437018559 0.0644065937213 0.0 0.5 0.0 0.666666666667
北京+时间 0.0 0.108555687851 0.473684210526 0.125925076835 0.758292276677 0.241151042245 0.0 0.5 1.0 0.666666666667
黑客+组织 2.0 0.130971201094 0.473684210526 0.805269745139 0.679317807318 0.354600537777 0.0 0.5 1.0 0.666666666667
维斯特洛+大陆 0.0 0.165631453136 0.789473684211 0.21611143549 0.900290515359 0.403809718469 0.0 0.5 1.0 0.666666666667
这部+剧 0.0 0.138553586767 0.315789473684 0.29652042491 0.92605768864 0.427742404746 0.0 0.5 0.0 0.333333333333
权力+游戏 0.0 0.110217313032 0.473684210526 0.101394249925 0.719795080888 0.263178429497 0.0119047619048 0.5 1.0 0.666666666667
媒体+报道 0.0 0.126740351623 0.473684210526 0.0961049074457 0.7261869618 0.106720650842 0.0 0.5 0.0 0.666666666667
国外+媒体 0.0 0.0850245414923 0.473684210526 0.169889968373 0.658249201544 0.00916327188412 0.0 0.5 1.0 0.666666666667
台湾+媒体 0.0 0.0850245414923 0.473684210526 0.22702788613 0.581382367193 0.0126927396605 0.0 0.5 1.0 0.666666666667
部+电影 0.0 0.126235897276 0.315789473684 0.330401067528 0.653427048887 0.409435417085 0.0 0.5 0.0 0.333333333333
游戏+公司 2.0 0.168810480428 0.473684210526 0.708482216475 0.53176911963 0.410702693928 0.0119047619048 0.5 1.0 0.666666666667
收视+人数 3.0 0.262062868256 0.473684210526 0.718750809136 0.2746788364 0.471906493021 0.0 0.5 1.0 0.333333333333
黑客+袭击 3.0 0.108605016347 0.473684210526 0.775689635964 0.613039015578 0.411181971651 0.0238095238095 0.5 1.0 0.333333333333
黄+老板 3.0 0.376260114695 0.315789473684 0.509302638742 0.659691781496 0.496069080541 0.047619047619 0.5 1.0 0.333333333333
兰尼斯特+家族 1.0 0.116788713949 0.789473684211 0.364554591662 0.836921136545 0.380581352499 0.0 0.5 1.0 0.666666666667
乔治·+R 0.0 0.0944142289124 0.315789473684 0.27764437445 0.954927690891 0.132144836658 0.0 0.5 1.0 0.333333333333
数据+显示 0.0 0.0898722046503 0.473684210526 0.227700939535 0.735897268835 0.205076493351 0.0 0.5 1.0 0.333333333333
场+戏 0.0 0.276248417524 0.157894736842 0.326814872402 0.868381206886 0.448641744408 0.0 0.5 0.0 0.333333333333
受+欢迎 0.0 0.0950238411312 0.315789473684 0.0505777705533 0.823451443063 0.35179705228 0.0 0.5 0.0 0.0
网络+安全 1.0 0.0844894632222 0.473684210526 0.853817940403 0.512614674403 0.272665601461 0.0 0.5 0.0 0.333333333333
史塔克+家族 2.0 0.10590627754 0.631578947368 0.296271931798 0.87958969292 0.324403514112 0.0 0.5 1.0 0.666666666667
史密斯+先生 0.0 0.101327721052 0.631578947368 0.724852831051 0.594427435916 0.234473386516 0.0 0.5 1.0 0.666666666667
HBO+电视网 0.0 0.101327721052 0.473684210526 0.201150070563 0.884629362881 0.283358726404 0.0 0.5 1.0 0.333333333333
游族+网络 2.0 0.38810304553 0.473684210526 0.798649374744 0.453443619223 0.322396472641 0.0357142857143 0.5 1.0 0.666666666667
中国+游戏 3.0 0.141603841097 0.473684210526 0.851116142776 0.344537875178 0.259369794715 0.0119047619048 0.5 1.0 0.666666666667
影视+IP 0.0 0.143637343983 0.263157894737 0.728426261297 0.264533058243 0.429813692377 0.0 0.5 1.0 0.0
新浪+娱乐+讯 0.0 0.133742747352 0.684210526316 0.0483423721601 0.72007076839 0.0507104075505 0.0 1.0 0.0 0.666666666667
娱乐+讯+北京 0.0 0.0940471127751 0.684210526316 0.158163659863 0.642189595444 0.0 0.0 1.0 0.0 0.666666666667
讯+北京+时间 0.0 0.0980863559229 0.684210526316 0.170322264212 0.642437018559 0.0644065937213 0.0 1.0 0.0 1.0
权利+的+游戏 0.0 0.212777184918 0.684210526316 0.158225780983 0.903262575913 0.222948205745 0.0952380952381 1.0 0.0 0.333333333333
北境+之+王 2.0 0.0894634249707 0.526315789474 0.318083404536 0.838044666829 0.25231500058 0.0 1.0 0.0 0.666666666667
国外+媒体+报道 0.0 0.0799899675089 0.842105263158 0.162686339845 0.644317352593 0.0 0.0 1.0 0.0 1.0
讯+据+台湾 0.0 0.0799899675089 0.526315789474 0.236121241837 0.543891187659 0.0 0.0 1.0 0.0 0.666666666667
台湾+媒体+报道 0.0 0.0850245414923 0.842105263158 0.22702788613 0.581382367193 0.0126927396605 0.0 1.0 0.0 1.0
冰+与+火 0.0 0.371610734495 0.368421052632 0.0982241705212 0.97336978787 0.303203444446 0.0357142857143 1.0 0.0 0.333333333333
火+之+歌 0.0 0.35387531811 0.368421052632 0.0963123833354 0.969847003681 0.0355502556841 0.0238095238095 1.0 0.0 0.333333333333
班尼奥夫+和+威斯 0.0 0.252612622805 1.0 1.0 0.0 0.187472016522 0.0 1.0 0.0 0.666666666667
