这种 0.0 0.0910627193331 0.0645161290323 0.404082040035 0.929119305267 0.672261548389 0.0 0.0 0.0 0.0
陕西+榆林 2.0 0.0406926329885 0.290322580645 0.114993595682 0.983139120354 0.289920664626 0.0597014925373 0.5 1.0 0.666666666667
陕西+榆林市 2.0 0.040105171588 0.387096774194 0.437447221447 0.913802079355 0.116367632924 0.0 0.5 1.0 0.666666666667
医院+绥德院区 2.0 0.0714745584897 0.483870967742 0.210673641644 0.947334874104 0.239905419454 0.0 0.5 0.0 0.666666666667
产妇+马茸茸 3.0 0.0773354982636 0.387096774194 0.767843546499 0.83127357487 0.36500475732 0.0298507462687 0.5 1.0 0.666666666667
拒绝+剖宫产 2.0 0.037460305426 0.387096774194 0.31443857128 0.853260600179 0.341431053779 0.0 0.5 0.0 0.0
难+忍 0.0 0.0562463985004 0.0967741935484 0.307032388771 0.938743016834 0.284971353393 0.0149253731343 0.5 1.0 0.0
忍+疼痛 0.0 0.0266479459385 0.193548387097 0.405050955343 0.886262653466 0.0921555070558 0.0 0.5 0.0 0.0
产妇+家属 2.0 0.0626709805884 0.290322580645 0.311847648867 0.927439556033 0.456824747137 0.0149253731343 0.5 1.0 0.666666666667
提出+剖宫产 0.0 0.038655624155 0.387096774194 0.299232782133 0.886566008455 0.172347434743 0.0 0.5 1.0 0.0
双方+各执一词 3.0 0.00693765810551 0.483870967742 0.110322262945 0.836050887218 0.12030599948 0.0 0.5 1.0 0.333333333333
家属+提出 0.0 0.024544322532 0.290322580645 0.438577490079 0.81613209575 0.104329044091 0.0 0.5 1.0 0.333333333333
丈夫+延壮壮 3.0 0.0459016129686 0.387096774194 0.384089198281 0.772136079169 0.332490376398 0.0 0.5 1.0 0.666666666667
选择+顺产 0.0 0.0337516008595 0.290322580645 0.578366130002 0.755111612229 0.204182917136 0.0 0.5 1.0 0.333333333333
医生+检查 0.0 0.0144677276737 0.290322580645 0.385557490373 0.777586126576 0.211495900493 0.0 0.5 1.0 0.333333333333
进入+待产室 0.0 0.0325385767796 0.387096774194 0.344717664777 0.83909464645 0.127407411963 0.0 0.5 1.0 0.333333333333
待产室+待产 0.0 0.00135278648108 0.387096774194 0.543002675454 0.444944904837 0.0416312568653 0.0 0.5 0.0 0.333333333333
分娩+中心 0.0 0.24125338637 0.290322580645 0.364479831517 0.84445483883 0.463517916903 0.0 0.5 1.0 0.333333333333
次+走 0.0 0.0556638966928 0.0967741935484 0.418393522102 0.855812648959 0.243865789096 0.0 0.5 0.0 0.0
医务+人员 0.0 0.0796706786967 0.290322580645 0.284583908474 0.887805780545 0.381100808406 0.0 0.5 1.0 0.333333333333
抢救+无效 0.0 0.0537220687115 0.290322580645 0.542517493377 0.821360492775 0.081963431236 0.0 0.5 1.0 0.0
跳楼+自杀 1.0 0.0417097804783 0.290322580645 0.205242283548 0.912209691886 0.306934310285 0.044776119403 0.5 1.0 0.0
自杀+身亡 1.0 0.0123831654351 0.290322580645 0.107991224309 0.802603040972 0.125793089516 0.0149253731343 0.5 0.0 0.0
院方+称 0.0 0.00370408756222 0.193548387097 0.53546490918 0.789344814261 0.128240276929 0.0 0.5 1.0 0.333333333333
建议+剖宫产 0.0 0.023322020315 0.387096774194 0.368158076532 0.826775820183 0.142824418068 0.0 0.5 0.0 0.333333333333
护理+记录单 0.0 0.0610165052564 0.387096774194 0.43344808675 0.86064922075 0.331385805519 0.0 0.5 1.0 0.333333333333
家属+同意 0.0 0.0596690610342 0.290322580645 0.275830261474 0.877001820127 0.33894472445 0.0 0.5 1.0 0.333333333333
无权+改变 0.0 0.031377918045 0.290322580645 0.419613783978 0.812525805702 0.020846618337 0.0 0.5 1.0 0.0
改变+生产方式 0.0 0.031377918045 0.483870967742 0.419613783978 0.812525805702 0.020846618337 0.0 0.5 0.0 0.0
医护+人员 0.0 0.0969025042426 0.290322580645 0.234775988175 0.950066790248 0.420288768201 0.0149253731343 0.5 1.0 0.333333333333
监控+视频 2.0 0.0648148633999 0.290322580645 0.17749933152 0.953613489859 0.429119729971 0.044776119403 0.5 1.0 0.333333333333
同意+剖宫产 0.0 0.0141378099081 0.387096774194 0.251565634309 0.855087303704 0.288060935005 0.0 0.5 0.0 0.0
进行+剖宫产 0.0 0.0212539182402 0.387096774194 0.249750368245 0.894708824368 0.376118824523 0.0149253731343 0.5 1.0 0.0
要求+剖宫产 0.0 0.066924933559 0.387096774194 0.323657450967 0.879272577676 0.212578843242 0.0 0.5 1.0 0.0
家属+表示 0.0 0.0208971042599 0.290322580645 0.237195810708 0.9318020028 0.189071640332 0.0 0.5 1.0 0.333333333333
表示+理解 0.0 0.00946412673677 0.290322580645 0.613765943877 0.759195893831 0.0412375476962 0.0 0.5 0.0 0.0
拒绝+手术 0.0 0.0573692869839 0.290322580645 0.512905921138 0.829899659976 0.179698286425 0.0 0.5 1.0 0.0
家属+拒绝 0.0 0.0568706351132 0.290322580645 0.254994170078 0.919575731305 0.287407094424 0.0 0.5 1.0 0.333333333333
家属+称 0.0 0.0163794605495 0.193548387097 0.506677515944 0.814273244266 0.173754714319 0.0 0.5 1.0 0.333333333333
名+产妇 0.0 0.00844082669647 0.193548387097 0.382644887334 0.781383370393 0.155253956033 0.0 0.5 0.0 0.333333333333
备用+手术室 0.0 0.0909398815436 0.387096774194 0.331773160576 0.82348840984 0.332490212189 0.0 0.5 1.0 0.333333333333
榆林+市委 1.0 0.0135972817119 0.290322580645 0.348188999063 0.653727089906 0.0879518171953 0.0 0.5 1.0 0.666666666667
孕妇+坠楼 2.0 0.0982914217935 0.290322580645 0.433269216655 0.777075592518 0.298670892947 0.0149253731343 0.5 1.0 0.666666666667
符合+诊疗 0.0 0.039203989641 0.290322580645 0.320629570669 0.647805695411 0.0784591291593 0.0 0.5 0.0 0.0
诊疗+规范 0.0 0.039203989641 0.290322580645 0.320629570669 0.647805695411 0.053198752463 0.0 0.5 1.0 0.333333333333
绥德院区+主要 0.0 0.0187009822831 0.483870967742 0.506840156321 0.452304572236 0.0643172504857 0.0 0.5 0.0 0.333333333333
主要+负责人 1.0 0.0254110848033 0.387096774194 0.506840156321 0.452304572236 0.0767420870076 0.0149253731343 0.5 1.0 0.333333333333
妇产科+主任 2.0 0.0278836263041 0.387096774194 0.328111960098 0.640819757705 0.108196069061 0.0149253731343 0.5 1.0 0.666666666667
主任+停职 2.0 0.0203915951905 0.290322580645 0.415552444048 0.601561000502 0.0368573305246 0.0 0.5 0.0 0.333333333333
生产+过程 0.0 0.0206980941139 0.290322580645 0.29614578056 0.890566395838 0.223135898794 0.0 0.5 1.0 0.333333333333
坠楼+事件 2.0 0.159545703379 0.290322580645 0.104131637427 0.90071525165 0.37842454956 0.238805970149 0.5 1.0 0.666666666667
分娩+过程 0.0 0.0220156517487 0.290322580645 0.354986858041 0.779839365766 0.315568326117 0.0 0.5 1.0 0.333333333333
事件+调查 3.0 0.0731663737865 0.290322580645 0.466279447606 0.621779663195 0.147170487579 0.044776119403 0.5 0.0 0.333333333333
痛+分娩 0.0 0.150611274673 0.193548387097 0.272548605507 0.905161837821 0.360331560657 0.0298507462687 0.5 1.0 0.0
分娩+镇痛 0.0 0.356490201405 0.290322580645 0.48221780195 0.858448352479 0.485332647482 0.0 0.5 1.0 0.0
财经+记者 0.0 0.0804587031971 0.290322580645 1.0 0.0 0.174964741622 0.0 0.5 0.0 0.666666666667
专科+医院 0.0 0.0589822455116 0.290322580645 1.0 0.0 0.295763876486 0.0 0.5 1.0 0.666666666667
麻醉+医生 0.0 0.107944589144 0.290322580645 0.336075546407 0.820418958974 0.41325655718 0.0 0.5 1.0 0.333333333333
无痛+分娩 0.0 0.0141378099081 0.290322580645 0.268630644143 0.830845921633 0.330761978171 0.0 0.5 1.0 0.0
生+孩子 0.0 0.102098141596 0.193548387097 0.265975191013 0.878358540796 0.405957255745 0.0 0.5 1.0 0.333333333333
广泛+关注 0.0 0.0135972817119 0.290322580645 0.331583126232 0.745373392523 0.114339840922 0.0 0.5 1.0 0.0
国家+卫计委 2.0 0.0113033523608 0.387096774194 0.0679961071967 0.792026578163 0.163467078805 0.0746268656716 0.5 1.0 0.333333333333
医院+妇产科 2.0 0.0113033523608 0.387096774194 0.31673471723 0.897786903426 0.336377275715 0.0149253731343 0.5 1.0 0.666666666667
妇产科+副 0.0 0.027387783234 0.290322580645 0.283140766953 0.898762240441 0.241584857149 0.0149253731343 0.5 0.0 0.333333333333
记者+表示 0.0 0.00398976590874 0.290322580645 0.622351463511 0.779896277444 0.171301704115 0.0 0.5 0.0 0.333333333333
媒体+采访 0.0 0.0361797670592 0.290322580645 0.192057362448 0.831288103616 0.294070223583 0.0 0.5 1.0 0.333333333333
采访+时 0.0 0.0316981905931 0.193548387097 0.390170066267 0.939306923604 0.298957749956 0.0 0.5 0.0 0.333333333333
原+标题 0.0 0.0180513115435 0.193548387097 0.153242581614 0.974119769288 0.207630078976 0.0 0.5 1.0 0.333333333333
建议+剖腹产 0.0 0.0301299016126 0.387096774194 0.414561860664 0.844300770444 0.271552543688 0.0 0.5 1.0 0.333333333333
涉+事 0.0 0.0358209825128 0.0967741935484 0.415163288561 0.900536948796 0.268585860203 0.044776119403 0.5 1.0 0.333333333333
官方+微博 2.0 0.0193844426172 0.290322580645 0.428831951136 0.830400260132 0.282866234342 0.0 0.5 1.0 0.666666666667
主管+医生 2.0 0.0462123122456 0.290322580645 0.532860554934 0.79608349528 0.11396870259 0.0 0.5 1.0 0.333333333333
科+主任 0.0 0.0228885708001 0.193548387097 0.496424433779 0.801973948598 0.0130452653399 0.0 0.5 1.0 0.666666666667
监控+画面 2.0 0.0464982368306 0.290322580645 0.148938593047 0.837125800759 0.237818559508 0.0149253731343 0.5 1.0 0.333333333333
情况+说明 0.0 0.0464982368306 0.290322580645 0.541619434096 0.809638593577 0.273084510277 0.0 0.5 1.0 0.333333333333
疼痛+难 0.0 0.0628784057215 0.193548387097 0.354058878456 0.923011583557 0.287741861356 0.0149253731343 0.5 0.0 0.0
产程+记录 0.0 0.0387304849593 0.290322580645 0.44830130069 0.803178422833 0.158186835834 0.0 0.5 1.0 0.666666666667
显示+产妇 0.0 0.00774219342069 0.290322580645 0.0983091109848 0.741465168209 0.19081444931 0.0 0.5 0.0 0.333333333333
副+主任 0.0 0.0406626320862 0.193548387097 0.31574602747 0.870367465033 0.261724379395 0.0149253731343 0.5 1.0 0.333333333333
家属+沟通 0.0 0.0573692869839 0.290322580645 0.399268296946 0.883256666863 0.217407723774 0.0 0.5 0.0 0.333333333333
做+剖腹产 0.0 0.0682030633219 0.290322580645 0.438993307822 0.877859755219 0.294844256023 0.0 0.5 1.0 0.0
医院+官方 0.0 0.0144677276737 0.290322580645 0.55014194953 0.745209853529 0.185594867889 0.0 0.5 1.0 0.666666666667
媒体+报道 0.0 0.0058275455105 0.290322580645 0.209210702684 0.862134754652 0.146419591214 0.0 0.5 1.0 0.333333333333
产妇+丈夫 2.0 0.0324521414958 0.290322580645 0.398649165408 0.875105582842 0.326050733683 0.0149253731343 0.5 1.0 0.666666666667
产妇+跳楼 2.0 0.0491570886241 0.290322580645 0.280725482625 0.978811113083 0.393113561773 0.268656716418 0.5 1.0 0.333333333333
责任+编辑 0.0 0.0184194640123 0.290322580645 0.109533621824 0.955318545834 0.186843705767 0.0 0.5 1.0 0.333333333333
坠楼+产妇 2.0 0.0218635916624 0.290322580645 0.183480107428 0.918351973286 0.300581153591 0.10447761194 0.5 1.0 0.666666666667
绥德院区+妇产科 2.0 0.0759282976855 0.58064516129 0.290579499847 0.900629410394 0.218479685122 0.0 0.5 1.0 0.666666666667
死者+马 0.0 0.00135278648108 0.193548387097 0.0 0.585828041669 0.0878249712296 0.0 0.5 1.0 0.666666666667
系+跳楼 0.0 0.0123831654351 0.193548387097 0.150438930819 0.785782269888 0.0769760274982 0.0 0.5 0.0 0.0
显示+胎儿 0.0 0.00370408756222 0.290322580645 0.051841113393 0.533848767267 0.0468178239181 0.0 0.5 0.0 0.333333333333
胎儿+各项 0.0 0.00135278648108 0.290322580645 0.0311183001731 0.479736991928 0.0244113988463 0.0 0.5 0.0 0.333333333333
各项+指标 0.0 0.00135278648108 0.290322580645 0.0311183001731 0.479736991928 0.0207778300255 0.0 0.5 0.0 0.333333333333
知情+同意 0.0 0.133873447104 0.290322580645 0.40624643457 0.876049157131 0.306128308041 0.0 0.5 1.0 0.0
同意+书 0.0 0.120267062412 0.193548387097 0.405348382946 0.88341425494 0.264403151577 0.0 0.5 1.0 0.333333333333
监控+录像 2.0 0.0254110848033 0.290322580645 0.442157283045 0.535355144573 0.161294310731 0.0 0.5 1.0 0.333333333333
家属+要求 0.0 0.0293710777126 0.290322580645 0.314419095019 0.866040514494 0.128611866087 0.0 0.5 1.0 0.333333333333
要求+剖腹产 0.0 0.023322020315 0.387096774194 0.284078179956 0.92351547145 0.248712276217 0.0 0.5 1.0 0.0
接受+媒体 0.0 0.0180051983097 0.290322580645 0.187938211872 0.755482501547 0.245239222925 0.0 0.5 0.0 0.333333333333
马茸茸+坠楼 3.0 0.0315544435898 0.387096774194 0.958925744477 0.611172432261 0.198742279745 0.0 0.5 1.0 0.666666666667
医院+发布 0.0 0.00844082669647 0.290322580645 0.366612069805 0.769926183975 0.136038907217 0.0 0.5 1.0 0.333333333333
坚持+顺产 0.0 0.0624933561981 0.290322580645 0.323850575821 0.828045054805 0.164205030769 0.0 0.5 1.0 0.333333333333
产妇+住院 0.0 0.039092467791 0.290322580645 0.350114118929 0.842435581422 0.162078472157 0.0 0.5 1.0 0.333333333333
住院+知情 0.0 0.0451504743417 0.290322580645 0.375400745216 0.837950431734 0.122852329742 0.0 0.5 1.0 0.0
拒绝+剖腹产 0.0 0.0466098955001 0.387096774194 0.297676698177 0.879562873153 0.36322086838 0.0149253731343 0.5 0.0 0.0
北京+青年报 0.0 0.0149676137205 0.387096774194 0.291361709136 0.865996338102 0.278319549951 0.0 0.5 1.0 0.666666666667
事+医院 0.0 0.0124714282077 0.193548387097 0.410216840684 0.825478919088 0.231245576365 0.044776119403 0.5 0.0 0.666666666667
调查+处置 2.0 0.0595657961933 0.290322580645 0.717215263106 0.463549580608 0.0375316382186 0.0 0.5 1.0 0.0
处置+领导 2.0 0.0595657961933 0.290322580645 0.717215263106 0.463549580608 0.0422874596406 0.0 0.5 0.0 0.0
领导+小组 2.0 0.0941148647083 0.290322580645 0.717215263106 0.463549580608 0.102421412608 0.0 0.5 1.0 0.333333333333
榆林市+卫计局 2.0 0.0427871477852 0.483870967742 0.270010597507 0.921162394551 0.233638429603 0.0149253731343 0.5 1.0 0.666666666667
薄弱+环节 0.0 0.0533602126369 0.290322580645 0.962292312097 0.146104201213 0.110202310549 0.0 0.5 1.0 0.333333333333
妇产科+二病区 0.0 0.0523687024664 0.483870967742 0.395894254551 0.864001756524 0.16675149306 0.0 0.5 1.0 0.666666666667
坠楼+身亡 2.0 0.0293772667997 0.290322580645 0.276912781669 0.862444451608 0.253952238158 0.0 0.5 1.0 0.333333333333
事件+发生 0.0 0.00844082669647 0.290322580645 0.403397105979 0.845433039762 0.157503446438 0.0 0.5 1.0 0.333333333333
高度+重视 0.0 0.0251873444319 0.290322580645 0.403221281893 0.861542303506 0.139230728345 0.0 0.5 1.0 0.333333333333
榆林市+绥德 1.0 0.0552471626289 0.387096774194 0.717215263106 0.463549580608 0.182146041135 0.0 0.5 1.0 0.666666666667
公安+部门 0.0 0.0379726283713 0.290322580645 0.328713525364 0.873619325254 0.280947021325 0.0 0.5 1.0 0.666666666667
深入+调查 0.0 0.00946412673677 0.290322580645 0.638386272101 0.53924807904 0.140709507872 0.0 0.5 1.0 0.0
家属+签字 2.0 0.0682566380268 0.290322580645 0.379430549907 0.927159595825 0.387210900466 0.0 0.5 1.0 0.333333333333
紧急+情况 0.0 0.0741023864527 0.290322580645 0.340604068317 0.909228051569 0.279381012348 0.0 0.5 1.0 0.333333333333
安全+管理 0.0 0.0242858539075 0.290322580645 0.962292312097 0.146104201213 0.14631386758 0.0 0.5 0.0 0.0
院+绥德院区 0.0 0.0161476771933 0.387096774194 0.394656974669 0.477928437885 0.0854246948446 0.0 0.5 0.0 0.666666666667
妥善+处理 0.0 0.0336539948071 0.290322580645 0.717215263106 0.463549580608 0.147474184504 0.0 0.5 1.0 0.0
善后+事宜 2.0 0.0058275455105 0.290322580645 0.709751380622 0.473529080338 0.0963071984331 0.0 0.5 1.0 0.666666666667
精心+做好 0.0 0.00370408756222 0.290322580645 0.702411726324 0.484560345185 0.0135106923838 0.0 0.5 1.0 0.0
做好+家属 0.0 0.0058275455105 0.290322580645 0.709751380622 0.473529080338 0.0165670240002 0.0 0.5 0.0 0.333333333333
家属+心理 0.0 0.0058275455105 0.290322580645 0.709751380622 0.473529080338 0.0165670240002 0.0 0.5 1.0 0.666666666667
心理+安抚 0.0 0.0058275455105 0.290322580645 0.709751380622 0.473529080338 0.0165670240002 0.0 0.5 0.0 0.333333333333
坠亡+事件 2.0 0.0058275455105 0.290322580645 0.711259831888 0.451521728699 0.0135106923838 0.0 0.5 1.0 0.333333333333
严肃+处理 0.0 0.0638844297577 0.290322580645 0.415792561713 0.769596672483 0.138834545761 0.0597014925373 0.5 1.0 0.0
认真+调查 0.0 0.0503726706546 0.290322580645 0.526934487551 0.700053441036 0.148067859699 0.0 0.5 1.0 0.0
调查+讨论 0.0 0.0162786353004 0.290322580645 0.829020409719 0.377394760904 0.0342107189799 0.0 0.5 0.0 0.0
产妇+入院 0.0 0.0391331956218 0.290322580645 0.33049370116 0.747317168404 0.193265776988 0.0 0.5 1.0 0.333333333333
入院+诊断 2.0 0.0308095278797 0.290322580645 0.378433674658 0.610605550359 0.0979735988726 0.0 0.5 1.0 0.0
诊断+明确 0.0 0.0301299016126 0.290322580645 0.422087684954 0.566211008098 0.0556736314679 0.0 0.5 0.0 0.0
告知+手续 0.0 0.0308095278797 0.290322580645 0.408073895395 0.58318859828 0.0229848047527 0.0 0.5 0.0 0.333333333333
手续+完善 0.0 0.0308095278797 0.290322580645 0.408073895395 0.58318859828 0.0211175774381 0.0 0.5 1.0 0.333333333333
诊疗+措施 0.0 0.0347700064196 0.290322580645 0.408073895395 0.58318859828 0.0428543961967 0.0 0.5 0.0 0.333333333333
措施+合理 0.0 0.0347700064196 0.290322580645 0.408073895395 0.58318859828 0.0428543961967 0.0 0.5 0.0 0.333333333333
抢救+过程 0.0 0.0301299016126 0.290322580645 0.422087684954 0.566211008098 0.0135106923838 0.0 0.5 0.0 0.333333333333
过程+符合 0.0 0.0301299016126 0.290322580645 0.422087684954 0.566211008098 0.0135106923838 0.0 0.5 0.0 0.333333333333
规范+要求 0.0 0.0301299016126 0.290322580645 0.422087684954 0.566211008098 0.0135106923838 0.0 0.5 0.0 0.333333333333
跳楼+事件 2.0 0.0595298021309 0.290322580645 0.289924647944 0.943039206788 0.349249662836 0.149253731343 0.5 1.0 0.333333333333
医院+相关 0.0 0.0427804138942 0.290322580645 0.420114637271 0.748387982717 0.138418648735 0.0 0.5 0.0 0.333333333333
相关+工作 0.0 0.0301299016126 0.290322580645 0.422087684954 0.566211008098 0.0335885690622 0.0 0.5 1.0 0.0
工作+人员 0.0 0.0454691239823 0.290322580645 0.214364149745 0.877144846811 0.219355990377 0.0 0.5 1.0 0.333333333333
人员+防范 0.0 0.0301299016126 0.290322580645 0.422087684954 0.566211008098 0.0214117442217 0.0 0.5 0.0 0.333333333333
防范+突发 0.0 0.0301299016126 0.290322580645 0.422087684954 0.566211008098 0.0302239513673 0.0 0.5 0.0 0.0
突发+事件 0.0 0.0301299016126 0.290322580645 0.422087684954 0.566211008098 0.0302239513673 0.0 0.5 1.0 0.333333333333
国家+卫 0.0 0.0406626320862 0.193548387097 0.20221534536 0.720354024352 0.154667687424 0.0 0.5 1.0 0.333333333333
卫+计委 0.0 0.0411550499991 0.193548387097 0.112996429708 0.768471861605 0.225571052446 0.0149253731343 0.5 0.0 0.0
表示+深切 0.0 0.00135278648108 0.290322580645 0.344242127455 0.912284415521 0.153660784872 0.0 0.5 0.0 0.0
卫生+计生 0.0 0.0239034083195 0.290322580645 0.264236274399 0.823695164255 0.109838182204 0.0 0.5 0.0 0.0
计生+部门 0.0 0.0239034083195 0.290322580645 0.264236274399 0.823695164255 0.110368418826 0.0 0.5 0.0 0.333333333333
部门+认真 0.0 0.0212539182402 0.290322580645 0.410123089606 0.799163815671 0.0497151640567 0.0 0.5 0.0 0.333333333333
调查+核实 1.0 0.0197067085564 0.290322580645 0.388818023952 0.804634939464 0.0135106923838 0.0 0.5 0.0 0.0
规+严肃 0.0 0.0312044841196 0.193548387097 0.410123089606 0.799163815671 0.0334311686632 0.0298507462687 0.5 0.0 0.333333333333
视频+截图 0.0 0.0124714282077 0.290322580645 0.361685342528 0.850296558678 0.269334583426 0.0 0.5 1.0 0.666666666667
坠+亡 1.0 0.0162786353004 0.0967741935484 0.204699167136 0.862865157939 0.281220966373 0.0597014925373 0.5 1.0 0.0
身亡+事件 1.0 0.0103465112128 0.290322580645 0.381774718666 0.913340190738 0.198337143428 0.0149253731343 0.5 0.0 0.333333333333
手术室+跳楼 0.0 0.0179143049652 0.387096774194 0.415359146469 0.761607333858 0.122786473446 0.0 0.5 0.0 0.333333333333
跳楼+身亡 2.0 0.0907034099935 0.290322580645 0.36146615768 0.92477935139 0.321984665961 0.044776119403 0.5 1.0 0.0
进入+分娩 0.0 0.0315544435898 0.290322580645 0.588279921906 0.583532823688 0.164420339518 0.0 0.5 0.0 0.0
生命+体征 0.0 0.00370408756222 0.290322580645 0.42814600366 0.470461437419 0.0368573305246 0.0 0.5 1.0 0.666666666667
疼痛+烦躁 0.0 0.0208971042599 0.290322580645 0.353360204758 0.84444040226 0.0479713618343 0.0 0.5 0.0 0.0
烦躁+不安 0.0 0.0239467486408 0.290322580645 0.314827780425 0.868676726907 0.0507251803136 0.0 0.5 0.0 0.0
剖宫产+建议 2.0 0.0208971042599 0.387096774194 0.353360204758 0.84444040226 0.0246014076693 0.0 0.5 1.0 0.333333333333
导致+情绪 0.0 0.0199810664792 0.290322580645 0.446537704843 0.835635289906 0.0135106923838 0.0 0.5 0.0 0.333333333333
情绪+失控 0.0 0.0420321237665 0.290322580645 0.465294878719 0.868545517589 0.150598973605 0.0 0.5 1.0 0.333333333333
失控+跳楼 1.0 0.0228901509935 0.290322580645 0.464296942281 0.867760501749 0.0779546395604 0.0 0.5 0.0 0.0
介入+调查 0.0 0.0206980941139 0.290322580645 0.516253387334 0.869292343992 0.229890941018 0.0 0.5 1.0 0.0
产妇+马 0.0 0.0826499624484 0.193548387097 0.592319579488 0.53727210081 0.177277469332 0.0 0.5 1.0 0.666666666667
B+超 0.0 0.016182115957 0.0322580645161 0.319675689713 0.77745106712 0.142988225811 0.0 0.5 0.0 0.0
超+显示 0.0 0.00370408756222 0.193548387097 0.557475023062 0.49631042174 0.0401774949891 0.0 0.5 0.0 0.0
产妇+顺产 0.0 0.00370408756222 0.290322580645 0.419441793912 0.819586614434 0.215578368578 0.0 0.5 1.0 0.666666666667
准+妈妈 0.0 0.0512078189226 0.193548387097 0.516015617685 0.870705574918 0.404461489396 0.0149253731343 0.5 1.0 0.333333333333
副+组长 0.0 0.00398976590874 0.193548387097 0.713609322716 0.433110076486 0.106328306244 0.0 0.5 1.0 0.333333333333
跳楼+产妇 0.0 0.0206980941139 0.290322580645 0.463194729271 0.909331916683 0.319771788284 0.089552238806 0.5 1.0 0.333333333333
医院+诊疗 0.0 0.0354236512037 0.290322580645 0.41415772796 0.796169877209 0.289360234748 0.089552238806 0.5 0.0 0.333333333333
新京报+记者 0.0 0.103383449474 0.387096774194 0.497014160458 0.603715718767 0.174023030331 0.0 0.5 1.0 0.666666666667
次+拒绝 0.0 0.00632806942093 0.193548387097 0.480274712001 0.813884965871 0.156711021165 0.0149253731343 0.5 0.0 0.0
二病区+坠楼 0.0 0.0144677276737 0.387096774194 0.871865444583 0.31656028001 0.0275432292279 0.0 0.5 0.0 0.666666666667
医院+诊查 0.0 0.00135278648108 0.290322580645 0.829728402576 0.372147371748 0.0384243339764 0.0 0.5 0.0 0.333333333333
产妇+各项 0.0 0.00135278648108 0.290322580645 0.627375741236 0.413757146119 0.0223339443593 0.0 0.5 0.0 0.333333333333
各项+体征 0.0 0.00135278648108 0.290322580645 0.627375741236 0.413757146119 0.0223339443593 0.0 0.5 0.0 0.333333333333
体征+正常 0.0 0.00135278648108 0.290322580645 0.627375741236 0.413757146119 0.0223339443593 0.0 0.5 0.0 0.333333333333
分娩+指征 0.0 0.00135278648108 0.290322580645 0.627375741236 0.413757146119 0.0135106923838 0.0 0.5 0.0 0.0
胎儿+头部 0.0 0.0267572468015 0.290322580645 0.412562601578 0.832254992251 0.178909264227 0.0 0.5 1.0 0.666666666667
存在+难产 0.0 0.00135278648108 0.290322580645 0.627375741236 0.413757146119 0.0135106923838 0.0 0.5 0.0 0.0
难产+风险 0.0 0.00370408756222 0.290322580645 0.603796721821 0.457506756069 0.0418903206661 0.0 0.5 1.0 0.333333333333
医生+建议 0.0 0.0146748605249 0.290322580645 0.301740295285 0.832470245386 0.146407644693 0.0 0.5 1.0 0.666666666667
剖宫产+终止 0.0 0.00370408756222 0.387096774194 0.603796721821 0.457506756069 0.0135106923838 0.0 0.5 1.0 0.0
终止+妊娠 0.0 0.0206441068301 0.290322580645 0.418183296246 0.839070012924 0.0713642066299 0.0 0.5 0.0 0.0
家属+选择 0.0 0.0058275455105 0.290322580645 0.526255924155 0.590456862343 0.0464844073857 0.0 0.5 1.0 0.333333333333
签字+确认 0.0 0.0170853191644 0.290322580645 0.429019021444 0.823612431851 0.12013861209 0.0 0.5 0.0 0.0
产妇+进入 0.0 0.0293710777126 0.290322580645 0.392143700316 0.820577792529 0.118258465386 0.0 0.5 1.0 0.333333333333
家属+交流 0.0 0.00135278648108 0.290322580645 0.704414085484 0.496623776742 0.0685276587236 0.0 0.5 0.0 0.333333333333
人员+发现 0.0 0.00135278648108 0.290322580645 0.627375741236 0.413757146119 0.0259675131801 0.0 0.5 0.0 0.333333333333
备用+手术 0.0 0.00135278648108 0.290322580645 0.627375741236 0.413757146119 0.0259675131801 0.0 0.5 1.0 0.0
手术+间 0.0 0.00135278648108 0.193548387097 0.627375741236 0.413757146119 0.0135106923838 0.0 0.5 0.0 0.0
间+窗口 0.0 0.00135278648108 0.193548387097 0.627375741236 0.413757146119 0.0135106923838 0.0 0.5 0.0 0.333333333333
窗口+坠 0.0 0.00135278648108 0.193548387097 0.627375741236 0.413757146119 0.0135106923838 0.0 0.5 0.0 0.333333333333
组织+抢救 0.0 0.00135278648108 0.290322580645 0.627375741236 0.413757146119 0.0135106923838 0.0 0.5 0.0 0.333333333333
告知+家属 0.0 0.00135278648108 0.290322580645 0.627375741236 0.413757146119 0.0135106923838 0.0 0.5 0.0 0.333333333333
同意+放弃 0.0 0.00135278648108 0.290322580645 0.627375741236 0.413757146119 0.0135106923838 0.0 0.5 0.0 0.0
放弃+抢救 0.0 0.00135278648108 0.290322580645 0.627375741236 0.413757146119 0.0135106923838 0.0 0.5 1.0 0.0
宣布+临床 0.0 0.00135278648108 0.290322580645 0.627375741236 0.413757146119 0.0259675131801 0.0 0.5 0.0 0.0
临床+死亡 0.0 0.00135278648108 0.290322580645 0.627375741236 0.413757146119 0.0135106923838 0.0 0.5 1.0 0.0
榆林+市政府 3.0 0.0301846703213 0.387096774194 0.672447492899 0.444329723216 0.129078370032 0.0 0.5 1.0 0.666666666667
公安局+负责人 2.0 0.0189280922604 0.483870967742 0.547205763484 0.770712804067 0.146821334395 0.0 0.5 0.0 0.666666666667
坠亡+产妇 2.0 0.049716473548 0.290322580645 0.46167039971 0.871462593556 0.24098878793 0.0 0.5 1.0 0.333333333333
记者+联系 0.0 0.0301299016126 0.290322580645 0.474853585739 0.822436095837 0.14765994325 0.0 0.5 1.0 0.333333333333
北青报+记者 0.0 0.195388821131 0.387096774194 0.397347559441 0.799574334227 0.252159357408 0.0 0.5 1.0 0.666666666667
杨+院长 1.0 0.0124714282077 0.193548387097 0.38941271785 0.779863200379 0.118860351381 0.0 0.5 1.0 0.666666666667
主任+霍军伟 1.0 0.0239034083195 0.387096774194 0.524396530469 0.796172938135 0.188955531402 0.0 0.5 0.0 0.666666666667
处+骨折 0.0 0.00135278648108 0.193548387097 0.505300094181 0.507964185572 0.0532070361658 0.0 0.5 0.0 0.333333333333
告诉+北青报 0.0 0.0454875499703 0.387096774194 0.298795382235 0.702192714137 0.154581612239 0.0 0.5 0.0 0.333333333333
绥德县+公安局 2.0 0.0532206348501 0.483870967742 0.496227109909 0.842860567928 0.282613087283 0.0 0.5 1.0 0.666666666667
马+女士 0.0 0.112673389725 0.193548387097 1.0 0.0 0.291774599645 0.0 0.5 1.0 0.666666666667
护理+记录 0.0 0.0102797026378 0.290322580645 0.637050844871 0.667030332032 0.269537100712 0.0 0.5 1.0 0.333333333333
进+产房 0.0 0.0144677276737 0.193548387097 0.422551185766 0.795736600388 0.305431383314 0.0 0.5 1.0 0.333333333333
次+声明 0.0 0.00632806942093 0.193548387097 0.43314630867 0.813677442249 0.151693772393 0.0 0.5 0.0 0.333333333333
产妇+疼痛 0.0 0.0199810664792 0.290322580645 0.417810186246 0.868183049172 0.176037501675 0.0149253731343 0.5 1.0 0.333333333333
绥德院区+住院部 2.0 0.0189280922604 0.58064516129 0.51396220632 0.862684208684 0.0178835274067 0.0 0.5 1.0 0.666666666667
诊疗+行为 0.0 0.00844082669647 0.290322580645 0.450474180129 0.807361564349 0.199306579414 0.0 0.5 1.0 0.333333333333
配合+调查 0.0 0.0220156517487 0.290322580645 0.499586746235 0.753255980637 0.207290168845 0.0149253731343 0.5 0.0 0.0
记者+采访 0.0 0.0172498859874 0.290322580645 0.419292049317 0.910624670931 0.255161716422 0.0 0.5 1.0 0.333333333333
时+表示 0.0 0.00844082669647 0.193548387097 0.502573467909 0.871187833823 0.140760522663 0.0 0.5 1.0 0.333333333333
法制+晚报 0.0 0.0790919049627 0.290322580645 0.407805215634 0.82672514668 0.277889277441 0.0 0.5 1.0 0.666666666667
待产+孕妇 0.0 0.0446594632634 0.290322580645 0.495177159183 0.898955203921 0.259647039923 0.0149253731343 0.5 1.0 0.333333333333
看法+新闻 0.0 0.0474632154355 0.290322580645 0.462690242975 0.471593422685 0.15132644044 0.0 0.5 1.0 0.666666666667
提出+剖腹产 1.0 0.00135278648108 0.387096774194 0.538002000085 0.804403808557 0.152468725619 0.0 0.5 1.0 0.0
楼+分娩 0.0 0.00922874679119 0.193548387097 0.684501199382 0.751791251916 0.0503013496757 0.0 0.5 0.0 0.333333333333
中心+坠 0.0 0.0179143049652 0.193548387097 0.688775060541 0.766884877787 0.0995716522333 0.0 0.5 0.0 0.333333333333
人员+及时 0.0 0.0329413397239 0.290322580645 0.64465014069 0.766630722304 0.0361071356015 0.0 0.5 0.0 0.333333333333
及时+予以 0.0 0.0284223740216 0.290322580645 0.64465014069 0.766630722304 0.0135106923838 0.0 0.5 1.0 0.0
予以+抢救 0.0 0.0284223740216 0.290322580645 0.64465014069 0.766630722304 0.0135106923838 0.0 0.5 0.0 0.0
伤势+过重 0.0 0.0293353612427 0.290322580645 0.624987738526 0.786058268794 0.0155792593173 0.0 0.5 1.0 0.333333333333
无效+身亡 0.0 0.00398976590874 0.290322580645 0.684501199382 0.751791251916 0.0311571963347 0.0 0.5 1.0 0.0
华商+报 0.0 0.0512078189226 0.193548387097 0.692336583885 0.713418940635 0.280662008184 0.0 0.5 1.0 0.666666666667
公安+机关 0.0 0.0058275455105 0.290322580645 0.493002283517 0.857692913025 0.139662358652 0.0 0.5 1.0 0.666666666667
称+产妇 0.0 0.0545723991185 0.193548387097 0.373088658247 0.874498624017 0.235849199838 0.0 0.5 0.0 0.333333333333
家属+剖腹产 0.0 0.00398976590874 0.387096774194 0.71848079871 0.781225983774 0.209779366027 0.0 0.5 1.0 0.333333333333
撤回+授权 0.0 0.0545723991185 0.290322580645 0.469196882211 0.801681468518 0.17260353033 0.0 0.5 0.0 0.0
医院+无权 0.0 0.0308095278797 0.290322580645 0.469196882211 0.801681468518 0.0135106923838 0.0 0.5 0.0 0.333333333333
需要+剖腹产 0.0 0.013177565831 0.387096774194 0.578325400161 0.878066370573 0.286459996037 0.0 0.5 0.0 0.0
进行+剖腹产 0.0 0.0387304849593 0.387096774194 0.470285971337 0.833326194266 0.337881731622 0.0 0.5 1.0 0.0
产妇+知情 0.0 0.0239034083195 0.290322580645 0.676633075411 0.717343122181 0.0680840550484 0.0 0.5 0.0 0.333333333333
同意+剖腹产 0.0 0.0655684727426 0.387096774194 0.374500836437 0.901533581983 0.295816188022 0.0 0.5 0.0 0.0
国家+卫生 0.0 0.0513555245258 0.290322580645 0.338588362716 0.787732383955 0.155783826775 0.0 0.5 0.0 0.333333333333
卫生+计生委 2.0 0.0513555245258 0.387096774194 0.338588362716 0.787732383955 0.207283478299 0.0 0.5 0.0 0.0
丈夫+延 0.0 0.0163794605495 0.193548387097 0.4902124446 0.834980340904 0.17049877311 0.0 0.5 0.0 0.333333333333
延+先生 0.0 0.141702926994 0.193548387097 0.50946968862 0.845668514587 0.327163831567 0.0 0.5 1.0 0.333333333333
跳+下去 0.0 0.0124714282077 0.193548387097 0.380235584818 0.909556848418 0.242819841945 0.0 0.5 0.0 0.0
喊+疼 0.0 0.0206980941139 0.0967741935484 0.536275901104 0.866949840502 0.197785799612 0.0298507462687 0.5 0.0 0.0
疼+想 0.0 0.00135278648108 0.0967741935484 0.505198934964 0.891736929573 0.18753489891 0.0298507462687 0.5 0.0 0.0
想+剖腹产 0.0 0.0427804138942 0.290322580645 0.578578790189 0.847603264179 0.232826893964 0.0597014925373 0.5 1.0 0.0
名+待产 0.0 0.0237800170011 0.193548387097 0.504834555147 0.872999385592 0.0657189775219 0.0 0.5 0.0 0.0
楼上+坠 0.0 0.0163794605495 0.193548387097 0.538299999688 0.835085007448 0.0135106923838 0.0 0.5 0.0 0.333333333333
医疗+措施 0.0 0.0415980006373 0.290322580645 0.523039547359 0.828061736178 0.207159098845 0.0 0.5 1.0 0.666666666667
侵权+责任法 0.0 0.0558082180403 0.387096774194 0.668187047305 0.810118481966 0.206874270972 0.0 0.5 1.0 0.333333333333
医疗+机构 0.0 0.236294796325 0.290322580645 0.323044124215 0.849379510994 0.403567071982 0.0 0.5 1.0 0.666666666667
行为+能力 0.0 0.024544322532 0.290322580645 0.524572860486 0.780346020315 0.158581541842 0.0 0.5 1.0 0.666666666667
产妇+签署 0.0 0.0250167276783 0.290322580645 0.424981956369 0.802584151949 0.17279843887 0.0 0.5 1.0 0.333333333333
授权+书 2.0 0.0509285290645 0.193548387097 0.424981956369 0.802584151949 0.148923260751 0.0 0.5 1.0 0.333333333333
丈夫+全权 0.0 0.0301299016126 0.290322580645 0.46252005757 0.782205513906 0.0194489898763 0.0 0.5 0.0 0.666666666667
全权+负责 0.0 0.034263056588 0.290322580645 0.46252005757 0.782205513906 0.0590511169011 0.0 0.5 1.0 0.333333333333
负责+签署 0.0 0.0301299016126 0.290322580645 0.46252005757 0.782205513906 0.0135106923838 0.0 0.5 0.0 0.0
相关+文书 0.0 0.0301299016126 0.290322580645 0.46252005757 0.782205513906 0.0135106923838 0.0 0.5 1.0 0.333333333333
出现+危及 0.0 0.0259967466375 0.290322580645 0.46252005757 0.782205513906 0.0175225287814 0.0 0.5 0.0 0.0
危及+生命 0.0 0.0259967466375 0.290322580645 0.46252005757 0.782205513906 0.0135106923838 0.0 0.5 0.0 0.333333333333
记录+产妇 0.0 0.0301299016126 0.290322580645 0.442015829924 0.785558511731 0.127303274531 0.0 0.5 0.0 0.666666666667
产妇+血压 0.0 0.0239034083195 0.290322580645 0.426859900417 0.786825180086 0.0404457701076 0.0 0.5 1.0 0.666666666667
胎心+正常 0.0 0.0552471626289 0.290322580645 0.41989762415 0.789958018753 0.111581516985 0.0 0.5 1.0 0.333333333333
医院+是否 0.0 0.0354236512037 0.290322580645 0.459781580719 0.736105785257 0.309415081275 0.0 0.5 0.0 0.333333333333
授权+委托书 2.0 0.0301846703213 0.387096774194 0.427015899198 0.71945147315 0.293077508611 0.0 0.5 1.0 0.333333333333
条+规定 0.0 0.0212539182402 0.193548387097 0.622646674789 0.77244423458 0.214630079982 0.0 0.5 0.0 0.333333333333
取得+患者 0.0 0.0622753591271 0.290322580645 0.636631970731 0.770038674436 0.242632373768 0.0 0.5 0.0 0.333333333333
亲属+意见 2.0 0.0187009822831 0.290322580645 0.759804443049 0.667384194306 0.0486312379222 0.0 0.5 0.0 0.666666666667
机构+负责人 1.0 0.0161476771933 0.387096774194 0.66780993923 0.771012134776 0.0830896151435 0.0 0.5 0.0 0.666666666667
告诉+记者 0.0 0.0419792711283 0.290322580645 0.621637839734 0.792202507448 0.253392044653 0.0 0.5 0.0 0.333333333333
家属+意见 2.0 0.017730436687 0.290322580645 0.470783704904 0.830993433708 0.249190260301 0.0 0.5 1.0 0.666666666667
剖宫产+手术 1.0 0.093052440911 0.387096774194 0.305004343084 0.823295263404 0.464557789595 0.0 0.5 1.0 0.0
画面+系 0.0 0.00135278648108 0.193548387097 0.433167196374 0.796361329418 0.0135106923838 0.0 0.5 0.0 0.333333333333
剖腹产+手术 1.0 0.0630914736366 0.387096774194 0.446524997705 0.775221146932 0.333084777044 0.0 0.5 1.0 0.0
法律+规定 0.0 0.0161476771933 0.290322580645 0.474471584687 0.710252290752 0.265932194491 0.0 0.5 1.0 0.666666666667
澎湃+新闻 0.0 0.0766756627324 0.290322580645 0.542399143479 0.769100589667 0.346102110337 0.0 0.5 1.0 0.333333333333
实施+剖腹产 0.0 0.0321211873231 0.387096774194 0.571976903511 0.727675148458 0.232765746618 0.0 0.5 0.0 0.0
委托+代理人 0.0 0.0314860057102 0.387096774194 0.590438437263 0.488699662079 0.205140542258 0.0 0.5 1.0 0.333333333333
患者+家属 2.0 0.0733428993313 0.290322580645 0.578781895743 0.710418763206 0.38222415682 0.0 0.5 1.0 0.666666666667
宫口+开 0.0 0.0337516008595 0.193548387097 0.467077730765 0.640558807197 0.187207763753 0.0 0.5 1.0 0.333333333333
知情+同意权 0.0 0.0522514948828 0.387096774194 0.784646328145 0.701175124962 0.338491579649 0.0 0.5 1.0 0.333333333333
患者+说明 0.0 0.068959448192 0.290322580645 0.69024530833 0.709271063726 0.148495163745 0.0 0.5 0.0 0.333333333333
实施+手术 0.0 0.00922874679119 0.290322580645 0.519813493071 0.781750978845 0.138460028891 0.0 0.5 1.0 0.0
特殊+检查 0.0 0.00922874679119 0.290322580645 0.661192796085 0.740608152709 0.0637453688268 0.0 0.5 1.0 0.0
特殊+治疗 0.0 0.00922874679119 0.290322580645 0.661192796085 0.740608152709 0.0637453688268 0.0 0.5 1.0 0.0
书面+同意 0.0 0.0567415890249 0.290322580645 0.696266509455 0.758024692737 0.134292922484 0.0 0.5 1.0 0.0
意见+时 0.0 0.0058275455105 0.193548387097 0.476379679367 0.784335775203 0.115557087495 0.0 0.5 0.0 0.666666666667
具备+完全 0.0 0.0103465112128 0.290322580645 0.477129751753 0.745763706196 0.0984604075806 0.0 0.5 0.0 0.0
完全+行为 0.0 0.00135278648108 0.290322580645 0.478740047206 0.664186879904 0.0399804483102 0.0 0.5 1.0 0.333333333333
足月+胎儿 0.0 0.00844082669647 0.290322580645 0.576652361626 0.710686214366 0.0513629824868 0.0 0.5 1.0 0.333333333333
手术+指征 2.0 0.0254110848033 0.290322580645 0.589019097867 0.667384297129 0.238532481274 0.0 0.5 1.0 0.0
建议+产妇 0.0 0.00922874679119 0.290322580645 0.55334828006 0.757029428557 0.0678592502148 0.0 0.5 0.0 0.666666666667
医院+双方 0.0 0.00135278648108 0.290322580645 0.230023865216 0.827122767911 0.113836954945 0.0 0.5 0.0 0.666666666667
离开+待产室 0.0 0.0228885708001 0.387096774194 0.489978220645 0.805738417821 0.0598204171337 0.0 0.5 1.0 0.333333333333
声明+称 0.0 0.0351768685669 0.193548387097 0.487788016719 0.823088250894 0.188636305283 0.0 0.5 1.0 0.333333333333
家属+说明 0.0 0.02684904934 0.290322580645 0.702032648286 0.745605501691 0.0509410959639 0.0 0.5 0.0 0.333333333333
说明+情况 0.0 0.0228885708001 0.290322580645 0.702032648286 0.745605501691 0.0217323624342 0.0 0.5 0.0 0.333333333333
建议+行剖宫产 2.0 0.00632806942093 0.483870967742 0.708145482715 0.675120066316 0.0135106923838 0.0 0.5 0.0 0.333333333333
行剖宫产+终止 0.0 0.00632806942093 0.483870967742 0.708145482715 0.675120066316 0.0135106923838 0.0 0.5 1.0 0.0
明确+拒绝 0.0 0.00632806942093 0.290322580645 0.708145482715 0.675120066316 0.0135106923838 0.0 0.5 0.0 0.0
坚决+要求 0.0 0.0103465112128 0.290322580645 0.647654685235 0.73329396732 0.0942553944703 0.0 0.5 1.0 0.0
催产+素诱 0.0 0.00135278648108 0.290322580645 0.708145482715 0.675120066316 0.0135106923838 0.0 0.5 1.0 0.333333333333
素诱+发宫 0.0 0.00135278648108 0.290322580645 0.708145482715 0.675120066316 0.0135106923838 0.0 0.5 0.0 0.333333333333
发宫+缩经 0.0 0.00135278648108 0.290322580645 0.708145482715 0.675120066316 0.0135106923838 0.0 0.5 0.0 0.0
缩经+阴道 0.0 0.00135278648108 0.290322580645 0.708145482715 0.675120066316 0.0135106923838 0.0 0.5 0.0 0.333333333333
阴道+分娩 0.0 0.081218491465 0.290322580645 0.63314387734 0.80664298292 0.213309073273 0.0 0.5 1.0 0.333333333333
确认+顺产 0.0 0.0284223740216 0.290322580645 0.668161058888 0.743803900931 0.137786791297 0.0 0.5 0.0 0.333333333333
顺产+要求 0.0 0.00370408756222 0.290322580645 0.578748591181 0.686797401384 0.0485306495951 0.0 0.5 1.0 0.333333333333
相关+负责人 0.0 0.0266453804729 0.387096774194 0.699207724851 0.656649996192 0.217260692678 0.0 0.5 1.0 0.333333333333
负责人+表示 0.0 0.0203915951905 0.387096774194 0.754766317443 0.542168532115 0.0890891303306 0.0 0.5 0.0 0.333333333333
延壮壮+告诉 0.0 0.038831289843 0.387096774194 0.569849797275 0.493218585803 0.113422305932 0.0 0.5 1.0 0.333333333333
待产+床 0.0 0.0141378099081 0.193548387097 0.738973322601 0.634035896626 0.102590885294 0.0 0.5 0.0 0.333333333333
继续+观察 0.0 0.0226510440997 0.290322580645 0.686858840451 0.713475040898 0.0643497559128 0.0 0.5 1.0 0.0
征求+家属 0.0 0.00922874679119 0.290322580645 0.679501085532 0.707156949435 0.134301135886 0.0 0.5 0.0 0.333333333333
待产+室内 0.0 0.0720965173812 0.290322580645 0.550295817968 0.597907428197 0.227657301285 0.0 0.5 1.0 0.333333333333
外科+护理 0.0 0.00135278648108 0.290322580645 0.74932090959 0.680553483344 0.11077978708 0.0 0.5 1.0 0.333333333333
医生+护士 0.0 0.0161476771933 0.290322580645 0.734349767302 0.65483921289 0.180609153098 0.0 0.5 1.0 0.666666666667
产妇+马某 0.0 0.158732406322 0.290322580645 0.541834246342 0.860315465106 0.372415443148 0.0 0.5 1.0 0.666666666667
谅解+意外 0.0 0.0290727385142 0.290322580645 0.680898787067 0.697446658014 0.0370435033417 0.0 0.5 1.0 0.0
周+要求 0.0 0.0103465112128 0.193548387097 0.680460105874 0.717821656068 0.0135106923838 0.0 0.5 0.0 0.0
要求+住院 0.0 0.0103465112128 0.290322580645 0.680460105874 0.717821656068 0.0135106923838 0.0 0.5 0.0 0.0
住院+待产 0.0 0.0103465112128 0.290322580645 0.680460105874 0.717821656068 0.0371627158451 0.0 0.5 1.0 0.0
彩超+提示 0.0 0.00693765810551 0.290322580645 0.693873001581 0.627925452431 0.0533516449425 0.0 0.5 1.0 0.333333333333
顶径+99mm 0.0 0.00693765810551 0.225806451613 0.693873001581 0.627925452431 0.0135106923838 0.0 0.5 0.0 0.333333333333
告诉+新京报 0.0 0.0506374589721 0.387096774194 0.897244033769 0.213457519708 0.0944358323331 0.0 0.5 0.0 0.333333333333
调查+结论 0.0 0.0124714282077 0.290322580645 0.504349066357 0.645100359247 0.11090579761 0.0 0.5 0.0 0.333333333333
产妇+系 0.0 0.0278836263041 0.193548387097 0.501267808895 0.59352002404 0.107681530286 0.0 0.5 1.0 0.333333333333
发表+声明 0.0 0.0293353612427 0.290322580645 0.496014425996 0.820054625721 0.161678746855 0.0 0.5 0.0 0.333333333333
考核+指标 0.0 0.0314860057102 0.290322580645 0.839827031141 0.394839243414 0.168343446255 0.0298507462687 0.5 1.0 0.333333333333
控制+剖宫产率 0.0 0.119360659199 0.483870967742 0.839827031141 0.394839243414 0.338704013486 0.0 0.5 1.0 0.333333333333
绥德县+吉镇镇 0.0 0.00693765810551 0.483870967742 0.673264430647 0.693818347918 0.0533516449425 0.0 0.5 1.0 0.666666666667
吉镇镇+张家峰村人 0.0 0.00693765810551 0.677419354839 0.673264430647 0.693818347918 0.040071327423 0.0 0.5 0.0 0.666666666667
产妇马+XX 0.0 0.0337516008595 0.258064516129 0.713198551874 0.62884786646 0.21243717615 0.0 0.5 1.0 0.333333333333
分娩+难 0.0 0.00844082669647 0.193548387097 0.709327430989 0.718256361749 0.0267910099034 0.0 0.5 0.0 0.0
难+产 3.0 0.0163794605495 0.0967741935484 0.689553015611 0.7298930198 0.160431892881 0.0 0.5 1.0 0.0
产+风险 0.0 0.00844082669647 0.193548387097 0.709327430989 0.718256361749 0.040071327423 0.0 0.5 0.0 0.333333333333
分娩+方式 2.0 0.0686442774971 0.290322580645 0.766628521162 0.499162199933 0.209092560759 0.0 0.5 1.0 0.333333333333
报+记者 0.0 0.0394746105728 0.193548387097 0.881078165201 0.369304989601 0.16050045495 0.0 0.5 0.0 0.666666666667
杨+先生 0.0 0.0416340497096 0.193548387097 0.823226897155 0.203605634183 0.24518552192 0.0 0.5 1.0 0.666666666667
陕西+榆林+产妇 2.0 0.0124714282077 0.516129032258 0.321658730937 0.895535574086 0.17262067639 0.0298507462687 1.0 0.0 1.0
难+忍+疼痛 0.0 0.0266479459385 0.322580645161 0.405050955343 0.886262653466 0.0867165896671 0.0 1.0 0.0 0.0
家属+提出+剖宫产 3.0 0.0228885708001 0.612903225806 0.428957701859 0.796902098451 0.048017347325 0.0 1.0 0.0 0.333333333333
进入+待产室+待产 0.0 0.00135278648108 0.612903225806 0.543002675454 0.444944904837 0.0416312568653 0.0 1.0 0.0 0.333333333333
走+出+分娩 0.0 0.0541716211766 0.322580645161 0.513580926666 0.778808031194 0.178899259373 0.0 1.0 0.0 0.0
跳楼+自杀+身亡 3.0 0.00946412673677 0.516129032258 0.057184554783 0.74648207743 0.146557251424 0.0149253731343 1.0 0.0 0.0
获得+被+授权 0.0 0.0250167276783 0.41935483871 0.376423487729 0.801795856541 0.0262831169441 0.0 1.0 0.0 0.0
无权+改变+生产方式 0.0 0.031377918045 0.709677419355 0.419613783978 0.812525805702 0.020846618337 0.0 1.0 0.0 0.0
符合+诊疗+规范 0.0 0.039203989641 0.516129032258 0.320629570669 0.647805695411 0.0784591291593 0.0 1.0 0.0 0.333333333333
绥德院区+主要+负责人 3.0 0.0187009822831 0.806451612903 0.506840156321 0.452304572236 0.0643172504857 0.0 1.0 0.0 0.666666666667
负责人+和+妇产科 0.0 0.0254110848033 0.612903225806 0.506840156321 0.452304572236 0.0476370691618 0.0149253731343 1.0 0.0 0.666666666667
妇产科+主任+停职 3.0 0.0187009822831 0.612903225806 0.506840156321 0.452304572236 0.0135106923838 0.0 1.0 0.0 0.666666666667
产妇+坠楼+事件 3.0 0.118648724405 0.516129032258 0.233094545314 0.875665545759 0.327007811545 0.223880597015 1.0 1.0 1.0
坠楼+事件+调查 3.0 0.0664538347378 0.516129032258 0.475769642024 0.605716827226 0.135082041766 0.0298507462687 1.0 0.0 0.666666666667
产妇+的+家属 3.0 0.0144677276737 0.41935483871 0.215739627844 0.914732407095 0.259492800628 0.0 1.0 0.0 0.666666666667
疼痛+难+忍 0.0 0.0630630279384 0.322580645161 0.356895497148 0.917115781819 0.276751303126 0.0149253731343 1.0 1.0 0.0
妇产科+副+主任 3.0 0.023538968412 0.516129032258 0.387357765367 0.818827603608 0.166481583931 0.0149253731343 1.0 1.0 0.666666666667
产妇+和+胎儿 0.0 0.00946412673677 0.41935483871 0.166897319197 0.808704929327 0.175881167603 0.0 1.0 0.0 0.666666666667
医院+绥德院区+妇产科 3.0 0.0573975097206 0.806451612903 0.238861584066 0.873257808734 0.101859999757 0.0 1.0 0.0 1.0
系+跳楼+自杀 0.0 0.0123831654351 0.41935483871 0.150438930819 0.785782269888 0.0769760274982 0.0 1.0 0.0 0.0
排除+他+杀 1.0 0.0342820045775 0.322580645161 0.256129959624 0.861484337676 0.12119894792 0.0 1.0 0.0 0.0
胎儿+各项+指标 1.0 0.00135278648108 0.516129032258 0.0311183001731 0.479736991928 0.0244113988463 0.0 1.0 0.0 0.666666666667
知情+同意+书 0.0 0.100296751574 0.41935483871 0.40624643457 0.876049157131 0.210562881553 0.0 1.0 1.0 0.333333333333
产妇+和+家属 3.0 0.0354236512037 0.41935483871 0.276339092275 0.820668219691 0.308997757194 0.0 1.0 0.0 0.666666666667
走+出+待产室 0.0 0.0320592429968 0.41935483871 0.200429865769 0.867872247467 0.207186435273 0.0 1.0 0.0 0.333333333333
产妇+因+疼痛 0.0 0.0206441068301 0.41935483871 0.191362822437 0.841932306822 0.0737581921323 0.0 1.0 0.0 0.333333333333
家属+要求+剖宫产 2.0 0.0189280922604 0.612903225806 0.26894944003 0.794269821026 0.0262831169441 0.0 1.0 0.0 0.333333333333
接受+媒体+采访 0.0 0.0180051983097 0.516129032258 0.187938211872 0.755482501547 0.245239222925 0.0 1.0 1.0 0.333333333333
家属+和+医院 0.0 0.00844082669647 0.41935483871 0.128252332496 0.847239465246 0.122009890514 0.0 1.0 0.0 0.666666666667
产妇+住院+知情 0.0 0.0358520044317 0.516129032258 0.350114118929 0.842435581422 0.151013811238 0.0 1.0 0.0 0.333333333333
住院+知情+同意 0.0 0.0451504743417 0.516129032258 0.375400745216 0.837950431734 0.122852329742 0.0 1.0 0.0 0.0
孕妇+坠楼+事件 3.0 0.0897031610486 0.516129032258 0.962292312097 0.146104201213 0.192834228533 0.0149253731343 1.0 1.0 1.0
涉+事+医院 3.0 0.0124714282077 0.322580645161 0.410216840684 0.825478919088 0.208918188118 0.044776119403 1.0 1.0 0.666666666667
事件+调查+处置 2.0 0.0595657961933 0.516129032258 0.717215263106 0.463549580608 0.074277352209 0.0 1.0 0.0 0.333333333333
调查+处置+领导 2.0 0.0595657961933 0.516129032258 0.717215263106 0.463549580608 0.0375316382186 0.0 1.0 0.0 0.0
处置+领导+小组 2.0 0.0595657961933 0.516129032258 0.717215263106 0.463549580608 0.0422874596406 0.0 1.0 0.0 0.333333333333
绥德院区+妇产科+二病区 0.0 0.0535150525735 0.903225806452 0.390913236958 0.859006955898 0.121508212275 0.0 1.0 0.0 1.0
精心+做好+家属 0.0 0.00370408756222 0.516129032258 0.702411726324 0.484560345185 0.0135106923838 0.0 1.0 0.0 0.333333333333
做好+家属+心理 0.0 0.0058275455105 0.516129032258 0.709751380622 0.473529080338 0.0165670240002 0.0 1.0 0.0 0.666666666667
家属+心理+安抚 0.0 0.0058275455105 0.516129032258 0.709751380622 0.473529080338 0.0165670240002 0.0 1.0 0.0 0.666666666667
安抚+等+工作 0.0 0.0058275455105 0.41935483871 0.709751380622 0.473529080338 0.0135106923838 0.0 1.0 0.0 0.0
专家组+经过+认真 0.0 0.00135278648108 0.612903225806 0.829020409719 0.377394760904 0.0759244905719 0.0 1.0 0.0 0.333333333333
认真+调查+讨论 0.0 0.0162786353004 0.516129032258 0.829020409719 0.377394760904 0.074226198245 0.0 1.0 0.0 0.0
产妇+入院+诊断 0.0 0.0301299016126 0.516129032258 0.422087684954 0.566211008098 0.114041145546 0.0 1.0 0.0 0.333333333333
入院+诊断+明确 0.0 0.0301299016126 0.516129032258 0.422087684954 0.566211008098 0.087066995316 0.0 1.0 0.0 0.0
告知+手续+完善 0.0 0.0308095278797 0.516129032258 0.408073895395 0.58318859828 0.0229848047527 0.0 1.0 0.0 0.333333333333
诊疗+措施+合理 0.0 0.0347700064196 0.516129032258 0.408073895395 0.58318859828 0.0428543961967 0.0 1.0 0.0 0.333333333333
抢救+过程+符合 0.0 0.0301299016126 0.516129032258 0.422087684954 0.566211008098 0.0135106923838 0.0 1.0 0.0 0.333333333333
过程+符合+诊疗 0.0 0.0301299016126 0.516129032258 0.422087684954 0.566211008098 0.0135106923838 0.0 1.0 0.0 0.333333333333
诊疗+规范+要求 0.0 0.0301299016126 0.516129032258 0.422087684954 0.566211008098 0.0135106923838 0.0 1.0 0.0 0.333333333333
产妇+跳楼+事件 3.0 0.0586942838476 0.516129032258 0.277447860668 0.939161233893 0.312248083699 0.149253731343 1.0 1.0 0.666666666667
医院+相关+工作 0.0 0.0293353612427 0.516129032258 0.57268925164 0.532271303104 0.0193326597639 0.0 1.0 0.0 0.333333333333
相关+工作+人员 0.0 0.0301299016126 0.516129032258 0.422087684954 0.566211008098 0.0335885690622 0.0 1.0 0.0 0.333333333333
工作+人员+防范 0.0 0.0301299016126 0.516129032258 0.422087684954 0.566211008098 0.0335885690622 0.0 1.0 0.0 0.333333333333
人员+防范+突发 0.0 0.0301299016126 0.516129032258 0.422087684954 0.566211008098 0.0214117442217 0.0 1.0 0.0 0.333333333333
防范+突发+事件 1.0 0.0301299016126 0.516129032258 0.422087684954 0.566211008098 0.0302239513673 0.0 1.0 0.0 0.333333333333
事件+的+意识 0.0 0.027387783234 0.41935483871 0.622476093825 0.446316390038 0.0135106923838 0.0 1.0 0.0 0.666666666667
到位+等+问题 0.0 0.034263056588 0.41935483871 0.422087684954 0.566211008098 0.0330908228902 0.0 1.0 0.0 0.333333333333
国家+卫+计委 0.0 0.0406626320862 0.41935483871 0.20221534536 0.720354024352 0.154667687424 0.0 1.0 1.0 0.333333333333
卫生+计生+部门 0.0 0.0239034083195 0.516129032258 0.264236274399 0.823695164255 0.109838182204 0.0 1.0 1.0 0.333333333333
计生+部门+认真 0.0 0.0212539182402 0.516129032258 0.410123089606 0.799163815671 0.0582056172498 0.0 1.0 0.0 0.333333333333
部门+认真+调查 0.0 0.0197067085564 0.516129032258 0.388818023952 0.804634939464 0.0479263112103 0.0 1.0 0.0 0.333333333333
认真+调查+核实 0.0 0.0197067085564 0.516129032258 0.388818023952 0.804634939464 0.0135106923838 0.0 1.0 0.0 0.0
规+严肃+处理 0.0 0.0312044841196 0.41935483871 0.410123089606 0.799163815671 0.0334311686632 0.0298507462687 1.0 0.0 0.333333333333
备用+手术室+跳楼 0.0 0.013177565831 0.612903225806 0.415359146469 0.761607333858 0.129588534526 0.0 1.0 0.0 0.333333333333
手术室+跳楼+身亡 3.0 0.00135278648108 0.612903225806 0.418315144857 0.730312297947 0.0624846837051 0.0 1.0 0.0 0.333333333333
进入+分娩+中心 0.0 0.0315544435898 0.516129032258 0.588279921906 0.583532823688 0.164420339518 0.0 1.0 1.0 0.333333333333
疼痛+烦躁+不安 0.0 0.0208971042599 0.516129032258 0.353360204758 0.84444040226 0.0479713618343 0.0 1.0 0.0 0.0
提出+剖宫产+建议 2.0 0.0208971042599 0.612903225806 0.353360204758 0.84444040226 0.0301467653119 0.0 1.0 1.0 0.333333333333
产妇+因+难 0.0 0.0199810664792 0.322580645161 0.446537704843 0.835635289906 0.0372599395461 0.0 1.0 0.0 0.333333333333
导致+情绪+失控 0.0 0.0199810664792 0.516129032258 0.446537704843 0.835635289906 0.0135106923838 0.0 1.0 0.0 0.333333333333
情绪+失控+跳楼 2.0 0.0228901509935 0.516129032258 0.464296942281 0.867760501749 0.0805300340189 0.0 1.0 0.0 0.333333333333
B+超+显示 0.0 0.00370408756222 0.258064516129 0.557475023062 0.49631042174 0.0285041759187 0.0 1.0 1.0 0.0
榆林+产妇+跳楼 3.0 0.0228885708001 0.516129032258 0.283767898051 0.927068199358 0.189891514221 0.10447761194 1.0 0.0 0.666666666667
妇产科+二病区+坠楼 0.0 0.0144677276737 0.709677419355 0.871865444583 0.31656028001 0.0135106923838 0.0 1.0 0.0 1.0
二病区+坠楼+身亡 0.0 0.0144677276737 0.612903225806 0.871865444583 0.31656028001 0.0275432292279 0.0 1.0 0.0 0.666666666667
产妇+各项+体征 0.0 0.00135278648108 0.516129032258 0.627375741236 0.413757146119 0.0223339443593 0.0 1.0 0.0 0.666666666667
各项+体征+正常 0.0 0.00135278648108 0.516129032258 0.627375741236 0.413757146119 0.0223339443593 0.0 1.0 0.0 0.333333333333
超+显示+胎儿 0.0 0.00135278648108 0.41935483871 0.627375741236 0.413757146119 0.0135106923838 0.0 1.0 0.0 0.333333333333
显示+胎儿+头部 0.0 0.00135278648108 0.516129032258 0.627375741236 0.413757146119 0.0135106923838 0.0 1.0 0.0 0.666666666667
存在+难产+风险 3.0 0.00135278648108 0.516129032258 0.627375741236 0.413757146119 0.0135106923838 0.0 1.0 1.0 0.333333333333
医生+建议+剖宫产 0.0 0.0058275455105 0.612903225806 0.543247463189 0.571917509226 0.0165670240002 0.0 1.0 0.0 0.666666666667
建议+剖宫产+终止 0.0 0.00370408756222 0.612903225806 0.603796721821 0.457506756069 0.0135106923838 0.0 1.0 0.0 0.333333333333
剖宫产+终止+妊娠 0.0 0.00370408756222 0.612903225806 0.603796721821 0.457506756069 0.0135106923838 0.0 1.0 0.0 0.0
产妇+进入+待产室 0.0 0.0257144594614 0.612903225806 0.375334807861 0.812913499852 0.0792785401261 0.0 1.0 0.0 0.666666666667
待产室+与+家属 0.0 0.00370408756222 0.516129032258 0.244444012387 0.579290366728 0.0498476828673 0.0 1.0 0.0 0.666666666667
医护+人员+发现 0.0 0.00135278648108 0.516129032258 0.627375741236 0.413757146119 0.0259675131801 0.0 1.0 0.0 0.333333333333
产妇+从+备用 0.0 0.00135278648108 0.41935483871 0.627375741236 0.413757146119 0.0259675131801 0.0 1.0 0.0 0.333333333333
备用+手术+间 0.0 0.00135278648108 0.41935483871 0.627375741236 0.413757146119 0.0259675131801 0.0 1.0 0.0 0.0
手术+间+窗口 0.0 0.00135278648108 0.41935483871 0.627375741236 0.413757146119 0.0135106923838 0.0 1.0 0.0 0.333333333333
间+窗口+坠 0.0 0.00135278648108 0.322580645161 0.627375741236 0.413757146119 0.0135106923838 0.0 1.0 0.0 0.333333333333
家属+同意+放弃 0.0 0.00135278648108 0.516129032258 0.627375741236 0.413757146119 0.0135106923838 0.0 1.0 0.0 0.333333333333
同意+放弃+抢救 0.0 0.00135278648108 0.516129032258 0.627375741236 0.413757146119 0.0135106923838 0.0 1.0 0.0 0.0
宣布+临床+死亡 1.0 0.00135278648108 0.516129032258 0.627375741236 0.413757146119 0.0259675131801 0.0 1.0 0.0 0.0
自杀+的+原因 3.0 0.00135278648108 0.41935483871 0.743075227721 0.446711856288 0.0503320649875 0.0 1.0 0.0 0.333333333333
事件+有关+情况 3.0 0.0237800170011 0.516129032258 0.415115578974 0.827696786084 0.107482905703 0.0 1.0 0.0 0.666666666667
延壮壮+的+堂哥 0.0 0.0388230332721 0.516129032258 0.604663526808 0.685770211565 0.141112175413 0.0 1.0 0.0 0.666666666667
北青报+记者+联系 0.0 0.0124714282077 0.612903225806 0.353215390216 0.744372729575 0.0386280306053 0.0 1.0 0.0 0.666666666667
坠亡+产妇+丈夫 3.0 0.00398976590874 0.516129032258 0.324399769375 0.806918935527 0.149544966901 0.0 1.0 1.0 0.666666666667
副+主任+霍军伟 0.0 0.0141378099081 0.516129032258 0.45182176976 0.727722023521 0.124043420429 0.0 1.0 0.0 0.666666666667
告诉+北青报+记者 0.0 0.0454875499703 0.612903225806 0.298795382235 0.702192714137 0.154581612239 0.0 1.0 0.0 0.666666666667
医院+绥德院区+住院部 0.0 0.0189280922604 0.806451612903 0.51396220632 0.862684208684 0.0263151870413 0.0 1.0 0.0 1.0
记者+采访+时 0.0 0.0058275455105 0.41935483871 0.448551975296 0.870427567736 0.185120864618 0.0 1.0 0.0 0.666666666667
采访+时+表示 0.0 0.00844082669647 0.41935483871 0.502573467909 0.871187833823 0.152850059282 0.0 1.0 0.0 0.333333333333
楼+分娩+中心 0.0 0.00922874679119 0.41935483871 0.684501199382 0.751791251916 0.0503013496757 0.0 1.0 0.0 0.666666666667
分娩+中心+坠 0.0 0.0179143049652 0.41935483871 0.688775060541 0.766884877787 0.10340359568 0.0 1.0 0.0 0.333333333333
医护+人员+及时 0.0 0.0329413397239 0.516129032258 0.64465014069 0.766630722304 0.0278854655511 0.0 1.0 0.0 0.333333333333
人员+及时+予以 0.0 0.0284223740216 0.516129032258 0.64465014069 0.766630722304 0.0135106923838 0.0 1.0 0.0 0.333333333333
及时+予以+抢救 0.0 0.0284223740216 0.516129032258 0.64465014069 0.766630722304 0.0135106923838 0.0 1.0 0.0 0.0
抢救+无效+身亡 0.0 0.00398976590874 0.516129032258 0.684501199382 0.751791251916 0.0399804483102 0.0 1.0 0.0 0.0
医院+无权+改变 0.0 0.0308095278797 0.516129032258 0.469196882211 0.801681468518 0.0135106923838 0.0 1.0 1.0 0.333333333333
改+为+剖腹产 0.0 0.0254110848033 0.41935483871 0.742235714679 0.579110761445 0.174447540319 0.0 1.0 0.0 0.0
产妇+知情+同意 0.0 0.0239034083195 0.516129032258 0.676633075411 0.717343122181 0.0680840550484 0.0 1.0 0.0 0.333333333333
国家+卫生+计生委 0.0 0.0513555245258 0.612903225806 0.338588362716 0.787732383955 0.155783826775 0.0 1.0 1.0 0.333333333333
丈夫+延+先生 3.0 0.0163794605495 0.41935483871 0.4902124446 0.834980340904 0.17049877311 0.0 1.0 1.0 0.666666666667
名+待产+孕妇 0.0 0.0237800170011 0.41935483871 0.504834555147 0.872999385592 0.0657189775219 0.0 1.0 0.0 0.333333333333
孕妇+从+楼上 0.0 0.0163794605495 0.41935483871 0.538299999688 0.835085007448 0.0135106923838 0.0 1.0 0.0 0.666666666667
坠+下+身亡 0.0 0.0281915408045 0.322580645161 0.434964410786 0.880563515984 0.110853469015 0.0 1.0 0.0 0.0
授权+其+丈夫 0.0 0.0259967466375 0.41935483871 0.46252005757 0.782205513906 0.0135106923838 0.0 1.0 0.0 0.333333333333
丈夫+全权+负责 0.0 0.0301299016126 0.516129032258 0.46252005757 0.782205513906 0.0194489898763 0.0 1.0 0.0 0.666666666667
全权+负责+签署 0.0 0.0301299016126 0.516129032258 0.46252005757 0.782205513906 0.0214117442217 0.0 1.0 0.0 0.333333333333
签署+一切+相关 0.0 0.0301299016126 0.516129032258 0.46252005757 0.782205513906 0.0135106923838 0.0 1.0 0.0 0.0
出现+危及+生命 0.0 0.0259967466375 0.516129032258 0.46252005757 0.782205513906 0.0175225287814 0.0 1.0 0.0 0.333333333333
生命+的+紧急 0.0 0.0259967466375 0.41935483871 0.46252005757 0.782205513906 0.0135106923838 0.0 1.0 0.0 0.333333333333
产程+记录+产妇 0.0 0.0239034083195 0.516129032258 0.426859900417 0.786825180086 0.0499198088583 0.0 1.0 0.0 1.0
记录+产妇+血压 0.0 0.0239034083195 0.516129032258 0.426859900417 0.786825180086 0.0494044084693 0.0 1.0 0.0 1.0
授权+人+同意 0.0 0.0259967466375 0.41935483871 0.46252005757 0.782205513906 0.0268775533442 0.0 1.0 0.0 0.333333333333
医疗+机构+负责人 0.0 0.0161476771933 0.612903225806 0.66780993923 0.771012134776 0.0714162960731 0.0 1.0 0.0 1.0
负责人+或者+授权 0.0 0.0102797026378 0.612903225806 0.66780993923 0.771012134776 0.040071327423 0.0 1.0 0.0 0.333333333333
授权+的+负责人 0.0 0.0102797026378 0.516129032258 0.66780993923 0.771012134776 0.040071327423 0.0 1.0 0.0 0.333333333333
系+因+产妇 0.0 0.00135278648108 0.322580645161 0.433167196374 0.796361329418 0.0135106923838 0.0 1.0 0.0 0.333333333333
产妇+疼痛+难 0.0 0.013177565831 0.41935483871 0.426361918109 0.827126679184 0.0646359929157 0.0149253731343 1.0 0.0 0.333333333333
产妇+跳楼+身亡 3.0 0.0379726283713 0.516129032258 0.51909864071 0.827597695676 0.144846800579 0.0149253731343 1.0 0.0 0.333333333333
应当+向+患者 0.0 0.0337516008595 0.41935483871 0.69024530833 0.709271063726 0.104119420554 0.0 1.0 0.0 0.333333333333
取得+其+书面 0.0 0.0337516008595 0.41935483871 0.69024530833 0.709271063726 0.0135106923838 0.0 1.0 0.0 0.0
家属+或者+关系人 0.0 0.0242858539075 0.612903225806 0.741641241024 0.645251561554 0.085014899132 0.0 1.0 0.0 0.666666666667
具备+完全+行为 0.0 0.00135278648108 0.516129032258 0.478740047206 0.664186879904 0.0488037002857 0.0 1.0 0.0 0.333333333333
完全+行为+能力 0.0 0.00135278648108 0.516129032258 0.478740047206 0.664186879904 0.0399804483102 0.0 1.0 0.0 0.666666666667
晚报+•+看法 0.0 0.0589822455116 0.41935483871 1.0 0.0 0.126534409878 0.0 1.0 0.0 0.666666666667
家属+说明+情况 0.0 0.0228885708001 0.516129032258 0.702032648286 0.745605501691 0.0217323624342 0.0 1.0 0.0 0.666666666667
建议+行剖宫产+终止 0.0 0.00632806942093 0.709677419355 0.708145482715 0.675120066316 0.0135106923838 0.0 1.0 1.0 0.333333333333
行剖宫产+终止+妊娠 0.0 0.00632806942093 0.709677419355 0.708145482715 0.675120066316 0.0135106923838 0.0 1.0 0.0 0.0
要求+以+催产 0.0 0.00135278648108 0.41935483871 0.708145482715 0.675120066316 0.0135106923838 0.0 1.0 0.0 0.0
催产+素诱+发宫 0.0 0.00135278648108 0.516129032258 0.708145482715 0.675120066316 0.0135106923838 0.0 1.0 0.0 0.333333333333
素诱+发宫+缩经 0.0 0.00135278648108 0.516129032258 0.708145482715 0.675120066316 0.0135106923838 0.0 1.0 0.0 0.333333333333
发宫+缩经+阴道 0.0 0.00135278648108 0.516129032258 0.708145482715 0.675120066316 0.0135106923838 0.0 1.0 0.0 0.333333333333
缩经+阴道+分娩 0.0 0.00135278648108 0.516129032258 0.708145482715 0.675120066316 0.0135106923838 0.0 1.0 0.0 0.333333333333
签字+确认+顺产 0.0 0.00135278648108 0.516129032258 0.708145482715 0.675120066316 0.0135106923838 0.0 1.0 0.0 0.333333333333
确认+顺产+要求 0.0 0.00135278648108 0.516129032258 0.708145482715 0.675120066316 0.0135106923838 0.0 1.0 1.0 0.333333333333
征求+家属+意见 0.0 0.00922874679119 0.516129032258 0.679501085532 0.707156949435 0.134301135886 0.0 1.0 0.0 0.666666666667
产妇+及+家属 3.0 0.0226510440997 0.41935483871 0.645068783796 0.745606458661 0.127308431973 0.0 1.0 0.0 0.666666666667
沟通+被+拒绝 0.0 0.00632806942093 0.41935483871 0.518744434644 0.788221221746 0.0718653254869 0.0 1.0 0.0 0.0
周+要求+住院 0.0 0.0103465112128 0.41935483871 0.680460105874 0.717821656068 0.0135106923838 0.0 1.0 0.0 0.0
要求+住院+待产 0.0 0.0103465112128 0.516129032258 0.680460105874 0.717821656068 0.0135106923838 0.0 1.0 0.0 0.0
告诉+新京报+记者 0.0 0.0506374589721 0.612903225806 0.897244033769 0.213457519708 0.0944358323331 0.0 1.0 0.0 0.666666666667
疼+得+不行 0.0 0.0284223740216 0.322580645161 0.499297388932 0.76139413806 0.124184879023 0.0 1.0 0.0 0.0
发表+声明+称 0.0 0.0239034083195 0.41935483871 0.482395641295 0.803255744901 0.15330644284 0.0 1.0 0.0 0.333333333333
疼+的+话 0.0 0.00135278648108 0.225806451613 0.640821500156 0.754007853194 0.0383018901232 0.0 1.0 0.0 0.333333333333
产妇+一切+正常 0.0 0.00135278648108 0.516129032258 0.640821500156 0.754007853194 0.0135106923838 0.0 1.0 0.0 0.333333333333
绥德县+吉镇镇+张家峰村人 0.0 0.00693765810551 1.0 0.673264430647 0.693818347918 0.0533516449425 0.0 1.0 0.0 1.0
马某+的+丈夫 3.0 0.00632806942093 0.41935483871 0.629988298872 0.737816962699 0.109480425833 0.0 1.0 0.0 0.666666666667
阴道+分娩+难 0.0 0.00844082669647 0.41935483871 0.709327430989 0.718256361749 0.0267910099034 0.0 1.0 0.0 0.333333333333
分娩+难+产 0.0 0.00844082669647 0.322580645161 0.709327430989 0.718256361749 0.0267910099034 0.0 1.0 1.0 0.0
难+产+风险 0.0 0.00844082669647 0.322580645161 0.709327430989 0.718256361749 0.0533516449425 0.0 1.0 1.0 0.333333333333
华商+报+记者 0.0 0.0394746105728 0.41935483871 0.881078165201 0.369304989601 0.1350450548 0.0 1.0 0.0 1.0
