这种 0.0 0.150268798939 0.0689655172414 0.37117625285 0.975918821736 0.659828054944 0.0 0.0 0.0 0.0
审判日 0.0 0.215107236802 0.172413793103 0.70285503054 0.868977037257 0.219264301181 0.0 0.0 0.0 0.0
此类 0.0 0.221075903617 0.0689655172414 0.492964062422 0.873483148921 0.377776434686 0.0 0.0 0.0 0.0
特训 0.0 0.196375358509 0.0689655172414 0.701708962715 0.896629465856 0.294506058012 0.0 0.0 0.0 0.0
火线 0.0 0.143200122789 0.0689655172414 0.750784331439 0.844144000409 0.30081710075 0.0 0.0 0.0 0.0
正版+PUBG 2.0 0.107931716057 0.241379310345 0.969237325259 0.289042653189 0.173737484596 0.0133333333333 0.5 0.0 0.333333333333
刺激+战场 1.0 0.465421019611 0.310344827586 0.789506355167 0.618886716581 0.229903896187 0.04 0.5 1.0 0.333333333333
战术+竞技 0.0 0.265637892306 0.310344827586 0.71255549803 0.871553537037 0.395930938904 0.0266666666667 0.5 1.0 0.666666666667
腾讯+游戏 0.0 0.133655739575 0.310344827586 0.644575951813 0.936265750218 0.346548304207 0.0133333333333 0.5 1.0 0.666666666667
腾讯+宣布 0.0 0.11724152918 0.310344827586 0.589063928317 0.873414512991 0.185117980298 0.0666666666667 0.5 1.0 0.333333333333
工作+室群 1.0 0.107435364717 0.310344827586 0.739229960499 0.647965133468 0.245969848878 0.0 0.5 1.0 0.333333333333
PUBG+公司 1.0 0.285650158543 0.241379310345 0.689481461864 0.868638682338 0.33731079483 0.0 0.5 1.0 0.333333333333
光子+工作室 3.0 0.0897620484109 0.413793103448 0.791933827621 0.793966772502 0.252285412239 0.0 0.5 1.0 0.666666666667
工作室+群 0.0 0.0843443241516 0.310344827586 0.847834252051 0.573408865997 0.239095564646 0.0133333333333 0.5 1.0 0.333333333333
手+游 .0 0.196127167722 0.103448275862 0.595345067906 0.946491642438 0.431285365753 0.106666666667 0.5 1.0 0.333333333333
光子+工作 0.0 0.0843443241516 0.310344827586 0.740810534642 0.516511538026 0.187042961369 0.0 0.5 1.0 0.333333333333
端+游 0.0 0.0814327187367 0.103448275862 0.600240542617 0.882340111233 0.304767535863 0.0 0.5 1.0 0.0
正版+手游 3.0 0.200190257971 0.310344827586 0.681338567339 0.877291010069 0.280765277785 0.0133333333333 0.5 1.0 0.666666666667
游戏+开发 0.0 0.064976802674 0.310344827586 0.587665264764 0.948769546964 0.287817363506 0.0 0.5 1.0 0.333333333333
联合+出品 0.0 0.0814327187367 0.310344827586 0.768239079178 0.746999540355 0.207857585081 0.0266666666667 0.5 1.0 0.0
游戏+模式 0.0 0.0791184469976 0.310344827586 0.427254754837 0.903285709929 0.321360321803 0.0 0.5 1.0 0.666666666667
入+局 0.0 0.100380022373 0.103448275862 0.607033689663 0.872481415125 0.368167442266 0.0133333333333 0.5 1.0 0.333333333333
国服+代理 3.0 0.0567488446426 0.310344827586 0.553938684199 0.880423592279 0.288826496286 0.0133333333333 0.5 1.0 0.333333333333
中国+市场 0.0 0.126062403574 0.310344827586 0.572060331725 0.914753178366 0.313945946172 0.0 0.5 1.0 0.666666666667
王者+荣耀 2.0 0.448707520871 0.310344827586 0.577006336009 0.94256630559 0.38723659835 0.04 0.5 1.0 0.333333333333
PC+端 0.0 0.210954561551 0.0689655172414 0.615950841326 0.896670312426 0.410413823088 0.0 0.5 1.0 0.0
游戏+体验 2.0 0.139261686432 0.310344827586 0.311436233557 0.975888587557 0.328797976429 0.0 0.5 1.0 0.333333333333
吃+鸡手 0.0 0.060756932246 0.206896551724 0.676577314707 0.877053850674 0.252683932011 0.0533333333333 0.5 1.0 0.333333333333
鸡手+游 0.0 0.060756932246 0.206896551724 0.676577314707 0.877053850674 0.269094174671 0.0533333333333 0.5 1.0 0.333333333333
鸡+游戏 0.0 0.310620938749 0.206896551724 0.389525915361 0.910701384576 0.370188877897 0.0533333333333 0.5 1.0 0.666666666667
游戏+市场 2.0 0.2234139797 0.310344827586 0.689559872232 0.915814857359 0.470499515974 0.0133333333333 0.5 1.0 0.666666666667
移动+端 0.0 0.0610329104842 0.206896551724 0.505291087073 0.878940265152 0.345916643975 0.0 0.5 1.0 0.0
射击+类 0.0 0.0653009271983 0.206896551724 0.513849077448 0.884986278874 0.223916880453 0.0 0.5 1.0 0.333333333333
类+游戏 0.0 0.374286642503 0.206896551724 0.514702238258 0.96983201727 0.488304143801 0.0133333333333 0.5 1.0 0.666666666667
广大+玩家 0.0 0.0650103134583 0.310344827586 0.481973355297 0.840454927879 0.274731965202 0.0 0.5 1.0 0.333333333333
吃+鸡手游 3.0 0.103900766205 0.310344827586 0.642485008204 0.863219499986 0.371612061024 0.0266666666667 0.5 1.0 0.333333333333
英雄+联盟 0.0 0.321889887603 0.310344827586 0.458839215555 0.935530155037 0.317404489349 0.0 0.5 1.0 0.666666666667
射击+游戏 1.0 0.0904531493892 0.310344827586 0.542764791938 0.929766506355 0.302961573312 0.0 0.5 1.0 0.333333333333
手机+游戏 3.0 0.0846411776177 0.310344827586 0.579650957853 0.942906659457 0.333518889449 0.0 0.5 1.0 0.666666666667
鸡+手 0.0 0.0866432326212 0.103448275862 0.688105081443 0.859751363222 0.117841933096 0.0266666666667 0.5 1.0 0.666666666667
竞技+游戏 0.0 0.0693856990378 0.310344827586 0.705652223239 0.867317072965 0.254173945926 0.0 0.5 0.0 0.666666666667
吸引+用户 0.0 0.0725554008859 0.310344827586 0.528057080614 0.851584937347 0.0899631477444 0.0 0.5 1.0 0.333333333333
手游+市场 3.0 0.162837793133 0.310344827586 0.569732611836 0.910858001815 0.351716359952 0.0 0.5 1.0 0.666666666667
国服+版 3.0 0.0780144658294 0.206896551724 0.489845145411 0.902274111177 0.276080212138 0.0 0.5 1.0 0.666666666667
腾讯+代理 2.0 0.279114492221 0.310344827586 0.486811805442 0.949276856115 0.333869376046 0.0266666666667 0.5 1.0 0.333333333333
荒岛+特训 1.0 0.196375358509 0.310344827586 0.701708962715 0.896629465856 0.235106403325 0.0 0.5 1.0 0.333333333333
光荣+使命 1.0 0.417785071117 0.310344827586 0.641839506224 0.916093301513 0.305778572837 0.0 0.5 1.0 0.0
游戏+内容 1.0 0.0689023328622 0.310344827586 0.495523445957 0.866617917808 0.288480945572 0.0 0.5 1.0 0.666666666667
进行+调整 0.0 0.0650103134583 0.310344827586 0.744206990004 0.764687064989 0.0605163585774 0.0 0.5 1.0 0.0
款+手游 0.0 0.0951906631683 0.206896551724 0.662808352693 0.902200381233 0.332322856693 0.0 0.5 0.0 0.333333333333
中国+玩家 2.0 0.185942687191 0.310344827586 0.573933873501 0.920000457166 0.430206289375 0.0 0.5 1.0 0.666666666667
直播+平台 2.0 0.128768393571 0.310344827586 0.413111967 0.927384864769 0.368099548342 0.0 0.5 1.0 0.333333333333
PC+游戏 0.0 0.0930716713536 0.172413793103 0.525085346053 0.91727262052 0.295837520637 0.0 0.5 1.0 0.333333333333
魔兽+世界 0.0 0.0834672597719 0.310344827586 0.723046349199 0.805667298967 0.175387698733 0.0 0.5 1.0 0.333333333333
电竞+俱乐部 0.0 0.0972072031489 0.413793103448 0.574907189441 0.813485460169 0.290344268215 0.0 0.5 1.0 0.666666666667
款+游戏 0.0 0.447664524971 0.206896551724 0.403285175518 0.991724402395 0.476169094702 0.0 0.5 1.0 0.333333333333
定制+版 0.0 0.147224092327 0.206896551724 1.0 0.0 0.154356917578 0.0133333333333 0.5 1.0 0.666666666667
GTX1070Ti-8GD5TYLOO+吃 0.0 0.131519107963 0.655172413793 1.0 0.0 0.0509349106135 0.0 0.5 1.0 0.0
吃+鸡战队 2.0 0.147224092327 0.310344827586 1.0 0.0 0.0696785376045 0.0 0.5 0.0 0.333333333333
鸡战队+联名 0.0 0.131519107963 0.413793103448 1.0 0.0 0.0261505218352 0.0 0.5 0.0 0.333333333333
联名+定制 0.0 0.131519107963 0.310344827586 1.0 0.0 0.0720108825815 0.0 0.5 1.0 0.333333333333
平均+帧数 1.0 0.161316696749 0.310344827586 0.82100105262 0.181086963444 0.263345768751 0.0 0.5 1.0 0.333333333333
素质+广场 0.0 0.147970451576 0.310344827586 0.82100105262 0.181086963444 0.218756752916 0.0 0.5 1.0 0.666666666667
Steam+平台 2.0 0.0860950591756 0.275862068966 0.517256584119 0.916824625614 0.275399572717 0.0 0.5 1.0 0.333333333333
游戏+玩家 0.0 0.123257710384 0.310344827586 0.471404095963 0.957211814796 0.340875995185 0.0 0.5 1.0 0.666666666667
大吉+大利 2.0 0.168621997281 0.310344827586 0.393753853088 0.980280404972 0.236114460267 0.04 0.5 1.0 0.333333333333
数据+显示 0.0 0.0846411776177 0.310344827586 0.512328636643 0.905437043257 0.156822734838 0.0 0.5 1.0 0.333333333333
正式+上线 2.0 0.0610329104842 0.310344827586 0.501231071401 0.877396434707 0.305381799003 0.0 0.5 1.0 0.0
蓝洞+公司 2.0 0.198827110411 0.310344827586 0.451844734033 0.940770785183 0.457594544603 0.0133333333333 0.5 1.0 0.666666666667
现象+级 0.0 0.260013794031 0.206896551724 0.527528394483 0.908526912373 0.369078686415 0.0133333333333 0.5 1.0 0.666666666667
级+游戏 0.0 0.206437034449 0.206896551724 0.624581373694 0.892759427226 0.298609597128 0.0133333333333 0.5 0.0 0.666666666667
战略+合作 0.0 0.112409871554 0.310344827586 0.666308735857 0.763366698956 0.157634297474 0.0 0.5 1.0 0.333333333333
游戏+厂商 3.0 0.194530677486 0.310344827586 0.514638323585 0.928824974227 0.450181968419 0.0 0.5 1.0 0.666666666667
玩家+数量 2.0 0.0832041565728 0.310344827586 0.381818944637 0.907738608884 0.324569222011 0.0 0.5 1.0 0.666666666667
手机+端 0.0 0.0705465843969 0.206896551724 0.583466044691 0.806226858876 0.281606266946 0.0 0.5 1.0 0.333333333333
国内+游戏 0.0 0.161832492694 0.310344827586 0.569078561222 0.90111022752 0.337721509648 0.0 0.5 1.0 0.666666666667
游戏+行业 0.0 0.163335401395 0.310344827586 0.530816098372 0.887510035827 0.395236085266 0.0133333333333 0.5 1.0 0.666666666667
网络+游戏 0.0 0.0780144658294 0.310344827586 0.521985640923 0.881181876712 0.299122321276 0.0 0.5 1.0 0.666666666667
新浪+财经 0.0 0.0951906631683 0.310344827586 0.673699296517 0.765347492632 0.0687979980253 0.0 0.5 1.0 0.666666666667
财经+股吧 0.0 0.057465226031 0.310344827586 0.673699296517 0.765347492632 0.0 0.0 0.5 0.0 0.666666666667
受+欢迎 0.0 0.0687061709403 0.206896551724 0.433409326331 0.949245696633 0.247020549127 0.0 0.5 0.0 0.0
逃杀+类 2.0 0.0689023328622 0.206896551724 0.584615964043 0.901797436579 0.232865983474 0.0 0.5 1.0 0.333333333333
TechWeb+报道 0.0 0.0614571781238 0.344827586207 0.353568452112 0.587347009183 0.045758336809 0.0 0.5 1.0 0.333333333333
代理+国服 0.0 0.110716758633 0.310344827586 0.763649917875 0.807642264237 0.199385935571 0.0 0.5 1.0 0.333333333333
段+时间 0.0 0.0614571781238 0.206896551724 0.477288818819 0.917415484984 0.261372985611 0.0 0.5 0.0 0.333333333333
手机+版 0.0 0.064976802674 0.206896551724 0.543372339691 0.612671084469 0.247251605787 0.0 0.5 1.0 0.666666666667
正式+宣布 0.0 0.0650103134583 0.310344827586 0.448828069252 0.900605148365 0.282965257331 0.0133333333333 0.5 1.0 0.0
款+吃鸡 0.0 0.0846411776177 0.206896551724 0.685885245569 0.891789835225 0.287014361085 0.0 0.5 1.0 0.333333333333
类+手游 0.0 0.115330516508 0.206896551724 0.617434941377 0.909892760567 0.307280607757 0.0 0.5 1.0 0.666666666667
名+玩家 0.0 0.0860950591756 0.206896551724 0.5134991367 0.947272716126 0.237905634935 0.0 0.5 0.0 0.333333333333
新+模式 0.0 0.0869790415805 0.206896551724 0.272603886935 0.7621434849 0.361339515909 0.0133333333333 0.5 1.0 0.333333333333
代理+运营权 0.0 0.0925105999954 0.413793103448 0.725609036046 0.761474357959 0.0941730221062 0.04 0.5 0.0 0.333333333333
游戏+公司 0.0 0.104951135022 0.310344827586 0.68442801973 0.872258732541 0.374669676503 0.0 0.5 1.0 0.666666666667
游戏+直播 2.0 0.0689023328622 0.310344827586 0.621379776959 0.862122975233 0.324521718749 0.0 0.5 1.0 0.333333333333
荒野+行动 0.0 0.411835507259 0.310344827586 0.611504196876 0.924825101876 0.284729842127 0.0266666666667 0.5 1.0 0.333333333333
游戏+进行 0.0 0.0653009271983 0.310344827586 0.766726506332 0.769045723715 0.27735809597 0.0 0.5 1.0 0.333333333333
AppStore+免费 0.0 0.0693856990378 0.379310344828 0.701243839639 0.795565044042 0.223318976416 0.0 0.5 0.0 0.0
免费+榜 0.0 0.0866432326212 0.206896551724 0.780393687237 0.769530739791 0.278088165824 0.0 0.5 1.0 0.333333333333
生存+类 2.0 0.089660676768 0.206896551724 0.524490344619 0.854796758858 0.216822497697 0.0 0.5 1.0 0.333333333333
PC+版 0.0 0.138119849422 0.0689655172414 0.665759235095 0.727577806301 0.303111503888 0.0133333333333 0.5 1.0 0.333333333333
穿越+火线 0.0 0.143200122789 0.310344827586 0.750784331439 0.844144000409 0.248046413369 0.0 0.5 1.0 0.0
类型+游戏 0.0 0.0977021422053 0.310344827586 0.569215479458 0.860869487431 0.331567237659 0.0 0.5 1.0 0.666666666667
中国+经济 0.0 0.107931716057 0.310344827586 0.905156067289 0.40048078454 0.0720867503533 0.0 0.5 0.0 0.666666666667
经济+周刊 0.0 0.107931716057 0.310344827586 0.905156067289 0.40048078454 0.0492600813899 0.0 0.5 0.0 0.333333333333
游戏+工委 3.0 0.117825925451 0.310344827586 0.694996584683 0.817790615473 0.240000201069 0.0 0.5 1.0 0.333333333333
总局+业务 0.0 0.110280838023 0.310344827586 0.663837216033 0.815363633395 0.0914266954298 0.0 0.5 1.0 0.666666666667
业务+主管 0.0 0.185731712298 0.310344827586 0.663837216033 0.815363633395 0.2289874474 0.0 0.5 1.0 0.333333333333
主管+部门 0.0 0.280463810306 0.310344827586 0.612111049873 0.885967320128 0.357550847288 0.0133333333333 0.5 1.0 0.333333333333
军事+演习 0.0 0.0732047607053 0.310344827586 0.594776997797 0.840898221376 0.28692714324 0.0 0.5 1.0 0.333333333333
相关+指导 0.0 0.0610329104842 0.310344827586 0.774296099235 0.743852762296 0.0 0.0 0.5 1.0 0.0
指导+意见 0.0 0.0791184469976 0.310344827586 0.688965371302 0.824055384849 0.101013917565 0.0 0.5 0.0 0.333333333333
确保+符合 0.0 0.0531634881066 0.310344827586 0.774296099235 0.743852762296 0.0 0.0 0.5 1.0 0.0
核心+价值观 0.0 0.100346301747 0.413793103448 0.598219255127 0.896086886226 0.110931498433 0.0 0.5 0.0 0.666666666667
传统+文化 0.0 0.0836163245849 0.310344827586 0.590630585426 0.878692312806 0.0309150857135 0.0 0.5 1.0 0.666666666667
文化+习惯 0.0 0.0836163245849 0.310344827586 0.590630585426 0.878692312806 0.0 0.0 0.5 0.0 0.333333333333
道德+规范 0.0 0.0896800501548 0.310344827586 0.590630585426 0.878692312806 0.0275648614583 0.0 0.5 1.0 0.333333333333
玩+家中 0.0 0.064976802674 0.206896551724 0.400454331206 0.931602656253 0.278373433773 0.0 0.5 1.0 0.333333333333
逃杀+游戏 2.0 0.0897620484109 0.310344827586 0.53150883587 0.800853604077 0.232660428077 0.0133333333333 0.5 0.0 0.333333333333
手游+产品 0.0 0.0743840934849 0.310344827586 0.638611748818 0.861757944679 0.220814618063 0.0 0.5 1.0 0.666666666667
游戏+类型 2.0 0.060756932246 0.310344827586 0.552323260595 0.877448580301 0.282154758884 0.0 0.5 1.0 0.666666666667
守望+先锋 0.0 0.0743840934849 0.310344827586 0.744327699424 0.783491446601 0.193823747047 0.0 0.5 1.0 0.333333333333
空降+竞技 0.0 0.201355432267 0.310344827586 0.897116387216 0.337796835655 0.297480164727 0.0 0.5 1.0 0.333333333333
宣布+代理 3.0 0.0653009271983 0.310344827586 0.640564574691 0.842192775529 0.118849264613 0.0266666666667 0.5 1.0 0.0
竞技+类 2.0 0.117306842099 0.206896551724 0.520975275777 0.653761613476 0.191212196843 0.0 0.5 1.0 0.666666666667
反+外挂 2.0 0.0869790415805 0.206896551724 0.564414667083 0.764199959462 0.295217122865 0.0 0.5 1.0 0.0
逃杀+模式 2.0 0.0897620484109 0.310344827586 0.665158841465 0.831471825759 0.236777074141 0.0 0.5 1.0 0.333333333333
达成+战略 0.0 0.0977021422053 0.310344827586 0.709863333846 0.720353049407 0.120434707718 0.0 0.5 0.0 0.333333333333
国服+提供 0.0 0.0693856990378 0.310344827586 0.743557614875 0.632618212181 0.0805067148552 0.0 0.5 0.0 0.333333333333
外挂+打击 3.0 0.0689023328622 0.310344827586 0.565822514769 0.766570593505 0.12738698814 0.0 0.5 1.0 0.0
符合+相关 0.0 0.0567488446426 0.310344827586 0.779484113716 0.680396298529 0.0 0.0 0.5 0.0 0.0
相关+规定 0.0 0.0610329104842 0.310344827586 0.703628473957 0.763129420382 0.0232057759356 0.0 0.5 1.0 0.333333333333
内容+进行 0.0 0.0567488446426 0.310344827586 0.779484113716 0.680396298529 0.0 0.0 0.5 1.0 0.333333333333
突出+游戏 0.0 0.0567488446426 0.310344827586 0.779484113716 0.680396298529 0.0 0.0 0.5 0.0 0.333333333333
团队+协作 0.0 0.0567488446426 0.310344827586 0.779484113716 0.680396298529 0.0 0.0 0.5 1.0 0.333333333333
公平+竞技 0.0 0.0567488446426 0.310344827586 0.779484113716 0.680396298529 0.0 0.0 0.5 0.0 0.333333333333
竞技+属性 0.0 0.064976802674 0.310344827586 0.779484113716 0.680396298529 0.0325665637447 0.0 0.5 1.0 0.666666666667
合作+伙伴 0.0 0.108957806256 0.310344827586 0.60416703517 0.858816468174 0.211876704811 0.0 0.5 1.0 0.333333333333
在线+人数 2.0 0.0801004883133 0.310344827586 0.375447747543 0.9074395473 0.30509227875 0.0 0.5 1.0 0.333333333333
西山+居 0.0 0.0925504260589 0.206896551724 0.649065292176 0.783597851573 0.27237588037 0.0 0.5 1.0 0.333333333333
广电+总局 3.0 0.227565552019 0.310344827586 0.606707276999 0.851407467349 0.337684087744 0.0133333333333 0.5 1.0 0.333333333333
暴力+内容 0.0 0.057465226031 0.310344827586 0.66488584498 0.84180326134 0.0325665637447 0.0 0.5 1.0 0.666666666667
否定+态度 0.0 0.110751880777 0.310344827586 0.640794146788 0.84630576688 0.132851101556 0.0 0.5 1.0 0.333333333333
建议+国内 0.0 0.0610329104842 0.310344827586 0.517652931703 0.806637402254 0.1279325904 0.0 0.5 0.0 0.666666666667
游戏+企业 0.0 0.0801004883133 0.310344827586 0.485864014243 0.818185908412 0.149809134928 0.0 0.5 0.0 0.666666666667
企业+不宜 0.0 0.0610329104842 0.310344827586 0.451270819812 0.812708452715 0.0108555212483 0.0 0.5 0.0 0.333333333333
不宜+安排 0.0 0.0610329104842 0.310344827586 0.451270819812 0.812708452715 0.0 0.0 0.5 1.0 0.0
安排+研发 0.0 0.0610329104842 0.310344827586 0.451270819812 0.812708452715 0.0 0.0 0.5 0.0 0.0
引进+此类 0.0 0.0610329104842 0.310344827586 0.451270819812 0.812708452715 0.00776795757642 0.0 0.5 0.0 0.0
此类+游戏 0.0 0.220935020082 0.310344827586 0.506198626365 0.829416647665 0.263455167868 0.0 0.5 0.0 0.333333333333
保持+密切 0.0 0.0614571781238 0.310344827586 0.607750681691 0.822366271308 0.0974066641371 0.0 0.5 0.0 0.0
游戏+产品 0.0 0.0801543164037 0.310344827586 0.803481592713 0.735185362467 0.22770986767 0.0 0.5 1.0 0.666666666667
港股+模拟 0.0 0.0767508800122 0.310344827586 0.620982960621 0.529857658132 0.0864495673451 0.0 0.5 0.0 0.333333333333
模拟+大赛 0.0 0.0767508800122 0.310344827586 0.620982960621 0.529857658132 0.0740996291529 0.0 0.5 0.0 0.0
最高+时速 0.0 0.110716758633 0.310344827586 0.596446817216 0.397399902889 0.244395141768 0.0 0.5 1.0 0.333333333333
游戏+主播 2.0 0.0653009271983 0.310344827586 0.568300781357 0.790809249387 0.262289636595 0.0 0.5 1.0 0.666666666667
K+哥 0.0 0.16292907669 0.0344827586207 1.0 0.0 0.14245453022 0.0 0.5 1.0 0.333333333333
官方+微博 2.0 0.060756932246 0.310344827586 0.29784463739 0.800822489227 0.291486217499 0.0 0.5 1.0 0.666666666667
国家+新闻 0.0 0.0732047607053 0.310344827586 0.56552795133 0.819415324217 0.142888660808 0.0 0.5 1.0 0.666666666667
新闻+出版 0.0 0.0732047607053 0.310344827586 0.56552795133 0.819415324217 0.10627297682 0.0 0.5 1.0 0.333333333333
严重+偏离 0.0 0.0531634881066 0.310344827586 0.647849742917 0.821598016682 0.0659721495117 0.0 0.5 1.0 0.0
偏离+我国 0.0 0.0531634881066 0.310344827586 0.647849742917 0.821598016682 0.0448961775436 0.0 0.5 0.0 0.333333333333
利于+青少年 0.0 0.0687061709403 0.413793103448 0.613487284515 0.848055393798 0.0446589278411 0.0 0.5 0.0 0.333333333333
青少年+消费者 3.0 0.0610329104842 0.51724137931 0.647849742917 0.821598016682 0.00776795757642 0.0 0.5 1.0 0.666666666667
CF+手游 1.0 0.134624206403 0.172413793103 0.722451221996 0.574602864774 0.260673464523 0.0 0.5 1.0 0.333333333333
最低+帧数 0.0 0.131519107963 0.310344827586 1.0 0.0 0.116462015452 0.0 0.5 1.0 0.333333333333
画质帧率+表现 0.0 0.16292907669 0.51724137931 1.0 0.0 0.15845683401 0.0 0.5 0.0 0.333333333333
开发商+蓝洞 2.0 0.0567488446426 0.413793103448 0.518240989208 0.832828675329 0.289452629913 0.0 0.5 1.0 0.666666666667
测试+此类 0.0 0.0567488446426 0.310344827586 0.487231785219 0.797944614264 0.0231682663729 0.0 0.5 0.0 0.0
游戏+方式 0.0 0.064976802674 0.310344827586 0.427823339591 0.809303741073 0.0991647995125 0.0 0.5 1.0 0.666666666667
方式+吸引 0.0 0.0567488446426 0.310344827586 0.487231785219 0.797944614264 0.0115841331865 0.0 0.5 0.0 0.333333333333
获得+出版 0.0 0.0951906631683 0.310344827586 0.620368510763 0.818565897187 0.0310194511491 0.0 0.5 0.0 0.0
出版+运营 0.0 0.0977021422053 0.310344827586 0.640487590467 0.814878885604 0.0532380262404 0.0 0.5 0.0 0.0
运营+许可 2.0 0.104951135022 0.310344827586 0.640487590467 0.814878885604 0.0682888773647 0.0 0.5 1.0 0.0
使命+行动 0.0 0.110280838023 0.310344827586 0.63714722932 0.83617594737 0.0992425530128 0.0 0.5 1.0 0.0
游戏+业务 0.0 0.1061004475 0.310344827586 0.760956692405 0.510786077991 0.20697376 0.0133333333333 0.5 1.0 0.666666666667
免费+游戏 0.0 0.0743840934849 0.310344827586 0.699349008077 0.754253869713 0.269903814725 0.0 0.5 1.0 0.333333333333
游戏+出版 0.0 0.0725554008859 0.310344827586 0.686685422366 0.808750002297 0.160022817499 0.0 0.5 1.0 0.333333333333
工作+委员会 0.0 0.0567488446426 0.413793103448 0.659585783612 0.785345339551 0.142374608583 0.0 0.5 1.0 0.333333333333
出版+广电 0.0 0.0693856990378 0.310344827586 0.688011808695 0.789557764293 0.0631137879128 0.0 0.5 0.0 0.0
CF+荒岛 2.0 0.16292907669 0.172413793103 1.0 0.0 0.0696734627778 0.0 0.5 0.0 0.333333333333
B5+电竞馆 0.0 0.147224092327 0.275862068966 1.0 0.0 0.334022175785 0.0133333333333 0.5 1.0 0.333333333333
光子+工作+室群 3.0 0.0843443241516 0.551724137931 0.740810534642 0.516511538026 0.187042961369 0.0 1.0 1.0 0.666666666667
吃+鸡手+游 2.0 0.060756932246 0.344827586207 0.676577314707 0.877053850674 0.252683932011 0.0533333333333 1.0 1.0 0.333333333333
吃+鸡+游戏 2.0 0.310620938749 0.344827586207 0.389525915361 0.910701384576 0.37069177782 0.0533333333333 1.0 1.0 0.666666666667
吃+鸡+手 0.0 0.0866432326212 0.241379310345 0.688105081443 0.859751363222 0.170127469761 0.0266666666667 1.0 1.0 0.666666666667
鸡+手+游 0.0 0.0866432326212 0.241379310345 0.688105081443 0.859751363222 0.117841933096 0.0266666666667 1.0 1.0 0.666666666667
GTX1070Ti-8GD5TYLOO+吃+鸡战队 3.0 0.131519107963 1.0 1.0 0.0 0.0509349106135 0.0 1.0 0.0 0.333333333333
吃+鸡战队+联名 0.0 0.131519107963 0.551724137931 1.0 0.0 0.0312595219 0.0 1.0 0.0 0.333333333333
鸡战队+联名+定制 0.0 0.131519107963 0.655172413793 1.0 0.0 0.0261505218352 0.0 1.0 0.0 0.666666666667
现象+级+游戏 3.0 0.206437034449 0.448275862069 0.624581373694 0.892759427226 0.30528742827 0.0133333333333 1.0 0.0 1.0
游戏+的+玩家 0.0 0.0801543164037 0.448275862069 0.67760668877 0.801554956868 0.241546903518 0.0 1.0 0.0 0.666666666667
新浪+财经+股吧 0.0 0.057465226031 0.551724137931 0.673699296517 0.765347492632 0.00776795757642 0.0 1.0 0.0 1.0
中国+经济+周刊 0.0 0.107931716057 0.551724137931 0.905156067289 0.40048078454 0.0720867503533 0.0 1.0 0.0 0.666666666667
总局+业务+主管 0.0 0.110280838023 0.551724137931 0.663837216033 0.815363633395 0.0914266954298 0.0 1.0 0.0 0.666666666667
业务+主管+部门 0.0 0.185731712298 0.551724137931 0.663837216033 0.815363633395 0.2289874474 0.0 1.0 1.0 0.666666666667
公司+遵循+主管 0.0 0.0567488446426 0.551724137931 0.770615842241 0.749286888576 0.0115841331865 0.0 1.0 0.0 0.333333333333
部门+的+相关 0.0 0.0610329104842 0.448275862069 0.774296099235 0.743852762296 0.0108555212483 0.0 1.0 0.0 0.333333333333
相关+指导+意见 0.0 0.0610329104842 0.551724137931 0.774296099235 0.743852762296 0.0 0.0 1.0 0.0 0.333333333333
符合+社会主义+核心 0.0 0.0718139903635 0.758620689655 0.672208312399 0.83306918562 0.09625209851 0.0 1.0 0.0 0.666666666667
中华民族+的+传统 0.0 0.0836163245849 0.655172413793 0.590630585426 0.878692312806 0.0680453807561 0.0 1.0 0.0 0.666666666667
传统+文化+习惯 0.0 0.0836163245849 0.551724137931 0.590630585426 0.878692312806 0.0309150857135 0.0 1.0 0.0 0.666666666667
习惯+与+道德 0.0 0.0836163245849 0.448275862069 0.590630585426 0.878692312806 0.0 0.0 1.0 0.0 0.333333333333
竞技+类+游戏 0.0 0.117306842099 0.448275862069 0.520975275777 0.653761613476 0.191212196843 0.0 1.0 0.0 1.0
类型+的+游戏 0.0 0.0610329104842 0.448275862069 0.468913366091 0.903899733214 0.181353454994 0.0 1.0 0.0 0.666666666667
求生+大+逃杀 3.0 0.108249444751 0.448275862069 0.307367474969 0.910868172573 0.0844310840593 0.0133333333333 1.0 0.0 0.0
达成+战略+合作 0.0 0.0977021422053 0.551724137931 0.709863333846 0.720353049407 0.120434707718 0.0 1.0 1.0 0.333333333333
符合+相关+规定 0.0 0.0567488446426 0.551724137931 0.779484113716 0.680396298529 0.0 0.0 1.0 0.0 0.333333333333
规定+的+内容 0.0 0.0567488446426 0.448275862069 0.779484113716 0.680396298529 0.0 0.0 1.0 0.0 0.666666666667
内容+进行+调整 0.0 0.0567488446426 0.551724137931 0.779484113716 0.680396298529 0.0 0.0 1.0 0.0 0.333333333333
游戏+的+团队 0.0 0.0610329104842 0.448275862069 0.703628473957 0.763129420382 0.0434220849929 0.0 1.0 0.0 0.666666666667
协作+和+公平 0.0 0.0567488446426 0.448275862069 0.779484113716 0.680396298529 0.0 0.0 1.0 0.0 0.0
公平+竞技+属性 0.0 0.0567488446426 0.551724137931 0.779484113716 0.680396298529 0.0 0.0 1.0 0.0 0.666666666667
建议+国内+游戏 0.0 0.0610329104842 0.551724137931 0.517652931703 0.806637402254 0.1279325904 0.0 1.0 0.0 1.0
国内+游戏+企业 0.0 0.0725554008859 0.551724137931 0.485864014243 0.818185908412 0.136679073508 0.0 1.0 1.0 1.0
游戏+企业+不宜 0.0 0.0610329104842 0.551724137931 0.451270819812 0.812708452715 0.0547439012517 0.0 1.0 0.0 0.666666666667
企业+不宜+安排 0.0 0.0610329104842 0.551724137931 0.451270819812 0.812708452715 0.0108555212483 0.0 1.0 0.0 0.333333333333
不宜+安排+研发 0.0 0.0610329104842 0.551724137931 0.451270819812 0.812708452715 0.0 0.0 1.0 0.0 0.0
引进+此类+游戏 0.0 0.0610329104842 0.551724137931 0.451270819812 0.812708452715 0.00776795757642 0.0 1.0 0.0 0.333333333333
港股+模拟+大赛 2.0 0.0767508800122 0.551724137931 0.620982960621 0.529857658132 0.0864495673451 0.0 1.0 1.0 0.333333333333
国家+新闻+出版 0.0 0.0732047607053 0.551724137931 0.56552795133 0.819415324217 0.142888660808 0.0 1.0 0.0 0.666666666667
款+大+逃杀 0.0 0.0653009271983 0.344827586207 0.482120103787 0.807295003157 0.180950936383 0.0 1.0 0.0 0.0
严重+偏离+我国 0.0 0.0531634881066 0.551724137931 0.647849742917 0.821598016682 0.0659721495117 0.0 1.0 0.0 0.333333333333
我国+社会主义+核心 0.0 0.0531634881066 0.758620689655 0.647849742917 0.821598016682 0.0238202055755 0.0 1.0 1.0 1.0
利于+青少年+消费者 0.0 0.0610329104842 0.758620689655 0.647849742917 0.821598016682 0.0155359151528 0.0 1.0 0.0 0.666666666667
消费者+的+身心健康 0.0 0.0610329104842 0.758620689655 0.647849742917 0.821598016682 0.0 0.0 1.0 0.0 0.333333333333
测试+此类+游戏 0.0 0.0567488446426 0.551724137931 0.487231785219 0.797944614264 0.0231682663729 0.0 1.0 0.0 0.333333333333
方式+吸引+用户 0.0 0.0567488446426 0.551724137931 0.487231785219 0.797944614264 0.0115841331865 0.0 1.0 0.0 0.666666666667
获得+出版+运营 0.0 0.0951906631683 0.551724137931 0.620368510763 0.818565897187 0.0310194511491 0.0 1.0 0.0 0.0
出版+运营+许可 0.0 0.0977021422053 0.551724137931 0.640487590467 0.814878885604 0.0532380262404 0.0 1.0 1.0 0.0
新闻+出版+广电 0.0 0.0693856990378 0.551724137931 0.688011808695 0.789557764293 0.087995852298 0.0 1.0 0.0 0.333333333333
出版+广电+总局 0.0 0.0693856990378 0.551724137931 0.688011808695 0.789557764293 0.0631137879128 0.0 1.0 1.0 0.333333333333
CF+荒岛+特训 0.0 0.16292907669 0.413793103448 1.0 0.0 0.0696734627778 0.0 1.0 0.0 0.333333333333
