英国+经济 2.0 0.299227522906 0.375 0.350623552856 0.920916059043 0.434256942527 0.03125 0.5 1.0 0.666666666667
经济+增长 0.0 0.223378865166 0.375 0.387523977576 0.828757316386 0.419556361663 0.03125 0.5 1.0 0.333333333333
英国+央行 2.0 0.287597506008 0.375 0.401033196599 0.763148038427 0.371481627881 0.0 0.5 1.0 0.333333333333
脱欧+谈判 3.0 0.30806318331 0.375 0.193856316746 0.95438682046 0.53456920313 0.109375 0.5 1.0 0.0
新浪+财经 0.0 0.114246550637 0.375 0.236275573593 0.930518422448 0.0484781923223 0.0 0.5 1.0 0.666666666667
财经+股吧 0.0 0.110821922861 0.375 0.236275573593 0.930518422448 0.0 0.0 0.5 0.0 0.666666666667
欧+谈判 0.0 0.244800545361 0.25 0.285480115545 0.888283212619 0.395051920348 0.109375 0.5 0.0 0.0
FX168+财经 0.0 0.0520686187172 0.333333333333 0.79742063094 0.499837277283 0.0189428698577 0.0 0.5 0.0 0.333333333333
财经+报社 0.0 0.0520686187172 0.375 0.79742063094 0.499837277283 0.0189428698577 0.0 0.5 0.0 0.666666666667
英国+首相 2.0 0.195631657531 0.375 0.286255182624 0.903218004127 0.317728166959 0.015625 0.5 1.0 0.666666666667
首相+特雷莎·梅 2.0 0.174093963142 0.708333333333 0.363748284378 0.845259935431 0.276460429366 0.0 0.5 1.0 0.666666666667
欧盟+委员会 2.0 0.167096079117 0.5 0.290777035792 0.884122998852 0.298864159978 0.0 0.5 1.0 0.333333333333
委员会+主席 2.0 0.123712670851 0.5 0.347738460769 0.804467770297 0.224137827837 0.0 0.5 0.0 0.666666666667
主席+容克 3.0 0.0986537342215 0.375 0.393485772881 0.75118585431 0.164609965942 0.0 0.5 0.0 0.666666666667
英国+退欧 2.0 0.0699449258322 0.375 0.363057341384 0.588029033474 0.318862241979 0.0 0.5 1.0 0.333333333333
外媒+报道 0.0 0.0752491611991 0.375 0.375741202063 0.694996453028 0.103110024124 0.0 0.5 1.0 0.333333333333
欧洲+议会 2.0 0.0967007297368 0.375 0.363365480553 0.76112625614 0.281292927852 0.0 0.5 1.0 0.666666666667
首席+谈判 0.0 0.098429703681 0.375 0.480191846346 0.754119219279 0.16466579168 0.015625 0.5 1.0 0.333333333333
谈判+代表 3.0 0.155305045689 0.375 0.420726773288 0.849178405375 0.325839585293 0.03125 0.5 1.0 0.0
爱尔兰+边界 2.0 0.225381599807 0.5 0.453407697344 0.834818845336 0.330966356602 0.0 0.5 1.0 0.666666666667
边界+问题 2.0 0.228351425483 0.375 0.511589497781 0.790472713026 0.323890003766 0.0 0.5 1.0 0.666666666667
公民+权利 0.0 0.0969202759159 0.375 0.550158294384 0.804065701322 0.369897848761 0.0 0.5 1.0 0.666666666667
关键+问题 0.0 0.102854652234 0.375 0.385937576216 0.8140756161 0.299774907597 0.0 0.5 1.0 0.333333333333
欧盟+首席 0.0 0.128342688892 0.375 0.413965957102 0.812638969551 0.113988033136 0.046875 0.5 1.0 0.333333333333
达成+协议 0.0 0.225226737783 0.375 0.336565272801 0.893417315722 0.363584828574 0.0625 0.5 1.0 0.333333333333
爱尔兰+边境 2.0 0.27069966966 0.5 0.528167715211 0.780552287336 0.368775888936 0.03125 0.5 1.0 0.666666666667
谈判+取得 0.0 0.167032026771 0.375 0.493820769625 0.821138514312 0.293137787859 0.0625 0.5 1.0 0.0
欧盟+峰会 2.0 0.156002379367 0.375 0.308052046596 0.852790166487 0.422046259301 0.015625 0.5 1.0 0.333333333333
欧盟+官员 0.0 0.11776994927 0.375 0.70419391076 0.666057515356 0.203879482261 0.0 0.5 1.0 0.333333333333
取得+进展 0.0 0.153872822906 0.375 0.421097145561 0.849262311585 0.334549378859 0.015625 0.5 1.0 0.0
英镑+兑 0.0 0.355913426952 0.25 0.778378036178 0.680874578783 0.320298652094 0.03125 0.5 1.0 0.333333333333
兑+美元 0.0 0.34244914393 0.25 0.771456158 0.694081202228 0.399356678428 0.03125 0.5 1.0 0.0
数据+显示 0.0 0.0963132251277 0.375 0.553166811435 0.857844969022 0.165104818038 0.0 0.5 1.0 0.333333333333
欧盟+谈判 2.0 0.0520686187172 0.375 0.475949386296 0.741484202686 0.268140903931 0.0 0.5 1.0 0.0
贸易+谈判 2.0 0.128342688892 0.375 0.43215490347 0.74526620372 0.353800581801 0.0 0.5 1.0 0.0
问题+达成 0.0 0.126341038812 0.375 0.354909524906 0.840871296921 0.261028370636 0.0 0.5 0.0 0.333333333333
达成+脱 0.0 0.0699449258322 0.25 0.445716720539 0.789435423907 0.212868050575 0.03125 0.5 0.0 0.0
欧洲+理事会 2.0 0.105851074228 0.5 0.341128822579 0.880247567188 0.225163232493 0.0 0.5 1.0 0.666666666667
理事会+主席 2.0 0.0847243333031 0.5 0.4114450806 0.814825319265 0.196284376951 0.0 0.5 0.0 0.666666666667
主席+图斯克 2.0 0.0584043199869 0.5 0.494579332317 0.758271470104 0.169566907101 0.0 0.5 0.0 0.666666666667
脱欧+费用 0.0 0.101378377601 0.375 0.317055578204 0.66171928632 0.323673247708 0.015625 0.5 1.0 0.333333333333
达成+共识 0.0 0.077670853715 0.375 0.660261318755 0.526095263164 0.234673003774 0.015625 0.5 1.0 0.333333333333
北京+时间 0.0 0.0806294861105 0.375 0.532488300272 0.559342598915 0.256226611049 0.0 0.5 1.0 0.666666666667
阶段+谈判 0.0 0.0752491611991 0.375 0.674116786878 0.632676622466 0.258683747157 0.0 0.5 0.0 0.333333333333
副+总理 0.0 0.190338939066 0.25 0.665951956383 0.677586417446 0.312240149194 0.015625 0.5 1.0 0.333333333333
爱尔兰+政府 2.0 0.11794087167 0.5 0.825416834098 0.594521164875 0.252910978694 0.0 0.5 1.0 0.666666666667
关税+同盟 0.0 0.0699449258322 0.375 0.645108102462 0.521934276795 0.208142390596 0.0 0.5 1.0 0.666666666667
离开+欧盟 0.0 0.144790788644 0.375 0.368118069619 0.800382480564 0.30328781336 0.0 0.5 1.0 0.0
责任+编辑 0.0 0.0890956266969 0.375 0.330708525015 0.624983897575 0.200074472357 0.0 0.5 1.0 0.666666666667
英国+政府 0.0 0.261752724413 0.375 0.189181643513 0.929496614241 0.399107486477 0.0 0.5 1.0 0.666666666667
报道+称 0.0 0.17296176982 0.25 0.126624398476 0.913562331399 0.205152211957 0.0 0.5 1.0 0.0
欧+分手费 0.0 0.240325288761 0.375 0.418998341189 0.825771169709 0.318421685515 0.171875 0.5 0.0 0.333333333333
自由+贸易 0.0 0.0967007297368 0.375 0.607812298848 0.73758750213 0.246107809436 0.0 0.5 1.0 0.0
财政+大臣 0.0 0.0584043199869 0.375 0.368332649874 0.804834261283 0.179393110776 0.0 0.5 0.0 0.666666666667
贸易+协议 2.0 0.17729746072 0.375 0.425138946047 0.843944727175 0.35396817945 0.0 0.5 1.0 0.333333333333
英国+支付 0.0 0.0636588899579 0.375 0.649938557502 0.567439952667 0.153270209228 0.0 0.5 1.0 0.333333333333
边境+问题 2.0 0.384578399004 0.375 0.566411788827 0.754455701182 0.409163155719 0.03125 0.5 1.0 0.666666666667
进行+谈判 0.0 0.0520686187172 0.375 0.331760756886 0.815741771774 0.212283489872 0.0 0.5 1.0 0.0
走+高 0.0 0.105971843197 0.125 0.814294356499 0.516815284039 0.272546502831 0.0 0.5 1.0 0.0
走+强 0.0 0.0699449258322 0.125 0.645217905398 0.570506093017 0.222980758455 0.015625 0.5 1.0 0.0
解决+方案 2.0 0.130059202694 0.375 0.347846238139 0.684632492664 0.294757809943 0.0 0.5 1.0 0.333333333333
单一+市场 0.0 0.0967007297368 0.375 0.53256081888 0.603056362011 0.279095108756 0.0 0.5 1.0 0.333333333333
欧盟+支付 0.0 0.106989713049 0.375 0.754540194234 0.603338170083 0.276173162983 0.0 0.5 1.0 0.0
脱离+欧盟 0.0 0.074960249285 0.375 0.0079685042094 0.715757312676 0.281592252043 0.0 0.5 0.0 0.0
媒体+报道 0.0 0.0868394324398 0.375 0.41979825842 0.656824406975 0.232646901687 0.0 0.5 1.0 0.333333333333
脱欧+进程 3.0 0.0967007297368 0.375 0.210846643957 0.725796626539 0.286355297493 0.03125 0.5 1.0 0.333333333333
官员+表示 0.0 0.110078631689 0.375 0.552856897478 0.558023912613 0.201744947425 0.0 0.5 1.0 0.333333333333
欧盟+要求 0.0 0.117696714607 0.375 0.366132059161 0.812392393457 0.23156186733 0.0 0.5 1.0 0.0
税+改 2.0 0.114175149338 0.125 0.588947813932 0.453547694501 0.313978644588 0.0 0.5 1.0 0.333333333333
欧盟+方面 2.0 0.108211841746 0.375 0.495128405048 0.752525119467 0.196965555659 0.0 0.5 1.0 0.333333333333
英国+媒体 2.0 0.100408066198 0.375 0.664973322236 0.616235603543 0.271885350298 0.0 0.5 1.0 0.666666666667
经济+数据 2.0 0.101872964972 0.375 0.820353435536 0.498583057341 0.325979041971 0.0 0.5 1.0 0.666666666667
具体+金额 0.0 0.0967007297368 0.375 0.916845971495 0.268355184117 0.143244083806 0.0 0.5 1.0 0.333333333333
每日+电讯报 0.0 0.130093447497 0.5 0.603439155106 0.676300606276 0.184978409473 0.0 0.5 1.0 0.0
英+欧 2.0 0.321339681828 0.125 0.54963771092 0.615601175607 0.266478301543 0.046875 0.5 1.0 0.0
欧+双方 0.0 0.233282760299 0.25 0.577157110877 0.547590811915 0.251394993262 0.015625 0.5 0.0 0.333333333333
实质性+进展 3.0 0.113967235296 0.5 0.74124062253 0.536649517461 0.172910108958 0.0 0.5 1.0 0.333333333333
巴尼+耶 0.0 0.105971843197 0.25 0.598485691827 0.495258489964 0.126275985444 0.0 0.5 1.0 0.666666666667
欧盟+成员国 0.0 0.0694675475734 0.5 0.370492553226 0.770708106201 0.314160351412 0.0 0.5 1.0 0.333333333333
要求+英国 0.0 0.114436018702 0.375 0.481556151397 0.774208550421 0.202140565484 0.0 0.5 0.0 0.333333333333
欧盟+国家 0.0 0.0694675475734 0.375 0.33670133379 0.675406666635 0.3135834383 0.0 0.5 1.0 0.333333333333
金融+时报 0.0 0.102854652234 0.375 0.60381256566 0.599402808939 0.135923897378 0.0 0.5 1.0 0.666666666667
欧盟+机构 2.0 0.0868394324398 0.375 0.509765510566 0.626890826424 0.301247981703 0.015625 0.5 1.0 0.333333333333
压力+测试 0.0 0.134272832678 0.375 0.4498927262 0.643068475104 0.307721547679 0.015625 0.5 1.0 0.333333333333
欧盟+达成 0.0 0.063252422687 0.375 0.491483029782 0.686987735748 0.256732697811 0.03125 0.5 1.0 0.0
分手费+问题 3.0 0.0868394324398 0.5 0.46922217592 0.759973105347 0.322332848132 0.03125 0.5 1.0 0.666666666667
消息+人士 0.0 0.11766620097 0.375 0.489885214998 0.579982353966 0.290366606978 0.0 0.5 1.0 0.666666666667
英镑+用于 0.0 0.130357807796 0.375 0.950865709689 0.135793314004 0.321919710269 0.0 0.5 0.0 0.333333333333
英国+财政 3.0 0.0937042096217 0.375 0.49123247402 0.722683932141 0.164452214425 0.0 0.5 1.0 0.666666666667
金融+危机 2.0 0.063252422687 0.375 0.254003586705 0.624398065279 0.358684752886 0.0 0.5 1.0 0.666666666667
经济+增速 0.0 0.147065799153 0.375 0.796715145649 0.319317528467 0.299643516841 0.0 0.5 1.0 0.666666666667
欧洲+银行 2.0 0.251242512935 0.375 0.674341515192 0.610054507614 0.34153698075 0.046875 0.5 1.0 0.666666666667
银行+管理局 2.0 0.203047590705 0.5 0.677815647603 0.586020662865 0.301747354497 0.015625 0.5 1.0 0.666666666667
欧洲+药品 0.0 0.0967007297368 0.375 0.670296629067 0.500139781113 0.225513094256 0.0 0.5 1.0 0.666666666667
药品+管理局 2.0 0.177630287429 0.5 0.677815647603 0.586020662865 0.329230946647 0.015625 0.5 1.0 0.666666666667
德国+政局 0.0 0.132732559075 0.375 0.699533403545 0.0 0.299739813008 0.0 0.5 1.0 0.666666666667
新浪+财经+股吧 0.0 0.110821922861 0.666666666667 0.236275573593 0.930518422448 0.040363296325 0.0 1.0 0.0 1.0
脱+欧+谈判 3.0 0.242224967058 0.416666666667 0.306139962353 0.898053418609 0.328089628921 0.09375 1.0 1.0 0.0
FX168+财经+报社 0.0 0.0520686187172 0.625 0.79742063094 0.499837277283 0.0189428698577 0.0 1.0 1.0 0.666666666667
英国+首相+特雷莎·梅 3.0 0.157684617335 1.0 0.333884653091 0.847861665888 0.16646553886 0.0 1.0 0.0 1.0
欧盟+委员会+主席 2.0 0.105851074228 0.791666666667 0.347738460769 0.804467770297 0.161310590273 0.0 1.0 0.0 0.666666666667
委员会+主席+容克 2.0 0.0986537342215 0.791666666667 0.393485772881 0.75118585431 0.155079049855 0.0 1.0 0.0 1.0
英国+与+欧盟 2.0 0.227699357645 0.541666666667 0.348929808004 0.86587182334 0.278842597057 0.078125 1.0 0.0 0.333333333333
首席+谈判+代表 2.0 0.098429703681 0.666666666667 0.480191846346 0.754119219279 0.16466579168 0.015625 1.0 0.0 0.333333333333
爱尔兰+边界+问题 3.0 0.18467670194 0.791666666667 0.542127241935 0.744754348274 0.240438372246 0.0 1.0 0.0 1.0
欧盟+首席+谈判 0.0 0.0759610743251 0.666666666667 0.468943736593 0.721480578118 0.082520888913 0.015625 1.0 0.0 0.333333333333
英镑+兑+美元 3.0 0.320190233706 0.541666666667 0.778378036178 0.680874578783 0.288533113516 0.03125 1.0 1.0 0.333333333333
英国+脱欧+谈判 3.0 0.217062669282 0.666666666667 0.315366023242 0.917251867653 0.353060490316 0.046875 1.0 1.0 0.333333333333
问题+达成+协议 0.0 0.0752491611991 0.666666666667 0.420061108305 0.721668650454 0.162387575582 0.0 1.0 0.0 0.666666666667
英国+和+欧盟 2.0 0.19461577983 0.541666666667 0.300393007497 0.889265074635 0.233073483301 0.046875 1.0 0.0 0.333333333333
欧洲+理事会+主席 2.0 0.0847243333031 0.791666666667 0.4114450806 0.814825319265 0.152105965921 0.0 1.0 0.0 1.0
理事会+主席+图斯克 0.0 0.0520686187172 0.916666666667 0.484444613757 0.7595195539 0.109756057483 0.0 1.0 0.0 1.0
英国+与+爱尔兰 3.0 0.167971331126 0.666666666667 0.576582692825 0.730399425757 0.196372256332 0.0 1.0 0.0 0.666666666667
脱+欧+分手费 3.0 0.242224967058 0.541666666667 0.431355570673 0.828548822929 0.298778414551 0.171875 1.0 1.0 0.333333333333
爱尔兰+边境+问题 3.0 0.178532526791 0.791666666667 0.67984499892 0.650159155305 0.238847993105 0.015625 1.0 0.0 1.0
英+欧+双方 2.0 0.233282760299 0.416666666667 0.577157110877 0.547590811915 0.192823457099 0.015625 1.0 1.0 0.333333333333
欧盟+要求+英国 0.0 0.0636588899579 0.666666666667 0.598108181224 0.617831548565 0.0912882726324 0.0 1.0 0.0 0.333333333333
欧洲+银行+管理局 2.0 0.190338939066 0.791666666667 0.677815647603 0.586020662865 0.266339692964 0.015625 1.0 1.0 1.0
欧洲+药品+管理局 2.0 0.0967007297368 0.791666666667 0.670296629067 0.500139781113 0.225513094256 0.0 1.0 1.0 1.0
