5 35 7 3 4 0.613
在人人都在谈论新零售的时代，人工智能已经成为“双十一”的主角，无论是支付体系还是物流体系，都在昭示着未来电商产业的发展格局。
5 34 7 2 4 0.491
网络购物节对于拉动内需也有重大的意义，“双十一”已然从全民的购物节升级为中国消费的风向标。
5 36 7 4 4 0.385
当我们提到“双十一”不再只想到折扣，零售的进步已经开始。
35 15 7 2 3 0.615
今年全球超１４万品牌投入１５００万种商品参与天猫“双十一”，海内外超１００万商家线上线下打通，近１０万智慧门店、超５０万家零售小店将新零售力量带到四面八方。
35 14 7 1 3 0.341
四是融合趋势明显。
35 16 7 3 3 0.345
同时，电商市场向广大农村下沉，中国３万个农村淘宝点将为亿万农村消费者带来全世界的优质商品。
41 12 8 2 3 0.732
自去年“新零售”概念被提出后，2017年便成为“新零售元年”，今年“双十一”自然也成为新零售最重要的检验场，多个线下体验店迅速在城市之间开设。
41 11 8 1 3 0.127
然而，十年之后的今天，林氏木业已经不满足“流量大户”的身份。
41 13 8 3 3 0.379
从其创立十周年之际，提出的“家居空间解决方案智造者”的崭新定位，也可窥得十年后林氏木业的转型诉求。
44 14 10 2 2 0.703
“双十一”对香港传统零售行业来说是一个新机遇，该集团也在抓住机遇，与内地电商、零售实现接轨。
44 13 10 1 2 0.381
莎莎集团表示，目前香港的“双十一”气氛不错，多个零售企业，无论是实体还是电商，都在投入到这个大促销节日当中。
63 10 6 1 2 0.693
李磊提到，当下，智慧零售催生物流变革，“轻简”成为整个物流行业的重要趋势。
63 11 6 2 2 0.361
从急速达、半日达、准时达等“极速体验”产品集群，到涵盖传统家电3C、商超、家居、快消、服装、母婴等多个领域服务对象的全面升级，再到三网一平台布局逐渐扩展触角、无人机送货、AGV机器人仓、共享快递盒等等，苏宁所做的一切是想要为用户提供更加智能化的收货体验，更希望通过改变和创新物流配送模式，提升消费者生活品质。
71 2 1 2 2 0.642
业界认为，“双十一”已成为新零售再次引发市场关注的重要节点，市场份额提升的垂直电商、积极拥抱电商渠道的传统品牌和互联网营销代理商正受益于新一波网购发展红利。
71 1 1 1 2 0.325
一年一度的“双十一”全民购物盛宴即将来临，各大零售平台及商家整装待发，相关预售活动也粉墨登场：预售、买赠、定金、各类满减红包、各种优惠券等等，各种花式规则令人眼花缭乱。
71 17 8 4 4 0.624
如此看来，即将到来的“双十一”，将成为检验各式各样“新零售”业态的最佳舞台。
71 16 8 3 4 0.599
近年来，各种新零售业态崭露头角，除了盒马鲜生，还有永辉超级物种、大润发飞牛优鲜、百联RISO、天虹sp@ce、新华都海物会、步步高鲜食演义、世纪联华鲸选、云集微店共享经济新零售，以及众多国际品牌尝试打造的新零售智慧门店等。
71 24 11 5 5 0.668
随着永辉云创孵化的两大新业态永辉生活和超级物种逐步迭代成熟，公司加快扩张步伐，中泰证券认为，公司持续加码超级物种以及永辉生活便利店，为其发展科技型零售企业夯实基础，也符合新零售探索的方向。
71 23 11 4 5 0.154
2017年前三季度公司实现营业收入433.07亿元，同比增长17%，实现归母净利润13.92亿元，同比增长70.74%，超过市场预期。
71 30 14 3 3 0.625
此外，随着京东“无界零售”的推出，在双线融合的大背景下，零售的基础设施将变得极其可塑化、智能化和协同化，百货与超市线下端口价值持续显现。
71 29 14 2 3 0.27
当前，可选消费呈现持续回暖态势，继续看好弹性较高的黄金珠宝板块以及基础面良好、经营管理效率逐步提升的中高端百货。
72 28 15 1 1 0.646
2013年，4G时代到来，技术变革引发震荡，移动互联网的场景更加有利于消费，移动新时代的序幕由此拉开。
72 50 26 2 2 0.602
“全球化”、“新零售”，是2017年乃至更长远的战略。
72 49 26 1 2 0.429
九年的时间，除了一串串数字的刷新，天猫双11的发展史，也映射了中国互联网、零售业乃至中国社会跨越式的赶超。
74 7 4 1 2 0.726
与苏宁今年“双十一”主打“智慧零售”一样，很多商家也在新零售的概念上下足了功夫，不过无论是智慧零售还是新零售，其本质都是线上线下融合发展的O2O模式。
74 8 4 2 2 0.26
以往每到电商购物节，电商平台之间比拼的都是让利、促销、价格；但如今，低价对于流量的吸引力已不大，更好的购物体验才是留住消费者的法宝。
74 11 6 1 3 0.619
事实上，苏宁早在2009年就开始转型探索，已经在行业中率先趟出了线上线下融合的O2O发展模式，并成功定型智慧零售。
74 12 6 2 3 0.629
据了解，今年“双十一”已经是苏宁第五届O2O购物节，将持续打造全渠道、全产业、全客群的“三全”购物节，同时将增加更加创新的差异化内容“五新”——新模式、新物种、新玩法、新渠道、新服务，为消费者打造一个不一样的O2O购物节。
74 13 6 3 3 0.73
从线下实体零售成长起来的苏宁，随着互联网基因愈发完备，开始对新一轮的互联网零售革命发挥关键性的推动作用。
74 33 12 1 5 0.6
除了绿色物流，科技物流也是苏宁“智慧物流”的重要组成部分。
74 34 12 2 5 0.432
“双十一”前，一直被外界称为“黑科技竞速领跑者”的苏宁物流体系再次升级并完成了系统承压测试。
79 2 1 2 3 0.611
先是苏宁易购率先发布“不止所见，嗨购11天”O2O购物节，接着京东以“无界零售”为名，宣布将与腾讯达成合作，提供线上线下融合的全面零售解决方案。
79 1 1 1 3 0.299
2017年“双11”尚未到来，电商大战已提前开幕。
79 3 1 3 3 0.353
近期，蚂蚁金服消费信贷产品“花呗”宣布允许用户在“双11”期间临时提高额度；乐信旗下分期乐商城则将推广活动从线上拉到了线下。
82 2 1 2 4 0.608
去年以来，以线上线下融合为特点的新零售业态在全国掀起风潮，引发消费者和投资者热捧。
82 1 1 1 4 0.418
一年一度的“双十一”购物节将至，各大零售商整装待发，竞争的硝烟已四处弥漫。
82 3 1 3 4 0.795
作为年度零售大考，今年的“双十一”成为各式新零售业态短兵相接的战场。
82 4 1 4 4 0.738
近日，阿里巴巴、京东、苏宁等电商和实体零售巨头相继推出各自的“双十一”战略，新零售概念再次升温。
82 5 2 1 2 0.617
业界及专家认为，在大数据、物联网、支付聚合、人工智能等新技术和居民消费升级的双轮驱动下，零售行业正在酝酿新一轮变革，并已撬动消费供给的创新升级。
82 6 2 2 2 0.685
从政府的角度看，应进一步加强政策引领，鼓励线上线下零售企业融合发展，支持新零售创新创业，推进零售基础设施变革，充分激发消费增长新动能。
82 7 3 1 2 0.74
德勤最新发布的“零售行业技术创新与落地思考”报告认为，新业态、新物种的出现源于线上线下融合的持续推进，以及传统零售企业的转型升级尝试。
82 8 3 2 2 0.617
在新零售生态下，这些结合了多渠道、多服务，以需求和体验为中心、技术为驱动的新型业态，将会持续对零售行业产生影响，并有望成为引领零售行业转型的重要尝试。
82 10 4 2 2 0.644
零售超市竟然成为旅游景点？原来，作为以大数据支撑的线上线下融合一体化超市，与其合作的盒马鲜生自去年初开业以来，就被视为新零售业态代表，凭借崭新购物体验迅速蹿升为业界“网红”。
82 9 4 1 2 0.413
今年的国庆中秋长假，中国青年旅行社在上海推出的“新零售一日游”受到年轻人追捧，刚一上市就基本售罄。
82 18 8 1 3 0.695
新零售带动的消费供给创新升级效应正在显现。
82 19 8 2 3 0.267
据商务部监测，10月1日至8日，全国零售和餐饮企业实现销售额约1.5万亿元，日均销售额比去年“十一”黄金周增长10.3%。
82 22 9 2 2 0.763
作为业界助推的新零售元年，今年“双十一”无疑将成为检验各式“新零售”业态的最佳舞台。
82 21 9 1 2 0.487
“双十一”即将到来，这个一年一度的大型购物节既是消费者的“剁手”狂欢，更是各大零售商家崭露头角、抢占份额的必争之地。
82 27 12 2 2 0.609
而京东则以全面拥抱“无界零售”的战略思维打造一个全新的“双十一”，推动各种融合产生化学反应，为消费者创造全新的购物体验。
82 26 12 1 2 0.422
京东集团CMO徐雷认为，未来零售从消费者、场景、供应链到营销都将变得极为分散、多变，将跨越时间、空间的限制，打破生产商、品牌商、平台商的界限，数据充分融合流动，推动行业效率全面提升。
82 36 16 3 3 0.608
新零售时代悄然来临之际，商家纷纷开始打造融合线上线下的全渠道购物体验，零售业在未来十年间会被重新定义。
82 35 16 2 3 0.42
尼尔森大中华区总裁严旋在其官方报告中表示，中国快速增长的可支配收入和科技发展，正在塑造出新的购物习惯和购物场景。
82 40 18 1 2 0.625
这种“新”还得益于新技术的驱动。
82 41 18 2 2 0.456
德勤发布的报告指出，中国具有独特的数字化环境，移动网络数据使用、第三方移动支付、物流在过去几年都出现飞速增长，而门店则通过视觉处理技术、物联网技术、支付聚合等技术实现不同场景、不同消费环节的消费者行为捕捉，进而重塑零售商业生态。
85 11 6 1 2 0.61
值得一提的是，苏宁银行将以“超级支付日”的形式首次参与苏宁金融O2O购物节，与苏宁金融实现协同发展，全面深入苏宁生态体系。
85 12 6 2 2 0.503
作为全国第一家O2O银行，今年6月份开业的苏宁银行已经进入快速发展期，多场景、跨产业、全品类的普惠金融服务全面开启。
85 23 11 2 2 0.603
毋庸置疑，在本次O2O购物节期间，苏宁金融将协同内外多股力量，发力新金融，全面提升业绩，全年万亿元规模实现在望。
85 22 11 1 2 0.224
数据显示，截至2017年第三季度，苏宁金融新增会员人数已突破1000万，交易量已破7000亿元。
88 24 18 1 1 0.671
这款机器人的实际运用，只是苏宁易购打造智慧零售的亮点之一；事实上，苏宁易购智慧零售的本质，是实现全面开放、共享的数字零售。
89 27 14 1 3 0.785
作为“新零售”元年，2017年双十一正是各大品牌商打通线上线下，布局新零售的成果见证。
89 28 14 2 3 0.468
同时今年也是“奶粉新政”的关键年，奶粉行业即将面临新一轮的整合和洗牌。
93 2 2 1 1 0.69
今年苏宁易购“五新”成标配，新模式、新物种、新玩法、新渠道、新服务一定会给消费者眼前一亮。
94 43 24 1 2 0.605
从传统家电连锁零售巨头到发力线上，独创O2O双线融合模式，苏宁所拥有的供应链模式一直被各大品牌所看重。
94 44 24 2 2 0.392
作为3C家电第一零售商，苏宁在家电品牌合作方面一直给予了品牌很大的支持――无论是定制包销产品的出现，还是更适合品牌宣传推广等营销模式的推出，苏宁通过自身独具的优势，实现了品牌的更高层次发展。
94 46 26 1 4 0.604
互联网和新技术正在为网商带来崭新的全球化机遇。
94 47 26 2 4 0.421
面对双十一全球好物节，各电商巨头纷纷出重招。
94 54 28 2 4 0.708
无人零售新增年均50亿元IT新蓝海，其中RFID成为最大的IT投入环节。
94 53 28 1 4 0.484
天风证券表示，重点推荐无人零售的“卖水人”，新大陆、思创医惠、汇那科技。
94 55 28 3 4 0.178
RFID方面，重点推荐思创医惠、新大陆，建议关注远望谷；ESL方面，建议关注合力泰；计算机视觉方面，重点推荐汇纳科技、佳都科技，建议关注远方光电、神思电子、汉王科技等；智能POS方面，重点推荐新大陆，建议关注优博讯。
95 4 1 4 5 0.737
新零售、智慧零售和第四次零售革命，无论哪种说法，都将技术放在第一位。
95 3 1 3 5 0.549
这一点已经成为线上电商和线下实体零售共识。
95 5 1 5 5 0.631
因此在今年的“双十一”备战中，阿里、苏宁、京东三大零售巨头都铆足劲在技术上加紧装备，无人零售、机器人、大数据、智慧物流等“黑科技”将齐齐现身今年“双十一”。
95 6 2 1 2 0.616
10月17日，在京东零售创新战略暨11·11全球好物节启动发布会上，京东一口气推出了包括全流程无人仓、无人货车、无人超市、无人便利店、智慧供应链开放平台等多个黑科技产品，向外界集中展示了京东在未来无界零售当中的技术创新和科技布局。
95 7 2 2 2 0.48
京东集团高级副总裁马松介绍，“双十一”期间，京东自主研发的无人便利店和无人超市将在京东全球总部园区正式开业。
95 18 6 3 4 0.641
10月16日，苏宁易购总裁侯恩龙公布了今年“双十一”的新战略，在“双十一”期间，苏宁将与科沃斯联合推出的智慧零售机器人，将承担起苏宁智慧导购体系的重要角色。
95 17 6 2 4 0.444
今年“双十一”，苏宁易购推出O2O购物节，将打造全渠道、全产业、全客群的“三全”购物节。
95 19 6 4 4 0.46
同时，两家企业将在无人店导购、工厂直供模式等方面发力，打造更多智能科技的网红产品，开启“人机合作”模式。
95 22 8 1 2 0.683
零售行业正经历着前所未有的变革，技术取代渠道成为推动零售行业前进的核心驱动力。
95 23 8 2 2 0.717
今年以来，无人零售、智慧物流等技术热点正在慢慢改变零售行业的日常形态。
95 24 9 1 3 0.67
迫近“双十一”，线上与线下双渠道联动的同时，零售巨头已将无人零售这一新物种纳入“双十一”的鏖战中。
95 25 9 2 3 0.583
今年8月份，苏宁在全国的首家无人店在南京开业，真正实现了“刷脸”消费，苏宁表示，无人店是人脸识别技术在零售领域的运用。
95 41 15 1 2 0.639
2017年被认为是零售行业发生巨变的一年，无人超市、智能家居、无人仓配、门店科技等新产品、新业态和新玩法一次次吸引着人们的眼球。
95 42 15 2 2 0.652
2016年的“云栖大会”上，马云首次提出“新零售”概念，2017年也被阿里认为是“新零售元年”。
95 45 16 3 3 0.721
在“新零售”的提纲挈领之下，阿里开始了与线下零售企业的频频合作，同时加强了物流与零售技术方面的布局。
95 44 16 2 3 0.549
企业以互联网为依托，通过运用大数据、人工智能等先进技术手段，对商品的生产、流通与销售过程进行升级改造，进而重塑零售业态的基本结构与生态圈，并对线上服务、线下体验以及现代物流进行深度融合的零售新模式。
95 46 17 1 5 0.658
面对零售业面临的技术变革，京东则提出“第四次零售革命”的概念。
95 47 17 2 5 0.405
今年7月刘强东公开发表署名文章，表示下一个10年到20年，零售业将迎来“第四次零售革命”。
95 51 18 1 2 0.708
针对今年“双十一”，在第四次零售革命的基础上，京东又再次喊出“无界零售”，京东表示，第四次零售革命下，需求个性化、场景多元化、价值参与化的消费变化，加上数据化、网络化和智能化的技术驱动，推动了“无界零售”时代的到来，供应链发展已呈现出个性化服务、短链化供应、智能化发展的新态势。
95 52 18 2 2 0.564
京东集团CMO徐雷指出，在京东所倡导的无界零售中，需求个性化、场景多元化、价值参与化将是三大核心。
95 53 19 1 2 0.602
在零售行业的变革浪潮中，苏宁在行业内第一个提出线上线下融合发展的O2O发展战略，即通过营销变革、云商更名、双线同价、开放平台，拥抱互联网，再造平台、重塑能力等一系列的变革，制定“一体两翼三云四端”，形成了覆盖门店POS端、PC端、移动端和TV端的全渠道布局。
95 54 19 2 2 0.568
2016年，苏宁云商又提出“智慧零售”，并将其定义为运用互联网、物联网技术，感知消费习惯，预测消费趋势，引导生产制造，为消费者提供多样化、个性化的产品和服务。
95 55 20 1 5 0.605
苏宁云商表示，智慧零售将推行“五智”，即智慧采购、智慧销售、智慧服务、智慧渠道和智慧业态。
95 56 20 2 5 0.588
智慧采购改变传统零售的B2C供应链管理模式，苏宁建立了由零售商发起的C2B反向驱动供应链管理模式。
97 8 5 1 2 0.675
侯恩龙表示，今年的O2O购物节，苏宁易购“五新”成标配，新模式、新物种、新玩法、新渠道、新服务一定会给消费者带来眼前一亮的感觉。
97 9 5 2 2 0.315
他举例称，“所谓新模式，原来我们做电商购物节，包括到今天为止很多电商平台，还是要求放在仓库，所有的销售让他自己闭环完成，我认为这种方式，从模式上讲，已经走到了瓶颈了，增长越来越乏力。我们现在在做一种开放的商业模式，让所有的供应商一起把整个后台从商品选择到上架、促销、整个活动达成，打通所有环节，大家一起玩，并且变成一种全产业的模式。”
98 14 9 1 1 0.67
今年的020购物节，苏宁易购“五新”成标配，新模式、新物种、新玩法、新渠道、新服务一定会给消费者带来眼前一亮的感觉。
98 15 10 1 2 0.764
智慧零售的本质就是数字零售。
98 16 10 2 2 0.46
苏宁控股集团董事长张近东提出，苏宁数据经营的能力不仅要向企业内部的每个人开放，还要向各行业、各地区的合作伙伴开放。
