39 3 2 1 2 0.623
“双十一”前夕,启盈集团与浙江菜鸟供应链管理有限公司合作的菜鸟公司东莞智慧物流示范园(沙田)正式投入运营。
39 4 2 2 2 0.151
据初步估算,今年“双十一”期间,启盈国际快件中心出口的跨境电商商品票数将达800万票,日均商品票数为平时的5—10倍,每日监管车辆数为平时的2—3倍。
67 38 20 1 2 0.603
EWE是一家由澳大利亚本地华人创建的物流公司，2016年这家公司与菜鸟网络签订协议，其建在悉尼的一处仓库成为菜鸟网络在海外的十个GFC之一——合作的方式是由菜鸟网络提供系统支持，EWE提供包括仓库在内的硬件设施、员工以及管理。
67 39 20 2 2 0.186
这些GFC的作用是将提前备入仓库的海外商品按照订单进行分类、包装，运送至中国进行清关，再由中国的快递企业完成国内的配送。
5 23 5 3 7 0.413
今年“双十一”期间，蚂蚁金服、京东金融、苏宁金融等各大消费金融公司的促销推广活动五花八门。
5 22 5 2 7 0.321
支付手段和消费金融领域也成为竞争的发力点。
5 24 5 4 7 0.233
数据还显示，今年“双十一”前夕，超过160万淘宝和天猫商家从网商银行获得了超过1000亿贷款，解决自己的备货资金。
5 28 6 1 5 0.411
在物流方面，各大电商都将智慧物流作为今年“双十一”的重头戏。
5 29 6 2 5 0.384
菜鸟网络通过大数据赋能，给每一个包裹分配了最优线路，通过把平台、商家、快递公司总部和网点的数据打通，物流公司能够提前知道物流的流动，及时做好准备。
5 30 6 3 5 0.483
通过自动化技术，在菜鸟超级机器人仓群，AGV机器人、全自动流水线、机械臂等实现联动服务。
5 31 6 4 5 0.366
京东物流则打出了“无人科技”、“多样服务”、“数据驱动”、“协同开放”等王牌。
6 13 8 1 2 0.422
数据易道系统面向苏宁全渠道多平台的合作伙伴，提供各类数据分析工具及大数据挖掘价值共享，为实现双方的合作共赢提供大数据的决策支撑。
6 14 8 2 2 0.092
有实时看板、经营分析、DIY报表、竞争分析等功能。
6 26 14 1 3 0.406
今年的双十一，苏宁技术提供了坚实可靠、灵活高效的IT基础设施，不断提升智能产品更好地赋能品牌商户和合作伙伴，在人工智能和新玩法上的探索大大加速。
6 27 14 2 3 0.316
涌现出的创新和潜力，都是引领未来智慧零售的重要产品。
7 1 1 1 2 0.466
随着“互联网+”的兴起，农村电子商务正逐渐成为农民增收致富的重要手段。
7 2 1 2 2 0.239
自第一届三门网络青蟹节以来，在三门县政府的规划指导下，三门特色农产品网货改造一直稳步推进，尤其以三门青蟹为代表的三门小海鲜发展取得显著成效。
18 12 6 1 2 0.409
据悉，目前试客联盟已经在紧锣密鼓的布局O2O业务，全面发力打造试用经济，把试用经济渗透到各个领域，服务全球各行各业卖家。
18 13 6 2 2 0.206
一站网集团将全力进发，冲刺上市IPO目标，为广西互联网经济发展做出贡献!文章备注:
22 7 4 2 3 0.445
作为全球电子商务的领导企业，阿里巴巴善于利用节日进行促销活动。
22 6 4 1 3 -0.054
这个记录的打破并不是偶然。
22 8 4 3 3 0.17
为了提高销量，他们创造了“双十一”这个节日。
28 14 7 1 1 0.463
在此过程中，也积极修炼内功,一方面,通过信息技术团队潜行研发,分别上线商家版和消费者版两款APP,打通商家线上订货,消费者线上购物环节,另一方面,先后与IBM、饿了么蜂鸟、心怡科技、云仓配、中粮集团等知名企业建立起战略合作关系，打通了供货,仓储物流,订货和购物配送环节,构建起闭环的新零售生态圈.今后,雅堂小超还将携手合作伙伴,在搭建新的消费场景，云计算，全渠道消费，智能供应链管理，商品智能营销等领域发力。
35 12 5 3 3 0.565
截至１２日零时，菜鸟网络协同的快递企业共发货３．６６亿。
35 11 5 2 3 0.382
菜鸟网络在“双十一”当天产生８．１２亿单，去年为６．５７亿单，同比增长２３％。
39 5 3 1 3 0.45
而由黄埔海关隶属东莞海关监管的宏远跨境电商产业园今年8月开始运营跨境电商出口业务。
39 6 3 2 3 -0.061
运行3个多月以来,日均出口量从10吨增长到300多吨。
42 2 2 1 3 0.438
如今，“双十一”已经成为阿里巴巴和其他一些电子商务平台最隆重的购物节。
42 3 2 2 3 0.15
去年，阿里巴巴“双十一”销售额达到了178亿美元。
44 11 8 2 2 0.452
该集团介绍，目前主要在莎莎网电商平台、天猫、天猫国际和京东全球购等多家平台开展“双十一”促销活动，相信将对集团销售带来正面帮助。
44 10 8 1 2 0.329
作为香港零售业巨头，莎莎集团在网上销售方面已经走在行业前沿。
44 15 11 1 1 0.437
香港跨境电子商务协会名誉会长黄鹏表示，依托网络平台，可以帮助商家节省租金等方面成本，而且可以拓宽销售网络，因此很多香港商家对网上销售的热情逐渐高涨，越来越多的香港商家开始建设网络销售平台，进行网上销售业务，其在总体业务中的占比也越来越大。
46 4 2 1 2 0.408
志高空调电子商务部部长余燕春告诉第一财经，今年天猫、京东两大电商平台的竞争白热化，对于天猫的预售价，京东提前就进行狙击。
46 5 2 2 2 -0.177
对此，厂家谁也不得罪，采取“三不”对策——不站队、不承诺、不表态。
46 20 9 1 2 0.414
在移动互联网时代，电商的规模稳中有升。
46 21 9 2 2 0.374
对此，格力、美的、海尔等家电巨头一方面加强与电商合作，另一方面继续大力支持线下经销商发展。
51 8 4 2 2 0.452
同时，这两大航空公司还在连接各自境内主要口岸与更远城市的62条国内航线上开展了代码共享合作，覆盖了中澳两国绝大多数旅客的主要出行网络。
51 7 4 1 2 0.376
澳洲航空与中国东方航空的联营合作协议正式启动于2015年11月1日，两年来，双方在各自市场共同推广营销往返于上海和悉尼这两座主要出境口岸的直飞航线，并在上海、北京、杭州、南京、昆明往返悉尼，上海往返墨尔本以及上海往返布里斯班这几条主干航线开展了更深入合作，包括产品设计、促销活动、机场服务等领域的联合运营。
51 10 6 1 1 0.423
中国东方航空公司客运营销委员会、销售管理部副总经理伏铁鹰女士则表示：“我们很高兴能携手澳大利亚最大的航空公司，在两国主要航线的各个领域开展深入合作，通过两年多的共同努力，东航向澳洲输送了大量公商务旅客，为两国人文交流发展提供了助力。我们也将抓住2017中澳旅游元年的契机，进一步深化与澳航的联营合作，共同为两国人民的出行提供更为完善便利的交通方案。”
56 33 12 1 2 0.484
2012年以来，汇通达率先在农村市场进行互联网转型实践，通过模式变革、渠道创新、平台开放帮助夫妻老婆店拥抱互联网，打造农村区域经济的造血机。
56 34 12 2 2 0.331
其商业模式的核心，是基于三农基本规律，将作为纽带的传统流通商和作为水龙头的夫妻老婆店纳入生态体系，用信息技术和互联网手段赋能乡镇店共建生态圈，开创互联网融合经济实体的新模式。
56 38 15 1 2 0.406
基于此，汇通达打造了多方参与的农村创新价值链，一切解决农民生产生活新需求、解决农村经济结构转型升级的产业，如农村劳务、微物流、光伏新能源、金融保险等业务都在不断叠加。
56 39 15 2 2 0.378
在此基础上，通过不断向会员店输出信息化技术、互联网手段及先进的管理理念、模式，有效提升其商品、营销、管理、资金、服务等方面的能力，建成集电商运营、信息共享、商品买卖、物流集散为一体的本土化、全渠道、生态化农村电商，让广大农民享受与城市一样的商品和服务。
57 39 23 3 3 0.426
茅台积极自建云商平台，以及和天猫、京东等等的合作都是在占位和布局。
57 38 23 2 3 0.261
它是消费者获取信息和前期交易的重要场所。
57 45 26 2 2 0.411
茅台电商公司主战场也是天猫和京东。
57 44 26 1 2 0.23
苏酒集团方面回复第一财经记者时表示，此次洋河针对双十一的具体活动参照官方天猫旗舰店。
58 1 1 1 1 0.414
湖北日报讯（记者成熔兴、通讯员苏志东）“双十一”来临在即，武汉市商务局、武汉商业总会昨日组织全市200余家本土实体商贸企业、电子商务企业和商业街区联手启动“2017武汉网络购物节”，打造汉版“双十一”。
58 5 3 1 2 0.437
武汉市商务局负责人表示，近年来该市已引导培育了武商跨境购、中商慧生活、良品铺子、卷皮网、宁美国度等一批本土网络零售企业和平台，电子商务交易额位居中部首位。
58 6 3 2 2 0.404
今年，市商务局组织各商家推出汉版“双十一”购物节，意在“借势”促销，推动本土商贸企业加快互联网化融合发展，做大做强本土电子商务平台。
63 2 2 1 3 0.425
济南苏宁物流公司总经理李磊介绍，双11临近，电商大战一触即发，物流配送作为苏宁O2O购物节的重要一环，各方面工作都已经有条不紊的在开展。
63 3 2 2 3 0.172
而海量的网购带来的是快递包装的巨大浪费和污染，“共享快递盒”则是一种可循环利用的包装箱，在收货人签收后，快递员会将箱子回收，每个可循环使用上千次。
64 5 4 1 2 0.429
据了解，以京东为例，其旗下的互联网金融集团京东金融也早早地参与到“双十一”的备战当中。
64 6 4 2 2 0.181
以金融行业为例，分秒金融在今年以一匹黑马姿态，发起“狂欢双十一，6666元奖励嗨不停”的主题。
67 31 16 1 2 0.436
LifeSpace公司常务董事BenMcharg展示了合作伙伴为这家公司所制定的“天猫双十一”促销方案。
67 32 16 2 2 0.13
这份方案将“双十一”前的促销划分出若干个阶段，并且细致地列出了每个阶段的促销方式，比如预购、秒杀、消费者晒单等等。
67 45 24 2 2 0.412
根据菜鸟网络方面提供的数据，俄罗斯邮政在本国内最主要的5个超级分拣中心都在“双十一”前大幅扩容，日处理量从日均70万提升到了160万单，为此菜鸟网络在俄罗斯的合作伙伴DPD也在俄罗斯的500个城市组织了2000个商品发送点。
67 44 24 1 2 0.34
不仅在澳大利亚如此，双十一所带来的巨大流量正在冲击着全世界各个国家的物流系统。
72 24 11 2 2 0.513
这也使得整个物流行业开始通过大数据、仓储技术、配送人员调度等进行改进和创新，创立于2013年的菜鸟网络便是电商平台提高物流效率的典型产物之一。
72 23 11 1 2 0.263
此后，每年的双十一都是对物流公司的年度大考。
72 28 15 1 1 0.408
2013年，4G时代到来，技术变革引发震荡，移动互联网的场景更加有利于消费，移动新时代的序幕由此拉开。
72 36 19 1 1 0.503
在这背后，以电商平台、菜鸟物流平台、云计算、大数据能力等为核心的全球化生态系统已经初步建立。
74 33 12 1 5 0.473
除了绿色物流，科技物流也是苏宁“智慧物流”的重要组成部分。
74 34 12 2 5 0.386
“双十一”前，一直被外界称为“黑科技竞速领跑者”的苏宁物流体系再次升级并完成了系统承压测试。
74 37 12 5 5 0.419
在配送服务上，苏宁物流依托大数据平台精准调度和智能化运营，推出“准时达”“两赔一保”“送装一体”、无人机配送等个性化服务和物流黑科技，保障用户的购物体验。
74 36 12 4 5 0.373
今年，苏宁物流在原有8个全国物流中心的基础上，目前又在杭州、深圳、重庆、郑州、济南等五个城市新增了5大始发仓；在细化仓储分类上，苏宁相继完成了全国大件仓、美妆仓、运动器材仓等仓储的建设和智能升级；继续完善分拨网络规划，在场地、自动化分拣线、智能拣选设备等方面进行了全面升级。
74 42 15 2 5 0.437
通过整合集团总部资源和华南区域自有资源，联手百大厂商品牌，投入亿万让利资源共同打造属于华南的O2O购物狂欢节。
74 41 15 1 5 0.354
11月3日，苏宁在华南地区提前举办“1103全华南看苏宁”大型营销活动，提前向消费者释放优惠资源，欲打造成苏宁易购第五届O2O购物节黄金爆点。
74 43 15 3 5 0.121
福利上，苏宁在全国层面向消费者派发2000万台家电赠品，20亿红包，助力消费者买买买；产品上，指定爆款单品线上线下同步低价，全城低价团，价保30天，买贵就赔；金融上，推出supper免单日，苏宁金融APP支付，随机立减，最高立减4999元；同时使用任性付，消费者购买指定的各品类部分单品可享受“三零分期”活动。
75 7 3 3 4 0.401
可见，在双十一这样一个万众瞩目的节点，阿里、京东先后掀起了智能音箱的价格战、补贴战。
75 6 3 2 4 0.163
随后在10月25日，叮咚音箱也不甘示弱，推出京东Plus会员49元购机。
75 8 3 4 4 0.259
在对智能家居入口的卡位与争夺之下，今年双十一或将成为智能音箱发展的一个引爆点。
78 1 1 1 2 0.462
随着“互联网+”的兴起，农村电子商务正逐渐成为农民增收的重要手段。
78 2 1 2 2 0.328
自今年年货节以来，在清镇市政府的规划指导下，清镇特色农产品网货改造一直稳步推进，农村电商发展取得显著成效。
78 12 5 1 6 0.444
清镇双十一活动将整合农淘优选、苏宁易购等电商平台资源，以移动分销、自媒体、social等新营销方式，推动“黔货出山”，进而提升整个清镇公共品牌影响力。
78 13 5 2 6 0.268
首先，围绕“烟酒茶水点酱”清镇六大名片，结合网络营销特点，重点针对“酒”这一清镇名片，打造桃花酒这一爆款。
82 4 1 4 4 0.429
近日，阿里巴巴、京东、苏宁等电商和实体零售巨头相继推出各自的“双十一”战略，新零售概念再次升温。
82 3 1 3 4 0.308
作为年度零售大考，今年的“双十一”成为各式新零售业态短兵相接的战场。
82 24 10 2 2 0.403
京东商城新通路事业部西南区负责人介绍，这是京东线下版本的创新型智慧门店，在大数据分析的基础上，通过精选货源、布局陈列、差异化选品和增值业务等，帮助店主实现流水和利润“双升”。
82 23 10 1 2 0.345
10月25日，乘着“双十一”东风，在成都落地的四川首批京东便利店刚一开业，就吸引了周边市民及成都互联网业内人士的广泛关注。
82 25 11 1 1 0.433
京东此前在10月17日召开的“双十一”启动会上，不仅宣布与腾讯共同面向线下品牌商推出线上线下融合的无界零售解决方案，还一揽子推出了无人超市、无人便利店、全流程无人仓、无人配送货车、智慧供应链商家开放平台等大量黑科技产品。
85 11 6 1 2 0.425
值得一提的是，苏宁银行将以“超级支付日”的形式首次参与苏宁金融O2O购物节，与苏宁金融实现协同发展，全面深入苏宁生态体系。
85 12 6 2 2 0.38
作为全国第一家O2O银行，今年6月份开业的苏宁银行已经进入快速发展期，多场景、跨产业、全品类的普惠金融服务全面开启。
85 16 8 2 2 0.431
深知“科技是第一生产力”，基于研发中心、大数据中心、风险管理中心和苏宁金融研究院、苏宁美国硅谷研究院等开发和研究力量，苏宁金融聚焦生物特征识别、大数据风控、物联网金融、区块链、金融AI和金融云六大金融科技，并依此打造核心竞争力，运用新模式、新技术、新渠道大力发展新金融。
85 15 8 1 2 0.279
这几年来，苏宁金融一手紧抓规模发展，一手狠抓金融科技。
85 17 9 1 2 0.423
今年，苏宁金融更全新打造了金融科技实验室，该实验室在风控、刷脸支付、知识图谱、区块链金融、物联网金融等“黑科技”开展深入研究，并加速投入应用，为业务发展保驾护航。
85 18 9 2 2 0.233
另外，苏宁金融全新打造的指纹支付、刷脸支付，100秒开户，智能投顾等科技感十足的服务方式，将为消费者带来极致的金融体验。
88 18 13 1 1 0.404
“相比其他电商购物节，苏宁的O2O购物节已经超脱了‘电商购物’的范畴，而是以电商为切入，联动金融、文创、体育等服务，给消费者带来全方位的升级服务。”资深互联网观察家丁道师指出。
88 21 16 1 2 0.4
这款苏宁易购与科沃斯联合打造的智慧零售机器人，吸引了所有参会者的眼光。
88 22 16 2 2 0.366
侯恩龙介绍，自11月起，首批“旺宝”机器人将登陆苏宁互联网门店，承担起串联苏宁智慧零售体系的重要角色：基于其优越的服务交互和数据管理能力，在线下实体环境中能够识别顾客身份，主动询问顾客需求，并根据顾客个性化需求及其消费数据，开展相匹配的商品营销和其他服务，最后再同步线下数据至线上，完成机器人购物服务和数据管理的全闭环。
88 24 18 1 1 0.437
这款机器人的实际运用，只是苏宁易购打造智慧零售的亮点之一；事实上，苏宁易购智慧零售的本质，是实现全面开放、共享的数字零售。
88 25 19 1 1 0.424
在数据共享方面，苏宁控股集团董事长张近东提出，苏宁数据经营的能力不仅要向企业内部的每个人开放，还要向各行业、各地区的合作伙伴开放；在发布会现场，侯恩龙也宣布今年双十一将开启“共享数据”，为供应商提供自定义和个性化的数据服务支撑。
88 26 20 1 1 0.415
据了解，“共享数据”主要通过与工厂数据进行对接，实现供应链全链路数据共享：苏宁易购依托今年试点的海尔、奥克斯，打通双方购销链，从采购订单下达、工厂确认、排产、物流运输、采购订单入库等全链路监控，这样不仅有利于销售管理，也为后续自动补货奠定数据基础；而共享数据最终将形成双向开放生态闭环，苏宁的数据对供应商开放的同时，工厂的数据也回传苏宁，提升双方的供应链效率、商品精准营销。
88 28 22 1 2 0.414
一直被外界称为“黑科技竞速领跑者”的苏宁物流体系，也是“智慧零售”的重要组成部分之一。
88 29 22 2 2 0.281
为了更好地迎接即将到来的双十一，苏宁对物流再次进行升级。
88 33 25 1 1 0.419
在配送服务上，苏宁物流依托大数据平台精准调度和智能化运营，推出“准时达”“两赔一保”“送装同步”、无人机配送等个性化服务和物流黑科技，保障用户的购物体验。
89 14 8 2 4 0.447
11月5日，启赋将联合天猫在上海丁香国际商业中心搭建双十一快闪店。
89 13 8 1 4 0.219
快闪店是双十一期间惠氏服务于消费者的另一亮点。
89 15 8 3 4 0.263
在快闪店里，消费者可以体验AI捉猫猫，天猫云货架和首个奶粉品类双十一猫头的惊喜互动装置等等。
93 4 4 1 2 0.45
“旺宝”是苏宁易购与科沃斯联合打造的智慧零售机器人。
93 5 4 2 2 0.31
自11月起，首批机器人将登陆苏宁互联网门店，为顾客带来全新购物体验。
93 6 5 1 3 0.442
目前，苏宁全国首创“电商实训店”公益扶贫常态化。
93 7 5 2 3 0.171
苏宁成立27年来，除了大量物资外，累计公益捐赠已经超过11亿元人民币。
94 5 2 1 2 0.454
据媒体报道，10月17日，京东宣布与腾讯共同推出线上线下融合的无界零售解决方案。
94 6 2 2 2 0.302
与此同时，还将推出无人超市、无人便利店、全流程无人仓、无人配送车以及智慧供应链商家开放平台等黑科技产品。
94 7 3 1 1 0.404
另外，京东还宣布与“京X计划”的小伙伴今日头条、百度（BIDU.O）、奇虎360、网易（NTES.O）以及搜狗等合作伙伴一起启动了双十一全球好物节。
94 12 6 1 1 0.454
根据合作方案，京东将以腾讯的社交、内容体系和京东的交易体系为依托，为品牌商打造线上线下一体化、服务深度定制化、场景交易高融合的零售解决方案。
94 14 7 2 2 0.416
据介绍，这次将实现微信小程序+京东零售科技模块化能力输出，实现品牌方、京东和腾讯的深度融合，打造一个权益实时互通、全场景促销、全平台交易的闭环。
94 13 7 1 2 0.279
微信“小程序”也将检验它在电商行业的威力。
94 18 9 2 2 0.428
京东和腾讯实现账户融合、权益互通。
94 17 9 1 2 0.29
京东和腾讯方面表示，双方将在业内首次全面整合线上线下购物和媒体社交大数据，品牌商可以精准地在腾讯和京东的场景中触达潜在消费群体，无论是投放京东站内广告，还是投放朋友圈、公众号广告，相较过去都更加精准并大幅提升转化率。
94 27 14 2 2 0.446
10月16日，媒体报道称中石化高级副总裁、销售公司董事长张海潮带队前往京东，和刘强东签署了一份战略合作协议，未来，中石化将引入京东的智慧门店科技和智慧供应链，更多的亮点是，未来双方将打造无人加油站。
94 26 14 1 2 0.213
阿里刚设想无人加油站，京东抢先签下中石化3万座加油站。
94 28 15 1 1 0.439
拥有3万多座加油站和2.5万个便利店的中国石化，已与线上线下销售规模最大的零售商京东达成战略合作协议，利用京东的智慧门店科技和智慧供应链，升级自己的线下网点；京东也可借此进一步扩展线下版图，推动“无界零售”时代的到来。
94 31 16 3 3 0.417
作为贡献快递的数量最多的电商平台——阿里巴巴近些年来一直在加码物流，而作为承担主要调度和配送任务的菜鸟网络更是在最近动作频频。
94 30 16 2 3 0.14
2016年双11期间，整个物流快递的数量达到了惊人的6.7亿，而今年这一数字很有可能突破10亿。
94 32 17 1 1 0.544
10月17日，菜鸟网络在广东惠阳发布了全球领先的超级机器人旗舰仓，双11期间将为华南地区和香港的消费者提供极致物流服务。
94 33 18 1 1 0.433
据了解，这是全世界首次在双十一如此大的物流体量上使用机器人仓群作业，而像这样的仓库，菜鸟正在上海、天津、浙江、广东、湖北等地纷纷上线。
94 45 25 1 1 0.412
此外，智慧零售机器人“旺宝”将陆续在苏宁互联网门店投入使用，借助人工智能、自主运动规划、大数据等技术，机器人将承担串联苏宁智慧零售体系的重要角色，机器人在线下实体环境中识别消费者身份，并根据顾客个性化需求及其消费数据开展相匹配的商品营销和其它服务，再同步线下数据至线上，完成机器人购物服务和数据管理的全闭环。
95 5 1 5 5 0.412
因此在今年的“双十一”备战中，阿里、苏宁、京东三大零售巨头都铆足劲在技术上加紧装备，无人零售、机器人、大数据、智慧物流等“黑科技”将齐齐现身今年“双十一”。
95 4 1 4 5 0.233
新零售、智慧零售和第四次零售革命，无论哪种说法，都将技术放在第一位。
95 6 2 1 2 0.439
10月17日，在京东零售创新战略暨11·11全球好物节启动发布会上，京东一口气推出了包括全流程无人仓、无人货车、无人超市、无人便利店、智慧供应链开放平台等多个黑科技产品，向外界集中展示了京东在未来无界零售当中的技术创新和科技布局。
95 7 2 2 2 0.394
京东集团高级副总裁马松介绍，“双十一”期间，京东自主研发的无人便利店和无人超市将在京东全球总部园区正式开业。
95 9 3 2 3 0.448
在发布会上，京东与腾讯宣布：将联合推出赋能品牌商的“京腾无界零售”解决方案，以腾讯的社交、内容体系和京东的交易体系为依托，为品牌商打造线上线下一体化、服务深度定制化、场景交易高融合的零售解决方案。
95 8 3 1 3 0.19
同时，京东还拉来了腾讯助阵。
95 10 3 3 3 0.273
这也是京东提出无界零售理念之后，推出的全面赋能品牌商的解决方案。
95 13 5 1 3 0.504
阿里巴巴的另一个“千亿项目”菜鸟网络10月17日也在广东惠阳发布了全球领先的超级机器人旗舰仓，上百台机器人单日发货可超百万件，将为华南地区和香港的消费者提供极致物流服务。
95 14 5 2 3 0.366
据了解，像这样的仓库，菜鸟正在上海、天津、浙江、广东、湖北等地纷纷上线。
95 15 5 3 3 0.476
菜鸟网络方面称，这是全世界首次在“双十一”如此大的物流体量上使用机器人仓群作业。
95 33 12 1 3 0.494
随着零售业的不断发展，作为其标配的物流行业也在迅速成长，今年开始机器人、无人机、自动化分拣等物流“黑科技”大面积进入物流行业。
95 34 12 2 3 0.387
菜鸟方面介绍，2017“双十一”物流将呈现多个新特点，其中最主要的变化就是机器人仓库从过去的单点开花走向大规模应用。
95 35 12 3 3 0.521
阿里巴巴9月份宣布将增持旗下菜鸟网络股份，未来五年继续投入1000亿元，除了继续用于数据技术等领域研发，还将用于与物流伙伴共同推进智能仓库、智能配送、全球超级物流枢纽等核心领域建设。
95 36 13 1 3 0.448
苏宁云商智慧物流则将商品的GPS轨迹图在苏宁易购APP的物流跟踪栏目里显示，形成可视化物流服务。
95 37 13 2 3 0.513
苏宁云商表示，苏宁物流S实验室汇集了智能算法、机器人矩阵、自动驾驶配送这些黑科技，意在集中力量打造苏宁智慧物流生态。
95 38 13 3 3 0.34
京东物流为迎战“双十一”打出了“无人科技”、“多样服务”、“数据驱动”、“协同开放”四大王牌，表示将从供应链端为行业、品牌商和消费者带来一个“无界”的11·11，全面提升用户体验及商家体验。
95 40 14 2 2 0.413
为迎战“双十一”，京东除宣布与腾讯共同面向线下品牌商推出了中国首个线上线下融合的无界零售解决方案外，还一揽子推出了无人超市、无人便利店、全流程无人仓、无人配送货车、智慧供应链商家开放平台等大量黑科技产品。
95 39 14 1 2 0.144
在今年大热的“无人零售”潮流中，京东同样没有落下。
95 45 16 3 3 0.445
在“新零售”的提纲挈领之下，阿里开始了与线下零售企业的频频合作，同时加强了物流与零售技术方面的布局。
95 44 16 2 3 0.398
企业以互联网为依托，通过运用大数据、人工智能等先进技术手段，对商品的生产、流通与销售过程进行升级改造，进而重塑零售业态的基本结构与生态圈，并对线上服务、线下体验以及现代物流进行深度融合的零售新模式。
95 53 19 1 2 0.444
在零售行业的变革浪潮中，苏宁在行业内第一个提出线上线下融合发展的O2O发展战略，即通过营销变革、云商更名、双线同价、开放平台，拥抱互联网，再造平台、重塑能力等一系列的变革，制定“一体两翼三云四端”，形成了覆盖门店POS端、PC端、移动端和TV端的全渠道布局。
95 54 19 2 2 0.388
2016年，苏宁云商又提出“智慧零售”，并将其定义为运用互联网、物联网技术，感知消费习惯，预测消费趋势，引导生产制造，为消费者提供多样化、个性化的产品和服务。
95 55 20 1 5 0.472
苏宁云商表示，智慧零售将推行“五智”，即智慧采购、智慧销售、智慧服务、智慧渠道和智慧业态。
95 56 20 2 5 0.46
智慧采购改变传统零售的B2C供应链管理模式，苏宁建立了由零售商发起的C2B反向驱动供应链管理模式。
95 57 20 3 5 0.287
智慧销售则在苏宁易购线上首页根据用户的不同偏好展示不同的优质内容，实现千人千面。
98 17 11 1 1 0.402
“苏宁不止是一家互联网公司，更是一家科技公司。我们将不断借助数据，探索最优路径。”发布会上，侯恩龙宣布开启“共享数据”，为供应商提供自定义和个性化的数据服务支撑。
98 21 14 2 3 0.45
“旺宝”是苏宁易购与科沃斯联合打造的智慧零售机器人。
98 20 14 1 3 0.186
在发布会现场，侯恩龙与“旺宝”机器人的对话令人感受到人工智能的魅力。
98 22 14 3 3 0.31
自11月起，首批机器人将登陆苏宁互联网门店，为顾客带来全新购物体验。
98 31 20 1 3 0.415
苏宁智慧物流被外界称为“黑科技竞速的领跑者”，目前超级云仓已运行一周年，实现了全流程自动拣选。
98 32 20 2 3 0.241
首建的国内最大AGV仓库群——上海AGV仓，目前已经配备了100组左右的机器人，完整运营后，还有将近1000组机器人，会在接下来分批进行测试并投入使用。
