2
20 35 12 1 4 0.644
据韩联社等媒体早前报道，韩国仁川观光公社7日表示，中国某医疗器械企业提议组织3000人的会奖旅游团赴韩。
20 36 12 2 4 0.22
该团计划12月从大同乘火车出发到威海坐船前往仁川和首尔观光，具体日程有待协调。
2
7 3 2 1 3 0.412
为了进一步推动三门县当地电商发展，推进当地农产品上行。
7 4 2 2 3 0.354
在特色中国·三门馆带动下，商家积极报名参加淘宝双11活动。
2
15 5 2 3 4 0.306
京东同比增长35.4%，市场份额下降了1.3个百分点。
15 6 2 4 4 0.472
这意味着阿里与京东两大巨头的市场份额下降，电商领域其他企业的竞争力在增强。
2
20 1 1 1 3 0.506
今年双十一购物节，韩国企业销售额达到去年的2倍。
20 2 1 2 3 0.482
业界人士称，中国消费者的反韩情绪有所缓和。
1
20 3 1 3 3 0.211
韩媒争相报道此消息，并替商家喊出了心声：盼望中韩关系缓和，天天都是双十一。
3
20 4 2 1 5 0.272
得益于光棍节（11月11日）中国消费者的惊人购买力，韩国流通业赚到盆满钵满，很多企业都是笑得合不拢嘴。
20 5 2 2 5 0.506
今年双十一购物节，韩国企业销售额达到去年的2倍。
20 6 2 3 5 0.426
业界人士称，中韩关系转暖信号逐渐从外交领域扩散至经济领域。
1
20 7 2 4 5 0.413
韩国产品的大卖从另一个角度而言，说明中国消费者的反韩情绪有所缓和。
1
20 8 2 5 5 0.256
甚至有韩媒替韩国商家喊出了心声：盼望中韩关系缓和，天天都是双十一。
2
20 17 6 1 3 0.46
不过，今年韩国产品销售额的地位较去年有所下降。
20 18 6 2 3 0.454
报道称，今年全球225个国家共同参与的双十一购物大联欢，其中韩国产品销售额位列第5位，而去年韩国仅次于日本与美国，排名第3位。
1
20 19 6 3 3 0.278
分析指出，排名下降或与“萨德”矛盾导致的中国人反韩情绪尚未消除有关。
2
20 23 8 1 4 0.455
11月7日，有韩媒报道称，中国某公司提议组织3000人旅行团赴韩国旅行，时间定在下月末。
20 24 8 2 4 0.169
消息一出，韩媒立即铺天盖地进行报道。
2
20 27 9 1 3 0.573
据报道，7日，当中国团体游客将赴韩旅游的消息传出后，韩国观光公社（负责推广韩国观光旅游业的官方机构）随后回应称，“尚无中国方面的消息。”韩国《中央日报》则通过设立在中国的分支机构，与报道中提及的中国公司进行了确认。
20 28 9 2 3 -0.033
对方表示，“没有这个计划”。
1
20 29 9 3 3 0.448
剧情反转，让众多翘首以待的韩国旅游业人士大失所望。
2
20 30 10 1 3 0.479
《中央日报》指出，目前韩国旅游市场依旧对中国充满吸引力，免税店等竞争力强是原因之一。
20 31 10 2 3 0.233
不过，中国方面非常慎重。
1
20 32 10 3 3 0.512
一位韩国旅行社的负责人说，“中国的旅行社和航空公司也跟韩国一样，正在苦苦等待。他们时刻留意着韩国方面的动向。”
2
20 33 11 1 2 0.492
报道还表示，今年3月以来，赴韩旅游的中国游客同比减少300万以上。
20 34 11 2 2 0.412
韩国观光公社预计，截至今年年末，访韩中国游客总数约为400万人，仅达去年一半的水平。
0
0
2
20 37 12 3 4 0.451
报道还指出，该公司所在集团曾打算3月组织1.2万人来韩旅游，但因中韩两国“萨德”矛盾发酵而告吹。
20 38 12 4 4 0.369
仁川观光公社认为，该集团重新提出赴韩游提议，得益于中韩关系的解冻迹象。
1
20 39 13 1 1 0.426
据韩联社报道，韩国旅游发展局13日发布的一份调查结果显示，韩国游客出境旅游时，在公共场所大声喧哗为最令人汗颜的陋习。
2
20 40 14 1 2 0.411
据报道，韩国旅游发展局日前针对今年1-9月有出境旅游经验的1000名成年人进行了调查。
20 41 14 2 2 0.139
结果显示，韩国游客出境游时最大陋习是在公共场所大声喧哗（19.2%），其次分别为出入娱乐和声色场所（14.9%）、不注意当地礼仪礼节（13.7%）、在发展中国家旅游时对当地人态度傲慢（13.4%）、拿走自助餐厅食物或酒店用品（5.9%）、乘车不排队等（5.3%）。
3
21 3 2 1 3 0.108
从亚马逊中国全站销售额来看，11月11日当天，除图书依然表现强劲外，厨具、鞋靴、服装、家装、个护保健、家居用品、运动户外等占据畅销品类的前列。
21 4 2 2 3 0.401
其中，国际品牌销售占主导。
21 5 2 3 3 0.175
Similac雅培奶粉、ISE爱适易食物垃圾处理器、iPhone8及iPhone8plus、dyson戴森吸尘器及NuFACE美容仪等位列最受消费者青睐的产品前几位。
2
21 6 3 1 2 0.494
在今年11.11期间，亚马逊海外购首度集结亚马逊美国、英国、日本、德国四大海外站点的畅销品牌，专为中国消费者量身定制了“海外购嘉年华”专属优惠。
21 7 3 2 2 0.221
根据亚马逊海外购双十一当天的销售额，服装、母婴、美妆、鞋靴、家居是最受亚马逊海外购用户欢迎的品类，而Champion冠军、Similac雅培、Clarks其乐、FOREO斐珞尔、ZOJIRUSHI象印、TIGER虎牌、Philips飞利浦、Braun博朗、DeLonghi德龙、Fissler菲仕乐、Medela美德乐等则是他们最青睐的国际品牌。
3
21 10 5 1 6 0.258
据悉，双十一仅是亚马逊“海外购物节”的开始，更具吸引力的亚马逊“真黑五”全球狂欢从11月13日全面开启。
21 11 5 2 6 0.426
届时除了来自亚马逊中国的众多国际大牌联袂带来的“超级品牌日”和“超级镇店之宝”活动外，中国消费者还可通过亚马逊海外购直接同步参与到亚马逊美国、英国、日本和德国四大海外站点的镇店之宝、Z秒杀、Z划算的优惠活动。
21 12 5 3 6 0.175
无论从覆盖国家还是优惠的数量来说，此次黑五大促都堪称是亚马逊海外购上线以来规模最大的一次。
3
22 6 4 1 3 -0.173
这个记录的打破并不是偶然。
22 7 4 2 3 0.514
作为全球电子商务的领导企业，阿里巴巴善于利用节日进行促销活动。
22 8 4 3 3 0.148
为了提高销量，他们创造了“双十一”这个节日。
3
23 1 1 1 5 0.331
海外网11月13日电得益于光棍节（11月11日）中国消费者的惊人购买力，韩国流通业赚到盆满钵满，很多企业都是笑得合不拢嘴。
23 2 1 2 5 0.506
今年双十一购物节，韩国企业销售额达到去年的2倍。
23 3 1 3 5 0.426
业界人士称，中韩关系转暖信号逐渐从外交领域扩散至经济领域。
1
23 4 1 4 5 0.413
韩国产品的大卖从另一个角度而言，说明中国消费者的反韩情绪有所缓和。
1
23 5 1 5 5 0.256
甚至有韩媒替韩国商家喊出了心声：盼望中韩关系缓和，天天都是双十一。
2
23 14 5 1 3 0.46
不过，今年韩国产品销售额的地位较去年有所下降。
23 15 5 2 3 0.454
报道称，今年全球225个国家共同参与的双十一购物大联欢，其中韩国产品销售额位列第5位，而去年韩国仅次于日本与美国，排名第3位。
1
23 16 5 3 3 0.278
分析指出，排名下降或与“萨德”矛盾导致的中国人反韩情绪尚未消除有关。
2
27 23 13 1 2 0.181
此外，11月11日起至20日止，铁路部门还推出了“双十一”电商黄金周运送服务，京沪高铁“复兴号”将推出高铁“极速达”快运，10小时货物即可送达客户。
27 24 13 2 2 0.4
据中铁总有关部门负责人介绍，铁路部门会利用高铁列车、行李车等铁路快捷运力资源，面向电商平台商铺、电商企业、快递企业及向“双十一”供货的有关企业，提供铁路干线运输及“库到库”全程物流服务，特别是将在京沪高铁“复兴号”列车上推出高铁“极速达”快运新产品。
2
29 13 7 1 2 0.449
与此同时，大批国际品牌也瞄准“双十一”，因为中国市场在全球市场的地位举足轻重，而中国经济稳定带来百姓的消费能力也让全球商家眼红。
29 14 7 2 2 0.368
根据此前阿里巴巴公布的数据，全世界超过14万品牌投入1500万种货品将参与天猫“双十一”的全球狂欢。
1
30 11 8 1 1 0.47
挪威大型电子产品和家电零售商Lefdal去年就已在其网站开始“双十一”促销活动，今年更是把活动推广到了公司连锁实体店。
2
31 1 1 1 2 0.421
【环球网报道记者余鹏飞】韩国《亚洲经济》网站11月12日报道说，中国电子商务行业的年度盛事——双十一购物狂欢节告一段落，这是中韩因萨德而陷入谷底，两国关系迎来转机后的首个购物节。
31 2 1 2 2 0.239
从各国商品销量来看，韩国的排名由去年的第3位跌至今年的第5位。
3
31 4 2 2 4 0.213
全球消费者全天支付总笔数达到14.8亿笔，全天物流订单超过8亿，交易覆盖全球225个国家和地区。
31 5 2 3 4 0.41
其中，韩国商品在今年国外商品销售榜中排在日本、美国、澳大利亚和德国之后，位居第5位。
31 6 2 4 4 0.127
较去年同期的第3位下降了两个名次。
2
31 7 3 1 2 0.459
从本次购物节期间销售的各种类商品品牌来看，韩国化妆品品牌悦诗风吟在化妆品领域的销售排名位居第9位。
31 8 3 2 2 0.314
而在智能手机领域，苹果手机位居榜首，第2位和第3位被中国品牌小米和华为占据，韩国三星智能手机则排名第8位。
1
33 7 4 1 1 0.406
另据埃菲社11月11日报道，在午夜12点到来之际，中国电商巨头阿里巴巴启动了将产生年内单日最大销售量的“双十一”促销活动。
1
33 15 11 1 1 0.497
华扬联众公司英国区域董事总经理詹姆斯·赫伯特说：“据中国快递协会预测，今年‘双十一’快递行业处理的快件量将超过10亿件，而这还是在中国经济增长放缓和消费者支出更加谨慎的情况下。”
1
33 18 13 1 1 0.5
英国皇家邮政公司董事总经理尼克·兰登说：“到2020年，中国电子商务市场的规模将比美国、日本、德国、英国和法国加起来还要大。”
2
37 13 6 1 2 0.409
截至下午三点半，这家企业在各大电商平台的销售总额已经达到了2812万。
37 14 6 2 2 0.286
企业负责人表示，为了吸引更多消费者，他们在营销时充分利用大数据，使得不同地域、不同偏好的消费者能够看到不同的销售页面；同时，为了增进客户体验，他们还开展了线上平台下单，线下门店送货的创新销售模式。
2
39 5 3 1 3 0.447
而由黄埔海关隶属东莞海关监管的宏远跨境电商产业园今年8月开始运营跨境电商出口业务。
39 6 3 2 3 0.075
运行3个多月以来,日均出口量从10吨增长到300多吨。
1
41 2 2 1 1 0.424
据了解，在电商平台多次创下销售纪录的“淘品牌”林氏木业，正在将产业链向线下延伸，欲借“双十一”加速新零售布局；而罗莱家纺、美克家居等传统家居企业则在紧锣密鼓地触网，推出更多适应电商发展的互联网品牌。
2
44 10 8 1 2 0.496
作为香港零售业巨头，莎莎集团在网上销售方面已经走在行业前沿。
44 11 8 2 2 0.404
该集团介绍，目前主要在莎莎网电商平台、天猫、天猫国际和京东全球购等多家平台开展“双十一”促销活动，相信将对集团销售带来正面帮助。
0
1
44 15 11 1 1 0.406
香港跨境电子商务协会名誉会长黄鹏表示，依托网络平台，可以帮助商家节省租金等方面成本，而且可以拓宽销售网络，因此很多香港商家对网上销售的热情逐渐高涨，越来越多的香港商家开始建设网络销售平台，进行网上销售业务，其在总体业务中的占比也越来越大。
1
44 16 12 1 1 0.414
毕马威中国亚太区消费和零售主管合伙人利安生表示，在逾百位香港企业总裁中，有89%表示，电子商贸正在为公司创造收入；约66%计划于未来一年在电子商贸领域增加一成以上的投资。
3
46 1 1 1 3 0.141
今晚将迎来双十一购物节的高潮。
46 2 1 2 3 0.431
由于今年国庆假期中国家电市场遇冷，业界对双十一抢回销量有较高预期，尤其是彩电企业。
46 3 1 3 3 0.126
不过，与往年血拼低价不同，今年家电业在双十一呈现理性与激情碰撞、线上与线下深化融合的特点。
2
49 3 2 1 2 0.188
没有明显的证据将阿里股价上涨与“双十一”购物节关联起来，当然这可以归结于统计数据不足。
49 4 2 2 2 0.486
因为阿里巴巴这家中国最大的电商企业，2014年才登陆美国资本市场。
1
49 6 4 1 1 0.406
北京时间11月10日上午消息，据彭博社报道，对冲基金大佬丹尼尔·洛布（DanielLoeb）旗下对冲基金“第三点”（ThirdPoint）今年第三季度增持中国互联网巨头阿里巴巴的股票，增持比例接近其原持仓的50%。
1
49 14 8 1 1 0.429
如果投资者对电子商务领域感兴趣，可以通过交易所交易基金（ETF）分散持有该行业的公司股票，减少集中持股风险。
2
50 15 11 1 2 0.412
同时，中国电子商务研究中心监测数据显示，2016年中国跨境电商交易规模6.7万亿元，同比增长24%。
50 16 11 2 2 0.349
其中，出口跨境电商交易规模高达5.5万亿元，同比增长22.2%。
1
51 1 1 1 1 0.467
澳洲航空公司（以下简称“澳航”）联合其在中国市场最大的合作伙伴中国东方航空股份有限公司（以下简称“东航”），宣布联营主干航线“双十一购物节”特惠活动，让广大中国消费者以更优惠的价格尽享两家航司优质服务的同时，也预示着双方深化合作的良好前景，进一步推动中澳两国航线的持续发展。
2
51 2 2 1 3 0.407
为了顺应中国消费者对于“双十一购物节”各大品牌促销活动的强烈期待，从11月11日开始，澳航与东航将特别推出为期20天的惊喜特惠，此次参与其中的航线几乎覆盖了两家航空公司联营的各大主干线路。
51 3 2 2 3 0.114
上海至悉尼航线往返经济舱价格低至880元起，而上海至布里斯班/墨尔本/阿德莱德航线以及北京至悉尼/布里斯班/墨尔本/阿德莱德航线的往返经济舱价格也仅1280元起，所有特惠价格不包含税费和燃油附加费。
2
51 7 4 1 2 0.403
澳洲航空与中国东方航空的联营合作协议正式启动于2015年11月1日，两年来，双方在各自市场共同推广营销往返于上海和悉尼这两座主要出境口岸的直飞航线，并在上海、北京、杭州、南京、昆明往返悉尼，上海往返墨尔本以及上海往返布里斯班这几条主干航线开展了更深入合作，包括产品设计、促销活动、机场服务等领域的联合运营。
51 8 4 2 2 0.308
同时，这两大航空公司还在连接各自境内主要口岸与更远城市的62条国内航线上开展了代码共享合作，覆盖了中澳两国绝大多数旅客的主要出行网络。
3
56 23 9 1 5 0.193
终端店强大的虹吸势能，庞大的流量入口可以吸引供应链上游的更多厂商加入，汇聚更多的丰富商品加入汇通达平台，形成更优的商品组合和更高的性价比。
56 24 9 2 5 0.412
在全国乡镇购物节上，汇通达与许多企业达成了合作关系，将狂欢蔓延到更多家电甚至酒水企业。
56 25 9 3 5 0.189
这种大胆拥抱“开放”的态度，源于汇通达农村电商新生态“POP开放平台”的打造。
3
57 40 24 1 3 0.324
事实上，中国酒类销售中传统渠道依然占据主导。
57 41 24 2 3 0.437
中国国际电子商务中心发布的报告显示，2016年全国规模以上酒生产企业销售收入为8999亿元。
57 42 24 3 3 0.263
其中电子商务保持快速增长，但在体量上仍旧较小，仅占2016年当年酒类销售总量的6%。
3
58 2 2 1 3 0.175
据介绍，武汉网购节从6日持续至11日，以苏宁易购为主要活动平台。
58 3 2 2 3 0.414
参与企业包括武商、中百等本土实体商贸企业，卷皮网、宁美国度等本地电商企业，良品铺子、周黑鸭等线上、线下融合发展的新零售企业，以及武汉首条智慧商业口碑街区——吉庆街。
58 4 2 3 3 0.132
网购节将采取线上、线下融合的方式，服装、家电、数码、日货、食品为主打。
2
58 5 3 1 2 0.38
武汉市商务局负责人表示，近年来该市已引导培育了武商跨境购、中商慧生活、良品铺子、卷皮网、宁美国度等一批本土网络零售企业和平台，电子商务交易额位居中部首位。
58 6 3 2 2 0.503
今年，市商务局组织各商家推出汉版“双十一”购物节，意在“借势”促销，推动本土商贸企业加快互联网化融合发展，做大做强本土电子商务平台。
2
67 6 4 1 2 0.476
澳大利亚本地企业已经从中国市场获得了丰厚的回报。
67 7 4 2 2 0.144
LifeSpace销售团队办公室在一年前刚刚从位于远郊的工厂搬迁至墨尔本外企聚集的KILDA街，新的办公室有一个宽阔的阳台，墨尔本初夏的阳光从阳台撒入。
2
67 8 5 1 2 0.323
在最近的四年时间中，这家企业的营业额实现了从600万澳元向7200万澳元的跨越式发展，其中中国市场贡献了60%的营收。
67 9 5 2 2 0.418
Lifespace是一家澳洲本地的保健品生产企业，其生产的一款益生菌在中国拥有大量的消费者。
2
67 10 6 1 2 0.443
中国电商市场的崛起让海外的华人、留学生同样因此获益。
67 11 6 2 2 0.361
与传统出口贸易的模式相较，跨境电商直接针对消费端，因此对销售市场的语言、文化了解变得更为重要——几乎每一个尝试拓展中国市场的澳大利亚品牌都会雇佣数名懂得中文以及中国市场的人员，这些被雇佣者尝试让这些澳大利亚企业理解中国电商市场复杂、多变的新玩法，比如秒杀或者直播销售。
2
67 12 7 1 3 0.408
澳大利亚地方政府与中国电商平台之间正在尝试将这种“回报”扩大并推及本地的中小企业。
67 13 7 2 3 0.475
维多利亚州政府正在计划将更多本地的中小企业通过电商平台推广到中国消费者面前。
1
67 14 7 3 3 0.487
阿里集团澳洲－新西兰办公室负责人周岚也对经济观察报表示，一些澳大利亚本地的中小企业在传统渠道中是没有机会的，而天猫国际正在尝试让更多当地的中小企业能够通过阿里的电商平台接触到中国消费者，并将产品销往中国。
0
1
67 20 11 1 1 0.404
C.W是澳大利亚得益于中国消费市场最多的几个品牌之一，也是2016年唯一一家破亿的天猫国际跨境电商品牌，当时中国市场的强劲购买力让这家品牌印象深刻，多个品类的商品一经上线便销售一空，因此今年C.W提前数月就开始备战“双十一”，并且已经准备了大量的货物在中国的保税仓以及澳大利亚的海外仓内。
1
67 35 18 1 1 0.4
不断扩大的澳大利亚快递体系为本地商家的跨境销售提供了支撑。
2
67 38 20 1 2 0.36
EWE是一家由澳大利亚本地华人创建的物流公司，2016年这家公司与菜鸟网络签订协议，其建在悉尼的一处仓库成为菜鸟网络在海外的十个GFC之一——合作的方式是由菜鸟网络提供系统支持，EWE提供包括仓库在内的硬件设施、员工以及管理。
67 39 20 2 2 0.436
这些GFC的作用是将提前备入仓库的海外商品按照订单进行分类、包装，运送至中国进行清关，再由中国的快递企业完成国内的配送。
1
67 64 35 1 1 0.482
杨弘对经济观察报表示，由于中国海外消费的不断攀升，一些当地的华人都开始嗅到了这方面的商机，不少人都开始创建一些品牌或者成为当地原有品牌的经销商，销售主要以中国市场为主，大型品牌可以入驻电商平台，小型的企业则主要以行游代购的方式销往中国。
2
71 1 1 1 2 0.244
一年一度的“双十一”全民购物盛宴即将来临，各大零售平台及商家整装待发，相关预售活动也粉墨登场：预售、买赠、定金、各类满减红包、各种优惠券等等，各种花式规则令人眼花缭乱。
71 2 1 2 2 0.414
业界认为，“双十一”已成为新零售再次引发市场关注的重要节点，市场份额提升的垂直电商、积极拥抱电商渠道的传统品牌和互联网营销代理商正受益于新一波网购发展红利。
2
78 3 2 1 2 0.414
为了进一步推动清镇当地电商发展，推进当地电商精准扶贫。
78 4 2 2 2 0.333
在清镇市政府的领导下，农淘优选平台将联合清镇本地优质农特产品商家，打造一场属于清镇特色的“双十一狂欢购”活动。
3
78 5 3 1 4 0.142
自天猫2009年首创双十一购物节以来，每年的这一天已成为名副其实的全民购物盛宴。
78 6 3 2 4 0.428
今年是清镇市发展电子商务以来第一年成规模地带动当地产品参加双十一活动。
78 7 3 3 4 0.33
从清镇黄粑、清镇果酒到清镇酥李、清镇猕猴桃，清镇市已经根据当地产业形式、产业种类、产业规模逐步发展出了具有清镇特色的电商生态圈。
2
78 18 6 1 2 0.24
农村电商保持快速发展态势，在社会经济中正发挥着日益重要的作用，给我国农村地区带来了巨大的变化。
78 19 6 2 2 0.466
本次举办2017清镇双十一活动，势必将带动当地更多电商主体参与，在促进清镇电商发展的同时，提高当地整体经济发展。
3
89 22 11 1 3 0.351
而惠氏营养品因为本身强大的科研和品控实力，成为首批获得配方注册的外资企业。
89 23 11 2 3 0.416
其中惠氏S-26幼儿乐获得配方注册后的首批产品近日在惠氏苏州生产基地下线，并将于双十一期间新鲜送达消费者手中。
89 24 11 3 3 0.331
双十一前夕，有媒体和消费者代表探访了该生产基地，亲眼目睹了其高精尖的科研实验室，高度自动化的生产设备和严苛的生产规范体系，称其为“神奇的工厂”。
2
91 1 1 1 2 0.491
海外网10月23日电全球最大购物节“双十一”渐渐临近，进军中国市场的韩国企业摩拳擦掌，期待这一天的到来。
91 2 1 2 2 0.571
然而，“萨德”防御系统在韩国的部署，导致中国国内对韩国产品的负面情绪激增，韩国企业不由产生了忧虑，担心今年是否能取得往年一样的业绩。
0
2
91 4 2 2 3 0.381
因此，对进军中国市场的韩国企业来说，这是非常重要的一天。
91 5 2 3 3 0.557
但是韩国企业一方面非常期待这一天的到来，另一方面又担心中国国内因韩国部署“萨德”防御系统而产生负面情绪，导致韩国产品的销售无法与往年相比。
2
91 6 3 1 4 0.414
报道称，韩国企业在去年““双十一””前夕显得异常激动，进行大规模的“网红营销”活动，然而今年，相关营销活动的计划及执行寥寥无几。
91 7 3 2 4 0.57
去年，韩国化妆品以及生活用品企业纷纷邀请“网红”在微博等社交媒体上向中国消费者们宣传自己的产品，希望以此提高韩国相关产品的认知度。
1
91 8 3 3 4 0.423
但是，今年韩国企业几乎没有这样的行为。
1
91 9 3 4 4 0.302
一位化妆品业界相关人士表示，“去年邀请网红准备了两三次活动，但今年相关营销活动的计划及执行几近于零”。
3
91 10 4 1 3 0.339
但这并不意味着，韩国企业对“双十一”的期待完全消失。
91 11 4 2 3 0.46
韩国企业人士认为，“双十一”购物并非实体店销售，而是在网络商城上进行，因此反韩心理不会对此产生太大影响。
91 12 4 3 3 0.481
韩国乐扣相关人士表示，“受到萨德部署影响的似乎主要是拥有实体店的品牌……第二季度（乐扣）在中国的网络销量比去年上涨16.5%，以网络商城为中心进行的销售或不会受到太大影响”。
0
2
91 13 5 1 3 0.56
韩国企业往年的“双十一”销售成绩相当不俗。
91 14 5 2 3 0.216
去年“双十一”当天，天猫销售额共计1207亿元（约20.67万亿韩元），同比增长了约30%。
1
91 15 5 3 3 0.47
在天猫销售的海外商品中，韩国产品的销量继日本和美国之后，位列第三。
3
91 16 6 1 5 0.375
其中，最受中国消费者欢迎的，就是韩国化妆品。
91 17 6 2 5 0.432
据韩媒早前报道，数据显示，中国人在“双十一”期间通过海外直购购买到的韩国商品中，最多的是化妆品。
91 18 6 3 5 0.203
海外直购十大热销韩国商品中化妆品类就占了三个，分别是第一位的基础护肤品、第四位的彩妆和第五位的唇部化妆品。
2
91 22 8 1 3 0.577
韩联社8月2日报道，中国顾客是韩国海淘市场的主力军。
91 23 8 2 3 0.522
但受“萨德”影响，韩国海淘市场的业绩遭受重创。
1
91 24 8 3 3 0.37
其中，第二季度中国市场销售额较前一季度相比，足足减少28.9%。
2
91 26 10 1 2 0.406
不过，虽然部署“萨德”令韩国业界忧心忡忡，韩国政府却对民意置若罔闻。
91 27 10 2 2 0.519
7月29日凌晨，韩国总统文在寅下令，立即与美国协商关于韩美间战略遏制力的强化方案，其中包括追加部署剩余的4辆“萨德”发射车。
0
2
94 36 20 1 3 0.436
快递企业在快递行业从来都是你拼我争，在11日互联网巨头腾讯获批设立微民保险代理之后，10月13日晚间，申通快递、韵达股份齐齐公告称，拟联手中通快递、上海圆通蛟龙投资等成立中邦物流保险股份有限公司，注册资本金总计10亿元。
94 37 20 2 3 0.268
在中邦保险的股东名单上，申通、圆通、中通、韵达这四家快递巨头赫然在列。
2
98 15 10 1 2 0.128
智慧零售的本质就是数字零售。
98 16 10 2 2 0.421
苏宁控股集团董事长张近东提出，苏宁数据经营的能力不仅要向企业内部的每个人开放，还要向各行业、各地区的合作伙伴开放。
