城市 0.0 0.388186484704 0.0833333333333 0.379170586546 0.733880766879 0.6742738659 0.0 0.0 0.388186484704 0.0833333333333 0.379170586546 0.733880766879 0.6742738659 0.0 0.0
首席 0.0 0.180815844368 0.0833333333333 0.338270731536 0.875478981582 0.470446012926 0.046875 0.0 0.13153103408 0.344298245614 0.419689573164 0.806303295597 0.249225339787 0.0328947368421 0.447368421053
希望 0.0 0.215801477496 0.0833333333333 0.116304409083 0.994493512396 0.717094737003 0.046875 0.0 0.215801477496 0.0833333333333 0.116304409083 0.994493512396 0.717094737003 0.046875 0.0
政治 0.0 0.27226326097 0.0833333333333 0.307318363403 0.90486446619 0.683834670687 0.046875 0.0 0.27226326097 0.0833333333333 0.307318363403 0.90486446619 0.683834670687 0.046875 0.0
4日 0.0 0.188089731191 0.0 0.360402750086 0.787924647058 0.533161169661 0.0 0.0 0.181959333573 0.104838709677 0.374240933492 0.776255272537 0.48488678838 0.0 0.209677419355
第一 0.0 0.16342131011 0.0833333333333 0.37387126431 0.837051978088 0.499117913155 0.0 0.0 0.131384916904 0.208333333333 0.460733206368 0.757441699227 0.406082827229 0.0 0.214285714286
第三 0.0 0.17820698404 0.0833333333333 0.141730705275 0.920776172836 0.579685610396 0.0 0.0 0.150727003411 0.208333333333 0.366798161101 0.741317993579 0.458616764962 0.0 0.214285714286
药品 0.0 0.253882197256 0.0833333333333 0.677815647603 0.586020662865 0.457731904599 0.015625 0.0 0.165838147997 0.395592763664 0.674429484521 0.547344515194 0.32406963694 0.00858833718245 0.442263279446
前景 0.0 0.213020653966 0.0833333333333 0.254582986204 0.89839238978 0.614940934957 0.03125 0.0 0.213020653966 0.0833333333333 0.254582986204 0.89839238978 0.614940934957 0.03125 0.0
正式 0.0 0.126602655219 0.0833333333333 0.220975996012 0.902880691425 0.456684035403 0.0 0.0 0.126602655219 0.0833333333333 0.220975996012 0.902880691425 0.456684035403 0.0 0.0
新浪 0.0 0.120380636738 0.0833333333333 0.214230923456 0.936164049024 0.11725683485 0.0 0.0 0.115840068258 0.334770114943 0.227153649398 0.93285454379 0.0746997282655 0.0 0.431034482759
投资 0.0 0.371937292161 0.0833333333333 0.413850655336 0.79394910655 0.684983215089 0.015625 0.0 0.371937292161 0.0833333333333 0.413850655336 0.79394910655 0.684983215089 0.015625 0.0
增长 0.0 0.431258036021 0.0833333333333 0.263039167012 0.877081974777 0.673273057099 0.046875 0.0 0.342166962797 0.208333333333 0.316389800111 0.856371406895 0.564537330484 0.0401785714286 0.214285714286
消息 0.0 0.251552373664 0.0833333333333 0.242383595775 0.897008522448 0.686100644974 0.03125 0.0 0.194172585367 0.208333333333 0.348455718299 0.761140164527 0.516500342976 0.0178571428571 0.214285714286
准备 0.0 0.215019717213 0.0833333333333 0.133525008076 0.974665014268 0.676397547675 0.015625 0.0 0.215019717213 0.0833333333333 0.133525008076 0.974665014268 0.676397547675 0.015625 0.0
投票 0.0 0.289815884708 0.0833333333333 0.0555966896113 0.919357008328 0.642764792569 0.0 0.0 0.289815884708 0.0833333333333 0.0555966896113 0.919357008328 0.642764792569 0.0 0.0
数额 0.0 0.203324207602 0.0833333333333 0.684324256561 0.585920539024 0.454759849041 0.03125 0.0 0.203324207602 0.0833333333333 0.684324256561 0.585920539024 0.454759849041 0.03125 0.0
上涨 0.0 0.203792916989 0.0833333333333 0.592714313085 0.74141457051 0.587796378389 0.015625 0.0 0.203792916989 0.0833333333333 0.592714313085 0.74141457051 0.587796378389 0.015625 0.0
承诺 0.0 0.209950438029 0.0833333333333 0.237109381361 0.952697785037 0.607047602908 0.0 0.0 0.209950438029 0.0833333333333 0.237109381361 0.952697785037 0.607047602908 0.0 0.0
启动 0.0 0.14549947996 0.0833333333333 0.423127937356 0.791940634848 0.464077215705 0.0 0.0 0.14549947996 0.0833333333333 0.423127937356 0.791940634848 0.464077215705 0.0 0.0
之前 0.0 0.184341140803 0.0833333333333 0.133424800502 0.965748644967 0.701474293128 0.0 0.0 0.184341140803 0.0833333333333 0.133424800502 0.965748644967 0.701474293128 0.0 0.0
主要 0.0 0.228298841722 0.0833333333333 0.111345998982 0.990010598268 0.706160157551 0.0 0.0 0.228298841722 0.0833333333333 0.111345998982 0.990010598268 0.706160157551 0.0 0.0
解决 0.0 0.425934621238 0.0833333333333 0.250679002475 0.886628891583 0.705213366475 0.015625 0.0 0.299130870433 0.208333333333 0.292322103474 0.800059006332 0.529303842247 0.00892857142857 0.214285714286
关系 0.0 0.181091847166 0.0833333333333 0.178407035287 0.911461699968 0.564926249126 0.0 0.0 0.181091847166 0.0833333333333 0.178407035287 0.911461699968 0.564926249126 0.0 0.0
数字 0.0 0.221428605064 0.0833333333333 0.31969247146 0.908582267752 0.552187110678 0.0 0.0 0.221428605064 0.0833333333333 0.31969247146 0.908582267752 0.552187110678 0.0 0.0
爱尔兰 3.0 0.882193152723 0.208333333333 0.340822525248 0.931587591264 0.791362360469 0.109375 0.0 0.403944372245 0.414215686274 0.525416565462 0.793971008618 0.456907335251 0.0395220588235 0.352941176471
预算 0.0 0.388663502416 0.0833333333333 0.230917785369 0.933777074097 0.670947061654 0.0625 0.0 0.388663502416 0.0833333333333 0.230917785369 0.933777074097 0.670947061654 0.0625 0.0
金额 0.0 0.364844225264 0.0833333333333 0.634567260587 0.606492528646 0.554028944483 0.015625 0.0 0.249925584324 0.208333333333 0.755543850976 0.461576523848 0.377978289907 0.00892857142857 0.214285714286
费用 0.0 0.27906222351 0.0833333333333 0.377275784691 0.835304128774 0.606376813809 0.015625 0.0 0.202912003835 0.208333333333 0.351467124768 0.760910624865 0.485218142623 0.015625 0.214285714286
影响 0.0 0.244518595222 0.0833333333333 0.05525483275 1.0 0.708261113536 0.015625 0.0 0.244518595222 0.0833333333333 0.05525483275 1.0 0.708261113536 0.015625 0.0
峰会 0.0 0.253549609738 0.0833333333333 0.379512432097 0.871682922954 0.567209879277 0.046875 0.0 0.211743653865 0.208333333333 0.348886552597 0.863586027325 0.504996899287 0.0334821428571 0.214285714286
2018年 0.0 0.169562659835 0.125 0.193782867315 0.861148895044 0.623828054054 0.015625 0.0 0.169562659835 0.125 0.193782867315 0.861148895044 0.623828054054 0.015625 0.0
正在 0.0 0.165323193578 0.0833333333333 0.437293378944 0.874122754659 0.601123163423 0.0 0.0 0.165323193578 0.0833333333333 0.437293378944 0.874122754659 0.601123163423 0.0 0.0
显示 0.0 0.244518595222 0.0833333333333 0.191910714539 0.971947572155 0.656325246382 0.0 0.0 0.181002008039 0.208333333333 0.346734756066 0.923046456527 0.445802205663 0.0 0.214285714286
内阁 0.0 0.213599526882 0.0833333333333 0.381112288995 0.801083168911 0.612956159309 0.0 0.0 0.213599526882 0.0833333333333 0.381112288995 0.801083168911 0.612956159309 0.0 0.0
银行 0.0 0.670943728883 0.0833333333333 0.27715705496 0.906686751796 0.795281350073 0.078125 0.0 0.363375875997 0.395592763664 0.547429996626 0.695528298313 0.463608741562 0.0434107967667 0.442263279446
是否 0.0 0.169562659835 0.0833333333333 0.358168762216 0.863127422602 0.563108033466 0.0 0.0 0.169562659835 0.0833333333333 0.358168762216 0.863127422602 0.563108033466 0.0 0.0
取得 0.0 0.38598351883 0.0833333333333 0.385428785573 0.894647735614 0.538778398165 0.0625 0.0 0.250664862435 0.258333333333 0.428646888785 0.858979342015 0.403817509281 0.0484375 0.3
同意 0.0 0.20986018818 0.0833333333333 0.412843688003 0.839883507276 0.611576002511 0.0 0.0 0.20986018818 0.0833333333333 0.412843688003 0.839883507276 0.611576002511 0.0 0.0
已经 0.0 0.244006628098 0.0833333333333 0.180986843163 0.965790031695 0.73234756559 0.0 0.0 0.244006628098 0.0833333333333 0.180986843163 0.965790031695 0.73234756559 0.0 0.0
金融 0.0 0.368137056357 0.0833333333333 0.0850197153758 0.967194810394 0.733986721371 0.015625 0.0 0.197086945019 0.258333333333 0.29135273186 0.754018186423 0.441977283628 0.00625 0.3
经济 0.0 0.726903388244 0.0833333333333 0.129254164993 0.982129121582 0.833292626218 0.109375 0.0 0.367773200931 0.285256410256 0.399424581375 0.821021983434 0.528657503335 0.0480769230769 0.346153846154
决定 0.0 0.220314402109 0.0833333333333 0.010544984258 0.98269280528 0.680345330672 0.0 0.0 0.220314402109 0.0833333333333 0.010544984258 0.98269280528 0.680345330672 0.0 0.0
电讯报 0.0 0.139072516846 0.208333333333 0.488586633832 0.706276807298 0.282021363588 0.0 0.0 0.135081819358 0.337962962963 0.539632198843 0.692954051288 0.238891161759 0.0 0.222222222222
英镑 3.0 1.0 0.0833333333333 0.337820476536 0.960084083207 0.922476540709 0.421875 0.0 0.492942956924 0.289974619289 0.683598806378 0.641402057719 0.497301029325 0.143083756345 0.454314720812
目前 0.0 0.216985383903 0.0833333333333 0.131888680293 0.984077926473 0.759497938566 0.0 0.0 0.216985383903 0.0833333333333 0.131888680293 0.984077926473 0.759497938566 0.0 0.0
权利 0.0 0.155305045689 0.0833333333333 0.485625412436 0.845748213244 0.503823270416 0.0 0.0 0.130283001501 0.208333333333 0.513282361842 0.827884279563 0.446426661135 0.0 0.214285714286
法案 0.0 0.257674645525 0.0833333333333 0.264188297503 0.855916567744 0.57790075102 0.015625 0.0 0.257674645525 0.0833333333333 0.264188297503 0.855916567744 0.57790075102 0.015625 0.0
战略 0.0 0.342901413938 0.0833333333333 0.634380918568 0.306219724543 0.553707368664 0.015625 0.0 0.342901413938 0.0833333333333 0.634380918568 0.306219724543 0.553707368664 0.015625 0.0
议会 0.0 0.203792916989 0.0833333333333 0.217873754249 0.899428201626 0.600779158756 0.0 0.0 0.157896265309 0.208333333333 0.280227351236 0.840155939275 0.463856488369 0.0 0.214285714286
认为 0.0 0.228628135241 0.0833333333333 0.139402667562 0.979769969055 0.682207928119 0.0 0.0 0.228628135241 0.0833333333333 0.139402667562 0.979769969055 0.682207928119 0.0 0.0
最后 0.0 0.203516074789 0.0833333333333 0.21640071649 0.964563357106 0.548399929278 0.0 0.0 0.161711404107 0.208333333333 0.360100705493 0.82594081072 0.411659586476 0.0 0.214285714286
出现 0.0 0.221821029674 0.0833333333333 0.323454323804 0.893621646696 0.597872028612 0.015625 0.0 0.221821029674 0.0833333333333 0.323454323804 0.893621646696 0.597872028612 0.015625 0.0
分手费 3.0 0.715038713918 0.208333333333 0.345326222659 0.905433708042 0.636649440223 0.328125 0.0 0.342035931275 0.394184652278 0.412204883014 0.834187345081 0.406376237466 0.184464928058 0.471223021583
举行 0.0 0.17420368388 0.0833333333333 0.120518500125 0.902781662041 0.580791037958 0.03125 0.0 0.17420368388 0.0833333333333 0.120518500125 0.902781662041 0.580791037958 0.03125 0.0
包括 0.0 0.187770103375 0.0833333333333 0.221531454039 0.945999678869 0.627672104563 0.0 0.0 0.187770103375 0.0833333333333 0.221531454039 0.945999678869 0.627672104563 0.0 0.0
带来 0.0 0.170619508799 0.0833333333333 0.0967872247344 0.937928601168 0.568594471388 0.0 0.0 0.170619508799 0.0833333333333 0.0967872247344 0.937928601168 0.568594471388 0.0 0.0
成为 0.0 0.221821029674 0.0833333333333 0.236469402161 0.965474272116 0.63884687471 0.0 0.0 0.221821029674 0.0833333333333 0.236469402161 0.965474272116 0.63884687471 0.0 0.0
突破 0.0 0.173471090717 0.0833333333333 0.439530075737 0.826694626627 0.629449451149 0.046875 0.0 0.173471090717 0.0833333333333 0.439530075737 0.826694626627 0.629449451149 0.046875 0.0
预测 0.0 0.222439895682 0.0833333333333 0.331154700209 0.786808950687 0.586874137611 0.015625 0.0 0.222439895682 0.0833333333333 0.331154700209 0.786808950687 0.586874137611 0.015625 0.0
总理 0.0 0.268613119775 0.0833333333333 0.343834934861 0.859228822428 0.521306887829 0.015625 0.0 0.233033946725 0.159090909091 0.490251762826 0.776664092891 0.426276552086 0.015625 0.227272727273
此前 0.0 0.226234162437 0.0833333333333 0.216887130305 0.929027315984 0.677521933326 0.0 0.0 0.226234162437 0.0833333333333 0.216887130305 0.929027315984 0.677521933326 0.0 0.0
移民 3.0 0.270613455119 0.0833333333333 0.372689238101 0.621285391175 0.598056338956 0.015625 0.0 0.270613455119 0.0833333333333 0.372689238101 0.621285391175 0.598056338956 0.015625 0.0
能够 0.0 0.188302664743 0.0833333333333 0.0781884911365 0.980880087555 0.692550970658 0.0 0.0 0.188302664743 0.0833333333333 0.0781884911365 0.980880087555 0.692550970658 0.0 0.0
贸易 1.0 0.449740866437 0.0833333333333 0.30155616445 0.925261646567 0.738472560374 0.015625 0.0 0.231229700292 0.285256410256 0.430887930992 0.821649375796 0.447347688735 0.00480769230769 0.346153846154
责任 0.0 0.153807905063 0.0833333333333 0.116648270255 0.917879014785 0.521973775276 0.0 0.0 0.126074071478 0.208333333333 0.208388379438 0.792352535981 0.384016931168 0.0 0.214285714286
美元 1.0 0.726346212144 0.0833333333333 0.481107735386 0.868566778143 0.752976515199 0.078125 0.0 0.487836971979 0.264802631579 0.658757562781 0.759307888874 0.50832115527 0.0497532894737 0.440789473684
风险 0.0 0.256005901883 0.0833333333333 0.220821549538 0.909503085924 0.621710790272 0.03125 0.0 0.256005901883 0.0833333333333 0.220821549538 0.909503085924 0.621710790272 0.03125 0.0
11月 0.0 0.250306603643 0.0416666666667 0.101268730992 0.971403287497 0.714852653239 0.015625 0.0 0.1437616357 0.214743589744 0.276907527109 0.849464900919 0.431591397506 0.00480769230769 0.346153846154
宣布 0.0 0.183763284634 0.0833333333333 0.107111843166 0.917858047012 0.547342736605 0.0 0.0 0.183763284634 0.0833333333333 0.107111843166 0.917858047012 0.547342736605 0.0 0.0
未来 0.0 0.391107151315 0.0833333333333 0.158017826991 0.986362475404 0.736431057764 0.03125 0.0 0.391107151315 0.0833333333333 0.158017826991 0.986362475404 0.736431057764 0.03125 0.0
边境 0.0 0.633249885513 0.0833333333333 0.434950864076 0.841924378549 0.672664142115 0.0625 0.0 0.360461124656 0.281091370558 0.628267138988 0.686427604979 0.445295232756 0.0328362944162 0.347715736041
特雷莎·梅 2.0 0.469846636336 0.416666666667 0.281512273076 0.885751107647 0.65434165207 0.015625 0.0 0.282190623743 0.682635829662 0.323580752519 0.861483211301 0.388428329222 0.00596549192364 0.455947136564
成员国 0.0 0.160918335631 0.208333333333 0.184359809227 0.88579861022 0.530860937142 0.0 0.0 0.120273540939 0.337962962963 0.267085473227 0.8346472751 0.434549565706 0.0 0.222222222222
今年 0.0 0.244072803387 0.0833333333333 0.0939353465463 0.982842224914 0.59115047916 0.0 0.0 0.244072803387 0.0833333333333 0.0939353465463 0.982842224914 0.59115047916 0.0 0.0
脱欧 0.0 0.015808775658 0.0833333333333 0.0601657485922 0.978294862548 0.817564346652 0.96875 0.0 0.158433851702 0.285256410256 0.150841662286 0.900757161443 0.573231859971 0.399038461538 0.346153846154
政府 0.0 0.427405187455 0.0833333333333 0.0844819055038 0.999207148178 0.812051443406 0.015625 0.0 0.288276873851 0.291666666667 0.328228539595 0.862242622152 0.52588560953 0.00637755102041 0.295918367347
媒体 0.0 0.24724035826 0.0833333333333 0.378469006897 0.810915556426 0.570464795171 0.0 0.0 0.155070392895 0.258333333333 0.476819076956 0.706284225726 0.379545593664 0.0 0.3
重要 0.0 0.156574385967 0.0833333333333 0.165736674086 0.917748269647 0.594255392268 0.0 0.0 0.156574385967 0.0833333333333 0.165736674086 0.917748269647 0.594255392268 0.0 0.0
报道 0.0 0.244330848538 0.0833333333333 0.153852474717 0.934657854194 0.638984936274 0.0 0.0 0.153009630585 0.25625 0.256808220643 0.812947632609 0.318528842179 0.0 0.35
发展 0.0 0.347164529854 0.0833333333333 0.208688843444 0.957900986204 0.638891069717 0.03125 0.0 0.347164529854 0.0833333333333 0.208688843444 0.957900986204 0.638891069717 0.03125 0.0
中国 0.0 0.34653025379 0.0833333333333 0.290597758019 0.547875779433 0.577431508765 0.03125 0.0 0.34653025379 0.0833333333333 0.290597758019 0.547875779433 0.577431508765 0.03125 0.0
代表 0.0 0.189511458188 0.0833333333333 0.213364697516 0.908905282786 0.583339677868 0.046875 0.0 0.153769673755 0.334770114943 0.351325934502 0.847669751588 0.387929611569 0.0334051724138 0.431034482759
进行 0.0 0.237665818716 0.0833333333333 0.126011156951 0.97988474611 0.763942830705 0.0 0.0 0.158124161574 0.208333333333 0.214189556923 0.909537757109 0.527517398919 0.0 0.214285714286
谈判 0.0 0.47424172907 0.0833333333333 0.186616382145 0.946627236894 0.836791713796 0.421875 0.0 0.310953846307 0.228658536585 0.318718046454 0.900056026748 0.539412060686 0.174161585366 0.353658536585
财经 0.0 0.162191339494 0.0833333333333 0.236275573593 0.930518422448 0.146415072453 0.0 0.0 0.113430636108 0.276041666667 0.368768156578 0.828829818728 0.0603201465953 0.0 0.347222222222
之间 0.0 0.277406853738 0.0833333333333 0.292327752491 0.902304843475 0.599578395609 0.03125 0.0 0.142642385863 0.37188057041 0.60260876022 0.561406184911 0.291281219664 0.0171290106952 0.446524064171
29日 0.0 0.166055303705 0.0416666666667 0.309192445445 0.837365966024 0.497757743454 0.0 0.0 0.134206774619 0.14880952381 0.398411884979 0.775967128655 0.417987756889 0.0 0.214285714286
英国 0.0 0.0 0.0833333333333 0.0629682108071 0.973926895867 1.0 1.0 0.0 0.145052786185 0.25625 0.264790081387 0.871189341495 0.535143552702 0.3109375 0.35
进程 0.0 0.204139956654 0.0833333333333 0.289669972314 0.865898710201 0.511536881034 0.046875 0.0 0.158094573689 0.208333333333 0.255888545875 0.80585496006 0.415030488088 0.0401785714286 0.214285714286
相关 0.0 0.160609217525 0.0833333333333 0.0 0.965184967829 0.651911733782 0.0 0.0 0.160609217525 0.0833333333333 0.0 0.965184967829 0.651911733782 0.0 0.0
再次 0.0 0.168366662409 0.0833333333333 0.180357088447 0.986754385672 0.653185875959 0.0 0.0 0.168366662409 0.0833333333333 0.180357088447 0.986754385672 0.653185875959 0.0 0.0
提出 0.0 0.255044747858 0.0833333333333 0.384058540696 0.848948012304 0.646961266183 0.0 0.0 0.255044747858 0.0833333333333 0.384058540696 0.848948012304 0.646961266183 0.0 0.0
时间 0.0 0.275053398566 0.0833333333333 0.12076443193 0.955319517934 0.73347972702 0.015625 0.0 0.191728864656 0.208333333333 0.297217518362 0.785615124069 0.528942677318 0.00892857142857 0.214285714286
避免 0.0 0.187366194691 0.0833333333333 0.316568163259 0.872228732848 0.575505290929 0.0 0.0 0.187366194691 0.0833333333333 0.316568163259 0.872228732848 0.575505290929 0.0 0.0
主席 0.0 0.217675825888 0.0833333333333 0.206499549247 0.918308426659 0.530242628678 0.0 0.0 0.138911755385 0.337962962963 0.327949954878 0.830223168281 0.300950998884 0.0 0.34126984127
市场 0.0 0.308159508379 0.0833333333333 0.273533954471 0.941350288682 0.768840300404 0.0 0.0 0.217534317532 0.208333333333 0.384545467789 0.796367177252 0.558949503983 0.0 0.214285714286
表示 0.0 0.37346807949 0.0833333333333 0.114153201023 0.981129717825 0.801748826553 0.0 0.0 0.260586887575 0.208333333333 0.302169070932 0.799798658448 0.544604306927 0.0 0.214285714286
公民 0.0 0.16342131011 0.0833333333333 0.492366330203 0.843698217467 0.498582351604 0.0 0.0 0.134920866884 0.208333333333 0.517134314852 0.826712853405 0.443431850386 0.0 0.214285714286
伦敦 0.0 0.266773930714 0.0833333333333 0.0717519149469 0.983037445832 0.700412223859 0.03125 0.0 0.266773930714 0.0833333333333 0.0717519149469 0.983037445832 0.700412223859 0.03125 0.0
美国 0.0 0.577186724379 0.0833333333333 0.175204474858 0.917266689317 0.792684608961 0.0 0.0 0.577186724379 0.0833333333333 0.175204474858 0.917266689317 0.792684608961 0.0 0.0
支撑 0.0 0.272898340831 0.0833333333333 0.735831505967 0.661705391999 0.608344594307 0.046875 0.0 0.272898340831 0.0833333333333 0.735831505967 0.661705391999 0.608344594307 0.046875 0.0
继续 0.0 0.343800653538 0.0833333333333 0.174233022852 0.986827937502 0.726898830569 0.015625 0.0 0.343800653538 0.0833333333333 0.174233022852 0.986827937502 0.726898830569 0.015625 0.0
委员会 0.0 0.214462272408 0.208333333333 0.185155302171 0.934461335628 0.57097827335 0.0 0.0 0.157716391285 0.474856321839 0.284933887922 0.862917090867 0.333284999853 0.0 0.456896551724
支付 0.0 0.400391666519 0.0833333333333 0.305321177549 0.880860349314 0.635196391426 0.0 0.0 0.21135124751 0.258333333333 0.54347209654 0.703577576551 0.382911568234 0.0 0.3
最终 0.0 0.27840960565 0.0833333333333 0.234788089922 0.952635299464 0.678375901687 0.015625 0.0 0.27840960565 0.0833333333333 0.234788089922 0.952635299464 0.678375901687 0.015625 0.0
增加 0.0 0.159435864097 0.0833333333333 0.248285561642 0.844201426477 0.643381377377 0.0 0.0 0.159435864097 0.0833333333333 0.248285561642 0.844201426477 0.643381377377 0.0 0.0
预计 0.0 0.242224967058 0.0833333333333 0.29266567052 0.91720392747 0.603763317121 0.0 0.0 0.242224967058 0.0833333333333 0.29266567052 0.91720392747 0.603763317121 0.0 0.0
投资者 0.0 0.147188781268 0.208333333333 0.4560935785 0.7924502295 0.617909574112 0.0 0.0 0.147188781268 0.208333333333 0.4560935785 0.7924502295 0.617909574112 0.0 0.0
议员 0.0 0.250143830138 0.0833333333333 0.262834475515 0.866979625991 0.667109830902 0.0 0.0 0.250143830138 0.0833333333333 0.262834475515 0.866979625991 0.667109830902 0.0 0.0
双方 0.0 0.419645395263 0.0833333333333 0.360768566077 0.81730124192 0.700466237972 0.03125 0.0 0.305423135124 0.233870967742 0.493393803212 0.651994849336 0.408224383941 0.0216733870968 0.451612903226
德国 0.0 0.446939826019 0.0833333333333 0.0917479638072 0.964225874886 0.751254600712 0.015625 0.0 0.312279568757 0.208333333333 0.352227437981 0.550986214221 0.557748263125 0.00892857142857 0.214285714286
昨日 0.0 0.4332870823 0.0833333333333 0.889803396853 0.386912066278 0.591137156678 0.0 0.0 0.4332870823 0.0833333333333 0.889803396853 0.386912066278 0.591137156678 0.0 0.0
首相 0.0 0.263333662359 0.0833333333333 0.267391983335 0.911184569747 0.620942618029 0.015625 0.0 0.205696867317 0.477678571428 0.306424337797 0.882069253277 0.378518331665 0.00906808035714 0.436224489796
方案 0.0 0.213020653966 0.0833333333333 0.312464991791 0.812926078168 0.524217078035 0.015625 0.0 0.177465746278 0.208333333333 0.327628383083 0.757943112952 0.42587739171 0.00892857142857 0.214285714286
大臣 0.0 0.19461577983 0.0833333333333 0.179589684823 0.984671015453 0.574997126872 0.015625 0.0 0.136239439897 0.208333333333 0.260479526988 0.907598120809 0.405452548545 0.00892857142857 0.214285714286
问题 0.0 0.61170740589 0.0833333333333 0.236814138349 0.944248580087 0.762638795126 0.0625 0.0 0.293805459473 0.285256410256 0.361889719239 0.854865630653 0.438818078962 0.0192307692308 0.346153846154
法国 0.0 0.193667179767 0.0833333333333 0.152983447251 0.845871187203 0.609465134204 0.03125 0.0 0.193667179767 0.0833333333333 0.152983447251 0.845871187203 0.609465134204 0.03125 0.0
关注 0.0 0.202657707079 0.0833333333333 0.25717881638 0.953014373256 0.578376340381 0.046875 0.0 0.202657707079 0.0833333333333 0.25717881638 0.953014373256 0.578376340381 0.046875 0.0
3月 0.0 0.174071773911 0.0 0.141224746657 0.926110619567 0.520895141078 0.0 0.0 0.155699214515 0.135135135135 0.158547826745 0.897401590302 0.463408682318 0.0 0.202702702703
乐观 0.0 0.183763284634 0.0833333333333 0.684958695336 0.81495218289 0.5561900341 0.03125 0.0 0.183763284634 0.0833333333333 0.684958695336 0.81495218289 0.5561900341 0.03125 0.0
2019年 0.0 0.18088687773 0.125 0.101288486433 0.940409215993 0.531697560986 0.0 0.0 0.157426540082 0.21875 0.138488422431 0.902107825117 0.463026502803 0.0 0.225
财政 0.0 0.303436779208 0.0833333333333 0.259659203324 0.928603018927 0.637117039763 0.0 0.0 0.167007270566 0.258333333333 0.361733218498 0.829696665598 0.358000413465 0.0 0.3
确保 0.0 0.224431080184 0.0833333333333 0.252752481329 0.959355332297 0.655657406026 0.0 0.0 0.224431080184 0.0833333333333 0.252752481329 0.959355332297 0.655657406026 0.0 0.0
边界 0.0 0.467316697968 0.0833333333333 0.407454118162 0.881925195222 0.611580279029 0.015625 0.0 0.287855175412 0.281091370558 0.507495919075 0.785784990493 0.401773038243 0.00872461928934 0.347715736041
协议 0.0 0.358070628046 0.0833333333333 0.245915207435 0.946612602611 0.746455373208 0.125 0.0 0.224251542439 0.344298245614 0.346494982245 0.862341021606 0.43985637251 0.0542763157895 0.447368421053
公布 0.0 0.192580438919 0.0833333333333 0.262695056289 0.957511836571 0.610631842456 0.015625 0.0 0.192580438919 0.0833333333333 0.262695056289 0.957511836571 0.610631842456 0.015625 0.0
预期 0.0 0.335045295706 0.0833333333333 0.429052470795 0.903922535413 0.697684098054 0.078125 0.0 0.335045295706 0.0833333333333 0.429052470795 0.903922535413 0.697684098054 0.078125 0.0
计划 0.0 0.283032841825 0.0833333333333 0.126240714565 0.958759516183 0.709553362454 0.046875 0.0 0.283032841825 0.0833333333333 0.126240714565 0.958759516183 0.709553362454 0.046875 0.0
欧元 0.0 0.47675885535 0.0833333333333 0.311392135172 0.929884397564 0.751670434466 0.09375 0.0 0.210315843327 0.285256410256 0.562100313521 0.693314576959 0.395806863318 0.0360576923077 0.346153846154
机构 0.0 0.455270997205 0.0833333333333 0.0785938679211 0.8810083888 0.684468813323 0.0625 0.0 0.297371755163 0.208333333333 0.263381714769 0.772100862067 0.520231314057 0.0424107142857 0.214285714286
工作 0.0 0.162246165852 0.0833333333333 0.122018676777 0.939237437245 0.55487258182 0.015625 0.0 0.162246165852 0.0833333333333 0.122018676777 0.939237437245 0.55487258182 0.015625 0.0
央行 0.0 0.352129501895 0.0833333333333 0.245108680278 0.839504369813 0.608529581209 0.03125 0.0 0.324472932229 0.208333333333 0.311933472987 0.80678022779 0.506937601211 0.0178571428571 0.214285714286
指出 0.0 0.20622121548 0.0833333333333 0.247848153825 0.901906604393 0.551784867047 0.0 0.0 0.20622121548 0.0833333333333 0.247848153825 0.901906604393 0.551784867047 0.0 0.0
面临 0.0 0.231940768734 0.0833333333333 0.0657999172139 0.984391875952 0.652029606787 0.0625 0.0 0.231940768734 0.0833333333333 0.0657999172139 0.984391875952 0.652029606787 0.0625 0.0
达成 0.0 0.340676816856 0.0833333333333 0.284055423935 0.926529029378 0.659036156302 0.1875 0.0 0.198792026249 0.25625 0.352227636799 0.865532502635 0.391465829357 0.078125 0.35
管理局 0.0 0.457254140348 0.208333333333 0.674341515192 0.610054507614 0.495595943739 0.03125 0.0 0.270873698074 0.474856321839 0.676767417996 0.593272253953 0.359239161957 0.0203394396552 0.456896551724
要求 0.0 0.248211632179 0.0833333333333 0.32739571813 0.899295019189 0.606776830628 0.0 0.0 0.146763297516 0.344298245614 0.430073893747 0.789831608255 0.313551316945 0.0 0.447368421053
进入 0.0 0.120679654979 0.0833333333333 0.159968978065 0.979386680567 0.49973773625 0.03125 0.0 0.120679654979 0.0833333333333 0.159968978065 0.979386680567 0.49973773625 0.03125 0.0
意味着 0.0 0.143807942666 0.208333333333 0.157293659025 0.889997861156 0.539925236581 0.0 0.0 0.143807942666 0.208333333333 0.157293659025 0.889997861156 0.539925236581 0.0 0.0
情况 0.0 0.180600346062 0.0833333333333 0.222605686157 0.925402960838 0.557436269001 0.0 0.0 0.180600346062 0.0833333333333 0.222605686157 0.925402960838 0.557436269001 0.0 0.0
人士 0.0 0.203866337324 0.0833333333333 0.298812549581 0.835282995781 0.526783713467 0.0 0.0 0.166923421744 0.208333333333 0.38070083476 0.725868435003 0.4254620964 0.0 0.214285714286
现在 0.0 0.203804774466 0.0833333333333 0.119470896951 0.948666542414 0.632988741112 0.0 0.0 0.203804774466 0.0833333333333 0.119470896951 0.948666542414 0.632988741112 0.0 0.0
企业 0.0 0.262726281206 0.0833333333333 0.051474766057 0.955371295182 0.681256995331 0.0 0.0 0.262726281206 0.0833333333333 0.051474766057 0.955371295182 0.681256995331 0.0 0.0
发表 0.0 0.155305045689 0.0833333333333 0.214432962208 0.92860378943 0.593225781442 0.0 0.0 0.155305045689 0.0833333333333 0.214432962208 0.92860378943 0.593225781442 0.0 0.0
欧盟 0.0 0.284706180543 0.0833333333333 0.106919811946 0.954646155502 0.927871735575 0.4375 0.0 0.180397674981 0.285256410256 0.362024230089 0.831772659707 0.456248328184 0.149038461538 0.346153846154
布鲁塞尔 0.0 0.156574385967 0.333333333333 0.300739561564 0.870186531894 0.603639988644 0.0 0.0 0.156574385967 0.333333333333 0.300739561564 0.870186531894 0.603639988644 0.0 0.0
12月 0.0 0.330343925646 0.0416666666667 0.28841839938 0.88811387585 0.705394846107 0.03125 0.0 0.261712060365 0.1328125 0.334348503771 0.832106788874 0.579679436037 0.017578125 0.21875
讨论 0.0 0.1301418985 0.0833333333333 0.219393569931 0.960090898966 0.338111854473 0.0 0.0 0.1301418985 0.0833333333333 0.219393569931 0.960090898966 0.338111854473 0.0 0.0
巴黎 0.0 0.304716803808 0.0833333333333 0.631557916432 0.621114721507 0.591439026495 0.03125 0.0 0.304716803808 0.0833333333333 0.631557916432 0.621114721507 0.591439026495 0.03125 0.0
支持 0.0 0.283032841825 0.0833333333333 0.171665435208 0.97799049581 0.701244648919 0.0 0.0 0.283032841825 0.0833333333333 0.171665435208 0.97799049581 0.701244648919 0.0 0.0
持续 0.0 0.164446117384 0.0833333333333 0.265566989073 0.837571251465 0.636002310214 0.0 0.0 0.164446117384 0.0833333333333 0.265566989073 0.837571251465 0.636002310214 0.0 0.0
障碍 0.0 0.159435864097 0.0833333333333 0.349228882856 0.837326392788 0.458196865248 0.0 0.0 0.159435864097 0.0833333333333 0.349228882856 0.837326392788 0.458196865248 0.0 0.0
关键 0.0 0.240325288761 0.0833333333333 0.288085688418 0.9349098172 0.635558899738 0.015625 0.0 0.181409301678 0.208333333333 0.33002221176 0.883123731014 0.491651474535 0.00892857142857 0.214285714286
压力 0.0 0.212486223529 0.0833333333333 0.0734051092223 0.93110930145 0.559925246608 0.015625 0.0 0.178966198879 0.208333333333 0.23475694507 0.807663233016 0.451837947067 0.015625 0.214285714286
记者 0.0 0.187428004856 0.0833333333333 0.127789815558 0.966880271071 0.599161651361 0.015625 0.0 0.187428004856 0.0833333333333 0.127789815558 0.966880271071 0.599161651361 0.015625 0.0
方面 0.0 0.265889265299 0.0833333333333 0.208392426946 0.940732041475 0.724221903001 0.0 0.0 0.198313226633 0.208333333333 0.331279274704 0.860071932043 0.498254896997 0.0 0.214285714286
需要 0.0 0.261752724413 0.0833333333333 0.181602892035 0.958795121617 0.716028493898 0.0 0.0 0.261752724413 0.0833333333333 0.181602892035 0.958795121617 0.716028493898 0.0 0.0
水平 0.0 0.256005901883 0.0833333333333 0.37956355973 0.757742890512 0.633171119874 0.0 0.0 0.256005901883 0.0833333333333 0.37956355973 0.757742890512 0.633171119874 0.0 0.0
大选 0.0 0.266590848894 0.0833333333333 0.441845041172 0.664859410493 0.573577258436 0.015625 0.0 0.266590848894 0.0833333333333 0.441845041172 0.664859410493 0.573577258436 0.015625 0.0
会议 0.0 0.225381599807 0.0833333333333 0.218384202247 0.882731381456 0.609315925407 0.0 0.0 0.225381599807 0.0833333333333 0.218384202247 0.882731381456 0.609315925407 0.0 0.0
政策 0.0 0.188252744875 0.0833333333333 0.133650464677 0.963086103053 0.659852344143 0.0 0.0 0.188252744875 0.0833333333333 0.133650464677 0.963086103053 0.659852344143 0.0 0.0
欧洲 0.0 0.552844417201 0.0833333333333 0.120127744684 0.985762149886 0.833006088255 0.046875 0.0 0.272716122002 0.285256410256 0.431117065629 0.735154633396 0.452081027815 0.0252403846154 0.346153846154
无法 0.0 0.167032026771 0.0833333333333 0.30191364749 0.910874860185 0.575657735759 0.015625 0.0 0.167032026771 0.0833333333333 0.30191364749 0.910874860185 0.575657735759 0.015625 0.0
股吧 0.0 0.110821922861 0.0833333333333 0.236275573593 0.930518422448 0.0 0.0 0.0 0.110821922861 0.334770114943 0.236275573593 0.930518422448 0.0111347024345 0.0 0.431034482759
全球 0.0 0.194234809465 0.0833333333333 0.125158259175 0.886110166115 0.63498843743 0.015625 0.0 0.194234809465 0.0833333333333 0.125158259175 0.886110166115 0.63498843743 0.015625 0.0
官员 0.0 0.286725428804 0.0833333333333 0.275910135525 0.870374693763 0.615074625539 0.046875 0.0 0.183044745809 0.258333333333 0.487479296681 0.715374305896 0.367717179121 0.01875 0.3
具体 0.0 0.195159057344 0.0833333333333 0.435168285752 0.822384739969 0.47565850174 0.0 0.0 0.152962631227 0.208333333333 0.641601579642 0.584943501747 0.333195179768 0.0 0.214285714286
哈蒙德 0.0 0.422957298428 0.208333333333 0.441739706142 0.668265928632 0.583786059746 0.0 0.0 0.422957298428 0.208333333333 0.441739706142 0.668265928632 0.583786059746 0.0 0.0
技术 0.0 0.30261002623 0.0833333333333 0.610291363833 0.736406778008 0.627522455675 0.015625 0.0 0.30261002623 0.0833333333333 0.610291363833 0.736406778008 0.627522455675 0.015625 0.0
数据 0.0 0.251070687412 0.0833333333333 0.369667324772 0.942232371915 0.614037322983 0.0 0.0 0.159884131995 0.258333333333 0.559923004 0.783821356675 0.392940087196 0.0 0.3
辞职 0.0 0.237512958572 0.0833333333333 0.47105597942 0.774847578381 0.552756752781 0.015625 0.0 0.237512958572 0.0833333333333 0.47105597942 0.774847578381 0.552756752781 0.015625 0.0
进展 0.0 0.40380790963 0.0833333333333 0.284383901375 0.933124359032 0.665980884006 0.171875 0.0 0.244485547558 0.291666666667 0.456765386252 0.794173777528 0.423644895682 0.0749362244898 0.295918367347
调查 0.0 0.275479174984 0.0833333333333 0.12962331292 0.706929952961 0.596974200774 0.015625 0.0 0.275479174984 0.0833333333333 0.12962331292 0.706929952961 0.596974200774 0.015625 0.0
阶段 0.0 0.281804186255 0.0833333333333 0.413159188501 0.864546211806 0.574512667246 0.015625 0.0 0.161897340651 0.258333333333 0.540463450198 0.731009869686 0.392021004844 0.00625 0.3
国家 0.0 0.279943770314 0.0833333333333 0.0439549410007 0.973723909776 0.719064327845 0.0 0.0 0.189739674854 0.208333333333 0.169417680768 0.845873662716 0.545286803754 0.0 0.214285714286
之后 0.0 0.201417092291 0.0833333333333 0.0876317472192 0.963700177841 0.657642272231 0.0 0.0 0.201417092291 0.0833333333333 0.0876317472192 0.963700177841 0.657642272231 0.0 0.0
进一步 0.0 0.180600346062 0.208333333333 0.226405822779 0.940168256961 0.655301664409 0.015625 0.0 0.180600346062 0.208333333333 0.226405822779 0.940168256961 0.655301664409 0.015625 0.0
北爱尔兰 3.0 0.337443341514 0.333333333333 0.423895826178 0.897488041581 0.659431486974 0.0 0.0 0.337443341514 0.333333333333 0.423895826178 0.897488041581 0.659431486974 0.0 0.0
英国+经济 2.0 0.299227522906 0.375 0.350623552856 0.920916059043 0.434256942527 0.03125 0.5 0.283711921624 0.209459459459 0.21857394062 0.92589753211 0.627529281848 0.282939189189 0.256756756757
经济+增长 0.0 0.223378865166 0.375 0.387523977576 0.828757316386 0.419556361663 0.03125 0.5 0.413871231606 0.229166666667 0.285685251003 0.894541222726 0.588869698471 0.0546875 0.25
英国+央行 0.0 0.287597506008 0.375 0.401033196599 0.763148038427 0.371481627881 0.0 0.5 0.188778808653 0.209459459459 0.263103842309 0.840037018237 0.552497628312 0.253800675676 0.256756756757
第三+季度 0.0 0.114087029239 0.375 0.666888102202 0.502040421236 0.297191637717 0.0 0.5 0.141567009868 0.25 0.441820646376 0.681498600493 0.418260483151 0.0 0.285714285714
脱欧+谈判 3.0 0.30806318331 0.375 0.193856316746 0.95438682046 0.53456920313 0.109375 0.5 0.256945985877 0.316666666667 0.19252438025 0.948736485426 0.620865997119 0.357421875 0.4
新浪+财经 0.0 0.114246550637 0.375 0.236275573593 0.930518422448 0.0484781923223 0.0 0.5 0.125558140559 0.316666666667 0.231315527312 0.931788688428 0.0839604609211 0.0 0.4
财经+股吧 0.0 0.110821922861 0.375 0.236275573593 0.930518422448 0.0 0.0 0.5 0.122380041603 0.316666666667 0.236275573593 0.930518422448 0.0430342153832 0.0 0.4
脱+欧 0.0 0.356481390445 0.125 0.203278355082 0.958169180036 0.486199502723 0.421875 0.5 0.294365231726 0.29802259887 0.342254603992 0.854065765372 0.364288395041 0.215572033898 0.745762711864
欧+谈判 0.0 0.244800545361 0.25 0.285480115545 0.888283212619 0.395051920348 0.109375 0.5 0.288728204104 0.252057613169 0.33306723612 0.889175239769 0.474165007372 0.16087962963 0.506172839506
FX168+财经 0.0 0.0520686187172 0.333333333333 0.79742063094 0.499837277283 0.0189428698577 0.0 0.5 0.0897722209416 0.355390055722 0.564351809436 0.678718558751 0.0554740503908 0.0 0.508144020574
财经+报社 0.0 0.0520686187172 0.375 0.79742063094 0.499837277283 0.0189428698577 0.0 0.5 0.0784924195537 0.36626746507 0.662774618463 0.603178647017 0.0495296558526 0.0 0.516467065868
12月+4日 0.0 0.173471090717 0.25 0.393401495131 0.760097677047 0.418045337375 0.0 0.5 0.226499135499 0.112962962963 0.351207116773 0.807963841344 0.540698647196 0.00972222222222 0.2
英国+首相 2.0 0.195631657531 0.375 0.286255182624 0.903218004127 0.317728166959 0.015625 0.5 0.157350443347 0.380952380952 0.240815082651 0.908960873079 0.512287602748 0.24060639881 0.380952380952
首相+特雷莎·梅 2.0 0.174093963142 0.708333333333 0.363748284378 0.845259935431 0.276460429366 0.0 0.5 0.261217486333 0.591287878788 0.316785774639 0.868769265277 0.408767719463 0.00692471590909 0.409090909091
欧盟+委员会 2.0 0.167096079117 0.5 0.290777035792 0.884122998852 0.298864159978 0.0 0.5 0.187269276993 0.418085106383 0.241814756845 0.890485840648 0.45974308496 0.0912234042553 0.404255319149
委员会+主席 0.0 0.123712670851 0.5 0.347738460769 0.804467770297 0.224137827837 0.0 0.5 0.133902693989 0.575880758808 0.321885541441 0.821064212164 0.270926055544 0.0 0.630081300813
主席+容克 3.0 0.0986537342215 0.375 0.393485772881 0.75118585431 0.164609965942 0.0 0.5 0.132328453438 0.430223285487 0.339620619425 0.801196932788 0.262919258088 0.0 0.505980861244
英国+退欧 0.0 0.0699449258322 0.375 0.363057341384 0.588029033474 0.318862241979 0.0 0.5 0.0882113111307 0.272058823529 0.269908679338 0.792644077684 0.498228089441 0.2734375 0.367647058824
外媒+报道 0.0 0.0752491611991 0.375 0.375741202063 0.694996453028 0.103110024124 0.0 0.5 0.142168722194 0.272058823529 0.273491971678 0.79669884958 0.288827400288 0.0 0.367647058824
欧洲+议会 0.0 0.0967007297368 0.375 0.363365480553 0.76112625614 0.281292927852 0.0 0.5 0.263266662282 0.229166666667 0.318012454116 0.826682091194 0.509133451162 0.01953125 0.25
首席+谈判 0.0 0.098429703681 0.375 0.480191846346 0.754119219279 0.16466579168 0.015625 0.5 0.111034312769 0.45325203252 0.446294989497 0.772798522916 0.211752937132 0.0224847560976 0.634146341463
谈判+代表 3.0 0.155305045689 0.375 0.420726773288 0.849178405375 0.325839585293 0.03125 0.5 0.22054340676 0.316666666667 0.336261736497 0.86077814336 0.458447886632 0.11875 0.4
爱尔兰+边界 2.0 0.225381599807 0.5 0.453407697344 0.834818845336 0.330966356602 0.0 0.5 0.421951697259 0.418085106383 0.439648878868 0.844705615943 0.476075204917 0.0293218085106 0.404255319149
边界+问题 2.0 0.228351425483 0.375 0.511589497781 0.790472713026 0.323890003766 0.0 0.5 0.359959060187 0.341485507246 0.432401507034 0.835516096829 0.469751791871 0.0178328804348 0.391304347826
公民+权利 0.0 0.0969202759159 0.375 0.550158294384 0.804065701322 0.369897848761 0.0 0.5 0.134386017106 0.2 0.513460840545 0.828460209742 0.44868082611 0.0 0.2
关键+问题 0.0 0.102854652234 0.375 0.385937576216 0.8140756161 0.299774907597 0.0 0.5 0.285351628655 0.229166666667 0.345135731727 0.872893590193 0.503456060209 0.01953125 0.25
欧盟+首席 0.0 0.128342688892 0.375 0.413965957102 0.812638969551 0.113988033136 0.046875 0.5 0.162235530854 0.316666666667 0.341593593562 0.835939991239 0.369448125582 0.126953125 0.4
英国+脱欧 0.0 0.256026762253 0.375 0.0625143101667 0.982781776077 0.535676480168 0.3125 0.5 0.134630670519 0.316666666667 0.125300939725 0.96339739538 0.657920044626 0.5484375 0.4
达成+协议 0.0 0.225226737783 0.375 0.336565272801 0.893417315722 0.363584828574 0.0625 0.5 0.243598486738 0.316666666667 0.325228250975 0.869899224528 0.465907936607 0.0890625 0.4
爱尔兰+边境 2.0 0.27069966966 0.5 0.528167715211 0.780552287336 0.368775888936 0.03125 0.5 0.468480806069 0.418085106383 0.502813164909 0.796048549326 0.499668199837 0.0523936170213 0.404255319149
谈判+取得 0.0 0.167032026771 0.375 0.493820769625 0.821138514312 0.293137787859 0.0625 0.5 0.309730145132 0.209459459459 0.353313960913 0.882246470612 0.504409402821 0.158783783784 0.256756756757
欧盟+峰会 2.0 0.156002379367 0.375 0.308052046596 0.852790166487 0.422046259301 0.015625 0.5 0.207955188841 0.229166666667 0.293286402726 0.876285486701 0.533450495669 0.134114583333 0.25
欧盟+官员 0.0 0.11776994927 0.375 0.70419391076 0.666057515356 0.203879482261 0.0 0.5 0.203505000242 0.229166666667 0.399433116638 0.81371421236 0.472694423222 0.12890625 0.25
取得+进展 0.0 0.153872822906 0.375 0.421097145561 0.849262311585 0.334549378859 0.015625 0.5 0.276577469212 0.229166666667 0.390122348528 0.876886879909 0.461562578139 0.07421875 0.25
英镑+兑 0.0 0.355913426952 0.25 0.778378036178 0.680874578783 0.320298652094 0.03125 0.5 0.472986839937 0.302029360967 0.695524101415 0.654359713259 0.468697023157 0.126781088083 0.49481865285
兑+美元 0.0 0.34244914393 0.25 0.771456158 0.694081202228 0.399356678428 0.03125 0.5 0.445795837078 0.281835205993 0.692541925334 0.738048777517 0.459920162676 0.0444171348315 0.494382022472
数据+显示 0.0 0.0963132251277 0.375 0.553166811435 0.857844969022 0.165104818038 0.0 0.5 0.17298055653 0.229166666667 0.461509019562 0.847590485248 0.426955422016 0.0 0.25
欧盟+谈判 3.0 0.0520686187172 0.375 0.475949386296 0.741484202686 0.268140903931 0.0 0.5 0.205374133859 0.316666666667 0.326066393708 0.830601918624 0.498121769516 0.197265625 0.4
第一+阶段 0.0 0.0886697259628 0.375 0.576549129113 0.651294660746 0.282036045994 0.0 0.5 0.153404476279 0.229166666667 0.501293454053 0.747943871466 0.405533618291 0.00390625 0.25
贸易+谈判 3.0 0.128342688892 0.375 0.43215490347 0.74526620372 0.353800581801 0.0 0.5 0.312690795778 0.209459459459 0.312912772157 0.865085861733 0.572658078151 0.127111486486 0.256756756757
问题+达成 0.0 0.126341038812 0.375 0.354909524906 0.840871296921 0.261028370636 0.0 0.5 0.271001052061 0.316666666667 0.328683786062 0.853603513819 0.438782269158 0.05625 0.4
达成+脱 0.0 0.0699449258322 0.25 0.445716720539 0.789435423907 0.212868050575 0.03125 0.5 0.186307825409 0.252314814815 0.361929957494 0.857737101921 0.375474182344 0.0746527777778 0.361111111111
硬+边界 0.0 0.178532526791 0.25 0.66929596559 0.62500935647 0.279576692907 0.015625 0.5 0.278431059839 0.272834274953 0.525113799892 0.768234853988 0.391416322423 0.0097104519774 0.358757062147
欧洲+理事会 0.0 0.105851074228 0.5 0.341128822579 0.880247567188 0.225163232493 0.0 0.5 0.195207392017 0.486802413273 0.324582241137 0.873447319514 0.334610979123 0.0103930995475 0.524886877828
理事会+主席 0.0 0.0847243333031 0.5 0.4114450806 0.814825319265 0.196284376951 0.0 0.5 0.104469237891 0.588102808691 0.386472181446 0.822987086545 0.233558151209 0.0 0.643879173291
主席+图斯克 0.0 0.0584043199869 0.5 0.494579332317 0.758271470104 0.169566907101 0.0 0.5 0.100414289018 0.496835443038 0.408374299836 0.795352115021 0.237633089807 0.0 0.518987341772
脱欧+费用 0.0 0.101378377601 0.375 0.317055578204 0.66171928632 0.323673247708 0.015625 0.5 0.158854406211 0.229166666667 0.24735496218 0.833037313347 0.552971239873 0.26953125 0.25
达成+共识 0.0 0.077670853715 0.375 0.660261318755 0.526095263164 0.234673003774 0.015625 0.5 0.1717387207 0.272058823529 0.45938362709 0.751131067178 0.365264316985 0.0726102941176 0.367647058824
北京+时间 0.0 0.0806294861105 0.375 0.532488300272 0.559342598915 0.256226611049 0.0 0.5 0.16395402002 0.25 0.35603521384 0.72904699278 0.460763660751 0.00669642857143 0.285714285714
阶段+谈判 0.0 0.0752491611991 0.375 0.674116786878 0.632676622466 0.258683747157 0.0 0.5 0.254621810536 0.209459459459 0.418533578031 0.813801702601 0.501927238857 0.127111486486 0.256756756757
副+总理 0.0 0.190338939066 0.25 0.665951956383 0.677586417446 0.312240149194 0.015625 0.5 0.225918112116 0.174242424242 0.519535128418 0.760151146983 0.407270484937 0.015625 0.272727272727
爱尔兰+政府 0.0 0.11794087167 0.5 0.825416834098 0.594521164875 0.252910978694 0.0 0.5 0.405841285468 0.33064516129 0.46105058276 0.819395983488 0.533231190779 0.0317540322581 0.258064516129
关税+同盟 0.0 0.0699449258322 0.375 0.645108102462 0.521934276795 0.208142390596 0.0 0.5 0.0699449258322 0.375 0.645108102462 0.521934276795 0.208142390596 0.0 0.5
离开+欧盟 0.0 0.144790788644 0.375 0.368118069619 0.800382480564 0.30328781336 0.0 0.5 0.181997439338 0.295454545455 0.29429706561 0.854211514622 0.460803185913 0.130681818182 0.363636363636
责任+编辑 0.0 0.0890956266969 0.375 0.330708525015 0.624983897575 0.200074472357 0.0 0.5 0.116829460282 0.25 0.238968415832 0.750510376379 0.338031316465 0.0 0.285714285714
英国+政府 0.0 0.261752724413 0.375 0.189181643513 0.929496614241 0.399107486477 0.0 0.5 0.198707019218 0.209459459459 0.15532385285 0.932834529454 0.610962684067 0.25 0.256756756757
报道+称 0.0 0.17296176982 0.25 0.126624398476 0.913562331399 0.205152211957 0.0 0.5 0.157040829964 0.252314814815 0.239633159785 0.827002014965 0.311165955192 0.0 0.361111111111
欧+分手费 0.0 0.240325288761 0.375 0.418998341189 0.825771169709 0.318421685515 0.171875 0.5 0.331189348026 0.400664251208 0.413363411121 0.833826507534 0.394772519216 0.183990036232 0.503623188406
自由+贸易 0.0 0.0967007297368 0.375 0.607812298848 0.73758750213 0.246107809436 0.0 0.5 0.213391437953 0.295454545455 0.459136853434 0.809505164546 0.419580585579 0.00426136363636 0.363636363636
英国+脱 0.0 0.0520686187172 0.25 0.307107398069 0.800387403216 0.215409497441 0.015625 0.5 0.131461072972 0.252314814815 0.266015781419 0.864787957765 0.506252332282 0.2890625 0.361111111111
财政+大臣 0.0 0.0584043199869 0.375 0.368332649874 0.804834261283 0.179393110776 0.0 0.5 0.159598614692 0.229166666667 0.314461850998 0.867043917713 0.390234947655 0.00390625 0.25
2019年+3月 0.0 0.128752794068 0.333333333333 0.183955010873 0.855295014046 0.379095209469 0.0 0.5 0.158174579587 0.174242424242 0.145246803543 0.902463918007 0.467710505859 0.0 0.2
贸易+协议 0.0 0.17729746072 0.375 0.425138946047 0.843944727175 0.35396817945 0.0 0.5 0.298589816825 0.229166666667 0.33467503712 0.898186357306 0.549818847974 0.0455729166667 0.25
英国+支付 0.0 0.0636588899579 0.375 0.649938557502 0.567439952667 0.153270209228 0.0 0.5 0.127889513762 0.209459459459 0.358476188425 0.786623688139 0.488212878802 0.246199324324 0.256756756757
600亿+欧元 0.0 0.11776994927 0.375 0.565713662934 0.741089866369 0.302333905404 0.015625 0.5 0.201563347802 0.295454545455 0.555160068616 0.709169775658 0.389595524641 0.0340909090909 0.363636363636
边境+问题 0.0 0.384578399004 0.375 0.566411788827 0.754455701182 0.409163155719 0.03125 0.5 0.443913194358 0.341485507246 0.488295490373 0.792803186752 0.50926723794 0.0417798913043 0.391304347826
进行+谈判 0.0 0.0520686187172 0.375 0.331760756886 0.815741771774 0.212283489872 0.0 0.5 0.236367437087 0.209459459459 0.237652371441 0.901229502612 0.532956114092 0.123310810811 0.256756756757
走+高 0.0 0.105971843197 0.125 0.814294356499 0.516815284039 0.272546502831 0.0 0.5 0.0939628707421 0.125 0.757935539465 0.534712220365 0.256024588039 0.00520833333333 0.5
走+强 0.0 0.0699449258322 0.125 0.645217905398 0.570506093017 0.222980758455 0.015625 0.5 0.0819538982871 0.125 0.701576722432 0.552609156691 0.239502673247 0.0104166666667 0.5
解决+方案 0.0 0.130059202694 0.375 0.347846238139 0.684632492664 0.294757809943 0.0 0.5 0.243710263639 0.2 0.308081693535 0.783719487991 0.48673225733 0.009375 0.2
硬+边境 0.0 0.0868086869114 0.25 1.0 0.359541456934 0.269247659668 0.0 0.5 0.333297451325 0.272834274953 0.669340806212 0.650013158642 0.428867828147 0.0294844632768 0.358757062147
单一+市场 0.0 0.0967007297368 0.375 0.53256081888 0.603056362011 0.279095108756 0.0 0.5 0.187325920583 0.25 0.421549305562 0.748039473441 0.488985905177 0.0 0.285714285714
欧盟+支付 0.0 0.106989713049 0.375 0.754540194234 0.603338170083 0.276173162983 0.0 0.5 0.228328147597 0.229166666667 0.423567971635 0.795429177823 0.501822758267 0.1171875 0.25
脱离+欧盟 0.0 0.074960249285 0.375 0.0079685042094 0.715757312676 0.281592252043 0.0 0.5 0.156604515935 0.295454545455 0.163333587279 0.823438726299 0.452913890888 0.130681818182 0.363636363636
媒体+报道 0.0 0.0868394324398 0.375 0.41979825842 0.656824406975 0.232646901687 0.0 0.5 0.18045801187 0.209459459459 0.28959035743 0.810459186461 0.408456105053 0.0 0.256756756757
11月+30日 0.0 0.094628228436 0.291666666667 0.30950789084 0.868520884299 0.299645612889 0.0 0.5 0.138056924317 0.223484848485 0.277512478208 0.856624727793 0.416184929265 0.00426136363636 0.363636363636
首+次 0.0 0.0937042096217 0.125 0.112358210326 0.813565880774 0.392103416157 0.0 0.5 0.0937042096217 0.125 0.112358210326 0.813565880774 0.392103416157 0.0 0.5
脱欧+进程 0.0 0.0967007297368 0.375 0.210846643957 0.725796626539 0.286355297493 0.03125 0.5 0.138564623542 0.229166666667 0.190050531003 0.86204507211 0.516821939941 0.282552083333 0.25
官员+表示 0.0 0.110078631689 0.375 0.552856897478 0.558023912613 0.201744947425 0.0 0.5 0.221369579181 0.229166666667 0.399167118423 0.759893659661 0.455434092541 0.01171875 0.25
欧盟+要求 0.0 0.117696714607 0.375 0.366132059161 0.812392393457 0.23156186733 0.0 0.5 0.171130244734 0.316666666667 0.357087657321 0.815312369484 0.437586555753 0.0984375 0.4
税+改 0.0 0.114175149338 0.125 0.588947813932 0.453547694501 0.313978644588 0.0 0.5 0.114175149338 0.125 0.588947813932 0.453547694501 0.313978644588 0.0 0.5
两+年 0.0 0.120379451122 0.125 0.265166630326 0.930037496093 0.406986693918 0.0 0.5 0.103273342427 0.161231884058 0.467734874987 0.75776004019 0.322046697715 0.00679347826087 0.608695652174
谈判+中 0.0 0.183763284634 0.25 0.62285353127 0.807045674359 0.331275189094 0.0 0.5 0.298984414929 0.228603603604 0.350844360494 0.890210646092 0.520151870048 0.158361486486 0.364864864865
欧盟+方面 0.0 0.108211841746 0.375 0.495128405048 0.752525119467 0.196965555659 0.0 0.5 0.195109923524 0.229166666667 0.312865187589 0.860126083992 0.497676600386 0.1171875 0.25
英国+媒体 0.0 0.100408066198 0.375 0.664973322236 0.616235603543 0.271885350298 0.0 0.5 0.102555144587 0.209459459459 0.381145043585 0.785435706369 0.51093713087 0.246199324324 0.256756756757
550亿+欧元 0.0 0.100571014796 0.375 0.700810798884 0.463579132445 0.142640578203 0.015625 0.5 0.184779075627 0.382882882883 0.611214697441 0.575524178912 0.300985581591 0.0346283783784 0.513513513514
两+家 0.0 0.0918213484557 0.125 0.493860345236 0.57518087036 0.236257311885 0.0 0.5 0.0958234026011 0.161231884058 0.527394104963 0.665188746521 0.277508598055 0.00679347826087 0.608695652174
经济+数据 0.0 0.101872964972 0.375 0.820353435536 0.498583057341 0.325979041971 0.0 0.5 0.328322427722 0.229166666667 0.456618776429 0.800770735662 0.542868325045 0.0325520833333 0.25
11月+29日 0.0 0.091742069172 0.291666666667 0.51737113769 0.694102012163 0.311627774802 0.0 0.5 0.150442537967 0.166666666667 0.326656988479 0.828313131484 0.456969459589 0.00390625 0.25
约+合 0.0 0.166414195766 0.125 0.899458395907 0.305358458554 0.243609064887 0.0 0.5 0.166414195766 0.125 0.899458395907 0.305358458554 0.243609064887 0.0 0.5
具体+金额 0.0 0.0967007297368 0.375 0.916845971495 0.268355184117 0.143244083806 0.0 0.5 0.206681276677 0.2 0.6876590525 0.536005254231 0.366203867389 0.0046875 0.2
每日+电讯报 0.0 0.130093447497 0.5 0.603439155106 0.676300606276 0.184978409473 0.0 0.5 0.134084144985 0.37037037037 0.552393590095 0.689623362286 0.228108611302 0.0 0.277777777778
英+欧 0.0 0.321339681828 0.125 0.54963771092 0.615601175607 0.266478301543 0.046875 0.5 0.291203502941 0.2265625 0.451160538661 0.703311329932 0.307050229703 0.1181640625 0.640625
欧+双方 0.0 0.233282760299 0.25 0.577157110877 0.547590811915 0.251394993262 0.015625 0.5 0.299405946976 0.235555555556 0.469602998158 0.674257375666 0.386054562987 0.0739583333333 0.506666666667
实质性+进展 3.0 0.113967235296 0.5 0.74124062253 0.536649517461 0.172910108958 0.0 0.5 0.216686298765 0.338178294574 0.525489799533 0.731164934417 0.367276254999 0.0592296511628 0.337209302326
巴尼+耶 0.0 0.105971843197 0.25 0.598485691827 0.495258489964 0.126275985444 0.0 0.5 0.105971843197 0.25 0.598485691827 0.495258489964 0.126275985444 0.0 0.5
欧盟+成员国 0.0 0.0694675475734 0.5 0.370492553226 0.770708106201 0.314160351412 0.0 0.5 0.154322288969 0.302966101695 0.2641047287 0.851961640517 0.488018281674 0.110963983051 0.245762711864
要求+英国 0.0 0.114436018702 0.375 0.481556151397 0.774208550421 0.202140565484 0.0 0.5 0.10609314534 0.316666666667 0.381825774736 0.808195383155 0.444989024695 0.225 0.4
欧盟+国家 0.0 0.0694675475734 0.375 0.33670133379 0.675406666635 0.3135834383 0.0 0.5 0.185708785054 0.229166666667 0.21894679235 0.842667900123 0.535259834144 0.1171875 0.25
金融+时报 0.0 0.102854652234 0.375 0.60381256566 0.599402808939 0.135923897378 0.0 0.5 0.18248162482 0.277777777778 0.353146286909 0.727554644166 0.384780584377 0.00520833333333 0.333333333333
1000亿+欧元 0.0 0.0815858785975 0.416666666667 0.715605582481 0.513464642834 0.208655440333 0.0 0.5 0.198698759229 0.31130952381 0.576482164079 0.658232096465 0.360985153551 0.0310267857143 0.364285714286
欧盟+机构 0.0 0.0868394324398 0.375 0.509765510566 0.626890826424 0.301247981703 0.015625 0.5 0.235331220066 0.229166666667 0.285294583006 0.803317073142 0.522499136648 0.138020833333 0.25
200亿+欧元 0.0 0.0573492165493 0.375 0.754054049876 0.559848304589 0.267961344818 0.0 0.5 0.190577760034 0.295454545455 0.589403775332 0.676216764425 0.383345968171 0.03125 0.363636363636
爱尔兰+之间 0.0 0.0868086869114 0.5 0.783185969439 0.420279693293 0.208375131989 0.0 0.5 0.361928053739 0.33064516129 0.494360656383 0.741307891593 0.47088700363 0.0352822580645 0.258064516129
最后+期限 0.0 0.105971843197 0.375 0.55170069083 0.641110748873 0.229339129406 0.0 0.5 0.147776513879 0.25 0.408000701827 0.779733295259 0.366079472208 0.0 0.285714285714
11月+28日 0.0 0.102854652234 0.291666666667 0.238028614286 0.823187290856 0.305819130517 0.0 0.5 0.139552637735 0.223484848485 0.264516246107 0.848382256258 0.417307387015 0.00426136363636 0.363636363636
欧元+之间 0.0 0.0856367372061 0.375 0.671572226598 0.478425196335 0.14133688546 0.015625 0.5 0.211191411378 0.316666666667 0.537518718318 0.628668794487 0.367575608351 0.03671875 0.4
压力+测试 0.0 0.134272832678 0.375 0.4498927262 0.643068475104 0.307721547679 0.015625 0.5 0.167792857328 0.25 0.288540890352 0.766514543538 0.41580884722 0.015625 0.285714285714
欧盟+达成 0.0 0.063252422687 0.375 0.491483029782 0.686987735748 0.256732697811 0.03125 0.5 0.185867311612 0.209459459459 0.338826770921 0.829742634061 0.509541614991 0.168074324324 0.256756756757
10+天 0.0 0.132001521092 0.0833333333333 0.72067456654 0.498194120879 0.347313650368 0.015625 0.5 0.132001521092 0.0833333333333 0.72067456654 0.498194120879 0.347313650368 0.015625 0.5
分手费+问题 3.0 0.0868394324398 0.5 0.46922217592 0.759973105347 0.322332848132 0.03125 0.5 0.393475640192 0.308070866142 0.376087222423 0.851240824376 0.497774549487 0.142839566929 0.263779527559
消息+人士 0.0 0.11766620097 0.375 0.489885214998 0.579982353966 0.290366606978 0.0 0.5 0.183692093684 0.2 0.358312929606 0.751680397055 0.480011950323 0.009375 0.2
英镑+用于 0.0 0.130357807796 0.375 0.950865709689 0.135793314004 0.321919710269 0.0 0.5 0.442656136055 0.297155688623 0.72163654053 0.560273092629 0.478008825367 0.125280688623 0.446107784431
英国+财政 0.0 0.0937042096217 0.375 0.49123247402 0.722683932141 0.164452214425 0.0 0.5 0.114050320523 0.209459459459 0.29589697843 0.848586168685 0.492306659812 0.246199324324 0.256756756757
金融+危机 0.0 0.063252422687 0.375 0.254003586705 0.624398065279 0.358684752886 0.0 0.5 0.173681129365 0.277777777778 0.275410958252 0.733109145575 0.434282996713 0.00520833333333 0.333333333333
经济+增速 0.0 0.147065799153 0.375 0.796715145649 0.319317528467 0.299643516841 0.0 0.5 0.346744194317 0.295454545455 0.459174376222 0.702091293588 0.491461686763 0.0411931818182 0.363636363636
欧洲+银行 0.0 0.251242512935 0.375 0.674341515192 0.610054507614 0.34153698075 0.046875 0.5 0.401323892276 0.341485507246 0.458005298534 0.757776170995 0.539310270773 0.046535326087 0.391304347826
银行+管理局 0.0 0.203047590705 0.5 0.677815647603 0.586020662865 0.301747354497 0.015625 0.5 0.357941030928 0.418085106383 0.59344619035 0.658610167816 0.4418078953 0.0323803191489 0.404255319149
欧洲+药品 0.0 0.0967007297368 0.375 0.670296629067 0.500139781113 0.225513094256 0.0 0.5 0.23669886294 0.341485507246 0.546430898819 0.630591610037 0.417186440899 0.0142663043478 0.391304347826
药品+管理局 0.0 0.177630287429 0.5 0.677815647603 0.586020662865 0.329230946647 0.015625 0.5 0.239500525231 0.418085106383 0.675068019828 0.569820843294 0.369188034448 0.0153590425532 0.404255319149
德国+政局 0.0 0.132732559075 0.375 0.699533403545 0.0 0.299739813008 0.0 0.5 0.267392816337 0.25 0.439053929372 0.413239660665 0.493246150595 0.00669642857143 0.285714285714
新浪+财经+股吧 0.0 0.110821922861 0.666666666667 0.236275573593 0.930518422448 0.040363296325 0.0 1.0 0.11358982258 0.404166666667 0.231866643566 0.931647547763 0.0476799039481 0.0 0.55
脱+欧+谈判 0.0 0.242224967058 0.416666666667 0.306139962353 0.898053418609 0.328089628921 0.09375 1.0 0.319842306336 0.234567901235 0.251364775222 0.919673642177 0.493630658256 0.243634259259 0.537037037037
FX168+财经+报社 0.0 0.0520686187172 0.625 0.79742063094 0.499837277283 0.0189428698577 0.0 1.0 0.0742863606283 0.38048245614 0.684207154458 0.586729087272 0.0446609458199 0.0 0.548245614035
英国+首相+特雷莎·梅 3.0 0.157684617335 1.0 0.333884653091 0.847861665888 0.16646553886 0.0 1.0 0.241112447986 0.65625 0.31950347105 0.867744841584 0.338754114766 0.00692471590909 0.534090909091
欧盟+委员会+主席 2.0 0.105851074228 0.791666666667 0.347738460769 0.804467770297 0.161310590273 0.0 1.0 0.14825505756 0.524305555556 0.29962661315 0.851463570213 0.296753226065 0.0 0.541666666667
委员会+主席+容克 0.0 0.0986537342215 0.791666666667 0.393485772881 0.75118585431 0.155079049855 0.0 1.0 0.129691875103 0.495567375887 0.33747997602 0.803784531013 0.263430914699 0.0 0.542553191489
英国+与+欧盟 0.0 0.227699357645 0.541666666667 0.348929808004 0.86587182334 0.278842597057 0.078125 1.0 0.133012938395 0.470790378007 0.331526173546 0.838796653331 0.381107046483 0.252255154639 0.783505154639
首席+谈判+代表 0.0 0.098429703681 0.666666666667 0.480191846346 0.754119219279 0.16466579168 0.015625 1.0 0.12912576732 0.404166666667 0.436941355119 0.802155968264 0.266115284332 0.02578125 0.55
爱尔兰+边界+问题 3.0 0.18467670194 0.791666666667 0.542127241935 0.744754348274 0.240438372246 0.0 1.0 0.353698941115 0.495567375887 0.469497520921 0.818201335655 0.40030100291 0.0232712765957 0.542553191489
欧盟+首席+谈判 0.0 0.0759610743251 0.666666666667 0.468943736593 0.721480578118 0.082520888913 0.015625 1.0 0.0880938810667 0.458333333333 0.460199922299 0.755718829823 0.153766617963 0.0193452380952 0.642857142857
两+个+月 0.0 0.0759610743251 0.291666666667 0.922548097873 0.563389149819 0.221137969826 0.03125 1.0 0.0896607677177 0.215909090909 0.675714184195 0.649398255913 0.266812530315 0.0170454545455 0.772727272727
英镑+兑+美元 3.0 0.320190233706 0.541666666667 0.778378036178 0.680874578783 0.288533113516 0.03125 1.0 0.478448572852 0.30303030303 0.683248401544 0.743302442981 0.4575730171 0.114109848485 0.545454545455
英国+脱欧+谈判 0.0 0.217062669282 0.666666666667 0.315366023242 0.917251867653 0.353060490316 0.046875 1.0 0.209303042307 0.404166666667 0.170735613419 0.95512668194 0.53699243725 0.31328125 0.55
问题+达成+协议 0.0 0.0752491611991 0.666666666667 0.420061108305 0.721668650454 0.162387575582 0.0 1.0 0.232808173686 0.404166666667 0.346249859588 0.838922464314 0.357397331502 0.028125 0.55
英国+和+欧盟 0.0 0.19461577983 0.541666666667 0.300393007497 0.889265074635 0.233073483301 0.046875 1.0 0.13096653152 0.470790378007 0.328523897226 0.840243658565 0.378275967282 0.250322164948 0.783505154639
欧洲+理事会+主席 2.0 0.0847243333031 0.791666666667 0.4114450806 0.814825319265 0.152105965921 0.0 1.0 0.0836134851101 0.668645558487 0.408079920222 0.82045224116 0.173420957786 0.0 0.746701846966
理事会+主席+图斯克 0.0 0.0520686187172 0.916666666667 0.484444613757 0.7595195539 0.109756057483 0.0 1.0 0.068321728302 0.685749774165 0.45410406331 0.784091861285 0.154452825829 0.0 0.753387533875
英国+与+爱尔兰 3.0 0.167971331126 0.666666666667 0.576582692825 0.730399425757 0.196372256332 0.0 1.0 0.32143013783 0.388810861423 0.378725604777 0.855345533051 0.552334445893 0.25237008427 0.429775280899
脱+欧+分手费 3.0 0.242224967058 0.541666666667 0.431355570673 0.828548822929 0.298778414551 0.171875 1.0 0.376495785703 0.333333333333 0.360885266008 0.872590667096 0.422063863411 0.260110294118 0.529411764706
爱尔兰+边境+问题 3.0 0.178532526791 0.791666666667 0.67984499892 0.650159155305 0.238847993105 0.015625 1.0 0.40000309207 0.495567375887 0.542438244617 0.767739239318 0.429438316772 0.0432180851064 0.542553191489
英+欧+双方 0.0 0.233282760299 0.416666666667 0.577157110877 0.547590811915 0.192823457099 0.015625 1.0 0.294264883964 0.234567901235 0.522955345375 0.622639877181 0.337185920249 0.0260416666667 0.537037037037
欧盟+要求+英国 0.0 0.0636588899579 0.666666666667 0.598108181224 0.617831548565 0.0912882726324 0.0 1.0 0.124730106859 0.496732026144 0.458940259576 0.757344609484 0.19329162877 0.0168504901961 0.754901960784
550亿+欧元+之间 0.0 0.063252422687 0.666666666667 0.800840302456 0.291594625411 0.0845742237826 0.015625 1.0 0.121009035554 0.404166666667 0.641813397605 0.503440438513 0.216282312172 0.01875 0.55
欧洲+银行+管理局 0.0 0.190338939066 0.791666666667 0.677815647603 0.586020662865 0.266339692964 0.015625 1.0 0.264628197471 0.495567375887 0.676263375675 0.596759189242 0.341757237896 0.0262632978723 0.542553191489
欧洲+药品+管理局 0.0 0.0967007297368 0.791666666667 0.670296629067 0.500139781113 0.225513094256 0.0 1.0 0.19407708715 0.495567375887 0.67307699255 0.545452926773 0.309458684118 0.0106382978723 0.542553191489
