1
2 3 3 1 1 0.65
欧洲议会议员PhilippeLamberts在布鲁塞尔对记者表示，欧盟首席谈判代表MichelBarnier对议员们表示，周一可能就英国脱欧取得突破。
1
2 9 8 1 1 0.684
英国天空新闻网报道，英国首相发言人对记者们表示，英国退欧谈判取得了良好的进展，英国希望尽快取得更多进展，但目前的关注点是14日至15日的欧盟峰会。
2
3 1 1 1 2 0.417
巴尼尔(Barnier)在英国首相和欧盟委员会(EuropeanCommission)主席让-克洛德·容克(jean-claudeJuncker)之间的午餐前向议员们简要介绍了这一消息。
3 2 1 2 2 0.764
容克曾在表示12月14日举行的欧洲领导人峰会将是达成脱欧协议的关键。
2
3 5 3 2 3 0.557
最新消息称，据悉英国和欧盟已达成协议，确保北爱尔兰和爱尔兰共和国之间没有严格的边界。
3 6 3 3 3 0.686
欧洲理事会主席图斯克也表示，英国脱欧谈判越来越接近取得足够进展，有望在本月启动贸易谈判。
1
4 1 1 1 1 0.709
英国首相发言人表示，脱欧谈判取得了良好进展，但还有更多问题需要达成共识；英国希望脱欧谈判尽快取得进展，但主要注意力集中在12月14-15日的欧盟峰会。
1
4 2 2 1 1 0.649
据外媒报道：爱尔兰边境协议草案文本显示，英国首相特雷莎?梅可能会在脱欧条款上进行让步；英国将在脱欧协定草案中，承诺维持爱尔兰与北爱尔兰现行的监管安排。
1
4 5 5 1 1 0.698
欧盟委员会发言人表示，将脱欧协议交与欧盟领导人考虑。
1
6 1 1 1 1 0.671
中新网12月4日电据外媒报道，4日，爱尔兰副总理兼外交贸易部长科文尼(SimonCoveney)称，英国与爱尔兰尚未就英国退欧后北爱尔兰的边境事宜达成一致，但他希望双方可能取得突破。
2
6 4 4 1 3 0.641
英国完成“脱欧”后，英国与爱尔兰的边界将是英国与欧盟的唯一陆地边界。
6 5 4 2 3 0.482
爱尔兰方面要求，英国“脱欧”后不应与爱尔兰存在“硬边界”。
2
7 1 1 1 2 0.543
英国首相特雷莎·梅（TheresaMay）正努力扑灭国内多场政治大火。
7 2 1 2 2 0.63
她正准备在布鲁塞尔召开一场至关重要的会议，希望能结束英国脱欧谈判面临的僵局。
2
7 3 2 1 2 0.719
12月4日，特雷莎·梅将与欧盟委员会主席容克（Jean-ClaudeJuncker）进行午餐会议。
7 4 2 2 2 0.329
在此之前，包括特雷莎·梅保守党成员在内，对欧元持怀疑态度的人士已经为此次谈判划定了新的“红线”。
2
7 14 7 1 2 0.685
双方都希望，谈判能从脱欧条款转移到第二阶段，转移到12月14日欧洲领导人峰会对英国与欧盟未来关系的焦点上来。
7 15 7 2 2 0.554
英国官员担心，如果在年底前没有达成脱欧协议，谈判将面临破裂。
2
7 16 8 1 3 0.619
英国脱欧支持者的一封信缩小了特雷莎·梅的回旋余地，该信要求身为英国首相的特雷莎·梅在本周给欧盟最后通牒。
7 17 8 2 3 0.255
写这份信的人士包括前内阁部长雷德伍德（JohnRedwood）以及前财政大臣劳森（NigelLawson）。
2
7 21 10 1 2 0.673
12月3日，英国内阁大臣亨特（JeremyHunt）证实，有报道称，特雷莎·梅正计划允许欧洲央行在英国脱欧后，在保护在英欧盟公民的权利方面发挥作用。
7 22 10 2 2 0.402
他表示，如果英国法律在这一问题上的态度不明确，伦敦最高法院应该能够向欧洲法院提交一份建议。
2
7 26 12 1 2 0.37
爱尔兰边境问题也出现可能改善的迹象。
7 27 12 2 2 0.653
爱尔兰外交部长、副总理柯文尼（SimonCoveney）表示，他不希望推迟英国脱欧谈判的进展。
2
7 28 13 1 2 0.611
12月3日，柯文尼在接受BBC采访时表示，随着脱欧谈判讨论未来的贸易协定，爱尔兰政府只需要特雷莎·梅未来几月就如何解决这一问题给出相关方案。
7 29 13 2 2 0.725
在12月4日会议召开之前，容克将与欧洲议会就英国脱欧进行谈判，以打破目前面临的僵局。
0
2
8 5 5 1 2 0.525
爱尔兰外交部长SimonCoveney上周五表示，就爱尔兰边界问题达成协议是“可行的”，需要更多行动。
8 6 5 2 2 0.612
未来几天英国脱欧谈判可能取得突破进展。
1
9 1 1 1 1 0.742
央视网消息：4日，欧盟委员会主席容克将在比利时布鲁塞尔与英国首相特雷莎·梅就“分手费”等核心议题举行会面。
1
11 1 1 1 1 0.62
爱尔兰新任副总理柯文尼（SimonCoveney）表示，爱尔兰无意推迟英国脱欧谈判，但他也警告称，爱尔兰与北爱尔兰边境问题没有取得足够的进展。
1
11 4 3 1 1 0.658
12月4日，英国首相特雷莎·梅（TheresaMay）将与欧盟委员会主席容克（Jean-ClaudeJuncker）进行午餐会，以评估以下三方面的谈判是否取得了足够进展：公民的三大核心权利、脱欧分手费以及爱尔兰和北爱尔兰的边境问题。
2
11 21 12 1 2 0.755
英国首相特雷莎·梅将与欧盟委员会主席容克共进午餐，该计划被广泛认为是特雷莎·梅说服欧盟推动脱欧谈判的一个机会。
11 22 12 2 2 0.627
和爱尔兰边境问题一样，欧盟认为其他要解决的问题还包括英国向欧盟支付的脱欧分手费，以及居住在英国的欧盟公民地位问题。
0
3
11 24 14 1 4 0.593
上周，英国的脱欧分手费的谈判取得了一定进展。
11 25 14 2 4 0.616
英国向欧盟提出的脱欧费用为500亿欧元（440亿英镑）。
11 26 14 3 4 0.326
不过，一些支持英国脱欧的人士认为，这一数字过高了。
2
11 28 15 1 3 0.696
12月1日，欧洲理事会主席图斯克（DonaldTusk）表示，欧盟完全支持爱尔兰不要硬边境的要求。
11 29 15 2 3 0.466
他表示，爱尔兰的要求就是欧盟的要求。
2
13 11 4 1 2 0.725
【图斯克：英国的脱欧未来掌握在爱尔兰手中】欧洲理事会主席Tusk周五表示，如果爱尔兰不满意伦敦与北爱尔兰的边界安排，欧盟将拒绝英国要求就脱欧后过渡和未来贸易协定进行谈判，欧盟会支持爱尔兰的立场。
13 12 4 2 2 0.511
图斯克说：“如果英国开出的条件是爱尔兰不能接受的，或者无法被欧盟接受，那么欧盟将拒绝下一步的谈判贸易。从某些方面来说，英国未来的关键在于都柏林----至少只要英国脱欧谈判还在继续”。
2
14 4 2 1 2 0.624
英镑的本周表现抢眼，因英国与欧盟的分手费已经达成一致，且英国与爱尔兰就边境问题达成一项协议。
14 5 2 2 2 0.154
虽然目前仍然存在潜在的障碍，但市场投资者对后续英镑走势保持乐观偏好。
2
15 4 3 1 2 0.715
下一次的欧盟峰会将于12月14日开启，届时将就脱欧谈判进展作评估。
15 5 3 2 2 0.21
回顾英镑这几个月的颠簸历程，较2016年6月公投时期货币对走势，英镑兑美元仍下跌逾10%；英镑兑欧元仍下跌约13%；但较11月初水平，英镑略有上涨，涨幅近2%。
1
16 2 2 1 1 0.632
多家报纸本周报道称，英国与欧盟已对分手费达成共识，北爱尔兰边界问题也接近取得共识，可能预示脱欧谈判将有突破。
3
17 9 5 1 3 0.584
特雷莎·梅的办公室发表了一份声明，称在英国脱欧谈判讨论贸易问题之前，不可能就爱尔兰边境问题找到一个详细的解决方案。
17 10 5 2 3 0.63
欧盟则拒绝英国政府的这一立场，在爱尔兰边界问题达成协议之前，他们甚至不会开始贸易谈判。
17 11 5 3 3 0.655
在英国正式离开欧盟之后，这条边境将成为英国与欧盟的新边境。
0
2
17 14 7 1 3 0.764
英国首相特雷莎·梅定于12月4日与欧盟委员会主席容克（Jean-ClaudeJuncker）在会议中共进午餐，这也正好是列出边境协议框架的时间。
17 15 7 2 3 0.459
本周早些时候，英国方面的官员表示，当天可能会发表一份关于谈判进展的联合声明。
1
17 21 11 1 1 0.7
驻布鲁塞尔的欧盟大使定于12月3日开始起草12月峰会上可能给出的结论，这就是为什么欧盟要求在此日期之前明确爱尔兰边境及英国脱欧费用等问题。
2
17 26 14 1 2 0.618
12月1日，英国脱欧委员会发布了一份报告，强调了爱尔兰边境问题的复杂性。
17 27 14 2 2 0.492
该报告称，鉴于英国政府计划离开欧盟单一市场，就此问题找到解决方案是不可能的。
1
20 1 1 1 1 0.672
中国证券网讯（记者王宙洁）据外媒披露，欧盟方面准备在有关北爱尔兰边界谈判接近达成协议后为英国提供两年的“脱欧”过渡期协议。
1
20 2 2 1 1 0.646
此前，还有英国媒体披露说，双方已就“分手费”基本达成一致，英国将支付欧盟大约450亿至550亿欧元，但英国“脱欧”谈判的欧洲联盟首席代表米歇尔·巴尼耶表示，“分手费”金额没有最终确定。
2
21 11 2 1 6 0.656
另外，据英国独立报昨日报道，有报道表示英国和欧盟谈判官员表示即将就爱尔兰边境问题达成协议。
21 12 2 2 6 0.639
英国时代报刊援引都柏林方面消息表示在12月14日欧盟峰会前就爱尔兰边境问题上已有进展，是否后续还需更多交涉仍待决议。
1
21 13 2 3 6 0.514
英国官员表示建议将权力进一步下放给北爱尔兰权力党，以避免北爱尔兰和爱尔兰地区的监管分歧。
2
22 1 1 1 2 0.65
多家英国媒体11月29日称，英国与欧盟已在“脱欧分手费”问题的谈判中取得较大进展。
22 2 1 2 2 0.476
据估计，英国可能将向欧盟支付大约500亿英镑（约合674亿美元）。
2
22 3 2 1 2 0.612
《卫报》说，英国在“分手费”谈判中向欧盟让步，欧盟官员不愿讨论“分手费”的具体金额，预计最终可能在530亿至580亿英镑（约合714亿至781亿美元）之间。
22 4 2 2 2 0.405
《每日电讯报》则说，英欧在“分手费”上已达成协议，最终金额取决于用何种方式计算，估计在450亿至550亿欧元（约合534亿至652亿美元）之间。
2
23 6 4 1 2 0.66
依照规程，英国定于２０１９年３月２９日正式退出欧盟。
23 7 4 2 2 0.657
欧盟要求英国在１２月４日以前就“分手费”、在英欧盟公民权利以及英国与爱尔兰边界这三大议题拿出“可接受”的方案，才能着手商谈英国与欧盟之间后续的贸易协议。
0
2
23 8 5 1 2 0.685
英国媒体报道，英欧双方已就“分手费”基本达成一致：英国将支付欧盟大约４５０亿至５５０亿欧元。
23 9 5 2 2 0.333
巴尼耶说，“分手费”金额没有最终确定。
2
23 12 7 1 2 0.617
与会的德国工业联合会（ＢＤＩ）和德国工业与贸易商会（ＤＩＨＫ）呼吁英国政府应尽早拿出方案，以便欧盟启动第二阶段谈判。
23 13 7 2 2 0.419
英国政府“不能再挑三拣四了。显而易见，我们的首要考虑是增强和发展欧盟”。
2
25 3 2 1 2 0.65
多家英国媒体11月29日称，英国与欧盟已在“脱欧分手费”问题的谈判中取得较大进展。
25 4 2 2 2 0.476
据估计，英国可能将向欧盟支付大约500亿英镑（约合674亿美元）。
1
25 7 4 1 1 0.612
《卫报》说，英国在“分手费”谈判中向欧盟让步，欧盟官员不愿讨论“分手费”的具体金额，预计最终可能在530亿至580亿英镑（约合714亿至781亿美元）之间。
3
25 19 12 1 3 0.513
此前，英欧双方在英国是否支付“分手费”及支付数额方面有明显分歧。
25 20 12 2 3 0.618
今年9月，英国首相特雷莎·梅曾承诺在两年内继续向欧盟支付总计200亿欧元（约合237亿美元），以作为“脱欧”过渡期内英国继续留在欧洲共同市场的代价。
25 21 12 3 3 0.532
而据一些欧洲媒体报道，欧盟方面此前索要的“分手费”金额高达1000亿欧元。
2
25 26 16 1 2 0.56
爱尔兰是欧盟国家，目前英国北爱尔兰地区与爱尔兰之间人员与货物均可自由流动。
25 27 16 2 2 0.651
一旦英国正式“脱欧”，英国与爱尔兰之间的边界将从现在欧盟内部两国的边界变为欧盟与非欧盟国家的边界，因此外界普遍关注这一边界未来将如何安排。
2
27 1 1 1 2 0.609
多家英国媒体11月29日称，英国与欧盟就“脱欧分手费”的谈判取得较大进展，为“脱欧”谈判进入第二阶段扫清了一大障碍。
27 2 1 2 2 0.514
但舆论普遍认为，另一核心议题英国与爱尔兰边界问题可能成为“脱欧”谈判进程中新的“拦路虎”，这为即将迎来关键期——欧盟“最后期限”的“脱欧”谈判增添变数。
1
27 3 2 1 1 0.695
12月4日是欧盟为英国“脱欧”谈判设定的“最后期限”，届时英国首相特雷莎·梅将与欧盟委员会主席容克举行关键性会谈，努力就“脱欧分手费”一事达成共识，为启动第二阶段“脱欧”谈判扫清一大障碍。
2
27 10 5 1 2 0.604
路透社11月29日称，欧盟首席英国“脱欧”谈判代表巴尼耶当天拒绝就“分手费”一事发表评论，只是表示“我们仍在继续工作”，希望尽快与英国就“脱欧”条款细节达成共识。
27 11 5 2 2 0.57
此间舆论普遍认为，英欧双方就“分手费”达成共识，意味着“脱欧”谈判取得了一定进展。
3
27 26 12 1 4 0.469
“脱欧”谈判目前正进入关键期。
27 27 12 2 4 0.739
英国希望欧盟在12月14日至15日举行的领导人峰会上开启有关英国“脱欧”后双方关系和贸易问题的磋商，将谈判推进到第二阶段。
27 28 12 3 4 0.516
巴尼耶近日表示，欧盟将在未来最关键的几周内继续采取强硬立场，并呼吁其他欧盟政策制定者也不要轻易妥协。
3
27 31 14 1 4 0.589
欧盟方面表示，爱尔兰边界问题上必须取得足够进展，才有望启动贸易谈判。
27 32 14 2 4 0.61
欧盟农业委员菲尔·霍根日前说，除非与北爱尔兰边界有关的复杂问题得到解决，否则爱尔兰将拒绝与英国进行脱欧后的贸易谈判。
27 33 14 3 4 0.69
但英国国际贸易大臣利亚姆·福克斯回应称，除非英国与欧盟就贸易协议达成大纲，否则难以解决爱尔兰边界问题。
1
27 34 14 4 4 0.14
各方在这一问题上僵持不下。
2
28 1 1 1 2 0.65
多家英国媒体11月29日称，英国与欧盟已在“脱欧分手费”问题的谈判中取得较大进展。
28 2 1 2 2 0.464
据估计，英国可能将向欧盟支付大约500亿英镑(约合674亿美元)。
1
28 5 3 1 1 0.603
《卫报》说，英国在“分手费”谈判中向欧盟让步，欧盟官员不愿讨论“分手费”的具体金额，预计最终可能在530亿至580亿英镑(约合714亿至781亿美元)之间。
2
28 24 15 1 2 0.56
爱尔兰是欧盟国家，目前英国北爱尔兰地区与爱尔兰之间人员与货物均可自由流动。
28 25 15 2 2 0.651
一旦英国正式“脱欧”，英国与爱尔兰之间的边界将从现在欧盟内部两国的边界变为欧盟与非欧盟国家的边界，因此外界普遍关注这一边界未来将如何安排。
1
30 7 5 1 1 0.652
不过据FX678观察，据泰晤士报报道，英国正接近就北爱尔兰边界问题达成协议，英国官员本周做出提案避免在爱尔兰出现“硬边界”，欧盟领袖们正准备在有关边界谈判接近达成协议后，提供英国退欧两年的过渡期协议。
1
31 4 4 1 1 0.687
熟悉谈判内情的欧盟官员强调，在梅首相与欧盟委员会主席容克和欧盟首席谈判代表巴尼耶会面之前，还有很多工作要做。
2
31 8 7 1 2 0.63
欧盟提出，英国脱欧协议的三个主要问题需取得“重大进展”，然后才会同意与英国就今后的自由贸易协议进行谈判。
31 9 7 2 2 0.617
自由贸易协议能保证英国在正式脱欧后与欧盟保持贸易流通。
0
2
31 10 8 1 2 0.575
另据英国《卫报》网站11月28日报道，英国已经同意欧盟就英国脱欧法案提出的要求。
31 11 8 2 2 0.657
英国可能要向布鲁塞尔支付超过500亿英镑的分手费，以换取法国和德国同意推进贸易协议谈判。
2
31 18 12 1 2 0.739
欧盟外交官认为，真相大白的时刻将是梅首相和欧盟委员会主席容克在12月4日的午餐会，届时英国脱欧三大议题都将摆上桌面。
31 19 12 2 2 0.498
如果欧盟首席谈判代表巴尼耶认为谈判有足够进展，那么他可能会在当天提出相关建议。
2
32 1 1 1 3 0.604
央视网消息：有英国媒体28号报道称，英国与欧盟已就“脱欧分手费”达成协议，称英国最终支付给欧盟的“分手费”可能在450至550亿欧元之间，约合3524至4307亿元人民币之间。
32 2 1 2 3 0.49
如果消息属实，这将是今年年初“脱欧”谈判正式启动以来英欧双方取得的第一个实质性进展。
2
34 1 1 1 2 0.715
央视网消息：29号，正在科特迪瓦参加会议的英国外交大臣鲍里斯·约翰逊表示，他希望12月欧盟冬季峰会后脱欧谈判能够进入下一阶段。
34 2 1 2 2 0.391
那么在脱欧谈判的第一阶段，除了分手费之外，双方还在谈些什么呢？来看报道。
2
34 3 2 1 2 0.628
根据今年4月底欧盟通过的英国“脱欧”谈判指导方针，“脱欧”谈判将分阶段进行，其中第一阶段的重点是公民权利、“脱欧分手费”以及英国与爱尔兰的边界安排。
34 4 2 2 2 0.475
方针强调，只有在第一阶段谈判取得“充分进展”后，才能开启第二阶段关于欧盟和英国未来关系的商讨，也就是鲍里斯·约翰逊所提到的“正式谈判”。
3
34 10 4 2 4 0.463
这一账单主要涉及英国作为欧盟成员时认可的各种计划和项目的费用，包括欧盟官员的退休金等。
34 11 4 3 4 0.622
英国议会上院今年3月初曾发布报告称，英国没有法律义务向欧盟支付“分手费”。
34 12 4 4 4 0.511
但欧盟在分手费问题上立场极为强硬，英国很可能在“分手费”问题上作出一些妥协，以换取欧盟在其他议题上的让步。
2
34 13 5 1 2 0.619
随着英国与欧盟在分手费问题上逐渐靠拢，英国与爱尔兰的边界问题可能成为新的谈判焦点。
34 14 5 2 2 0.527
英国完成脱欧后，英国与爱尔兰的边界将是英国与欧盟的唯一陆地边界，爱尔兰方面要求，这一边界不应设有海关征税、边境口岸、检查站等设施，但英国为了拿回贸易自主权而要离开欧盟关税同盟，恐怕难以完全满足上诉要求。
1
37 1 1 1 1 0.606
英国"脱欧"谈判进展得似乎不太顺利，昨天（29日）英国媒体传出，外界极为瞩目的"脱欧分手费"已达成协议，称英国最终支付给欧盟的"分手费"可能在450至550亿欧元，约合3524至4307亿元人民币之间。不过，英国和欧盟当天均否认双方已经就"分手费"达成一致。
2
37 2 2 1 2 0.743
欧盟首席谈判代表巴尼耶昨天在德国柏林指出，欧盟与英国尚未就分手费等关键问题达成一致，将在下周的会议上继续就此进行谈判。
37 3 2 2 2 0.416
巴尼耶说，"我想指出的是，脱欧法案、爱尔兰边界和公民权利这三个项目，尚未如我所愿那样达成一致。我们还需要继续努力，希望很快能在下个星期看到就英国有序脱欧的基本原则达成一致意见。"
1
37 4 3 1 1 0.64
与此同时，英国首相特雷莎·梅的副手、首席大臣兼内阁办公厅大臣达米安·格林表示，媒体发布的有关脱欧"分手费"的消息只是推测，现在英国和欧盟的谈判还在进行当中，他强调英国是一个会担负其国际义务的国家。
2
37 8 5 1 2 0.784
按照日程，英国首相特雷莎·梅与欧盟委员会主席容克将于12月4日举行关键性会谈，期望就欧盟要求的600亿欧元的分手费等问题达成原则性协议。
37 9 5 2 2 -0.201
（看看新闻Knews记者：胡聘婷实习编辑：蔡悦扬）
2
38 1 1 1 2 0.196
据彭博援引亚洲市场两位外汇交易员称，英国《泰晤士报》报道后出现宏观买盘，进而触发一波止损买盘。
38 2 1 2 2 0.663
英国《泰晤士报》报道称，英国与欧盟接近就爱尔兰边界问题达成协议。
2
40 1 1 1 3 0.623
有英国媒体28日报道称，英国与欧盟已就“脱欧分手费”达成协议，称英国最终支付给欧盟的“分手费”可能在450至550亿欧元之间，约合3524至4307亿元人民币之间。
40 2 1 2 3 0.49
如果消息属实，这将是今年年初“脱欧”谈判正式启动以来英欧双方取得的第一个实质性进展。
2
40 9 4 1 2 0.712
同一天，欧盟首席谈判代表米歇尔·巴尼耶在柏林出席会议时也表示，英国和欧盟还没有就“分手费”一事达成协议。
40 10 4 2 2 0.675
他希望此事可以在12月4日特雷莎·梅与欧盟委员会主席容克和欧洲理事会主席图斯克会面前取得进展。
0
2
40 13 5 3 4 0.214
无论报纸上刊登了什么内容，我们会继续努力以争取在这三个相互关联的基础问题上达成一致。
40 14 5 4 4 0.631
此刻我们还没有达成一致，我们在未来几天将继续工作，直到下周一（4日）特雷莎·梅首相与容克主席和图斯克主席会面。
2
40 15 6 1 2 0.623
据一些英国和欧洲媒体报道，最终英国的“脱欧分手费”可能在450至550亿欧元之间，而欧盟此前要求的“分手费”为600亿欧元。
40 16 6 2 2 0.045
那么如此巨额的分手费是如何算出来的呢？
2
40 17 7 1 3 0.656
欧盟首席谈判代表米歇尔·巴尼耶曾透露过欧盟正在考量的计算方法。
40 18 7 2 3 0.514
若欧盟其他国家同意这一计算方法，届时该计算方案将形成最终“脱欧”法案。
2
40 29 11 1 2 0.629
第三，欧盟官员的退休金，这笔钱出自欧盟每年的财政预算。
40 30 11 2 2 0.323
但英国决定“脱欧”后，本应伦敦支付的那部分官员退休金谁来承担？对此，布鲁塞尔的态度很强硬：伦敦必须按比例承担所有费用，总共80亿欧元（扣除折扣）或100亿欧元（不含折扣）。
2
41 1 1 1 2 0.637
中新网11月30日电综合报道，英国媒体此前称，伦敦和布鲁塞尔已经就英国“脱欧”应支付的“分手费”数额达成协议，然而，欧盟的首席谈判代表巴尼耶29日将此斥为“谣言”。
41 2 1 2 2 0.36
但他同时表示，希望能够在数天内宣布达成协议。
2
41 7 5 1 2 0.593
在双方首轮协商中，英国将支付多少分手费给欧盟一直是主要的关键点。
41 8 5 2 2 0.604
英国首相特蕾莎·梅(TheresaMay)9月曾表示，英国愿意支付大约200亿欧元，欧盟则希望英国把金额再提高。
1
41 9 6 1 1 0.63
英国盼能进一步协商贸易问题，不过欧盟表示，除非在分手费、脱欧后在英欧盟公民的权利及爱尔兰边界问题3方面有“足够进展”，才会开始商谈贸易。
2
43 1 1 1 2 0.706
据新华社电多家英国媒体29日称，英国与欧盟就“脱欧分手费”的谈判取得较大进展，英国将向欧盟支付约500亿英镑。
43 2 1 2 2 0.516
这将是今年年初“脱欧”谈判正式启动以来英欧双方取得的第一个实质性进展。
2
43 3 2 1 2 0.61
《卫报》报道说，英国在“分手费”谈判中向欧盟让步，最终将支付约500亿英镑。
43 4 2 2 2 0.462
目前，欧盟官员不愿讨论这笔费用具体金额，预计费用最终可能在530亿至580亿英镑之间。
2
43 8 6 1 2 0.602
所谓“分手费”涵盖英国籍前欧盟工作人员退休金、在英欧盟机构搬迁费用以及英国对欧盟财政的承诺等内容。
43 9 6 2 2 0.53
英欧双方围绕英国是否支付“分手费”以及支付数额问题分歧较为明显。
2
43 11 8 1 2 0.642
今年9月，英国首相特雷莎·梅曾承诺继续向欧盟支付两年总额为200亿欧元的款项，以作为“脱欧”过渡期内英国继续留在欧洲共同市场的代价。
43 12 8 2 2 0.529
一些欧洲媒体则测算，欧盟方面索要的“分手费”金额高达1000亿欧元。
1
46 1 1 1 1 0.747
欧盟首席脱欧谈判官巴尼耶：将与英国工党领袖科尔宾和英国独立党领导人法拉奇举行会谈，在脱欧账单、爱尔兰边境及公民权利方面仍未达成协议，但将在下周峰会前持续推进对话。
2
47 1 1 1 2 0.673
据英国媒体和欧洲国家一些媒体报道，英国政府即将与欧盟就“脱欧分手费”达成协议，数额在400-500亿英镑之间，是之前英国政府同意支付数额的2到3倍。
47 2 1 2 2 0.097
这一消息尚未得到官方证实。
2
47 5 3 1 2 0.691
12月底前，英国和欧盟有望结束第一阶段共7个轮回的脱欧谈判，如果英国和欧盟在分手费和北爱边境检查以及欧盟在英移民的权益上达成协议，脱欧谈判有望推进到第二阶段，也就是针对英欧贸易关系展开谈判。
47 6 3 2 2 0.036
（央视记者孔琳琳）
2
48 1 1 1 2 0.732
新华社伦敦１１月２９日电（记者桂涛）多家英国媒体２９日称，英国与欧盟就“脱欧分手费”的谈判取得较大进展，英国将向欧盟支付约５００亿英镑。
48 2 1 2 2 0.516
这将是今年年初“脱欧”谈判正式启动以来英欧双方取得的第一个实质性进展。
2
48 3 2 1 2 0.628
《卫报》报道说，英国在“分手费”谈判中向欧盟让步，最终将支付约５００亿英镑。
48 4 2 2 2 0.455
目前，欧盟官员不愿讨论这笔费用具体金额，预计费用最终可能在５３０亿至５８０亿英镑之间。
2
48 8 6 1 2 0.602
所谓“分手费”涵盖英国籍前欧盟工作人员退休金、在英欧盟机构搬迁费用以及英国对欧盟财政的承诺等内容。
48 9 6 2 2 0.53
英欧双方围绕英国是否支付“分手费”以及支付数额问题分歧较为明显。
2
48 11 8 1 2 0.644
今年９月，英国首相特雷莎·梅曾承诺继续向欧盟支付两年总额为２００亿欧元的款项，以作为“脱欧”过渡期内英国继续留在欧洲共同市场的代价。
48 12 8 2 2 0.529
一些欧洲媒体则测算，欧盟方面索要的“分手费”金额高达１０００亿欧元。
1
49 1 1 1 1 0.792
据外媒报道，欧盟首席“脱欧”谈判代表米歇尔•巴尼耶29日表示，他希望在12月14至15日举行的欧盟峰会之前，英欧双方能够就“脱欧”账单达成协议，届时他将可以向各成员国领导人做出报告。
2
49 4 3 1 2 0.723
按照计划，英国首相特雷莎•梅与欧盟委员会主席容克将于12月4日进行关键性会谈。
49 5 3 2 2 0.036
（央视记者刘婵娟）
1
50 1 1 1 1 0.731
新浪美股讯北京时间11月29日午间路透社柏林消息，欧盟首席英国脱欧谈判代表巴尼耶周三表示，他“仍在继续工作”，争取与英国就退出欧盟的条款细节达成共识。
2
50 4 3 2 3 0.423
最终数额将在450亿欧元至550亿欧元之间。
50 5 3 3 3 0.788
英国首相特雷莎·梅与欧盟委员会主席容克将于下周一（12月4日）举行关键性会谈，就欧盟要求的600亿欧元的财政解决方案达成原则性协议。
2
51 2 2 1 2 0.609
据一位知情人士透露，尽管欧洲各国政府尚未就此签署相关协议，但谈判代表已经就英国的脱欧分手费达成初步协议。
51 3 2 2 2 0.508
对于提出的分手费数字是否过高，从而导致脱欧谈判破裂，欧盟领导人对此拥有最终的话语权。
2
51 9 6 1 3 0.697
英国首相特雷莎·梅（TheresaMay）和欧盟委员会主席容克（Jean-ClaudeJuncker）准备下周一（12月4日）举行午餐会，努力就英国脱欧费用达成安排。
51 10 6 2 3 0.598
这允许相关领导人在12月中旬的欧盟峰会上宣布，脱欧方面的讨论取得了充分进展，从而可以开始就英国与其最大贸易伙伴之间的未来关系开始谈判。
2
51 18 10 1 2 0.441
爱尔兰对这一阶段的脱欧谈判具有有效否决权。
51 19 10 2 2 0.623
如果不满意英国如何避免硬边界的提议，那么在12月的峰会上，爱尔兰可以阻止让脱欧谈判的主题从脱欧分手费转向贸易。
1
53 1 1 1 1 0.605
据英国媒体援引英国和欧盟双方的消息人士的话称，英国和欧盟已经就所谓的英国脱欧“分手费”达成了一项协议，这为英国退欧的进程扫除了一大障碍。
1
54 1 1 1 1 0.62
中新网11月29日电据英国《每日电讯报》28日报道，英国和欧盟的“脱欧”谈判代表已经就“分手费”数额达成一致。
1
54 2 2 1 1 0.766
据报道，欧盟委员会主席容克即将与英国首相特蕾莎·梅在12月4日举行关键会谈，如果“分手费”问题在会议之前落实，那么英欧双方在12月的新一轮“脱欧”谈判将有望取得实质性进展。
1
55 1 1 1 1 0.66
【环球网报道记者朱梦颖】据英国多家媒体报道，英国与欧盟已就“分手费”达成协议，双方启动贸易谈判前仅剩下北爱尔兰边界问题这一主要障碍。
2
55 3 2 2 3 0.423
最终数额将在450亿欧元至550亿欧元之间。
55 4 2 3 3 0.775
英国首相特雷莎·梅与欧盟委员会主席容克将于下周一(12月4日)举行关键性会谈，就欧盟要求的600亿欧元的财政解决方案达成原则性协议。
2
56 1 1 1 2 0.65
牛汇11月29日讯——11月28日，引援英国和欧盟双方的消息人士表示，双方已经就欧盟此前提出600亿欧元“分手费”的要求基本达成一致，这为英国脱欧的进程扫除一大障碍。
56 2 1 2 2 0.464
但对欧盟开出600-1000亿欧元的“分手费”，英国闭口不谈具体金额，只是提议用创新手段实现脱欧。
1
56 3 2 1 1 0.66
周二（11月28日）引援英国和欧盟双方的消息人士表示，双方已经就欧盟此前提出600亿欧元“分手费”的要求基本达成一致，这为英国脱欧的进程扫除了一大障碍。
2
56 4 3 1 2 0.687
下周一，欧盟委员会主席Jean-ClaudeJuncker和英国首相TheresaMay将进行午餐会。
56 5 3 2 2 0.514
英国每日电讯报指出，最终“分手费”还未完全确定，但预计将介于450亿欧元和550亿欧元之间。
2
56 8 5 1 4 0.656
英国与欧盟就英国脱欧“分手费”达成协议的消息公布后，英镑的走势一波三折。
56 9 5 2 4 0.089
消息公布后，英镑兑美元跌幅收窄后大涨。
2
56 12 6 1 2 0.418
而此前，英国财政大臣Hammond接受BBC采访时称，英国“处在做出一些重大前进行动的边缘”，开始打破“僵局”。
56 13 6 2 2 0.723
综合考虑Davis和Hammond的讲话，美国媒体认为，英国政府可能将要在12月欧盟领导人峰会以前增加计划给予欧盟的“分手费”。
2
56 15 8 1 3 0.635
英国《金融时报》此前报道称，英国首相梅正设法让欧盟领导人确信会得到有利的“分手费”。
56 16 8 2 3 0.067
本月，她赢得了国内高官们的支持。
1
57 1 1 1 1 0.683
欧盟消息人士周二称，英国已提出支付欧盟要求的英国脱欧分手费金额中的大部分，使得双方接近就阻碍二者启动未来自贸协定谈判的一个关键问题达成一致。
2
57 3 3 1 2 0.331
一位英国政府官员称，他们“并不认可”对协商的这一叙述。
57 4 3 2 2 0.607
英国首相特雷莎·梅（TheresaMay）于周一出访布鲁塞尔。
2
57 5 4 1 2 0.671
欧盟熟悉协商的官员强调称，在特雷莎·梅与欧盟执委会主席贾克和欧盟负责英国退欧事务谈判的首席代表巴尼尔（MichelBarnier）会面之前，协商仍在进行。
57 6 4 2 2 0.492
但听取协商进展报告的欧盟外交人士称，英国提出的金额是有希望的，而据一位消息人士表示，关于财政结算一事，双方已“接近达成一致”。
2
59 5 5 1 2 0.604
英国首相特雷莎﹒梅(TheresaMaryMay)曾在上月底的英国议会上向议员们表示，如果在2018年底前，英方还无法得知与欧盟的新型伙伴关系到底是什么，那英国政府将彻底放弃谈判，无协议脱欧。
59 6 5 2 2 0.378
梅首相说：“我认为，政府如果没有对脱欧协议谈判失败作必要的准备，将是不负责任的。”
2
59 7 6 1 2 0.507
第6轮脱欧协议谈判已开启，相关议题仍无进展。
59 8 6 2 2 0.842
特蕾莎·梅将出席12月的欧盟峰会，推进英国脱欧谈判议题。
2
60 1 1 1 2 0.622
周二（11月28）英镑兑美元在纽约盘时段快速反弹近百点，因英国每日电讯报报道，英国与欧盟据称就脱欧分手费达成一致。
60 2 1 2 2 0.232
英镑兑美元现交投于1.3320一线，涨0.03%。
2
60 9 6 1 2 0.565
而英国政府发言人则声称，英国不希望与爱尔兰出现硬边界。
60 10 6 2 2 0.68
首相特雷莎·梅正在努力，希望在12月的峰会上推动脱欧谈判。
2
60 11 7 1 2 0.667
法国兴业银行外汇策略师AlvinTan表示，欧盟已给予英国政府提交爱尔兰边境计划的最后限期是下周一（12月4日）。
60 12 7 2 2 0.114
目前而言，这一问题是市场主要最担忧的问题。
2
62 13 6 1 4 0.773
欧盟峰会即将于12月14-15日正式召开，重要议题将围绕英国脱欧展开。
62 14 6 2 4 0.515
由于此前六轮谈判均未能取得实质性进展，因此，此次峰会已被诸多投资者视为年内脱欧谈判能否取得突破的最后机会。
2
62 15 6 3 4 0.673
爱尔兰的这场政府危机距离欧盟峰会还有两周的时间，而爱尔兰政府拥有英国脱欧谈判能否取得进展的实质否决权，因为该国政府将决定欧盟对爱尔兰与英国边境的关切是否得到满足。
62 16 6 4 4 -0.031
（编译/海外网张敏）
2
63 7 6 1 2 0.265
阿泽维多指出，英国对外贸易中已有大约半数采用世贸条款。
63 8 6 2 2 0.609
英国希望与第三国家签署自由贸易协议，但在英国完成脱欧谈判之前，它无法与其他国家签署自由贸易协议。
2
63 9 7 1 3 0.654
欧盟领导人将于下月开会，就何时与英国开始进行贸易谈判进行磋商。
63 10 7 2 3 0.689
欧盟坚持英国必须先就脱欧分手费与爱尔兰边界问题达成协议之后，才进行贸易谈判。
1
63 11 7 3 3 -0.172
（实习编辑：周思敏审核：田瑞哲）
3
65 13 4 1 3 0.423
英国的脱欧问题依然是全球关注的焦点。
65 14 4 2 3 0.639
最近，爱尔兰欧盟委员会专员警告称，如果北爱尔兰边境问题不能做出决定，爱尔兰可能否决英国脱欧谈判。
65 15 4 3 3 0.311
爱尔兰正在寻求得到一个保证，爱尔兰共和国和北爱尔兰之间不会出现“硬边境”。
2
65 16 5 1 3 0.644
此外，英国和欧盟之间就脱欧分手费尚未达成一致意见。
65 17 5 2 3 0.468
虽然英国愿意支付预算费用，适当提高脱欧分手费，但还远远达不到欧盟的要求。
1
65 18 5 3 3 0.697
未来英国将继续与欧盟就脱欧进行谈判，谈判的内容包括脱欧分手费以及贸易协议。
2
66 16 13 1 2 0.637
瓦拉德卡将在12月14-15日欧盟脱欧峰会上发表讲话，告诉其他领导人爱尔兰与英国北爱尔兰之间的边境问题是否取得充分解决，而这一边境问题的解决将极大地影响到英国脱欧进程。
66 17 13 2 2 0.437
但是爱尔兰政府表示，迄今为止边界问题还没有取得足够的进展。
2
66 18 14 1 2 0.569
欧盟此前拒绝在分手费、移民权益和爱尔兰边境问题这三大问题上取得“足够进展”前将退欧谈判推进至商讨双方未来关系的第二阶段。
66 19 14 2 2 0.651
欧盟官员曾表示，爱尔兰如果要进行提前选举，势必将使英国脱欧进程更加复杂化。
1
66 22 16 1 1 0.683
这场政府危机距离欧盟峰会还有几周的时间，爱尔兰政府拥有英国脱欧谈判能否取得进展的实质决定权，因为该国政府将决定欧盟对爱尔兰与英国边境的关切是否得到满足。
2
68 4 2 1 2 0.639
据悉，欧洲理事会主席唐纳德·图斯克上周五（11月24日）称，针对欧盟与英国正在进行中的“脱欧”谈判，双方仍有可能在下月就三大核心议题达成初步协议，以解锁第二阶段谈判。
68 5 2 2 2 0.37
不过，他表示谈判目前存在巨大挑战，并给英国定下10天“最后期限”，要求英国拿出更佳方案。
2
68 6 3 1 2 0.651
欧盟和英国第六轮“脱欧”谈判本月10日结束后，欧盟曾向英国下达“最后通牒”，要求英国在两周时间内就“分手费”问题作出明确回复。
68 7 3 2 2 0.632
不过，欧洲理事会主席图斯克24日与英国首相特雷莎·梅会晤后，决定再给英国“最后10天”。
0
2
68 10 5 1 2 0.788
欧盟定于下月14日至15日举行峰会，讨论英国“脱欧”谈判等事宜。
68 11 5 2 2 0.432
如果英国在10天之内无法拿出让欧盟满意的方案，将无法按原计划解锁包括贸易协议在内的第二阶段谈判。
2
68 13 7 1 2 0.609
欧盟和英国“脱欧”谈判数月以来，争论焦点一直在“分手费”问题上。
68 14 7 2 2 0.462
而路透社指出，随着双方在这一关键问题上逐渐靠拢，另一核心议题“英国与爱尔兰边界”可能成为新的谈判焦点。
2
68 15 8 1 5 0.641
英国完成“脱欧”后，英国与爱尔兰的边界将是英国与欧盟的唯一陆地边界。
68 16 8 2 5 0.482
爱尔兰方面要求，英国“脱欧”后不应与爱尔兰存在“硬边界”。
1
69 1 1 1 1 0.738
牛汇11月27日讯——欧盟给英国首相特雷莎·梅设定了“绝对最终期限”，要求其在10天时间内改善脱欧提案，否则无法在12月峰会上劝说欧盟领导人与英国启动贸易谈判。
1
69 7 4 1 1 0.756
梅姨将在12月4日会晤欧盟执委会主席贾克和欧盟负责英国脱欧事务谈判的首席代表巴尼尔（MichelBarnier），欧盟官员期望这是英国做出更大让步的最后期限。
2
69 14 8 2 3 0.5
但有关欧盟要求英国支付的分手费，却并无更加具体的消息。
69 15 8 3 3 0.608
欧盟要求明确分手费问题后，才会同意开始商谈英国脱欧后的贸易协议。
2
69 21 12 1 2 0.588
巴尼尔上周五鼎力支持爱尔兰，他对爱尔兰外交部长科文尼（SimonCoveney）表示，爱尔兰牢牢团结一致，且爱尔兰问题就是欧盟的问题。
69 22 12 2 2 0.703
科文尼表示，爱尔兰若是对边界问题不悦，将不会同意欧盟与英国展开欧盟贸易谈判。
2
71 1 1 1 2 0.616
英国首相特蕾莎·梅（左）在会上跟欧盟主席图斯克（右）会面。
71 2 1 2 2 -0.026
（图源：法新社）
1
71 4 3 1 1 0.61
据法新社当地时间24日消息，图斯克在欧盟布鲁塞尔峰会间隙与英国首相梅会谈后发表了最后通牒，四面楚歌的特蕾莎·梅则将此描述为“非常积极的气氛”（verypositiveatmosphere）下进行的会谈。
1
71 7 5 1 1 0.716
据了解，欧盟将于下月14及15日召开峰会，欧盟官员表示如果谈判未能在12月4日前，就“分手费”、居住在英国的欧洲人权益、爱尔兰与英国边界争议等重要议题有明显进展，就不会启动下阶段谈判，即讨论英国脱欧后的贸易安排。
2
72 1 1 1 4 0.619
【欧盟给英国10日时间拿出脱欧账单新方案以打破谈判僵局】欧洲理事会主席图斯克给特里莎-梅10天时间就脱欧账单拿出新方案，以打破谈判僵局。
72 2 1 2 4 0.553
图斯克要求英国在12月4日大限之前拿出新的账单方案，并就英国脱欧后的爱尔兰边界棘手问题拿出解决办法。
2
73 12 5 2 3 0.414
最近，梅姨表示她将付出更多的努力去推动12月退欧谈判的进展。
73 13 5 3 3 0.633
同时预计将于12月4日与特蕾莎梅会面的欧盟委员会主席席容克表示，脱欧谈判正取得一些进展，希望英国脱欧谈判在向好的方向发展，并表示对英国脱欧谈判所达成的成果有信心，这使得近期英镑市场看多的情绪出现了小幅的上涨。
1
77 1 1 1 1 0.747
本周五（11月24日），英国首相特雷莎·梅在布鲁塞尔与欧洲理事会主席图斯克（DonaldTusk）再次见面商谈脱欧事宜，对于英国是否会为欧盟期望的600亿欧元分手费、欧盟公民权利及北爱尔兰“软”边界带来清晰的图景，欧盟方面似乎并不看好。
1
77 2 2 1 1 0.651
12月初将与英国首相再次举行晚餐的欧盟委员会主席容克（Jean-ClaudeJuncker）23日在瑞士说，未来几天将会看到英国脱欧谈判是否取得了足够进展，但至少目前他还没看到足够进展可以进入谈判的第二阶段。
1
77 3 3 1 1 0.718
一份刚刚泄露的爱尔兰外交部文件认为，欧盟首席谈判代表巴尼耶（MichelBarnier）对12月14日欧盟峰会将会有突破“远不乐观”。
1
77 25 20 1 1 0.619
欧盟27国已在本月20日投票决定将欧洲银行管理局和欧洲药品管理局从伦敦分别迁至巴黎和阿姆斯特丹，英国脱欧的后果正实实在在应验。
2
79 2 2 1 2 0.677
当地时间周五（11月24日），英国首相特雷莎·梅将访问欧盟，为12月进行的脱欧谈判做准备。
79 3 2 2 2 0.329
而德国作为欧盟最大的经济体，原本应该是对脱欧谈判命运最有影响力的一国，现在却陷入了自身的麻烦，这恐怕会让已经困难重重的脱欧谈判更进一步陷入僵局。
2
80 13 10 1 2 0.681
2017年11月10日，欧盟首席谈判代表米歇尔·巴尼耶（右）与英国“脱欧”事务大臣戴维·戴维斯出席联合记者会。
80 14 10 2 2 0.079
新华社记者叶平凡摄
3
82 2 2 1 3 0.47
目前，脱欧谈判已进入关键期。
82 3 2 2 3 0.811
英国希望欧盟在12月14~15日的领导人峰会上将英国与欧盟的脱欧谈判事宜推进到第二阶段。
82 4 2 3 3 0.493
但是欧盟一直坚持在“分手费”、爱尔兰边界和公民权利三个关键问题上取得进展之后再开始第二阶段磋商。
2
82 5 3 1 2 0.633
欧盟首席脱欧谈判代表巴尼耶称，欧盟将在未来最关键的几周内继续采取强硬立场，呼吁欧盟其他的政策制定者也不要轻易妥协。
82 6 3 2 2 0.593
就在当天，欧盟银行管理局与欧盟药品管理局已决定，将总部从英国伦敦搬迁至法国巴黎与荷兰的阿姆斯特丹。
2
82 20 11 1 2 0.506
此外，英国脱欧还将使英国与欧盟成员国之间运营的航空公司面临航权和航班数量的制约。
82 21 11 2 2 0.641
英国将不得不与欧盟针对航班如何进入欧洲共同航空区进行谈判，而且必须遵循欧盟的航空条令和规则；或者，英国与欧盟27个成员国逐一进行双边谈判并签署双边航空运输协定。
2
82 24 14 1 3 0.6
今年3月，英国正式向欧洲联盟递交脱欧信函后，总部设在英国伦敦的欧洲银行管理局和欧洲药管局的“搬家”事宜就已提上日程。
82 25 14 2 3 0.246
经过近8个月的激烈角逐后，法国巴黎与荷兰的阿姆斯特丹最终脱颖而出，击败一众欧洲大陆城市，成为上述两大机构新的总部所在地。
1
85 1 1 1 1 0.624
中新网11月22日电据香港《文汇报》报道，英国与欧盟举行的脱欧谈判，经过多轮仍无突破，欧盟早前更警告英方需于两周内同意“分手费”金额，否则不会开始商谈贸易协议。
1
85 4 4 1 1 0.612
据英政府消息人士称，特蕾莎·梅日前召开长达两小时的内阁委员会会议，游说阁员同意分手费加码。
1
85 6 6 1 1 0.639
消息人士续称，特蕾莎·梅政府将于下月8日确认金额，确保欧盟于下月中的峰会上，批准展开自贸谈判。
1
85 7 7 1 1 0.636
欧盟此前要求英国支付600亿欧元(约5,495亿港元)分手费，外界关注欧盟会否接受特蕾莎·梅提出金额。
2
85 9 9 1 2 0.641
她期望在会上获得各国正面响应，将谈判带入第二阶段，商讨英国脱欧后的英欧关系和贸易协议。
85 10 9 2 2 0.734
特蕾莎·梅将于周五会晤欧洲理事会主席图斯克，除再度商谈分手费外，亦会商讨爱尔兰边境和居英欧盟公民权益等关键议题。
0
2
86 2 2 1 2 0.658
英国今年３月正式向欧洲联盟递交“脱欧”信函后，总部设在英国首都伦敦的欧洲银管局和欧洲药管局“搬家”事宜被欧盟提上日程。
86 3 2 2 2 0.49
２０日，除英国外的２７个成员国代表在比利时首都布鲁塞尔欧盟总部投票筛选这两个机构的外迁地。
2
87 10 7 1 2 0.622
英国脱欧事务大臣戴维斯周二表示，达成协议是谈判最可能出现的结果。
87 11 7 2 2 0.471
但他还表示，英国政府已经为无协议脱欧作好了准备。
3
87 12 8 1 3 0.518
特雷莎梅周一（11月20日）与内阁高层官员开会，讨论如何回应欧盟的要求。
87 13 8 2 3 0.626
欧盟要求英国更具体说明该国打算支付多少脱欧分手费。
87 14 8 3 3 0.543
特雷莎梅这次与官员们会谈，外界预计她对欧盟分手费的开价，将超过她9月在佛罗伦萨发表演说时所做的承诺。
2
88 1 1 1 2 0.651
据外媒报道，欧盟20日再次催促英国采取行动加快“脱欧”谈判进程。
88 2 1 2 2 0.518
欧盟负责谈判的首席代表米歇尔·巴尼耶称，目前正由英国决定在关键问题上采取何种解决方案，欧盟将在未来最关键的几周内继续采取强硬立场，并呼吁其他欧盟政策制定者也不要轻易妥协。
3
88 3 2 1 3 0.469
“脱欧”谈判目前正进入关键期。
88 4 2 2 3 0.736
英国希望欧盟在12月14日至15日的领导人峰会上开启有关英国“脱欧”后双方关系和贸易问题的磋商，将谈判推进到第二阶段。
88 5 2 3 3 0.5
但是欧盟一直坚持在“分手费”、爱尔兰边界和公民权利三个关键问题上取得进展之后再开始磋商上述问题。
3
88 9 5 1 3 0.556
巴尼耶还坚持，英国在离开欧盟之前解决好目前在欧盟的费用问题。
88 10 5 2 3 0.615
作为离开欧盟所需承担的“分手费”，英国首相特雷莎·梅9月在意大利佛罗伦萨发表演讲时，为“分手费”出价200亿欧元。
88 11 5 3 3 0.64
欧洲议会议长安东尼奥·塔亚尼本月13日为英国“脱欧”“分手费”开出价码，认为英国至少应当支付600亿欧元，才能满足其对欧盟的财政承诺。
0
1
88 12 6 1 1 0.661
在英国希望早日开启的贸易磋商方面，巴尼耶20日承诺，如果英国能按时解决谈判争议议题、并在2019年3月如期完成“脱欧”进程，欧盟愿与英国达成综合性的自由贸易协定。
1
88 16 8 1 1 0.656
巴尼耶表示，英国采取接近欧盟的经济模式还是逐渐远离欧盟的模式，将直接影响到欧盟各成员国立法者以及欧洲议会的最终决策；如果欧洲议会在2018年秋季否决了达成的协议，那么将给2019年初英国正式退出欧盟带来各种问题。
2
89 9 5 1 2 0.258
报道称，这两家两机构总部皆位于伦敦旧港区(Docklands)商业区。
89 10 5 2 2 0.63
但按照规则，这些欧盟机构总部不可设立在欧盟之外，必在2019年3月英国脱离欧盟时随之迁离。
1
90 7 3 1 1 0.627
欧盟各成员国20日投票决定，在英国“脱欧”之后，将把目前总部设在伦敦的欧洲药品管理局迁至荷兰阿姆斯特丹。
3
91 21 7 2 4 0.552
目前，英国和欧盟就在脱欧的分手费问题上僵持不下。
91 22 7 3 4 0.697
欧盟议会议长安东尼奥·塔雅尼（AntonioTajani）在一个德国媒体访问中表示，英国应支付600亿英镑的分手费。
91 23 7 4 4 0.427
这比梅在9月的佛罗伦萨会议中提出的200亿英镑分手费多出整整两倍。
2
91 24 8 1 2 0.706
欧盟委员会在英国脱欧问题上的首席交涉官米歇尔·巴尼尔（MichelBarnier）在接受法国《星期日报》的访问时表示，欧盟与英国在12月的脱欧会议存在谈判破裂的忧虑。
91 25 8 2 2 0.569
如果下个月谈判中，英国无法与欧盟达成脱欧后的新协议，英国就必须在世贸组织的框架下与欧盟及其他国家展开贸易了，其主权评级也有可能进一步受挫。
1
93 1 1 1 1 0.705
新浪美股讯北京时间20日彭博报道，在12月份与欧盟领导人召开关键的会议之前，英国或将优化其准备开出的脱欧账单。
1
93 2 2 1 1 0.616
首相特里莎·梅的内阁成员将在周一的内阁脱欧分委会会议上讨论脱欧事务，或有助于解决谈判中最富争议的问题--钱。
2
93 7 5 1 2 0.629
欧盟希望英国支付至少600亿欧元（710亿美元），涵盖预算承诺和未来的财政责任，例如欧盟公务员的养老金。
93 8 5 2 2 0.574
到目前为止，特里莎·梅对2019年3月29日英国正式脱欧之后的欧盟预算做出的承诺只有大约200亿欧元。
2
94 1 1 1 2 0.728
欧盟催促英国在下个月的欧盟峰会之前提交脱欧费用的合理计划。
94 2 1 2 2 0.703
欧盟通知英国首相梅，要完成与欧盟的谈判，英国需要做足功课，在12月的峰会结束前英国要提交具体的脱欧费用计划。
0
2
94 3 2 1 2 0.651
上周，英国首相梅会见了欧盟领导人，试图打破英国脱欧费用需要支付多少钱的僵局，这个问题有可能导致英国与欧盟的脱欧谈判破裂，并且无法在2019年3月前达成新的贸易关系协议。
94 4 2 2 2 0.315
梅暗示或会考虑增加脱欧费用，但似乎还是达不到欧盟所要求的数额。
1
94 12 6 1 1 0.625
尽管欧盟对英国的安排持怀疑态度，但梅和她的首席谈判代表戴维斯（DavidDavis）已经明确表示，他们希望在英国脱欧之前签署完整的英国脱欧后自由贸易协议。
1
95 1 1 1 1 0.691
中新网11月19日电据外媒报道，欧洲理事会主席图斯克日前表示，脱欧谈判若要进入下一阶段，英国必须在12月初针对分手费议题上表态，欧盟才能对过渡时期及未来双方新关系提出方向。
1
95 2 2 1 1 0.709
英国脱欧谈判展开半年以来进展缓慢，图斯克(DonaldTusk)17日与英国首相特蕾莎·梅会面，双方讨论脱欧谈判时程，这次欧盟对英国提出时间表压力。
1
97 4 4 1 1 0.729
欧盟委员会将在12月14日召开的欧盟理事会会议上审议该方案，并将其计划提交给其他27个欧盟成员国。
1
100 1 1 1 1 0.689
中新网11月16日电据外媒报道，英国脱欧事务大臣戴维斯表示，预计2018年初可能与欧盟达成脱欧过渡期协议。
1
100 3 3 1 1 0.668
英国首相特蕾莎•梅早前向欧盟和英国商业界承诺，将尽快就过渡期提出具体的建议。
