1
1 1 1 1 1 0.655
新华社伦敦１２月４日电（记者温希强）英国工业联合会４日发布的最新英国经济预测显示，受到脱欧不确定性等因素影响，英国２０１８年经济增长仍将低迷，至２０１９年英国央行还将加息三次。
2
14 13 6 1 2 0.293
该指标11月份数据也刷新了2013年8月以来的高点。
14 14 6 2 2 0.681
市场研究机构IHS经济学家表示，英国制造业产出季率为2%，制造业生产增长为强劲经济扩张提供了支撑。
3
35 4 1 4 7 0.452
之后美国第三季度实际GDP年化率向上修正为3.3%，为3年以来最快增速。
35 5 1 5 7 0.653
再次表示出美国经济发展强劲。
35 6 1 6 7 0.21
黄金继续承压走低。
3
35 17 4 1 4 0.357
欧元昨日主要受到美元指数的影响，基本上收于平价，价格继续徘徊在1.1850附近来回震荡。
35 18 4 2 4 0.629
昨日欧元区公布的经济数据基本上符合市场预期。
35 19 4 3 4 0.684
对欧元未能造成重大的影响，但是数据显示欧元区经济将持续复苏，同时刺激全球经济前景预期改善。
1
35 20 4 4 4 0.256
在一定程度上限制了欧元的下跌。
2
42 1 1 1 3 0.752
面对社会人口不断老龄化，英国要实现经济持续增长，提升劳动生产率势在必行。
42 2 1 2 3 0.296
这是近年来英国政府一直期待解决的核心问题，也是此次产业战略的核心。
3
42 7 3 2 4 0.425
言下之意，英国的劳动生产效率比美国和德国低20%左右。
42 8 3 3 4 0.752
面对社会人口不断老龄化，英国要实现经济持续增长，提升劳动生产率势在必行。
42 9 3 4 4 0.296
这是近年来英国政府一直期待解决的核心问题，也是此次产业战略的核心。
3
42 11 5 1 3 0.38
在创新方面，政府未来将进一步加大科研投入。
42 12 5 2 3 0.643
目前，英国科研领域资金占GDP比例在1.7%左右，低于经济合作与发展组织国家2.4%的水平。
42 13 5 3 3 0.596
政府计划在2027年将这一比例提升到经合组织的平均水平，主要通过产业战略挑战基金投资7.25亿英镑促进创新发展。
3
61 5 1 5 21 0.534
其中模拟的场景包括美国股市下跌50%，英国失业率跃至9.5%，英国房价下跌33%，英国7大主要银行风险类资产从13.4%跌至8.3%的情形。
61 6 1 6 21 0.644
但英国央行表示自2017年伊始，各银行均上调平均资本水平至14.4%，目前银行资本水平较2008年金融危机时水平增长逾3倍之多。
61 7 1 7 21 0.417
同时，此次压力测试也安排了当前两年内英国银行体系总损失500亿英镑的情形。
3
61 11 1 11 21 0.169
对此，英国央行表示这样的压力测试的确是很艰难，但还未能体现最糟的情形。
61 12 1 12 21 0.618
事实上，英国硬脱欧伴随全球经济严重萧条，不当行为成本加大，都会导致银行资本缓冲大幅削减，拖累英国经济。
61 13 1 13 21 0.413
在这之后随即而来的是一年内反周期资本缓冲增加，为抵御宏观经济风险，资本充足率从0.5%的提高幅度将上调至1.0%。
1
74 1 1 1 1 0.651
参考消息网11月24日报道法媒称，英国经济面临脱欧冲击以及生产力低于预期这一状况之际，当局明显下调从2017年到2021年的增长预期。
3
75 10 4 1 4 -0.051
更糟的还在后面。
75 11 4 2 4 0.601
1月份的预测假定的是：生产率增长作为经济增长的主要决定因素，从长期来看年均将达到2%。
75 12 4 3 4 0.231
而昨天OBR却将此下调至1.3%。
1
76 2 2 1 1 0.647
英国预算责任办公室（OBR）将今年该国经济增长预期从此前的2%大幅下调到1.5%。
2
76 4 4 1 2 0.601
除了将今年经济增速从2%调降到1.5%，OBR对未来几年英国的经济增长预测也要比今年3月时悲观得多。
76 5 4 2 2 0.577
该机构预测，到2020年，英国经济增速将继续回落到1.3%，2021年反弹到1.5%，相比之下，该机构今年3月的预测是，英国经济增速到2021年将达到2.1%。
2
76 6 5 1 2 0.713
OBR称，由于生产力增长放缓，未来5年英国经济增速将大幅放缓。
76 7 5 2 2 0.493
这样的预测也意味着，英国家庭可能面临薪酬水平增长前所未有的长时间停滞。
2
76 8 6 1 2 0.737
OBR主席乔特称，经济增长乏力将限制生活水平的提高。
76 9 6 2 2 0.332
相关机构测算，英国的薪酬水平到2020年中才能恢复到2008年时的水平，这是前所未有的。
2
76 10 7 1 2 0.527
鉴于今年第三季度英国经济表现好于市场预期，如此幅度的预期下调多少令外界有些意外。
76 11 7 2 2 0.695
英国国家统计局的数据显示，得益于英国服务业和制造业的良好表现，今年第三季度英国经济增长0.4%，高于第二季度的0.3%。
2
77 7 7 1 2 0.456
同日，独立的预算责任办公室（OBR）发布的增长前景更为悲观。
77 8 7 2 2 0.707
OBR大幅下调了此前增长预测，预计今年经济增长仅1.5%，明年增长率将下滑至1.4%，2019年为1.3%，这将是自2009年金融危机之后英国经济增长的最低水平。
1
77 17 14 1 1 0.629
摩根大通全球投资策略师拉法格（JulienLafargue）指出，欧元区预计将有更多的投资以提高产能，反过来支持该地区发展，并延长增长周期，这与英国的情景形成鲜明对比，鉴于欧元区经济动力强劲，而英国财政预算刺激措施较少，该行继续偏好欧洲大陆股票。
2
78 33 13 1 3 0.68
此次预算案虽然旨在改善英国经济的中长期增长动力，但是其短期经济风险仍是市场关注的焦点。
78 34 13 2 3 0.604
各方预计，2017年英国经济增速将下降至1.5%，而且这并非谷底。
1
78 35 13 3 3 0.577
即使得到英国政府新预算案的支持，英国预算责任办公室仍然预测2018年英国经济增速将下降至1.4%，2019年和2020年将进一步下探至1.3%。
2
78 36 14 1 3 0.617
令市场欣慰的是，虽然面临经济增长困境且新预算案加大了政府开支，但英国财政健康度将在近期有所提升。
78 37 14 2 3 0.536
预计周期调整后公共部门借款占GDP规模将在今年达到峰值的2.3%，并在2018年和2019年下降至1.8%和1.5%；债务占GDP比重也将从2017年的86.5%，至2022年、2023年逐步下滑至79.1%。
1
81 2 2 1 1 0.647
英国预算责任办公室（OBR）将今年该国经济增长预期从此前的2%大幅下调到1.5%。
2
81 4 4 1 3 0.601
除了将今年经济增速从2%调降到1.5%，OBR对未来几年英国的经济增长预测也要比今年3月时悲观得多。
81 5 4 2 3 0.529
该机构预测到2020年英国经济增速将继续回落到1.3%，2021年再升到1.5%。
1
81 6 4 3 3 0.624
今年3月，该机构曾预测2021年英国经济增速将达到2.1%。
2
81 7 5 1 2 0.683
OBR预测称，因为生产力增长放缓，未来5年英国经济增速都将大幅放缓。
81 8 5 2 2 0.512
这样的预测也意味着英国家庭可能面临前所未有的长时间薪酬水平增长停滞。
2
81 9 6 1 2 0.706
OBR主席乔特（RobertChote）称，经济增长乏力将限制生活水平的提高。
81 10 6 2 2 0.385
据相关机构测算，英国的薪酬水平到2020年中才能达到2008年时的水平，这是前所未有的。
2
81 11 7 1 2 0.503
鉴于今年第三季度英国经济表现好于市场预期，这样幅度的下调多少令外界有些意外。
81 12 7 2 2 0.695
英国国家统计局的数据显示，得益于英国服务业和制造业的良好表现，今年第三季度英国经济增长0.4%，高于第二季度的0.3%。
1
83 1 1 1 1 0.694
英国财政预算案出炉在即，在未来四年生产力增长进一步放缓的预期下，英国预算责任办公室料调降经济增长预期，英镑风险偏下行。
2
83 2 2 1 2 0.609
一段时期内，预算责任办公室与英国央行对生产力增长预期的分歧巨大，二者预期显示2018年至2020年，英国平均增长率料分别为1.60%和1.25%。
83 3 2 2 2 0.528
尽管预算责任办公室对经济的乐观预期料持续，但不大可能预示英镑升值。
2
83 4 3 1 3 0.667
英国人均产出表现持续令人失望，暗示下调经济增长预期是适宜的。
83 5 3 2 3 0.543
2018年至2020年，较低的收入水平将进一步推高政府净借贷水平。
