1
1 1 1 1 1 0.622
新华社伦敦１２月４日电（记者温希强）英国工业联合会４日发布的最新英国经济预测显示，受到脱欧不确定性等因素影响，英国２０１８年经济增长仍将低迷，至２０１９年英国央行还将加息三次。
1
2 1 1 1 1 0.682
BBC等外媒报道，欧洲议会外交事务委员会主席Brok周一称，英国首相很可能敲定英国退欧协议，距离协议敲定“只差几个字而已”。
1
2 3 3 1 1 0.637
欧洲议会议员PhilippeLamberts在布鲁塞尔对记者表示，欧盟首席谈判代表MichelBarnier对议员们表示，周一可能就英国脱欧取得突破。
1
2 6 5 1 1 0.633
Lamberts称，有关爱尔兰边境的协议将纳入条款，以确保边境两边的规定统一，从而免去设立边境的必要性。
1
2 9 8 1 1 0.722
英国天空新闻网报道，英国首相发言人对记者们表示，英国退欧谈判取得了良好的进展，英国希望尽快取得更多进展，但目前的关注点是14日至15日的欧盟峰会。
2
2 10 9 1 2 0.655
欧盟官员和外交人士称，愈发乐观认为能够达成协议。
2 11 9 2 2 0.506
投资者也持类似看法，上周的路透调查结果显示，随着迹象显示英国退欧谈判取得进展，英国无序退欧的机率在过去一个月有所下滑。
3
3 4 3 1 3 0.588
脱欧谈判的一大关键问题是解决包括爱尔兰边界问题和如何避免硬边界的问题。
3 5 3 2 3 0.69
最新消息称，据悉英国和欧盟已达成协议，确保北爱尔兰和爱尔兰共和国之间没有严格的边界。
3 6 3 3 3 0.652
欧洲理事会主席图斯克也表示，英国脱欧谈判越来越接近取得足够进展，有望在本月启动贸易谈判。
0
1
4 1 1 1 1 0.68
英国首相发言人表示，脱欧谈判取得了良好进展，但还有更多问题需要达成共识；英国希望脱欧谈判尽快取得进展，但主要注意力集中在12月14-15日的欧盟峰会。
1
4 2 2 1 1 0.813
据外媒报道：爱尔兰边境协议草案文本显示，英国首相特雷莎?梅可能会在脱欧条款上进行让步；英国将在脱欧协定草案中，承诺维持爱尔兰与北爱尔兰现行的监管安排。
1
4 3 3 1 1 0.698
汇通网元易认为，这意味着未来英国脱欧后，可能不会在北爱尔兰与爱尔兰边境设置“硬边界”；北爱“硬边界”问题一直为英国脱欧政治谈判的重大障碍，该问题的解决或意味着脱欧谈判取得重大进展，无序脱欧风险大降，利好英镑。
1
4 5 5 1 1 0.676
欧盟委员会发言人表示，将脱欧协议交与欧盟领导人考虑。
1
6 1 1 1 1 0.8
中新网12月4日电据外媒报道，4日，爱尔兰副总理兼外交贸易部长科文尼(SimonCoveney)称，英国与爱尔兰尚未就英国退欧后北爱尔兰的边境事宜达成一致，但他希望双方可能取得突破。
1
6 2 2 1 1 0.703
科文尼称，英国和爱尔兰政府有关达成可能的协议文本的谈判正处于“敏感地带”；该协议是英国与欧盟的退欧谈判进入下一阶段的前提条件。
2
6 4 4 1 3 0.853
英国完成“脱欧”后，英国与爱尔兰的边界将是英国与欧盟的唯一陆地边界。
6 5 4 2 3 0.738
爱尔兰方面要求，英国“脱欧”后不应与爱尔兰存在“硬边界”。
1
6 6 4 3 3 0.563
欧盟认为，避免出现“硬边界”的最好办法就是北爱尔兰或整个英国留在关税同盟中。
2
7 1 1 1 2 0.597
英国首相特雷莎·梅（TheresaMay）正努力扑灭国内多场政治大火。
7 2 1 2 2 0.604
她正准备在布鲁塞尔召开一场至关重要的会议，希望能结束英国脱欧谈判面临的僵局。
3
7 5 3 1 4 0.539
英国政府还面临另外两次打击。
7 6 3 2 4 0.633
首先是英国政府的社会流动性顾问集体辞职，称特雷莎·梅未能改善英国最贫困人口的生活。
7 7 3 3 4 0.581
此外，英国首席大臣格林（DamianGreen）因性骚扰再次面临要求其辞职的呼声。
2
7 11 5 1 2 0.572
随着英国脱欧谈判进入最敏感的阶段，围绕特雷莎·梅领导地位的风暴也加剧了。
7 12 5 2 2 0.689
欧盟将12月4日设立为截止日期，要求特雷莎·梅就陷入僵局的脱欧法案提供更好的解决法案，其内容包括脱欧分手费，对欧盟公民权利的法律保护，以及避免英国和爱尔兰出现新的边境。
2
7 14 7 1 2 0.59
双方都希望，谈判能从脱欧条款转移到第二阶段，转移到12月14日欧洲领导人峰会对英国与欧盟未来关系的焦点上来。
7 15 7 2 2 0.658
英国官员担心，如果在年底前没有达成脱欧协议，谈判将面临破裂。
2
7 16 8 1 3 0.701
英国脱欧支持者的一封信缩小了特雷莎·梅的回旋余地，该信要求身为英国首相的特雷莎·梅在本周给欧盟最后通牒。
7 17 8 2 3 0.345
写这份信的人士包括前内阁部长雷德伍德（JohnRedwood）以及前财政大臣劳森（NigelLawson）。
2
7 19 9 1 2 0.639
这封信还要求，2019年3月29日英国脱欧后，必须结束人员的自由流动，英国应该能够签署和实施新的贸易协议，而且欧洲法院在英国法律事务不能进一步施加影响。
7 20 9 2 2 0.486
该信还指出，如果不同意这些条款，欧盟就不能从英国支付的600亿欧元（710亿美元）的脱欧分手费中获得一分钱。
2
7 21 10 1 2 0.696
12月3日，英国内阁大臣亨特（JeremyHunt）证实，有报道称，特雷莎·梅正计划允许欧洲央行在英国脱欧后，在保护在英欧盟公民的权利方面发挥作用。
7 22 10 2 2 0.42
他表示，如果英国法律在这一问题上的态度不明确，伦敦最高法院应该能够向欧洲法院提交一份建议。
3
7 23 11 1 3 0.369
一些对欧元持怀疑态度的人士可能认为，此举是对特雷莎·梅一项承诺的背叛。
7 24 11 2 3 0.62
特雷莎·梅曾表示，在英国退出欧盟后，欧洲法院的法官将不会在英国的法律体系中发挥作用。
7 25 11 3 3 0.637
特雷莎·梅已经赢得了内阁的支持，提高了向欧盟提供的分手费数额，使爱尔兰边境问题成为脱欧谈判需要解决的最后一个障碍。
0
2
7 26 12 1 2 0.552
爱尔兰边境问题也出现可能改善的迹象。
7 27 12 2 2 0.729
爱尔兰外交部长、副总理柯文尼（SimonCoveney）表示，他不希望推迟英国脱欧谈判的进展。
2
7 28 13 1 2 0.61
12月3日，柯文尼在接受BBC采访时表示，随着脱欧谈判讨论未来的贸易协定，爱尔兰政府只需要特雷莎·梅未来几月就如何解决这一问题给出相关方案。
7 29 13 2 2 0.677
在12月4日会议召开之前，容克将与欧洲议会就英国脱欧进行谈判，以打破目前面临的僵局。
0
2
8 5 5 1 2 0.622
爱尔兰外交部长SimonCoveney上周五表示，就爱尔兰边界问题达成协议是“可行的”，需要更多行动。
8 6 5 2 2 0.588
未来几天英国脱欧谈判可能取得突破进展。
1
8 8 7 1 1 0.621
此前有报道指出，英国愿意在脱欧账单方面做出妥协，以便于开始讨论其与欧盟未来的关系。
1
8 9 8 1 1 0.652
分析人士指出，即便英国设法与欧洲就贸易进行谈判，下一个挑战将是英国如何达成一份“量身定制”的协议。
1
8 10 9 1 1 0.613
英国首相特蕾莎·梅(TheresaMay)此前曾表示，如果英国脱欧后也采用加拿大式的贸易协议，那么对双方的互惠市场都将是百害无一利。
1
9 1 1 1 1 0.741
央视网消息：4日，欧盟委员会主席容克将在比利时布鲁塞尔与英国首相特雷莎·梅就“分手费”等核心议题举行会面。
1
11 1 1 1 1 0.799
爱尔兰新任副总理柯文尼（SimonCoveney）表示，爱尔兰无意推迟英国脱欧谈判，但他也警告称，爱尔兰与北爱尔兰边境问题没有取得足够的进展。
1
11 4 3 1 1 0.741
12月4日，英国首相特雷莎·梅（TheresaMay）将与欧盟委员会主席容克（Jean-ClaudeJuncker）进行午餐会，以评估以下三方面的谈判是否取得了足够进展：公民的三大核心权利、脱欧分手费以及爱尔兰和北爱尔兰的边境问题。
2
11 6 5 1 2 0.653
自去年夏天成为爱尔兰外交部长以来，柯文尼很大程度上被卷入了爱尔兰对英国脱欧的立场。
11 7 5 2 2 0.588
在爱尔兰前副总理菲茨杰拉德（FrancesFitzgerald）因威胁推翻政府的政治纠纷提出辞职后，柯文尼就被任命为爱尔兰的新任副总理。
3
11 8 6 1 3 0.534
柯文尼在BBC的AndrewMarr节目上表示，爱尔兰不想在脱欧问题上行使否决权。
11 9 6 2 3 0.608
但是作为爱尔兰政府，其必须要代表爱尔兰的利益。
11 10 6 3 3 0.433
作为一个岛国，爱尔兰对于英国脱欧可能带来的糟糕后果是非常脆弱并且容易受到影响的，这就是为什么爱尔兰努力寻求取得更多的进展。
2
11 14 9 1 2 0.732
今年6月，爱尔兰民主统一党（DUP）与英国少数派保守党政府签署了一项信任与供应协议。
11 15 9 2 2 0.635
统一党副主席多兹（NigelDodds）向BBC表示，自从总理瓦拉达卡尔（LeoVaradkar）和柯文尼上任以来，爱尔兰政府对英国脱欧采取了更加激进的立场。
0
2
11 21 12 1 2 0.735
英国首相特雷莎·梅将与欧盟委员会主席容克共进午餐，该计划被广泛认为是特雷莎·梅说服欧盟推动脱欧谈判的一个机会。
11 22 12 2 2 0.715
和爱尔兰边境问题一样，欧盟认为其他要解决的问题还包括英国向欧盟支付的脱欧分手费，以及居住在英国的欧盟公民地位问题。
0
1
11 23 13 1 1 0.602
在与特雷莎·梅进行午餐会之前，容克还将会见欧洲议员，可能就英国提供的公民权利展开谈论。
2
11 24 14 1 4 0.647
上周，英国的脱欧分手费的谈判取得了一定进展。
11 25 14 2 4 0.634
英国向欧盟提出的脱欧费用为500亿欧元（440亿英镑）。
1
11 26 14 3 4 0.46
不过，一些支持英国脱欧的人士认为，这一数字过高了。
2
11 28 15 1 3 0.705
12月1日，欧洲理事会主席图斯克（DonaldTusk）表示，欧盟完全支持爱尔兰不要硬边境的要求。
11 29 15 2 3 0.548
他表示，爱尔兰的要求就是欧盟的要求。
1
11 30 15 3 3 0.622
图斯克还表示，在脱欧谈判进入下一阶段之前，他将与爱尔兰总理进行磋商。
2
12 1 1 1 2 0.611
英国民众参加集会游行，反对脱欧。
12 2 1 2 2 -0.159
（图片来源：东方IC）
1
12 9 5 1 1 0.658
自2016年公投以来，英国脱欧的高调反对者——从法国总统马克龙，到英国前首相布莱尔，以及亿万富翁投资者乔治•索罗斯(GeorgeSoros)——都暗示，英国可能会改变主意，以避免对英国经济造成灾难性影响。
2
13 11 4 1 2 0.817
【图斯克：英国的脱欧未来掌握在爱尔兰手中】欧洲理事会主席Tusk周五表示，如果爱尔兰不满意伦敦与北爱尔兰的边界安排，欧盟将拒绝英国要求就脱欧后过渡和未来贸易协定进行谈判，欧盟会支持爱尔兰的立场。
13 12 4 2 2 0.616
图斯克说：“如果英国开出的条件是爱尔兰不能接受的，或者无法被欧盟接受，那么欧盟将拒绝下一步的谈判贸易。从某些方面来说，英国未来的关键在于都柏林----至少只要英国脱欧谈判还在继续”。
0
2
14 2 1 2 3 0.543
虽然英国国内政治动荡不安，脱欧谈判艰难，且增长疲弱，但英镑依然广泛持稳。
14 3 1 3 3 0.616
英国脱离欧盟后英国经济前景面临巨大的不确定性，但对于英镑前景有理由谨慎乐观。
2
14 4 2 1 2 0.772
英镑的本周表现抢眼，因英国与欧盟的分手费已经达成一致，且英国与爱尔兰就边境问题达成一项协议。
14 5 2 2 2 0.241
虽然目前仍然存在潜在的障碍，但市场投资者对后续英镑走势保持乐观偏好。
1
16 1 1 1 1 0.62
中新网12月1日电据路透社报道，随着迹象显示英国脱欧谈判取得进展，英国无序脱欧的机率在过去一个月有所下滑。
1
16 2 2 1 1 0.689
多家报纸本周报道称，英国与欧盟已对分手费达成共识，北爱尔兰边界问题也接近取得共识，可能预示脱欧谈判将有突破。
1
16 5 4 1 1 0.721
“基于英国准备完全遵守脱欧分手费的承诺，而英国与爱尔兰有很大机会不久就能够对爱尔兰边界问题达成妥协，我们现在认为英国与欧盟到2019年3月在没有达成未来贸易协议情况下分手的风险下降，”Berenberg分析师称。
2
17 1 1 1 3 0.663
按照欧盟的设想，留给英国解决爱尔兰和北爱尔兰边境问题的截止时间定为12月4日，距离现在只剩下三天。
17 2 1 2 3 0.152
但是，直至当下，这一问题依然悬而未决。
1
17 3 1 3 3 0.638
当前英国执政联盟中的成员北爱尔兰民主统一党甚至威胁称，如果边境问题得不到解决，他们将取消对特雷莎·梅政府的支持。
2
17 5 3 1 3 0.66
11月30日，爱尔兰外交部长柯文尼（SimonCoveney）在接受RTE电视台采访时表示，边境问题是一个“大障碍”，这意味着英国脱欧谈判没有在应有的方面取得进展。
17 6 3 2 3 0.589
北爱尔兰民主统一党现在比以往任何时候都更具影响力，因为其支持英国首相特雷莎·梅（TheresaMay）继续执政。
2
17 9 5 1 3 0.617
特雷莎·梅的办公室发表了一份声明，称在英国脱欧谈判讨论贸易问题之前，不可能就爱尔兰边境问题找到一个详细的解决方案。
17 10 5 2 3 0.698
欧盟则拒绝英国政府的这一立场，在爱尔兰边界问题达成协议之前，他们甚至不会开始贸易谈判。
1
17 11 5 3 3 0.785
在英国正式离开欧盟之后，这条边境将成为英国与欧盟的新边境。
0
2
17 12 6 1 2 0.618
欧盟已经将12月8日设置为解决边境问题的截止时间，要求特雷莎·梅政府在此之前就避免爱尔兰出现硬边境给出解决方案，同时对脱欧法案做出改善。
17 13 6 2 2 0.61
否则的话，根据欧盟的说法，将不会有时间安排双方在年底前寻求突破，让脱欧谈判能够继续推进，讨论未来英国与欧盟的贸易关系。
0
2
17 14 7 1 3 0.692
英国首相特雷莎·梅定于12月4日与欧盟委员会主席容克（Jean-ClaudeJuncker）在会议中共进午餐，这也正好是列出边境协议框架的时间。
17 15 7 2 3 0.477
本周早些时候，英国方面的官员表示，当天可能会发表一份关于谈判进展的联合声明。
1
17 20 10 1 1 0.656
一位熟悉爱尔兰想法的欧洲官员表示，爱尔兰政府没有认定12月4日为解决边境问题的截止时间，并表示谈判在12月8日后可以继续进行。
1
17 21 11 1 1 0.665
驻布鲁塞尔的欧盟大使定于12月3日开始起草12月峰会上可能给出的结论，这就是为什么欧盟要求在此日期之前明确爱尔兰边境及英国脱欧费用等问题。
2
17 23 13 1 3 0.641
英国首相特雷莎·梅正在寻求解决北爱尔兰和爱尔兰的边境问题，防止出现硬边境的情况，但这看上去是不可能解决的问题。
17 24 13 2 3 0.676
双方之间长达300英里的分界线将成为脱欧后英国与欧盟的新边境。
1
17 25 13 3 3 0.596
英国已经表示，英国脱欧后将离开欧盟单一市场和关税同盟，从而使该边境不得不配备警察，不可能变成几乎不可见的状态。
2
17 26 14 1 2 0.659
12月1日，英国脱欧委员会发布了一份报告，强调了爱尔兰边境问题的复杂性。
17 27 14 2 2 0.543
该报告称，鉴于英国政府计划离开欧盟单一市场，就此问题找到解决方案是不可能的。
3
17 28 15 1 3 0.544
出于历史、政治和经济方面的原因，爱尔兰根本不希望出现边境，而欧盟也持有同样的立场。
17 29 15 2 3 0.614
没有边境意味着要在北爱尔兰和英国大陆之间设置障碍，而这是北爱尔兰民主统一党的红线。
17 30 15 3 3 0.611
在今年6月的提前大选中，英国首相特雷莎·梅所在的政党意外失去了多数席位，因为需要获得爱尔兰民主统一党的支持。
0
2
17 35 18 1 2 0.647
尽管如此，爱尔兰民主统一党议员多兹（NigelDodds）还是希望能够就边境问题达成协议。
17 36 18 2 2 0.269
多兹表示：“我们今天与该问题相关人士进行了交谈。我们相信，在存在这种政治意愿的情况下，能够就该问题整理好思路。我相信这种政治意愿确实是存在的。”
3
18 13 3 2 4 0.164
周四英镑在伦敦交易时段内上涨1%至1.3541，相对上周收盘价1.3335涨幅十分显著，目前仍处于2个月内高位。
18 14 3 3 4 0.639
根据报道，英国将遵守对欧盟的承诺，这让两年脱欧过渡期的可行性进一步增加，从而使贸易框架协议拥有更充裕的谈判时间。
18 15 3 4 4 0.396
瑞银策略分析师LefterisFarmakis表示：“一旦过渡期条款正式落地，英镑贬值的风险将大幅下降。同样地，尾部风险的减小至少将在短期内支撑英镑。”技术面上，英镑有机会冲击之前高位1.3635，但仍需提防脱欧谈判中任何意外的出现。
1
20 1 1 1 1 0.725
中国证券网讯（记者王宙洁）据外媒披露，欧盟方面准备在有关北爱尔兰边界谈判接近达成协议后为英国提供两年的“脱欧”过渡期协议。
1
20 2 2 1 1 0.682
此前，还有英国媒体披露说，双方已就“分手费”基本达成一致，英国将支付欧盟大约450亿至550亿欧元，但英国“脱欧”谈判的欧洲联盟首席代表米歇尔·巴尼耶表示，“分手费”金额没有最终确定。
2
21 11 2 1 6 0.776
另外，据英国独立报昨日报道，有报道表示英国和欧盟谈判官员表示即将就爱尔兰边境问题达成协议。
21 12 2 2 6 0.634
英国时代报刊援引都柏林方面消息表示在12月14日欧盟峰会前就爱尔兰边境问题上已有进展，是否后续还需更多交涉仍待决议。
1
21 13 2 3 6 0.738
英国官员表示建议将权力进一步下放给北爱尔兰权力党，以避免北爱尔兰和爱尔兰地区的监管分歧。
1
21 14 2 4 6 0.298
然而这一建言目前因北爱尔兰政府换届选择而被暂决。
2
21 15 2 5 6 0.604
欧洲议会及欧盟峰会建议北爱尔兰可继续留在关税同盟内，当游客前往英国时海关检查可不用在爱尔兰海港进行。
21 16 2 6 6 0.499
新的建议，较此前英国计划的在开放边境上设置警力的方案较为满意。
2
22 1 1 1 2 0.699
多家英国媒体11月29日称，英国与欧盟已在“脱欧分手费”问题的谈判中取得较大进展。
22 2 1 2 2 0.482
据估计，英国可能将向欧盟支付大约500亿英镑（约合674亿美元）。
2
22 3 2 1 2 0.618
《卫报》说，英国在“分手费”谈判中向欧盟让步，欧盟官员不愿讨论“分手费”的具体金额，预计最终可能在530亿至580亿英镑（约合714亿至781亿美元）之间。
22 4 2 2 2 0.415
《每日电讯报》则说，英欧在“分手费”上已达成协议，最终金额取决于用何种方式计算，估计在450亿至550亿欧元（约合534亿至652亿美元）之间。
1
23 1 1 1 1 0.676
英国“脱欧”谈判的欧洲联盟首席代表米歇尔·巴尼耶２９日警告欧盟企业，无论谈判结果如何，与“脱欧”后的英国做生意难免会有摩擦，而英国经济将损失更多。
2
23 2 2 1 2 0.55
巴尼耶２９日在德国首都柏林面见德国企业界人士。
23 3 2 2 2 0.617
德国商界普遍担忧英国“脱欧”带来负面影响，源于英国是德国第三大出口目的国家和第五大贸易伙伴。
2
23 6 4 1 2 0.709
依照规程，英国定于２０１９年３月２９日正式退出欧盟。
23 7 4 2 2 0.753
欧盟要求英国在１２月４日以前就“分手费”、在英欧盟公民权利以及英国与爱尔兰边界这三大议题拿出“可接受”的方案，才能着手商谈英国与欧盟之间后续的贸易协议。
0
2
23 8 5 1 2 0.717
英国媒体报道，英欧双方已就“分手费”基本达成一致：英国将支付欧盟大约４５０亿至５５０亿欧元。
23 9 5 2 2 0.363
巴尼耶说，“分手费”金额没有最终确定。
2
23 10 6 1 2 0.762
英国部分政界人士推断，鉴于德国企业对英国贸易的依赖，德国总理安格拉·默克尔会帮英国谈成新的贸易协议。
23 11 6 2 2 0.536
但巴尼耶说，德国货物贸易额仅有大约６％来自英国，却有５６％来自其他欧盟国家，英国显然处于劣势。
2
23 12 7 1 2 0.704
与会的德国工业联合会（ＢＤＩ）和德国工业与贸易商会（ＤＩＨＫ）呼吁英国政府应尽早拿出方案，以便欧盟启动第二阶段谈判。
23 13 7 2 2 0.555
英国政府“不能再挑三拣四了。显而易见，我们的首要考虑是增强和发展欧盟”。
3
24 1 1 1 4 0.466
作为欧洲传统的金融中心，德国法兰克福早已成为欧洲大陆金融业地标，与隔海相望的伦敦遥相呼应。
24 2 1 2 4 0.633
随着英国脱欧谈判启动，伦敦金融中心地位受到影响。
24 3 1 3 4 0.435
这一形势变化，引发了欧盟国家城市争抢伦敦金融业务的激烈竞争。
1
24 16 6 1 1 0.623
德国联邦外贸与投资署的研究指出，当前英国与欧盟在支付费用、人员自由流动等方面的谈判仍充满变数，因此脱欧之后诸如法兰克福等欧洲城市仍将面临很多不确定因素。
2
25 3 2 1 2 0.699
多家英国媒体11月29日称，英国与欧盟已在“脱欧分手费”问题的谈判中取得较大进展。
25 4 2 2 2 0.482
据估计，英国可能将向欧盟支付大约500亿英镑（约合674亿美元）。
1
25 7 4 1 1 0.618
《卫报》说，英国在“分手费”谈判中向欧盟让步，欧盟官员不愿讨论“分手费”的具体金额，预计最终可能在530亿至580亿英镑（约合714亿至781亿美元）之间。
1
25 14 10 1 1 0.635
所谓“分手费”涵盖了英国籍前欧盟工作人员退休金、在英欧盟机构搬迁费用以及英国对欧盟财政的承诺等内容。
2
25 17 11 3 4 0.535
直到媒体报道双方就“分手费”问题取得较大进展前，“脱欧”进程一直陷于僵局。
25 18 11 4 4 0.708
英国政府面临欧盟、英国反对党以及执政党内“留欧派”等多方同时施压，处境艰难。
3
25 19 12 1 3 0.555
此前，英欧双方在英国是否支付“分手费”及支付数额方面有明显分歧。
25 20 12 2 3 0.651
今年9月，英国首相特雷莎·梅曾承诺在两年内继续向欧盟支付总计200亿欧元（约合237亿美元），以作为“脱欧”过渡期内英国继续留在欧洲共同市场的代价。
25 21 12 3 3 0.551
而据一些欧洲媒体报道，欧盟方面此前索要的“分手费”金额高达1000亿欧元。
2
25 26 16 1 2 0.794
爱尔兰是欧盟国家，目前英国北爱尔兰地区与爱尔兰之间人员与货物均可自由流动。
25 27 16 2 2 0.766
一旦英国正式“脱欧”，英国与爱尔兰之间的边界将从现在欧盟内部两国的边界变为欧盟与非欧盟国家的边界，因此外界普遍关注这一边界未来将如何安排。
0
3
25 28 17 1 3 0.549
今年8月，英国政府公布一系列“脱欧”立场文件。
25 29 17 2 3 0.669
其中提到，英国“脱欧”后将努力确保英国与爱尔兰边界的“无缝对接”，建议不在这条边界设海关等实体设施，在人员自由通行方面也维持现状。
25 30 17 3 3 0.301
这意味着英方不希望目前的这条“软”边界变“硬”。
1
25 31 18 1 1 0.79
但如果英国与爱尔兰之间维持现在的“软”边界，英国“脱欧”后就无法阻止来自欧盟其他国家的移民通过爱尔兰边界进入英国。
2
26 7 4 1 2 0.62
另一方面，英国脱欧的乐观情绪继续支撑着英镑，有报道称，爱尔兰边境原则上达成了一项协议，英镑因此得到了提振。
26 8 4 2 2 0.194
英镑兑美元上破1.3500关口，至1.3520附近。
2
27 1 1 1 2 0.649
多家英国媒体11月29日称，英国与欧盟就“脱欧分手费”的谈判取得较大进展，为“脱欧”谈判进入第二阶段扫清了一大障碍。
27 2 1 2 2 0.621
但舆论普遍认为，另一核心议题英国与爱尔兰边界问题可能成为“脱欧”谈判进程中新的“拦路虎”，这为即将迎来关键期——欧盟“最后期限”的“脱欧”谈判增添变数。
0
1
27 3 2 1 1 0.696
12月4日是欧盟为英国“脱欧”谈判设定的“最后期限”，届时英国首相特雷莎·梅将与欧盟委员会主席容克举行关键性会谈，努力就“脱欧分手费”一事达成共识，为启动第二阶段“脱欧”谈判扫清一大障碍。
2
27 5 3 2 3 0.476
《金融时报》11月29日引述多名了解谈判的外交官的话说，欧盟要求英国支付的“分手费”接近1000亿欧元，但在扣除各种减免费用之后，英方实际支付的金额将不到这一数字的一半。
27 6 3 3 3 0.613
《卫报》则称，英国在“分手费”谈判中向欧盟让步，但目前，欧盟官员不愿讨论这笔费用具体金额。
2
27 7 4 1 3 0.605
所谓“分手费”，指的是财务结算安排，英国作为欧盟一分子，在脱离之前有责任承担欧盟的财政预算，主要包括英国过去承诺协助冰岛纾缓财困的借贷保证金、对欧盟官员支付的退休金、已同意的基建开支及结构性基金等。
27 8 4 2 3 0.569
自谈判启动以来，英欧双方在英国是否支付“分手费”以及支付数额等问题上分歧较为明显。
1
27 9 4 3 3 0.625
今年9月，特雷莎·梅曾承诺继续向欧盟支付两年总额为200亿欧元的款项，以作为“脱欧”过渡期内英国继续留在欧洲共同市场的代价。
2
27 10 5 1 2 0.633
路透社11月29日称，欧盟首席英国“脱欧”谈判代表巴尼耶当天拒绝就“分手费”一事发表评论，只是表示“我们仍在继续工作”，希望尽快与英国就“脱欧”条款细节达成共识。
27 11 5 2 2 0.576
此间舆论普遍认为，英欧双方就“分手费”达成共识，意味着“脱欧”谈判取得了一定进展。
2
27 12 6 1 2 0.612
11月28日，英国央行公布一份针对英国7家银行的金融稳定报告称，“无协议脱欧”很可能会打击英国经济增长，并导致英镑暴跌，但英国的银行届时能够应对难题。
27 13 6 2 2 0.582
英国央行行长卡尼称，英国最大几家银行都通过了银行系统压力测试，同时各方正在努力避免“无协议脱欧”。
2
27 14 7 1 2 0.603
经济合作与发展组织也发表报告称，英国若想降低“脱欧”对经济的冲击，就应设法在“脱欧”之后与欧盟保持最紧密的关系。
27 15 7 2 2 0.62
不过，英国与欧盟达成过渡性“脱欧”协议的可能性加大，有助于降低对经济的负面影响。
0
2
27 16 8 1 2 0.367
目前，“脱欧”谈判仍处在第一阶段。
27 17 8 2 2 0.614
根据欧盟法律，要“解锁”包括贸易协议在内的第二阶段谈判，双方必须先在三大核心议题上取得实质性进展，分别是“分手费”、公民权利以及英国与爱尔兰边界问题。
2
27 24 11 1 2 0.651
英国与欧盟谈判的重点，是如何维持英国在脱欧后与欧盟的关系，包括贸易上的关系及公民权益，即所谓的“软、硬脱欧”。
27 25 11 2 2 0.298
英国其中一个希望是能继续留在欧洲市场，享有货物、服务、资本和人员的流通自由。
3
27 26 12 1 4 0.448
“脱欧”谈判目前正进入关键期。
27 27 12 2 4 0.653
英国希望欧盟在12月14日至15日举行的领导人峰会上开启有关英国“脱欧”后双方关系和贸易问题的磋商，将谈判推进到第二阶段。
27 28 12 3 4 0.57
巴尼耶近日表示，欧盟将在未来最关键的几周内继续采取强硬立场，并呼吁其他欧盟政策制定者也不要轻易妥协。
1
27 30 13 1 1 0.634
数月以来，英欧争论焦点一直在“分手费”问题上，但媒体指出，另一核心议题英国与爱尔兰边界问题可能成为英国“脱欧”新的“拦路虎”。
2
27 31 14 1 4 0.655
欧盟方面表示，爱尔兰边界问题上必须取得足够进展，才有望启动贸易谈判。
27 32 14 2 4 0.76
欧盟农业委员菲尔·霍根日前说，除非与北爱尔兰边界有关的复杂问题得到解决，否则爱尔兰将拒绝与英国进行脱欧后的贸易谈判。
1
27 33 14 3 4 0.806
但英国国际贸易大臣利亚姆·福克斯回应称，除非英国与欧盟就贸易协议达成大纲，否则难以解决爱尔兰边界问题。
1
27 34 14 4 4 0.244
各方在这一问题上僵持不下。
2
27 36 15 2 3 0.452
彭博社指出，即便“分手费”问题在“最后期限”能够解决，但爱尔兰边界问题也很棘手，“脱欧”谈判要想在短时间内进入第二阶段还很困难。
27 37 15 3 3 0.614
欧盟一名参与“脱欧”谈判的外交官表示，“要想在12月前就爱尔兰边界问题取得进展的可能性仅有50%或更低。”（人民日报驻英国记者李应齐驻比利时记者任彦）
2
28 1 1 1 2 0.699
多家英国媒体11月29日称，英国与欧盟已在“脱欧分手费”问题的谈判中取得较大进展。
28 2 1 2 2 0.479
据估计，英国可能将向欧盟支付大约500亿英镑(约合674亿美元)。
1
28 5 3 1 1 0.614
《卫报》说，英国在“分手费”谈判中向欧盟让步，欧盟官员不愿讨论“分手费”的具体金额，预计最终可能在530亿至580亿英镑(约合714亿至781亿美元)之间。
1
28 12 9 1 1 0.635
所谓“分手费”涵盖了英国籍前欧盟工作人员退休金、在英欧盟机构搬迁费用以及英国对欧盟财政的承诺等内容。
2
28 15 10 3 4 0.535
直到媒体报道双方就“分手费”问题取得较大进展前，“脱欧”进程一直陷于僵局。
28 16 10 4 4 0.708
英国政府面临欧盟、英国反对党以及执政党内“留欧派”等多方同时施压，处境艰难。
3
28 17 11 1 3 0.555
此前，英欧双方在英国是否支付“分手费”及支付数额方面有明显分歧。
28 18 11 2 3 0.631
今年9月，英国首相特雷莎⋅梅曾承诺在两年内继续向欧盟支付总计200亿欧元(约合237亿美元)，以作为“脱欧”过渡期内英国继续留在欧洲共同市场的代价。
28 19 11 3 3 0.551
而据一些欧洲媒体报道，欧盟方面此前索要的“分手费”金额高达1000亿欧元。
2
28 24 15 1 2 0.794
爱尔兰是欧盟国家，目前英国北爱尔兰地区与爱尔兰之间人员与货物均可自由流动。
28 25 15 2 2 0.766
一旦英国正式“脱欧”，英国与爱尔兰之间的边界将从现在欧盟内部两国的边界变为欧盟与非欧盟国家的边界，因此外界普遍关注这一边界未来将如何安排。
0
3
28 26 16 1 3 0.549
今年8月，英国政府公布一系列“脱欧”立场文件。
28 27 16 2 3 0.669
其中提到，英国“脱欧”后将努力确保英国与爱尔兰边界的“无缝对接”，建议不在这条边界设海关等实体设施，在人员自由通行方面也维持现状。
28 28 16 3 3 0.301
这意味着英方不希望目前的这条“软”边界变“硬”。
1
28 29 17 1 1 0.79
但如果英国与爱尔兰之间维持现在的“软”边界，英国“脱欧”后就无法阻止来自欧盟其他国家的移民通过爱尔兰边界进入英国。
3
30 4 4 1 3 0.05
从汇率本身来看，这是利好消息但不足以改变交投趋势。
30 5 4 2 3 0.627
不过爱尔兰边境棘手问题犹存，仍为脱欧谈判的最后一个主要障碍。
30 6 4 3 3 0.254
当前英镑估值水平如此之低，以致于任何利好消息都足以触发汇价反应过度。
1
30 7 5 1 1 0.775
不过据FX678观察，据泰晤士报报道，英国正接近就北爱尔兰边界问题达成协议，英国官员本周做出提案避免在爱尔兰出现“硬边界”，欧盟领袖们正准备在有关边界谈判接近达成协议后，提供英国退欧两年的过渡期协议。
1
30 8 6 1 1 0.619
英国脱欧分手费似有着落，虽然爱尔兰边境问题仍棘手，但对于最终脱欧协议的达成而言，迈出了最为重要的一步。
2
30 10 8 1 2 0.292
当前英镑可能仍受支撑。
30 11 8 2 2 0.61
如果英国就脱欧事宜已经向欧盟要求“靠拢”的消息得到证实，将为二者间贸易谈判迈出的重要一步，反之这可能有助于缓解下周英国脱欧消息公布前投资者和各企业的紧张情绪。
1
30 13 10 1 1 0.634
英国与欧盟就分手费达成初步协议的消息几未影响英国经济，但对于已将大量利空计价在内的英镑而言，二者谈判的破冰具有深远的政治影响。
1
31 1 1 1 1 0.609
参考消息网11月30日报道英媒称，英国已同意欧盟提出的脱欧“离婚账单”的大部分条件，这样双方在一个主要障碍上已经接近达成协议，欧盟消息人士28日说。
1
31 4 4 1 1 0.71
熟悉谈判内情的欧盟官员强调，在梅首相与欧盟委员会主席容克和欧盟首席谈判代表巴尼耶会面之前，还有很多工作要做。
2
31 8 7 1 2 0.646
欧盟提出，英国脱欧协议的三个主要问题需取得“重大进展”，然后才会同意与英国就今后的自由贸易协议进行谈判。
31 9 7 2 2 0.646
自由贸易协议能保证英国在正式脱欧后与欧盟保持贸易流通。
0
2
31 10 8 1 2 0.677
另据英国《卫报》网站11月28日报道，英国已经同意欧盟就英国脱欧法案提出的要求。
31 11 8 2 2 0.716
英国可能要向布鲁塞尔支付超过500亿英镑的分手费，以换取法国和德国同意推进贸易协议谈判。
0
2
31 12 9 1 2 0.645
一位欧盟高级官员说，英国似乎准备承担其分内的欧盟债务、津贴和其他义务。
31 13 9 2 2 0.407
这位官员说：“我们听说英国有意支付这笔费用。我们理解这包括英国的应尽义务，体现了英国的决心。但我们需要看最后的细则。”
2
31 16 11 1 2 0.705
英国首相梅上周获得主要内阁大臣的支持，提高英国愿意支付的金额。
31 17 11 2 2 0.568
然而消息人士说，英国脱欧内阁小组委员会在开会时没有讨论具体数字，只是就脱欧费的计算方法达成共识。
2
31 18 12 1 2 0.719
欧盟外交官认为，真相大白的时刻将是梅首相和欧盟委员会主席容克在12月4日的午餐会，届时英国脱欧三大议题都将摆上桌面。
31 19 12 2 2 0.468
如果欧盟首席谈判代表巴尼耶认为谈判有足够进展，那么他可能会在当天提出相关建议。
2
32 1 1 1 3 0.663
央视网消息：有英国媒体28号报道称，英国与欧盟已就“脱欧分手费”达成协议，称英国最终支付给欧盟的“分手费”可能在450至550亿欧元之间，约合3524至4307亿元人民币之间。
32 2 1 2 3 0.497
如果消息属实，这将是今年年初“脱欧”谈判正式启动以来英欧双方取得的第一个实质性进展。
1
32 3 1 3 3 0.621
但在29号，英国和欧盟两方面都否认双方已经就“分手费”达成一致。
2
33 3 2 1 3 0.605
根据路透社的分析，英欧谈判开始后，欧盟方面希望于2017年12月底前就英国“脱欧”达成基本“撤出协议”，并最迟于2018年秋季完成“撤出协议”最终版。
33 4 2 2 3 0.523
欧洲议会和欧洲理事会或将在2019年3月前批准该草案。
2
33 6 3 1 2 0.655
根据《里斯本条约》第50条规定，如果英国确认要脱离欧盟，欧洲理事会应在两年内和英国就“脱欧”后关系变动达成协议。
33 7 3 2 2 0.402
但是，由于一方面英国与欧盟要谈的太多、太广，另一方面即使达成协议，协议通过的程序非常严苛，不仅需要欧洲议会通过，而且还要至少20个欧盟成员国批准，因此有分析评论称，要在两年内走完所有的“脱欧”程序，非常难。
2
34 3 2 1 2 0.695
根据今年4月底欧盟通过的英国“脱欧”谈判指导方针，“脱欧”谈判将分阶段进行，其中第一阶段的重点是公民权利、“脱欧分手费”以及英国与爱尔兰的边界安排。
34 4 2 2 2 0.497
方针强调，只有在第一阶段谈判取得“充分进展”后，才能开启第二阶段关于欧盟和英国未来关系的商讨，也就是鲍里斯·约翰逊所提到的“正式谈判”。
3
34 6 3 2 4 0.178
首先是公民权利问题。
34 7 3 3 4 0.66
英国“脱欧”可能影响约300万在英国生活的欧盟其他国家公民，如何保证他们的权利和地位是欧盟对英谈判的首要议题。
34 8 3 4 4 0.243
欧盟指导方针特别提到，必须保证这些公民在连续5年合法居留之后获得永久居留权的权利，而且“公民应该能够通过顺利和简单的行政程序行使权利”。
3
34 10 4 2 4 0.594
这一账单主要涉及英国作为欧盟成员时认可的各种计划和项目的费用，包括欧盟官员的退休金等。
34 11 4 3 4 0.632
英国议会上院今年3月初曾发布报告称，英国没有法律义务向欧盟支付“分手费”。
34 12 4 4 4 0.59
但欧盟在分手费问题上立场极为强硬，英国很可能在“分手费”问题上作出一些妥协，以换取欧盟在其他议题上的让步。
2
34 13 5 1 2 0.765
随着英国与欧盟在分手费问题上逐渐靠拢，英国与爱尔兰的边界问题可能成为新的谈判焦点。
34 14 5 2 2 0.749
英国完成脱欧后，英国与爱尔兰的边界将是英国与欧盟的唯一陆地边界，爱尔兰方面要求，这一边界不应设有海关征税、边境口岸、检查站等设施，但英国为了拿回贸易自主权而要离开欧盟关税同盟，恐怕难以完全满足上诉要求。
0
3
35 23 5 3 6 0.122
英镑涨至两个月高位。
35 24 5 4 6 0.661
英国和欧盟就脱欧法案中的分手费问题达成初步协议，扫清了脱欧谈判的一大障碍，导致爱尔兰边界的棘手问题成为脱欧谈判的最后一个主要障碍。
35 25 5 5 6 0.659
有报道称，爱尔兰副总理已经同意辞职，这为脱欧铺路，利好英镑。
1
35 26 5 6 6 0.625
另外，欧盟外交官称，英国就脱欧适宜已经向欧盟要求“靠拢”，但关键问题仍存在分歧的忧虑限制英镑涨幅。
0
3
35 51 10 2 5 0.538
英国脱欧谈判取得重大进展对英镑短期来说都是一种利好。
35 52 10 3 5 0.613
英国为了进入到第二轮谈判，英国在脱欧过程中做出重大的让步。
35 53 10 4 5 0.146
今日早盘开盘后英镑再次冲高，目前位置不宜再去追涨英镑，而1.3500一线是英镑的强压力区域，追涨的空间不大。
1
36 2 2 1 1 0.635
根据最近新闻媒体的报道，欧盟和英国官员就所谓的“分手法案”达成了一致意见，英镑因而受助大幅飙升。
2
36 6 6 1 2 0.627
事实上，市场分析人士也指出，如果英国和欧盟的上述协议得到证实，这将是英国与欧盟之间贸易谈判非常重要的一步。
36 7 6 2 2 0.577
反过来，这也可能有助于缓解下周英国脱欧消息公布之前投资者和企业对英国脱欧的紧张不安情绪。
2
37 2 2 1 2 0.715
欧盟首席谈判代表巴尼耶昨天在德国柏林指出，欧盟与英国尚未就分手费等关键问题达成一致，将在下周的会议上继续就此进行谈判。
37 3 2 2 2 0.475
巴尼耶说，"我想指出的是，脱欧法案、爱尔兰边界和公民权利这三个项目，尚未如我所愿那样达成一致。我们还需要继续努力，希望很快能在下个星期看到就英国有序脱欧的基本原则达成一致意见。"
1
37 4 3 1 1 0.704
与此同时，英国首相特雷莎·梅的副手、首席大臣兼内阁办公厅大臣达米安·格林表示，媒体发布的有关脱欧"分手费"的消息只是推测，现在英国和欧盟的谈判还在进行当中，他强调英国是一个会担负其国际义务的国家。
2
37 8 5 1 2 0.745
按照日程，英国首相特雷莎·梅与欧盟委员会主席容克将于12月4日举行关键性会谈，期望就欧盟要求的600亿欧元的分手费等问题达成原则性协议。
37 9 5 2 2 -0.146
（看看新闻Knews记者：胡聘婷实习编辑：蔡悦扬）
2
38 1 1 1 2 0.356
据彭博援引亚洲市场两位外汇交易员称，英国《泰晤士报》报道后出现宏观买盘，进而触发一波止损买盘。
38 2 1 2 2 0.8
英国《泰晤士报》报道称，英国与欧盟接近就爱尔兰边界问题达成协议。
2
39 2 2 1 2 0.63
此前欧盟外交官称，英国就脱欧事宜已经向欧盟要求“靠拢”，但关键问题仍存分歧的忧虑限制英镑涨幅。
39 3 2 2 2 0.355
投资者大体仍然对英镑持中性态度，而其它对央行进行的长期调查则显示英镑被低配，反映出脱欧相关忧虑。
2
40 1 1 1 3 0.673
有英国媒体28日报道称，英国与欧盟已就“脱欧分手费”达成协议，称英国最终支付给欧盟的“分手费”可能在450至550亿欧元之间，约合3524至4307亿元人民币之间。
40 2 1 2 3 0.497
如果消息属实，这将是今年年初“脱欧”谈判正式启动以来英欧双方取得的第一个实质性进展。
1
40 3 1 3 3 0.623
但在29日，英国和欧盟两方面都否认双方已经就“分手费”达成一致。
2
40 7 3 1 2 0.572
英国政府多位官员29日也拒绝对媒体的报道发表评论，均表示“脱欧”谈判中还没有任何事情已经敲定。
40 8 3 2 2 0.603
英国首相特雷莎·梅的副手、首席大臣兼内阁办公厅大臣达米安·格林表示，英国是一个会担负其国际义务的国家，在“脱欧”过程中也会尽到自己的责任。
2
40 9 4 1 2 0.662
同一天，欧盟首席谈判代表米歇尔·巴尼耶在柏林出席会议时也表示，英国和欧盟还没有就“分手费”一事达成协议。
40 10 4 2 2 0.638
他希望此事可以在12月4日特雷莎·梅与欧盟委员会主席容克和欧洲理事会主席图斯克会面前取得进展。
0
2
40 15 6 1 2 0.705
据一些英国和欧洲媒体报道，最终英国的“脱欧分手费”可能在450至550亿欧元之间，而欧盟此前要求的“分手费”为600亿欧元。
40 16 6 2 2 0.072
那么如此巨额的分手费是如何算出来的呢？
2
40 29 11 1 2 0.602
第三，欧盟官员的退休金，这笔钱出自欧盟每年的财政预算。
40 30 11 2 2 0.441
但英国决定“脱欧”后，本应伦敦支付的那部分官员退休金谁来承担？对此，布鲁塞尔的态度很强硬：伦敦必须按比例承担所有费用，总共80亿欧元（扣除折扣）或100亿欧元（不含折扣）。
2
41 1 1 1 2 0.682
中新网11月30日电综合报道，英国媒体此前称，伦敦和布鲁塞尔已经就英国“脱欧”应支付的“分手费”数额达成协议，然而，欧盟的首席谈判代表巴尼耶29日将此斥为“谣言”。
41 2 1 2 2 0.327
但他同时表示，希望能够在数天内宣布达成协议。
1
41 3 2 1 1 0.664
此前，英国《每日电讯报》引述外交消息人士报导，伦敦和布鲁塞尔已就英国的财务义务达成共识，双方现已接受英国将支付450亿到550亿欧元的费用，但最终数据取决于“双方如何透过商定的方法计算出结果”。
2
41 7 5 1 2 0.588
在双方首轮协商中，英国将支付多少分手费给欧盟一直是主要的关键点。
41 8 5 2 2 0.669
英国首相特蕾莎·梅(TheresaMay)9月曾表示，英国愿意支付大约200亿欧元，欧盟则希望英国把金额再提高。
1
41 9 6 1 1 0.661
英国盼能进一步协商贸易问题，不过欧盟表示，除非在分手费、脱欧后在英欧盟公民的权利及爱尔兰边界问题3方面有“足够进展”，才会开始商谈贸易。
2
43 1 1 1 2 0.739
据新华社电多家英国媒体29日称，英国与欧盟就“脱欧分手费”的谈判取得较大进展，英国将向欧盟支付约500亿英镑。
43 2 1 2 2 0.498
这将是今年年初“脱欧”谈判正式启动以来英欧双方取得的第一个实质性进展。
2
43 3 2 1 2 0.658
《卫报》报道说，英国在“分手费”谈判中向欧盟让步，最终将支付约500亿英镑。
43 4 2 2 2 0.436
目前，欧盟官员不愿讨论这笔费用具体金额，预计费用最终可能在530亿至580亿英镑之间。
2
43 8 6 1 2 0.641
所谓“分手费”涵盖英国籍前欧盟工作人员退休金、在英欧盟机构搬迁费用以及英国对欧盟财政的承诺等内容。
43 9 6 2 2 0.558
英欧双方围绕英国是否支付“分手费”以及支付数额问题分歧较为明显。
2
43 11 8 1 2 0.683
今年9月，英国首相特雷莎·梅曾承诺继续向欧盟支付两年总额为200亿欧元的款项，以作为“脱欧”过渡期内英国继续留在欧洲共同市场的代价。
43 12 8 2 2 0.546
一些欧洲媒体则测算，欧盟方面索要的“分手费”金额高达1000亿欧元。
2
45 2 2 1 2 0.694
有位英国政府官员质疑《每日电讯报》有关英国脱欧分手费最终的金额可能在450-550亿欧元之间的报道。
45 3 2 2 2 0.215
投资者将此分手费金额看做是一个压力释放，提振英镑从周二低位大涨逾1.5%，自10月初以来首次升至1.34美元之上。
1
46 1 1 1 1 0.777
欧盟首席脱欧谈判官巴尼耶：将与英国工党领袖科尔宾和英国独立党领导人法拉奇举行会谈，在脱欧账单、爱尔兰边境及公民权利方面仍未达成协议，但将在下周峰会前持续推进对话。
2
47 1 1 1 2 0.738
据英国媒体和欧洲国家一些媒体报道，英国政府即将与欧盟就“脱欧分手费”达成协议，数额在400-500亿英镑之间，是之前英国政府同意支付数额的2到3倍。
47 2 1 2 2 0.18
这一消息尚未得到官方证实。
2
47 5 3 1 2 0.696
12月底前，英国和欧盟有望结束第一阶段共7个轮回的脱欧谈判，如果英国和欧盟在分手费和北爱边境检查以及欧盟在英移民的权益上达成协议，脱欧谈判有望推进到第二阶段，也就是针对英欧贸易关系展开谈判。
47 6 3 2 2 -0.019
（央视记者孔琳琳）
2
48 1 1 1 2 0.752
新华社伦敦１１月２９日电（记者桂涛）多家英国媒体２９日称，英国与欧盟就“脱欧分手费”的谈判取得较大进展，英国将向欧盟支付约５００亿英镑。
48 2 1 2 2 0.498
这将是今年年初“脱欧”谈判正式启动以来英欧双方取得的第一个实质性进展。
2
48 3 2 1 2 0.674
《卫报》报道说，英国在“分手费”谈判中向欧盟让步，最终将支付约５００亿英镑。
48 4 2 2 2 0.439
目前，欧盟官员不愿讨论这笔费用具体金额，预计费用最终可能在５３０亿至５８０亿英镑之间。
2
48 8 6 1 2 0.641
所谓“分手费”涵盖英国籍前欧盟工作人员退休金、在英欧盟机构搬迁费用以及英国对欧盟财政的承诺等内容。
48 9 6 2 2 0.558
英欧双方围绕英国是否支付“分手费”以及支付数额问题分歧较为明显。
2
48 11 8 1 2 0.69
今年９月，英国首相特雷莎·梅曾承诺继续向欧盟支付两年总额为２００亿欧元的款项，以作为“脱欧”过渡期内英国继续留在欧洲共同市场的代价。
48 12 8 2 2 0.555
一些欧洲媒体则测算，欧盟方面索要的“分手费”金额高达１０００亿欧元。
1
49 1 1 1 1 0.665
据外媒报道，欧盟首席“脱欧”谈判代表米歇尔•巴尼耶29日表示，他希望在12月14至15日举行的欧盟峰会之前，英欧双方能够就“脱欧”账单达成协议，届时他将可以向各成员国领导人做出报告。
2
49 4 3 1 2 0.697
按照计划，英国首相特雷莎•梅与欧盟委员会主席容克将于12月4日进行关键性会谈。
49 5 3 2 2 -0.019
（央视记者刘婵娟）
1
50 1 1 1 1 0.731
新浪美股讯北京时间11月29日午间路透社柏林消息，欧盟首席英国脱欧谈判代表巴尼耶周三表示，他“仍在继续工作”，争取与英国就退出欧盟的条款细节达成共识。
2
50 3 3 1 3 0.608
此前英国《电讯报》网站报道称，英欧双方消息人士向媒体证实，英欧代表上周在布鲁塞尔举行的一次会议上就“脱欧”账单达成一致。
50 4 3 2 3 0.389
最终数额将在450亿欧元至550亿欧元之间。
1
50 5 3 3 3 0.74
英国首相特雷莎·梅与欧盟委员会主席容克将于下周一（12月4日）举行关键性会谈，就欧盟要求的600亿欧元的财政解决方案达成原则性协议。
1
51 1 1 1 1 0.625
英国和欧盟就脱欧法案中的分手费问题达成了初步协议，扫清了脱欧谈判的一大障碍，但这却也意味着，爱尔兰边境的棘手问题已经成为脱欧谈判的又一个主要障碍。
2
51 2 2 1 2 0.673
据一位知情人士透露，尽管欧洲各国政府尚未就此签署相关协议，但谈判代表已经就英国的脱欧分手费达成初步协议。
51 3 2 2 2 0.53
对于提出的分手费数字是否过高，从而导致脱欧谈判破裂，欧盟领导人对此拥有最终的话语权。
2
51 9 6 1 3 0.671
英国首相特雷莎·梅（TheresaMay）和欧盟委员会主席容克（Jean-ClaudeJuncker）准备下周一（12月4日）举行午餐会，努力就英国脱欧费用达成安排。
51 10 6 2 3 0.606
这允许相关领导人在12月中旬的欧盟峰会上宣布，脱欧方面的讨论取得了充分进展，从而可以开始就英国与其最大贸易伙伴之间的未来关系开始谈判。
1
51 11 6 3 3 0.186
在该报告公布后，英镑出现走强。
2
51 15 9 1 3 0.806
爱尔兰希望能避免英国脱欧后，爱尔兰和北爱尔兰之间出现任何硬边界，而欧盟委员会支持其立场。
51 16 9 2 3 0.571
随着英国离开欧盟单一市场，现在的在英属北爱尔兰和爱尔兰共和国之间边境不设防的“软边境”可能将难以为继，某些地方的边境和海关管制可能需要配备警察。
2
51 18 10 1 2 0.579
爱尔兰对这一阶段的脱欧谈判具有有效否决权。
51 19 10 2 2 0.664
如果不满意英国如何避免硬边界的提议，那么在12月的峰会上，爱尔兰可以阻止让脱欧谈判的主题从脱欧分手费转向贸易。
2
51 20 11 1 3 0.682
爱尔兰外长柯文尼（SimonCoveney）表示，英国和欧盟的团队正在讨论边境问题上的承诺，这将使谈判能够推进到讨论贸易的阶段。
51 21 11 2 3 0.666
英国首相特雷莎·梅必须想出一个同时能被爱尔兰及北爱尔兰民主联盟党接受的解决法案。
1
51 22 11 3 3 0.363
特雷莎·梅在议会中需要得到该党的选票才能管理国家。
2
51 23 12 1 2 0.696
爱尔兰希望，北爱尔兰在英国脱欧后必须维持关税同盟和单一市场的规则，同时还要求爱尔兰没有硬边界。
51 24 12 2 2 0.706
北爱尔兰民主联盟党想保持北爱尔兰融入英国，并且拒绝任何将其与英国分开的安排。
0
2
51 25 13 1 2 0.623
据英国《每日电讯报》报道，这项脱欧法案基于这样一个原则：英国的脱欧分手费将位于450亿欧元-550亿欧元（合530亿-650亿美元）之间。
51 26 13 2 2 0.265
《每日电讯报》报道称，这一数字使其背后的目的变得模糊不清。
2
51 30 15 1 2 0.609
两名熟悉谈判的欧洲政府官员向彭博表示，欧盟预期报出400亿欧元的脱欧分手费，但没有详细说明这一数字是否足够。
51 31 15 2 2 0.631
另一位欧盟政府官员表示，援引《每日电讯报》提出的分手费范围符合欧盟的预期。
0
2
51 41 19 1 3 0.627
而菲茨杰拉德的辞职，避免了爱尔兰政府的解体，也使爱尔兰在新年前夕无需举行提前大选。
51 42 19 2 3 0.546
在12月份的脱欧谈判中，因为爱尔兰对这一阶段的脱欧谈判具有有效否决权，其将扮演关键的角色。
1
53 1 1 1 1 0.747
据英国媒体援引英国和欧盟双方的消息人士的话称，英国和欧盟已经就所谓的英国脱欧“分手费”达成了一项协议，这为英国退欧的进程扫除了一大障碍。
3
53 2 2 1 4 0.589
英国每日电讯报指出，最终的分手费还未完全确定，预计将介于450亿欧元和550亿欧元之间。
53 3 2 2 4 0.707
不过，英国政府官员向路透社表示，“不承认”英国《每日电讯报》关于英国脱欧费用的报道。
53 4 2 3 4 0.694
而据英国《金融时报》援引外交官员称，英国同意履行欧盟1000亿欧元的债务，最终净支付额将少于该债务的一半。
1
53 5 2 4 4 0.495
英国与欧盟就英国脱欧分手费用达成协议的消息公布后，英镑兑美元跌幅收窄后大涨，截至28日纽约汇市尾市，1英镑兑换1.3376美元。
1
54 1 1 1 1 0.675
中新网11月29日电据英国《每日电讯报》28日报道，英国和欧盟的“脱欧”谈判代表已经就“分手费”数额达成一致。
1
54 2 2 1 1 0.685
据报道，欧盟委员会主席容克即将与英国首相特蕾莎·梅在12月4日举行关键会谈，如果“分手费”问题在会议之前落实，那么英欧双方在12月的新一轮“脱欧”谈判将有望取得实质性进展。
2
54 3 3 1 2 0.439
《每日电讯报》援引消息人士的话称，“分手费”可能会在450亿到550亿欧元之间，这取决于双方如何通过商定的方法来计算数额。
54 4 3 2 2 0.677
这也是在英国首席“脱欧”谈判员罗宾斯（OliverRobbins）的带领下与欧盟相关代表于上周末在布鲁塞尔达成的协议。
2
54 5 4 1 2 0.509
据悉，英欧双方已经展开了六轮“脱欧”谈判均未实质性进展，而“分手费”是争论的焦点之一。
54 6 4 2 2 0.614
英国曾提出向欧盟支付200亿欧元，但欧盟方面则要求至少为600亿欧元。
1
55 1 1 1 1 0.714
【环球网报道记者朱梦颖】据英国多家媒体报道，英国与欧盟已就“分手费”达成协议，双方启动贸易谈判前仅剩下北爱尔兰边界问题这一主要障碍。
2
55 3 2 2 3 0.389
最终数额将在450亿欧元至550亿欧元之间。
55 4 2 3 3 0.733
英国首相特雷莎·梅与欧盟委员会主席容克将于下周一(12月4日)举行关键性会谈，就欧盟要求的600亿欧元的财政解决方案达成原则性协议。
2
56 1 1 1 2 0.694
牛汇11月29日讯——11月28日，引援英国和欧盟双方的消息人士表示，双方已经就欧盟此前提出600亿欧元“分手费”的要求基本达成一致，这为英国脱欧的进程扫除一大障碍。
56 2 1 2 2 0.463
但对欧盟开出600-1000亿欧元的“分手费”，英国闭口不谈具体金额，只是提议用创新手段实现脱欧。
1
56 3 2 1 1 0.715
周二（11月28日）引援英国和欧盟双方的消息人士表示，双方已经就欧盟此前提出600亿欧元“分手费”的要求基本达成一致，这为英国脱欧的进程扫除了一大障碍。
2
56 4 3 1 2 0.717
下周一，欧盟委员会主席Jean-ClaudeJuncker和英国首相TheresaMay将进行午餐会。
56 5 3 2 2 0.582
英国每日电讯报指出，最终“分手费”还未完全确定，但预计将介于450亿欧元和550亿欧元之间。
2
56 6 4 1 2 0.728
不过有英国政府官员表示，否认英国每日电讯报关于英国脱欧费用的报道。
56 7 4 2 2 0.717
而据英国金融时报援引外交官员，英国同意履行欧盟1000亿欧元的债务，最终净支付额将少于该债务的一半。
0
2
56 8 5 1 4 0.739
英国与欧盟就英国脱欧“分手费”达成协议的消息公布后，英镑的走势一波三折。
56 9 5 2 4 0.07
消息公布后，英镑兑美元跌幅收窄后大涨。
2
56 12 6 1 2 0.615
而此前，英国财政大臣Hammond接受BBC采访时称，英国“处在做出一些重大前进行动的边缘”，开始打破“僵局”。
56 13 6 2 2 0.687
综合考虑Davis和Hammond的讲话，美国媒体认为，英国政府可能将要在12月欧盟领导人峰会以前增加计划给予欧盟的“分手费”。
0
2
56 15 8 1 3 0.706
英国《金融时报》此前报道称，英国首相梅正设法让欧盟领导人确信会得到有利的“分手费”。
56 16 8 2 3 0.197
本月，她赢得了国内高官们的支持。
1
56 18 9 1 1 0.661
不过有英国官员警告称，任何至少支付400亿欧元“分手费”的提议都必须有前提条件，保证英国与欧盟达成过渡性条约，且达成良好的贸易协议。
1
57 1 1 1 1 0.693
欧盟消息人士周二称，英国已提出支付欧盟要求的英国脱欧分手费金额中的大部分，使得双方接近就阻碍二者启动未来自贸协定谈判的一个关键问题达成一致。
1
57 2 2 1 1 0.604
据英国报纸报导，英国同意支付的金额约为500亿欧元，相当于欧盟要求英国支付金额的大部分。
2
57 3 3 1 2 0.506
一位英国政府官员称，他们“并不认可”对协商的这一叙述。
57 4 3 2 2 0.679
英国首相特雷莎·梅（TheresaMay）于周一出访布鲁塞尔。
2
57 5 4 1 2 0.718
欧盟熟悉协商的官员强调称，在特雷莎·梅与欧盟执委会主席贾克和欧盟负责英国退欧事务谈判的首席代表巴尼尔（MichelBarnier）会面之前，协商仍在进行。
57 6 4 2 2 0.562
但听取协商进展报告的欧盟外交人士称，英国提出的金额是有希望的，而据一位消息人士表示，关于财政结算一事，双方已“接近达成一致”。
1
59 4 4 1 1 0.652
英国国际贸易大臣利亚姆·福克斯(LiamFox)当日再次表态，坚持认为英国不应该“害怕”离开欧盟时“没有协议”。
2
59 5 5 1 2 0.677
英国首相特雷莎﹒梅(TheresaMaryMay)曾在上月底的英国议会上向议员们表示，如果在2018年底前，英方还无法得知与欧盟的新型伙伴关系到底是什么，那英国政府将彻底放弃谈判，无协议脱欧。
59 6 5 2 2 0.42
梅首相说：“我认为，政府如果没有对脱欧协议谈判失败作必要的准备，将是不负责任的。”
2
59 7 6 1 2 0.533
第6轮脱欧协议谈判已开启，相关议题仍无进展。
59 8 6 2 2 0.72
特蕾莎·梅将出席12月的欧盟峰会，推进英国脱欧谈判议题。
2
60 1 1 1 2 0.632
周二（11月28）英镑兑美元在纽约盘时段快速反弹近百点，因英国每日电讯报报道，英国与欧盟据称就脱欧分手费达成一致。
60 2 1 2 2 0.049
英镑兑美元现交投于1.3320一线，涨0.03%。
2
60 6 4 1 2 0.592
市场原本对下月进行的英国脱欧谈判会取得突破的希望增强。
60 7 4 2 2 0.643
不过，就北爱尔兰和爱尔兰边境的分歧重新浮现，正值爱尔兰发生政治危机，令紧张形势加剧。
2
60 9 6 1 2 0.834
而英国政府发言人则声称，英国不希望与爱尔兰出现硬边界。
60 10 6 2 2 0.594
首相特雷莎·梅正在努力，希望在12月的峰会上推动脱欧谈判。
2
60 11 7 1 2 0.726
法国兴业银行外汇策略师AlvinTan表示，欧盟已给予英国政府提交爱尔兰边境计划的最后限期是下周一（12月4日）。
60 12 7 2 2 0.136
目前而言，这一问题是市场主要最担忧的问题。
3
61 24 2 3 11 0.073
在这2年内至少需要完成4项计划。
61 25 2 4 11 0.685
卡尼同时呼吁英国和欧盟双方对这一过渡期协议能尽快达成。
61 26 2 5 11 0.372
有立法者此前表示这一协议需要在圣诞前之前达成，否则金融企业将不得不做出应急计划。
2
62 1 1 1 2 0.609
爱尔兰副总理弗朗西斯·菲兹杰拉德。
62 2 1 2 2 -0.072
（图片来源：路透社）
2
62 5 3 1 2 0.644
据路透社报道，当地时间11月28日，为避免爱尔兰提前进行大选，爱尔兰副总理弗朗西斯·菲兹杰拉德将辞职。
62 6 3 2 2 0.51
爱尔兰反对党发言人表示，若副总理辞职一事成真，那么大选将可以避免。
3
62 14 6 2 4 0.5
由于此前六轮谈判均未能取得实质性进展，因此，此次峰会已被诸多投资者视为年内脱欧谈判能否取得突破的最后机会。
62 15 6 3 4 0.771
爱尔兰的这场政府危机距离欧盟峰会还有两周的时间，而爱尔兰政府拥有英国脱欧谈判能否取得进展的实质否决权，因为该国政府将决定欧盟对爱尔兰与英国边境的关切是否得到满足。
62 16 6 4 4 -0.014
（编译/海外网张敏）
2
63 2 2 1 2 0.651
英国若无法和欧盟达成脱欧后贸易协议，英欧双边贸易将面对更高的关税与更多繁复的手续。
63 3 2 2 2 0.293
但阿泽维多表示，英国虽须为此付出一些代价，但这些代价仍属于“可管控范围”。
1
63 5 4 1 1 0.623
阿泽维多11月26日在英国《星期日电讯报》刊登的一篇报道中表示，英国若能与欧盟达成贸易协议固然很好，但即使谈不成，英国还是可依据世贸规则与欧盟贸易，英国还是有能力应付这样的情况。
2
63 7 6 1 2 0.396
阿泽维多指出，英国对外贸易中已有大约半数采用世贸条款。
63 8 6 2 2 0.686
英国希望与第三国家签署自由贸易协议，但在英国完成脱欧谈判之前，它无法与其他国家签署自由贸易协议。
2
63 9 7 1 3 0.661
欧盟领导人将于下月开会，就何时与英国开始进行贸易谈判进行磋商。
63 10 7 2 3 0.745
欧盟坚持英国必须先就脱欧分手费与爱尔兰边界问题达成协议之后，才进行贸易谈判。
1
63 11 7 3 3 -0.078
（实习编辑：周思敏审核：田瑞哲）
2
64 2 2 1 3 0.681
英国《星期日泰晤士报》报道，由于担心与“无可救药”的“反脱欧”公务员发生肢体冲突，英国脱欧事务部决定为属下职员开设防身术课程。
64 3 2 2 3 0.136
这些训练课程将教授哪些防身技巧目前尚未透露。
2
64 5 3 1 2 0.629
英国脱欧相关事宜一直拖延未决，招致坚定的“脱欧派”指责不断，称英国公务员企图“削弱”并就此拖垮脱欧谈判。
64 6 3 2 2 -0.053
（袁原）【新华社微特稿】
2
65 11 3 1 2 0.782
爱尔兰边境问题在于英国2019年3月29日正式脱欧后，如今隶属英国的北爱尔兰与爱尔兰之间的隐形边境是否要变成硬边境。
65 12 3 2 2 0.448
如果无法达成协议，这一地区将面临贸易和政治关系紧张化的风险。
3
65 13 4 1 3 0.534
英国的脱欧问题依然是全球关注的焦点。
65 14 4 2 3 0.766
最近，爱尔兰欧盟委员会专员警告称，如果北爱尔兰边境问题不能做出决定，爱尔兰可能否决英国脱欧谈判。
65 15 4 3 3 0.548
爱尔兰正在寻求得到一个保证，爱尔兰共和国和北爱尔兰之间不会出现“硬边境”。
2
65 16 5 1 3 0.688
此外，英国和欧盟之间就脱欧分手费尚未达成一致意见。
65 17 5 2 3 0.531
虽然英国愿意支付预算费用，适当提高脱欧分手费，但还远远达不到欧盟的要求。
1
65 18 5 3 3 0.705
未来英国将继续与欧盟就脱欧进行谈判，谈判的内容包括脱欧分手费以及贸易协议。
1
66 15 12 1 1 0.672
而爱尔兰政局动荡不光影响其本国，因为在英国脱欧进程中，作为唯一与英国在陆上接壤的国家，爱尔兰的态度将起到关键的作用。
2
66 16 13 1 2 0.756
瓦拉德卡将在12月14-15日欧盟脱欧峰会上发表讲话，告诉其他领导人爱尔兰与英国北爱尔兰之间的边境问题是否取得充分解决，而这一边境问题的解决将极大地影响到英国脱欧进程。
66 17 13 2 2 0.537
但是爱尔兰政府表示，迄今为止边界问题还没有取得足够的进展。
2
66 18 14 1 2 0.648
欧盟此前拒绝在分手费、移民权益和爱尔兰边境问题这三大问题上取得“足够进展”前将退欧谈判推进至商讨双方未来关系的第二阶段。
66 19 14 2 2 0.759
欧盟官员曾表示，爱尔兰如果要进行提前选举，势必将使英国脱欧进程更加复杂化。
0
2
66 20 15 1 2 0.74
爱尔兰边境问题在于：在英国2019年3月29日正式脱欧后，如今隶属英国的北爱尔兰与爱尔兰之间的不设防的“隐形边境”是否要重新变成关卡重重的“硬边境”。
66 21 15 2 2 0.448
如果无法达成协议，这一地区将面临贸易和政治关系紧张化的风险。
1
66 22 16 1 1 0.737
这场政府危机距离欧盟峰会还有几周的时间，爱尔兰政府拥有英国脱欧谈判能否取得进展的实质决定权，因为该国政府将决定欧盟对爱尔兰与英国边境的关切是否得到满足。
3
67 1 1 1 4 0.554
英国官方预测称，由于英国生产率表现不佳，该国的经济增长将出现放缓。
67 2 1 2 4 0.631
英国商务部长克拉克(GregClark)表示，英国脱欧的决定意味着这一战略“更加重要”。
67 3 1 3 4 0.568
英国与美国医疗巨头MSD达成协议，将合作开设一家英国研究中心。
2
67 5 2 1 2 0.203
MSD的投资价值高达10亿英镑，预计将创造950个就业机会。
67 6 2 2 2 0.616
英国政府表示，这一宣布是对脱欧后英国经济增长巨大的信心投票。
2
68 2 1 2 3 0.548
据彭博社报道，英镑兑美元过去三周持续上涨，不过这样升势的持久性即将取决于正在进行的英国脱欧谈判能否为讨论贸易扫清道路。
68 3 1 3 3 0.685
由于本周英国主要经济数据相对清淡，英国和欧盟官员之间围绕脱欧话题的争论可能将决定英镑走势的关键。
2
68 4 2 1 2 0.653
据悉，欧洲理事会主席唐纳德·图斯克上周五（11月24日）称，针对欧盟与英国正在进行中的“脱欧”谈判，双方仍有可能在下月就三大核心议题达成初步协议，以解锁第二阶段谈判。
68 5 2 2 2 0.477
不过，他表示谈判目前存在巨大挑战，并给英国定下10天“最后期限”，要求英国拿出更佳方案。
2
68 6 3 1 2 0.694
欧盟和英国第六轮“脱欧”谈判本月10日结束后，欧盟曾向英国下达“最后通牒”，要求英国在两周时间内就“分手费”问题作出明确回复。
68 7 3 2 2 0.686
不过，欧洲理事会主席图斯克24日与英国首相特雷莎·梅会晤后，决定再给英国“最后10天”。
0
2
68 10 5 1 2 0.627
欧盟定于下月14日至15日举行峰会，讨论英国“脱欧”谈判等事宜。
68 11 5 2 2 0.542
如果英国在10天之内无法拿出让欧盟满意的方案，将无法按原计划解锁包括贸易协议在内的第二阶段谈判。
2
68 13 7 1 2 0.614
欧盟和英国“脱欧”谈判数月以来，争论焦点一直在“分手费”问题上。
68 14 7 2 2 0.592
而路透社指出，随着双方在这一关键问题上逐渐靠拢，另一核心议题“英国与爱尔兰边界”可能成为新的谈判焦点。
2
68 15 8 1 5 0.853
英国完成“脱欧”后，英国与爱尔兰的边界将是英国与欧盟的唯一陆地边界。
68 16 8 2 5 0.738
爱尔兰方面要求，英国“脱欧”后不应与爱尔兰存在“硬边界”。
1
68 17 8 3 5 0.701
欧盟“脱欧”谈判代表米歇尔·巴尼耶对爱尔兰的立场表示支持，称“爱尔兰的事就是欧盟的事”。
1
68 18 8 4 5 0.572
虽然英国方面也表示不想回到“硬边界”时代，但英国为了拿回贸易自主权而要离开欧盟关税同盟。
1
69 1 1 1 1 0.709
牛汇11月27日讯——欧盟给英国首相特雷莎·梅设定了“绝对最终期限”，要求其在10天时间内改善脱欧提案，否则无法在12月峰会上劝说欧盟领导人与英国启动贸易谈判。
2
69 2 2 1 2 0.466
若下个月还达不成协议，那么英国在2019年3月脱欧前达成相关安排的时间将很紧张，这让企业避免潜在损失和撤资的压力更大。
69 3 2 2 2 0.656
欧洲理事会主席图斯克（DonaldTusk）在欧盟与特雷莎·梅交谈了一个小时后发表推文称：“我们需要在10天内看到英国在所有问题上取得进展，包括爱尔兰问题。”
2
69 4 3 1 3 0.62
由于爱尔兰现届政府看来将下台，北爱尔兰边境问题周五突然变得更加棘手。
69 5 3 2 3 0.571
图斯克表示，其他27个欧盟成员国的领导人仍有可能在12月14-15日的峰会上做出英国已经为满足三大条件“取得明显进展”的结论，从而批准明年开始就贸易问题进行磋商。
1
69 7 4 1 1 0.762
梅姨将在12月4日会晤欧盟执委会主席贾克和欧盟负责英国脱欧事务谈判的首席代表巴尼尔（MichelBarnier），欧盟官员期望这是英国做出更大让步的最后期限。
2
69 9 6 1 2 0.558
让问题进一步复杂化的是爱尔兰，该国总理瓦拉德卡（LeoVaradkar）下周可能因为其它的问题而提前举行选举。
69 10 6 2 2 0.622
他曾经警告，若英国不在边界问题上采取重大行动，爱尔兰将会投反对票。
2
69 11 7 1 2 0.642
特雷莎·梅在与图斯克会谈后向记者表示，在分手费分歧、英国脱欧后双方侨民权利以及如何避免可能破坏北爱尔兰和平的“硬边界”这些问题上，双方正在取得进展。
69 12 7 2 2 0.311
但她补充说：“仍然存在许多方面的问题，我们正在协商加以解决。”
2
69 14 8 2 3 0.573
但有关欧盟要求英国支付的分手费，却并无更加具体的消息。
69 15 8 3 3 0.613
欧盟要求明确分手费问题后，才会同意开始商谈英国脱欧后的贸易协议。
3
69 17 10 1 3 0.511
欧盟要求英国支付600亿欧元（720亿美元）的分手费，似乎成为这数个月来最棘手的问题。
69 18 10 2 3 0.646
但由于英国媒体透露的资讯暗示特雷莎·梅已赢得内阁中脱欧强硬派的支持，会提供相当大笔分手费，因此欧盟谈判人士受到鼓舞。
69 19 10 3 3 0.55
如今，爱尔兰可能成为谈判的症结点。
2
69 21 12 1 2 0.784
巴尼尔上周五鼎力支持爱尔兰，他对爱尔兰外交部长科文尼（SimonCoveney）表示，爱尔兰牢牢团结一致，且爱尔兰问题就是欧盟的问题。
69 22 12 2 2 0.774
科文尼表示，爱尔兰若是对边界问题不悦，将不会同意欧盟与英国展开欧盟贸易谈判。
0
2
69 23 13 1 3 0.607
欧盟官员表示，避免“硬边界”最好的作法就是维持监管不变，无论只是北爱尔兰或是整个英国。
69 24 13 2 3 0.664
英国已拒绝前者，因为这将会让北爱尔兰和英国本土分裂。
1
69 25 13 3 3 0.68
脱欧运动人士则表示，英国不应追随欧盟规定。
0
1
71 4 3 1 1 0.601
据法新社当地时间24日消息，图斯克在欧盟布鲁塞尔峰会间隙与英国首相梅会谈后发表了最后通牒，四面楚歌的特蕾莎·梅则将此描述为“非常积极的气氛”（verypositiveatmosphere）下进行的会谈。
1
71 7 5 1 1 0.731
据了解，欧盟将于下月14及15日召开峰会，欧盟官员表示如果谈判未能在12月4日前，就“分手费”、居住在英国的欧洲人权益、爱尔兰与英国边界争议等重要议题有明显进展，就不会启动下阶段谈判，即讨论英国脱欧后的贸易安排。
2
71 10 7 1 2 0.653
据早前消息，英国媒体称，首相特雷莎·梅已经获得内阁“脱欧”强硬派人士支持，增加“分手费”出价，以缩小与欧盟600亿欧元（约合4674亿元人民币）要价的差距。
71 11 7 2 2 0.418
按英国媒体的说法，英国政府准备把“分手费”翻番，由先前提出的200亿欧元（1558亿元人民币）涨至约400亿欧元（3116亿元人民币）。
2
71 12 8 1 2 0.609
按欧盟一些外交官的说法，400亿欧元的开价是特雷莎·梅政府故意通过媒体向欧盟透出的“口风”，而这让欧盟谈判团队对谈判前景有了信心。
71 13 8 2 2 0.27
一名外交官说：“如果英国方面表露出政治意愿，我们也要做好准备。”
3
71 14 9 1 3 0.58
这些外交官表示，虽然英国政府400亿欧元的开价仍远低于欧盟提出的600亿欧元，但欧盟方面一直把600亿欧元看成是“分手费”的最高值。
71 15 9 2 3 0.605
如果双方在这一问题上达成协议，欧盟负责英国“脱欧”谈判的首席代表米歇尔·巴尼耶愿意提供帮助，替特雷莎·梅巧妙措辞，以安抚英国民众情绪，降低“分手费”问题给她带来的负面影响。
71 16 9 3 3 0.038
（编译海外网侯兴川）
2
72 1 1 1 4 0.606
【欧盟给英国10日时间拿出脱欧账单新方案以打破谈判僵局】欧洲理事会主席图斯克给特里莎-梅10天时间就脱欧账单拿出新方案，以打破谈判僵局。
72 2 1 2 4 0.648
图斯克要求英国在12月4日大限之前拿出新的账单方案，并就英国脱欧后的爱尔兰边界棘手问题拿出解决办法。
1
72 3 1 3 4 0.526
特里莎-梅在结束谈判时宣称双方都有积极氛围。
2
73 12 5 2 3 0.376
最近，梅姨表示她将付出更多的努力去推动12月退欧谈判的进展。
73 13 5 3 3 0.636
同时预计将于12月4日与特蕾莎梅会面的欧盟委员会主席席容克表示，脱欧谈判正取得一些进展，希望英国脱欧谈判在向好的方向发展，并表示对英国脱欧谈判所达成的成果有信心，这使得近期英镑市场看多的情绪出现了小幅的上涨。
2
76 16 11 1 2 0.6
英国财政部表示，印花税改革会立即在英格兰和北爱尔兰推行，威尔士则将推迟到明年3月底，苏格兰地区则不受影响。
76 17 11 2 2 0.069
首套房购买者最高可节省5000英镑的印花税。
2
76 19 13 1 2 0.602
英国首相特雷莎·梅此前曾和哈蒙德就房屋政策产生分歧，前者希望在这领域投入更多。
76 20 13 2 2 0.335
但最后梅间接表态称，哈蒙德在困难局面下做得不错。
1
77 1 1 1 1 0.788
本周五（11月24日），英国首相特雷莎·梅在布鲁塞尔与欧洲理事会主席图斯克（DonaldTusk）再次见面商谈脱欧事宜，对于英国是否会为欧盟期望的600亿欧元分手费、欧盟公民权利及北爱尔兰“软”边界带来清晰的图景，欧盟方面似乎并不看好。
1
77 2 2 1 1 0.605
12月初将与英国首相再次举行晚餐的欧盟委员会主席容克（Jean-ClaudeJuncker）23日在瑞士说，未来几天将会看到英国脱欧谈判是否取得了足够进展，但至少目前他还没看到足够进展可以进入谈判的第二阶段。
1
77 3 3 1 1 0.63
一份刚刚泄露的爱尔兰外交部文件认为，欧盟首席谈判代表巴尼耶（MichelBarnier）对12月14日欧盟峰会将会有突破“远不乐观”。
1
77 24 19 1 1 0.636
英国商界担心，该国政府似乎越来越无法实现通过谈判达成脱欧的目标，结果很可能是欧盟在最后时刻向英国提出说一不二的协议；而一旦下月举行的欧盟峰会没能取得突破，大型银行和企业将开始启动脱欧应对计划，把工作岗位迁出英国。
1
77 25 20 1 1 0.639
欧盟27国已在本月20日投票决定将欧洲银行管理局和欧洲药品管理局从伦敦分别迁至巴黎和阿姆斯特丹，英国脱欧的后果正实实在在应验。
2
78 34 13 2 3 0.435
各方预计，2017年英国经济增速将下降至1.5%，而且这并非谷底。
78 35 13 3 3 0.613
即使得到英国政府新预算案的支持，英国预算责任办公室仍然预测2018年英国经济增速将下降至1.4%，2019年和2020年将进一步下探至1.3%。
2
79 2 2 1 2 0.648
当地时间周五（11月24日），英国首相特雷莎·梅将访问欧盟，为12月进行的脱欧谈判做准备。
79 3 2 2 2 0.43
而德国作为欧盟最大的经济体，原本应该是对脱欧谈判命运最有影响力的一国，现在却陷入了自身的麻烦，这恐怕会让已经困难重重的脱欧谈判更进一步陷入僵局。
2
80 1 1 1 2 0.627
参考消息网11月22日报道外媒称，阿姆斯特丹和巴黎20日通过最后一轮投票的抽签争取到了受英国脱欧影响而离开伦敦的两大欧盟机构。
80 2 1 2 2 0.461
阿姆斯特丹将迎来欧洲药品管理局，巴黎将迎来欧洲银行管理局，这两家机构在伦敦商业区卡纳里码头运转多年之后不得不迁址。
2
80 13 10 1 2 0.615
2017年11月10日，欧盟首席谈判代表米歇尔·巴尼耶（右）与英国“脱欧”事务大臣戴维·戴维斯出席联合记者会。
80 14 10 2 2 -0.041
新华社记者叶平凡摄
2
81 20 13 1 2 0.63
英国首相特雷莎·梅此前曾和哈蒙德就房屋政策产生分歧，前者希望投入更多。
81 21 13 2 2 0.301
而此次特雷莎·梅通过盟友发声称，哈蒙德在困难的局面下做得不错。
3
82 2 2 1 3 0.466
目前，脱欧谈判已进入关键期。
82 3 2 2 3 0.696
英国希望欧盟在12月14~15日的领导人峰会上将英国与欧盟的脱欧谈判事宜推进到第二阶段。
82 4 2 3 3 0.534
但是欧盟一直坚持在“分手费”、爱尔兰边界和公民权利三个关键问题上取得进展之后再开始第二阶段磋商。
2
82 5 3 1 2 0.639
欧盟首席脱欧谈判代表巴尼耶称，欧盟将在未来最关键的几周内继续采取强硬立场，呼吁欧盟其他的政策制定者也不要轻易妥协。
82 6 3 2 2 0.665
就在当天，欧盟银行管理局与欧盟药品管理局已决定，将总部从英国伦敦搬迁至法国巴黎与荷兰的阿姆斯特丹。
0
2
82 7 4 1 2 0.674
近日，英国皇家航空协会主席西蒙·亨利抱怨，由于政府的脱欧决定及随后英国与欧盟之间拖拖拉拉的谈判进程，英国的航天公司被排除在欧洲卫星导航系统研发项目“伽利略计划”的相关竞标活动之外。
82 8 4 2 2 0.539
他提醒英国议会，要密切关注“伽利略计划”的合约情况，因为这对英国航空航天产业的未来至关重要。
2
82 20 11 1 2 0.658
此外，英国脱欧还将使英国与欧盟成员国之间运营的航空公司面临航权和航班数量的制约。
82 21 11 2 2 0.68
英国将不得不与欧盟针对航班如何进入欧洲共同航空区进行谈判，而且必须遵循欧盟的航空条令和规则；或者，英国与欧盟27个成员国逐一进行双边谈判并签署双边航空运输协定。
0
2
82 24 14 1 3 0.665
今年3月，英国正式向欧洲联盟递交脱欧信函后，总部设在英国伦敦的欧洲银行管理局和欧洲药管局的“搬家”事宜就已提上日程。
82 25 14 2 3 0.338
经过近8个月的激烈角逐后，法国巴黎与荷兰的阿姆斯特丹最终脱颖而出，击败一众欧洲大陆城市，成为上述两大机构新的总部所在地。
1
84 1 1 1 1 0.641
【环球网综合报道】据英国《卫报》11月21日报道，空客公司一名英国分公司高层告诉英国国会议员说，由于英国脱欧，英国可能把其航空业“皇冠上的宝石”——机翼制造业务拱手让给中国，威尔士七千个机翼制造业岗位也因此面临风险。
1
85 1 1 1 1 0.646
中新网11月22日电据香港《文汇报》报道，英国与欧盟举行的脱欧谈判，经过多轮仍无突破，欧盟早前更警告英方需于两周内同意“分手费”金额，否则不会开始商谈贸易协议。
1
85 3 3 1 1 0.606
英国执政保守党部分脱欧派议员对特蕾莎·梅屈服非常不满，批评她为“圣诞老人”，向其他欧洲国家送大礼，甚至认为应趁德国政局不明朗之际，减少支付欧盟的分手费。
1
85 8 8 1 1 0.608
英国预定后年3月正式脱离欧盟，但因谈判陷入僵局，落实脱欧程序的时间已非常紧迫，加上多名阁员卷入性骚扰丑闻，打击特蕾莎·梅管治威信，地位岌岌可危，下月的欧盟峰会将是她力挽狂澜的重要机会。
2
85 9 9 1 2 0.658
她期望在会上获得各国正面响应，将谈判带入第二阶段，商讨英国脱欧后的英欧关系和贸易协议。
85 10 9 2 2 0.721
特蕾莎·梅将于周五会晤欧洲理事会主席图斯克，除再度商谈分手费外，亦会商讨爱尔兰边境和居英欧盟公民权益等关键议题。
0
1
85 12 11 1 1 0.627
资深议员里斯莫格更称，德国总理默克尔筹组联合政府的谈判破裂，削弱其政治力量，她需向选民确保，德国不会为英国硬脱欧“买单”，英国应趁这机会谈判降低分手费，这时候提高金额是“愚蠢”行为。
2
86 2 2 1 2 0.692
英国今年３月正式向欧洲联盟递交“脱欧”信函后，总部设在英国首都伦敦的欧洲银管局和欧洲药管局“搬家”事宜被欧盟提上日程。
86 3 2 2 2 0.451
２０日，除英国外的２７个成员国代表在比利时首都布鲁塞尔欧盟总部投票筛选这两个机构的外迁地。
2
87 7 5 1 2 0.68
Otunuga还表示，多数英国央行官员重申，预期英国通胀将会在本季触顶。
87 8 5 2 2 0.389
这些措辞与英国央行已经与市场分享过的信息如出一辙，英镑反应十分冷淡。
2
87 10 7 1 2 0.671
英国脱欧事务大臣戴维斯周二表示，达成协议是谈判最可能出现的结果。
87 11 7 2 2 0.534
但他还表示，英国政府已经为无协议脱欧作好了准备。
3
87 12 8 1 3 0.547
特雷莎梅周一（11月20日）与内阁高层官员开会，讨论如何回应欧盟的要求。
87 13 8 2 3 0.612
欧盟要求英国更具体说明该国打算支付多少脱欧分手费。
87 14 8 3 3 0.581
特雷莎梅这次与官员们会谈，外界预计她对欧盟分手费的开价，将超过她9月在佛罗伦萨发表演说时所做的承诺。
2
88 1 1 1 2 0.703
据外媒报道，欧盟20日再次催促英国采取行动加快“脱欧”谈判进程。
88 2 1 2 2 0.591
欧盟负责谈判的首席代表米歇尔·巴尼耶称，目前正由英国决定在关键问题上采取何种解决方案，欧盟将在未来最关键的几周内继续采取强硬立场，并呼吁其他欧盟政策制定者也不要轻易妥协。
3
88 3 2 1 3 0.448
“脱欧”谈判目前正进入关键期。
88 4 2 2 3 0.657
英国希望欧盟在12月14日至15日的领导人峰会上开启有关英国“脱欧”后双方关系和贸易问题的磋商，将谈判推进到第二阶段。
88 5 2 3 3 0.557
但是欧盟一直坚持在“分手费”、爱尔兰边界和公民权利三个关键问题上取得进展之后再开始磋商上述问题。
1
88 8 4 1 1 0.782
在爱尔兰边界问题上，巴尼耶20日表示，英国需要尽快递交方案，阐明在2019年3月离开欧盟之后，如何在北爱尔兰与爱尔兰之间设立一个透明且公开的边界，英国必须避免在北爱尔兰和爱尔兰之间设立“硬边界”。
3
88 9 5 1 3 0.588
巴尼耶还坚持，英国在离开欧盟之前解决好目前在欧盟的费用问题。
88 10 5 2 3 0.661
作为离开欧盟所需承担的“分手费”，英国首相特雷莎·梅9月在意大利佛罗伦萨发表演讲时，为“分手费”出价200亿欧元。
88 11 5 3 3 0.655
欧洲议会议长安东尼奥·塔亚尼本月13日为英国“脱欧”“分手费”开出价码，认为英国至少应当支付600亿欧元，才能满足其对欧盟的财政承诺。
0
1
88 12 6 1 1 0.722
在英国希望早日开启的贸易磋商方面，巴尼耶20日承诺，如果英国能按时解决谈判争议议题、并在2019年3月如期完成“脱欧”进程，欧盟愿与英国达成综合性的自由贸易协定。
1
88 16 8 1 1 0.661
巴尼耶表示，英国采取接近欧盟的经济模式还是逐渐远离欧盟的模式，将直接影响到欧盟各成员国立法者以及欧洲议会的最终决策；如果欧洲议会在2018年秋季否决了达成的协议，那么将给2019年初英国正式退出欧盟带来各种问题。
2
88 18 9 2 3 0.494
如果英国中止人员的自由流动，那么就意味着英国将完全不能享受到欧盟单一市场的各种益处。
88 19 9 3 3 0.606
对于备受关注的金融领域问题，巴尼耶表示，在英国离开欧盟之后，英国银行业将不能够再自动获得在欧盟开展业务的授权。
1
88 20 10 1 1 0.622
在关键问题上，英国政府目前也正在抓紧时间商讨解决方案，将于24日向欧洲理事会主席唐纳德·图斯克提交修改后的“分手费”出价等“脱欧”提议。
2
88 21 11 1 2 0.596
梅在20日会见了各位内阁大臣，商讨有关“分手费”的问题。
88 22 11 2 2 0.654
英国媒体报道称，为“解锁”陷入僵局的“脱欧”谈判，英国政府可能会屈从于一直拒绝让步的欧盟，同意向对方支付约双倍“分手费”，即约400亿欧元。
2
88 23 12 1 2 0.643
英国外交大臣鲍里斯·约翰逊、国际贸易大臣利亚姆·福克斯、环境大臣迈克尔·戈夫和“脱欧”事务大臣戴维·戴维斯等“脱欧”派官员均表示，同意为“分手费”出更高价。
88 24 12 2 2 0.598
作为交换，他们要求欧盟在贸易伙伴协议上取得实质性进展，并允许英国继续参与欧盟的科研教育项目。
2
89 9 5 1 2 0.32
报道称，这两家两机构总部皆位于伦敦旧港区(Docklands)商业区。
89 10 5 2 2 0.664
但按照规则，这些欧盟机构总部不可设立在欧盟之外，必在2019年3月英国脱离欧盟时随之迁离。
1
90 7 3 1 1 0.625
欧盟各成员国20日投票决定，在英国“脱欧”之后，将把目前总部设在伦敦的欧洲药品管理局迁至荷兰阿姆斯特丹。
3
90 8 4 1 4 0.224
欧洲药品管理局是全球最大的药品监管机构之一，雇佣有来自欧洲各地的约900名药学专家、生物学家和医师。
90 9 4 2 4 0.609
在英国决定“脱欧”之后，已有多个欧盟国家递交申请希望欧洲药品管理局迁至本国。
90 10 4 3 4 0.277
在周一的投票中荷兰的阿姆斯特丹胜出，第二名是意大利米兰，第三名为丹麦哥本哈根。
3
91 20 7 1 4 0.578
欧盟当然不会对一个支离破碎的英国政府作出让步。
91 21 7 2 4 0.621
目前，英国和欧盟就在脱欧的分手费问题上僵持不下。
91 22 7 3 4 0.698
欧盟议会议长安东尼奥·塔雅尼（AntonioTajani）在一个德国媒体访问中表示，英国应支付600亿英镑的分手费。
1
91 23 7 4 4 0.402
这比梅在9月的佛罗伦萨会议中提出的200亿英镑分手费多出整整两倍。
2
91 24 8 1 2 0.75
欧盟委员会在英国脱欧问题上的首席交涉官米歇尔·巴尼尔（MichelBarnier）在接受法国《星期日报》的访问时表示，欧盟与英国在12月的脱欧会议存在谈判破裂的忧虑。
91 25 8 2 2 0.675
如果下个月谈判中，英国无法与欧盟达成脱欧后的新协议，英国就必须在世贸组织的框架下与欧盟及其他国家展开贸易了，其主权评级也有可能进一步受挫。
0
3
91 31 11 2 6 0.158
大选过后，保守党不仅失去了十几个议席，反而使工党增加了30多个议席。
91 32 11 3 6 0.606
梅不得不屈辱性地与爱尔兰统一党结成联盟以维持保守党微弱的多数席位。
91 33 11 4 6 0.407
此次选举的失利使民众和议员对梅的决策能力产生了严重质疑。
2
92 2 2 1 2 0.607
据报道，欧盟和成员国的欧洲事务部长将进行表决，决定欧盟药品管理局和欧洲银行管理局将落脚何处。
92 3 2 2 2 0.401
有外交人士称，这两个机构将为新落脚城市带来声望并促进景气，各国政府已在幕后经过一番“热烈商议”，为的就是赢得其他国家的支持。
1
93 1 1 1 1 0.63
新浪美股讯北京时间20日彭博报道，在12月份与欧盟领导人召开关键的会议之前，英国或将优化其准备开出的脱欧账单。
1
93 2 2 1 1 0.617
首相特里莎·梅的内阁成员将在周一的内阁脱欧分委会会议上讨论脱欧事务，或有助于解决谈判中最富争议的问题--钱。
1
93 3 3 1 1 0.643
英国财政大臣菲利普·哈蒙德周日告诉BBC，英国正处在跨出关键步伐、并开始打破僵局的边缘。
2
93 7 5 1 2 0.623
欧盟希望英国支付至少600亿欧元（710亿美元），涵盖预算承诺和未来的财政责任，例如欧盟公务员的养老金。
93 8 5 2 2 0.569
到目前为止，特里莎·梅对2019年3月29日英国正式脱欧之后的欧盟预算做出的承诺只有大约200亿欧元。
2
94 1 1 1 2 0.627
欧盟催促英国在下个月的欧盟峰会之前提交脱欧费用的合理计划。
94 2 1 2 2 0.701
欧盟通知英国首相梅，要完成与欧盟的谈判，英国需要做足功课，在12月的峰会结束前英国要提交具体的脱欧费用计划。
0
2
94 3 2 1 2 0.693
上周，英国首相梅会见了欧盟领导人，试图打破英国脱欧费用需要支付多少钱的僵局，这个问题有可能导致英国与欧盟的脱欧谈判破裂，并且无法在2019年3月前达成新的贸易关系协议。
94 4 2 2 2 0.378
梅暗示或会考虑增加脱欧费用，但似乎还是达不到欧盟所要求的数额。
2
94 5 3 1 2 0.619
英国财政部长哈蒙德坦承12月的谈判将会十分艰难。
94 6 3 2 2 0.527
在被问及没有贸易协议的英国脱欧的前景时，哈蒙德说，他越来越有信心能够达成协议，因为这符合双方的利益。
1
94 12 6 1 1 0.726
尽管欧盟对英国的安排持怀疑态度，但梅和她的首席谈判代表戴维斯（DavidDavis）已经明确表示，他们希望在英国脱欧之前签署完整的英国脱欧后自由贸易协议。
1
95 1 1 1 1 0.677
中新网11月19日电据外媒报道，欧洲理事会主席图斯克日前表示，脱欧谈判若要进入下一阶段，英国必须在12月初针对分手费议题上表态，欧盟才能对过渡时期及未来双方新关系提出方向。
1
95 2 2 1 1 0.711
英国脱欧谈判展开半年以来进展缓慢，图斯克(DonaldTusk)17日与英国首相特蕾莎·梅会面，双方讨论脱欧谈判时程，这次欧盟对英国提出时间表压力。
1
95 4 4 1 1 0.658
据悉，欧盟目前与英国的谈判3大核心议题为分手费、公民权利及爱尔兰边界，其中分手费问题双方差距大，欧盟态度是双方若要在12月的会议前达成“足够的进展”，英国需在未来2周内说明立场，否则就得做出让步。
2
98 7 4 1 4 0.621
英国应于2019年3月29日正式脱欧。
98 8 4 2 4 0.362
该前景造成极大不确定性，众多企业、尤其是金融部门企业，打算把英国的岗位、特别是伦敦的岗位撤出来。
2
99 12 7 1 5 0.617
此次审核脱欧法案，需要把欧盟的所有相关法律转化为英国国内法，实现英国的立法和司法独立。
99 13 7 2 5 0.231
为此各方提出了近500条立法修正意见，议员需要就此逐条审核。
1
100 1 1 1 1 0.672
中新网11月16日电据外媒报道，英国脱欧事务大臣戴维斯表示，预计2018年初可能与欧盟达成脱欧过渡期协议。
1
100 2 2 1 1 0.604
戴维斯说，过渡期将持续2年时间，期间将实行英国与欧盟现有的贸易协议。
1
100 3 3 1 1 0.738
英国首相特蕾莎•梅早前向欧盟和英国商业界承诺，将尽快就过渡期提出具体的建议。
