1 1 1 1 3 0.656
在今日的腾讯游戏嘉年华中，正版PUBG手游正式揭开其面纱。
1 2 1 2 3 0.293
腾讯宣布旗下天美与光子两大工作室群均将承担正版PUBG手游的开发任务，并将与PUBG在未来的合作中重视赛事、内容、硬件三大生态的打造。
1 16 6 3 5 0.669
《绝地求生：刺激战场》与端游采用同一引擎——这意味着，绝地求生端游饱受好评的真实画面，电影CG级的光照品质，即将在正版手游中重现。
1 15 6 2 5 0.372
其中，PUBG公司为光子工作室群的研发提供了全面的技术指导和帮助，提供了包含游戏引擎、制作工具、美术资源、枪械数据等所有的原版内容，确保了《绝地求生：刺激战场》能够最完美还原端游的体验。
1 17 6 4 5 0.25
得益于虚幻4强大的表现力，从刺激战场实录视频中看，火焰的摇晃光影，天气变幻，草木阴影，包括人物角色的建模，精细度、真实度都达成了同类游戏的最高水准。
1 18 6 5 5 0.621
在此之前，虚幻4引擎多用于主机游戏开发，或许《绝地求生：刺激战场》的运用，也为未来的战术竞技手游制定画面准入标准。
1 19 7 1 3 0.642
对于绝地求生老玩家最关心的移动端手感适配，《绝地求生：刺激战场》也揭开了一层面纱。
1 20 7 2 3 0.407
实录视频留给了射击战斗足够多的篇幅，我们可以看到，无论是枪支的还原，或是弹道的设计，拟真成为刺激战场的关键词，枪支有后座力，受击亦有表现，避免了往常FPS手游“飘枪”的矫揉。
1 25 10 1 5 0.67
在此之前，凭借时间窗优势，模仿绝地求生端游的战术竞技手游层出不绝，而因为端游火热却不具备端游体验条件的用户，别无选择，只能走入有抄袭嫌疑的“吃鸡”手游之中。
1 26 10 2 5 0.454
但用户需求没有改变，用户对正版手游的渴求，对更适合手机、更还原端游精髓的战术竞技手游诉求仍在。
1 31 11 2 5 0.646
在端游中，玩家已养成组队开黑的游戏模式。
1 30 11 1 5 0.461
而正版PUBG手游的期待不止于此，正如刺激战场现场公布的那样，腾讯的入局，将为刺激战场在社交化传播上再次加码。
1 32 11 3 5 0.359
2到4人的协作配合，大大增加游戏胜利可能。
1 38 13 1 1 0.663
腾讯近期在“吃鸡”市场的一系列动作，让人有些眼花缭乱。
1 49 18 2 3 0.606
手游出海继承文化自信，游戏IP化卷入非游戏用户，是必须面临的两条道路。
1 48 18 1 3 0.403
当一个游戏希望超脱游戏本身，正如王者荣耀现在正在努力的那样，他需要成为一个文化符号。
1 50 18 3 3 0.491
“大绝地求生”的IP打造，或许会是腾讯在这个品类的最终野望。
2 1 1 1 1 0.671
继昨天腾讯游戏嘉年华上，《绝地求生》正版手游相关信息公布后，腾讯光子工作室群凭借《绝地求生：刺激战场》游戏实录视频，火速上了微博热搜，昨晚更是流传出了马化腾在朋友圈为其点赞的截图。
2 4 4 1 1 0.76
而游戏预约官网上线后，仅24小时预约量便突破300万大关，玩家在表现出对《绝地求生：刺激战场》抱有极大期待的同时，也纷纷对这款正版吃鸡手游能否如期成为吃鸡游戏市场上的头部产品表示肯定。
2 6 6 1 1 0.657
随着吃鸡手游市场的日渐饱和，《绝地求生：刺激战场》在目前已经完美还原端游游戏体验的基础上，如何凭借其他优势在同类产品泛滥的当下杀出重围值得令人关注思考。
3 3 1 3 3 0.61
发布会围绕《绝地求生》的生态打造进行深入介绍，而腾讯光子工作室群和PUBG公司联手打造的绝地求生正版手游《绝地求生：刺激战场》作为压轴大戏最后出场，引发现场惊叹。
3 2 1 2 3 0.25
而最令人瞩目的，当属腾讯与PUBG上午举行的合作发布会。
3 6 2 3 3 0.675
《全民突击》为腾讯游戏首开移动端TPS品类大门，《变形金刚》亦成为2017FPS端游巨作，作为FPS的变种，正版PUBG手游《绝地求生：刺激战场》花落光子工作室群，亦是看重其于射击游戏的深厚积累。
3 5 2 2 3 0.373
而FPS领域，正是光子工作室群的强项。
3 23 8 1 1 0.811
游戏里，广大玩家渴望着登顶吃鸡；游戏外，各大厂商也在盘算如何顺利吃鸡，《绝地求生：刺激战场》的面世，一方面标志着PUBG正版手游正式入局，另一方面也意味着“吃鸡手游”在前期的圈地运动正式告一段落，战术竞技游戏品类在内容端的短兵相接正式拉开序幕。
3 39 12 2 2 0.674
如今全民吃鸡，手游市场更是各大厂家眼中的必争之地，究竟《绝地求生：刺激战场》能在这块肥沃的试验田里结出怎样的果实？等游戏正式问世那天我们终会看到答案。
3 38 12 1 2 0.571
正版PUBG游戏在舆论的注视下几经沉浮，最后终于和腾讯合作落户中国市场。
4 1 1 1 3 0.627
【PConline资讯】《绝地求生》国服终于来了！在腾讯游戏嘉年华上，腾讯终于正式公布了《绝地求生》国服，这对于玩家来说，应该是期待已久的。
4 2 1 2 3 0.546
和国际版本相比，国内的《绝地求生》去掉了“大逃杀”的字样，更加的符合国情。
5 2 2 1 1 0.689
截至今日，腾讯已经公布了《荒岛特训》、《光荣使命》、《绝地求生：全军出击》和《绝地求生：刺激战场》四款“吃鸡”手游，《绝地求生》和《无限法则》两款“吃鸡”端游。
5 5 4 2 2 0.625
黄凌冬表示，对于腾讯旗下的“吃鸡”手游而言，这个阶段最重要的还是强调正宗玩法和高品质游戏体验。
5 4 4 1 2 0.448
目前，各家厂商的手游都还处于起步阶段。
5 7 6 1 1 0.606
面对如此海量的“吃鸡”手游，玩家们拥有更多选择的同时，厂商就需要探索更多高品质的游戏内容和玩家们差异化的需求。
5 19 18 1 2 0.653
据界面之前的报道，“吃鸡”风暴再次点燃了PC游戏的热潮，也将带动中国高性能PC市场的进一步发展。
5 20 18 2 2 0.411
与此同时，由于配置、网络条件均要求较高，《绝地求生》甚至可能重现《魔兽世界》推动网吧升级改造的景象。
6 3 2 2 2 0.777
游戏性能强大，助你轻松“吃鸡”。
6 2 2 1 2 0.238
索泰GTX1070Ti-8GD5TYLOO吃鸡战队联名定制版显卡采用基于16纳米的FinFE工艺GP104核心，拥有2432个流处理器，1607-1683Mhz的核心频率，8+2相供电设计，8+8PIN独立外接电源，显存方面显卡拥有8GD5超大显存容量和256bit的显存位宽。
6 6 5 1 1 0.697
功夫如何光说是没有说服力的，既然是“Tyloo吃鸡战队定制版”显卡，吃鸡当然是必不可少的，接下来我们就测试一下索泰GTX1070Ti-8GD5TYLOO吃鸡战队联名定制版这款显卡在没有超频，仅依靠显卡出厂时性能的情况下在《绝地求生：大逃杀》这款游戏中的表现。
6 11 9 2 2 0.743
接下来我们就测试一下索泰GTX1070Ti-8GD5TYLOO吃鸡战队联名定制版这款显卡在《绝地求生：大逃杀》这款游戏不同场景下的帧数表现，看看它能否驾驭得住！
6 10 9 1 2 0.388
但是本盒子精深深明白，吃鸡这款游戏的帧数相当不稳定，室内掉帧、开车掉帧、舔包掉帧，甚至部分麦田也会掉帧….，不稳定的帧数深深地困扰着玩家，如”帧数地狱”拼图楼不仅搜起来麻烦，帧数下降还特别严重，体验极差。
7 1 1 1 3 0.64
《绝地求生》作为目前最火的第一人称射击类网游，可以说在这一年里赚的是盆满钵满，也让“吃鸡”一词火爆整个游戏圈，成为玩家们平时讨论的焦点。
7 2 1 2 3 0.593
前不久腾讯宣布正式代理《绝地求生》，也让众多的国服玩家兴奋不已，期待值满满。
9 6 3 1 3 0.655
当然，对于“吃鸡”用户来说，AG271QG这一款电竞显示器再合适不过了。
9 7 3 2 3 0.471
这款显示器采用的是一块27英寸、2K的IPS屏幕，远超市面上的同类产品，画质表现上不用担心，能够更多、更清晰的将游戏细节展现出来，“吃鸡”当然更加轻松。
9 9 4 1 2 0.601
对于“吃鸡”用户来讲，一款高端显卡是十分有必要的。
9 10 4 2 2 0.41
对于很多玩家来说，可能1080的价格会让你望而却步，那么一款1070Ti的显卡显然就刚刚合适了，在这里我们推荐iGameGTX1070TiVulcanXTOP这款显卡。
9 12 5 2 2 0.619
这样的显卡搭配上面的显示器，绝对能够为玩家带来无与伦比的“吃鸡”体验。
9 11 5 1 2 0.266
iGameGTX1070TiVulcanXTOP在2K分辨率特效全开下完美运行各类单机大作，即使是4K下也可以足够流畅，同时该卡还具备风扇启停技术技术，在待机等低负载情况下风扇停转，GPU温度超过60℃时风扇才开始旋转，也就是说大部分时间是可以保持显卡风扇停转的，带给玩家极致的静音体验。
9 16 8 1 2 0.66
“吃鸡”游戏是一个炫技的游戏，而好的操作当然离不开高大上的机械键盘和游戏鼠标，在这些外设产品的支持下能够大大提升最后成功“吃鸡”的可能性。
9 17 8 2 2 0.236
雷蛇的黑寡妇蜘蛛幻彩版v2黄轴机械键盘和曼巴眼镜蛇鼠标可以说是高端玩家必备的键鼠套装了。
10 1 1 1 3 0.7
要说目前全球最火爆的游戏，非“吃鸡”莫属了。
10 2 1 2 3 0.571
根据Steam官方统计的数据显示，《绝地求生》全球玩家总数超过2200万，可谓是一款席卷游戏圈的“现象级”的游戏。
11 1 1 1 1 0.634
世界已经挡不住游戏迷们想要“吃鸡”的步伐——最新统计显示，风靡全球的现象级游戏《绝地求生：大逃杀》（以下简称“PUBG”）个人电脑端（PC）的拥有者数量已正式突破2200万。
11 3 2 2 2 0.637
继腾讯独家代理运营PUBG端游国服之后，本周腾讯携手PUBG公司进一步宣布，作为战略合作的重要规划，双方确认将联合出品PUBG正版手游，意味着又一块“屏幕”即将被“吃鸡”游戏占领，新需求正在被激发。
11 2 2 1 2 0.149
开发商为此感到兴奋。
11 4 3 1 1 0.822
“大吉大利，今晚吃鸡”！因为获胜玩家会看到这样一句经典台词，大逃杀生存游戏也因此被称作“吃鸡”游戏。
11 11 6 2 2 0.674
就国内情况而言，腾讯、网易及小米等游戏业巨头都已经推出“吃鸡”游戏，而手机端成为他们切入这一领域的新入口。
11 10 6 1 2 0.332
面对这一“现象级”事件，开发商们也燃起热潮。
11 20 11 1 1 0.641
因为“吃鸡”游戏的火爆，一些次生行业也因此被点燃，其中包括电子竞技、网吧及直播行业热度攀升。
11 26 15 1 2 0.858
“吃鸡”游戏的直播也相当火热。
11 27 15 2 2 0.138
根据直播统计网站Gamoloco的数据，PUBG的频道共有2120个，位列第一。
11 28 16 1 2 0.603
□“大逃杀”类游戏，PUBG国服代理和手游开发：虽然游戏仍处于早期开发和测试服阶段，盈利模式还在探索之中，但游戏制作和发行绝对是产业中最具有想象力的一块蛋糕。
11 29 16 2 2 0.781
腾讯、网易、小米纷纷推出手游版“吃鸡”游戏，最为受益。
11 32 17 3 3 0.685
不过，能负担得起高配电脑的玩家毕竟有限，预计“吃鸡”游戏的持续火热将推动大量玩家走进网吧。
11 31 17 2 3 0.27
为了能更快发现隐藏敌人和判断来袭敌人的位置，一些玩家还需要购买高清晰度的电脑屏幕和更好立体声效果的耳机。
11 33 18 1 1 0.657
□游戏加速器：“吃鸡”游戏对网络延时的高要求让游戏加速器成为必需品，PUBG前期的优化和没有国服的问题有助于培育用户习惯，为游戏加速器提供商带来更多用户。
12 1 1 1 1 0.656
自腾讯顶住相关部门压力迎难而上最终成功“吃鸡”，拿下《绝地求生：大逃杀》的独家代理版权，腾讯这技能让众网友佩服的五体投地，但是今天我们讨论的问题似乎没这么简单。
12 3 3 1 1 0.726
上次腾讯还联手蓝洞将推出正版的“吃鸡”手游，这不腾讯悄然上线一款手游的官网，页面显示“大吉大利，今晚第一”，同时显示“12月1日，正版手游敬请期待”的字样。
12 4 4 1 2 0.634
有意思的是，这个网页源代码还出现了“绝地求生手游，绝地求生天天大吉”信息。
12 5 4 2 2 0.679
结合网址名称pubgm.qq.com来判断，判断是《绝地求生：大逃杀》的正版手游，至于命名很可能会延续腾讯系手游“天天”的传统，或叫《绝地求生：天天大吉》（难道不应该是《绝地求生：天天吃鸡》么？）。
12 7 6 1 2 0.659
工欲善其事必先利其器，面对即将到来的四款“吃鸡”手游，装备肯定不能含糊啦。
12 8 6 2 2 0.539
在游戏PC领域，大家都知道华硕有玩家国度系列电脑以及周边产品，在手机领域，给大家推荐的这款华硕ZenFone4Pro也丝毫不含糊。
13 1 1 1 2 0.613
新浪娱乐讯根据最新公布的消息，一个绝地求生相关的电影竟在刚刚宣布国服代理吃鸡后，于今天上线！而电影名字就叫《游戏世界：绝地求生》。
13 2 1 2 2 0.383
从片方发出的三版倒计时海报来看，该电影很可能是以原游戏为创作蓝本，在片中将真人上演紧张、刺激的生存对决。
13 4 2 2 2 0.623
而中国因为各方面原因，之前并未有该类电影出现，今天《游戏世界：绝地求生》在视频网站的上线，可谓是填补了中国大逃杀类电影的空缺。
13 3 2 1 2 0.494
其实早在2000年起，日本的《大逃杀》作为此类电影的鼻祖就已经诞生，相传网游吃鸡的创作原型也源于该片，近年在好莱坞拍摄的《饥饿游戏》大火之后，将该类型片的受欢迎程度推向顶峰。
13 6 3 2 2 0.62
而《游戏世界：绝地求生》作为第一款以游戏蓝本做改编的网络大电影，很有可能综合目前看到的所有相关网络视频的优质内容、拍摄方式和特技，将一支真正属于玩家以及关注人群的大逃杀类电影呈现在电脑屏幕或是手机上，让观众随时随地都能畅快欣赏“吃鸡”的故事。
13 5 3 1 2 0.453
近期在各视频网站也有不少网友自制模仿绝地求生的视频短片，或以游戏对战细节还原仿真为主、或以游戏中出现的各种爆笑场面为主，视频点击量也是居高不下，深受观众欢迎。
14 1 1 1 2 0.646
【TechWeb报道】12月1日消息，距离腾讯代理国服版《绝地求生》已经有一段时间了，近日不仅宣布了端游吃鸡的消息，手机版吃鸡也在紧锣密鼓的制作之中。
14 2 1 2 2 0.761
就在12月1日腾讯游戏嘉年华开幕式上，腾讯正式发布了手机版吃鸡游戏，命名为《绝地求生》！
14 3 2 1 1 0.676
发布会上腾讯首先宣布了国服版吃鸡手游将正式发布，然后《绝地求生》的LOGO就出现在了大屏幕上，同时正式宣布国服版吃鸡正式命名为《绝地求生》，这也是玩家们一直期待了未作改动的名字，也在此强调了这将是中国唯一一款由PUBG授权的正版《绝地求生》游戏。
14 8 4 1 1 0.768
最后官方宣布今日要发布两款吃鸡游戏，一款就是上述提到的正版《绝地求生》，下一款是《绝地求生：刺激战场》，这款游戏也是腾讯精心打造的吃鸡类手游，现在已经开放了预约，游戏将会比原作玩起来更爽快。
15 2 1 2 3 0.696
小日也听说“吃鸡”国服将由“用氪金创造快乐”的游戏厂商代理。
15 1 1 1 3 0.568
最近同事们都沉迷“大吉大利，晚上吃鸡”。
15 3 1 3 3 0.26
正式版中将加入新的沙漠地图，载具也会与目前的俄罗斯海岛不同。
16 1 1 1 1 0.734
在网络流行语从“猥琐发育，别浪”转至“大吉大利，晚上吃鸡”、百名网友争当“吃鸡大神”之时，屏幕外，游戏厂家的“吃鸡”大战亦如火如荼。
16 4 3 2 2 0.778
再加上此前的手游《CF-荒岛特训》，目前腾讯内部已有四款“吃鸡”手游同时竞争。
16 3 3 1 2 0.41
同日下午，腾讯正式上线首款百人战术竞技手游《光荣使命》，获马化腾在朋友圈进行推荐之余，还邀请了PDD、五五开、若风、Miss等100位主播进行跨平台同步直播，为其宣传造势。
16 5 4 1 1 0.629
短短7天里，继宣布获得游戏《Playerunknown'sBattlegrounds》（即《绝地求生》）在中国的独家代理运营权后，腾讯接连抛出多枚手榴弹，“吃鸡”决心十足。
16 6 5 1 2 0.725
从另一方面看，腾讯紧锣密鼓地布局“吃鸡”矩阵，一定程度上映射出当前“吃鸡”市场竞争渐趋白热化。
16 7 5 2 2 0.593
与最初的小米、英雄互娱、龙渊等一干游戏厂商各自圈地作战相比较，如今“吃鸡”市场快速向头部集中，腾讯的最大对手来自网易。
16 10 8 1 2 0.844
“吃鸡”一说源自玩家赢得最后胜利时屏幕上显示的“大吉大利，晚上吃鸡”，此后，玩家将同类大逃杀性质游戏一概称为“吃鸡游戏”。
16 11 8 2 2 0.516
且随着王思聪、林更新、陈赫等明星玩家的加入，《绝地求生》在游戏直播平台及社交网络上日趋火爆。
16 12 9 1 1 0.827
面对这么一款“引发市场新兴奋点”的现象级游戏，网易率先加入“吃鸡”大军，争抢先机斩获第一波“吃鸡”手游用户。
16 13 10 1 2 0.638
11月3日，网易抢先上架《荒野行动》、《终结者2：审判日》两款“吃鸡”手游，并在紧接着的周末里进行大范围的市场宣传，包括邀请若风、小苍、Miss等热门主播进行游戏直播；招募《荒野行动》手游玩家主播。
16 14 10 2 2 0.712
而后，网易董事局主席丁磊亲自为自家“吃鸡”手游站台，与明星柳岩组队直播“吃鸡”。
16 15 11 1 3 0.778
尽管不曾挑明，早早抢先发布“吃鸡”手游的网易，或已将这场“吃鸡”狂欢看作打破网易游戏目前收入下降颓势、弯道超越腾讯的机会之一。
16 16 11 2 3 0.204
数据显示，网易游戏收入在2017年第一季度突破100亿，第二三季度持续下滑，其中第三个季度降到81.12亿元，降幅14%。
16 33 20 2 2 0.727
这意味着在“吃鸡”端游上，腾讯占据着先发优势。
16 32 20 1 2 0.59
在此期间，腾讯公布了一则被业内人士评价为影响“吃鸡”行业格局的重磅消息：获得《PUBG》国服独家运营权。
16 34 21 1 2 0.678
对此，网易迅速推出《荒野行动》PC版，试图利用腾讯代理与正式上线《绝地求生》端游之间的时间差来迅速取得“吃鸡”PC端市场的先发优势。
16 35 21 2 2 0.549
值得注意的是，在《荒野行动》PC版发布3天后，腾讯便公布自研端游《无限法则》，往“大逃杀”队伍再添一员。
16 36 22 1 1 0.71
网易、腾讯在“吃鸡”新赛道上角力，但事实上，《绝地求生》作为一款PC端游，本身的商业想象空间有限。
16 41 26 1 1 0.65
如此一来，腾讯、网易参与“吃鸡”大战，更是在参与一个必须争夺的未来，这也就不难理解腾讯、网易对与“吃鸡”游戏的重视。
16 44 29 1 1 0.76
10月27日，游戏工委发布《对“大逃杀”类游戏总局业务主管部门的基本态度》一文，明确表达了对“吃鸡”游戏的“不支持”，审批成为“吃鸡”游戏最大一道坎。
16 46 30 2 2 0.622
其中，网易的《荒野行动》从“大逃杀”变成一款开放世界“军事演习”对战游戏，用“淘汰”代替“击杀”。
16 45 30 1 2 0.302
为了获得正式的出版许可，厂商们纷纷调整游戏主题、元素、文案等内容，向主管部门作出相应的表态。
16 49 32 2 2 0.622
腾讯具体如何解决悬在头上的达摩克里斯之剑无从得知，“吃鸡”游戏外挂猖獗、产品同质化严重、游戏操作体验差等问题却接踵而来。
16 48 32 1 2 0.481
据36氪援引某知情人士说法称，《PUBG》游戏已经基本调整完毕，“审核和游戏调整可以并行”，但可能要配合《光荣使命》一起运作。
16 50 33 1 1 0.686
综合上述因素，网易、腾讯的“吃鸡”大战俨然一场持久战。
17 3 2 1 4 0.711
11月27日，腾讯才刚刚宣布将代理《绝地求生》(PUBG，俗称“吃鸡”游戏)的正版手游，并称该游戏将率先登陆中国市场。
17 4 2 2 4 0.384
11月29日，第一财经记者便在腾讯互动娱乐旗下的两个网站上同时发现了这款游戏的概念版，其中一个是域名为pubgm.qq.com的网站，另一个是pg.qq.com的网站。
17 13 5 3 3 0.627
他认为：“从目前两个概念站发布的情况来看，腾讯内部还没有平衡好，两个团队都在争PUBG正版游戏开发团队的称号。”目前腾讯已经上线了一款类似于PUBG的大逃杀游戏《光荣使命》，不过光荣使命也不是腾讯自己开发的，腾讯只是这款游戏的发行商。
17 12 5 2 3 0.585
一位接近腾讯的游戏行业资深人士向第一财经记者透露，腾讯不会针对一款游戏同时上线两个产品。
18 3 3 1 2 0.604
更为重要的是，“吃鸡”游戏销量中的一半都来自中国，足见该游戏类型在中国的火爆程度。
18 4 3 2 2 0.188
此外，平台上同时在线玩家数量达到了294万，远远超过排名第二的Dota2和CS:GO。
18 10 6 1 1 0.71
“吃鸡”不仅仅只是游戏玩家们的终极目标，更成为本土一众游戏公司的野心所在。
18 14 9 1 1 0.682
“吃鸡”热，在极短的时间内开辟了“战术竞技类”游戏的新市场，在更新迭代极快的游戏市场呈现蚕食之势。
18 15 10 1 1 0.646
游戏行业时间争夺战正在上演，很多正在做“吃鸡”类游戏的公司都会加快自己的进度，短时间内市场上将会出现大量的“吃鸡”手游产品，甚至一家公司多款同类产品进行竞争的情况也还会多次出现。
18 16 11 1 1 0.676
在网易、小米等抢先入局后，淡定的腾讯按照次序是最后一家入场的巨头，腾讯的跟进动作着实吸引了业界不少眼球，11月22日腾讯宣布正式代理PUBG端游国服，拼齐了“吃鸡大战”的完整竞争格局。
18 21 14 1 1 0.606
不过相比起过去单纯的游戏品类风向来说，这一次的“吃鸡”风潮似乎早已经渗透到游戏圈外，成为整个互联网行业的一场狂欢。
18 22 15 1 3 0.69
除了小米、网易、腾讯等互联网公司入局战术竞技类游戏外，还有很多娱乐明星的加入，比如陈赫、林更新等明星也开始成为了这款游戏的玩家，同时也为《绝地求生》这款游戏造了不小的声势。
18 23 15 2 3 0.476
甚至王思聪在游戏直播中“喷”林更新也一度成为微博的热门话题。
18 26 16 2 5 0.612
Arma3算是比较早的战术竞技类游戏。
18 25 16 1 5 0.55
事实上这类游戏并不新鲜，游戏里早有Arma3（《武装突袭3》）、H1Z1:KOK等一众作品。
18 27 16 3 5 0.428
随后进入眼球便是H1Z1:KOK，曾经在一段时间里，“红衣军”、“国骂”也让这款游戏也成为公众关注的热点。
18 28 16 4 5 0.633
而《绝地求生》作为后来者，却异军突起，俨然成为战术竞技类游戏最大的赢家。
18 29 16 5 5 0.424
而实际上《绝地求生》正是由H1Z1:KOK、Arma3制作人布兰登·格林与PUBG公司合作开发的。
18 34 17 5 5 0.668
这也是《绝地求生》成为“现象级”游戏的原因。
18 33 17 4 5 0.299
通过把“跳伞”、“孤岛”、“生存”、“击杀”、“竞赛”等元素揉捏到一起，带来一种全新的游戏体验。
18 37 19 1 1 0.602
从腾讯过往历史来看，凭借爆款端游立足，再以高品质手游渗透移动端的做法屡试不爽，如今携PUBG端游入场的腾讯，想要再次复制过去的成功经验，成为战术竞技游戏的领导者。
18 38 20 1 4 0.624
虽然腾讯入局比其他厂商要晚，市场上已经有了很多PUBG类手游产品。
18 39 20 2 4 0.451
但与其他游戏厂商相比，腾讯拥有微信、QQ等社交渠道的网络，这在国内手游领域的分发上占据着巨大的优势。
18 40 20 3 4 0.682
比如腾讯旗下首先上线了战术竞技玩法的《穿越火线：荒岛特训》，在不到3天之内就获得1000万预约，也佐证了腾讯游戏的强大市场号召力。
18 41 20 4 4 0.68
同时作为《绝地求生》游戏的国内运营代理商，腾讯自然而然也拥有正版游戏推广的优势，这对腾讯推广游戏也有着良好品牌效应。
18 44 21 3 3 0.624
而腾讯代理PUBG，有望改善这两方面，给国内游戏玩家更好的游戏体验。
18 43 21 2 3 0.207
这主要体现在两方面，一是服务器延迟，二是外挂。
18 49 25 1 2 0.628
曾出品过《王者荣耀》的腾讯天美工作室群将担任此次《PUBG》正版手游的开发重任，为广大竞技爱好玩家们在移动端完美还原《PUBG》游戏的经典玩法与乐趣。
18 50 25 2 2 0.403
在MOBA、射击、跑酷、赛车等众多细分品类上创造出卓越成绩的腾讯天美工作室群，将在战术竞技品类上为玩家们带来怎样的惊喜？
18 51 26 1 1 0.646
腾讯在《王者荣耀》疯狂增长阶段经历的两方面历练——无论是用户运营上，还是“正能量”引导上的经验，能否复制到“吃鸡”游戏市场？这一问题的回答，将成为“吃鸡”市场竞争的最大变量。
19 1 1 1 3 0.828
随着《绝地求生-大逃杀》（俗称“吃鸡”）游戏的火爆，间接引发了“吃鸡”手游狂潮，甚至推动了这类型手游的崛起。
19 2 1 2 3 0.705
而近日腾讯也拿下“吃鸡”国内独家代理权，国内玩家们更是狂欢不已。
19 3 1 3 3 0.614
面对突然爆发的“吃鸡”热潮，昔日手游霸主《王者荣耀》危机逐渐凸显。
20 13 11 1 1 0.609
这个昵称为“绝地求生狗哥”的用户，公然在官微评论区宣传起了自己的外挂。
21 1 1 1 1 0.776
随着《绝地求生》的爆火，腾讯入局丝毫不会意外，但除了代理《绝地求生》国服外，还一口气推出四款“吃鸡”手游，这阵势着实让人意外。
21 2 2 1 2 0.615
截止目前，《CF》手游大逃杀模式、《光荣使命》、《绝地求生》官方手游（天美工作室）这三款手游已经确定。
21 3 2 2 2 0.563
其中《CF》手游大逃杀模式已经上线，《光荣使命》本来今天不限号公测但宣布延迟，而《绝地求生》官方手游（天美工作室）则于12月1日正式发布。
21 5 4 1 1 0.641
四款手游同时竞争，这也能看出腾讯拿下“吃鸡”的决心，至于是否会有内耗，这点企鹅帝国却是不怎么care的。
22 4 3 1 2 0.655
值得一提的是，网页源代码还出现了“绝地求生手游，绝地求生天天大吉”等关键字信息。
22 5 3 2 2 0.644
结合网址名称pubgm.qq.com来判断，这应该就是《绝地求生》的正版手游了，很可能会延续腾讯系手游“天天”系列的命名方式，取名《绝地求生：天天大吉》。
23 1 1 1 1 0.692
【TechWeb报道】11月28日消息，上周腾讯终于如愿拿到了《绝地求生》国服的代理权，从此国服吃鸡已经不再是玩家的奢望，不过在腾讯也公布了国服版《绝地求生》将会进行内容上的修改，让这款游戏可以符合社会主义核心价值观，所以玩家并不能马上玩到这款游戏的国服。
23 4 4 1 3 0.643
国服版《绝地求生》不锁区，之前在Steam上注册的用户仍然可以继续玩，并不影响游戏内容，不过在国服《绝地求生》上线后，腾讯将会严打外挂，并对游戏采取封号机制。
23 5 4 2 3 0.355
希望腾讯打击外怪的态度可以坚决，不然可真是让玩家们空欢喜一场。
24 1 1 1 1 0.746
【TechWeb报道】11月28日消息，腾讯近期是中了“吃鸡”的毒，最近刚刚拿下《绝地求生》的独家代理，紧接着就一同合作推出了手机版的《PUBG》吃鸡游戏，而且还将在未来相继推出《光荣使命》和《无限法则》两款同类型游戏，玩家们都开始担心腾讯会“吃鸡”中毒。
24 3 2 2 2 0.686
这不免让人联想到吃鸡的游戏模式，根据腾讯近期的动作来看，这个新模式极有可能就是大家推测的吃鸡模式。
24 2 2 1 2 0.362
而近日又有媒体曝光，《王者荣耀》要开始设计一个全新的模式，这个模式中没有传统的水晶，而玩家获胜的方式就是通过互相对抗赢得胜利。
24 6 4 2 2 0.653
在MOBA游戏中加入吃鸡元素腾讯也是开了个头，不知道未来的《英雄联盟》甚至其他类型的游戏会不会也引入吃鸡元素呢？不过经过了这一段时间被吃鸡“狂轰滥炸”后有点疲劳了，这个热潮什么时候是个头呢？（潘达）
24 5 4 1 2 0.385
混战模式目前没有具体的说明出现，会不会加入单独的天梯系统也不得而知，感觉这个模式和现有的大乱斗模式一样都是偏娱乐向的游戏模式，玩家们在其中也是放松娱乐一下。
26 3 2 1 2 0.636
在达成战略合作后，腾讯加快了“吃鸡”类游戏的全面布局。
26 4 2 2 2 0.656
在11月27日，腾讯宣布将与蓝洞公司推出《绝地求生》正版手游，把原版PC游戏中的经典玩法与元素在手机端进行完美还原。
26 6 3 2 2 0.733
再加上之前的《穿越火线：荒岛特训模式》，以及本月29日正式上线的光荣使命游戏，腾讯的“吃鸡”游戏矩阵已经形成包围之势。
26 5 3 1 2 0.587
短短一周时间内，腾讯已经密集发布《绝地求生》端游和手游、《无限法则》。
26 10 6 1 1 0.604
但《绝地求生》入华并不意味着国内的“吃鸡”战场已经结束，在这之前网易的《荒野行动》《审判者》以及小米互娱的《小米枪战》都已经抢先发布手游版，并取得了不俗的成绩，网易甚至在腾讯联手PUBG公司后随即宣布上线《荒野行动》的端游版。
26 35 17 1 2 0.621
此外，《绝地求生》本身就是一款由直播带热的游戏，腾讯能够为其进行直播乃至电竞比赛等一系列运营。
26 36 17 2 2 0.353
在国外，Gamoloco的数据显示，今年8月《绝地求生》在Twitch上的观看总时长达到7373万小时，将此前已连续称霸34个月的《英雄联盟》挤下神坛，成为当月Twitch上观看时长最高的游戏。
26 40 20 1 2 0.602
由于《绝地求生》是一款端游，而且对电脑的性能要求较高，这导致大量的游戏玩家只能到网吧才能玩上。
26 41 20 2 2 0.56
于是网易等国内厂商都瞄准了这一机遇，各自推出了类似《绝地求生》的手游版，其中网易的《荒野行动》和小米的《小米枪战》都取得不错成绩，特别是《荒野行动》上线后便将腾讯今年的大热作品《王者荣耀》挤下神坛，登上苹果APPstore的首名，这一表现直接助推网易的股价创下近年新高。
26 42 21 1 3 0.608
然而繁荣之下绝非没有隐忧，原因在于网易和小米等厂商推出的“吃鸡”游戏并没有得到蓝洞的授权。
26 43 21 2 3 0.616
此前蓝洞已经明确表示，在中国手游市场上发现了20多款盗版《绝地求生》的手游产品，这些手游产品不仅在人物美术、UI等方面均仿造《绝地求生》的素材设计，在游戏的宣传标语和名称上都与《绝地求生》高度相似。
26 44 21 3 3 0.198
蓝洞官方称，正在收集证据，准备通过相关律师事务所，对涉嫌侵害《绝地求生》知识产权的行为采用法律手段。
28 3 2 1 1 0.603
腾讯在公告中提到，推出《PUBG》正版手游是这次占率合作的重要规划之一，也是持续推动战术竞技品类游戏的必要结果，而玩家无需担心在端游中优秀的游戏元素在手游中无法体现，《PUBG》手游将会继承端游的经典玩法，同时为了提升玩家的游戏体验，官方还提升了射击手感以及社交、赛事等元素，对移动端进行高度优化。
28 6 4 1 2 0.653
《PUBG》目前全球仍保持极高的热度，网易公司更是凭借相同类型的手游《荒野行动》大杀四方，而一旦腾讯推出了《PUBG》正版手游，不知道玩家会不会转投腾讯门下。
28 7 4 2 2 -0.121
（潘达）
29 2 2 1 1 0.697
这也是一周之内，算上上线的《荒岛特训》、爆出消息的无限法则，腾讯接连发布的第三款“吃鸡”类游戏。
30 2 2 1 1 0.615
既然吃不住鸡，小编就开始研究起来了游戏中的汽车，不得不说这款游戏做得还是很逼真的，很多车型都符合那个年代的特征，今天小编带你来认识下《绝地求生—大逃杀》中的车型。
31 2 2 1 1 0.772
近日由于国内吃鸡类手游的井喷式出现，终于引起了《绝地求生》制作公司蓝洞的不满，在游戏商店中竟然存在数十款类似吃鸡的手机游戏，这些游戏全部都对《绝地求生》进行了玩法上的抄袭，有些甚至连游戏内的道具都不放过统统“拿”了过来。
32 3 2 2 2 0.632
就像AK47之于CS，毛瑟步枪Kar98k这次成了“吃鸡”游戏的标志符号。
32 2 2 1 2 0.591
《绝地求生：大逃杀》中出现的枪支数量众多，但玩多了总有那么一支代表性更强的枪。
32 24 14 1 1 0.657
这把名枪在游戏中露脸的机会当然不只《绝地求生》。
33 9 5 1 1 0.608
他们参与的是一款名为《绝地求生》的网络游戏，100位即时匹配的玩家集体空降到一个岛上，展开你死我活的生存竞赛，最后1个存活的人赢得“大吉大利，晚上吃鸡！”（WINNERWINNER，CHICKENDINNER！），宣布胜利。
33 53 29 3 3 0.605
他也在各个游戏论坛、部落留言打广告，“稳定吃鸡，枪枪爆头，各路神仙辅助全部到位”，附上一串QQ号。
33 52 29 2 3 0.322
他没有精力管理自己的QQ群，就潜伏在几个大代理的顾客QQ群中，私聊推销外挂。
35 3 2 1 1 0.655
如今最火爆的游戏当属《绝地求生》了，在各个电竞俱乐部组织自己的“吃鸡”战队时，周董旗下的旗下的“JTeam”战地正式宣布组建《绝地求生》分部，壮大自己的电竞队伍。
36 1 1 1 1 0.75
【PConline资讯】腾讯已经宣布将会代理国服版的《绝地求生：大逃杀》，现在网易“吃鸡”也登陆PC平台，要和腾讯代理的正牌“吃鸡”正面竞争了！网易游戏官方刚刚宣布，《荒野行动》PC版已经上线，登录官网即可下载。
36 3 3 1 1 0.674
据悉，《荒野行动》PC版客户端还需要玩家先打开手机版《荒野行动》客户端扫描二维码或网易手游管家扫码才能登陆游戏。
40 1 1 1 2 0.624
没错，这就是时下最火爆的一款大逃杀类型的游戏《绝地求生》，每一局游戏将有最多100名玩家参与，他们将被投放在绝地岛上，在游戏的开始时所有人都一无所有。
40 2 1 2 2 0.269
玩家需要在岛上收集各种资源，在不断缩小的安全区域内对抗其他玩家，让自己生存到最后。
40 4 3 1 2 0.606
虽然大部分人把这款游戏当作射击游戏来玩，而技师更多时候喜欢把它当成一款会要命的赛车游戏。
40 5 3 2 2 0.289
没错，就是要人命！虽然游戏中出现的车型不多，但是他们的操作要求还是挺高的，我相信每一个开过车的朋友总有不小心翻车到直接GAMEOVER的时候。
41 1 1 1 2 0.622
随着《绝地求生》的热度不断上升，大逃杀类型的游戏成了近期的一个热点。
41 2 1 2 2 0.788
小米、网易等大厂先后内测或公测了数款大逃杀手游，腾讯也在近日宣布代理《绝地求生》国服，整个游戏市场都呈现出“吃鸡”的热潮。
41 28 17 1 2 0.686
目前Twitch上排名前5的游戏经常会出现《绝地求生》和《堡垒之夜》这两款大逃杀游戏。
41 29 17 2 2 0.42
前者的游戏内容注重写实，后者则偏向Q版，但是加入了建造的设定，玩法更加多变。
41 30 18 1 1 0.634
《绝地求生》已经确定被腾讯代理，也将会成为可以在国内直连摆脱高延迟的大逃杀游戏，不过这并不意味着《绝地求生》一定能够成功，《堡垒之夜》的快速兴起就可以看出大逃杀还有更多的潜力。
41 31 19 1 2 0.643
在代理《绝地求生》的同时，腾讯还在最近公布了自家的大逃杀游戏——《Europa》。
41 32 19 2 2 0.392
这款游戏优势在于它的运行配置，其IntelcoreI54核、4GBRAM、nvidiaGTS450对于目前很多机型都能运行。
42 2 2 1 2 0.614
在早些时候，广电总局曾经下令，禁止吃《绝地求生》类游戏(包含手游)的代理、研发及推广，就连国内的几大直播平台都将《绝地求生》的推广从主页撤下。
42 3 2 2 2 0.135
理由是：存在大量血腥、暴力内容，严重偏离我国社会主义核心价值观和道德规范，不利于青少年消费者的身心健康。
42 4 3 1 5 0.719
不过这次国内的各大游戏厂商反常的不顾警告，继续推出了自己公司的“吃鸡”类手游。
42 5 3 2 5 0.593
其中不乏小米、网易等大牌公司，而腾讯在这段时间内，也是公布了两款自己代理的吃鸡类手游——《光荣使命》和《穿越火线手游新内容：荒岛特训》。
42 6 3 3 5 0.704
大多数玩家仅仅以为腾讯在《绝地求生》游戏上的行动仅仅只停留在手游上。
42 7 3 4 5 0.215
而腾讯在官宣中也表示，公司将与PUBG公司遵循主管部门的相关指导意见，对游戏中不符合相关规定的内容进行调整，并进一步突出游戏的团队协作和公平竞技属性，确保符合社会主义核心价值观，符合中华民族的传统文化习惯与道德规范。
43 1 1 1 4 0.694
《绝地求生大逃杀》，不用过多介绍，目前最火的PC游戏。
43 2 1 2 4 0.417
每局100人空投到绝地岛上，玩家赤手空拳地降落在岛屿的各个角落，利用岛上多样的武器与道具互相搏击和逃跑，最终只留一人可以吃鸡。
43 3 1 3 4 0.828
吃鸡游戏的大火，吸引很多对射击类游戏不感兴趣的人，投身吃鸡行列。
43 4 1 4 4 0.196
但是，新手上路，容易翻车。
43 7 3 1 3 0.649
说起吃鸡的游戏装备，CPU、显卡性能自然不用多说，保证游戏流畅运行的基础；大容量内存，高速读写SSD也是吃鸡关键硬件。
43 8 3 2 3 0.24
但是很多新手容易忽略一项装备的重要性，那就是显示器。
43 9 3 3 3 0.701
吃鸡专用的电竞显示器，在吃鸡过程中往往起到事半功倍的效果，就拿HKCGF40吃鸡专用显示器跟大家说说显示器的重要程度。
43 10 4 1 2 0.659
首先，《绝地求生：大逃杀》作为一款生存类的射击游戏，不是比拼谁杀人最多。
43 11 4 2 2 0.479
因此，猥琐生存的人也是可以“吃鸡”的，而且经常0杀的人轻松拿到前十，说白了玩这个游戏就是要学会生存，即使你不擅长射击也没关系，新手一定要以猥琐发育为主。
44 1 1 1 1 0.638
从正式发售至今，《绝地求生：大逃杀》在国区Steam游戏销量榜以及最高在线人数榜上已经持续霸榜了数十周，这在Steam平台上线以来可以说是前无古人，后很难有来者的表现，可见这款被大家俗称为“吃鸡”的游戏到底有多受欢迎。
46 1 1 1 3 0.733
【PConline杂谈】说起今年最火的游戏，俗称“吃鸡”的《绝地求生：大逃杀》绝对可以获得提名。
46 2 1 2 3 0.444
但这款游戏一直没有在国内运营，大家玩的一般是亚服或者东南亚服，网络表现并不理想。
46 3 1 3 3 0.701
“吃鸡”国服何时来？现在还真的来了！近日，腾讯正式获得了《绝地求生：大逃杀》的国服代理权，这意味着“吃鸡”国服八字已经有了一撇，正式上线指日可待。
46 7 2 4 4 0.622
但这些都不重要，腾讯代理“吃鸡”已经成为了既定事实，玩家更关心都是，腾讯代理《绝地求生》后，这游戏到底会发生什么变化？腾讯代理“吃鸡”到底是福是祸？我们这就来谈谈吧。
46 6 2 3 4 0.421
另外，蓝洞的CEO在接受采访时，也有透露过腾讯将会代理“吃鸡”。
46 16 5 1 2 0.603
而腾讯一旦开始运营“吃鸡”国服，这问题无疑会得到大大改善。
46 17 5 2 2 0.476
尽管腾讯旗下的游戏有很多喷点，但网络质量的口碑却是相对较好的——《王者荣耀》之所以能够战胜一票国外大厂的MOBA手游，靠的就是网络质量。
46 37 12 1 5 0.658
其次，腾讯代理“吃鸡”国服，很有可能会导致全球版和中国玩家从此绝缘。
46 38 12 2 5 0.573
按照以往的情况，当腾讯代理的《绝地求生》国服上线后，Steam会从国区下架《绝地求生》，而Steam版《绝地求生》也有可能对国内IP锁区（IP锁区只是有可能，不一定会发生）。
46 41 12 5 5 0.703
如果腾讯对“吃鸡”进行了魔改，收费项目琳琅满目，国内玩家也不会有Steam版“吃鸡”这另一个选项，腾讯想喂你吃什么，你就得吃什么。
46 40 12 4 5 0.512
腾讯代理国服“吃鸡”，固然可以提供更好的网络服务，但国内玩家基本就不能和国外友人联机游玩了，只能各玩各的。
46 42 13 1 4 0.628
再者，“吃鸡”国服的出现，必然会对一些游戏设定有所更改。
46 43 13 2 4 0.136
这和腾讯无关，主要是受主管部门方面的影响。
46 53 16 3 3 0.674
国服“吃鸡”还会有现在版本的魅力吗？让我们静待腾讯代理的《绝地求生》上线吧。
46 52 16 2 3 0.539
但是，腾讯到底会如何运营这款游戏，这款游戏会因法规压力作出多少变更，都是很多玩家所担心的问题。
47 1 1 1 1 0.83
最近一段时间“吃鸡”游戏可以说是火爆全国，不论是《绝地求生》还是手机上各大国内游戏厂的“大逃杀”游戏，都吸引了很多游戏玩家。
49 4 2 3 4 0.601
除了游戏类型目前大火，游戏本身的质量也属上乘，玩家对这个诚意之作纷纷买账。
49 3 2 2 4 0.338
多国的软件商店中都能在榜首位置看到《荒野行动》的身影。
49 5 2 4 4 0.554
于是在手机上大获成功后，网易选择将这款游戏搬到PC上，希望在PC和手机上的双重发力，承包国服各个平台的吃鸡。
49 8 4 1 2 0.733
今天网易的《荒野行动》就将正式登陆PC端了，被外挂、网络折磨够了的玩家不妨去体验下国服吃鸡，腾讯代理的《绝地求生》还没有上线日期，网易这波闪电战打得相当漂亮，相信有着手机版的高人气，这款游戏的PC版也值得期待。
49 9 4 2 2 -0.121
（潘达）
50 8 3 2 3 0.698
“朋友圈被腾讯代理吃鸡刷屏了，大家欢呼雀跃。”云猫电竞陈朝晔说道。
50 7 3 1 3 0.56
“听到腾讯代理了吃鸡，不管怎么样，还是很期待的！”玩家秋菱告诉猎云网。
50 9 3 3 3 0.61
作为资深玩家的汉东满脸期待的说：“腾讯代理《绝地求生》可能是《绝地求生》继续发展的一个契机。中国市场的用户量将得到进一步开发，加之腾讯帝国的雄厚实力，游戏优化也将进一步提高，增加玩家的游戏体验。腾讯会给这个游戏带来新的生命力。”
50 12 5 1 4 0.644
《绝地求生》无疑是今年最火爆的游戏。
50 13 5 2 4 0.378
到目前为止，《绝地求生》在Steam平台的销量已经即将突破2200万份，其中，十月份的销量超过了500万份，玩家已经超过1600万。
50 16 6 1 2 0.656
前不久，游戏工委点名批评《绝地求生》，并对大逃杀这类“鼓励杀戮、尤其单纯以杀死其他游戏玩家扮演的角色为手段实现最终目的的游戏，总局明显持否定态度，这也使得吃鸡热度有所下降。
50 17 6 2 2 0.714
各大厂商目光转向手游端，网易、小米纷纷入局手游市场，腾讯在没有拿到《绝地求生》代理时，也后知后觉上线手游版吃鸡《光荣使命》。
50 21 8 3 5 0.685
《绝地求生》是一款大逃杀类的游戏，腾讯代理国服之后应该不会在游戏基本模式上进行改变，可能会移除游戏内的暴力内容。
50 20 8 2 5 0.414
秋菱表示，腾讯只要不乱改游戏内容，她还会是一个忠实的吃鸡者。
50 22 8 4 5 0.443
在代理之前，《绝地求生》中文版的血经过和谐为绿色。
50 31 11 1 2 0.698
腾讯代理《绝地求生》之后，整个吃鸡产业链的也会随之变化。
50 32 11 2 2 0.017
腾讯官方也宣布将和PUBG公司一起与各直播平台、媒体、上网服务场所等行业各界合作伙伴打造公平、健康、可持续的生态体系。
50 33 12 1 2 0.657
《英雄联盟》的成功为吃鸡这条赛道的玩家提供了信心。
50 34 12 2 2 0.398
从代理国服开始，腾讯先后通过股权购买拿下了拳头公司，从上游游戏开发商到下游陪玩等服务，形成了一套比较成熟的体系。
50 41 14 1 3 0.654
“腾讯代理国服之后，这款游戏将会迎来第二春，而我们也要迅速着手准备《绝地求生》游戏的教育内容。”从事电竞教育的创业者黄晓天说道。
50 42 14 2 3 0.591
电竞教育的内容始终是跟着游戏走，会随着MOBA类游戏、FPS类游戏市场反应来更新迭代教育内容。
50 44 15 1 5 0.604
玩家想要“吃鸡”，不仅要花98元在Steam上购买，还要购买游戏加速器。
50 45 15 2 5 0.499
游戏要在Steam平台上玩，延迟比较高，所以游戏加速器是标配，现在玩家用的最多的加速器是网易UU加速器，它的价格是每月30元。
50 49 16 1 3 0.656
云猫电竞创始人陈朝晔表示，腾讯代理吃鸡之后挽救了整个网吧行业。
50 50 16 2 3 0.503
现象级产品热度将会持续，端游又能重振信心，而且吃鸡对电脑硬件要求较高，显卡最低GTX750ti、内存达到16G才能流畅玩。
50 52 17 1 1 0.615
下游的陪玩服务也将因腾讯代理吃鸡变得火热，暴鸡电竞是一家专门做吃鸡陪玩的公司，负责人告诉猎云网：“吃鸡比MOBA更需要陪玩，对我们来说，是一件好事。”
51 6 3 2 3 0.705
而反观网易、金山等游戏公司知道自身条件无法满足PUBG公司，于是就剑走偏锋的开发起了手机版的吃鸡游戏，并顺利打破手游被腾讯“屠榜”的局面，《王者荣耀》也失去了冠军宝座。
51 5 3 1 3 0.43
与《绝地求生》的谈判似乎进行的并不顺利，曾经网络传言腾讯已经可以顺利收购这个游戏公司，但似乎遇到了难以解决的困难，谈判迟迟没有结果，直到22日才谈下《绝地求生》的独家代理权。
51 7 3 3 3 0.4
这可能也是腾讯决定与PUBG达成协议的重要因素，在《英雄联盟》、《王者荣耀》人气渐淡，《穿越火线》又被《CS：GO》等逐步赶超的时候，无论做出多大的让步，也急需把《绝地求生》拿下。
51 10 5 1 2 0.616
《绝地求生》对腾讯的意义绝不仅仅是一款游戏那么简单，这种游戏类型在腾讯的旗下还没有出现，而由于版权的原因，国内并没有能与之相提并论的网游出现，腾讯则可以通过《绝地求生》的加入再次扩张游戏版图。
51 11 5 2 2 0.487
拿下代理权也让腾讯与蓝洞公司产生了联系，由于《绝地求生》在全球的火热，蓝洞公司有了资本进行新游戏的开发，这也让腾讯相较其他公司更有希望代理蓝洞公司的其他优秀作品。
51 16 7 2 2 0.704
《荒野求生》、《终结者2：审判日》、《小米枪战》等吃鸡手游在国内外霸占下载榜前几位的时候腾讯的《光荣使命》仍然还在“限号”测试，游戏素质也于这些优秀作品有一定差距，而以吃鸡游戏为主的手游电竞比赛已经开始筹备了，腾讯在这点上已经完败于对手。
51 15 7 1 2 0.562
在取得《绝地求生》代理权之前，腾讯在电竞方面的表现也渐渐呈现出了下滑的趋势，虽然表面上仍有多项顶级竞技游戏在手，但作为电竞中的新贵——吃鸡类型游戏却被其他厂商完全压制。
51 18 9 1 1 0.633
《王者荣耀》作为一款手游已经足够成功了，举办了多项赛事后关注度仍然没有达到理想的高度，而玩家们也开始对其他的游戏产生了兴趣，尤其是吃鸡手游的问世，让很多没有玩过《绝地求生》的玩家转投新“阵营”，游戏玩家的人数也出现了下滑。
51 21 12 1 2 0.646
不仅局限于《绝地求生》这款游戏，腾讯的目的很可能是通过这款游戏而展开一系列同类型游戏的发展计划，在LOL刚刚加入腾讯阵营时，公司不仅仅让《英雄联盟》吸收了众多玩家，也打开了MOBA游戏的大门，为日后推出《王者荣耀》起到了至关重要的作用，同时开启了主机与手机的电竞模式。
51 22 12 2 2 0.719
《绝地求生》的加入很可能会影响到正在测试中的腾讯吃鸡手游《光荣使命》，学习了最纯正的吃鸡元素后也有了追赶《荒野行动》等一众吃鸡手游的底气与希望。
51 26 15 2 3 0.666
而腾讯游戏给玩家们留下最深印象可能就是充值了，随便玩个游戏不充钱就玩不痛快，有的游戏中免费玩家只能被那些人民币玩家当做游戏的一部分一样戏耍，因此《绝地求生》由腾讯代理让不喜欢内购的玩家颇为担心。
51 25 15 1 3 0.357
之前腾讯代理的《地下城与勇士》就曾因为服务器质量太差而被戏称为“掉线城与虚弱勇士”，成为了当时DNF的一个经典槽点；代理《英雄联盟》后又在国服提升皮肤、英雄等价格导致玩家需要花费更多的钱去购买那些皮肤。
51 27 15 3 3 0.497
玩家们不仅仅在网上吐槽，甚至开始在Steam平台上无组织的对《绝地求生》打出一星评价，并在评论区中列举了腾讯代理后的多种“恶行”。
51 31 17 2 3 0.626
而目前吃鸡本土化仍旧面临着诸多问题，游戏的整改不能不做，玩家不买账的苦又有谁人可以倾诉；吃鸡的收费问题不能不想，但一个买断制游戏加入内购玩家的接受度又是个问题。
51 30 17 1 3 0.323
就像开篇所提到的，《绝地求生》是目前腾讯所急需的，而玩家们也希望有一个国内大厂解决他们的吃鸡问题，然而这个看似圆满的解决方案背后却有着种种难题，玩家的需求还是公司的盈利是一个天平，只有找到合适的支点才能够平衡两者，丢弃用户和错失利润都将让这次代理成为一个失败的运作。
51 32 17 3 3 0.586
腾讯的经验能否助其通过这个难关，又能否在“多方围攻”的被动局面绝地求生，国服吃鸡这块硬骨头究竟怎么啃，只能靠时间给出答案。
52 38 31 1 2 0.671
这个声明出来之后，我们有趣的发现国内的手游吃鸡市场多了一批的“军训”手游。
52 39 31 2 2 0.393
也足以可见中国游戏市场的态度，这个态度对于蓝洞而言自然是不寒而栗。
52 61 49 2 2 0.645
11月份开始，我们发现市场上吃鸡类手游已经到了泛滥的地步，小米、网易、英雄互娱以及腾讯自己都在扎堆这个品类，其中网易、腾讯甚至各推出了两款产品进入市场进行搏杀。
52 60 49 1 2 -0.027
其三，在于挟天子以令诸侯。
52 72 59 1 1 0.79
拿下《绝地求生》，不意味着吃鸡大战结束了，但意味着腾讯已经“吃鸡”。
53 2 2 1 2 0.738
腾讯今日的好消息是公布获得“吃鸡”游戏《绝地求生》中国的独家代理运营权。
53 3 2 2 2 0.588
《绝地求生》是一款大逃杀类型的游戏，每一局游戏将有最多100名玩家参与，游戏的开始时所有玩家角色都一无所有，需要在岛上收集各种资源，并在不断缩少的安全区域内对抗其他玩家，让自己生存到最后。
53 4 3 1 2 0.774
由于获得第1名的玩家将会看到“WinnerWinnerChickenDinner”的字样，故《绝地求生》又被称作“吃鸡”游戏。
53 5 3 2 2 0.367
自今年3月上线以来，《绝地求生》全球累计销量已经超2000万份。
53 6 4 1 1 0.63
至于腾讯推出的《绝地求生》手机版游戏《光荣使命》昨日已上线，全平台累计预约玩家高达逾3000万人，市场期望新手游可望继《王者荣耀》后，再度风靡内地市场，成为腾讯另一只“金蛋”。
54 5 2 3 3 0.61
同时也很有可能迎来“免费吃鸡”的时代。
54 4 2 2 3 0.254
这就意味着以前的渣服务器再也不见，彻底告别“首付98，月供30”的窘态。
54 10 5 1 3 0.84
在“吃鸡”大火特火之后，手机游戏厂商也不甘示弱，纷纷推出了旗下的“吃鸡”类手游。
54 11 5 2 3 0.539
其中比较出名的是网易的《荒野行动》还有腾讯的《荒岛特训》。
54 13 6 1 3 0.695
一方面“吃鸡手游”不像“农药”那么随意。
54 14 6 2 3 0.18
需要有至少中端处理器高通骁龙660以上，还需要全面屏的加持。
55 3 1 3 3 0.643
预计不久这款吃鸡游戏就将上线WeGame。
55 2 1 2 3 0.235
腾讯一方表示，已于PUBG公司达成战略合作，已经获得了中国的独家代理权。
55 11 7 1 2 0.621
作为同类型的游戏，荒野行动手游在受到警告之后，就将游戏模式改为“演习”。
55 12 7 2 2 0.295
不知道腾讯的调整方向是否会向荒野行动一样。
55 14 9 1 3 0.695
众所周知的是，目前吃鸡游戏内外挂横飞，严重影响了游戏的平衡性，以及玩家的体验。
55 15 9 2 3 0.397
如果外挂处理不当，可想而知的是游戏也会走向末路。
56 2 2 1 1 0.616
资料显示，《PUBG》于2017年3月正式上线，中文名称为《绝地求生：大逃杀》，俗称“吃鸡”，是Bluehole与《H1Z1》、《武装突袭3》“大逃杀”模式制作人Playerunknown联合开发的第一人称射击游戏，采用虚幻4引擎制作。
56 4 4 1 1 0.717
“吃鸡”当属目前国内最火的游戏之一，“吃鸡”一词并不是普通意义上的吃鸡而是出自游戏中的一句台词，因为当玩家击杀其他玩家获得第一的时候就会出现“大吉大利，晚上吃鸡”的标语。
57 5 4 1 3 0.745
由韩国游戏厂商Bluehole研发的PC游戏《绝地求生：大逃杀》（俗称“吃鸡”游戏）自今年3月份在Steam平台上线以来在全球范围内获得了巨大的反响，热度迅速上升。
57 6 4 2 3 0.546
根据Steam数据，在Steam平台上前十游戏市场中，《绝地求生》迅速占据第一。
58 2 2 1 2 0.789
《PUBG》实际上就是目前正风靡中国游戏市场的“吃鸡”游戏《绝地求生》。
58 3 2 2 2 0.398
自2017年3月正式上线以来，《PUBG》全球累计销量已经超2000万份，并打破多项吉尼斯世界记录，同时囊获2017年英国金摇杆奖的最佳多人游戏与最佳PC游戏等一系列国际大奖。
58 4 3 1 4 0.747
这样一来，腾讯已经在PC端和移动端纷纷开启了“吃鸡”节奏。
58 5 3 2 4 0.659
11月21日，腾讯自研的“吃鸡”手游《光荣使命：使命行动》也正式开启公测。
58 6 3 3 4 0.297
自11月8日腾讯开放该游戏的内侧预约后，已有超过3000万人提交了申请。
62 4 2 1 1 0.733
消息面上，腾讯“吃鸡”手游《光荣使命》今日公测。
62 5 3 1 1 0.718
先来讲解一下什么是“吃鸡”游戏。
62 6 4 1 2 0.853
说到“吃鸡”不得不提到韩国Bluehole（蓝洞）公司开发的《绝地求生：大逃杀》，是一种PC端的第一人称射击游戏，在全球游戏发行平台Steam上线后，吸引了大量中国游戏玩家，由于获胜时，会有一句“大吉大利，今晚吃鸡！”的祝贺语，因此《绝地求生》也被称为“吃鸡游戏”。
62 7 4 2 2 0.811
此后这一类的大逃杀性质的游戏都被称作“吃鸡游戏”。
62 8 5 1 2 0.605
这个游戏的火爆程度不亚于此前的现象级手游《王者荣耀》。
62 9 5 2 2 0.714
目前这把火一路烧到了手游市场，越来越多的国内游戏公司加入“吃鸡”大军，其中不乏A股上市公司，以及腾讯网易这样的巨无霸。
62 15 10 1 2 0.684
在PC吃鸡火爆的背后，还有一个更加火爆的手游市场。
62 16 10 2 2 0.745
《绝地求生》全球走红之后，国产游戏厂商迅速跟上，目前最为热门的四大国产“吃鸡手游”。
62 17 11 1 1 0.621
来看下图，左中右分别是国内，日本，加拿大AppleStore的免费游戏排行榜，能看出国产的“吃鸡”手游的火爆程度可见一斑。
62 24 16 1 1 0.692
网易对“吃鸡手游”的布局更为猛烈，接连上线了《荒野行动》、《终结者2：审判日》两款游戏，游戏上线后很快升至免费榜的第一、二位。
62 40 28 1 1 0.701
同花顺认为，腾讯手游《光荣使命》开启不删档预约，亚洲最大游戏公司加入战场，“百人战术竞技”市场规模持续扩大，看好FPS/TPS手游成为继《王者荣耀》等MOBA类游戏后手游市场又一爆发增长点。
63 1 1 1 4 0.731
“大吉大利，晚上吃鸡”，这句电影台词随着一款名叫《绝地求生：大逃杀》（下称《绝地求生》）的第三人称射击游戏，开始频繁出现在社交平台上。
63 2 1 2 4 0.439
在这款游戏中，近100名玩家被空投到一个荒岛上，随着岛上的安全区不断缩小，玩家需要收集武器，击杀敌人，目标是成为活到最后的人。
63 4 1 4 4 0.726
正是由于这句话，这类游戏也被玩家们戏称为“吃鸡”。
63 3 1 3 4 0.565
每当玩家获得最后胜利时，屏幕就会显示“大吉大利，晚上吃鸡（winnerwinner,chickendinner）”。
63 7 3 1 3 0.722
长期被MOBA（多人在线战术竞技游戏，如《英雄联盟》《王者荣耀》）游戏把持的国内游戏市场在“吃鸡”的刺激下出现了松动。
63 8 3 2 3 0.55
网易、腾讯、完美等游戏大佬闻风而动，纷纷加入这一新兴市场的抢夺之中。
63 23 9 2 2 0.673
在业内看来，正是这款游戏让腾讯在MOBA类游戏积累了足够的经验和技术，从而在去年开发出了爆款游戏《王者荣耀》。
63 22 9 1 2 0.502
2015年，腾讯全资收购了《英雄联盟》开发商RiotGames100%的股份，从而奠定了其在MOBA类游戏的霸主地位。
63 30 15 1 1 0.601
业内人士认为，鉴于此前几款类似游戏，如《H1Z1》《黎明杀机》等游戏均被禁止直播，《绝地求生》要开通国服还有很长一段路要走。
63 38 19 2 4 0.707
在顺利拿到国内手游出版许可后，网易和小米都迅速上线了自己旗下的“吃鸡”类手游。
63 37 19 1 4 0.486
也许是对自己能顺利拿到PC端代理过于自信，相比对手，这次腾讯在手游市场上的反应明显慢了一拍。
63 39 19 3 4 0.441
目前在AppStore免费游戏排行榜中，占据第一位超过半年的《王者荣耀》被网易出品的《终结者2：审判日》一把拉下。
63 50 24 1 3 0.636
尽管如此，前往电脑组装市场问询有关“吃鸡”设备的人数却有增无减。
63 51 24 2 3 0.544
北京一些售卖电脑设备的柜台前，甚至直接打出了“吃鸡神装”的广告。
63 52 24 3 3 0.658
与此同时，国内游戏设备厂商也都嗅到了商机，包括雷蛇、华硕等品牌都推出了打着“为鸡而生”“吃鸡神器”名号的专用设备。
64 3 2 1 1 0.66
想要在移动端复制《绝地求生：大逃杀》的成功的，并不只有中国的游戏公司。
64 4 3 1 1 0.671
在《绝地求生：大逃杀》开始火爆后不久，一个位于越南河内的游戏开发团队开始开发一款名为《BulletStrike:Battlegrounds》的“吃鸡”手游，并在7月就开始了Alpha测试。
64 6 4 2 3 0.613
相比《绝地求生》的100人大地图，这个手游只支持20人的战场。
64 5 4 1 3 0.221
在三个月前，这款来自越南的产品在技术上还是比较薄弱的。
64 7 4 3 3 0.502
到如同国内一样，这款游戏也受到了很多国外玩家的关注，官方Facebook也积累了大量的粉丝。
64 9 6 1 1 0.622
巧合的是，就在这款手游宣布Beta测试日期的同时，越南近邻的中国手游市场上，几款原本也只进行了一两次封闭测试的“吃鸡”手游也骤然加速，集体杀入了“鸡渴”许久的手游市场，并在短短一周内获得了总计数千万的下载。
64 11 7 2 2 0.737
除此之外，据传腾讯、网易等大厂也在开发“吃鸡”类型的端游作品。
64 10 7 1 2 0.521
此后，大厂们积攒许久的同类手游也开始陆续上线、预约或公布，而仍然在开发的同类游戏也有多款。
64 12 8 1 1 0.615
《绝地求生：大逃杀》是今年游戏市场最大的黑马——无论是世界，还是中国。
64 15 10 1 2 0.646
《绝地求生》在中国也取得了很大的成功：在《绝地求生》目前的2000万游戏玩家中，其中约有一半是中国玩家。
64 16 10 2 2 0.588
从6月开始，在中国的游戏直播平台、社交网络中，关于这款游戏的话题几乎没有间断过，甚至吸引了很多娱乐明星的加入，鹿晗、陈赫、林更新等明星也开始成为了这款游戏的玩家，再加上外挂话题，使得这款游戏的热度日渐高涨，想要体验游戏的玩家也逐渐增多。
64 21 14 1 1 0.657
今年年初，另外一款同样颇具话题但玩法略有不同的生存游戏《H1Z1》在国内流行之后，国内的很多团队便开始生存手游的立项开发，只是在随后《H1Z1》的光芒被《绝地求生》掩盖之后，大部分团队开发方向便转向了“吃鸡”的玩法。
64 24 17 1 2 0.606
而在TapTap的预约榜前列，一度80%是“吃鸡”手游，其中包括一些小团队的作品，如《丛林法则》等，不过在进入玩家测试阶段后便因为质量粗糙而让很多玩家大为失望。
64 25 17 2 2 0.544
在开发资源、技术上更有优势的大厂的作品也陆续出现，网易的《终结者2》《荒野行动》等手游在TapTap上也获得了巨大的预约量和玩家关注。
64 26 18 1 2 0.699
据消息人士透露，网易内部同时开发的“吃鸡”玩法手游至少6款，其中《荒野行动》还在开发端游版本。
64 27 18 2 2 0.726
而在另外一家大厂腾讯内部，除CF手游的“吃鸡”模式外，几乎每个工作室内都有独立开发的“吃鸡”玩法的游戏，这其中多数是手游，当然也有例外——比如开发了网游《天涯明月刀》的北极光也正在开发一款代号“Europa”的PC平台游戏。
64 30 20 1 1 0.619
在此之前，一些《绝地求生：大逃杀》的玩家希望游戏能够在腾讯的代理下进入国内以解决困扰玩家多时的外挂问题，但总局的表态无疑为它的中国市场之路画上了一个问号。
64 31 21 1 1 0.614
在一周之后的11月5日，在腾讯Wegame的发布会上，原本传言已被腾讯代理了的三款游戏——《绝地求生：大逃杀》《H1Z1》以及由腾讯投资的Epic所开发同样在近期靠大逃杀模式吸引了大量关注的《堡垒之夜》——都未能在发布会上出现。
64 33 22 2 3 0.631
一天之，在TapTap平台上，所有标题含有“吃鸡”、“大逃杀”的手游虽然产品页面仍在，但是却都从预约榜单上消失了。
64 32 22 1 3 0.484
而在手游市场，总局的表态也让一些厂商措手不及。
64 34 22 3 3 0.692
很多原本预约这些游戏的玩家不禁担心：“难道在手机上吃不成鸡了”？
64 42 28 1 2 0.674
在几家游戏大厂中，网易是第一个在TapTap上线“吃鸡”类手游预约的，也是行动最快的一家公司。
64 43 28 2 2 0.543
早在今年8月中旬，网易根据著名的“终结者”系列电影《终结者2：审判日》所改编的同名手游便宣布开始测试“荒野大逃杀”玩法。
64 44 29 1 1 0.688
而在今年3月这款手游开始双端技术测试时，这款游戏还只是一款普通的3D冒险射击手游，在今年520网易的发布会上展示的宣传视频也可以看出包含传统射击和载具对抗等模式，随后《绝地求生》的流行让开发团队转变了方向，使这款游戏最终也成为了一款“吃鸡”手游。
64 45 30 1 2 0.683
9月下旬，网易另外一款“吃鸡”手游《荒野行动》开始了内部测试，持续到10月16日。
64 46 30 2 2 0.432
与《终结者2：审判日》不同，《荒野行动》是一款原创题材的游戏，游戏的背景设定在未来的2117年，地球遭遇外形入侵，人类重启“荒野行动”，以挑选最优秀的精英战士——这个背景实际是在业务部门表态就之前就已经设定好的，部分也能看出对于业务主管部门的政策倾向具有一定的敏感性，但最后也难逃修改的命运，当然这是后话。
64 59 38 1 1 0.694
11月2日，就在网易两款“吃鸡”手游上线前夕，腾讯的CF手游宣布将于11月17日在安卓平台上线“荒岛特训”模式，根据宣传也可以看出是类似《绝地求生》的玩法。
64 60 39 1 2 0.605
实际上早在今年7月初，在CF手游的体验服上，就已经上线了一个名为“荒岛求生”的新玩法，而目前市面上的其他“吃鸡”手游在当时都还处于开发阶段。
64 61 39 2 2 0.636
坊间一度传闻腾讯因为和《绝地求生》的开发商Bluehole谈代理和投资的事宜而对内部包括CF手游新模式在内的“吃鸡”手游进行限制，也因此使网易占据了市场的先机。
64 62 40 1 2 0.761
在网易对两款已经上线的“吃鸡”手游进行大规模宣传的11月4日晚，腾讯也悄然上线了一个神秘手游的预告页，chiji的二级域名和预告页面上巨大的鸡的图片都显示了这是一款“吃鸡”玩法的手游，页面信息显示游戏将在11月8日零点揭晓。
64 63 40 2 2 0.524
不过仅仅一天多后，页面上的鸡的图片被修改，域名也被跳转到了名为grsm的二级域名上，而结合玩家之前发现的页面分享信息，可以确认这款游戏名为《光荣使命》。
64 67 43 1 2 0.744
在这两款游戏之外，腾讯内部也还有更多的“吃鸡”游戏正在开发。
64 68 43 2 2 0.631
腾讯高层非常重视生存竞技这一品类的游戏，据传《绝地求生》、《H1Z1》、《堡垒之夜》三款游戏都已由腾讯代理，而为了获得相关政策的支持马化腾也亲自出面和业务主管部门进行沟通，不过代理海外游戏本身在流程上就比较复杂，加上“吃鸡”游戏此前受到的关注，因此在政策有明确的支持之前，腾讯也只能通过在可控性上更强的自研游戏来“曲线救国”。
64 70 44 2 4 0.628
在TapTap上大量小团队的游戏还在吸引着玩家，甚至一些只是名字近似“绝地求生”或者带有“大逃杀”而玩法全无关联的游戏都能在AppStore或应用商店获得大量的新增用户下载。
64 69 44 1 4 0.443
而在腾讯之外，也有更多的游戏公司仍在摩拳擦掌。
64 71 44 3 4 0.5
11月10日，此前曾凭借《全民枪战》在射击手游市场上占有一席之地的英雄互娱也宣布了一个《代号：HERO》的计划，并表示游戏已进入了倒计时阶段，应该会以《全民枪战》的新模式上线。
64 72 44 4 4 0.683
而从公布的游戏画面来看，跳伞、搜集装备等“吃鸡”玩法的元素也一应俱全，显然又是一款吃鸡游戏。
64 73 45 1 3 0.608
可以预见的是，很多正在做“吃鸡”类游戏的团队都会加快自己的进度，短时间内市场上将会出现大量的“吃鸡”手游产品，甚至一家公司多款同类产品进行竞争的情况也还会多次出现。
64 74 45 2 3 0.47
此前“鸡渴”已久的手游玩家想必能够得到极大的满足，但应该又要面对在品质参差不齐的游戏中进行挑选的苦恼。
64 78 47 1 2 0.684
而在游戏修改之外，网易和腾讯等大公司也在用自己的影响在舆论阵地努力甩脱“吃鸡”、“大逃杀”等已经被业务主管部门明确反对的词汇——而在之前，该类游戏正是宣称是“吃鸡”、“大逃杀”的玩法才受到了大量玩家的关注。
64 79 47 2 2 0.587
在中文互联网，11月之前使用“吃鸡”、“大逃杀”等词语对游戏进行宣传的稿件多数被删除，而在新的宣传稿件和各种传播合作中，玩家所熟悉的“吃鸡”、“大逃杀”等词语成为明令禁止被提及的，该游戏类型也被重新冠以“军事训练”、“军事演习”等类型。
65 1 1 1 1 0.64
应该有不少人现在都沉迷于《绝地求生大逃杀》的紧张战斗气氛里了吧~今天听闻腾讯已经购买了游戏开发公司蓝洞的部分股份（离鹅厂数钞票打国服的日子不远了），又赶上游戏服务器维护更新，所以有时间离开那个杀戮战场回归主业来聊聊车。
66 8 4 2 2 0.614
韩国队伍Afreeca依靠“天命圈”的运气加上过硬的枪法成功吃鸡。
66 7 4 1 2 0.223
第二场中国战队状态集体爆发，OMG取得第六名成绩，另外Panda战队排名第11，OMG另一支队伍排名第13，Aluka和周丽丽的4AM排名第20。
67 6 4 2 2 0.788
越过市场准入门槛后，腾讯也将正式介入生存类射击游戏，即“吃鸡游戏”的竞争。
67 5 4 1 2 0.293
获得版号，意味着游戏将允许在中国大陆地区出版发行运营。
67 7 5 1 2 0.682
腾讯内部将《光荣使命》产品定位为“首款百人对抗竞技射击手游”，游戏玩法类似于韩国公司蓝洞（Bluehole）开发的网络游戏《绝地求生：大逃杀》。
67 8 5 2 2 0.575
如果你希望在手机上体验到大地图百人实时对抗的玩法，或者是像《王者荣耀》一般与微信、QQ好友共同“吃鸡”，这正是腾讯希望在《光荣使命》能达到的玩法特性。
67 12 8 1 2 0.637
《绝地求生》在中国受到了广大玩家的追捧，成为继《王者荣耀》后，又一款现象级游戏。
67 13 8 2 2 0.596
《绝地求生》掀起的热潮扩散至手游，意味着游戏公司们热切寻找的下一个《王者荣耀》和《阴阳师》初露轮廓，而腾讯也需要应对的产品，这就是《光荣使命》。
67 19 11 2 3 0.654
值得注意的是，这次《光荣使命》上线，意味着大厂在“吃鸡”品类上将直面展开竞争。
67 18 11 1 3 0.518
对于腾讯而言，《光荣使命》是一款被寄予厚望的产品。
67 20 11 3 3 0.643
据《21世纪经济报道》分析，“在游戏业务上，腾讯和网易以往并没有真正的直面竞争过，“吃鸡”类游戏或称为双方真正交手的战场，这也将使游戏市场迎来前所未有的激烈竞争。
68 3 3 1 3 0.619
要说国内最火的游戏是哪一款？“绝地求生”绝对当仁不让。
68 4 3 2 3 0.582
这是一款由韩国Bluehole（蓝洞）公司开发的大逃杀类型的游戏，每局都有100名玩家参与，他们会被投放到绝地岛上，在游戏中找到武器和补给击杀玩家获得胜利。
68 5 3 3 3 0.707
而“吃鸡”则来源于美国电影《决胜21点》中的一句台词，winnerwinnerchickendinner，翻译成中文就是大吉大利，晚饭吃鸡。
68 9 4 4 4 0.617
直播+互动的形式使得“吃鸡”更加火热。
68 8 4 3 4 0.27
另外，根据游久网发布的2017年6月~9月的《中国主播热度排行榜》报告显示，绝地求生的开播数目不断上升，占比已达5%。
68 10 5 1 3 0.656
当然，在这样一款能横扫大陆的爆款游戏的刺激下，国内游戏厂商早就按耐不住性子，游戏巨头网易就以两款“大逃杀”手游《荒野行动》、《终结者2：审判日》杀进“吃鸡”战场，小米也不甘示弱，联合西山居发行《小米枪战》，网易、小米入局后，《荒野行动》、《终结者2：审判日》和《小米枪战》强势攻占手游下载量排行榜前三，顺利挤出一直霸居第一的《王者荣耀》。
68 11 5 2 3 0.589
腾讯和巨人合作推出的“吃鸡”手游——《光荣使命：使命行动》已于11月8日开始预约，截至目前已有超过380万玩家预约。
68 12 5 3 3 0.778
只不过，上述几款游戏都是手游模式，给国内不能正儿八经玩上国服版“吃鸡”游戏的玩家们过过大逃杀的瘾罢了。
69 1 1 1 1 0.624
《绝地求生》全球走红之后，国产游戏厂商迅速跟上，目前最为热门的四大国产“吃鸡游戏”，除《小米枪战》内测时间在10月18日外，11月初的一周时间内，网易的《荒野行动》《终结者2》启动内测，腾讯的《光荣使命：使命行动》开启预约。
69 3 3 1 1 0.656
据《IT时报》记者观察，几款国产“吃鸡”手游都在积极整改，网易的《荒野行动》小米的《小米枪战》明确表态修改游戏确保游戏作品传递的理念符合社会主义核心价值观，腾讯的《光荣使命：使命行动》也刚刚从广电总局拿到游戏版号。
69 4 4 1 1 0.62
“吃鸡”游戏风云再次变幻，接下来，国内“吃鸡”浪潮将会如何？为此，IT时报记者和笔者进行了一番交流。
69 8 6 3 3 0.674
此次过审，说明国内吃鸡游戏已经没有通行障碍了。
69 7 6 2 3 0.351
《荒野行动》内测期间就获得千万级用户，是一项很不错的成绩，但没有拿到版号，就无法向用户收费。
69 21 13 1 1 0.726
换言之，观众并不是为了看别人玩吃鸡游戏而上直播，只是上了直播被吃鸡游戏的新奇特所吸引而已。
70 1 1 1 2 0.871
随着《绝地求生：大逃杀》这款“吃鸡”游戏的大热，国内互联网公司也陆续推出了“吃鸡”风格的手机游戏。
70 2 1 2 2 0.429
游戏怎么样咱们今天暂且不提，而是来看看，国内这些“吃鸡”手游中，有哪些画风清奇的营销植入，不知道大家都注意到没？
71 21 13 1 2 0.675
关于接下来的游戏布局，腾讯在财报中罕见地提及一款还未上线的游戏产品——《光荣使命》。
71 22 13 2 2 0.649
腾讯称，“2017年11月，我们的代理生存类射击游戏《光荣使命》及《穿越火线手游》更新版开始预约注册，两项游戏均取得热烈的反应。”
71 23 14 1 1 0.758
而这个《光荣使命》，就是目前游戏市场上备受关注的“吃鸡”类游戏。
71 24 15 1 1 0.633
此前，韩国公司蓝洞（Bluehole）开发的网络游戏《绝地求生》在中国受到了广大玩家的追捧，成为继《王者荣耀》后，又一款现象级游戏。
71 26 16 2 2 0.734
而获得第一名的玩家会在屏幕上看到“大吉大利，晚上吃鸡”的台词，“吃鸡”游戏的名称也由此而来。
71 25 16 1 2 0.434
在这款游戏中，玩家们会被空投到一座荒岛，岛上四处散落着武器装备，随着时间推进，荒岛的安全范围会不断缩小，玩家需要互相“杀戮”才能得以生存。
71 27 17 1 2 0.678
《绝地求生》的风靡，也让国内的游戏厂商看到了商机，并纷纷开始布局同类型手游。
71 28 17 2 2 0.396
如小米推出的《小米枪战》和网易推出的《荒野行动》《终结者2：审判末日》等。
71 31 19 1 2 0.726
“吃鸡”类游戏的火爆，甚至将《王者荣耀》挤出AppStore榜单前三。
71 32 19 2 2 0.524
在游戏业务上向来强势的腾讯自然不会坐视不理。
71 38 22 1 1 0.623
一位资深的业内人士告诉21世纪经济报道记者，在游戏业务上，腾讯和网易以往并没有真正的直面竞争过，“吃鸡”类游戏或称为双方真正交手的战场，这也将使游戏市场迎来前所未有的激烈竞争。
71 39 23 1 1 0.735
不过在游戏厂商开始厮杀前，“吃鸡”类游戏能否持续顺利发行，仍要打一个问号。
72 1 1 1 1 0.677
面对2017年游戏界最大的黑马IP“吃鸡”，腾讯出手了。
72 2 2 1 1 0.655
第一财经记者注意到，近日腾讯开启了两款“吃鸡”手游《CF：荒岛特训》、《光荣使命：使命行动》的预约。
72 3 3 1 3 0.765
“吃鸡”是玩家对《绝地求生：大逃杀》的另一个称呼。
72 4 3 2 3 0.797
在这款游戏里，100名玩家空降到孤岛上相互厮杀，最终一名或一队玩家存活胜出，获得恭贺语“大吉大利晚上吃鸡”，游戏也因此得名“吃鸡”，此类规则玩法下的游戏也被称为“吃鸡”模式。
72 5 3 3 3 0.41
它的势头已经不亚于当年的《魔兽世界》，在网吧成“霸屏”之势。
72 6 4 1 3 0.79
PC端的火爆燃烧到了手机端，“吃鸡”类游戏对《王者荣耀》形成了围剿之势。
72 7 4 2 3 0.765
在苹果手机AppStore免费游戏应用排行榜里，网易和小米开发的三款“吃鸡”游戏一度超过《王者荣耀》。
72 8 4 3 3 0.59
而腾讯也在近日开启了两款吃鸡手游《CF：荒岛特训》、《光荣使命：使命行动》的预约。
72 11 7 1 1 0.661
11月13日晚间，第一财经记者在深圳市罗湖区一间网吧走访发现，《绝地求生：大逃杀》已经开始“攻陷”网吧，玩家数量已经逼近此前最火的游戏《英雄联盟》，“竞技区”几乎所有人都在玩《绝地求生：大逃杀》。
72 16 10 1 1 0.715
在steam游戏热销商品榜单上，《绝地求生：大逃杀》排第1，排第5名的是游戏《H1Z1》，这款游戏被视作《绝地求生：大逃杀》前身。
72 17 11 1 2 0.605
但毫无疑问的是，《绝地求生：大逃杀》真正形成了燎原之势。
72 18 11 2 2 0.566
“两款游戏质量不同，在质量上，《绝地求生：大逃杀》无论是画面、内容还是效果都高于《H1Z1》。”易观互动娱乐研究中心高级分析师董振指出。
72 19 12 1 1 0.641
另外，《绝地求生：大逃杀》用户群体中中国玩家占了大多数，而《H1Z1》开发商曾大规模对中国玩家IP进行封号，这是《绝地求生：大逃杀》能够后来者居上的另外一个原因。
72 20 13 1 1 0.643
在中国，游戏主播的传播是《绝地求生：大逃杀》风靡全国另外一个不可忽视的因素；加之王思聪、胡歌等公众人物自发推广的名人效应，“吃鸡”已经火遍了大江南北。
72 23 15 2 2 0.795
在PC端游戏已经成功培育市场的前提下，国内游戏厂商纷纷以手游方式开启“吃鸡”。
72 22 15 1 2 0.358
“对于国内用户来说，手游门槛更低一点，用户基础更大一点，会有更多的新用户进来。”艾瑞互娱研究副总监郭成杰称。
72 31 20 1 1 0.679
目前，腾讯是以《CF》和《光荣使命》两款王牌射击类手游开启了“吃鸡”。
72 32 21 1 4 0.66
其中《CF：荒岛特训》将于11月17日开始公测，这是一款典型的类似“吃鸡”手游。
72 33 21 2 4 0.522
每一局游戏共有60名玩家参与，60名玩家通过滑翔伞从高空进入400万平米的荒岛基地，控制屏幕的虚拟摇杆选择合适的降落地点，是一款类似歼灭模式的单败淘汰制多人竞技玩法游戏。
72 35 21 4 4 0.747
另外一款“吃鸡”手游《光荣使命：使命行动》的定位是“腾讯首款百人对抗竞技射击手游”，截至11月14日记者截稿时止，该游戏预约人数已经突破420万。
72 34 21 3 4 0.295
截至11月14日，《CF：荒岛特训》的预约人数已经超过了1000万。
72 36 22 1 2 0.756
在“吃鸡”领域腾讯是后来者。
72 37 22 2 2 0.774
和腾讯一起吃下国内游戏市场70%份额的网易，在10月下旬开启“吃鸡”，10月31日，网易上线“吃鸡”手游《荒野行动》；11月4日，网易开发的另一款“吃鸡”手游《终结者2：审判日》上线；小米的动作则要更早一些，10月18日，《小米枪战》“大逃杀”模式测试服首开。
72 38 23 1 2 0.688
三款“吃鸡”手游已经对国民游戏《王者荣耀》形成“围剿”之势，在AppStore排名一度超过《王者荣耀》。
72 39 23 2 2 0.539
11月6日晚间，苹果手机AppStore免费游戏排行榜上，《王者荣耀》被三款“吃鸡”手游甩开排第4位，排在前三名的分别是《荒野行动》、《终结者2：审判日》和《小米枪战》；11月14日，《终结者2：审判日》依然拔得免费游戏排行榜头筹。
74 1 1 1 2 0.695
《绝地求生》等策略射击生存游戏截图。
74 2 1 2 2 0.0
杨含制图
75 2 1 2 2 0.775
而不少FPS游戏厂商也在原游戏的基础上推出了“吃鸡”模式，让喜欢FPS的玩家可以直接体验吃鸡的乐趣，其中FPS大作《战争前线》就是这类游戏中的一员。
75 1 1 1 2 0.579
【TechWeb报道】11月13日消息，随着《绝地求生》的在线人数的激增，越来越多的厂商都抓紧开发自家的吃鸡游戏，希望能借着这个热潮再赚一笔。
75 5 3 1 2 0.643
不过在媒体的报道中显示《战争前线》的“吃鸡”模式仍旧是以原游戏的FPS元素为主，可参与战斗的玩家也仅仅限制在了16人，这可能是目前人数最少的吃鸡游戏，可能在一定程度上减少了玩家吃鸡的乐趣。
75 6 3 2 2 0.698
不过玩家可以在多种随机地图中进行游戏，也一定程度上弥补了吃鸡游戏地图单调的不足，可能游戏原作中的地图都将会在“吃鸡”模式中登场亮相。
75 7 4 1 2 0.734
虽然越来越多的“吃鸡”游戏相继登场，但是玩家似乎仍然只认《绝地求生》这款原作，像《战争前线》这种画风清奇的FPS“吃鸡”，可能会对上射击爱好者的胃口，感兴趣的玩家不妨等模式上线后感受一下。
75 8 4 2 2 -0.121
（潘达）
76 1 1 1 1 0.633
游戏行业从来不缺乏现象级游戏，但却极少能有游戏像《绝地求生》这样，引发整个行业的疯狂。
76 4 3 1 1 0.654
无数人想要“吃鸡”，不只是玩家们，同样也包括国内的游戏公司。
76 8 5 1 1 0.639
国外厂商早已按捺不住，今年9月，虚幻引擎的开发商Epic在旗下FPS游戏《堡垒之夜》中加入了吃鸡模式，一经推出便大受欢迎，两周之内，便有1000万玩家体验了《堡垒之夜》的吃鸡模式，疯狂涌入的玩家甚至导致服务器一度瘫痪。
76 11 7 1 2 0.614
腾讯近日正式推出了他们的重磅炸弹：首款空降竞技开黑手游《CF荒岛特训》。
76 12 7 2 2 0.241
该游戏将于11月17日开启公测。
76 17 10 2 2 0.626
这个玩法的能量已经远超游戏本身，它带动了游戏直播的进一步繁荣，并且孕育了为数不少的知名主播，在微博上，围绕这类游戏已经诞生了为数不少的微博大号，相关消息和游戏视频动辄上万转发，连不少平时很少谈及游戏的知名大V们也开始每日谈论吃鸡，一个巨大的用户生态已经形成。
76 16 10 1 2 0.104
可能没有人说的清。
76 20 12 1 2 0.649
而在这场风口上的“吃鸡大战”中，《CF荒岛特训》凭借1000万的预约量已经拔得头筹。
76 21 12 2 2 0.208
接下来的肉搏战中，它们还能继续保持优势吗？
76 39 22 1 2 0.642
与此同时，“吃鸡大战”同样是一场市场推广大战。
76 40 22 2 2 0.315
在这个维度上，坐拥微信、QQ等庞大社交渠道网络的腾讯，在国内手游领域的分发实力，是其他厂商难以比肩的。
76 47 27 1 2 0.635
我们之前说过，市场上存在大量的想吃鸡而不得的用户，这一点从“空降竞技类游戏”们无需宣传便能获得惊人预约量便可看出。
76 48 27 2 2 0.63
其他的空降竞技类游戏，吸收的正是这部分对吃鸡感兴趣的既有受众，是在吃市场的存量。
77 6 3 1 3 0.637
有韦神带着吃鸡自然是一件很简单的事情，韩总吃鸡也吃的非常开心。
77 7 3 2 3 0.321
但是游戏打完了韩总就笑不出来了，因为韩总和韦神打赌韦神每比韩总多杀一个就送一个8.0，最后一局韦神杀了30个而韩总0杀……就意味着要送出三十把8.0。
78 2 1 2 3 0.814
所谓“吃鸡”游戏，指的是大逃杀类的FPS/TPS游戏，PC上的《绝地求生：大逃杀》把这类游戏的热度推向了顶峰。
78 1 1 1 3 0.569
【PConline杂谈】说起最近最火的游戏类型，“吃鸡”应该就是最佳答案了。
78 3 1 3 3 0.584
在《绝地求生：大逃杀》中，玩家们会空降到一个孤岛上，拾取武器来和其他玩家相互残杀，还需要跑步或者利用载具来逃离危险区域，最后生还的一人或者一队，就能获胜，游戏也会弹出“大吉大利，今晚吃鸡”的恭贺语句。
78 4 2 1 3 0.624
毫无疑问，《绝地求生：大逃杀》的魅力巨大。
78 5 2 2 3 0.723
在游戏推出后，连续霸占Steam平台的榜首，全世界的游戏主播，也纷纷进驻到“吃鸡”当中。
78 6 2 3 3 0.684
在中国，“吃鸡”热潮更是无可阻挡，由于大量中国PC下载Steam玩《绝地求生：大逃杀》，直接导致Steam国区用户的比例跃升到了56.37%，登顶世界第一。
78 7 3 1 3 0.747
PC上的“吃鸡”是如此火爆，自然引来了手游厂商们的目光。
78 8 3 2 3 0.795
一时间，小团队开发的山寨“吃鸡”游戏层出不穷。
78 9 3 3 3 0.736
不久后，手游的正规军也入场了，网易、小米乃至腾讯都推出或者即将推出“吃鸡”类手游，风头甚至有隐隐盖过《王者荣耀》之势！那么“吃鸡”手游真的可以挑战王者荣耀吗？“吃鸡”手游到底好玩在哪里？今天就一起来谈谈吧。
78 10 4 1 2 0.669
我们先来了解一下国内都有什么厂商出了“吃鸡”游戏。
78 11 4 2 2 0.749
首先对“吃鸡”最热衷的可能是网易了，它现在总计出品了两款“吃鸡”游戏，分别是《荒野行动》以及《终结者2：审判日》，两款游戏均已上线运行。
78 12 5 1 3 0.75
而小米则出品了一款“吃鸡”游戏《小米枪战》，不过小米对这款游戏的投入非常大，游戏由和小米有渊源的西山居工作室开发。
78 13 5 2 3 0.403
西山居工作室也算赫赫有名了，它开发的《剑侠情缘》系列网游在国内风生水起，实力还是有目共睹的。
78 14 5 3 3 0.622
《小米枪战》使用了虚幻4引擎，画面是目前手机“吃鸡”游戏中最好的，模式也比网易的两款游戏都更丰富一些。
78 15 6 1 2 0.749
而国内手游的王者腾讯也要捋起袖子下场“吃鸡”了。
78 16 6 2 2 0.652
腾讯已经公布了“吃鸡”类手游《光荣使命：使命行动》，虽然未正式运营，但已经可以开始预约，距离上线仅有一步之遥。
78 17 7 1 2 0.703
目前，网易、小米旗下的三款“吃鸡”手游，在苹果AppStore上，已经对《王者荣耀》形成了包围之势！网易的两款“吃鸡”手游登上了Top1、Top2，而《小米枪战》则在Top4紧逼《王者荣耀》。
78 18 7 2 2 0.547
当腾讯的《光荣使命》上线后，势必还会进一步分流玩家，曾经的第一手游《王者荣耀》跌出前三，恐怕并非危言耸听。
78 19 8 1 3 0.787
“吃鸡”手游的魅力何在？其实这类手游的绝大部分魅力，都传承自《绝地求生：大逃杀》，也就是PC上的正牌“吃鸡”。
78 20 8 2 3 0.583
《绝地求生：大逃杀》充满着随机遭遇战，装备的拾取、争夺也充满惊喜，游戏氛围刺激而又不失欢乐。
78 21 8 3 3 0.669
尽管《绝地求生：大逃杀》外挂泛滥服务器又不稳定，但玩家们仍乐此不疲，游戏性可见一斑。
78 22 9 1 2 0.72
几款“吃鸡”手游都传承了《绝地求生：大逃杀》的大量优点，例如游戏模式几乎原版照搬，《小米枪战》由于和《绝地求生》同样使用了虚幻4引擎，因此一些素材、建模甚至都一模一样。
78 23 9 2 2 0.582
不过，“吃鸡”类游戏登陆到手机平台，也带来了移动平台特有的优点，例如随时可以联机，而像腾讯这样的厂商还能够直接让游戏接入微信、QQ庞大的社交圈——腾讯IM的助推力到底有多恐怖，相信大家都心中有数。
78 24 10 1 3 0.651
而和《王者荣耀》相比，“吃鸡”手游的优势在于可以利用更加碎片化的时间游玩。
78 25 10 2 3 0.583
“吃鸡”的节奏可慢可快，更加休闲也更加灵活，你可以一个人随时玩随时退出游戏，这是《王者荣耀》难以做到的。
78 26 10 3 3 0.673
换言之，“吃鸡”游戏比《王者荣耀》更符合手机这样的移动使用场景，大量玩家从《王者荣耀》中流出也就理所当然了。
78 27 11 1 3 0.604
尽管PC上的《绝地求生》其乐无穷，但把这类游戏搬到手机后，体验是否依然出色？恐怕未必。
78 28 11 2 3 0.368
首先，这类游戏对观察的要求很高，在PC上显示器自然可以看得比较轻松，但在手机如此小的屏幕，恐怕就不会是什么愉悦的体验了。
78 37 15 1 1 0.614
简而言之，“吃鸡”手游的游戏类型决定了它的体验不会如《王者荣耀》一样完美，加上游戏内容存在的争议，是否真的可以把《王者荣耀》挑落，还是得打个大大的问号的。
79 2 1 2 2 0.772
于是，中国的游戏厂商们纷纷开发山寨“吃鸡”手游，这让远在韩国的《绝地求生：大逃杀》开发商蓝洞表示不满。
79 1 1 1 2 0.594
PingWest品玩11月10日报道，据PCOnline消息，看到《绝地求生：大逃杀》红边国内外，中国的游戏厂商也看到了商机。
79 4 3 1 2 0.653
蓝洞官方表示，此次在中国手游市场上发现了20多款盗版《绝地求生》的手游产品。
79 5 3 2 2 0.564
这些手游产品不仅在人物美术，UI等方面均仿造《绝地求生》的素材设计，在游戏的宣传标语和名称上都与绝地求生端游高度相似。
80 1 1 1 1 0.637
一句“大吉大利，今晚吃鸡”，给不温不火中国端游市场注入了一剂强心剂。
80 13 7 1 1 0.725
“吃鸡”手游能否颠覆传统认知，成为下一个《王者荣耀》？记者基于大数据，第一时间为你呈现安卓端“吃鸡”手游运营数据，并详细解析这场“吃鸡”大战中可能的变数。
80 14 8 1 2 0.751
端游《绝地求生》的走红引来了无数跟风者，国内“吃鸡”手游一时间呈现井喷之势。
80 15 8 2 2 0.779
究竟有哪些产品已经俘获了“吃鸡”心切的玩家？记者整理了一份“吃鸡”手游榜单：
80 16 9 1 1 0.684
从榜单上来看，虽然前几名被几款由小游戏厂商开发的“吃鸡”手游占据，但玩家最看好的无疑还是以腾讯的《光荣使命》、网易的《荒野行动》和小米的《小米枪战》为代表的“大厂”手游。
80 19 12 1 1 0.702
记者将以这两款游戏为例，先来探究用户对“吃鸡”手游的接受程度。
80 31 17 1 2 0.709
两款游戏与其他App的用户重合度也很有意思，不论是《小米枪战》还是《荒野行动》，与之重合度排名前十的App中，出现了多款“吃鸡”手游。
80 32 17 2 2 0.444
例如在《荒野行动》的重合度排行榜中，此前呼声极高的《丛林大逃杀》也赫然在列。
80 33 18 1 1 0.649
这一方面说明《绝地求生》爆红之后，“大逃杀模式”已经在玩家中形成了极大的号召力，玩家为了找到体验良好的“吃鸡”手游，不惜挨个尝试；另一方面也说明，现在出来的绝大多数手游，暂时都还没能在玩家中形成足够的忠诚度，比较普遍的现象是，一个玩家同时下载了多款“吃鸡”手游，正在“货比三家”。
80 34 19 1 2 0.601
事实上，“吃鸡”的核心就是所谓的“大逃杀模式（BattleRoyaleGame）”，它融合了生存游戏的探索和收集元素以及最后一人的玩法。
80 35 19 2 2 0.618
根据各家互联网公司对“大逃杀模式”的不同处理，我们可以将市面上的“吃鸡”手游分为三类：
80 41 22 2 2 0.689
随着腾讯、网易两大游戏巨头推出独立版本的大逃杀手游，小玩家恐怕难逃成为垫脚石的命运。
80 40 22 1 2 0.201
但是目前来看，大厂的观望期已经结束。
80 42 23 1 1 0.67
记者分析了《丛林法则》、《放逐游戏》两款手游的周活走势，这两款“吃鸡”手游上线时间都比较早，目前在同类手游中分别排名第一和第二。
80 44 24 2 3 0.69
两款游戏虽然目前在“吃鸡”手游排行上占据前两名，但随着网易《荒野行动》的完善，以及腾讯《光荣使命》的上线，日后估计也是凶多吉少。
80 43 24 1 3 0.363
从图上来看，两款手游的用户活跃度自10月份以来均呈现下降趋势，且10月中旬起下降速度明显加快，而这一时间点刚好是《小米枪战》开始单排内测。
80 45 24 3 3 0.317
最终，以“大逃杀”为噱头的宣传、推广，也只能当做是给市场做做热身运动。
80 46 25 1 2 0.725
小游戏厂商黯然退出，大厂就稳赚了吗？记者认为，由于FPS/TPS端游与手游的巨大差异，“吃鸡”手游想要复制《绝地求生》的成功，恐怕还需费一番功夫。
80 47 25 2 2 0.579
而即使实现了“吃鸡”游戏向移动端的完美转移，外部的不确定因素也依然对这类手游构成威胁。
80 58 32 1 1 0.663
而近来，关于《绝地求生》国服代理落地的消息也不断传来，其中腾讯的呼声最高，腾讯虽有出面辟谣，但玩家们都认为这只是一贯的套路，国服版“吃鸡”迟早会上线。
80 65 37 1 3 0.641
手游“吃鸡”是否会遭到扼杀，现在也不好说。
80 66 37 2 3 0.399
不过，某些厂商或许已经察觉到了风吹草动，并已经在游戏部分细节上做出了调整。
80 68 38 1 3 0.691
《绝地求生》奇迹般的火爆之后，国内手游厂商纷纷跟进。
80 69 38 2 3 0.485
最新跟进的《小米枪战》和《荒野行动》已经尝到了甜头，但留存率也暴露出产品本身的粗糙，用户依然在“货比三家”。
80 70 38 3 3 0.606
同时，网易、腾讯等的入局，也意味着大厂观望期的结束，各家开始全力推广独立的“吃鸡”手游，而小厂手游闻声而衰，最终难逃成为垫脚石的命运。
80 71 39 1 2 0.607
不过，即便是大厂打造的“吃鸡”手游，也依然要面对诸多问题。
80 72 39 2 2 0.587
手游与端游存在巨大差异，过轻或过重的改造都可能让玩家乘兴而来，败兴而归；手游的推出时机也存在问题，而国服《绝地求生》的落地，也可能给手游“吃鸡”带来玩家流失的风险；最后，当前的政策风向明显不利于“吃鸡”手游在国内的发展，各游戏厂商需小心谨慎，一步走错，都可能面临惩罚甚至下架的风险。
81 4 2 2 2 0.608
上半年是手机游戏《王者荣耀》，这还只主要是在中国火爆，而在下半年则是《绝地求生：大逃杀》，而它实实在在是世界级的爆款。
81 3 2 1 2 0.42
如果说2017年最火热的游戏，可能就要分上下集了。
81 5 3 1 1 0.785
前述“大吉大利、晚上吃鸡”一词恰恰出身于这款《绝地求生：大逃杀》，谁能在游戏中获得最后的胜利，屏幕上就会显示出上述字眼，以至于很多玩家都亲切的将其称之为吃鸡游戏，而把自己成为吃鸡群众。
81 19 13 1 1 0.62
但必须指出的是，吃鸡游戏是一个地地道道的外行领导内行研发出来的游戏。
81 34 22 2 2 0.684
于是，这就给了吃鸡游戏一个机会。
81 33 22 1 2 0.272
更多的时候，花钱和花时间，也往往还只是扮演吃瓜群众。
82 2 1 2 3 0.795
而游戏中胜利后出现的大吉大利，晚上吃鸡！也让这个游戏拥有了吃鸡的别称。
82 1 1 1 3 0.587
绝地求生无疑是目前最为火热的游戏之一，其独特的玩法让无数玩家们沉迷于此。
82 3 1 3 3 0.304
今天我们不说98K与三级头，只聊一聊游戏中的载具们。
83 1 1 1 1 0.699
昨日，腾讯最新手游《光荣使命》预约发布，正式加入战场，这也是腾讯在手游市场上首款百人对抗竞技射击手游。
83 2 2 1 4 0.686
大逃杀品类的游戏火了，最早是《H1Z1》，紧接着《绝地求生：大逃杀》后来居上。
83 3 2 2 4 0.485
截至11月5日，《绝地求生》的销量已达到1985万份，仅仅在10月份，这款游戏就销出了100万份。
83 4 2 3 4 0.63
网易和小米的手游产品《荒野求生》和《小米枪战》已经在AppStore游戏排行榜榜首会晤，将腾讯王牌产品《王者荣耀》挤落宝座。
83 5 2 4 4 0.521
而排名仅次于《王者荣耀》的仍然是大逃杀手游，网易出品的《终结者2:审判日》。
83 6 3 1 1 0.659
参考吃鸡类产品的表现，市场对于《光荣使命》的期待度不低。
83 8 4 2 3 0.633
在蓝洞看来，中国手游市场上的20多款吃鸡手游都有抄袭嫌疑。
83 7 4 1 3 0.504
市场火热发展的同时，《绝地逃生大逃杀》厂商蓝洞却对山寨吃鸡手游表示了不满，官方称将通过相关律师事务所采取行动。
83 9 4 3 3 0.308
它们在人物美术、UI等方面与《绝地求生》有极高的相似度。
84 1 1 1 3 0.701
最近，整个游戏市场都迎来了一场“吃鸡”狂欢。
84 2 1 2 3 0.558
一边是“大逃杀”类游戏被抵制，另外一边却是无数玩家对其需求却不断加大。
84 3 1 3 3 0.717
正因为此，当听说吃鸡游戏也将开始登陆手游市场之后，缺乏条件只能看着大家玩的手游玩家们，也在一堆冒牌“大逃杀”手游中寻找这伤害，大家也一直在等待国内大厂可以推出真正品质高的大逃杀游戏。
84 6 3 1 2 0.742
而国内游戏第一厂商腾讯公司，此前在《大逃杀》的代理权方面大获成功后，曾一度引起全国吃鸡游戏玩家都为之欢呼。
84 7 3 2 2 0.649
可惜的是，截止目前为止，虽然腾讯已经放出CF资料片《荒岛特训》，甚至还正式宣布推出光荣使命：使命行动的消息，但原来这款游戏也只是开启预约测试，腾讯游戏至今没有正式推出一款广大玩家可以马上就玩的吃鸡手游。
84 8 4 1 2 0.689
尽管如此，腾讯网易小米三大厂商的参与，也令广大玩家们感觉到非常兴奋，毕竟这意味着终于有品质不错的吃鸡游戏体验了。
84 9 4 2 2 0.455
但对于小米网易腾讯甚至更多的游戏厂商来说，如何从这个市场赚到钱这才是硬道理，而关于这些，或许当前的情况就已经决定了腾讯在这个市场上占到太多优势。
84 13 7 1 2 0.624
这也是为什么，三款大逃杀手游上线不过一周便能超过《王者荣耀》，霸版Appstore免费畅销排行榜的原因。
84 14 7 2 2 0.578
但是，大逃杀游戏注定难以成为如同王者荣耀一般长期火热的现象级手游，越早入局越容易吸量，为什么呢？
84 20 12 1 1 0.609
在这一点，吃鸡游戏从长远的角度来说明显比不上棋牌这类刚需游戏，更何况那些处于灰色边缘的其他变现能力更强的产品呢？这也会让手握发行资源的厂商们，无法坚定力推吃鸡游戏的决心。
84 22 14 1 1 0.622
要知道，在PC端，由于Steam和游戏价格还有机器配置的存在已经过滤了不少玩家，很多已经早已抛弃PC游戏的玩家难有机会长期体验这类游戏，虽然大逃杀的移动游戏出来之后，大量因为吃鸡热而跟风的玩家会进入这个领域，但由于这款“公平”的游戏让许多新手玩家会一进去便“落地成盒”，几乎无法存活到真正高手要开始对决的时候，对于这部分玩家来说，这可以说是没有丝毫游戏体验，大大地影响游戏的积极性。
84 23 15 1 1 0.661
试问，一款一进去就玩得不high的游戏，你会为止付费吗？也因此，因为吃鸡游戏的玩法限制，这注定不是一个低门槛的游戏品类，完全和手游市场当红的SLG\MOBA类游戏有着天壤之弊。
84 25 16 2 3 0.611
这款游戏也注定难以成为王者荣耀一般长期火热的现象级游戏。
84 24 16 1 3 0.45
因此，对于这样的一类游戏，，不管是腾讯还是网易小米也好，越早在吃鸡热的过程中入局吸量的厂商，就越能在这个市场中掌握前期优势，沉淀后期那些真正的核心玩家。
84 26 16 3 3 0.581
既然是越早入局就越好，但实际上整个国内的吃鸡游戏市场谁赢得多呢？
84 35 21 1 1 0.604
尽管如此，小米也凭借着小米枪战，成为了此次吃鸡游戏中最大的明星，小米也成功为其品牌和这款游戏吸引了大量的流量，这对于小米游戏以及小米其他品牌类产品带来的价值，也是非常巨大的。
84 38 22 3 4 0.645
但是由于腾讯自身没有同步自研并推出自家的吃鸡游戏，这让他错失了这一步良机。
84 37 22 2 4 0.522
拥有“大逃杀”国内正版版权以及巨大流量背后的腾讯本应该能在这方面拔得头筹。
84 39 22 4 4 0.524
在之前，腾讯将重心完全放到了《绝地求生》的国内代理上面，没有及时让自己工作室出类似的手游产品以至于造成这样被动的局面。
84 42 24 1 1 0.614
那在这样的情况下，由于吃鸡游戏这个市场谁先进入谁就占领了一步先机，在如今网易与小米在领先一步的情况下，如果这两家的产品可以在玩家群体中创出良好的口碑，哪怕腾讯现在正在紧锣密鼓地自研吃鸡游戏，但失去先机的腾讯想要打一波翻身仗是无比艰难的。
84 45 26 1 1 0.618
于是乎，在烟雾弹备受玩家讨论的同时，腾讯在推出《CF》的资料片《荒岛特训》同时，在2017年11月8日凌晨也推出了“大逃杀”手游《光荣使命》，但目前这款游戏根据官方的信息显示，依然还是处于预约状态，最近几天要成功上市已经不太可能。
84 46 27 1 2 0.709
基于此，在吃鸡游戏这个市场，网易与小米已经肯定取得了先机，在评论之下也是一片宣传《荒野行动》与《小米枪战》的玩家，显然这两款游戏在“吃鸡”玩家中已经取得了良好的口碑，并且开始发酵，向外围蔓延。
84 47 27 2 2 0.613
腾讯如今才迟迟进入“大逃杀”手游市场很显然落入了下风，在网易与小米的包围下只能无奈落败。
85 1 1 1 2 0.791
TechWeb报道11月9日消息，随着《绝地求生：大逃杀》在Steam上的优异表现，全球掀起了一波吃鸡热潮，无法用电脑玩游戏的玩家甚至专门去直播平台看主播吃鸡。
85 2 1 2 2 0.609
因此不少游戏厂商也开始动心了，决定推出手游来大肆吸金。
85 3 2 1 2 0.8
不过《绝地求生》的原作厂商可看不过去了，韩国游戏厂商蓝洞（Bluehole）近日发现了国内手游市场上有大量类似的吃鸡游戏，这些游戏大多粗制滥造，而在游戏方式上直接照搬《绝地求生：大逃杀》，让人真的以为可以在手机上吃鸡。
85 4 2 2 2 0.407
这些游戏甚至在软件商店中排到了下载榜的靠前位置，不过它们却并没有获得蓝洞公司的授权，因此这些游戏都属于违法侵权，因此蓝洞公司决定采取相应措施。
86 3 2 2 4 0.693
早在今年的3月23日，韩国公司Bluehole开发了一款游戏《绝地求生大逃杀》，这款游戏在半年内引爆了全球的玩家市场。
86 2 2 1 4 0.503
这只鸡非常耐人寻味。
86 4 2 3 4 0.503
Bluehole的创意总监BrendanGreene今天在推特上宣布，该游戏的全球销量，已经突破了2000万份；在欧美市场，《绝地求生》在今年第三季度超越《英雄联盟》，成为直播平台最火的游戏作品。
86 8 4 1 1 0.836
大吉大利，晚上吃鸡，这也是吃鸡游戏名字的由来。
86 10 5 2 2 0.705
今天凌晨，腾讯的这款吃鸡游戏终于浮出了水面：百人对抗竞技射击手游《光荣使命：使命行动》正式开启，目前已有超112.8万玩家预约。
86 9 5 1 2 0.003
3天的倒计时结束。
86 15 8 1 2 0.839
吃鸡游戏已如旋风般进入市场。
86 16 8 2 2 0.321
而游戏市场，将面临如何的洗牌和波动？
86 43 23 2 2 0.713
游戏开发者则另辟蹊径重新找了个路子：网易和小米的吃鸡手游，纷纷跃出了水面。
86 42 23 1 2 0.191
桌游端似乎要陷入僵局。
86 56 30 1 2 0.698
《绝地求生》较高的配置要求，使得一些PC端玩家不能现在开始入局；另一方面，在吃鸡游戏大火的现在，所有玩家都在翘首以盼，很多打着吃鸡名号的手游还未推出，就已经博得了很高的眼球关注度。
86 57 30 2 2 0.48
譬如今天腾讯刚刚推出的《光荣使命》。
86 58 31 1 1 0.624
除了《使命》外，在11月，腾讯还将推出《穿越火线：枪战王者》，据悉，这也是另一款吃鸡手游。
86 65 37 1 2 0.613
整个游戏链条市场也都因为《绝地求生》发生改变。
86 66 37 2 2 0.483
因为《绝地求生》极高的配置要求，网吧老板都进行了硬件的迭代更新；而外挂软件等则更是直接进入了爆发期：10月30日到11月4日6天时间内，绝地求生封禁了使用破坏游戏平衡的第三方软件账号共80120个；而在一个月内，封挂的账号将近28万。
86 68 38 2 2 0.61
在直播领域，不少网红也早开始进行大逃杀的游戏直播了。
86 67 38 1 2 0.465
在电竞领域，早在8月28日，国内电竞俱乐部IG就通过微博宣布，将成立《绝地求生：大逃杀》分部iG.PUBG，队伍已经尝试开始投入训练。
86 73 40 2 2 0.728
而吃鸡战场的枪声，则刚刚打响。
86 72 40 1 2 0.297
大江东去，《王者荣耀》的浪潮正在渐渐平静。
87 1 1 1 3 0.75
续广电总局对“大逃杀”类游戏持否定态度后，腾讯决定自己推出“吃鸡”手游。
87 2 1 2 3 0.497
预热3天，腾讯于今日上线手游新作《光荣使命》。
87 3 1 3 3 0.781
而在游戏排行榜中，《王者荣耀》也已彻底被“吃鸡”类游戏围攻。
87 5 2 2 3 0.659
有玩家认为，这或许预示着腾讯已拿下了《绝地求生：大逃杀》的代理。
87 4 2 1 3 0.2
3天前，腾讯悄悄上线了一个域名：chiji.qq.com，此举一度引发热议和猜想。
87 6 2 3 3 0.421
但当扫描页面内二维码时，却发现这是一款手游。
87 8 3 2 2 0.653
腾讯官方宣布上线《光荣使命：使命行动》，并将域名改为：grsm.qq.com，这是既网易和小米后，第三个推出吃鸡类游戏的国内厂商。
87 7 3 1 2 0.075
今日，chiji.qq.com的网页已无法打开。
87 9 4 1 2 0.626
从游戏宣传片看，该游戏采用8kmx8km的超大尺寸地图，具备PC版《大逃杀》的大部分游戏因素，如汽车、汽艇等载具。
87 10 4 2 2 0.505
腾讯官方称，这款游戏支持好友一键组队，语音开黑等功能，并可同时支持百人上线对战。
87 11 5 1 3 0.707
有意思的是，在苹果AppStore中，吃鸡类游戏已对《王者荣耀》形成围攻夹击之势。
87 12 5 2 3 0.499
目前排在游戏榜前两位的是网易的《荒野行动》和《终结者2：审判日》，小米的《小米枪战》排在第四位，三款吃鸡游戏将排名第三《王者荣耀》夹击。
87 14 6 1 1 0.692
就腾讯来说，对于“吃鸡”可谓垂涎已久。
88 1 1 1 2 0.71
【TechWeb报道】11月7日消息，随着《绝地求生：大逃杀》在Steam上的玩家数量暴增，众多游戏厂家已经坐不住了，纷纷把目光移到了“吃鸡”的身上，也想搞个新游戏尝尝甜头。
88 2 1 2 2 0.504
就在上周《荒野行动》正式登陆AppStore，一经推出便获得了极大的关注，并且顺利的登上了AppStore免费游戏的榜首位置。
88 4 3 1 1 0.606
《荒野行动》的强势表现也让手机“吃鸡”成为了玩家的新宠，抛开热门的游戏类型不谈，其本身的素质相当过硬，多种地形的游戏地图，还原真实的风景设计，以及出色的游戏画面，让不少试玩过的玩家点头称赞，不少在“农药”中被队友坑害的玩家在这里也找到了全新的游戏乐趣。
88 5 4 1 2 0.627
生存类“吃鸡”游戏在Steam上大获成功，但是仍有很多感兴趣的玩家因为较高的购买费用而与其失之交臂，还有很多老玩家因网络问题和外挂的猖獗而放弃“吃鸡”。
88 6 4 2 2 0.669
这类国产手游的出现恰好弥补了《绝地求生：大逃杀》的一些问题，也因此可以快速的抓住新老玩家的游戏兴趣。
88 7 5 1 2 0.72
在AppStore免费游戏榜中，前五的游戏竟然有三款“吃鸡”游戏，网易更是霸占前二，把“农药”挤到了第三的位置，不过腾讯似乎并不担心，旗下的吃鸡新游戏也将在11月8日正式发布，届时新一轮的榜单大战又将打响，同时也宣告全民“吃鸡”的时代即将来临。
88 8 5 2 2 -0.121
（潘达）
89 1 1 1 4 0.611
近两月以来，似乎大多数网络游戏爱好者都开始疯狂的迷恋上了《绝地求生：大逃杀》。
89 2 1 2 4 0.537
“大吉大利，今晚吃鸡”这一原本作为电影《决胜21点》中的一段台词有了全新的生命力，不断地刷爆了我们的朋友圈。
89 4 1 4 4 0.652
散布于大街小巷的大大小小网吧电脑不再只是“人在塔在”与“Fireinthehole”，还有绝地求生的“大吉大利，今晚吃鸡”。
89 3 1 3 4 0.477
吃鸡仿佛成了“全民”的追求，上班党、学生党、电竞职业选手、各大知名主播，纷纷被俘虏。
89 13 5 1 5 0.606
现在，业内除了对腾讯是否会继续收购游戏开发商、代理游戏的国内平台的持续关注外，也在不断尝试将《绝地求生》的游戏模式与手机结合，类型游戏如过江之鲫。
89 14 5 2 5 0.683
一大波中小型游戏开发商和独立开发者将目光瞄准移动端的大逃杀类游戏。
89 15 5 3 5 0.765
据TapTap显示，目前“吃鸡”类游戏有近一百个，移动端的“吃鸡”一出现便受到玩家的关注。
89 16 5 4 5 0.662
墨一科技开发的《放逐游戏——大逃杀》，这款游戏目前的预约人数达到114万；霍尔果斯蓝鲸网络科技有限公司开发的《丛林法则：绝地大逃杀》有226万人预约。
89 17 5 5 5 0.438
在AppStore的付费榜中，《丛林大逃杀》依旧占据榜首位置。
89 22 7 3 6 0.696
小米也走上“吃鸡”的道路。
89 21 7 2 6 0.373
在10月18日，雷军在微博中忽然宣布，《小米枪战》将开通“大逃杀”模式。
89 23 7 4 6 0.647
就目前移动端的“吃鸡”类游戏总体来说质量较低、很难满足玩家的游戏体验。
89 24 7 5 6 0.554
在“吃鸡”这股风潮中，谁动作快，就能占得先机，赢得市场。
89 30 11 1 1 0.614
《绝地求生》与《英雄联盟》、《DOTA2》这种5V5对抗赛模式不同，《绝地求生》却是一种多人游戏的竞技模式，是打破现有电竞的一种新型比赛模式，这样也丰富了比赛的观赏性；这款游戏的另外一个独特之处也在于“吃鸡”存在一定的运气成分，本身增加了游戏的真实性，也增加了观众观赏的真实性体验。
89 31 12 1 2 0.642
一些电竞公司已经开始对《绝地求生》的陪玩服务进行测试，电竞帮的创始人王建曾透露现在已经对“吃鸡”进行了陪玩的测试，但测试结果并没有像《英雄联盟》、《王者荣耀》那么好，这款游戏能活到最后吃鸡的概率为1%，即使有大神一起玩也不一定能吃到鸡，而玩家更看重的游戏体验，所以更多的人都选择和熟人玩。
89 32 12 2 2 0.481
一位“吃鸡”玩家也表示，“这个游戏最吸引我的是能和一群朋友一起玩，开语音交流的过程是最让我开心的时候。”
89 33 13 1 1 0.633
“吃鸡”这股旋风当然也刮到线下实体行业。
89 39 18 2 2 0.667
各大平台售卖游戏笔记本的评论区隔几条就会出现出现“终于能够流畅吃鸡啦”的声音。
89 38 18 1 2 0.559
“吃鸡”的风潮，也引得游戏笔记本的销售出现了“井喷式增长”，在10月19日京东公布的游戏本销量中显示，今年3月之后游戏本的销售额也开始有较大幅度的上升。
89 41 19 2 7 0.683
玩家想要“吃鸡”，首先要花98元在Steam上购买游戏，还要购买游戏加速器。
89 40 19 1 7 0.254
当然硬件是必须，“软件”才是基础。
89 42 19 3 7 0.499
游戏要在Steam平台上玩，延迟比较高，所以游戏加速器是标配，现在玩家用的最多的加速器是网易UU加速器，它的价格是每月30元。
89 45 19 6 7 0.714
现在的“吃鸡”在线人数已经超过了200万，可想而知，游戏加速器也因为“吃鸡”迎来了红利。
89 44 19 5 7 0.072
迅游加速器国际版价格为每月40元。
89 46 19 7 7 0.478
电脑、游戏、加速器……等等相关行业都因这款游戏的爆红迎来不同程度的变化。
90 1 1 1 3 0.672
《绝地求生：大逃杀》，可能是日前市面上人气最旺、话题最火的FPS游戏，没有之一了，即使你没有玩过这款“网红”游戏，那么你也一定听过“吃鸡”的大名。
90 2 1 2 3 0.537
“winnerwinner，chickendinner”，这段赌场上求好运的台词，正是它诨名“吃鸡”的来历。
91 1 1 1 1 0.643
TechWeb报道11月7日消息，《绝地求生：大逃杀》绝对算得上2017年最热游戏之一，一经推出就打破了Steam上的多项纪录，还动摇了《英雄联盟》、《Dota》等MOBA游戏对网游的统治地位，“吃鸡”一时间成了众人皆知的热词。
91 3 2 2 2 0.647
为了不影响绝大多数玩家的游戏体验，《绝地求生》官方表态，对于使用外挂的游戏玩家绝不手软，一经查出直接封停，不给这种害群之马手下留情。
91 2 2 1 2 0.377
游戏虽然吸引人，但是只要有人的地方就有江湖，好胜心过剩等原因导致了部分用户开始走上了外挂这条不归路。
92 7 5 1 1 0.657
原因在于一款新崛起的游戏黑马——《绝地求生：大逃杀》。
92 10 7 1 1 0.779
在游戏中，当玩家赢得最后胜利时，屏幕上会显示“大吉大利，晚上吃鸡。”所以，在《绝地求生》玩家语言体系中，这款游戏也被称为“吃鸡”。
92 16 11 1 1 0.617
《绝地求生》流行度如火箭般蹿升，被行业认为是一起标志性事件：长期被MOBA（多人在线战术竞技游戏，以《英雄联盟》为代表）游戏把持的PC游戏市场，在以《绝地求生》为代表“大逃杀”类型冲击下，有了松动的可能。
92 20 15 1 1 0.679
相比其他网吧同行们，上海杰拉网咖迎合“吃鸡”玩家的举动更为张扬。
92 22 16 2 2 0.628
海报以网费奖励、免费网络加速为卖点，吸引玩家“吃鸡”。
92 21 16 1 2 0.468
在直达该网吧所在楼层的电梯中，带有“绝地求生主题网咖”字样的宣传海报极为显眼。
92 25 18 2 2 0.61
专为一款游戏更新主机硬件，从这一点看，《绝地求生》贡献可能不亚于初登陆中国时的《魔兽世界》。
92 24 18 1 2 0.417
网吧从业者们甚至已经掀起了一波配置更新的高潮。
92 37 24 2 2 0.646
该报告表示，"吃鸡"风暴再次点燃了PC游戏的热潮，也将带动中国高性能PC市场的进一步发展。
92 36 24 1 2 0.492
国际数据公司（IDC）在发布的一份《绝地求生》相关报告认为，为了拥有更好的游戏体验，玩家毫不吝惜装备上性能更强大的处理器及显卡，为自己的游戏设备进行升级。
92 61 40 1 1 0.634
腾讯是最接近获得《绝地求生》游戏中国代理权的公司。
92 82 51 1 3 0.675
罗伊认为，如果腾讯不拿下《绝地求生》而拱手让给竞争对手，未来其游戏市场份额一定会被吃掉。
92 83 51 2 3 0.143
因此在投资方面，参股蓝洞作为战略防御也是有意义的。
92 87 54 1 2 0.698
尽管不曾挑明，早早抢先发布吃鸡手游的网易和小米，已认定这场“吃鸡狂欢”是弯道超车的腾讯的机会。
92 88 54 2 2 0.384
实际上，在10月拿到版号并在11月迅速上线后，网易《荒野行动》、《终结者2：审判日》与《小米枪战》已相继将腾讯的《王者荣耀》从AppStore免费榜第一拉下。
92 102 62 1 1 0.634
实际上，在各大手游社区，大逃杀类游戏专区日渐火爆的讨论规模，都显示了该类游戏的潜力。
92 103 63 1 1 0.643
大逃杀手游的机会，腾讯自然不会缺席。
92 105 64 2 2 0.615
而腾讯官方直白表明，这是一款吃鸡手游。
92 104 64 1 2 0.435
就在11月4日，腾讯上线预告页，预计将在11月8日上线一款新游戏。
92 108 66 2 2 0.677
据界面新闻记者了解，腾讯“吃鸡手游”已接近获得版号。
92 107 66 1 2 0.392
但对于先行一步的小米和网易，腾讯的快速跟进已经足够让他们感到威胁。
93 2 2 1 1 0.682
不过，扫描页面上的二维码后，答案似乎更加清晰了，原来并非是腾讯要代理国服《绝地求生》，而是将会推出一款手游，估计这应该会是一款大逃杀类手游，此前腾讯确实有过几次关于吃鸡游戏的问卷调查。
95 5 4 1 3 0.639
今年以来，《绝地求生》成为一大热点，游戏玩家竞相追逐。
95 6 4 2 3 0.384
根据游戏平台SteamStats的数据统计，截止到10月29日，该游戏销量达到1723.91万套。
95 8 5 1 1 0.701
一位资深游戏测评师在听到《证券日报》记者提起《绝地求生》时，连呼了三声“奇迹”，“《绝地求生》的英文名是《Playerunknown’sBattlegrounds》，这个Playerunknown是个传奇的游戏玩家，他发明了这种游戏模式，做过几个大逃杀的mod，上次在h1z1那个游戏中火了一把，这次联合韩国蓝洞公司直接做成了独立游戏。《绝地求生》属于逃生类游戏，胜者只有一个，胜利后屏幕上会显示‘大吉大利，今晚吃鸡’，因此该游戏更通俗的名字叫做‘吃鸡’，今年暑期开始风靡全球，绝对称得上是年度最火爆的游戏，没有之一”，他说。
95 11 7 1 2 0.659
同时，小米互娱也蹭上“吃鸡”热点。
95 12 7 2 2 0.793
10月18日，小米游戏官方微博表示：“2017注定是鸡的受难年，难挡玩家们对吃鸡的热情，《小米枪战》‘吃鸡’玩法终于开测了！”随后，小米创始人雷军也转发了该消息，并向网友推荐这款游戏，落实进军“吃鸡模式”。
97 1 1 1 3 0.722
【PConline资讯】《绝地求生：大逃杀》俗称“吃鸡”，它的火爆相信大家都有所耳闻了。
97 2 1 2 3 0.784
“吃鸡”成功带热了“大逃杀”类游戏，但这类游戏似乎迎来了主管部门的表态。
97 3 1 3 3 0.211
有消息称，近日中国音像与数字出版协会游戏出版工作委员会向国家新闻出版广电总局业务主管部门咨询了有关游戏出版管理政策，主管部门表示此类游戏不利于青少年消费者的身心健康。
98 8 4 3 3 0.697
而今日该消息一出，让无数觊觎“吃鸡游戏”的国内游戏开发者们心凉了一大截。
98 7 4 2 3 0.545
它的热度蔓延至中国市场，让周杰伦、林更新等明星、电竞选手和网红主播们纷纷转战直播“吃鸡”吸引人气，堪比同为端游的《英雄联盟》和《守望先锋》。
98 9 5 1 1 0.732
《绝地逃生》自今年三月海外发售以来销量一路看涨，目前累计销量已经突破了1700万套，这款被网友昵称为“吃鸡”的逃亡类射击端游已经逐渐席卷中国市场，并引得中国各大游戏厂商摩拳擦掌，跃跃欲试着代理或打造出一款中国版“吃鸡游戏”，而手游自然是一大切入口。
98 11 6 2 2 0.817
于是吃鸡也成了玩家给这款游戏的特殊昵称。
98 10 6 1 2 0.545
在《绝地求生》的游戏中，玩家取得最后的胜利之时，屏幕便会显示“大吉大利，晚上吃鸡”几个大字，有人认为，这句话源自电影《决胜21点》，英文原版是“WINNERWINNER，CHICKENDINNER”，在很久以前，拉斯维加斯的赌场有一份鸡肉土豆的套餐，售价1.79美刀，而赢一次赌局的标准回报是2美刀，也就是说，只要赢一局晚上就有鸡吃。
98 12 7 1 2 0.674
《绝地求生》由Bluehole与《H1Z1》、《武装突袭3》“大逃杀”模式制作人Playerunknown联合开发的第一人称射击类大逃杀游戏，每一局游戏将有100名玩家参与，他们将被投放在绝地岛上，在游戏的开始时所有人都一无所有。
98 13 7 2 2 0.269
玩家需要在岛上收集各种资源，在不断缩小的安全区域内对抗其他玩家，让自己生存到最后。
98 17 9 1 2 0.623
不仅如此，《绝地求生》衍生产业也在短时间内运营的“风风火火”，除了游戏主播搭上这班现象级游戏的早班车外，外挂产业链更是频频登上新闻报道。
98 18 9 2 2 0.54
9月初，就在《绝地求生：大逃杀》游戏处于高歌猛进的阶段时，发生了一件令玩家扼腕叹息的大事件：斗鱼主播魔音糯米与电竞元老人物黄旭东针对外挂问题的线下约架，被永久封号。
98 20 10 2 2 0.856
于是不少游戏厂商纷纷瞄准这款游戏或“吃鸡模式”，根据《绝地求生》的设计思路打造同类型的“吃鸡”游戏，。
98 19 10 1 2 0.546
这样的现象级效应似乎让游戏厂商瞥见了彼时《英雄联盟》的盛景，它不仅是一款成功的现象级MOBA竞技类端游，也催生了同为现象级手游的《王者荣耀》的火热。
98 22 12 1 1 0.648
尽管游戏厂商不在少数，但目前仍尚未有一款产品在“吃鸡”手游中占据“霸主”之位，各大厂商仍在觊觎着这片空白并的实现着想法，小米便是其中之一。
98 23 13 1 4 0.65
不过小米并不是第一个要“吃鸡”的大厂商。
98 24 13 2 4 0.553
今年九月，腾讯便曾“暗示”要拿下《绝地求生》。
98 28 15 1 2 0.603
如果说腾讯的回应有些模棱两可，那么小米则是坚定了进军“吃鸡手游”的决心。
98 29 15 2 2 0.807
不久前，小米游戏官方微博更新博文：2017注定是鸡的受难年，难挡玩家们对吃鸡的热情，《小米枪战》‘吃鸡’玩法终于开测了！随后，雷军也转发了该消息，并向网友推荐这款游戏，落实进军“吃鸡模式”。
98 30 16 1 2 0.708
据了解，这款由西山居以及小米共同打造的全新“吃鸡手游”《小米枪战》，即将正式发售，成为第一批正式发布的吃鸡游戏之一，而《小米枪战》也是小米电竞首款战略级产品。
98 31 16 2 2 0.319
《小米枪战：全民吃鸡》将于10月30日召开新品发布会，这场发布会上，EpicGames大中华区总经理也会亮相站台，有消息称雷军也会出席，双方或会公布重大合作。
98 32 17 1 2 0.776
从各路游戏大神对游戏的测评感受来看，在品质良莠不齐的“吃鸡”类手游中，小米这款《全民枪战》实属良心。
98 33 17 2 2 0.377
尽管如此，从广电总局的表态中，仍然让玩家忍不住“后怕”。
98 34 18 1 2 0.659
从广电总局的表态中可以看到，对于“吃鸡”类大逃杀游戏持明确否定态度。
98 35 18 2 2 0.391
而在文章中明确指出，广电总局认为，对于“大逃杀”这类鼓励杀戮、尤其单纯以杀死其他游戏玩家扮演的角色为手段实现最终目的的游戏，“严重偏离我国社会主义核心价值观和中华民族的传统文化习惯与道德规范，不利于青少年消费者的身心健康。”并对此类型游戏“明确持有否定态度，将难以获得出版运营许可。”
98 37 20 1 3 0.724
电竞、直播等平台不得为此类游戏提供宣传、推广服务瞬间打倒了一整片人，毕竟《绝地求生》带动的“吃鸡热”很大一部分源自于互联网的全民“吃鸡”现象。
98 38 20 2 3 0.656
不仅有周杰伦、林更新、陈赫等明星进行“吃鸡”直播，一些电竞游戏主播赶着这波吃鸡热潮，也纷纷背靠这颗人气“大树”在互联网中吸引粉丝。
98 39 20 3 3 0.698
面对前赴后继的“吃鸡”大军，网友们不禁感叹：现在的主播不是在吃鸡，就是在吃鸡的路上。
98 40 21 1 2 0.653
娱乐独角兽认为，广电总局侧重点在于“杀戮”与“对青少年造成不良影响”，或许游戏厂商可以将吃鸡游戏“整整容”，对“吃鸡”规则稍作整改，被击败的玩家只是丧失“逃生”世界的游戏资格而不是被“杀害”。
98 41 21 2 2 0.745
尽管尚未拿到许可证的“吃鸡游戏”或许拿证无望，但经过改头换面摇身一变成为一款“清新版”枪战类游戏也不无可能。
98 42 22 1 2 0.614
而经过改头换面的“吃鸡游戏”是否能够成为下一个《王者荣耀》，不仅是游戏质量决定的，市场的推动力与全民号召力也尤为重要。
98 43 22 2 2 0.639
对于“吃鸡游戏”的下一步监管是否会有所行动，我们不得而知，或许“吃鸡游戏”在中国的本土化发展或许不会有想象中的那么简单，但是哪一款现象级游戏又是一帆风顺着走过来的呢？
99 1 1 1 1 0.652
要说近两个月来国内最火爆的游戏，不是LOL也不是农药，而是由韩国开发商蓝洞（Bluehole）打造的《绝地求生：大逃杀》，也就是大家俗称的“吃鸡”。
99 8 5 2 3 0.65
《绝地求生》的上一款主播游戏，叫做《H1Z1》，它们的玩法相近，都是大逃杀类型游戏，也都因为国内网络传播的关系大火。
99 7 5 1 3 0.501
现在全网“吃鸡”刷屏像极了一年前全网“吸屁股”的景象，《守望先锋》刚发布的时候，也是瞬间火爆，但一年之后，就面临着玩家大量流失的尴尬。
99 9 5 3 3 0.429
《绝地求生》到底是昙花一现还是能够在大家视野中存活几年，这谁都不好说。
99 11 6 2 3 0.602
端游再照搬“吃鸡”已经没有意义，由于移植难度高、分身乏术等多种原因，蓝洞迄今没有制作《绝地求生》相关手游版本的计划，留下了一片不小的空白。
99 10 6 1 3 0.194
但热度当前，没有不蹭的道理。
99 12 6 3 3 0.527
不管这是一个好机会还是坏机会，经历过数年手游市场洗礼的国内诸多厂商没有丝毫的犹豫，8月底开始，多款“大逃杀”类型的手游陆陆续续进入测试阶段，估计它们的公测时间也会扎堆，一场吃鸡好戏即将拉开帷幕。
99 13 7 1 1 0.712
加入这部大戏的有网易大逃杀类手游《荒野行动》、《终结者2：大逃杀》；传言代理《绝地求生》尘埃未定的腾讯，至少有一个大逃杀手游在立项，《穿越火线：枪战王者》也试水大逃杀模式；蜗牛仍在预约状态的手游《方舟：方块世界》也打出了“神还原绝地吃鸡“的旗号宣传；英雄互娱旗下FPS手游《全民枪战2》卖力宣传新模式“全民大逃杀“，率先抢占先机。
99 16 10 1 1 0.645
且不谈游戏本身，“吃鸡”也已经成为玩家圈讨论热点，而没有Steam账号、PC性能带不动《绝地求生》、不愿买付费游戏、不愿投入每月VPN钱的玩家大有人在，同时他们又极渴望进入圈子，不至于被排挤出流行文化。
99 17 11 1 2 0.748
一时间，吃鸡手游成了游戏市场的“刚需”。
99 18 11 2 2 0.502
但目前大部分“大逃杀”类型的手游要么是在蹭热度要么只是放出来测试版，真正的诚意之作还是少之又少，这类游戏移植到移动端本身就很有难度，加上高质量的产品推出需要时间，所以就给了劣质山寨品们钻空子的机会。
99 19 12 1 2 0.622
截止到10月10日，AppStore付费榜TOP50至少有3款吃鸡游戏，一款名为《丛林大逃杀》的产品“荣登榜首”。
99 20 12 2 2 0.783
免费榜上也有很多标题里各种夹带大逃杀、吃鸡字眼的游戏，一款《大逃杀绝地吃鸡》排到了第2名。
99 21 13 1 1 0.604
这些挂羊头卖狗肉的作品玩起来到底如何，早已被垃圾手游荼毒多年的移动玩家们基本心中有数，但耐不住想在手机上玩吃鸡的人太多了，在TapTap上《丛林法则：绝地大逃杀》测试服已经有565万人安装，并有4.2万玩家对游戏进行了评论；正式服也已经有200多万预约，可想而知这是有多饥渴。
99 25 16 1 1 0.654
《绝地求生》的官方手游大概和这个游戏的PC版国服一样难等。
99 38 23 2 3 0.67
国庆前夕，腾讯Wegame平台在其官方微博写到“大吉大利，____吃鸡？敬请期待！”，并配上了《绝地求生：大逃杀》的游戏截图。
99 37 23 1 3 0.506
代理《绝地求生》剧情正扑朔迷离着。
99 39 23 3 3 0.334
差点骗得一大堆吃瓜群众欣喜若狂，就差大喇叭宣告国服有戏。
99 54 30 2 3 0.661
《绝地求生》成为直播大热门之后，原本大量的《守望先锋》玩家/主播直接转成了吃鸡生力军。
99 53 30 1 3 0.588
吃鸡还无意中映衬了一个“昨日黄花”，不过说《守望先锋》的人气是被吃鸡挤掉的这也不太对，因为早在吃鸡没来之前，《守望先锋》就已经弱势了。
99 55 30 3 3 0.383
幸亏《守望》好歹是一款正式进入电竞化的MOBA，电竞赛事的宣传和成功让它可以稍稍逆转一些。
100 1 1 1 2 0.651
18日傍晚，小米游戏在微博中宣布《小米枪战》开启“大逃杀”模式的公测，而小米CEO雷军转发了这条微博，并配上“大吉大利，晚上吃鸡”的字样。
100 2 1 2 2 0.693
对此有网友调侃“自古以来都是鸡吃小米，有生之年竟然能看到‘小米吃鸡’了！”
100 3 2 1 2 0.655
表面调侃的话语，实际上反映出了对于小米将“吃鸡”游戏从PC转移到手机平台的肯定态度。
100 4 2 2 2 0.703
实际上，小米并非第一家入局手机“吃鸡”的厂商，早在今年10月，网易就公布了自营手游《荒野行动》中的“吃鸡”画面，并预备在11月开启公测。
100 5 3 1 3 0.822
说到“吃鸡”游戏，其实是《绝地求生大逃杀》的别名。
100 6 3 2 3 0.418
该款游戏自今年3月上线以来迅速风靡全球，受到各国玩家的喜爱，其吸金能力也格外引人瞩目。
100 7 3 3 3 0.639
不过，本身为PC游戏的《绝地求生》被转移到手机上，也反映出了手机厂商可能是想通过“现象级”游戏带动硬件销量的意图。
100 9 5 1 3 0.699
可能许多人对于火遍各大互联网社交平台的“大吉大利，晚上吃鸡”有不知所云的感觉，其实这句话就出自《绝地求生》这款游戏中。
100 10 5 2 3 0.622
每当玩家获得第一名，就会出现“大吉大利，晚上吃鸡”这句台词。
100 11 5 3 3 0.372
当然，很多人不玩游戏，很多人玩了但没拿过第一，所以不知道这个梗。
100 15 7 2 3 0.601
而在今年下半年，《绝地求生》又吸引了众多中国玩家的注意力。
100 14 7 1 3 0.552
提起现象级游戏，中国玩家和业界最先想到的无疑是《王者荣耀》。
100 16 7 3 3 0.349
这款游戏自3月推出到目前为止，全球范围内销量超出1650万份，相关的估算结果表明，仅游戏本身的销售额就已超出25亿元，日活跃用户也突破了200万。
100 20 9 2 3 0.601
不过这倒是让许多本来门可罗雀的网吧获得了“新生”，许多网吧为了吸引顾客，也在“吃鸡”游戏上下了很大的功夫。
100 19 9 1 3 0.599
但问题在于，《绝地求生》不像《王者荣耀》可以轻易在手机上玩，因为这是一款PC端游戏，而且对电脑要求极高。
100 21 9 3 3 0.287
有网吧经营者表示：“这款游戏是在9月开始火起来的，9月份前，我们这里的平均上座率是30%，现在的平均上座率在70%左右。”
100 23 11 1 2 0.604
因为“吃鸡”对电脑要求高，除了去网吧之外，不少玩家会选择专门买一台游戏专用电脑。
100 24 11 2 2 0.632
在购物网站搜索游戏电脑，都会发现与“吃鸡”有关的字眼。
100 29 13 3 3 0.617
人们可以为了玩超级玛丽买FC红白主机，可以为了玩精品游戏买PSP，那么面对《王者荣耀》、《绝地求生》这类现象级游戏，人们也同样会为了它们更新自己的设备。
100 28 13 2 3 0.449
现象级游戏就是优质内容，而硬件则需在性能上下功夫。
100 36 17 2 2 0.621
而对于增速放缓的手机行业而言，“吃鸡”这类现象级游戏同样具备巨大的吸引力。
100 35 17 1 2 0.412
这样的增长速度很难不让人眼红，在PC端游戏行业，此种增速完全可以用“夸张”二字加以形容，而且这种增速还得以持续。
100 43 20 2 2 0.608
而近日有网友爆料称wegame拿下了绝地求生的代理权，并有望于近期过审，腾讯离代理“吃鸡”也不远了。
100 42 20 1 2 0.589
《绝地求生》火爆到服务器往往因不堪重负而掉线，而且该游戏虽然火爆但却一直未能开放国服。
100 47 23 1 2 0.641
各家厂商也正是发现了这一潜力，才致力于将PC端的“吃鸡”游戏与手机相结合。
100 48 23 2 2 0.392
不过，手机“吃鸡”的劣势仍然明显，比如操作不灵敏、画面不清晰、延迟严重、不能精确瞄准等等。
100 49 24 1 3 0.617
既然如此，那么可不可以针对游戏设计出专门的“游戏手机”呢？既然PC市场有游戏笔记本，那么游戏手机的想法应该也是可行的。
100 50 24 2 3 0.196
并且这种想法目前也被付诸实践。
