1 43 16 1 2 0.713
战术竞技有这个潜力。
1 44 16 2 2 0.252
绝地求生在steam上3200W份销售只是针对核心用户，那些有条件，有意愿解决重重麻烦，在steam上畅快对战的高端玩家，而中国市场足够下沉的二三线用户，腾讯将依靠“一端二手”的豪华阵容配置，来完成对他们的触达。
3 37 11 5 5 0.642
这或许是腾讯战略整合战术竞技游戏的最大优势。
3 36 11 4 5 0.425
而良好的联赛生态和直播环境又能反哺游戏本身，腾讯最终将打通网吧等线下终端，为绝地求生的全面发展提供新的触点。
18 26 16 2 5 0.665
Arma3算是比较早的战术竞技类游戏。
18 25 16 1 5 0.331
事实上这类游戏并不新鲜，游戏里早有Arma3（《武装突袭3》）、H1Z1:KOK等一众作品。
18 27 16 3 5 0.264
随后进入眼球便是H1Z1:KOK，曾经在一段时间里，“红衣军”、“国骂”也让这款游戏也成为公众关注的热点。
18 50 25 2 2 0.617
在MOBA、射击、跑酷、赛车等众多细分品类上创造出卓越成绩的腾讯天美工作室群，将在战术竞技品类上为玩家们带来怎样的惊喜？
18 49 25 1 2 0.506
曾出品过《王者荣耀》的腾讯天美工作室群将担任此次《PUBG》正版手游的开发重任，为广大竞技爱好玩家们在移动端完美还原《PUBG》游戏的经典玩法与乐趣。
86 28 15 3 3 0.616
以《英雄联盟》为代表的MOBA游戏（多人在线战术竞技游戏）已经进入疲软期，大逃杀的竞技模式给桌游市场带来了新的可能。
86 27 15 2 3 0.251
它满足的就是硬核玩家的诉求，它将直接取代《英雄联盟》的市场。
