1 31 11 2 5 0.602
在端游中，玩家已养成组队开黑的游戏模式。
1 30 11 1 5 0.346
而正版PUBG手游的期待不止于此，正如刺激战场现场公布的那样，腾讯的入局，将为刺激战场在社交化传播上再次加码。
1 32 11 3 5 0.304
2到4人的协作配合，大大增加游戏胜利可能。
2 4 4 1 1 0.634
而游戏预约官网上线后，仅24小时预约量便突破300万大关，玩家在表现出对《绝地求生：刺激战场》抱有极大期待的同时，也纷纷对这款正版吃鸡手游能否如期成为吃鸡游戏市场上的头部产品表示肯定。
3 23 8 1 1 0.638
游戏里，广大玩家渴望着登顶吃鸡；游戏外，各大厂商也在盘算如何顺利吃鸡，《绝地求生：刺激战场》的面世，一方面标志着PUBG正版手游正式入局，另一方面也意味着“吃鸡手游”在前期的圈地运动正式告一段落，战术竞技游戏品类在内容端的短兵相接正式拉开序幕。
6 11 9 2 2 0.685
接下来我们就测试一下索泰GTX1070Ti-8GD5TYLOO吃鸡战队联名定制版这款显卡在《绝地求生：大逃杀》这款游戏不同场景下的帧数表现，看看它能否驾驭得住！
6 10 9 1 2 0.312
但是本盒子精深深明白，吃鸡这款游戏的帧数相当不稳定，室内掉帧、开车掉帧、舔包掉帧，甚至部分麦田也会掉帧….，不稳定的帧数深深地困扰着玩家，如”帧数地狱”拼图楼不仅搜起来麻烦，帧数下降还特别严重，体验极差。
11 7 5 2 4 0.605
截至11月30日，拥有这款游戏的玩家数量已达到2251.29万。
11 6 5 1 4 0.544
根据Steamspy.Com的统计，自今年3月发布以来，这款游戏的玩家数量便一直在稳步攀升。
11 8 5 3 4 0.205
单是11月下半月，玩家数量便增加了7.16%。
12 8 6 2 2 0.6
在游戏PC领域，大家都知道华硕有玩家国度系列电脑以及周边产品，在手机领域，给大家推荐的这款华硕ZenFone4Pro也丝毫不含糊。
12 7 6 1 2 0.454
工欲善其事必先利其器，面对即将到来的四款“吃鸡”手游，装备肯定不能含糊啦。
14 8 4 1 1 0.695
最后官方宣布今日要发布两款吃鸡游戏，一款就是上述提到的正版《绝地求生》，下一款是《绝地求生：刺激战场》，这款游戏也是腾讯精心打造的吃鸡类手游，现在已经开放了预约，游戏将会比原作玩起来更爽快。
16 4 3 2 2 0.624
再加上此前的手游《CF-荒岛特训》，目前腾讯内部已有四款“吃鸡”手游同时竞争。
16 3 3 1 2 0.399
同日下午，腾讯正式上线首款百人战术竞技手游《光荣使命》，获马化腾在朋友圈进行推荐之余，还邀请了PDD、五五开、若风、Miss等100位主播进行跨平台同步直播，为其宣传造势。
16 8 6 1 1 0.714
上线8个月，销量突破2000万份、营收超25亿元，这款由韩国游戏公司蓝洞开发的《绝地求生》堪称今年PC端游戏传奇。
18 22 15 1 3 0.662
除了小米、网易、腾讯等互联网公司入局战术竞技类游戏外，还有很多娱乐明星的加入，比如陈赫、林更新等明星也开始成为了这款游戏的玩家，同时也为《绝地求生》这款游戏造了不小的声势。
18 23 15 2 3 0.296
甚至王思聪在游戏直播中“喷”林更新也一度成为微博的热门话题。
26 4 2 2 2 0.619
在11月27日，腾讯宣布将与蓝洞公司推出《绝地求生》正版手游，把原版PC游戏中的经典玩法与元素在手机端进行完美还原。
26 3 2 1 2 0.495
在达成战略合作后，腾讯加快了“吃鸡”类游戏的全面布局。
26 14 8 1 2 0.629
从《绝地求生》的一系列数据来看，这款游戏及其所创造的生存模式已经形成游戏产业的新风口。
26 15 8 2 2 0.441
目前《绝地求生》的全球销量超过2205万份，过去两周活跃玩家超过1600万，同时在线人数超过了240万，连续36周蝉联Steam一周销量榜榜首。
26 43 21 2 3 0.612
此前蓝洞已经明确表示，在中国手游市场上发现了20多款盗版《绝地求生》的手游产品，这些手游产品不仅在人物美术、UI等方面均仿造《绝地求生》的素材设计，在游戏的宣传标语和名称上都与《绝地求生》高度相似。
26 42 21 1 3 0.443
然而繁荣之下绝非没有隐忧，原因在于网易和小米等厂商推出的“吃鸡”游戏并没有得到蓝洞的授权。
26 44 21 3 3 0.164
蓝洞官方称，正在收集证据，准备通过相关律师事务所，对涉嫌侵害《绝地求生》知识产权的行为采用法律手段。
28 5 3 2 2 0.61
腾讯目前也在紧锣密鼓的进行游戏筹备，双方团队也在配合当中，很快玩家就能看到这款手游上线测试。
28 4 3 1 2 0.381
与国服版《绝地求生》一样，手机版《PUBG》也将会在保持玩法的同时加入更多符合社会主义核心价值观的元素，内容上与当地的法规和政策保持高度一致。
31 2 2 1 1 0.637
近日由于国内吃鸡类手游的井喷式出现，终于引起了《绝地求生》制作公司蓝洞的不满，在游戏商店中竟然存在数十款类似吃鸡的手机游戏，这些游戏全部都对《绝地求生》进行了玩法上的抄袭，有些甚至连游戏内的道具都不放过统统“拿”了过来。
40 4 3 1 2 0.629
虽然大部分人把这款游戏当作射击游戏来玩，而技师更多时候喜欢把它当成一款会要命的赛车游戏。
40 5 3 2 2 0.147
没错，就是要人命！虽然游戏中出现的车型不多，但是他们的操作要求还是挺高的，我相信每一个开过车的朋友总有不小心翻车到直接GAMEOVER的时候。
41 2 1 2 2 0.661
小米、网易等大厂先后内测或公测了数款大逃杀手游，腾讯也在近日宣布代理《绝地求生》国服，整个游戏市场都呈现出“吃鸡”的热潮。
41 1 1 1 2 0.503
随着《绝地求生》的热度不断上升，大逃杀类型的游戏成了近期的一个热点。
41 28 17 1 2 0.6
目前Twitch上排名前5的游戏经常会出现《绝地求生》和《堡垒之夜》这两款大逃杀游戏。
41 29 17 2 2 0.404
前者的游戏内容注重写实，后者则偏向Q版，但是加入了建造的设定，玩法更加多变。
42 4 3 1 5 0.617
不过这次国内的各大游戏厂商反常的不顾警告，继续推出了自己公司的“吃鸡”类手游。
42 5 3 2 5 0.582
其中不乏小米、网易等大牌公司，而腾讯在这段时间内，也是公布了两款自己代理的吃鸡类手游——《光荣使命》和《穿越火线手游新内容：荒岛特训》。
42 6 3 3 5 0.616
大多数玩家仅仅以为腾讯在《绝地求生》游戏上的行动仅仅只停留在手游上。
42 7 3 4 5 0.228
而腾讯在官宣中也表示，公司将与PUBG公司遵循主管部门的相关指导意见，对游戏中不符合相关规定的内容进行调整，并进一步突出游戏的团队协作和公平竞技属性，确保符合社会主义核心价值观，符合中华民族的传统文化习惯与道德规范。
43 3 1 3 4 0.633
吃鸡游戏的大火，吸引很多对射击类游戏不感兴趣的人，投身吃鸡行列。
43 2 1 2 4 0.249
每局100人空投到绝地岛上，玩家赤手空拳地降落在岛屿的各个角落，利用岛上多样的武器与道具互相搏击和逃跑，最终只留一人可以吃鸡。
43 4 1 4 4 0.12
但是，新手上路，容易翻车。
47 1 1 1 1 0.64
最近一段时间“吃鸡”游戏可以说是火爆全国，不论是《绝地求生》还是手机上各大国内游戏厂的“大逃杀”游戏，都吸引了很多游戏玩家。
49 8 4 1 2 0.614
今天网易的《荒野行动》就将正式登陆PC端了，被外挂、网络折磨够了的玩家不妨去体验下国服吃鸡，腾讯代理的《绝地求生》还没有上线日期，网易这波闪电战打得相当漂亮，相信有着手机版的高人气，这款游戏的PC版也值得期待。
49 9 4 2 2 -0.151
（潘达）
50 21 8 3 5 0.627
《绝地求生》是一款大逃杀类的游戏，腾讯代理国服之后应该不会在游戏基本模式上进行改变，可能会移除游戏内的暴力内容。
50 20 8 2 5 0.265
秋菱表示，腾讯只要不乱改游戏内容，她还会是一个忠实的吃鸡者。
50 22 8 4 5 0.375
在代理之前，《绝地求生》中文版的血经过和谐为绿色。
50 42 14 2 3 0.634
电竞教育的内容始终是跟着游戏走，会随着MOBA类游戏、FPS类游戏市场反应来更新迭代教育内容。
50 41 14 1 3 0.521
“腾讯代理国服之后，这款游戏将会迎来第二春，而我们也要迅速着手准备《绝地求生》游戏的教育内容。”从事电竞教育的创业者黄晓天说道。
50 43 14 3 3 0.415
《绝地求生》的正式代理，也为电竞教育部分提供了多元化的内容。
51 6 3 2 3 0.607
而反观网易、金山等游戏公司知道自身条件无法满足PUBG公司，于是就剑走偏锋的开发起了手机版的吃鸡游戏，并顺利打破手游被腾讯“屠榜”的局面，《王者荣耀》也失去了冠军宝座。
51 5 3 1 3 0.314
与《绝地求生》的谈判似乎进行的并不顺利，曾经网络传言腾讯已经可以顺利收购这个游戏公司，但似乎遇到了难以解决的困难，谈判迟迟没有结果，直到22日才谈下《绝地求生》的独家代理权。
51 7 3 3 3 0.308
这可能也是腾讯决定与PUBG达成协议的重要因素，在《英雄联盟》、《王者荣耀》人气渐淡，《穿越火线》又被《CS：GO》等逐步赶超的时候，无论做出多大的让步，也急需把《绝地求生》拿下。
51 21 12 1 2 0.613
不仅局限于《绝地求生》这款游戏，腾讯的目的很可能是通过这款游戏而展开一系列同类型游戏的发展计划，在LOL刚刚加入腾讯阵营时，公司不仅仅让《英雄联盟》吸收了众多玩家，也打开了MOBA游戏的大门，为日后推出《王者荣耀》起到了至关重要的作用，同时开启了主机与手机的电竞模式。
51 22 12 2 2 0.481
《绝地求生》的加入很可能会影响到正在测试中的腾讯吃鸡手游《光荣使命》，学习了最纯正的吃鸡元素后也有了追赶《荒野行动》等一众吃鸡手游的底气与希望。
54 10 5 1 3 0.6
在“吃鸡”大火特火之后，手机游戏厂商也不甘示弱，纷纷推出了旗下的“吃鸡”类手游。
54 11 5 2 3 0.427
其中比较出名的是网易的《荒野行动》还有腾讯的《荒岛特训》。
55 3 1 3 3 0.69
预计不久这款吃鸡游戏就将上线WeGame。
55 2 1 2 3 0.22
腾讯一方表示，已于PUBG公司达成战略合作，已经获得了中国的独家代理权。
57 5 4 1 3 0.631
由韩国游戏厂商Bluehole研发的PC游戏《绝地求生：大逃杀》（俗称“吃鸡”游戏）自今年3月份在Steam平台上线以来在全球范围内获得了巨大的反响，热度迅速上升。
57 6 4 2 3 0.45
根据Steam数据，在Steam平台上前十游戏市场中，《绝地求生》迅速占据第一。
58 2 2 1 2 0.607
《PUBG》实际上就是目前正风靡中国游戏市场的“吃鸡”游戏《绝地求生》。
58 3 2 2 2 0.436
自2017年3月正式上线以来，《PUBG》全球累计销量已经超2000万份，并打破多项吉尼斯世界记录，同时囊获2017年英国金摇杆奖的最佳多人游戏与最佳PC游戏等一系列国际大奖。
62 6 4 1 2 0.621
说到“吃鸡”不得不提到韩国Bluehole（蓝洞）公司开发的《绝地求生：大逃杀》，是一种PC端的第一人称射击游戏，在全球游戏发行平台Steam上线后，吸引了大量中国游戏玩家，由于获胜时，会有一句“大吉大利，今晚吃鸡！”的祝贺语，因此《绝地求生》也被称为“吃鸡游戏”。
62 7 4 2 2 0.537
此后这一类的大逃杀性质的游戏都被称作“吃鸡游戏”。
63 23 9 2 2 0.645
在业内看来，正是这款游戏让腾讯在MOBA类游戏积累了足够的经验和技术，从而在去年开发出了爆款游戏《王者荣耀》。
63 22 9 1 2 0.448
2015年，腾讯全资收购了《英雄联盟》开发商RiotGames100%的股份，从而奠定了其在MOBA类游戏的霸主地位。
63 47 21 5 5 0.618
目前，这款游戏的预约用户已经达到2200余万。
63 46 21 4 5 0.289
据了解，在腾讯即将推出的《光荣使命》中，摩拜单车也可能会亮相。
64 4 3 1 1 0.654
在《绝地求生：大逃杀》开始火爆后不久，一个位于越南河内的游戏开发团队开始开发一款名为《BulletStrike:Battlegrounds》的“吃鸡”手游，并在7月就开始了Alpha测试。
64 13 9 1 2 0.63
这款游戏不久前刚刚公布了自己取得的成绩：在发售7个多月后，游戏在Steam平台的销量超过了2000万套，而这其实还是一款正处于EA（抢先体验）阶段的游戏，并不算是一款开发完成的游戏。
64 14 9 2 2 0.396
在制作人的计划中，游戏将会有7张地图，而目前玩家还只能体验到其中一张海岛地图。
64 26 18 1 2 0.652
据消息人士透露，网易内部同时开发的“吃鸡”玩法手游至少6款，其中《荒野行动》还在开发端游版本。
64 27 18 2 2 0.608
而在另外一家大厂腾讯内部，除CF手游的“吃鸡”模式外，几乎每个工作室内都有独立开发的“吃鸡”玩法的游戏，这其中多数是手游，当然也有例外——比如开发了网游《天涯明月刀》的北极光也正在开发一款代号“Europa”的PC平台游戏。
64 44 29 1 1 0.723
而在今年3月这款手游开始双端技术测试时，这款游戏还只是一款普通的3D冒险射击手游，在今年520网易的发布会上展示的宣传视频也可以看出包含传统射击和载具对抗等模式，随后《绝地求生》的流行让开发团队转变了方向，使这款游戏最终也成为了一款“吃鸡”手游。
64 64 41 1 2 0.603
《光荣使命》手游是由巨人开发、腾讯极光代理的，而这款游戏之前曾经在TapTap上以《丛林大逃杀：TheLastOne》的名义进行宣传，也是TapTap平台上第一款预约过百万的游戏，不过当时开发团队对外宣传是一个创业小团队，实际上却是巨人旗下一个游戏团队开发的。
64 65 41 2 2 0.558
由于巨人在几年前和南京军区合作开发过一款名为《光荣使命》的射击网游，猜测是在业务主管部门表态后将《丛林大逃杀：TheLastOne》的玩法套上了这个相对安全的IP。
67 7 5 1 2 0.617
腾讯内部将《光荣使命》产品定位为“首款百人对抗竞技射击手游”，游戏玩法类似于韩国公司蓝洞（Bluehole）开发的网络游戏《绝地求生：大逃杀》。
67 8 5 2 2 0.442
如果你希望在手机上体验到大地图百人实时对抗的玩法，或者是像《王者荣耀》一般与微信、QQ好友共同“吃鸡”，这正是腾讯希望在《光荣使命》能达到的玩法特性。
67 17 10 1 1 0.604
刘炽平还提到，即将发布的代理产品《光荣使命》，以及《穿越火线》“荒岛特训”更新版，两款游戏分别都取得了超过2000万用户的预约注册，体现了市场对此类游戏的热情和兴趣。
68 12 5 3 3 0.612
只不过，上述几款游戏都是手游模式，给国内不能正儿八经玩上国服版“吃鸡”游戏的玩家们过过大逃杀的瘾罢了。
68 11 5 2 3 0.45
腾讯和巨人合作推出的“吃鸡”手游——《光荣使命：使命行动》已于11月8日开始预约，截至目前已有超过380万玩家预约。
70 1 1 1 2 0.677
随着《绝地求生：大逃杀》这款“吃鸡”游戏的大热，国内互联网公司也陆续推出了“吃鸡”风格的手机游戏。
70 2 1 2 2 0.221
游戏怎么样咱们今天暂且不提，而是来看看，国内这些“吃鸡”手游中，有哪些画风清奇的营销植入，不知道大家都注意到没？
71 21 13 1 2 0.638
关于接下来的游戏布局，腾讯在财报中罕见地提及一款还未上线的游戏产品——《光荣使命》。
71 22 13 2 2 0.568
腾讯称，“2017年11月，我们的代理生存类射击游戏《光荣使命》及《穿越火线手游》更新版开始预约注册，两项游戏均取得热烈的反应。”
71 24 15 1 1 0.602
此前，韩国公司蓝洞（Bluehole）开发的网络游戏《绝地求生》在中国受到了广大玩家的追捧，成为继《王者荣耀》后，又一款现象级游戏。
72 4 3 2 3 0.635
在这款游戏里，100名玩家空降到孤岛上相互厮杀，最终一名或一队玩家存活胜出，获得恭贺语“大吉大利晚上吃鸡”，游戏也因此得名“吃鸡”，此类规则玩法下的游戏也被称为“吃鸡”模式。
72 3 3 1 3 0.511
“吃鸡”是玩家对《绝地求生：大逃杀》的另一个称呼。
72 5 3 3 3 0.274
它的势头已经不亚于当年的《魔兽世界》，在网吧成“霸屏”之势。
72 6 4 1 3 0.629
PC端的火爆燃烧到了手机端，“吃鸡”类游戏对《王者荣耀》形成了围剿之势。
72 7 4 2 3 0.726
在苹果手机AppStore免费游戏应用排行榜里，网易和小米开发的三款“吃鸡”游戏一度超过《王者荣耀》。
72 8 4 3 3 0.51
而腾讯也在近日开启了两款吃鸡手游《CF：荒岛特训》、《光荣使命：使命行动》的预约。
72 16 10 1 1 0.683
在steam游戏热销商品榜单上，《绝地求生：大逃杀》排第1，排第5名的是游戏《H1Z1》，这款游戏被视作《绝地求生：大逃杀》前身。
72 23 15 2 2 0.629
在PC端游戏已经成功培育市场的前提下，国内游戏厂商纷纷以手游方式开启“吃鸡”。
72 22 15 1 2 0.296
“对于国内用户来说，手游门槛更低一点，用户基础更大一点，会有更多的新用户进来。”艾瑞互娱研究副总监郭成杰称。
75 2 1 2 2 0.605
而不少FPS游戏厂商也在原游戏的基础上推出了“吃鸡”模式，让喜欢FPS的玩家可以直接体验吃鸡的乐趣，其中FPS大作《战争前线》就是这类游戏中的一员。
75 1 1 1 2 0.37
【TechWeb报道】11月13日消息，随着《绝地求生》的在线人数的激增，越来越多的厂商都抓紧开发自家的吃鸡游戏，希望能借着这个热潮再赚一笔。
78 2 1 2 3 0.649
所谓“吃鸡”游戏，指的是大逃杀类的FPS/TPS游戏，PC上的《绝地求生：大逃杀》把这类游戏的热度推向了顶峰。
78 1 1 1 3 0.299
【PConline杂谈】说起最近最火的游戏类型，“吃鸡”应该就是最佳答案了。
78 3 1 3 3 0.396
在《绝地求生：大逃杀》中，玩家们会空降到一个孤岛上，拾取武器来和其他玩家相互残杀，还需要跑步或者利用载具来逃离危险区域，最后生还的一人或者一队，就能获胜，游戏也会弹出“大吉大利，今晚吃鸡”的恭贺语句。
78 11 4 2 2 0.6
首先对“吃鸡”最热衷的可能是网易了，它现在总计出品了两款“吃鸡”游戏，分别是《荒野行动》以及《终结者2：审判日》，两款游戏均已上线运行。
78 10 4 1 2 0.409
我们先来了解一下国内都有什么厂商出了“吃鸡”游戏。
78 12 5 1 3 0.723
而小米则出品了一款“吃鸡”游戏《小米枪战》，不过小米对这款游戏的投入非常大，游戏由和小米有渊源的西山居工作室开发。
78 13 5 2 3 0.469
西山居工作室也算赫赫有名了，它开发的《剑侠情缘》系列网游在国内风生水起，实力还是有目共睹的。
78 17 7 1 2 0.605
目前，网易、小米旗下的三款“吃鸡”手游，在苹果AppStore上，已经对《王者荣耀》形成了包围之势！网易的两款“吃鸡”手游登上了Top1、Top2，而《小米枪战》则在Top4紧逼《王者荣耀》。
78 18 7 2 2 0.357
当腾讯的《光荣使命》上线后，势必还会进一步分流玩家，曾经的第一手游《王者荣耀》跌出前三，恐怕并非危言耸听。
78 22 9 1 2 0.604
几款“吃鸡”手游都传承了《绝地求生：大逃杀》的大量优点，例如游戏模式几乎原版照搬，《小米枪战》由于和《绝地求生》同样使用了虚幻4引擎，因此一些素材、建模甚至都一模一样。
78 23 9 2 2 0.44
不过，“吃鸡”类游戏登陆到手机平台，也带来了移动平台特有的优点，例如随时可以联机，而像腾讯这样的厂商还能够直接让游戏接入微信、QQ庞大的社交圈——腾讯IM的助推力到底有多恐怖，相信大家都心中有数。
79 4 3 1 2 0.624
蓝洞官方表示，此次在中国手游市场上发现了20多款盗版《绝地求生》的手游产品。
79 5 3 2 2 0.567
这些手游产品不仅在人物美术，UI等方面均仿造《绝地求生》的素材设计，在游戏的宣传标语和名称上都与绝地求生端游高度相似。
83 1 1 1 1 0.617
昨日，腾讯最新手游《光荣使命》预约发布，正式加入战场，这也是腾讯在手游市场上首款百人对抗竞技射击手游。
83 3 2 2 4 0.604
截至11月5日，《绝地求生》的销量已达到1985万份，仅仅在10月份，这款游戏就销出了100万份。
83 2 2 1 4 0.577
大逃杀品类的游戏火了，最早是《H1Z1》，紧接着《绝地求生：大逃杀》后来居上。
83 4 2 3 4 0.598
网易和小米的手游产品《荒野求生》和《小米枪战》已经在AppStore游戏排行榜榜首会晤，将腾讯王牌产品《王者荣耀》挤落宝座。
84 13 7 1 2 0.604
这也是为什么，三款大逃杀手游上线不过一周便能超过《王者荣耀》，霸版Appstore免费畅销排行榜的原因。
84 14 7 2 2 0.468
但是，大逃杀游戏注定难以成为如同王者荣耀一般长期火热的现象级手游，越早入局越容易吸量，为什么呢？
84 25 16 2 3 0.654
这款游戏也注定难以成为王者荣耀一般长期火热的现象级游戏。
84 24 16 1 3 0.318
因此，对于这样的一类游戏，，不管是腾讯还是网易小米也好，越早在吃鸡热的过程中入局吸量的厂商，就越能在这个市场中掌握前期优势，沉淀后期那些真正的核心玩家。
84 26 16 3 3 0.341
既然是越早入局就越好，但实际上整个国内的吃鸡游戏市场谁赢得多呢？
85 3 2 1 2 0.647
不过《绝地求生》的原作厂商可看不过去了，韩国游戏厂商蓝洞（Bluehole）近日发现了国内手游市场上有大量类似的吃鸡游戏，这些游戏大多粗制滥造，而在游戏方式上直接照搬《绝地求生：大逃杀》，让人真的以为可以在手机上吃鸡。
85 4 2 2 2 0.394
这些游戏甚至在软件商店中排到了下载榜的靠前位置，不过它们却并没有获得蓝洞公司的授权，因此这些游戏都属于违法侵权，因此蓝洞公司决定采取相应措施。
86 3 2 2 4 0.739
早在今年的3月23日，韩国公司Bluehole开发了一款游戏《绝地求生大逃杀》，这款游戏在半年内引爆了全球的玩家市场。
86 2 2 1 4 0.261
这只鸡非常耐人寻味。
86 4 2 3 4 0.502
Bluehole的创意总监BrendanGreene今天在推特上宣布，该游戏的全球销量，已经突破了2000万份；在欧美市场，《绝地求生》在今年第三季度超越《英雄联盟》，成为直播平台最火的游戏作品。
86 10 5 2 2 0.603
今天凌晨，腾讯的这款吃鸡游戏终于浮出了水面：百人对抗竞技射击手游《光荣使命：使命行动》正式开启，目前已有超112.8万玩家预约。
86 9 5 1 2 0.115
3天的倒计时结束。
87 3 1 3 3 0.627
而在游戏排行榜中，《王者荣耀》也已彻底被“吃鸡”类游戏围攻。
87 2 1 2 3 0.464
预热3天，腾讯于今日上线手游新作《光荣使命》。
87 9 4 1 2 0.634
从游戏宣传片看，该游戏采用8kmx8km的超大尺寸地图，具备PC版《大逃杀》的大部分游戏因素，如汽车、汽艇等载具。
87 10 4 2 2 0.517
腾讯官方称，这款游戏支持好友一键组队，语音开黑等功能，并可同时支持百人上线对战。
89 14 5 2 5 0.662
一大波中小型游戏开发商和独立开发者将目光瞄准移动端的大逃杀类游戏。
89 13 5 1 5 0.55
现在，业内除了对腾讯是否会继续收购游戏开发商、代理游戏的国内平台的持续关注外，也在不断尝试将《绝地求生》的游戏模式与手机结合，类型游戏如过江之鲫。
89 15 5 3 5 0.538
据TapTap显示，目前“吃鸡”类游戏有近一百个，移动端的“吃鸡”一出现便受到玩家的关注。
89 16 5 4 5 0.635
墨一科技开发的《放逐游戏——大逃杀》，这款游戏目前的预约人数达到114万；霍尔果斯蓝鲸网络科技有限公司开发的《丛林法则：绝地大逃杀》有226万人预约。
89 17 5 5 5 0.444
在AppStore的付费榜中，《丛林大逃杀》依旧占据榜首位置。
92 7 5 1 1 0.607
原因在于一款新崛起的游戏黑马——《绝地求生：大逃杀》。
92 11 8 1 2 0.611
因为其新鲜刺激的玩法，这款售价98元人民币的游戏仅用半年时间就异军突起，迅速占领了社交媒体和斗鱼、熊猫等各大游戏直播平台。
92 12 8 2 2 0.358
根据百度指数的数据显示，其近期“绝地求生”搜索指数已经超过《英雄联盟》与《守望先锋》。
92 106 65 1 1 0.613
从游戏预告页发布的素材图来看，该游戏极有可能为手游平台TapTap上已经宣传多时的《TheLastOne》，此前该游戏曾名为《丛林大逃杀》，目前在TapTap上的预约量超过了170万，对TapTap来说，这属于相当少见的数据，尽管在多款吃鸡类游戏的冲击下已不再华丽。
98 9 5 1 1 0.638
《绝地逃生》自今年三月海外发售以来销量一路看涨，目前累计销量已经突破了1700万套，这款被网友昵称为“吃鸡”的逃亡类射击端游已经逐渐席卷中国市场，并引得中国各大游戏厂商摩拳擦掌，跃跃欲试着代理或打造出一款中国版“吃鸡游戏”，而手游自然是一大切入口。
98 11 6 2 2 0.68
于是吃鸡也成了玩家给这款游戏的特殊昵称。
98 10 6 1 2 0.345
在《绝地求生》的游戏中，玩家取得最后的胜利之时，屏幕便会显示“大吉大利，晚上吃鸡”几个大字，有人认为，这句话源自电影《决胜21点》，英文原版是“WINNERWINNER，CHICKENDINNER”，在很久以前，拉斯维加斯的赌场有一份鸡肉土豆的套餐，售价1.79美刀，而赢一次赌局的标准回报是2美刀，也就是说，只要赢一局晚上就有鸡吃。
98 20 10 2 2 0.68
于是不少游戏厂商纷纷瞄准这款游戏或“吃鸡模式”，根据《绝地求生》的设计思路打造同类型的“吃鸡”游戏，。
98 19 10 1 2 0.485
这样的现象级效应似乎让游戏厂商瞥见了彼时《英雄联盟》的盛景，它不仅是一款成功的现象级MOBA竞技类端游，也催生了同为现象级手游的《王者荣耀》的火热。
98 30 16 1 2 0.614
据了解，这款由西山居以及小米共同打造的全新“吃鸡手游”《小米枪战》，即将正式发售，成为第一批正式发布的吃鸡游戏之一，而《小米枪战》也是小米电竞首款战略级产品。
98 31 16 2 2 0.219
《小米枪战：全民吃鸡》将于10月30日召开新品发布会，这场发布会上，EpicGames大中华区总经理也会亮相站台，有消息称雷军也会出席，双方或会公布重大合作。
98 32 17 1 2 0.653
从各路游戏大神对游戏的测评感受来看，在品质良莠不齐的“吃鸡”类手游中，小米这款《全民枪战》实属良心。
98 33 17 2 2 0.239
尽管如此，从广电总局的表态中，仍然让玩家忍不住“后怕”。
98 41 21 2 2 0.606
尽管尚未拿到许可证的“吃鸡游戏”或许拿证无望，但经过改头换面摇身一变成为一款“清新版”枪战类游戏也不无可能。
98 40 21 1 2 0.367
娱乐独角兽认为，广电总局侧重点在于“杀戮”与“对青少年造成不良影响”，或许游戏厂商可以将吃鸡游戏“整整容”，对“吃鸡”规则稍作整改，被击败的玩家只是丧失“逃生”世界的游戏资格而不是被“杀害”。
99 19 12 1 2 0.696
截止到10月10日，AppStore付费榜TOP50至少有3款吃鸡游戏，一款名为《丛林大逃杀》的产品“荣登榜首”。
99 20 12 2 2 0.641
免费榜上也有很多标题里各种夹带大逃杀、吃鸡字眼的游戏，一款《大逃杀绝地吃鸡》排到了第2名。
100 41 19 3 3 0.657
不少手机厂商及网络运营商都非常看好这款游戏。
100 40 19 2 3 0.405
而下半年，则可能变成《绝地求生》的天下。
