1 1 1 1 3 0.649
在今日的腾讯游戏嘉年华中，正版PUBG手游正式揭开其面纱。
1 2 1 2 3 0.432
腾讯宣布旗下天美与光子两大工作室群均将承担正版PUBG手游的开发任务，并将与PUBG在未来的合作中重视赛事、内容、硬件三大生态的打造。
1 31 11 2 5 0.698
在端游中，玩家已养成组队开黑的游戏模式。
1 30 11 1 5 0.457
而正版PUBG手游的期待不止于此，正如刺激战场现场公布的那样，腾讯的入局，将为刺激战场在社交化传播上再次加码。
1 32 11 3 5 0.385
2到4人的协作配合，大大增加游戏胜利可能。
1 49 18 2 3 0.633
手游出海继承文化自信，游戏IP化卷入非游戏用户，是必须面临的两条道路。
1 48 18 1 3 0.428
当一个游戏希望超脱游戏本身，正如王者荣耀现在正在努力的那样，他需要成为一个文化符号。
1 50 18 3 3 0.432
“大绝地求生”的IP打造，或许会是腾讯在这个品类的最终野望。
2 4 4 1 1 0.666
而游戏预约官网上线后，仅24小时预约量便突破300万大关，玩家在表现出对《绝地求生：刺激战场》抱有极大期待的同时，也纷纷对这款正版吃鸡手游能否如期成为吃鸡游戏市场上的头部产品表示肯定。
2 6 6 1 1 0.628
随着吃鸡手游市场的日渐饱和，《绝地求生：刺激战场》在目前已经完美还原端游游戏体验的基础上，如何凭借其他优势在同类产品泛滥的当下杀出重围值得令人关注思考。
3 6 2 3 3 0.629
《全民突击》为腾讯游戏首开移动端TPS品类大门，《变形金刚》亦成为2017FPS端游巨作，作为FPS的变种，正版PUBG手游《绝地求生：刺激战场》花落光子工作室群，亦是看重其于射击游戏的深厚积累。
3 5 2 2 3 0.483
而FPS领域，正是光子工作室群的强项。
3 23 8 1 1 0.704
游戏里，广大玩家渴望着登顶吃鸡；游戏外，各大厂商也在盘算如何顺利吃鸡，《绝地求生：刺激战场》的面世，一方面标志着PUBG正版手游正式入局，另一方面也意味着“吃鸡手游”在前期的圈地运动正式告一段落，战术竞技游戏品类在内容端的短兵相接正式拉开序幕。
3 38 12 1 2 0.618
正版PUBG游戏在舆论的注视下几经沉浮，最后终于和腾讯合作落户中国市场。
3 39 12 2 2 0.587
如今全民吃鸡，手游市场更是各大厂家眼中的必争之地，究竟《绝地求生：刺激战场》能在这块肥沃的试验田里结出怎样的果实？等游戏正式问世那天我们终会看到答案。
5 4 4 1 2 0.631
目前，各家厂商的手游都还处于起步阶段。
5 5 4 2 2 0.507
黄凌冬表示，对于腾讯旗下的“吃鸡”手游而言，这个阶段最重要的还是强调正宗玩法和高品质游戏体验。
5 7 6 1 1 0.609
面对如此海量的“吃鸡”手游，玩家们拥有更多选择的同时，厂商就需要探索更多高品质的游戏内容和玩家们差异化的需求。
6 11 9 2 2 0.602
接下来我们就测试一下索泰GTX1070Ti-8GD5TYLOO吃鸡战队联名定制版这款显卡在《绝地求生：大逃杀》这款游戏不同场景下的帧数表现，看看它能否驾驭得住！
6 10 9 1 2 0.358
但是本盒子精深深明白，吃鸡这款游戏的帧数相当不稳定，室内掉帧、开车掉帧、舔包掉帧，甚至部分麦田也会掉帧….，不稳定的帧数深深地困扰着玩家，如”帧数地狱”拼图楼不仅搜起来麻烦，帧数下降还特别严重，体验极差。
10 26 16 1 2 0.626
GEFORCEEXPERIENCE简称“GFE”，为玩家提供卓越的PC游戏体验，让您的驱动程序时刻保持最新状态、一键优化游戏设置，还可以录制游戏视频、捕捉游戏画面。
10 27 16 2 2 0.188
GeForce?Experience?满足您的一切所需，更是GeForce?GTX显卡的完美搭档。
11 3 2 2 2 0.608
继腾讯独家代理运营PUBG端游国服之后，本周腾讯携手PUBG公司进一步宣布，作为战略合作的重要规划，双方确认将联合出品PUBG正版手游，意味着又一块“屏幕”即将被“吃鸡”游戏占领，新需求正在被激发。
11 2 2 1 2 0.114
开发商为此感到兴奋。
11 5 4 1 1 0.682
由韩国游戏厂商Bluehole研发的PC端游戏今年3月份于Steam平台上线，此后便在全球范围内获得巨大反响。
11 11 6 2 2 0.712
就国内情况而言，腾讯、网易及小米等游戏业巨头都已经推出“吃鸡”游戏，而手机端成为他们切入这一领域的新入口。
11 10 6 1 2 0.219
面对这一“现象级”事件，开发商们也燃起热潮。
11 15 9 1 3 0.642
在游戏销量火爆的背后，国内游戏行业正在迅速扩张。
11 16 9 2 3 0.369
中国文化娱乐行业协会本周发布的《2017年中国游戏行业发展报告》指出，移动游戏业全年约实现1122.1亿元营业收入，同比增长38.5%，在网络游戏行业中的市场份额占比达55.8%。
11 26 15 1 2 0.644
“吃鸡”游戏的直播也相当火热。
11 27 15 2 2 0.203
根据直播统计网站Gamoloco的数据，PUBG的频道共有2120个，位列第一。
11 28 16 1 2 0.647
□“大逃杀”类游戏，PUBG国服代理和手游开发：虽然游戏仍处于早期开发和测试服阶段，盈利模式还在探索之中，但游戏制作和发行绝对是产业中最具有想象力的一块蛋糕。
11 29 16 2 2 0.656
腾讯、网易、小米纷纷推出手游版“吃鸡”游戏，最为受益。
11 33 18 1 1 0.643
□游戏加速器：“吃鸡”游戏对网络延时的高要求让游戏加速器成为必需品，PUBG前期的优化和没有国服的问题有助于培育用户习惯，为游戏加速器提供商带来更多用户。
12 8 6 2 2 0.674
在游戏PC领域，大家都知道华硕有玩家国度系列电脑以及周边产品，在手机领域，给大家推荐的这款华硕ZenFone4Pro也丝毫不含糊。
12 7 6 1 2 0.452
工欲善其事必先利其器，面对即将到来的四款“吃鸡”手游，装备肯定不能含糊啦。
13 6 3 2 2 0.627
而《游戏世界：绝地求生》作为第一款以游戏蓝本做改编的网络大电影，很有可能综合目前看到的所有相关网络视频的优质内容、拍摄方式和特技，将一支真正属于玩家以及关注人群的大逃杀类电影呈现在电脑屏幕或是手机上，让观众随时随地都能畅快欣赏“吃鸡”的故事。
13 5 3 1 2 0.51
近期在各视频网站也有不少网友自制模仿绝地求生的视频短片，或以游戏对战细节还原仿真为主、或以游戏中出现的各种爆笑场面为主，视频点击量也是居高不下，深受观众欢迎。
14 2 1 2 2 0.613
就在12月1日腾讯游戏嘉年华开幕式上，腾讯正式发布了手机版吃鸡游戏，命名为《绝地求生》！
14 1 1 1 2 0.502
【TechWeb报道】12月1日消息，距离腾讯代理国服版《绝地求生》已经有一段时间了，近日不仅宣布了端游吃鸡的消息，手机版吃鸡也在紧锣密鼓的制作之中。
14 8 4 1 1 0.666
最后官方宣布今日要发布两款吃鸡游戏，一款就是上述提到的正版《绝地求生》，下一款是《绝地求生：刺激战场》，这款游戏也是腾讯精心打造的吃鸡类手游，现在已经开放了预约，游戏将会比原作玩起来更爽快。
16 4 3 2 2 0.669
再加上此前的手游《CF-荒岛特训》，目前腾讯内部已有四款“吃鸡”手游同时竞争。
16 3 3 1 2 0.393
同日下午，腾讯正式上线首款百人战术竞技手游《光荣使命》，获马化腾在朋友圈进行推荐之余，还邀请了PDD、五五开、若风、Miss等100位主播进行跨平台同步直播，为其宣传造势。
16 7 5 2 2 0.644
与最初的小米、英雄互娱、龙渊等一干游戏厂商各自圈地作战相比较，如今“吃鸡”市场快速向头部集中，腾讯的最大对手来自网易。
16 6 5 1 2 0.538
从另一方面看，腾讯紧锣密鼓地布局“吃鸡”矩阵，一定程度上映射出当前“吃鸡”市场竞争渐趋白热化。
16 8 6 1 1 0.616
上线8个月，销量突破2000万份、营收超25亿元，这款由韩国游戏公司蓝洞开发的《绝地求生》堪称今年PC端游戏传奇。
16 11 8 2 2 0.601
且随着王思聪、林更新、陈赫等明星玩家的加入，《绝地求生》在游戏直播平台及社交网络上日趋火爆。
16 10 8 1 2 0.555
“吃鸡”一说源自玩家赢得最后胜利时屏幕上显示的“大吉大利，晚上吃鸡”，此后，玩家将同类大逃杀性质游戏一概称为“吃鸡游戏”。
16 12 9 1 1 0.62
面对这么一款“引发市场新兴奋点”的现象级游戏，网易率先加入“吃鸡”大军，争抢先机斩获第一波“吃鸡”手游用户。
16 13 10 1 2 0.601
11月3日，网易抢先上架《荒野行动》、《终结者2：审判日》两款“吃鸡”手游，并在紧接着的周末里进行大范围的市场宣传，包括邀请若风、小苍、Miss等热门主播进行游戏直播；招募《荒野行动》手游玩家主播。
16 14 10 2 2 0.466
而后，网易董事局主席丁磊亲自为自家“吃鸡”手游站台，与明星柳岩组队直播“吃鸡”。
16 15 11 1 3 0.61
尽管不曾挑明，早早抢先发布“吃鸡”手游的网易，或已将这场“吃鸡”狂欢看作打破网易游戏目前收入下降颓势、弯道超越腾讯的机会之一。
16 16 11 2 3 0.248
数据显示，网易游戏收入在2017年第一季度突破100亿，第二三季度持续下滑，其中第三个季度降到81.12亿元，降幅14%。
16 34 21 1 2 0.639
对此，网易迅速推出《荒野行动》PC版，试图利用腾讯代理与正式上线《绝地求生》端游之间的时间差来迅速取得“吃鸡”PC端市场的先发优势。
16 35 21 2 2 0.409
值得注意的是，在《荒野行动》PC版发布3天后，腾讯便公布自研端游《无限法则》，往“大逃杀”队伍再添一员。
16 36 22 1 1 0.624
网易、腾讯在“吃鸡”新赛道上角力，但事实上，《绝地求生》作为一款PC端游，本身的商业想象空间有限。
16 44 29 1 1 0.627
10月27日，游戏工委发布《对“大逃杀”类游戏总局业务主管部门的基本态度》一文，明确表达了对“吃鸡”游戏的“不支持”，审批成为“吃鸡”游戏最大一道坎。
17 3 2 1 4 0.606
11月27日，腾讯才刚刚宣布将代理《绝地求生》(PUBG，俗称“吃鸡”游戏)的正版手游，并称该游戏将率先登陆中国市场。
17 4 2 2 4 0.359
11月29日，第一财经记者便在腾讯互动娱乐旗下的两个网站上同时发现了这款游戏的概念版，其中一个是域名为pubgm.qq.com的网站，另一个是pg.qq.com的网站。
17 12 5 2 3 0.613
一位接近腾讯的游戏行业资深人士向第一财经记者透露，腾讯不会针对一款游戏同时上线两个产品。
17 11 5 1 3 0.385
这是腾讯的狼性文化催生的内部竞争。
17 13 5 3 3 0.614
他认为：“从目前两个概念站发布的情况来看，腾讯内部还没有平衡好，两个团队都在争PUBG正版游戏开发团队的称号。”目前腾讯已经上线了一款类似于PUBG的大逃杀游戏《光荣使命》，不过光荣使命也不是腾讯自己开发的，腾讯只是这款游戏的发行商。
17 14 6 1 2 0.602
就像当年开发《王者荣耀》的同时，腾讯内部还开发了好几款同类手游产品一样，看准某个可能成功的游戏类型，然后进行大规模投资，同时孵化多个项目，通过内部激烈竞争，最终推出一个最优秀的游戏，砸更多资源去推广现象级的产品，是腾讯惯用的手法。
17 15 6 2 2 0.406
“毕竟知名大作一经推出，就很可能成为一个超级盈利的项目。《王者荣耀》是对主流大众推出的产品，包括广告、市场、电竞比赛的投入等，都是围绕《王者荣耀》来做的。”上述接近腾讯的人士告诉第一财经记者，“要知道这种大手笔的项目，做成和做不成之间的差距可能是100个月的奖金。”
17 17 8 1 6 0.625
腾讯近两年来在游戏市场持续发力，收购了包括芬兰手游团队Supercell在内的多个海外游戏工作室。
17 18 8 2 6 0.6
但与此同时，腾讯也在加大内部游戏的研发力度。
17 19 8 3 6 0.574
这使得腾讯游戏支出成本不断攀升，游戏收入占腾讯总收入比重持续下滑。
18 10 6 1 1 0.656
“吃鸡”不仅仅只是游戏玩家们的终极目标，更成为本土一众游戏公司的野心所在。
18 15 10 1 1 0.637
游戏行业时间争夺战正在上演，很多正在做“吃鸡”类游戏的公司都会加快自己的进度，短时间内市场上将会出现大量的“吃鸡”手游产品，甚至一家公司多款同类产品进行竞争的情况也还会多次出现。
18 16 11 1 1 0.606
在网易、小米等抢先入局后，淡定的腾讯按照次序是最后一家入场的巨头，腾讯的跟进动作着实吸引了业界不少眼球，11月22日腾讯宣布正式代理PUBG端游国服，拼齐了“吃鸡大战”的完整竞争格局。
18 22 15 1 3 0.717
除了小米、网易、腾讯等互联网公司入局战术竞技类游戏外，还有很多娱乐明星的加入，比如陈赫、林更新等明星也开始成为了这款游戏的玩家，同时也为《绝地求生》这款游戏造了不小的声势。
18 23 15 2 3 0.417
甚至王思聪在游戏直播中“喷”林更新也一度成为微博的热门话题。
18 38 20 1 4 0.691
虽然腾讯入局比其他厂商要晚，市场上已经有了很多PUBG类手游产品。
18 39 20 2 4 0.651
但与其他游戏厂商相比，腾讯拥有微信、QQ等社交渠道的网络，这在国内手游领域的分发上占据着巨大的优势。
18 40 20 3 4 0.628
比如腾讯旗下首先上线了战术竞技玩法的《穿越火线：荒岛特训》，在不到3天之内就获得1000万预约，也佐证了腾讯游戏的强大市场号召力。
18 41 20 4 4 0.746
同时作为《绝地求生》游戏的国内运营代理商，腾讯自然而然也拥有正版游戏推广的优势，这对腾讯推广游戏也有着良好品牌效应。
18 44 21 3 3 0.694
而腾讯代理PUBG，有望改善这两方面，给国内游戏玩家更好的游戏体验。
18 43 21 2 3 0.204
这主要体现在两方面，一是服务器延迟，二是外挂。
18 49 25 1 2 0.628
曾出品过《王者荣耀》的腾讯天美工作室群将担任此次《PUBG》正版手游的开发重任，为广大竞技爱好玩家们在移动端完美还原《PUBG》游戏的经典玩法与乐趣。
18 50 25 2 2 0.432
在MOBA、射击、跑酷、赛车等众多细分品类上创造出卓越成绩的腾讯天美工作室群，将在战术竞技品类上为玩家们带来怎样的惊喜？
19 1 1 1 3 0.613
随着《绝地求生-大逃杀》（俗称“吃鸡”）游戏的火爆，间接引发了“吃鸡”手游狂潮，甚至推动了这类型手游的崛起。
19 2 1 2 3 0.581
而近日腾讯也拿下“吃鸡”国内独家代理权，国内玩家们更是狂欢不已。
19 4 2 1 2 0.604
众所周知，游戏的需要不断推新玩法吸引玩家。
19 5 2 2 2 0.401
日前@王者荣耀策划Donny在微博爆料了《王者荣耀》的新模式设计图称，王者荣耀的新玩法模式终于要来了。
21 1 1 1 1 0.612
随着《绝地求生》的爆火，腾讯入局丝毫不会意外，但除了代理《绝地求生》国服外，还一口气推出四款“吃鸡”手游，这阵势着实让人意外。
23 1 1 1 1 0.621
【TechWeb报道】11月28日消息，上周腾讯终于如愿拿到了《绝地求生》国服的代理权，从此国服吃鸡已经不再是玩家的奢望，不过在腾讯也公布了国服版《绝地求生》将会进行内容上的修改，让这款游戏可以符合社会主义核心价值观，所以玩家并不能马上玩到这款游戏的国服。
23 4 4 1 3 0.634
国服版《绝地求生》不锁区，之前在Steam上注册的用户仍然可以继续玩，并不影响游戏内容，不过在国服《绝地求生》上线后，腾讯将会严打外挂，并对游戏采取封号机制。
23 5 4 2 3 0.333
希望腾讯打击外怪的态度可以坚决，不然可真是让玩家们空欢喜一场。
24 1 1 1 1 0.609
【TechWeb报道】11月28日消息，腾讯近期是中了“吃鸡”的毒，最近刚刚拿下《绝地求生》的独家代理，紧接着就一同合作推出了手机版的《PUBG》吃鸡游戏，而且还将在未来相继推出《光荣使命》和《无限法则》两款同类型游戏，玩家们都开始担心腾讯会“吃鸡”中毒。
25 2 2 1 1 0.612
腾讯在声明中表示，《PUBG》是腾讯和蓝洞公司致力于持续推动战术竞技品类成长的共同愿望的结晶，双方将携手推出《PUBG》正版手游，把原版PC游戏中的经典玩法与元素在手机端进行完美还原，同时对广大玩家关心的射击手感、服务器承载、社交、赛事等移动端体验进行深度优化，力争不负玩家粉丝的共同期待。
25 3 3 1 1 0.626
作为此前《PUBG》原版端游国服代理的共同见证者，蓝洞公司CEOKimChanghan与腾讯集团高级副总裁马晓轶同样对本次合作充满信心：“得益于《PUBG》在PC端游的优秀积累，以及双方团队紧密配合，目前手游筹备进度十分顺利。不久的将来，广大中国玩家即可在手机端随时随地享受正版游戏的乐趣。”
25 4 4 1 1 0.645
腾讯方面则表示，将会和蓝洞一起，共同确保《PUBG》正版手游在保证游戏核心玩法和玩家正常游戏习惯的同时，与《PUBG》端游国服一样，手机版在内容上也将与相关政策法规的要求高度相符。
26 4 2 2 2 0.702
在11月27日，腾讯宣布将与蓝洞公司推出《绝地求生》正版手游，把原版PC游戏中的经典玩法与元素在手机端进行完美还原。
26 3 2 1 2 0.579
在达成战略合作后，腾讯加快了“吃鸡”类游戏的全面布局。
26 6 3 2 2 0.633
再加上之前的《穿越火线：荒岛特训模式》，以及本月29日正式上线的光荣使命游戏，腾讯的“吃鸡”游戏矩阵已经形成包围之势。
26 5 3 1 2 0.55
短短一周时间内，腾讯已经密集发布《绝地求生》端游和手游、《无限法则》。
26 9 5 1 1 0.688
事实上，《绝地求生》联姻腾讯并不让人感到意外，尽管网易、完美等也有意争夺代理权，但腾讯无疑是最好的中国合作伙伴：一方面腾讯拥有手Q和微信两大分发渠道，另一方面腾讯的本土化运营经营非网易等游戏厂商可媲美。
26 12 7 2 3 0.641
此前蓝洞公司发出公告表示，在中国手游市场上发现了20多款盗版《绝地求生》的手游产品，但这些手游均没有得到授权，因此蓝洞公司决定采取相应措施进行维权。
26 11 7 1 3 0.445
不过，蓝洞借助腾讯入华，也意味着版权问题将正式被摆上台面。
26 13 7 3 3 0.506
这意味着网易等厂商也面临着官司诉讼的风险。
26 14 8 1 2 0.647
从《绝地求生》的一系列数据来看，这款游戏及其所创造的生存模式已经形成游戏产业的新风口。
26 15 8 2 2 0.345
目前《绝地求生》的全球销量超过2205万份，过去两周活跃玩家超过1600万，同时在线人数超过了240万，连续36周蝉联Steam一周销量榜榜首。
26 35 17 1 2 0.635
此外，《绝地求生》本身就是一款由直播带热的游戏，腾讯能够为其进行直播乃至电竞比赛等一系列运营。
26 36 17 2 2 0.37
在国外，Gamoloco的数据显示，今年8月《绝地求生》在Twitch上的观看总时长达到7373万小时，将此前已连续称霸34个月的《英雄联盟》挤下神坛，成为当月Twitch上观看时长最高的游戏。
26 39 19 1 1 0.692
尽管一切因素都朝着有利的方向发展，但不可忽视的是《绝地求生》正式入华前，国内的一众游戏厂商已经先发制人，推出了多款类似的游戏产品。
26 40 20 1 2 0.622
由于《绝地求生》是一款端游，而且对电脑的性能要求较高，这导致大量的游戏玩家只能到网吧才能玩上。
26 41 20 2 2 0.555
于是网易等国内厂商都瞄准了这一机遇，各自推出了类似《绝地求生》的手游版，其中网易的《荒野行动》和小米的《小米枪战》都取得不错成绩，特别是《荒野行动》上线后便将腾讯今年的大热作品《王者荣耀》挤下神坛，登上苹果APPstore的首名，这一表现直接助推网易的股价创下近年新高。
26 42 21 1 3 0.648
然而繁荣之下绝非没有隐忧，原因在于网易和小米等厂商推出的“吃鸡”游戏并没有得到蓝洞的授权。
26 43 21 2 3 0.7
此前蓝洞已经明确表示，在中国手游市场上发现了20多款盗版《绝地求生》的手游产品，这些手游产品不仅在人物美术、UI等方面均仿造《绝地求生》的素材设计，在游戏的宣传标语和名称上都与《绝地求生》高度相似。
26 44 21 3 3 0.317
蓝洞官方称，正在收集证据，准备通过相关律师事务所，对涉嫌侵害《绝地求生》知识产权的行为采用法律手段。
28 3 2 1 1 0.651
腾讯在公告中提到，推出《PUBG》正版手游是这次占率合作的重要规划之一，也是持续推动战术竞技品类游戏的必要结果，而玩家无需担心在端游中优秀的游戏元素在手游中无法体现，《PUBG》手游将会继承端游的经典玩法，同时为了提升玩家的游戏体验，官方还提升了射击手感以及社交、赛事等元素，对移动端进行高度优化。
28 5 3 2 2 0.652
腾讯目前也在紧锣密鼓的进行游戏筹备，双方团队也在配合当中，很快玩家就能看到这款手游上线测试。
28 4 3 1 2 0.505
与国服版《绝地求生》一样，手机版《PUBG》也将会在保持玩法的同时加入更多符合社会主义核心价值观的元素，内容上与当地的法规和政策保持高度一致。
28 6 4 1 2 0.646
《PUBG》目前全球仍保持极高的热度，网易公司更是凭借相同类型的手游《荒野行动》大杀四方，而一旦腾讯推出了《PUBG》正版手游，不知道玩家会不会转投腾讯门下。
28 7 4 2 2 -0.206
（潘达）
29 3 3 1 1 0.674
据悉，《PUBG》正版手游是腾讯与PUBG公司致力于持续推动战术竞技品类成长的结晶，双方在共同确保《PUBG》正版手游在保证游戏核心玩法和玩家正常游戏习惯的同时，与《PUBG》端游国服一样，手机版在内容上也将与相关政策法规的要求相符。
31 2 2 1 1 0.725
近日由于国内吃鸡类手游的井喷式出现，终于引起了《绝地求生》制作公司蓝洞的不满，在游戏商店中竟然存在数十款类似吃鸡的手机游戏，这些游戏全部都对《绝地求生》进行了玩法上的抄袭，有些甚至连游戏内的道具都不放过统统“拿”了过来。
31 3 3 1 1 0.611
除了《绝地求生》的蓝洞公司外，韩国Nexon、NCsoft等游戏大厂也纷纷加入了这场维权之战，近日由他们组成的韩国游戏产业协会正式宣布，将对中国这些“山寨”游戏公司采取维权行动，蓝洞公司也在近期表示将于刚刚“牵手成功”的腾讯一同合作，对涉嫌抄袭《绝地求生》与《地下城与勇士》的几家中国公司进行维权，将使用法务的武器保护知识产权。
31 4 4 1 4 0.609
中国很多游戏厂商都缺乏版权意识，认为游戏人的抄袭不叫抄，只是在曾热度。
31 5 4 2 4 0.421
而且一旦公司被告就可以直接解散，游戏已经圈钱成功，无需再做后期运营，这种行为也加大了维权的难度。
32 24 14 1 1 0.616
这把名枪在游戏中露脸的机会当然不只《绝地求生》。
33 72 41 1 2 0.616
11月22日，腾讯游戏安全中心官方微博发布消息，《绝地求生》国服在腾讯平台上线前，将依托过往的技术经验，结合线下的法务打击，全力保障所有玩家在《绝地求生》上的游戏体验。
33 73 41 2 2 0.338
针对该款网游外挂的新一轮打击，又将开始。
36 3 3 1 1 0.64
据悉，《荒野行动》PC版客户端还需要玩家先打开手机版《荒野行动》客户端扫描二维码或网易手游管家扫码才能登陆游戏。
36 8 7 2 2 0.642
PC版本内容也将和移动端同步，玩家同样可以在PC上体验到最新的游戏玩法。
36 7 7 1 2 0.586
为了进一步保证游戏体验的公平性，PC版将设置单独的服务器，和移动端服务器分隔，玩家可以在游戏中尽情畅玩，不会因为游戏平台和操作方式的不同而影响游戏平衡性。
40 4 3 1 2 0.602
虽然大部分人把这款游戏当作射击游戏来玩，而技师更多时候喜欢把它当成一款会要命的赛车游戏。
40 5 3 2 2 0.236
没错，就是要人命！虽然游戏中出现的车型不多，但是他们的操作要求还是挺高的，我相信每一个开过车的朋友总有不小心翻车到直接GAMEOVER的时候。
41 2 1 2 2 0.734
小米、网易等大厂先后内测或公测了数款大逃杀手游，腾讯也在近日宣布代理《绝地求生》国服，整个游戏市场都呈现出“吃鸡”的热潮。
41 1 1 1 2 0.546
随着《绝地求生》的热度不断上升，大逃杀类型的游戏成了近期的一个热点。
41 28 17 1 2 0.614
目前Twitch上排名前5的游戏经常会出现《绝地求生》和《堡垒之夜》这两款大逃杀游戏。
41 29 17 2 2 0.512
前者的游戏内容注重写实，后者则偏向Q版，但是加入了建造的设定，玩法更加多变。
41 30 18 1 1 0.61
《绝地求生》已经确定被腾讯代理，也将会成为可以在国内直连摆脱高延迟的大逃杀游戏，不过这并不意味着《绝地求生》一定能够成功，《堡垒之夜》的快速兴起就可以看出大逃杀还有更多的潜力。
42 2 2 1 2 0.654
在早些时候，广电总局曾经下令，禁止吃《绝地求生》类游戏(包含手游)的代理、研发及推广，就连国内的几大直播平台都将《绝地求生》的推广从主页撤下。
42 3 2 2 2 0.19
理由是：存在大量血腥、暴力内容，严重偏离我国社会主义核心价值观和道德规范，不利于青少年消费者的身心健康。
42 4 3 1 5 0.687
不过这次国内的各大游戏厂商反常的不顾警告，继续推出了自己公司的“吃鸡”类手游。
42 5 3 2 5 0.595
其中不乏小米、网易等大牌公司，而腾讯在这段时间内，也是公布了两款自己代理的吃鸡类手游——《光荣使命》和《穿越火线手游新内容：荒岛特训》。
42 6 3 3 5 0.646
大多数玩家仅仅以为腾讯在《绝地求生》游戏上的行动仅仅只停留在手游上。
42 7 3 4 5 0.395
而腾讯在官宣中也表示，公司将与PUBG公司遵循主管部门的相关指导意见，对游戏中不符合相关规定的内容进行调整，并进一步突出游戏的团队协作和公平竞技属性，确保符合社会主义核心价值观，符合中华民族的传统文化习惯与道德规范。
43 1 1 1 4 0.601
《绝地求生大逃杀》，不用过多介绍，目前最火的PC游戏。
43 2 1 2 4 0.39
每局100人空投到绝地岛上，玩家赤手空拳地降落在岛屿的各个角落，利用岛上多样的武器与道具互相搏击和逃跑，最终只留一人可以吃鸡。
43 3 1 3 4 0.667
吃鸡游戏的大火，吸引很多对射击类游戏不感兴趣的人，投身吃鸡行列。
43 4 1 4 4 0.239
但是，新手上路，容易翻车。
44 45 28 1 1 0.604
本次我们拿到的Alienware17搭载了英特尔酷睿i77820HK处理器以及GTX1080独立显卡，这可以说是标准的高端游戏本配置了，应对《绝地求生》这样的游戏不成问题。
46 44 13 3 4 0.647
主管部门曾经就大逃杀类游戏表态，认为不利于青少年身心健康，建议国内游戏企业不宜安排研发、引进此类游戏，不提倡以测试此类游戏方式吸引用户。
46 43 13 2 4 0.284
这和腾讯无关，主要是受主管部门方面的影响。
46 45 13 4 4 0.594
因此，网易、小米以及腾讯推出的大逃杀类手游，都进行了很大程度上的设定改编。
47 1 1 1 1 0.702
最近一段时间“吃鸡”游戏可以说是火爆全国，不论是《绝地求生》还是手机上各大国内游戏厂的“大逃杀”游戏，都吸引了很多游戏玩家。
49 4 2 3 4 0.647
除了游戏类型目前大火，游戏本身的质量也属上乘，玩家对这个诚意之作纷纷买账。
49 3 2 2 4 0.419
多国的软件商店中都能在榜首位置看到《荒野行动》的身影。
49 5 2 4 4 0.59
于是在手机上大获成功后，网易选择将这款游戏搬到PC上，希望在PC和手机上的双重发力，承包国服各个平台的吃鸡。
49 8 4 1 2 0.636
今天网易的《荒野行动》就将正式登陆PC端了，被外挂、网络折磨够了的玩家不妨去体验下国服吃鸡，腾讯代理的《绝地求生》还没有上线日期，网易这波闪电战打得相当漂亮，相信有着手机版的高人气，这款游戏的PC版也值得期待。
49 9 4 2 2 -0.206
（潘达）
50 9 3 3 3 0.606
作为资深玩家的汉东满脸期待的说：“腾讯代理《绝地求生》可能是《绝地求生》继续发展的一个契机。中国市场的用户量将得到进一步开发，加之腾讯帝国的雄厚实力，游戏优化也将进一步提高，增加玩家的游戏体验。腾讯会给这个游戏带来新的生命力。”
50 8 3 2 3 0.476
“朋友圈被腾讯代理吃鸡刷屏了，大家欢呼雀跃。”云猫电竞陈朝晔说道。
50 10 4 1 2 0.602
《英雄联盟》现在的热度已经达到了一个天花板，玩家增幅已经放缓，此时的腾讯也正有兴趣寻找新的游戏来继续占领游戏市场。
50 11 4 2 2 0.554
从腾讯2016年的财报的收入结构上显示，1520亿的收入，700亿来自游戏，占46%，腾讯依然是以游戏为重心，又怎么会放过这款当下最火热《绝地求生》呢？
50 16 6 1 2 0.637
前不久，游戏工委点名批评《绝地求生》，并对大逃杀这类“鼓励杀戮、尤其单纯以杀死其他游戏玩家扮演的角色为手段实现最终目的的游戏，总局明显持否定态度，这也使得吃鸡热度有所下降。
50 17 6 2 2 0.7
各大厂商目光转向手游端，网易、小米纷纷入局手游市场，腾讯在没有拿到《绝地求生》代理时，也后知后觉上线手游版吃鸡《光荣使命》。
50 21 8 3 5 0.66
《绝地求生》是一款大逃杀类的游戏，腾讯代理国服之后应该不会在游戏基本模式上进行改变，可能会移除游戏内的暴力内容。
50 20 8 2 5 0.362
秋菱表示，腾讯只要不乱改游戏内容，她还会是一个忠实的吃鸡者。
50 22 8 4 5 0.38
在代理之前，《绝地求生》中文版的血经过和谐为绿色。
50 41 14 1 3 0.617
“腾讯代理国服之后，这款游戏将会迎来第二春，而我们也要迅速着手准备《绝地求生》游戏的教育内容。”从事电竞教育的创业者黄晓天说道。
50 42 14 2 3 0.657
电竞教育的内容始终是跟着游戏走，会随着MOBA类游戏、FPS类游戏市场反应来更新迭代教育内容。
50 43 14 3 3 0.495
《绝地求生》的正式代理，也为电竞教育部分提供了多元化的内容。
50 54 19 1 3 0.608
此次腾讯宣布代理《绝地求生》之后，大多数玩家也将回归国服，不能继承此前Steam版的玩家人物以及物品。
50 55 19 2 3 0.584
腾讯今日拿到代理权，游戏上线还需要进一步的优化、修改。
51 6 3 2 3 0.704
而反观网易、金山等游戏公司知道自身条件无法满足PUBG公司，于是就剑走偏锋的开发起了手机版的吃鸡游戏，并顺利打破手游被腾讯“屠榜”的局面，《王者荣耀》也失去了冠军宝座。
51 5 3 1 3 0.487
与《绝地求生》的谈判似乎进行的并不顺利，曾经网络传言腾讯已经可以顺利收购这个游戏公司，但似乎遇到了难以解决的困难，谈判迟迟没有结果，直到22日才谈下《绝地求生》的独家代理权。
51 7 3 3 3 0.423
这可能也是腾讯决定与PUBG达成协议的重要因素，在《英雄联盟》、《王者荣耀》人气渐淡，《穿越火线》又被《CS：GO》等逐步赶超的时候，无论做出多大的让步，也急需把《绝地求生》拿下。
51 8 4 1 2 0.605
而在此之前曾经传出百度和网易公司都对代理《绝地求生》有着浓厚的兴趣，但由于腾讯有着雄厚的资金以及多种成熟的游戏运营模式，因此在多方面比较后最终选择了腾讯。
51 9 4 2 2 0.556
为此腾讯虽然没有公布合作的具体细节，但是从腾讯对《绝地求生》的态度以及对吃鸡类型游戏的迫切需求来看，在这次合作中腾讯确实下了“血本”。
51 10 5 1 2 0.644
《绝地求生》对腾讯的意义绝不仅仅是一款游戏那么简单，这种游戏类型在腾讯的旗下还没有出现，而由于版权的原因，国内并没有能与之相提并论的网游出现，腾讯则可以通过《绝地求生》的加入再次扩张游戏版图。
51 11 5 2 2 0.638
拿下代理权也让腾讯与蓝洞公司产生了联系，由于《绝地求生》在全球的火热，蓝洞公司有了资本进行新游戏的开发，这也让腾讯相较其他公司更有希望代理蓝洞公司的其他优秀作品。
51 13 6 2 3 0.645
之前LOL刚刚推出后也被无数玩家吐槽各个方面都不如《DOTA》，而在腾讯投资并代理后游戏质量有了飞跃，游戏的开发和运营也得到了很大提升，成功摆脱《DOTA》的阴影成为了用户最多的MOBA游戏。
51 12 6 1 3 0.588
作为一款享誉全球的游戏，腾讯也是继《英雄联盟》后首次直接与国外游戏厂商进行代理合作，这种重视的程度也在一定程度上表明了腾讯的态度，游戏推出的时间并不算长，并且还存在很多漏洞，但腾讯对它的无限前景仍旧十分看好。
51 14 6 3 3 0.485
有了这个成功的案例，蓝洞公司和多数玩家也对腾讯代理《绝地求生》持积极态度，认为这将是一个双赢的签约。
51 15 7 1 2 0.657
在取得《绝地求生》代理权之前，腾讯在电竞方面的表现也渐渐呈现出了下滑的趋势，虽然表面上仍有多项顶级竞技游戏在手，但作为电竞中的新贵——吃鸡类型游戏却被其他厂商完全压制。
51 16 7 2 2 0.641
《荒野求生》、《终结者2：审判日》、《小米枪战》等吃鸡手游在国内外霸占下载榜前几位的时候腾讯的《光荣使命》仍然还在“限号”测试，游戏素质也于这些优秀作品有一定差距，而以吃鸡游戏为主的手游电竞比赛已经开始筹备了，腾讯在这点上已经完败于对手。
51 20 11 1 1 0.621
虽然腾讯市值超过FaceBook，股票达到历史新高，但是仍旧无法掩盖游戏地位下滑的态势，这也更加凸显了《绝地求生》“加入”的重要性，在电竞方面《绝地求生》是目前唯一一款可以举办大型比赛的吃鸡类游戏，它的加盟也让腾讯重新坐稳电竞大户的位子。
51 21 12 1 2 0.674
不仅局限于《绝地求生》这款游戏，腾讯的目的很可能是通过这款游戏而展开一系列同类型游戏的发展计划，在LOL刚刚加入腾讯阵营时，公司不仅仅让《英雄联盟》吸收了众多玩家，也打开了MOBA游戏的大门，为日后推出《王者荣耀》起到了至关重要的作用，同时开启了主机与手机的电竞模式。
51 22 12 2 2 0.572
《绝地求生》的加入很可能会影响到正在测试中的腾讯吃鸡手游《光荣使命》，学习了最纯正的吃鸡元素后也有了追赶《荒野行动》等一众吃鸡手游的底气与希望。
51 23 13 1 1 0.603
而除了影响到旗下已经推出的手游外，可能还将帮助腾讯在中国开辟一个新的游戏领域，直接改变国内电竞游戏的格局，要知道这款《绝地求生》已经在全球售出大概2200万份，而其中有将近一半的中国玩家，这是相当庞大的一个游戏群体，而随着腾讯获得了代理权，这些玩家已经间接地交到了腾讯手中，未来电竞之路怎么走，腾讯已经具备了一定的话语权。
51 26 15 2 3 0.622
而腾讯游戏给玩家们留下最深印象可能就是充值了，随便玩个游戏不充钱就玩不痛快，有的游戏中免费玩家只能被那些人民币玩家当做游戏的一部分一样戏耍，因此《绝地求生》由腾讯代理让不喜欢内购的玩家颇为担心。
51 25 15 1 3 0.362
之前腾讯代理的《地下城与勇士》就曾因为服务器质量太差而被戏称为“掉线城与虚弱勇士”，成为了当时DNF的一个经典槽点；代理《英雄联盟》后又在国服提升皮肤、英雄等价格导致玩家需要花费更多的钱去购买那些皮肤。
51 27 15 3 3 0.478
玩家们不仅仅在网上吐槽，甚至开始在Steam平台上无组织的对《绝地求生》打出一星评价，并在评论区中列举了腾讯代理后的多种“恶行”。
52 37 30 1 1 0.606
基于广电总局的意见，游戏工委建议“国内游戏企业不宜安排研发、引进此类游戏，不提倡以测试此类游戏方式吸引用户。同时，电竞、直播等平台也不应为此类游戏提供宣传、推广等服务。”
52 61 49 2 2 0.661
11月份开始，我们发现市场上吃鸡类手游已经到了泛滥的地步，小米、网易、英雄互娱以及腾讯自己都在扎堆这个品类，其中网易、腾讯甚至各推出了两款产品进入市场进行搏杀。
52 60 49 1 2 0.016
其三，在于挟天子以令诸侯。
52 62 50 1 1 0.619
从一款产品的正常研发周期来看，这些厂商所推出的产品，绝大多数我们可以定义为仓促上马，是在看到了PC端《绝地求生》大逃杀的火爆之后的迅速反应。
53 3 2 2 2 0.623
《绝地求生》是一款大逃杀类型的游戏，每一局游戏将有最多100名玩家参与，游戏的开始时所有玩家角色都一无所有，需要在岛上收集各种资源，并在不断缩少的安全区域内对抗其他玩家，让自己生存到最后。
53 2 2 1 2 0.589
腾讯今日的好消息是公布获得“吃鸡”游戏《绝地求生》中国的独家代理运营权。
54 10 5 1 3 0.693
在“吃鸡”大火特火之后，手机游戏厂商也不甘示弱，纷纷推出了旗下的“吃鸡”类手游。
54 11 5 2 3 0.468
其中比较出名的是网易的《荒野行动》还有腾讯的《荒岛特训》。
55 14 9 1 3 0.639
众所周知的是，目前吃鸡游戏内外挂横飞，严重影响了游戏的平衡性，以及玩家的体验。
55 15 9 2 3 0.399
如果外挂处理不当，可想而知的是游戏也会走向末路。
57 5 4 1 3 0.708
由韩国游戏厂商Bluehole研发的PC游戏《绝地求生：大逃杀》（俗称“吃鸡”游戏）自今年3月份在Steam平台上线以来在全球范围内获得了巨大的反响，热度迅速上升。
57 6 4 2 3 0.583
根据Steam数据，在Steam平台上前十游戏市场中，《绝地求生》迅速占据第一。
58 2 2 1 2 0.684
《PUBG》实际上就是目前正风靡中国游戏市场的“吃鸡”游戏《绝地求生》。
58 3 2 2 2 0.446
自2017年3月正式上线以来，《PUBG》全球累计销量已经超2000万份，并打破多项吉尼斯世界记录，同时囊获2017年英国金摇杆奖的最佳多人游戏与最佳PC游戏等一系列国际大奖。
60 4 3 1 1 0.6
腾讯集团高级副总裁马晓轶先生表示，《PUBG》作为全球玩家喜爱的热门竞技游戏，腾讯将为《PUBG》国服提供最好的本地化运营支持，为广大玩家提供PC端的全新游戏乐趣。
62 6 4 1 2 0.666
说到“吃鸡”不得不提到韩国Bluehole（蓝洞）公司开发的《绝地求生：大逃杀》，是一种PC端的第一人称射击游戏，在全球游戏发行平台Steam上线后，吸引了大量中国游戏玩家，由于获胜时，会有一句“大吉大利，今晚吃鸡！”的祝贺语，因此《绝地求生》也被称为“吃鸡游戏”。
62 7 4 2 2 0.623
此后这一类的大逃杀性质的游戏都被称作“吃鸡游戏”。
62 9 5 2 2 0.712
目前这把火一路烧到了手游市场，越来越多的国内游戏公司加入“吃鸡”大军，其中不乏A股上市公司，以及腾讯网易这样的巨无霸。
62 8 5 1 2 0.516
这个游戏的火爆程度不亚于此前的现象级手游《王者荣耀》。
62 16 10 2 2 0.687
《绝地求生》全球走红之后，国产游戏厂商迅速跟上，目前最为热门的四大国产“吃鸡手游”。
62 15 10 1 2 0.541
在PC吃鸡火爆的背后，还有一个更加火爆的手游市场。
62 40 28 1 1 0.664
同花顺认为，腾讯手游《光荣使命》开启不删档预约，亚洲最大游戏公司加入战场，“百人战术竞技”市场规模持续扩大，看好FPS/TPS手游成为继《王者荣耀》等MOBA类游戏后手游市场又一爆发增长点。
63 7 3 1 3 0.652
长期被MOBA（多人在线战术竞技游戏，如《英雄联盟》《王者荣耀》）游戏把持的国内游戏市场在“吃鸡”的刺激下出现了松动。
63 8 3 2 3 0.637
网易、腾讯、完美等游戏大佬闻风而动，纷纷加入这一新兴市场的抢夺之中。
63 9 3 3 3 0.505
与此同时，“吃鸡”热也为国内电竞硬件提供商、软件开发者和网吧带来了新的增长契机。
63 19 7 2 2 0.623
另一方面，蓝洞也很看好腾讯目前在国内游戏市场的表现。
63 18 7 1 2 0.504
据知情人士向《中国经济周刊》记者介绍，此前腾讯已经从韩国引进了多款游戏，在游戏代理和后期汉化方面积累了一定经验。
63 23 9 2 2 0.678
在业内看来，正是这款游戏让腾讯在MOBA类游戏积累了足够的经验和技术，从而在去年开发出了爆款游戏《王者荣耀》。
63 22 9 1 2 0.556
2015年，腾讯全资收购了《英雄联盟》开发商RiotGames100%的股份，从而奠定了其在MOBA类游戏的霸主地位。
63 34 17 2 2 0.611
不少游戏公司另辟蹊径，或者在普通游戏上打上“大逃杀”的名义吸引用户，或者在原有已获得版号的游戏模式中加入大逃杀玩法，避免了重新申请版号可能会遇到的麻烦。
63 33 17 1 2 0.53
尽管代理和运营许可还没有拿到，但是国内游戏公司并没有放弃这一块市场。
63 38 19 2 4 0.645
在顺利拿到国内手游出版许可后，网易和小米都迅速上线了自己旗下的“吃鸡”类手游。
63 37 19 1 4 0.487
也许是对自己能顺利拿到PC端代理过于自信，相比对手，这次腾讯在手游市场上的反应明显慢了一拍。
63 39 19 3 4 0.402
目前在AppStore免费游戏排行榜中，占据第一位超过半年的《王者荣耀》被网易出品的《终结者2：审判日》一把拉下。
63 48 22 1 1 0.672
“尽管目前这类游戏的主要玩家还是集中在PC端，但是总体来看，手游市场的发展潜力仍然不可低估。”上述专业人士告诉《中国经济周刊》记者，一方面，目前的游戏厂商在手游开发上面已经具备了相当的能力和经验；另一方面，《绝地求生》对设备的高要求也使得一部分玩家不得不放弃PC端而转战手游。
63 52 24 3 3 0.619
与此同时，国内游戏设备厂商也都嗅到了商机，包括雷蛇、华硕等品牌都推出了打着“为鸡而生”“吃鸡神器”名号的专用设备。
63 51 24 2 3 0.423
北京一些售卖电脑设备的柜台前，甚至直接打出了“吃鸡神装”的广告。
64 3 2 1 1 0.625
想要在移动端复制《绝地求生：大逃杀》的成功的，并不只有中国的游戏公司。
64 11 7 2 2 0.682
除此之外，据传腾讯、网易等大厂也在开发“吃鸡”类型的端游作品。
64 10 7 1 2 0.587
此后，大厂们积攒许久的同类手游也开始陆续上线、预约或公布，而仍然在开发的同类游戏也有多款。
64 16 10 2 2 0.635
从6月开始，在中国的游戏直播平台、社交网络中，关于这款游戏的话题几乎没有间断过，甚至吸引了很多娱乐明星的加入，鹿晗、陈赫、林更新等明星也开始成为了这款游戏的玩家，再加上外挂话题，使得这款游戏的热度日渐高涨，想要体验游戏的玩家也逐渐增多。
64 15 10 1 2 0.591
《绝地求生》在中国也取得了很大的成功：在《绝地求生》目前的2000万游戏玩家中，其中约有一半是中国玩家。
64 21 14 1 1 0.632
今年年初，另外一款同样颇具话题但玩法略有不同的生存游戏《H1Z1》在国内流行之后，国内的很多团队便开始生存手游的立项开发，只是在随后《H1Z1》的光芒被《绝地求生》掩盖之后，大部分团队开发方向便转向了“吃鸡”的玩法。
64 24 17 1 2 0.606
而在TapTap的预约榜前列，一度80%是“吃鸡”手游，其中包括一些小团队的作品，如《丛林法则》等，不过在进入玩家测试阶段后便因为质量粗糙而让很多玩家大为失望。
64 25 17 2 2 0.621
在开发资源、技术上更有优势的大厂的作品也陆续出现，网易的《终结者2》《荒野行动》等手游在TapTap上也获得了巨大的预约量和玩家关注。
64 26 18 1 2 0.665
据消息人士透露，网易内部同时开发的“吃鸡”玩法手游至少6款，其中《荒野行动》还在开发端游版本。
64 27 18 2 2 0.668
而在另外一家大厂腾讯内部，除CF手游的“吃鸡”模式外，几乎每个工作室内都有独立开发的“吃鸡”玩法的游戏，这其中多数是手游，当然也有例外——比如开发了网游《天涯明月刀》的北极光也正在开发一款代号“Europa”的PC平台游戏。
64 30 20 1 1 0.632
在此之前，一些《绝地求生：大逃杀》的玩家希望游戏能够在腾讯的代理下进入国内以解决困扰玩家多时的外挂问题，但总局的表态无疑为它的中国市场之路画上了一个问号。
64 32 22 1 3 0.655
而在手游市场，总局的表态也让一些厂商措手不及。
64 33 22 2 3 0.544
一天之，在TapTap平台上，所有标题含有“吃鸡”、“大逃杀”的手游虽然产品页面仍在，但是却都从预约榜单上消失了。
64 35 23 1 2 0.612
但是，一些游戏厂商很快用行动给予了答案。
64 36 23 2 2 0.557
总局表态三天之后，小米召开发布会，宣布由西山居大连工作室开发的《小米枪战》将于当晚18:00开始不限号内测，雷军和一众高管都为其出面站台，并邀请了人气游戏主播陈一发代言，体现了小米对该游戏的重视。
64 39 26 1 1 0.606
小米的这一举动也让一众正在开发“吃鸡”手游的其他公司暗流涌动，其中一些唯恐巨大的用户市场被先行者瓜分，于是纷纷加快宣传和测试的进度，迅速将游戏推向了市场，更多的后来者也迫不及待地加入了这个行列。
64 44 29 1 1 0.665
而在今年3月这款手游开始双端技术测试时，这款游戏还只是一款普通的3D冒险射击手游，在今年520网易的发布会上展示的宣传视频也可以看出包含传统射击和载具对抗等模式，随后《绝地求生》的流行让开发团队转变了方向，使这款游戏最终也成为了一款“吃鸡”手游。
64 53 34 2 2 0.638
因为之前《绝地求生》在直播平台上积累了大量的游戏玩家，因此网易也和一些热门游戏主播合作，通过直播和视频对游戏进行宣传，比如《终结者2：审判日》邀请了若风等主播进行直播，之后丁磊也亲自为之站台；而《荒野行动》则请来了小苍、Miss等人通过直播或视频对游戏进行宣传。
64 52 34 1 2 0.495
在11月4日和5日的这个周末里，网易这两款游戏也进行了全方位的市场宣传，包括事件营销、媒体广告、效果类广告等。
64 58 37 2 2 0.605
目前已经上线的3款游戏中，《小米枪战》的玩家评分为7.4分，而网易的两款游戏都在8分以上，其中《终结者2：审判日》8.1分，而《荒野行动》的玩家评分则达到了8.6分，在TapTap的手机网游中已属难得的高分，人气也一直高居各榜单的榜首。
64 57 37 1 2 0.519
而在TapTap平台上，玩家的打分也部分体现了对游戏品质的认可。
64 61 39 2 2 0.683
坊间一度传闻腾讯因为和《绝地求生》的开发商Bluehole谈代理和投资的事宜而对内部包括CF手游新模式在内的“吃鸡”手游进行限制，也因此使网易占据了市场的先机。
64 60 39 1 2 0.513
实际上早在今年7月初，在CF手游的体验服上，就已经上线了一个名为“荒岛求生”的新玩法，而目前市面上的其他“吃鸡”手游在当时都还处于开发阶段。
64 62 40 1 2 0.603
在网易对两款已经上线的“吃鸡”手游进行大规模宣传的11月4日晚，腾讯也悄然上线了一个神秘手游的预告页，chiji的二级域名和预告页面上巨大的鸡的图片都显示了这是一款“吃鸡”玩法的手游，页面信息显示游戏将在11月8日零点揭晓。
64 63 40 2 2 0.471
不过仅仅一天多后，页面上的鸡的图片被修改，域名也被跳转到了名为grsm的二级域名上，而结合玩家之前发现的页面分享信息，可以确认这款游戏名为《光荣使命》。
64 64 41 1 2 0.62
《光荣使命》手游是由巨人开发、腾讯极光代理的，而这款游戏之前曾经在TapTap上以《丛林大逃杀：TheLastOne》的名义进行宣传，也是TapTap平台上第一款预约过百万的游戏，不过当时开发团队对外宣传是一个创业小团队，实际上却是巨人旗下一个游戏团队开发的。
64 65 41 2 2 0.535
由于巨人在几年前和南京军区合作开发过一款名为《光荣使命》的射击网游，猜测是在业务主管部门表态后将《丛林大逃杀：TheLastOne》的玩法套上了这个相对安全的IP。
64 67 43 1 2 0.666
在这两款游戏之外，腾讯内部也还有更多的“吃鸡”游戏正在开发。
64 68 43 2 2 0.681
腾讯高层非常重视生存竞技这一品类的游戏，据传《绝地求生》、《H1Z1》、《堡垒之夜》三款游戏都已由腾讯代理，而为了获得相关政策的支持马化腾也亲自出面和业务主管部门进行沟通，不过代理海外游戏本身在流程上就比较复杂，加上“吃鸡”游戏此前受到的关注，因此在政策有明确的支持之前，腾讯也只能通过在可控性上更强的自研游戏来“曲线救国”。
64 70 44 2 4 0.642
在TapTap上大量小团队的游戏还在吸引着玩家，甚至一些只是名字近似“绝地求生”或者带有“大逃杀”而玩法全无关联的游戏都能在AppStore或应用商店获得大量的新增用户下载。
64 69 44 1 4 0.571
而在腾讯之外，也有更多的游戏公司仍在摩拳擦掌。
64 71 44 3 4 0.472
11月10日，此前曾凭借《全民枪战》在射击手游市场上占有一席之地的英雄互娱也宣布了一个《代号：HERO》的计划，并表示游戏已进入了倒计时阶段，应该会以《全民枪战》的新模式上线。
64 72 44 4 4 0.611
而从公布的游戏画面来看，跳伞、搜集装备等“吃鸡”玩法的元素也一应俱全，显然又是一款吃鸡游戏。
64 78 47 1 2 0.607
而在游戏修改之外，网易和腾讯等大公司也在用自己的影响在舆论阵地努力甩脱“吃鸡”、“大逃杀”等已经被业务主管部门明确反对的词汇——而在之前，该类游戏正是宣称是“吃鸡”、“大逃杀”的玩法才受到了大量玩家的关注。
64 79 47 2 2 0.494
在中文互联网，11月之前使用“吃鸡”、“大逃杀”等词语对游戏进行宣传的稿件多数被删除，而在新的宣传稿件和各种传播合作中，玩家所熟悉的“吃鸡”、“大逃杀”等词语成为明令禁止被提及的，该游戏类型也被重新冠以“军事训练”、“军事演习”等类型。
67 6 4 2 2 0.672
越过市场准入门槛后，腾讯也将正式介入生存类射击游戏，即“吃鸡游戏”的竞争。
67 5 4 1 2 0.467
获得版号，意味着游戏将允许在中国大陆地区出版发行运营。
67 7 5 1 2 0.696
腾讯内部将《光荣使命》产品定位为“首款百人对抗竞技射击手游”，游戏玩法类似于韩国公司蓝洞（Bluehole）开发的网络游戏《绝地求生：大逃杀》。
67 8 5 2 2 0.53
如果你希望在手机上体验到大地图百人实时对抗的玩法，或者是像《王者荣耀》一般与微信、QQ好友共同“吃鸡”，这正是腾讯希望在《光荣使命》能达到的玩法特性。
67 16 9 3 3 0.672
同时，腾讯也有自己的游戏产品研发计划，有一系列的生存游戏正在开发之中。
67 15 9 2 3 0.6
目前腾讯已经在PC端跟进，与生存游戏的出品方保持频繁沟通。
67 17 10 1 1 0.621
刘炽平还提到，即将发布的代理产品《光荣使命》，以及《穿越火线》“荒岛特训”更新版，两款游戏分别都取得了超过2000万用户的预约注册，体现了市场对此类游戏的热情和兴趣。
67 20 11 3 3 0.628
据《21世纪经济报道》分析，“在游戏业务上，腾讯和网易以往并没有真正的直面竞争过，“吃鸡”类游戏或称为双方真正交手的战场，这也将使游戏市场迎来前所未有的激烈竞争。
67 19 11 2 3 0.46
值得注意的是，这次《光荣使命》上线，意味着大厂在“吃鸡”品类上将直面展开竞争。
68 4 3 2 3 0.626
这是一款由韩国Bluehole（蓝洞）公司开发的大逃杀类型的游戏，每局都有100名玩家参与，他们会被投放到绝地岛上，在游戏中找到武器和补给击杀玩家获得胜利。
68 3 3 1 3 0.47
要说国内最火的游戏是哪一款？“绝地求生”绝对当仁不让。
68 5 3 3 3 0.409
而“吃鸡”则来源于美国电影《决胜21点》中的一句台词，winnerwinnerchickendinner，翻译成中文就是大吉大利，晚饭吃鸡。
68 10 5 1 3 0.622
当然，在这样一款能横扫大陆的爆款游戏的刺激下，国内游戏厂商早就按耐不住性子，游戏巨头网易就以两款“大逃杀”手游《荒野行动》、《终结者2：审判日》杀进“吃鸡”战场，小米也不甘示弱，联合西山居发行《小米枪战》，网易、小米入局后，《荒野行动》、《终结者2：审判日》和《小米枪战》强势攻占手游下载量排行榜前三，顺利挤出一直霸居第一的《王者荣耀》。
68 11 5 2 3 0.471
腾讯和巨人合作推出的“吃鸡”手游——《光荣使命：使命行动》已于11月8日开始预约，截至目前已有超过380万玩家预约。
68 12 5 3 3 0.665
只不过，上述几款游戏都是手游模式，给国内不能正儿八经玩上国服版“吃鸡”游戏的玩家们过过大逃杀的瘾罢了。
68 21 10 2 3 0.634
为此，我委建议国内游戏企业不宜安排研发、引进此类游戏，不提倡以测试此类游戏方式吸引用户。
68 20 10 1 3 0.529
鉴此，对于“大逃杀”这类鼓励杀戮，尤其单纯以杀死其他游戏玩家扮演的角色为手段，实现最终目的的游戏，广电总局明确持有否定态度，将难以获得出版运营许可。
68 22 10 3 3 0.365
同时，电竞、直播等平台也不应为此类游戏提供宣传、推广等服务。
68 23 11 1 2 0.64
在政策阻力下，一些小厂尚未有版号的游戏全部被下架，小米、网易两家的游戏尚且幸存。
68 24 11 2 2 0.547
小米在老游戏《小米枪战》中加入了大逃杀模式，避免了独立申请版号可能遇到的麻烦，而网易的《终结者2》也是以终结者为宣传点，避免强调大逃杀，从而幸免于难。
68 25 12 1 2 0.625
深圳前海万图投资管理公司董事长宋咏红在接受证券时报·创业资本汇记者采访时表示，“吃鸡”游戏的爆发潜力使其能够在短期内改变国内手游市场的状况，超越《王者荣耀》《阴阳师》等霸榜产品，但是政策方面的限制性规定会让这类手游的前景有不确定性，游戏厂商需要步步谨慎，一步走错都可能面临惩罚甚至下架的风险。
68 26 12 2 2 0.53
因此，此类游戏是否能改变整个手游市场的格局，还有待观察。
68 49 22 1 4 0.621
对于目前游戏行业还有哪些投资机会，宋咏红指出，第一，原创IP类游戏。
68 50 22 2 4 0.592
目前国内游戏行业中自主开发原创IP的领域仍然存在真空，没有实质性、革命性的自主研发的游戏。
68 55 23 3 4 0.628
目前在国内手游市场中，游戏市场的细分化越来越明显，各种类型、玩法的游戏已经逐渐有了一批稳定的忠粉玩家，新的游戏项目可以在已经具备成熟玩家的类型游戏中通过AI技术进行玩法的创新和优化，使用python语言和C++语言结合开发的游戏，在AI的应用上将会比Unity3D更先进。
68 54 23 2 4 0.487
目前相对比较看好的是塔防类游戏、战争策略类游戏、模拟经营类游戏，这三个类别的游戏共同的特点是在不需要复杂的操作，上手极其简单，可以说门槛很低。
68 56 23 4 4 0.56
AI技术开发的游戏，具备了学习玩家的玩法等能力，在人机匹配上更有趣，更接近玩家实际水平，不容易令玩家产生挫败感；而优秀的AI技术还可以随机生成游戏任务，增加游戏任务的新鲜感，延迟游戏项目的生命周期。
69 2 2 1 1 0.663
然而，由于游戏鼓励玩家通过暴力杀戮其他玩家，过程较为血腥，因此国家新闻出版广电总局不久前对此类游戏明确表示了否定态度，中国音数协游戏工委也建议国内游戏企业不宜安排研发、引进此类游戏。
69 3 3 1 1 0.624
据《IT时报》记者观察，几款国产“吃鸡”手游都在积极整改，网易的《荒野行动》小米的《小米枪战》明确表态修改游戏确保游戏作品传递的理念符合社会主义核心价值观，腾讯的《光荣使命：使命行动》也刚刚从广电总局拿到游戏版号。
70 1 1 1 2 0.695
随着《绝地求生：大逃杀》这款“吃鸡”游戏的大热，国内互联网公司也陆续推出了“吃鸡”风格的手机游戏。
70 2 1 2 2 0.348
游戏怎么样咱们今天暂且不提，而是来看看，国内这些“吃鸡”手游中，有哪些画风清奇的营销植入，不知道大家都注意到没？
71 8 5 1 2 0.616
网易游戏业务的增长则主要得益于手游的收入贡献，据网易财报显示，网易手游收入占整体游戏营收的68.3%。
71 9 5 2 2 0.353
其中，《阴阳师》《倩女幽魂》《光明大陆》《率土之滨》《镇魔曲》等手游表现比较抢眼。
71 15 9 2 3 0.655
虽然阿里此前也设有游戏部门，但更多的是平台属性，负责游戏分发。
71 14 9 1 3 0.589
詹钟晖在网易工作12年，从10人到4000人，其亲手组建了网易的游戏开发运营团队。
71 16 9 3 3 0.468
而此次收购简悦，将是其开始自研游戏产品的重要标志。
71 21 13 1 2 0.637
关于接下来的游戏布局，腾讯在财报中罕见地提及一款还未上线的游戏产品——《光荣使命》。
71 22 13 2 2 0.601
腾讯称，“2017年11月，我们的代理生存类射击游戏《光荣使命》及《穿越火线手游》更新版开始预约注册，两项游戏均取得热烈的反应。”
71 23 14 1 1 0.628
而这个《光荣使命》，就是目前游戏市场上备受关注的“吃鸡”类游戏。
71 24 15 1 1 0.653
此前，韩国公司蓝洞（Bluehole）开发的网络游戏《绝地求生》在中国受到了广大玩家的追捧，成为继《王者荣耀》后，又一款现象级游戏。
71 27 17 1 2 0.755
《绝地求生》的风靡，也让国内的游戏厂商看到了商机，并纷纷开始布局同类型手游。
71 28 17 2 2 0.373
如小米推出的《小米枪战》和网易推出的《荒野行动》《终结者2：审判末日》等。
71 35 20 3 3 0.672
同时，腾讯也有自己的游戏产品研发计划，有一系列的生存游戏正在开发之中。
71 34 20 2 3 0.6
目前腾讯已经在PC端跟进，与生存游戏的出品方保持频繁沟通。
71 38 22 1 1 0.606
一位资深的业内人士告诉21世纪经济报道记者，在游戏业务上，腾讯和网易以往并没有真正的直面竞争过，“吃鸡”类游戏或称为双方真正交手的战场，这也将使游戏市场迎来前所未有的激烈竞争。
71 39 23 1 1 0.652
不过在游戏厂商开始厮杀前，“吃鸡”类游戏能否持续顺利发行，仍要打一个问号。
71 42 24 3 3 0.668
故不建议国内游戏企业研发、引进和宣传此类游戏。
71 41 24 2 3 0.45
其中提到，业务主管部门认为这类游戏存在大量血腥、暴力内容，而且其类似于古罗马角斗场式的游戏体验与生存理念的设定与我国价值观不符，所以持有明确的否定态度。
71 43 25 1 1 0.631
这对蓄势待发的中国游戏市场无疑是当头一棒，各游戏厂商也纷纷根据这一指导意见进行调整。
72 6 4 1 3 0.636
PC端的火爆燃烧到了手机端，“吃鸡”类游戏对《王者荣耀》形成了围剿之势。
72 7 4 2 3 0.713
在苹果手机AppStore免费游戏应用排行榜里，网易和小米开发的三款“吃鸡”游戏一度超过《王者荣耀》。
72 8 4 3 3 0.499
而腾讯也在近日开启了两款吃鸡手游《CF：荒岛特训》、《光荣使命：使命行动》的预约。
72 16 10 1 1 0.641
在steam游戏热销商品榜单上，《绝地求生：大逃杀》排第1，排第5名的是游戏《H1Z1》，这款游戏被视作《绝地求生：大逃杀》前身。
72 19 12 1 1 0.601
另外，《绝地求生：大逃杀》用户群体中中国玩家占了大多数，而《H1Z1》开发商曾大规模对中国玩家IP进行封号，这是《绝地求生：大逃杀》能够后来者居上的另外一个原因。
72 23 15 2 2 0.804
在PC端游戏已经成功培育市场的前提下，国内游戏厂商纷纷以手游方式开启“吃鸡”。
72 22 15 1 2 0.378
“对于国内用户来说，手游门槛更低一点，用户基础更大一点，会有更多的新用户进来。”艾瑞互娱研究副总监郭成杰称。
72 42 26 1 2 0.633
实际上，射击类游戏在手机端的用户体验问题一直困扰着行业。
72 43 26 2 2 0.418
“手游和PC端的交互体验还是很不一样的，手游还是要走出不一样的路，需要厂商加入非射击因素，还是很考验游戏商功底的。”郭成杰称。
74 1 1 1 2 0.643
《绝地求生》等策略射击生存游戏截图。
74 2 1 2 2 0.0
杨含制图
75 2 1 2 2 0.67
而不少FPS游戏厂商也在原游戏的基础上推出了“吃鸡”模式，让喜欢FPS的玩家可以直接体验吃鸡的乐趣，其中FPS大作《战争前线》就是这类游戏中的一员。
75 1 1 1 2 0.541
【TechWeb报道】11月13日消息，随着《绝地求生》的在线人数的激增，越来越多的厂商都抓紧开发自家的吃鸡游戏，希望能借着这个热潮再赚一笔。
75 6 3 2 2 0.617
不过玩家可以在多种随机地图中进行游戏，也一定程度上弥补了吃鸡游戏地图单调的不足，可能游戏原作中的地图都将会在“吃鸡”模式中登场亮相。
75 5 3 1 2 0.579
不过在媒体的报道中显示《战争前线》的“吃鸡”模式仍旧是以原游戏的FPS元素为主，可参与战斗的玩家也仅仅限制在了16人，这可能是目前人数最少的吃鸡游戏，可能在一定程度上减少了玩家吃鸡的乐趣。
76 1 1 1 1 0.604
游戏行业从来不缺乏现象级游戏，但却极少能有游戏像《绝地求生》这样，引发整个行业的疯狂。
78 2 1 2 3 0.661
所谓“吃鸡”游戏，指的是大逃杀类的FPS/TPS游戏，PC上的《绝地求生：大逃杀》把这类游戏的热度推向了顶峰。
78 1 1 1 3 0.341
【PConline杂谈】说起最近最火的游戏类型，“吃鸡”应该就是最佳答案了。
78 3 1 3 3 0.489
在《绝地求生：大逃杀》中，玩家们会空降到一个孤岛上，拾取武器来和其他玩家相互残杀，还需要跑步或者利用载具来逃离危险区域，最后生还的一人或者一队，就能获胜，游戏也会弹出“大吉大利，今晚吃鸡”的恭贺语句。
78 5 2 2 3 0.653
在游戏推出后，连续霸占Steam平台的榜首，全世界的游戏主播，也纷纷进驻到“吃鸡”当中。
78 4 2 1 3 0.502
毫无疑问，《绝地求生：大逃杀》的魅力巨大。
78 6 2 3 3 0.539
在中国，“吃鸡”热潮更是无可阻挡，由于大量中国PC下载Steam玩《绝地求生：大逃杀》，直接导致Steam国区用户的比例跃升到了56.37%，登顶世界第一。
78 7 3 1 3 0.628
PC上的“吃鸡”是如此火爆，自然引来了手游厂商们的目光。
78 8 3 2 3 0.644
一时间，小团队开发的山寨“吃鸡”游戏层出不穷。
78 9 3 3 3 0.535
不久后，手游的正规军也入场了，网易、小米乃至腾讯都推出或者即将推出“吃鸡”类手游，风头甚至有隐隐盖过《王者荣耀》之势！那么“吃鸡”手游真的可以挑战王者荣耀吗？“吃鸡”手游到底好玩在哪里？今天就一起来谈谈吧。
78 11 4 2 2 0.601
首先对“吃鸡”最热衷的可能是网易了，它现在总计出品了两款“吃鸡”游戏，分别是《荒野行动》以及《终结者2：审判日》，两款游戏均已上线运行。
78 10 4 1 2 0.573
我们先来了解一下国内都有什么厂商出了“吃鸡”游戏。
78 12 5 1 3 0.734
而小米则出品了一款“吃鸡”游戏《小米枪战》，不过小米对这款游戏的投入非常大，游戏由和小米有渊源的西山居工作室开发。
78 13 5 2 3 0.538
西山居工作室也算赫赫有名了，它开发的《剑侠情缘》系列网游在国内风生水起，实力还是有目共睹的。
78 14 5 3 3 0.615
《小米枪战》使用了虚幻4引擎，画面是目前手机“吃鸡”游戏中最好的，模式也比网易的两款游戏都更丰富一些。
78 17 7 1 2 0.603
目前，网易、小米旗下的三款“吃鸡”手游，在苹果AppStore上，已经对《王者荣耀》形成了包围之势！网易的两款“吃鸡”手游登上了Top1、Top2，而《小米枪战》则在Top4紧逼《王者荣耀》。
78 18 7 2 2 0.485
当腾讯的《光荣使命》上线后，势必还会进一步分流玩家，曾经的第一手游《王者荣耀》跌出前三，恐怕并非危言耸听。
78 22 9 1 2 0.647
几款“吃鸡”手游都传承了《绝地求生：大逃杀》的大量优点，例如游戏模式几乎原版照搬，《小米枪战》由于和《绝地求生》同样使用了虚幻4引擎，因此一些素材、建模甚至都一模一样。
78 23 9 2 2 0.599
不过，“吃鸡”类游戏登陆到手机平台，也带来了移动平台特有的优点，例如随时可以联机，而像腾讯这样的厂商还能够直接让游戏接入微信、QQ庞大的社交圈——腾讯IM的助推力到底有多恐怖，相信大家都心中有数。
78 26 10 3 3 0.605
换言之，“吃鸡”游戏比《王者荣耀》更符合手机这样的移动使用场景，大量玩家从《王者荣耀》中流出也就理所当然了。
78 25 10 2 3 0.493
“吃鸡”的节奏可慢可快，更加休闲也更加灵活，你可以一个人随时玩随时退出游戏，这是《王者荣耀》难以做到的。
79 1 1 1 2 0.619
PingWest品玩11月10日报道，据PCOnline消息，看到《绝地求生：大逃杀》红边国内外，中国的游戏厂商也看到了商机。
79 2 1 2 2 0.692
于是，中国的游戏厂商们纷纷开发山寨“吃鸡”手游，这让远在韩国的《绝地求生：大逃杀》开发商蓝洞表示不满。
79 4 3 1 2 0.68
蓝洞官方表示，此次在中国手游市场上发现了20多款盗版《绝地求生》的手游产品。
79 5 3 2 2 0.68
这些手游产品不仅在人物美术，UI等方面均仿造《绝地求生》的素材设计，在游戏的宣传标语和名称上都与绝地求生端游高度相似。
80 16 9 1 1 0.678
从榜单上来看，虽然前几名被几款由小游戏厂商开发的“吃鸡”手游占据，但玩家最看好的无疑还是以腾讯的《光荣使命》、网易的《荒野行动》和小米的《小米枪战》为代表的“大厂”手游。
80 31 17 1 2 0.625
两款游戏与其他App的用户重合度也很有意思，不论是《小米枪战》还是《荒野行动》，与之重合度排名前十的App中，出现了多款“吃鸡”手游。
80 32 17 2 2 0.422
例如在《荒野行动》的重合度排行榜中，此前呼声极高的《丛林大逃杀》也赫然在列。
80 41 22 2 2 0.674
随着腾讯、网易两大游戏巨头推出独立版本的大逃杀手游，小玩家恐怕难逃成为垫脚石的命运。
80 40 22 1 2 0.28
但是目前来看，大厂的观望期已经结束。
80 44 24 2 3 0.632
两款游戏虽然目前在“吃鸡”手游排行上占据前两名，但随着网易《荒野行动》的完善，以及腾讯《光荣使命》的上线，日后估计也是凶多吉少。
80 43 24 1 3 0.42
从图上来看，两款手游的用户活跃度自10月份以来均呈现下降趋势，且10月中旬起下降速度明显加快，而这一时间点刚好是《小米枪战》开始单排内测。
80 45 24 3 3 0.294
最终，以“大逃杀”为噱头的宣传、推广，也只能当做是给市场做做热身运动。
80 46 25 1 2 0.639
小游戏厂商黯然退出，大厂就稳赚了吗？记者认为，由于FPS/TPS端游与手游的巨大差异，“吃鸡”手游想要复制《绝地求生》的成功，恐怕还需费一番功夫。
80 47 25 2 2 0.527
而即使实现了“吃鸡”游戏向移动端的完美转移，外部的不确定因素也依然对这类手游构成威胁。
80 68 38 1 3 0.705
《绝地求生》奇迹般的火爆之后，国内手游厂商纷纷跟进。
80 69 38 2 3 0.508
最新跟进的《小米枪战》和《荒野行动》已经尝到了甜头，但留存率也暴露出产品本身的粗糙，用户依然在“货比三家”。
83 1 1 1 1 0.662
昨日，腾讯最新手游《光荣使命》预约发布，正式加入战场，这也是腾讯在手游市场上首款百人对抗竞技射击手游。
83 4 2 3 4 0.64
网易和小米的手游产品《荒野求生》和《小米枪战》已经在AppStore游戏排行榜榜首会晤，将腾讯王牌产品《王者荣耀》挤落宝座。
83 3 2 2 4 0.443
截至11月5日，《绝地求生》的销量已达到1985万份，仅仅在10月份，这款游戏就销出了100万份。
83 5 2 4 4 0.459
而排名仅次于《王者荣耀》的仍然是大逃杀手游，网易出品的《终结者2:审判日》。
83 8 4 2 3 0.655
在蓝洞看来，中国手游市场上的20多款吃鸡手游都有抄袭嫌疑。
83 7 4 1 3 0.554
市场火热发展的同时，《绝地逃生大逃杀》厂商蓝洞却对山寨吃鸡手游表示了不满，官方称将通过相关律师事务所采取行动。
83 9 4 3 3 0.457
它们在人物美术、UI等方面与《绝地求生》有极高的相似度。
84 3 1 3 3 0.65
正因为此，当听说吃鸡游戏也将开始登陆手游市场之后，缺乏条件只能看着大家玩的手游玩家们，也在一堆冒牌“大逃杀”手游中寻找这伤害，大家也一直在等待国内大厂可以推出真正品质高的大逃杀游戏。
84 2 1 2 3 0.512
一边是“大逃杀”类游戏被抵制，另外一边却是无数玩家对其需求却不断加大。
84 6 3 1 2 0.752
而国内游戏第一厂商腾讯公司，此前在《大逃杀》的代理权方面大获成功后，曾一度引起全国吃鸡游戏玩家都为之欢呼。
84 7 3 2 2 0.577
可惜的是，截止目前为止，虽然腾讯已经放出CF资料片《荒岛特训》，甚至还正式宣布推出光荣使命：使命行动的消息，但原来这款游戏也只是开启预约测试，腾讯游戏至今没有正式推出一款广大玩家可以马上就玩的吃鸡手游。
84 15 8 1 2 0.643
一方面，“大逃杀”类游戏在国内的处境并不好，虽然有广阔的需求市场，但是有关部门已经开始明确声明了，不支持厂商做这种游戏也不支持主播与电竞比赛宣传这类游戏。
84 16 8 2 2 0.368
没有有关部门的准许下，很多具备强大发行能力的平台也会对这类产品保持一定距离，毕竟谁都不想惹事。
84 18 10 1 1 0.619
这一点，此前火遍全球的AR游戏《pokemongo》也有着同样的境遇，在当时，虽然也有厂商在有关部门明令禁止的情况下成功推出了产品，拿到了版号，但是不管是腾讯也好还是其他的厂商，又有谁真正在中国掀起了一股AR抓宠物游戏的热潮呢？吃鸡游戏因为和《pokemongo》同样的原因，发行方面备受限制。
84 23 15 1 1 0.609
试问，一款一进去就玩得不high的游戏，你会为止付费吗？也因此，因为吃鸡游戏的玩法限制，这注定不是一个低门槛的游戏品类，完全和手游市场当红的SLG\MOBA类游戏有着天壤之弊。
84 35 21 1 1 0.642
尽管如此，小米也凭借着小米枪战，成为了此次吃鸡游戏中最大的明星，小米也成功为其品牌和这款游戏吸引了大量的流量，这对于小米游戏以及小米其他品牌类产品带来的价值，也是非常巨大的。
84 46 27 1 2 0.637
基于此，在吃鸡游戏这个市场，网易与小米已经肯定取得了先机，在评论之下也是一片宣传《荒野行动》与《小米枪战》的玩家，显然这两款游戏在“吃鸡”玩家中已经取得了良好的口碑，并且开始发酵，向外围蔓延。
84 47 27 2 2 0.583
腾讯如今才迟迟进入“大逃杀”手游市场很显然落入了下风，在网易与小米的包围下只能无奈落败。
85 1 1 1 2 0.651
TechWeb报道11月9日消息，随着《绝地求生：大逃杀》在Steam上的优异表现，全球掀起了一波吃鸡热潮，无法用电脑玩游戏的玩家甚至专门去直播平台看主播吃鸡。
85 2 1 2 2 0.688
因此不少游戏厂商也开始动心了，决定推出手游来大肆吸金。
85 3 2 1 2 0.78
不过《绝地求生》的原作厂商可看不过去了，韩国游戏厂商蓝洞（Bluehole）近日发现了国内手游市场上有大量类似的吃鸡游戏，这些游戏大多粗制滥造，而在游戏方式上直接照搬《绝地求生：大逃杀》，让人真的以为可以在手机上吃鸡。
85 4 2 2 2 0.564
这些游戏甚至在软件商店中排到了下载榜的靠前位置，不过它们却并没有获得蓝洞公司的授权，因此这些游戏都属于违法侵权，因此蓝洞公司决定采取相应措施。
86 3 2 2 4 0.714
早在今年的3月23日，韩国公司Bluehole开发了一款游戏《绝地求生大逃杀》，这款游戏在半年内引爆了全球的玩家市场。
86 2 2 1 4 0.287
这只鸡非常耐人寻味。
86 4 2 3 4 0.561
Bluehole的创意总监BrendanGreene今天在推特上宣布，该游戏的全球销量，已经突破了2000万份；在欧美市场，《绝地求生》在今年第三季度超越《英雄联盟》，成为直播平台最火的游戏作品。
86 10 5 2 2 0.602
今天凌晨，腾讯的这款吃鸡游戏终于浮出了水面：百人对抗竞技射击手游《光荣使命：使命行动》正式开启，目前已有超112.8万玩家预约。
86 9 5 1 2 -0.113
3天的倒计时结束。
86 15 8 1 2 0.695
吃鸡游戏已如旋风般进入市场。
86 16 8 2 2 0.466
而游戏市场，将面临如何的洗牌和波动？
86 37 20 2 2 0.633
大逃杀类型的游戏，将难以获得出版运营许可。
86 36 20 1 2 0.497
10月27日，游戏工委发布消息称，游戏工委向广电总局主管部门咨询有关游戏出版管理政策，广电总局则明确表示了对“大逃杀”类型游戏持的否定态度。
86 43 23 2 2 0.604
游戏开发者则另辟蹊径重新找了个路子：网易和小米的吃鸡手游，纷纷跃出了水面。
86 42 23 1 2 0.176
桌游端似乎要陷入僵局。
86 56 30 1 2 0.655
《绝地求生》较高的配置要求，使得一些PC端玩家不能现在开始入局；另一方面，在吃鸡游戏大火的现在，所有玩家都在翘首以盼，很多打着吃鸡名号的手游还未推出，就已经博得了很高的眼球关注度。
86 57 30 2 2 0.385
譬如今天腾讯刚刚推出的《光荣使命》。
86 69 39 1 3 0.622
游戏的火爆代表着用户的聚众引流。
86 70 39 2 3 0.235
这种引流对创业公司和整个产业是好事。
87 1 1 1 3 0.607
续广电总局对“大逃杀”类游戏持否定态度后，腾讯决定自己推出“吃鸡”手游。
87 2 1 2 3 0.412
预热3天，腾讯于今日上线手游新作《光荣使命》。
87 3 1 3 3 0.627
而在游戏排行榜中，《王者荣耀》也已彻底被“吃鸡”类游戏围攻。
87 8 3 2 2 0.602
腾讯官方宣布上线《光荣使命：使命行动》，并将域名改为：grsm.qq.com，这是既网易和小米后，第三个推出吃鸡类游戏的国内厂商。
87 7 3 1 2 0.104
今日，chiji.qq.com的网页已无法打开。
87 9 4 1 2 0.716
从游戏宣传片看，该游戏采用8kmx8km的超大尺寸地图，具备PC版《大逃杀》的大部分游戏因素，如汽车、汽艇等载具。
87 10 4 2 2 0.585
腾讯官方称，这款游戏支持好友一键组队，语音开黑等功能，并可同时支持百人上线对战。
87 11 5 1 3 0.602
有意思的是，在苹果AppStore中，吃鸡类游戏已对《王者荣耀》形成围攻夹击之势。
87 12 5 2 3 0.477
目前排在游戏榜前两位的是网易的《荒野行动》和《终结者2：审判日》，小米的《小米枪战》排在第四位，三款吃鸡游戏将排名第三《王者荣耀》夹击。
88 6 4 2 2 0.642
这类国产手游的出现恰好弥补了《绝地求生：大逃杀》的一些问题，也因此可以快速的抓住新老玩家的游戏兴趣。
88 5 4 1 2 0.538
生存类“吃鸡”游戏在Steam上大获成功，但是仍有很多感兴趣的玩家因为较高的购买费用而与其失之交臂，还有很多老玩家因网络问题和外挂的猖獗而放弃“吃鸡”。
89 13 5 1 5 0.718
现在，业内除了对腾讯是否会继续收购游戏开发商、代理游戏的国内平台的持续关注外，也在不断尝试将《绝地求生》的游戏模式与手机结合，类型游戏如过江之鲫。
89 14 5 2 5 0.733
一大波中小型游戏开发商和独立开发者将目光瞄准移动端的大逃杀类游戏。
89 15 5 3 5 0.556
据TapTap显示，目前“吃鸡”类游戏有近一百个，移动端的“吃鸡”一出现便受到玩家的关注。
89 16 5 4 5 0.65
墨一科技开发的《放逐游戏——大逃杀》，这款游戏目前的预约人数达到114万；霍尔果斯蓝鲸网络科技有限公司开发的《丛林法则：绝地大逃杀》有226万人预约。
89 17 5 5 5 0.429
在AppStore的付费榜中，《丛林大逃杀》依旧占据榜首位置。
91 3 2 2 2 0.633
为了不影响绝大多数玩家的游戏体验，《绝地求生》官方表态，对于使用外挂的游戏玩家绝不手软，一经查出直接封停，不给这种害群之马手下留情。
91 2 2 1 2 0.387
游戏虽然吸引人，但是只要有人的地方就有江湖，好胜心过剩等原因导致了部分用户开始走上了外挂这条不归路。
92 39 25 2 2 0.646
而《绝地求生》存在的电竞属性，决定了玩家对该游戏在网吧场景的使用需求并不低。
92 38 25 1 2 0.429
独立游戏行业观察人士丁鹏指出，电竞的特殊性决定了它最好的体验应该是在网吧，电竞类的游戏当然也可以与普通的单机类或者MORPG类的这种网游一样一个人独自在家，但与朋友在网吧当中一起“排排坐、5人黑、6人黑”的体验才是最佳的体验。
92 43 28 2 2 0.617
从目前的游戏版本更新和修改方向来看，《绝地求生》也在向电竞领域拓展。
92 42 28 1 2 0.389
8月23日，蓝洞公司联合电子竞技联盟（ElectronicSportsLeague）于德国科隆举办了首次国际邀请赛，邀请80位职业选手及20位高人气玩家参加，其中数名中国玩家受邀参赛，这一事件被视为《绝地求生》将在电竞发力的信号。
92 61 40 1 1 0.649
腾讯是最接近获得《绝地求生》游戏中国代理权的公司。
92 81 50 1 1 0.605
“其实韩国公司一向和腾讯合作比较密切，腾讯代理的《地下城与勇士》《穿越火线》都是韩国公司的，代理韩国游戏产品队腾讯来说轻车熟路。”前述斗鱼相关人士告诉记者，“考虑到腾讯的用户量，蓝洞选择腾讯代理并不意外。”
92 82 51 1 3 0.613
罗伊认为，如果腾讯不拿下《绝地求生》而拱手让给竞争对手，未来其游戏市场份额一定会被吃掉。
92 83 51 2 3 0.264
因此在投资方面，参股蓝洞作为战略防御也是有意义的。
92 102 62 1 1 0.644
实际上，在各大手游社区，大逃杀类游戏专区日渐火爆的讨论规模，都显示了该类游戏的潜力。
92 106 65 1 1 0.614
从游戏预告页发布的素材图来看，该游戏极有可能为手游平台TapTap上已经宣传多时的《TheLastOne》，此前该游戏曾名为《丛林大逃杀》，目前在TapTap上的预约量超过了170万，对TapTap来说，这属于相当少见的数据，尽管在多款吃鸡类游戏的冲击下已不再华丽。
95 5 4 1 3 0.613
今年以来，《绝地求生》成为一大热点，游戏玩家竞相追逐。
95 6 4 2 3 0.48
根据游戏平台SteamStats的数据统计，截止到10月29日，该游戏销量达到1723.91万套。
95 9 6 1 2 0.631
在这样的背景下，国内厂商也摩拳擦掌，试图分得逃生类游戏的一杯羹。
95 10 6 2 2 0.566
有媒体报道，腾讯曾计划代理《绝地求生》的中国版权，甚至还有意收购蓝洞公司股权。
95 19 10 1 2 0.62
据悉，总局业务主管部门已经注意到《绝地求生》游戏的情况并对该类型(玩法)游戏保持密切关注。
95 20 10 2 2 0.374
由于该类游戏不仅普遍存在大量血腥、暴力内容，而且其类似于古罗马角斗场式的游戏体验与生存理念的设定严重偏离我国社会主义核心价值观和中华民族的传统文化习惯与道德规范，不利于青少年消费者的身心健康。
95 22 11 2 3 0.638
为此，数工委建议国内游戏企业不宜安排研发、引进此类游戏，不提倡以测试此类游戏方式吸引用户。
95 21 11 1 3 0.523
鉴此，对于“大逃杀”这类鼓励杀戮、尤其单纯以杀死其他游戏玩家扮演的角色为手段实现最终目的的游戏，总局明确持有否定态度，将难以获得出版运营许可。
95 23 11 3 3 0.365
同时，电竞、直播等平台也不应为此类游戏提供宣传、推广等服务。
97 2 1 2 3 0.624
“吃鸡”成功带热了“大逃杀”类游戏，但这类游戏似乎迎来了主管部门的表态。
97 1 1 1 3 0.48
【PConline资讯】《绝地求生：大逃杀》俗称“吃鸡”，它的火爆相信大家都有所耳闻了。
97 3 1 3 3 0.357
有消息称，近日中国音像与数字出版协会游戏出版工作委员会向国家新闻出版广电总局业务主管部门咨询了有关游戏出版管理政策，主管部门表示此类游戏不利于青少年消费者的身心健康。
97 4 2 1 2 0.635
据悉，总局业务主管部门已经注意到《绝地求生：大逃杀》游戏的情况并对该类型(玩法)游戏保持密切关注。
97 5 2 2 2 0.374
由于该类游戏不仅普遍存在大量血腥、暴力内容，而且其类似于古罗马角斗场式的游戏体验与生存理念的设定严重偏离我国社会主义核心价值观和中华民族的传统文化习惯与道德规范，不利于青少年消费者的身心健康。
97 7 3 2 3 0.634
为此，我委建议国内游戏企业不宜安排研发、引进此类游戏，不提倡以测试此类游戏方式吸引用户。
97 6 3 1 3 0.523
鉴此，对于“大逃杀”这类鼓励杀戮、尤其单纯以杀死其他游戏玩家扮演的角色为手段实现最终目的的游戏，总局明确持有否定态度，将难以获得出版运营许可。
97 8 3 3 3 0.365
同时，电竞、直播等平台也不应为此类游戏提供宣传、推广等服务。
98 9 5 1 1 0.668
《绝地逃生》自今年三月海外发售以来销量一路看涨，目前累计销量已经突破了1700万套，这款被网友昵称为“吃鸡”的逃亡类射击端游已经逐渐席卷中国市场，并引得中国各大游戏厂商摩拳擦掌，跃跃欲试着代理或打造出一款中国版“吃鸡游戏”，而手游自然是一大切入口。
98 11 6 2 2 0.656
于是吃鸡也成了玩家给这款游戏的特殊昵称。
98 10 6 1 2 0.373
在《绝地求生》的游戏中，玩家取得最后的胜利之时，屏幕便会显示“大吉大利，晚上吃鸡”几个大字，有人认为，这句话源自电影《决胜21点》，英文原版是“WINNERWINNER，CHICKENDINNER”，在很久以前，拉斯维加斯的赌场有一份鸡肉土豆的套餐，售价1.79美刀，而赢一次赌局的标准回报是2美刀，也就是说，只要赢一局晚上就有鸡吃。
98 12 7 1 2 0.651
《绝地求生》由Bluehole与《H1Z1》、《武装突袭3》“大逃杀”模式制作人Playerunknown联合开发的第一人称射击类大逃杀游戏，每一局游戏将有100名玩家参与，他们将被投放在绝地岛上，在游戏的开始时所有人都一无所有。
98 13 7 2 2 0.38
玩家需要在岛上收集各种资源，在不断缩小的安全区域内对抗其他玩家，让自己生存到最后。
98 16 8 3 3 0.677
这自然引来了中国游戏厂商的想法。
98 15 8 2 3 0.468
尤其是中国玩家数量迅速增加，占比达到42%，“吃鸡游戏”在新浪微博中的阅读量也早已突破了7亿。
98 17 9 1 2 0.617
不仅如此，《绝地求生》衍生产业也在短时间内运营的“风风火火”，除了游戏主播搭上这班现象级游戏的早班车外，外挂产业链更是频频登上新闻报道。
98 18 9 2 2 0.482
9月初，就在《绝地求生：大逃杀》游戏处于高歌猛进的阶段时，发生了一件令玩家扼腕叹息的大事件：斗鱼主播魔音糯米与电竞元老人物黄旭东针对外挂问题的线下约架，被永久封号。
98 20 10 2 2 0.758
于是不少游戏厂商纷纷瞄准这款游戏或“吃鸡模式”，根据《绝地求生》的设计思路打造同类型的“吃鸡”游戏，。
98 19 10 1 2 0.529
这样的现象级效应似乎让游戏厂商瞥见了彼时《英雄联盟》的盛景，它不仅是一款成功的现象级MOBA竞技类端游，也催生了同为现象级手游的《王者荣耀》的火热。
98 22 12 1 1 0.678
尽管游戏厂商不在少数，但目前仍尚未有一款产品在“吃鸡”手游中占据“霸主”之位，各大厂商仍在觊觎着这片空白并的实现着想法，小米便是其中之一。
98 29 15 2 2 0.602
不久前，小米游戏官方微博更新博文：2017注定是鸡的受难年，难挡玩家们对吃鸡的热情，《小米枪战》‘吃鸡’玩法终于开测了！随后，雷军也转发了该消息，并向网友推荐这款游戏，落实进军“吃鸡模式”。
98 28 15 1 2 0.383
如果说腾讯的回应有些模棱两可，那么小米则是坚定了进军“吃鸡手游”的决心。
98 30 16 1 2 0.61
据了解，这款由西山居以及小米共同打造的全新“吃鸡手游”《小米枪战》，即将正式发售，成为第一批正式发布的吃鸡游戏之一，而《小米枪战》也是小米电竞首款战略级产品。
98 31 16 2 2 0.274
《小米枪战：全民吃鸡》将于10月30日召开新品发布会，这场发布会上，EpicGames大中华区总经理也会亮相站台，有消息称雷军也会出席，双方或会公布重大合作。
98 32 17 1 2 0.637
从各路游戏大神对游戏的测评感受来看，在品质良莠不齐的“吃鸡”类手游中，小米这款《全民枪战》实属良心。
98 33 17 2 2 0.331
尽管如此，从广电总局的表态中，仍然让玩家忍不住“后怕”。
98 41 21 2 2 0.601
尽管尚未拿到许可证的“吃鸡游戏”或许拿证无望，但经过改头换面摇身一变成为一款“清新版”枪战类游戏也不无可能。
98 40 21 1 2 0.507
娱乐独角兽认为，广电总局侧重点在于“杀戮”与“对青少年造成不良影响”，或许游戏厂商可以将吃鸡游戏“整整容”，对“吃鸡”规则稍作整改，被击败的玩家只是丧失“逃生”世界的游戏资格而不是被“杀害”。
99 8 5 2 3 0.665
《绝地求生》的上一款主播游戏，叫做《H1Z1》，它们的玩法相近，都是大逃杀类型游戏，也都因为国内网络传播的关系大火。
99 7 5 1 3 0.353
现在全网“吃鸡”刷屏像极了一年前全网“吸屁股”的景象，《守望先锋》刚发布的时候，也是瞬间火爆，但一年之后，就面临着玩家大量流失的尴尬。
99 9 5 3 3 0.338
《绝地求生》到底是昙花一现还是能够在大家视野中存活几年，这谁都不好说。
99 20 12 2 2 0.603
免费榜上也有很多标题里各种夹带大逃杀、吃鸡字眼的游戏，一款《大逃杀绝地吃鸡》排到了第2名。
99 19 12 1 2 0.552
截止到10月10日，AppStore付费榜TOP50至少有3款吃鸡游戏，一款名为《丛林大逃杀》的产品“荣登榜首”。
99 25 16 1 1 0.611
《绝地求生》的官方手游大概和这个游戏的PC版国服一样难等。
100 7 3 3 3 0.674
不过，本身为PC游戏的《绝地求生》被转移到手机上，也反映出了手机厂商可能是想通过“现象级”游戏带动硬件销量的意图。
100 6 3 2 3 0.494
该款游戏自今年3月上线以来迅速风靡全球，受到各国玩家的喜爱，其吸金能力也格外引人瞩目。
100 17 8 1 2 0.654
如此成功的游戏，自然也吸引到中国资本的关注，小米、网易、腾讯等厂商都在发力。
100 18 8 2 2 0.478
一个最直观的反应是，目前在国产硬件设备的应用商店中搜索，能够找到数类同款游戏。
100 41 19 3 3 0.729
不少手机厂商及网络运营商都非常看好这款游戏。
100 40 19 2 3 0.471
而下半年，则可能变成《绝地求生》的天下。
100 47 23 1 2 0.645
各家厂商也正是发现了这一潜力，才致力于将PC端的“吃鸡”游戏与手机相结合。
100 48 23 2 2 0.324
不过，手机“吃鸡”的劣势仍然明显，比如操作不灵敏、画面不清晰、延迟严重、不能精确瞄准等等。
100 49 24 1 3 0.634
既然如此，那么可不可以针对游戏设计出专门的“游戏手机”呢？既然PC市场有游戏笔记本，那么游戏手机的想法应该也是可行的。
100 50 24 2 3 0.239
并且这种想法目前也被付诸实践。
