16 12 9 1 1 0.601
面对这么一款“引发市场新兴奋点”的现象级游戏，网易率先加入“吃鸡”大军，争抢先机斩获第一波“吃鸡”手游用户。
33 3 2 1 3 0.639
网络游戏《绝地求生》自今年3月上线后，迅速成为现象级网游：累计销量突破2000万，全球同时在线人数超过200万。
33 4 2 2 3 0.541
同样形成现象的，是游戏中用于作弊的外挂泛滥。
50 12 5 1 4 0.607
《绝地求生》无疑是今年最火爆的游戏。
50 13 5 2 4 0.436
到目前为止，《绝地求生》在Steam平台的销量已经即将突破2200万份，其中，十月份的销量超过了500万份，玩家已经超过1600万。
57 5 4 1 3 0.609
由韩国游戏厂商Bluehole研发的PC游戏《绝地求生：大逃杀》（俗称“吃鸡”游戏）自今年3月份在Steam平台上线以来在全球范围内获得了巨大的反响，热度迅速上升。
57 6 4 2 3 0.507
根据Steam数据，在Steam平台上前十游戏市场中，《绝地求生》迅速占据第一。
62 8 5 1 2 0.759
这个游戏的火爆程度不亚于此前的现象级手游《王者荣耀》。
62 9 5 2 2 0.529
目前这把火一路烧到了手游市场，越来越多的国内游戏公司加入“吃鸡”大军，其中不乏A股上市公司，以及腾讯网易这样的巨无霸。
62 40 28 1 1 0.62
同花顺认为，腾讯手游《光荣使命》开启不删档预约，亚洲最大游戏公司加入战场，“百人战术竞技”市场规模持续扩大，看好FPS/TPS手游成为继《王者荣耀》等MOBA类游戏后手游市场又一爆发增长点。
63 7 3 1 3 0.604
长期被MOBA（多人在线战术竞技游戏，如《英雄联盟》《王者荣耀》）游戏把持的国内游戏市场在“吃鸡”的刺激下出现了松动。
63 8 3 2 3 0.403
网易、腾讯、完美等游戏大佬闻风而动，纷纷加入这一新兴市场的抢夺之中。
67 12 8 1 2 0.691
《绝地求生》在中国受到了广大玩家的追捧，成为继《王者荣耀》后，又一款现象级游戏。
67 13 8 2 2 0.534
《绝地求生》掀起的热潮扩散至手游，意味着游戏公司们热切寻找的下一个《王者荣耀》和《阴阳师》初露轮廓，而腾讯也需要应对的产品，这就是《光荣使命》。
71 24 15 1 1 0.684
此前，韩国公司蓝洞（Bluehole）开发的网络游戏《绝地求生》在中国受到了广大玩家的追捧，成为继《王者荣耀》后，又一款现象级游戏。
76 1 1 1 1 0.658
游戏行业从来不缺乏现象级游戏，但却极少能有游戏像《绝地求生》这样，引发整个行业的疯狂。
80 68 38 1 3 0.601
《绝地求生》奇迹般的火爆之后，国内手游厂商纷纷跟进。
80 69 38 2 3 0.364
最新跟进的《小米枪战》和《荒野行动》已经尝到了甜头，但留存率也暴露出产品本身的粗糙，用户依然在“货比三家”。
84 14 7 2 2 0.628
但是，大逃杀游戏注定难以成为如同王者荣耀一般长期火热的现象级手游，越早入局越容易吸量，为什么呢？
84 13 7 1 2 0.527
这也是为什么，三款大逃杀手游上线不过一周便能超过《王者荣耀》，霸版Appstore免费畅销排行榜的原因。
84 25 16 2 3 0.777
这款游戏也注定难以成为王者荣耀一般长期火热的现象级游戏。
84 24 16 1 3 0.316
因此，对于这样的一类游戏，，不管是腾讯还是网易小米也好，越早在吃鸡热的过程中入局吸量的厂商，就越能在这个市场中掌握前期优势，沉淀后期那些真正的核心玩家。
84 26 16 3 3 0.337
既然是越早入局就越好，但实际上整个国内的吃鸡游戏市场谁赢得多呢？
86 3 2 2 4 0.611
早在今年的3月23日，韩国公司Bluehole开发了一款游戏《绝地求生大逃杀》，这款游戏在半年内引爆了全球的玩家市场。
86 2 2 1 4 0.297
这只鸡非常耐人寻味。
86 4 2 3 4 0.505
Bluehole的创意总监BrendanGreene今天在推特上宣布，该游戏的全球销量，已经突破了2000万份；在欧美市场，《绝地求生》在今年第三季度超越《英雄联盟》，成为直播平台最火的游戏作品。
92 14 10 1 2 0.607
根据游戏数据分析网站Steamspy统计，上线销售以来，《绝地求生》销量达到1700万，打破了PC游戏记录。
92 15 10 2 2 0.478
数据机构SuperData在10月底发布的一份报告显示，2017年9月期间，《绝地求生》在PC游戏市场营收超过《魔兽世界》，成为营收增长最快的游戏。
98 6 4 1 3 0.733
这款时下Steam上最为火热的现象级游戏，在短短半年时间里创下了6项世界纪录，并制造了一波大逃杀游戏的现象级热潮。
98 7 4 2 3 0.422
它的热度蔓延至中国市场，让周杰伦、林更新等明星、电竞选手和网红主播们纷纷转战直播“吃鸡”吸引人气，堪比同为端游的《英雄联盟》和《守望先锋》。
98 19 10 1 2 0.757
这样的现象级效应似乎让游戏厂商瞥见了彼时《英雄联盟》的盛景，它不仅是一款成功的现象级MOBA竞技类端游，也催生了同为现象级手游的《王者荣耀》的火热。
98 20 10 2 2 0.557
于是不少游戏厂商纷纷瞄准这款游戏或“吃鸡模式”，根据《绝地求生》的设计思路打造同类型的“吃鸡”游戏，。
100 14 7 1 3 0.723
提起现象级游戏，中国玩家和业界最先想到的无疑是《王者荣耀》。
100 15 7 2 3 0.512
而在今年下半年，《绝地求生》又吸引了众多中国玩家的注意力。
100 25 12 1 2 0.675
事实上，PC端细分市场的销量也确实因为现象级游戏而有所增长。
100 26 12 2 2 0.417
昨日，京东公布了一系列销售数据，其3C事业部通信业务部经理叶威透露，尽管PC市场总销售量在下跌，但游戏笔记本的销量却呈现了“井喷式增长”。
100 36 17 2 2 0.663
而对于增速放缓的手机行业而言，“吃鸡”这类现象级游戏同样具备巨大的吸引力。
100 35 17 1 2 0.332
这样的增长速度很难不让人眼红，在PC端游戏行业，此种增速完全可以用“夸张”二字加以形容，而且这种增速还得以持续。
100 39 19 1 3 0.669
上半年，堪称现象级手游代表的《王者荣耀》让人们看到了现象级游戏的吸金能力和传播速度，以至于许多手机都以《王者荣耀》在其上的运行能力作为宣传中重要的点。
100 40 19 2 3 0.433
而下半年，则可能变成《绝地求生》的天下。
100 56 26 2 3 0.66
随着硬件行业以及游戏行业的成熟，现象级游戏带动硬件销量的上涨将成为必然。
100 55 26 1 3 0.158
不过，这可能也为手机的下一步发展提供了一条道路。
100 57 26 3 3 0.755
现象级游戏的出现，加上手游市场本身的热度，手机行业或许会因现象级游戏迎来新的转机。
