1
52 2 2 1 1 0.613
11月22日，腾讯宣布正式与蓝洞达成战略合作，获得《Playerunknown‘sBattlegrounds》（以下简称绝地求生）在中国独家代理权运营。
3
55 1 1 1 3 0.205
【TechWeb报道】腾讯在11月22日中午，通过多渠道放出正式代理《绝地求生》的消息。
55 2 1 2 3 0.649
腾讯一方表示，已于PUBG公司达成战略合作，已经获得了中国的独家代理权。
55 3 1 3 3 0.085
预计不久这款吃鸡游戏就将上线WeGame。
3
1 1 1 1 3 0.265
在今日的腾讯游戏嘉年华中，正版PUBG手游正式揭开其面纱。
1 2 1 2 3 0.486
腾讯宣布旗下天美与光子两大工作室群均将承担正版PUBG手游的开发任务，并将与PUBG在未来的合作中重视赛事、内容、硬件三大生态的打造。
1 3 1 3 3 0.284
PUBG公司创意总监、《绝地求生》制作人BrendanGreene亦来临现场，见证腾讯“大绝地求生”体系搭建。
3
3 1 1 1 3 0.225
2017年12月1日TGC（腾讯游戏嘉年华）在成都如期举行，本届嘉年华众星云集，英雄联盟》、《DNF》等中外精品之作吸引玩家关注。
3 2 1 2 3 0.453
而最令人瞩目的，当属腾讯与PUBG上午举行的合作发布会。
3 3 1 3 3 0.29
发布会围绕《绝地求生》的生态打造进行深入介绍，而腾讯光子工作室群和PUBG公司联手打造的绝地求生正版手游《绝地求生：刺激战场》作为压轴大戏最后出场，引发现场惊叹。
2
3 31 10 1 2 0.228
其次是游戏生态的内容对抗。
3 32 10 2 2 0.456
如TGC现场腾讯公布的那样，腾讯与PUBG公司也将围绕《绝地求生》IP品牌及系列游戏启动大生态共建战略，构建包含赛事、内容、硬件在内的全新的、更完善、更多元化的生态环节，
1
5 17 16 1 1 0.498
随着腾讯和PUBG公司展开合作后，双方将在国内开启《绝地求生》大生态战略——围绕《绝地求生》端游及手游，投入超过1亿元人民币，构建全新的、更完善、更多元化的生态环境。
1
5 18 17 1 1 0.411
腾讯将秉承“全面开放、合作共赢、公平透明”三大理念，与主播、直播平台、网吧、校园、媒体、硬件厂商等不同领域的战略伙伴合作，从赛事、内容、硬件等三大生态为轴心，营造积极、正向、多元的游戏氛围，共同构建一个更完善、更多元化的《绝地求生》共生生态。
2
11 2 2 1 2 -0.086
开发商为此感到兴奋。
11 3 2 2 2 0.427
继腾讯独家代理运营PUBG端游国服之后，本周腾讯携手PUBG公司进一步宣布，作为战略合作的重要规划，双方确认将联合出品PUBG正版手游，意味着又一块“屏幕”即将被“吃鸡”游戏占领，新需求正在被激发。
2
11 12 7 1 2 0.496
就在本周，腾讯携手PUBG公司宣布，双方将联合出品PUBG的正版手游。
11 13 7 2 2 0.152
该款手游将率先登陆中国市场。
1
22 1 1 1 1 0.567
在宣布独家代理运营《Playerunknown'sBattlegrounds》端游国服之后，近日腾讯携手PUBG公司进一步宣布，作为战略合作的重要规划，双方确认将联合出品《PUBG》正版手游。
1
25 1 1 1 1 0.43
前几天，我们报道了关于腾讯代理《Playerunknown‘sBattlegrounds》（绝地求生大逃杀又名吃鸡）之后，昨日，腾讯宣布：腾讯携手PUBG公司进一步宣布，作为战略合作的重要规划，双方确认将联合出品《PUBG》正版手游。
2
26 1 1 1 2 0.153
在经过数月的各种市场传言后，《绝地求生》终于花落腾讯，正式进入中国市场。
26 2 1 2 2 0.553
11月22日，腾讯宣布正式与韩国游戏公司蓝洞达成战略合作，获得《绝地求生：大逃杀》在中国的独家代理运营权，同时也正式开展正版授权手游的合作。
2
26 3 2 1 2 0.5
在达成战略合作后，腾讯加快了“吃鸡”类游戏的全面布局。
26 4 2 2 2 0.231
在11月27日，腾讯宣布将与蓝洞公司推出《绝地求生》正版手游，把原版PC游戏中的经典玩法与元素在手机端进行完美还原。
2
26 32 15 1 2 0.408
不过腾讯在公告中表示，会与国家主管部门保持密切沟通。
26 33 15 2 2 0.405
“在本次合作达成后，腾讯将与PUBG公司遵循主管部门的相关指导意见，对游戏中不符合相关规定的内容进行调整，并进一步突出游戏的团队协作和公平竞技属性，确保符合社会主义核心价值观，符合中华民族的传统文化习惯与道德规范。”
0
2
27 1 1 1 2 0.409
27日从腾讯(00700-HK)获悉，继腾讯独家代理运营《Playerunknown'sBattlegrounds》(以下简称《PUBG》，即被称为“吃鸡”的游戏《绝地求生》)端游国服之后，今日腾讯携手PUBG公司进一步宣布，作为战略合作的重要规划，双方确认将联合出品《PUBG》正版手游。
27 2 1 2 2 0.182
根据最新数据显示，《PUBG》全球销量累计超过2100万份。
1
39 13 6 1 1 0.468
挣钱了，阿里巴巴挣钱了当然是买买买！阿里巴巴在今早宣布与欧尚零售、润泰集团达成战略合作，入股约224亿港币，直接和间接持有高鑫零售36.16%的股份。
2
50 4 2 1 3 0.431
同时腾讯也将和PUBG公司一起与各直播平台、媒体、上网服务场所等行业各界合作伙伴打造公平、健康、可持续的生态体系。
50 5 2 2 3 0.051
这也是继《英雄联盟》、《王者荣耀》之后又一款火爆游戏落入腾讯囊中。
1
50 18 7 1 1 0.417
政策成为吃鸡的道路上的一道壁垒，而此次腾讯官方表示腾讯会与国家主管部门保持密切沟通，在本次合作达成后，将于PUBG公司遵循主管部门的相关指导意见，对游戏中不符合相关规定的内容进行调整，并进一步突出游戏的团队协作和公平竞技属性，确保符合社会主义核心价值观，符合中华民族的传统文化习惯与道德规范。
2
50 31 11 1 2 0.087
腾讯代理《绝地求生》之后，整个吃鸡产业链的也会随之变化。
50 32 11 2 2 0.467
腾讯官方也宣布将和PUBG公司一起与各直播平台、媒体、上网服务场所等行业各界合作伙伴打造公平、健康、可持续的生态体系。
2
51 1 1 1 2 0.403
11月22日中午，《绝地求生》在中国区的代理问题终于有了答案，腾讯游戏正式宣布将与PUBG公司达成战略合作，获得了《绝地求生》这款游戏的国服独家代理权。
51 2 1 2 2 0.172
这个消息一出便引起了网友们的纷纷热议，在此之前曾经有传闻说腾讯曾提议想要完成对《绝地求生》以及制作组的收购，但是被韩国公司蓝洞拒绝了，这次正式公布的消息就变成了战略合作，看来巨额的代理费是少不了了，不过这次合作似乎也标志着腾讯再次巩固了其在国内游戏界中的老大地位，而在电竞方面也拿到了一个重量级筹码，让渐渐崛起的网易陷入苦战。
0
1
52 5 4 1 1 0.424
伴随着这次的入股，腾讯以及蓝洞就双方的合作开始有了实质性的进展，双方的态度开始极度暧昧起来，蓝洞的创始人ChangByung-gyu在接受彭博社采访时表示，“腾讯可以成为我们非常重要的合作伙伴。”
1
52 45 36 1 1 0.423
腾讯还表示，会与国家主管部门保持密切沟通，在本次合作达成后，将与PUBG公司遵循主管部门的相关指导意见，对游戏中不符合相关规定的内容进行调整，并进一步突出游戏的团队协作和公平竞技属性，确保符合社会主义核心价值观，符合中华民族的传统文化习惯与道德规范。
2
54 1 1 1 2 0.525
中关村在线消息：2017年11月22日，腾讯与官方微博微信同时发布公告，宣布与PUBG公司达成战略合作获得《PUBG》国服代理权，国内PUBG玩家期待了N个月的消息终于尘埃落地。
54 2 1 2 2 -0.165
众多网友也是纷纷发来贺电：“吃鸡官博终于不用再道歉了”，原来，绝地求生之前由于服务器和自身系统的问题，导致这款游戏BUG不断，官方微博每天都会出来给大家道歉，沦为大家的笑柄。
0
1
55 10 6 1 1 0.411
这里腾讯一方也表示会与国家主管部门保持密切沟通，在本次合作达成后，将与PUBG公司遵循主管部门的相关指导意见，对游戏中不符合相关规定的内容进行调整，并进一步突出游戏的团队协作和公平竞技属性，确保符合社会主义核心价值观，符合中华民族的传统文化习惯与道德规范。
1
56 1 1 1 1 0.432
【TechWeb报道】11月22日消息，腾讯今日宣布，正式与PUBG公司达成战略合作，获得《Playerunknown'sBattlegrounds》（简称《PUBG》，中译《绝地求生：大逃杀》）在中国的独家代理运营权。
1
56 6 6 1 1 0.54
PUBG公司CEOKimChanghan先生表示，PUBG公司与腾讯达成战略合作后，《PUBG》将正式登陆中国市场，这是一次全新的精彩旅程，希望通过双方精诚合作，为中国玩家带来最好的游戏体验。
2
56 9 8 2 3 0.109
尤其是为未成年人用户传递健康正向的文化理念和价值观导向。
56 10 8 3 3 0.431
同时腾讯也将和PUBG公司一起与各直播平台、媒体、上网服务场所等行业各界合作伙伴打造公平、健康、可持续的生态体系。
1
56 11 9 1 1 0.415
同时，腾讯会与国家主管部门保持密切沟通，在本次合作达成后，将与PUBG公司遵循主管部门的相关指导意见，对游戏中不符合相关规定的内容进行调整，并进一步突出游戏的团队协作和公平竞技属性，确保符合社会主义核心价值观，符合中华民族的传统文化习惯与道德规范。
1
56 12 10 1 1 0.484
据透露，随着中国区代理权的确认，腾讯与PUBG公司将于近期公布《PUBG》国服的相关内容和双方合作的更多详情。
1
57 1 1 1 1 0.496
腾讯今日午间正式宣布与PUBG制作公司——Bluehole达成战略合作，获得《Playerunknown'sBattlegrounds》（《绝地求生·大逃杀》）在中国的独家代理运营权。
1
57 4 3 1 1 0.415
值得注意的是，腾讯还在公告中表态称，腾讯会与国家主管部门保持密切沟通，在本次合作达成后，将与Bluehole遵循主管部门的相关指导意见，对游戏中不符合相关规定的内容进行调整，并进一步突出游戏的团队协作和公平竞技属性，确保符合社会主义核心价值观。
1
58 1 1 1 1 0.543
11月22日中午，腾讯公司通过其公众号对外宣布，腾讯已与PUBG公司达成战略合作，获得《Playerunknown'sBattlegrounds》（以下简称《PUBG》）在中国的独家代理运营权。
1
58 8 4 1 1 0.6
PUBG公司CEOKimChanghan表示，PUBG公司与腾讯达成战略合作后，《PUBG》将正式登陆中国市场，开启一次全新的精彩旅程。
1
58 12 7 1 1 0.431
同时腾讯也将和PUBG公司一起与各直播平台、媒体、上网服务场所等行业各界合作伙伴打造公平、健康、可持续的生态体系。
2
58 13 8 1 2 0.403
此外，腾讯还特意强调了将与国家主管部门保持密切沟通。
58 14 8 2 2 0.407
在本次合作达成后，腾讯将与PUBG公司遵循主管部门的相关指导意见，对游戏中不符合相关规定的内容进行调整，并进一步突出游戏的团队协作和公平竞技属性，确保符合社会主义核心价值观，符合中华民族的传统文化习惯与道德规范。
0
2
59 1 1 1 2 0.538
腾讯（00700-HK）正式与PUBG公司达成战略合作，获得《Playerunknown’sBattlegrounds》（即《绝地求生》）在中国的独家代理运营权。
59 2 1 2 2 0.426
腾讯将协同PUBG公司为《PUBG》国服提供网络优化、服务器扩容、外挂打击等技术支持，也将和PUBG公司一起与各直播平台、媒体、上网服务场所等行业各界合作伙伴打造公平、健康、可持续的生态体系。
0
1
60 1 1 1 1 0.531
新浪港股讯11月22日消息，腾讯宣布正式与PUBG公司达成战略合作，获得《Playerunknown‘sBattlegrounds》（以下简称《PUBG》）在中国的独家代理运营权。
2
60 2 2 1 2 0.316
PUBG公司CEOKimChanghan先生表示，自2017年3月正式上线以来，《PUBG》全球累计销量已经超2000万份，并打破多项吉尼斯世界记录，同时囊获2017年英国金摇杆奖的最佳多人游戏与最佳PC游戏等一系列国际大奖。
60 3 2 2 2 0.525
PUBG公司与腾讯达成战略合作后，《PUBG》将正式登陆中国市场，这是一次全新的精彩旅程，希望通过双方精诚合作，为中国玩家带来最好的游戏体验。
2
60 5 4 1 2 0.256
为了给予中国玩家最优秀的游戏体验，腾讯将协同PUBG公司为《PUBG》国服提供网络优化、服务器扩容、外挂打击等技术支持，营造积极、正向的游戏氛围。
60 6 4 2 2 0.431
同时腾讯也将和PUBG公司一起与各直播平台、媒体、上网服务场所等行业各界合作伙伴打造公平、健康、可持续的生态体系。
1
60 9 6 1 1 0.421
腾讯会与国家主管部门保持密切沟通，在本次合作达成后，将与PUBG公司遵循主管部门的相关指导意见，对游戏中不符合相关规定的内容进行调整，并进一步突出游戏的团队协作和公平竞技属性，确保符合社会主义核心价值观，符合中华民族的传统文化习惯与道德规范。
1
60 10 7 1 1 0.503
随着中国区代理权的确认，腾讯与PUBG公司将于近期公布《PUBG》国服的相关内容和双方合作的更多详情。
1
62 26 18 1 1 0.421
此后据彭博社报道，蓝洞创始人ChangByung-gyu在采访中谈到了双方正在洽谈，并表示会谈很有希望：“腾讯可能成为我们非常重要的合作伙伴。”
1
65 10 6 1 1 0.498
鉴于雷诺与达契亚的长期合作关系，1999年，雷诺出资5000万美元，正式收购罗马尼亚达契亚51％的股份，成为了法国车。
2
68 14 6 2 3 0.235
据《韩国经济新闻》报道，腾讯已购买了蓝洞公司价值约700亿韩元(约合4亿元人民币)股份。
68 15 6 3 3 0.421
此后据彭博社报道，蓝洞创始人ChangByung-gyu在采访中谈到了双方正在洽谈，并表示会谈很有希望：“腾讯可能成为我们非常重要的合作伙伴。”
2
68 45 20 1 2 0.405
9月29日，深圳巴德尔科技有限公司对外宣布，已经获得数千万元融资，深圳国中创业投资管理有限公司参与投资。
68 46 20 2 2 0.29
巴德尔成立于2017年4月，是一家专注精品手机游戏研发的互联网企业，公司核心成员均来自腾讯，在手机游戏领域积累了丰富的研发经验，主要发力于MMORPG。
2
71 12 8 1 2 0.436
今年9月，阿里巴巴文娱集团宣布正式成立游戏事业部，下设开放平台事业部和互动娱乐事业部。
71 13 8 2 2 0.316
同时由网易前COO詹钟晖等创办的广州简悦信息科技有限公司也正式并入阿里大文娱游戏事业群。
2
72 24 16 1 2 0.206
国内不止一家公司在争夺《绝地求生：大逃杀》代理权，腾讯被认为是最有可能取得代理权的公司。
72 25 16 2 2 0.417
《绝地求生：大逃杀》开发商蓝洞公司创始人张炳圭（ChangByung-gyu）曾公开表示，“腾讯可能成为我们非常重要的合作伙伴。”
2
86 31 17 1 2 0.394
8月10日，界面报道，腾讯对Bluehole公司进行了投资；9月28日，彭博报道，腾讯与Bluehole公司进行协商，并提出购买版权。
86 32 17 2 2 0.522
蓝洞公司创始人张炳圭则称“腾讯可能成为我们非常重要的合作伙伴。”
3
92 45 30 1 3 0.361
开发商已经展开实际行动：9月30日，蓝洞宣布成立子公司“PUBGCorp.”，该子公司将专营《绝地求生》。
92 46 30 2 3 0.478
蓝洞表示新公司将专注于“加快游戏的商业化布局和全球运营”。
92 47 30 3 3 0.194
总部设在韩国，分部位于威斯康星州麦迪逊，计划还会在欧洲和日本设立分部。
2
92 77 48 1 2 0.431
9月28日，来自彭博的报道显示，腾讯已经就出版协议与蓝洞公司进行协商，并提出购买版权。
92 78 48 2 2 0.413
蓝洞公司创始人张炳圭(ChangByung-gyu)说，“腾讯可能成为我们非常重要的合作伙伴。”该报道称，在全世界最大的游戏市场中国，张炳圭知道他需要本土的合作伙伴。
0
