三星 1.0 0.504048254493 0.105263157895 0.336226531037 0.859703913524 0.70499599689 0.0515463917526 0.0 0.139569026246 0.2 0.132653061224
分析师 0.0 0.241655012307 0.263157894737 0.275940678788 0.929635263219 0.541251101712 0.0 0.0 0.160005102193 0.1 0.244897959184
成本 2.0 0.551131981664 0.105263157895 0.279088945886 0.932214467829 0.642772053422 0.020618556701 0.0 0.656040774306 0.04 0.112244897959
系列 0.0 0.259695187419 0.105263157895 0.266717557153 0.969304816235 0.581847342583 0.0 0.0 0.076731958274 0.1 0.163265306122
第一 0.0 0.298508276854 0.105263157895 0.212721582501 0.966205429857 0.654936512685 0.0 0.0 0.0788614217134 0.04 0.183673469388
发货 1.0 0.393924914616 0.105263157895 0.215212595676 0.863789490232 0.596809963041 0.0618556701031 0.0 0.56961699919 0.1 0.224489795918
分钟 0.0 0.452394711512 0.105263157895 0.475169569136 0.888735945712 0.504397964671 0.0 0.0 0.148377108003 0.2 0.0510204081633
证券 0.0 0.163883553089 0.105263157895 0.345739694368 0.89749995654 0.372155917607 0.0 0.0 0.134801886869 0.1 0.173469387755
新浪 0.0 0.23863014358 0.105263157895 0.0 0.930363341352 0.451897357685 0.0 0.0 0.104882320577 0.04 0.122448979592
更新 0.0 0.301250496358 0.105263157895 0.0176718546094 0.903384602424 0.612662669833 0.0309278350515 0.0 0.0976817165916 0.1 0.132653061224
消息 0.0 0.227450341369 0.105263157895 0.156722786086 0.94118953785 0.601160708053 0.0103092783505 0.0 0.094233886109 0.04 0.418367346939
应该 0.0 0.165832264096 0.105263157895 0.207967676693 0.91706447794 0.595241309494 0.0 0.0 0.0788983981025 0.04 0.183673469388
全面 0.0 0.328782729368 0.105263157895 0.156287965822 0.912670744091 0.586115633547 0.0 0.0 0.141370663695 0.04 0.316326530612
用户 0.0 0.398975641192 0.105263157895 0.1435347718 0.952558767944 0.806830923296 0.0103092783505 0.0 0.171660417255 0.1 0.418367346939
之前 0.0 0.182665652045 0.105263157895 0.128580159849 0.947872307476 0.687804050539 0.0103092783505 0.0 0.100320834635 0.04 0.367346938776
已经 0.0 0.347109664165 0.105263157895 0.115318602992 0.953090158751 0.790363139011 0.0 0.0 0.336313555139 0.04 0.510204081633
搭载 0.0 0.274692408447 0.105263157895 0.132427134351 0.925896848098 0.530969446333 0.0 0.0 0.089425200315 0.1 0.132653061224
功能 0.0 0.400868557897 0.105263157895 0.191941237024 1.0 0.719566507365 0.0103092783505 0.0 0.132033381599 0.1 0.234693877551
升级 0.0 0.215027462184 0.105263157895 0.27758972488 0.989602591619 0.616054625983 0.020618556701 0.0 0.0486743052236 0.2 0.142857142857
最新 0.0 0.186243958367 0.105263157895 0.2138557402 0.953019931976 0.524470969449 0.0 0.0 0.0524658871761 0.1 0.183673469388
销量 1.0 0.407477371948 0.105263157895 0.486860792387 0.927860876081 0.614138514253 0.0412371134021 0.0 0.211597214622 0.2 0.132653061224
依然 0.0 0.164890688219 0.105263157895 0.162954529995 0.967307962637 0.618293473951 0.0103092783505 0.0 0.0493219632101 0.04 0.244897959184
屏幕 0.0 0.798366462011 0.105263157895 0.247043372191 0.944501847886 0.814862149539 0.0103092783505 0.0 0.252953618168 0.04 0.336734693878
价格 1.0 0.514958514398 0.105263157895 0.266869275529 0.986187399788 0.725943840405 0.020618556701 0.0 0.177476857584 0.1 0.214285714286
科技 0.0 0.274664102022 0.105263157895 0.0709895578978 0.959701276458 0.56061574066 0.0103092783505 0.0 0.902698380389 0.0 0.224489795918
面部 0.0 0.34182530828 0.105263157895 0.263178605675 0.993987527388 0.624258322672 0.0103092783505 0.0 0.0804033317888 0.04 0.204081632653
季度 0.0 0.316897354153 0.105263157895 0.363342979574 0.85943110129 0.563036845101 0.0 0.0 0.20158607786 0.1 0.122448979592
iPhone8 0.0 0.896679867558 0.157894736842 0.418782618784 0.964770296063 0.760711800495 0.0103092783505 0.0 0.0 0.1 0.265306122449
iPhone6 0.0 0.253650224876 0.157894736842 0.427972736869 0.938522966186 0.601688633605 0.0 0.0 0.0 0.04 0.122448979592
速度 0.0 0.346777599259 0.105263157895 0.116095306489 0.982181099635 0.595738573076 0.0 0.0 0.123626148806 0.04 0.163265306122
iPhoneX 0.0 0.0821644084667 0.157894736842 0.0572041424997 0.93004624637 1.0 0.0927835051546 0.0 0.0 0.0 0.989795918367
目前 0.0 0.335074905862 0.105263157895 0.10475766811 0.965936728537 0.758687178488 0.0 0.0 0.167349243594 0.04 0.469387755102
产品 0.0 0.487428315946 0.105263157895 0.322550742448 0.945258497648 0.753808371958 0.0103092783505 0.0 0.106945932432 0.04 0.285714285714
认为 0.0 0.217029653396 0.105263157895 0.113521761293 0.968674591116 0.625279108344 0.0 0.0 0.101282174977 0.04 0.214285714286
应用 0.0 0.271916514521 0.105263157895 0.0731028405697 0.922208294575 0.657083776895 0.0 0.0 0.0791403893021 0.2 0.15306122449
出现 0.0 0.356683806991 0.105263157895 0.111577355909 0.959307240826 0.674562472879 0.020618556701 0.0 0.126921420042 0.04 0.214285714286
报道 0.0 0.189688823948 0.105263157895 0.191028003133 0.857961874436 0.480751483489 0.0 0.0 0.0833909951965 0.1 0.295918367347
带来 0.0 0.300822145553 0.105263157895 0.201397425857 0.996910770755 0.600258531869 0.0 0.0 0.101959783598 0.1 0.214285714286
上市 0.0 0.19725544961 0.105263157895 0.165041455991 0.942630237092 0.576060005679 0.0103092783505 0.0 0.173261821998 0.04 0.19387755102
看到 0.0 0.193127001443 0.105263157895 0.0628717610009 0.928150508903 0.521259613754 0.0 0.0 0.0644742096435 0.04 0.15306122449
此前 0.0 0.165832264096 0.105263157895 0.112224417397 0.920664199984 0.604629937237 0.0 0.0 0.060816271696 0.04 0.183673469388
OLED 1.0 0.330638618344 0.0 0.351524394347 0.941469574355 0.599408974446 0.0103092783505 0.0 0.0 0.04 0.234693877551
处理器 0.0 0.299281713521 0.263157894737 0.374850661038 0.928988999235 0.59999435198 0.0 0.0 0.0527681864301 0.2 0.0816326530612
FaceID 2.0 0.682543498714 0.105263157895 0.183189735261 0.970922217696 0.754651866862 0.0 0.0 0.0 0.1 0.214285714286
面具 0.0 0.561479545876 0.105263157895 0.797440315657 0.383063545333 0.615490356581 0.0309278350515 0.0 0.297571698984 1.0 0.0408163265306
解锁 0.0 0.489111554689 0.105263157895 0.247520590537 0.891411160939 0.674015033929 0.0309278350515 0.0 0.199302534875 0.2 0.122448979592
能够 0.0 0.19725544961 0.105263157895 0.2685149922 0.983093085805 0.617531027029 0.0103092783505 0.0 0.0556697584536 0.1 0.19387755102
需求 0.0 0.260408678791 0.105263157895 0.206458166217 0.920789404973 0.596792955232 0.0309278350515 0.0 0.200360852262 0.04 0.265306122449
供应 0.0 0.213582002469 0.105263157895 0.393173372456 0.810301744373 0.572521737161 0.0 0.0 0.202226140467 0.1 0.183673469388
11月 0.0 0.177470435541 0.0526315789474 0.185996324582 0.985260390684 0.555958792745 0.0 0.0 0.054557614882 0.04 0.19387755102
未来 0.0 0.339450382874 0.105263157895 0.211205437083 0.903287590303 0.635032984918 0.0 0.0 0.167412900162 0.1 0.15306122449
识别 0.0 0.580242045898 0.105263157895 0.233025499704 0.982076683817 0.716313008245 0.0103092783505 0.0 0.179134885048 0.04 0.255102040816
无线 0.0 0.214335606856 0.105263157895 0.314299355555 0.982414853295 0.549749145838 0.0 0.0 0.0412925449912 0.2 0.132653061224
中国 0.0 0.238819144983 0.105263157895 0.164796761192 0.84360840308 0.571281178323 0.0 0.0 0.0962961958418 0.1 0.112244897959
公司 0.0 0.449786576053 0.105263157895 0.201933008027 0.968333042477 0.69114112709 0.020618556701 0.0 0.147676409687 0.04 0.214285714286
手机 0.0 0.630826734582 0.105263157895 0.138978827637 0.932649399776 0.894170858187 0.020618556701 0.0 0.731460306595 0.0 0.642857142857
进行 0.0 0.290099811068 0.105263157895 0.00262107514288 0.963910136486 0.694051302146 0.0 0.0 0.131303563179 0.1 0.255102040816
测试 0.0 0.61834241274 0.105263157895 0.132165168579 0.928588703213 0.603474019965 0.0 0.0 0.148894695538 0.1 0.102040816327
时间 0.0 0.382948934689 0.105263157895 0.155401233026 0.93529207325 0.718486446647 0.0309278350515 0.0 0.28851081323 0.04 0.387755102041
市场 0.0 0.41224239917 0.105263157895 0.276589037926 0.938165502477 0.755678004749 0.0 0.0 0.16647734511 0.1 0.255102040816
表示 0.0 0.220633735326 0.105263157895 0.0966181856164 0.83404121371 0.622113941684 0.0 0.0 0.185182098277 0.04 0.285714285714
苹果 0.0 0.575846074292 0.105263157895 0.143733623812 0.94387566165 0.9792214965 0.360824742268 0.0 0.915559388907 0.04 0.816326530612
英寸 0.0 0.407477371948 0.105263157895 0.408071735135 0.908952825972 0.555981319776 0.0309278350515 0.0 0.100817527368 0.2 0.132653061224
支付 0.0 0.299281713521 0.105263157895 0.111572031592 0.872295120618 0.588358372492 0.020618556701 0.0 0.0739011876539 0.1 0.0816326530612
完成 0.0 0.324284222134 0.105263157895 0.113271322334 0.962127506821 0.460847809909 0.0 0.0 0.0712110059271 0.1 0.0918367346939
数据 0.0 0.303236393339 0.105263157895 0.00654468788123 0.864945627828 0.64039910494 0.0103092783505 0.0 0.0899409964735 0.04 0.163265306122
预计 0.0 0.213582002469 0.105263157895 0.389327581921 0.896810858904 0.54143511177 0.0103092783505 0.0 0.136170027118 0.1 0.122448979592
安全 0.0 0.284511288523 0.105263157895 0.151933712933 0.774376709054 0.570756692561 0.020618556701 0.0 0.190016375841 0.1 0.112244897959
生产 0.0 0.238327256524 0.105263157895 0.297628771767 0.904806376202 0.587415940981 0.0103092783505 0.0 0.229358833826 0.1 0.173469387755
美元 0.0 0.300853276633 0.105263157895 0.23388131078 0.933481631884 0.585385284666 0.0103092783505 0.0 0.240862898715 0.04 0.173469387755
刘海 2.0 0.385142337275 0.105263157895 0.186924476008 0.915343689106 0.558230684045 0.0103092783505 0.0 0.195640896591 0.1 0.183673469388
达到 0.0 0.165832264096 0.105263157895 0.168651770453 0.975618967225 0.567618663299 0.0 0.0 0.0924237561283 0.1 0.183673469388
版本 0.0 0.460881517482 0.105263157895 0.124180623223 0.943692454421 0.695756669325 0.0309278350515 0.0 0.236539062981 0.1 0.224489795918
芯片 2.0 0.299281713521 0.105263157895 0.295232552389 0.943186507069 0.567166929767 0.0103092783505 0.0 0.126536908748 0.2 0.0816326530612
设计 0.0 0.4797210462 0.105263157895 0.156845727956 0.964508116396 0.735231302413 0.020618556701 0.0 0.212926634045 0.04 0.377551020408
问题 0.0 0.286091685737 0.105263157895 0.151296411209 0.92489470478 0.645651426545 0.0 0.0 0.186376769071 0.04 0.295918367347
适配 0.0 0.320361887618 0.105263157895 0.295920866701 0.776609549606 0.608380410409 0.0412371134021 0.0 0.176412285789 0.2 0.102040816327
越狱 0.0 1.0 0.105263157895 1.0 0.0 0.67460730719 0.0103092783505 0.0 0.0 1.0 0.0
官网 0.0 0.2161539815 0.105263157895 0.211197618747 0.932910943462 0.561683972852 0.0309278350515 0.0 0.0969273434193 0.04 0.163265306122
显示 0.0 0.171642147727 0.105263157895 0.138578667223 0.978861510023 0.544188638204 0.0 0.0 0.0665513976291 0.04 0.255102040816
系统 0.0 0.415173872885 0.105263157895 0.0445178085051 0.904690095485 0.673818993652 0.0 0.0 0.0971250671553 0.2 0.122448979592
消费者 0.0 0.463262474854 0.263157894737 0.344663907114 0.930095311521 0.706207152574 0.0 0.0 0.128701648694 0.1 0.15306122449
使用 0.0 0.4797210462 0.105263157895 0.205572393957 0.935010109417 0.817610603395 0.020618556701 0.0 0.341182827808 0.1 0.377551020408
指纹 0.0 0.424725611252 0.105263157895 0.316091309439 0.954312249796 0.622787823269 0.0103092783505 0.0 0.111592644803 0.2 0.142857142857
256GB 0.0 0.313774566913 0.0526315789474 0.397709415893 0.816547860483 0.535023823993 0.0309278350515 0.0 0.0 0.4 0.132653061224
摄像头 1.0 0.274692408447 0.263157894737 0.188033663155 0.969743688859 0.594195560289 0.0 0.0 0.0729894673329 0.1 0.132653061224
销售 0.0 0.321925541793 0.105263157895 0.305414165121 0.924304324024 0.669991327162 0.0309278350515 0.0 0.158970840255 0.2 0.183673469388
iPhone8Plus 1.0 0.577708704769 0.368421052632 0.431973347996 0.939441242216 0.640531121346 0.0 0.0 0.0 0.1 0.102040816327
相比 0.0 0.227067346908 0.105263157895 0.139822980419 0.9817553897 0.656984296165 0.0 0.0 0.110121555108 0.04 0.214285714286
售价 2.0 0.379532944738 0.105263157895 0.156107297431 0.891517899299 0.68137357829 0.020618556701 0.0 0.148952936987 0.04 0.234693877551
情况 0.0 0.267243120336 0.105263157895 0.0465437452467 0.961372916312 0.652764067857 0.020618556701 0.0 0.160970932993 0.04 0.244897959184
iPhone 0.0 0.0100987490473 0.105263157895 0.0550260574163 0.928249599423 0.8855515431 1.0 0.0 0.0 0.0 1.0
现在 0.0 0.293086031227 0.105263157895 0.194186132836 0.949251434798 0.71743660197 0.0 0.0 0.1313074937 0.04 0.367346938776
今年 0.0 0.310482716081 0.105263157895 0.241341750509 0.983553491781 0.656625090276 0.020618556701 0.0 0.0968880490569 0.1 0.326530612245
加入 0.0 0.191727667843 0.105263157895 0.184301347071 0.984235685055 0.608081473944 0.0 0.0 0.0588858922496 0.1 0.142857142857
高通 3.0 0.535567661443 0.105263157895 0.385034827737 0.768654681942 0.648937736601 0.0309278350515 0.0 0.23372818263 0.4 0.0714285714286
支持 0.0 0.388571675043 0.105263157895 0.170163244518 0.922043563601 0.699696664731 0.0515463917526 0.0 0.130548440213 0.04 0.224489795918
产能 0.0 0.256940698517 0.105263157895 0.282728845506 0.898928874517 0.596859323974 0.0412371134021 0.0 0.303450885045 0.1 0.255102040816
购买 0.0 0.27577248968 0.105263157895 0.155059108031 0.914437269495 0.678466695551 0.0 0.0 0.156644922976 0.04 0.244897959184
明年 0.0 0.361014224354 0.105263157895 0.28126987611 0.905123900633 0.616647983857 0.020618556701 0.0 0.130181282434 0.04 0.204081632653
镜头 1.0 0.287728667154 0.105263157895 0.254603828653 0.91644758033 0.524881928862 0.0 0.0 0.0952522844139 0.1 0.0714285714286
方面 0.0 0.245880727911 0.105263157895 0.2147349529 0.961295400386 0.639857899501 0.0 0.0 0.0799058720723 0.04 0.234693877551
需要 0.0 0.265230476655 0.105263157895 0.135543056603 0.989802071894 0.702091306688 0.0103092783505 0.0 0.107607733791 0.1 0.255102040816
推出 0.0 0.314969145483 0.105263157895 0.173474035148 0.97828479907 0.69286135547 0.0103092783505 0.0 0.0957314779937 0.04 0.255102040816
韩国 0.0 0.359507535312 0.105263157895 0.312980785675 0.485936345594 0.577800739399 0.020618556701 0.0 0.0744914536831 0.4 0.0408163265306
技术 0.0 0.315965534022 0.105263157895 0.155613672974 0.992043954202 0.663053457501 0.0 0.0 0.092297900299 0.04 0.19387755102
发售 0.0 0.258708746311 0.105263157895 0.194550453712 0.91453725751 0.549502733631 0.020618556701 0.0 0.0619874658464 0.04 0.173469387755
提升 0.0 0.298389589206 0.105263157895 0.219970920279 0.964075117872 0.653572088823 0.0309278350515 0.0 0.350876595896 0.1 0.255102040816
之后 0.0 0.18349807706 0.105263157895 0.155425699129 0.97658504403 0.641765277509 0.0 0.0 0.0833554706989 0.04 0.163265306122
发布 0.0 0.286091685737 0.105263157895 0.00721723120901 0.929660893026 0.675229941168 0.0 0.0 0.09956345206 0.04 0.326530612245
采用 0.0 0.418426042786 0.105263157895 0.218988980813 0.947495949609 0.647624045541 0.0 0.0 0.117898878337 0.04 0.234693877551
iPhone+X 0.0 0.0 0.210526315789 0.0380618637986 0.912243858875 0.572579741144 0.855670103093 0.5 0.0 0.04 0.836734693878
新+iPhone 0.0 0.112382230358 0.315789473684 0.442576423008 0.911455205049 0.317446723579 0.0103092783505 0.5 0.0 0.2 0.0918367346939
十+周年 0.0 0.0708695471537 0.315789473684 0.50747589128 0.951300214523 0.290507096798 0.0 0.5 0.0272479533682 0.1 0.0714285714286
全面+屏 1.0 0.29233363362 0.315789473684 0.114821627764 0.91948604879 0.416414857174 0.0 0.5 0.141370663695 0.04 0.316326530612
原+深感 0.0 0.101849421439 0.315789473684 0.142892603605 0.936730646586 0.344789951109 0.0 0.5 0.0349356691507 0.2 0.0714285714286
面容+ID 1.0 0.0863594842962 0.263157894737 0.305809674149 0.877145574104 0.300518385709 0.0 0.5 0.0337623093709 0.1 0.0714285714286
款+手机 0.0 0.306073026988 0.315789473684 0.284188524365 0.959508262449 0.382563456567 0.0 0.5 0.731460306595 0.0 0.19387755102
基频+芯片 2.0 0.259858068249 0.473684210526 0.906896888995 0.145678276576 0.358601261709 0.0103092783505 0.5 0.126536908748 1.0 0.0102040816327
两+款 0.0 0.0696496917824 0.157894736842 0.244818359449 0.926208466569 0.310377661876 0.0 0.5 0.0 0.1 0.112244897959
屏+设计 0.0 0.0630150704667 0.315789473684 0.264585269296 0.760130062409 0.20878933155 0.0 0.5 0.212926634045 0.1 0.102040816327
指纹+识别 1.0 0.338411021586 0.473684210526 0.409105949943 0.911337276514 0.451921979159 0.0 0.5 0.290727529851 0.2 0.0918367346939
人脸+识别 3.0 0.0729535113721 0.473684210526 0.324440144607 0.515949835328 0.290293330795 0.0103092783505 0.5 0.202686517971 0.4 0.0612244897959
苹果+公司 0.0 0.225396625972 0.473684210526 0.265926791056 0.930533855846 0.312818776786 0.0103092783505 0.5 1.0 0.04 0.0918367346939
面部+识别 3.0 0.204382646168 0.473684210526 0.317058601354 0.98319567459 0.401143588441 0.0 0.5 0.259538216837 0.04 0.15306122449
OLED+屏幕 2.0 0.12907156966 0.368421052632 0.351567375287 0.894604140323 0.385264791219 0.0 0.5 0.252953618168 0.04 0.163265306122
Home+键 0.0 0.12650902981 0.210526315789 0.305323383664 0.920981737095 0.247332644154 0.0 0.5 0.0 0.4 0.0918367346939
TechWeb+报道 0.0 0.0632931558027 0.526315789474 0.289731957117 0.75932236402 0.0812702678424 0.0 0.5 0.0833909951965 0.2 0.122448979592
发货+时间 3.0 0.184955818249 0.473684210526 0.383942289473 0.803545265261 0.374178593133 0.020618556701 0.5 0.85812781242 0.1 0.173469387755
凯基+证券 1.0 0.12559313309 0.473684210526 0.358582726647 0.897026467509 0.158146328141 0.0 0.5 0.27193151803 0.1 0.15306122449
款+iPhone 0.0 0.0635367659388 0.315789473684 0.264107040115 0.888889477796 0.262751601073 0.0 0.5 0.0 0.04 0.204081632653
越狱+工具 0.0 0.21060119693 0.473684210526 1.0 0.0 0.266869732748 0.0 0.5 0.0811938186975 1.0 0.0
苹果+手机 0.0 0.132829295725 0.473684210526 0.380930170193 0.915562516874 0.392573510785 0.0 0.5 0.987392343103 0.1 0.0714285714286
iPhoneX+发售 1.0 0.0553796100106 0.526315789474 0.198082788643 0.907770008117 0.178898189039 0.0 0.5 0.0619874658464 0.04 0.0714285714286
1-2+周 0.0 0.0815506433551 0.157894736842 0.410020698615 0.731361608513 0.270469441408 0.0103092783505 0.5 0.0 0.1 0.132653061224
分析师+郭明池 1.0 0.077725338555 0.789473684211 0.425025319438 0.881677582831 0.214282110574 0.0 0.5 0.161717507008 1.0 0.0816326530612
三星+S9 2.0 0.0977225341852 0.263157894737 0.698821856388 0.36519607621 0.191121857654 0.0309278350515 0.5 0.139569026246 1.0 0.030612244898
高+达 0.0 0.0635367659388 0.157894736842 0.512062647744 0.933378007354 0.365820762433 0.020618556701 0.5 0.0 0.1 0.0612244897959
6.5+英寸 1.0 0.141942820489 0.315789473684 0.44610939642 0.826550664392 0.311049884626 0.020618556701 0.5 0.100817527368 0.4 0.0510204081633
iPhone8+系列 1.0 0.145065029617 0.526315789474 0.476063404747 0.858239568343 0.361440070146 0.0 0.5 0.076731958274 0.2 0.0612244897959
5.8+英寸 0.0 0.0481844885595 0.315789473684 0.504831347425 0.852124547007 0.22243332545 0.0 0.5 0.100817527368 0.4 0.0816326530612
OLED+屏 2.0 0.107448165931 0.210526315789 0.520685349541 0.850265235953 0.278325471911 0.0103092783505 0.5 0.0 0.04 0.19387755102
智能+手机 0.0 0.121701831229 0.473684210526 0.303999452018 0.896967977141 0.41741195117 0.0103092783505 0.5 0.739490040345 0.0 0.112244897959
苹果+官方 0.0 0.0729535113721 0.473684210526 0.438698033966 0.863437485004 0.203458696847 0.0103092783505 0.5 0.930860260786 0.1 0.0510204081633
款+新 0.0 0.0629549135572 0.157894736842 0.391490857814 0.909496062382 0.248097914755 0.0 0.5 0.0 0.1 0.0918367346939
下一代+iPhone 2.0 0.0977225341852 0.631578947368 0.720424431785 0.703637001523 0.297226085293 0.0103092783505 0.5 0.0502302428159 0.4 0.0408163265306
黑色+星期五 3.0 0.0553796100106 0.631578947368 0.539417460886 0.748151058855 0.217272269412 0.0 0.5 0.122667095633 0.2 0.0714285714286
无线+充电 1.0 0.122036613548 0.473684210526 0.459450214602 0.922963029809 0.335161072266 0.0 0.5 0.0745452701775 0.2 0.0918367346939
部+iPhoneX 0.0 0.0729535113721 0.368421052632 0.419341910132 0.688286772182 0.269040581031 0.0 0.5 0.0 0.4 0.0510204081633
版+iPhoneX 0.0 0.0961480714098 0.368421052632 0.399176512162 0.84785435661 0.324494310071 0.0 0.5 0.0 0.1 0.0714285714286
两+倍 0.0 0.0558750325508 0.157894736842 0.390517600528 0.577140088858 0.208813258063 0.0103092783505 0.5 0.0 0.4 0.0918367346939
长+焦 0.0 0.136778055243 0.157894736842 0.45375180989 0.73399465556 0.189457200803 0.0 0.5 0.0 0.4 0.0204081632653
焦+镜头 0.0 0.136778055243 0.315789473684 0.45375180989 0.73399465556 0.192981852506 0.0 0.5 0.0952522844139 0.4 0.0204081632653
30+分钟 0.0 0.187982502316 0.263157894737 0.701157489892 0.437034829728 0.206365770899 0.0 0.5 0.225375304671 1.0 0.0102040816327
第四+季度 0.0 0.090200838651 0.473684210526 0.330721065225 0.7349026993 0.287770364857 0.0 0.5 0.327679995181 0.2 0.0510204081633
苹果+iPhoneX 0.0 0.141942820489 0.526315789474 0.565432330909 0.855472382606 0.314091759034 0.0 0.5 0.915559388907 0.2 0.0510204081633
使用+周期 3.0 0.115296435547 0.473684210526 0.821630817689 0.161017713608 0.179206468092 0.0 0.5 0.456530113734 1.0 0.0204081632653
测试+完成 0.0 0.26698682572 0.473684210526 1.0 0.0 0.0 0.0 0.5 0.220105701465 1.0 0.0
制造+成本 3.0 0.255516370668 0.473684210526 0.813323658774 0.402948298142 0.310178429534 0.020618556701 0.5 0.973972183953 1.0 0.030612244898
全面+屏+设计 2.0 0.0630150704667 0.684210526316 0.264585269296 0.760130062409 0.215807000595 0.0 1.0 0.35429729774 0.1 0.102040816327
iPhone8+和+iPhone8Plus 2.0 0.136778055243 1.0 0.643943094385 0.643350394579 0.186842052426 0.0 1.0 0.0 0.4 0.0204081632653
长+焦+镜头 2.0 0.136778055243 0.526315789474 0.45375180989 0.73399465556 0.189457200803 0.0 1.0 0.0952522844139 0.4 0.0204081632653
