一贯 0.0 0.143081864498 0.0909090909091 0.340388564695 0.755176980842 0.261921676863 0.0 0.0 0.00489359202405 0.375 0.216494845361
希望 0.0 0.264230971779 0.0909090909091 0.261872756557 0.892806089907 0.631060962107 0.0 0.0 0.0258866080607 0.166666666667 0.618556701031
明确 0.0 0.189805543771 0.0909090909091 0.49186128151 0.800902481897 0.425017373955 0.0 0.0 0.00830594448728 0.166666666667 0.309278350515
集团 0.0 0.310157249805 0.0909090909091 0.297052747957 0.895643449427 0.612690537686 0.0 0.0 0.0134660178311 0.375 0.123711340206
去年 0.0 0.213169221668 0.0909090909091 0.317330504671 0.942514973935 0.581010395461 0.0 0.0 0.00950723277835 0.166666666667 0.175257731959
回暖 1.0 0.211710727679 0.0909090909091 0.284909276482 0.925759170386 0.388365511113 0.089552238806 0.0 0.0083586838899 0.0625 0.123711340206
10月 0.0 0.338904547259 0.0454545454545 0.149044262072 0.948508838206 0.615295741363 0.0 0.0 0.0440445054297 0.0 0.505154639175
韩联社 0.0 0.248121131164 0.227272727273 0.154823798442 0.973122544291 0.511102352951 0.0 0.0 0.0151280805571 0.0625 0.443298969072
国际 0.0 0.387423098882 0.0909090909091 0.2537331989 0.95832830292 0.676570623552 0.0 0.0 0.0282747667931 0.0625 0.226804123711
汽车 0.0 0.56516138759 0.0909090909091 0.251635635871 0.790190541424 0.719904245078 0.0 0.0 0.0188204533015 0.375 0.0515463917526
外交 1.0 0.31307244136 0.0909090909091 0.344088281861 0.880928140147 0.669087873885 0.0149253731343 0.0 0.0168980109842 0.0 0.835051546392
轨道 0.0 0.26074559772 0.0909090909091 0.518405472867 0.740701455491 0.307520398071 0.0 0.0 0.0155803312153 0.166666666667 0.360824742268
国内 0.0 0.213169221668 0.0909090909091 0.180709726841 0.957745731005 0.609064338041 0.0 0.0 0.0168367977528 0.166666666667 0.185567010309
消息 0.0 0.274865788304 0.0909090909091 0.192526789337 0.953024415654 0.627347107598 0.0149253731343 0.0 0.0156420077931 0.0 0.546391752577
表明 0.0 0.203245579374 0.0909090909091 0.652896757914 0.617423389164 0.315721600379 0.0 0.0 0.00589638836543 0.166666666667 0.134020618557
合作 0.0 0.571828857164 0.0909090909091 0.375842418671 0.840379896246 0.661500699575 0.0298507462687 0.0 0.0523701293755 0.0625 0.546391752577
同盟 0.0 0.212143960335 0.0909090909091 0.466049037616 0.775776821268 0.37727649424 0.0 0.0 0.0110428152881 0.375 0.340206185567
承诺 0.0 0.268743070752 0.0909090909091 0.407291301345 0.80455738004 0.538159587013 0.044776119403 0.0 0.00971822876804 0.375 0.216494845361
商定 0.0 0.154071952928 0.0909090909091 0.659127491959 0.617189311979 0.220848745069 0.0597014925373 0.0 0.00575380320197 1.0 0.19587628866
体系 0.0 0.209050327192 0.0909090909091 0.418326941625 0.739097939093 0.404659446206 0.044776119403 0.0 0.0114309605564 0.375 0.381443298969
落到实处 0.0 0.185343775957 0.363636363636 0.430695147695 0.6256474478 0.234546023651 0.0149253731343 0.0 0.00552731711456 0.375 0.134020618557
关系 0.0 0.424979646977 0.0909090909091 0.214412748768 0.949939383315 0.696906385429 0.477611940299 0.0 0.0918465249025 0.0625 0.824742268041
解决 0.0 0.311113164501 0.0909090909091 0.263382378405 0.877452529668 0.59297792706 0.0149253731343 0.0 0.0180793763909 0.166666666667 0.432989690722
努力 0.0 0.224134883197 0.0909090909091 0.3755984833 0.86990056447 0.544874422023 0.0 0.0 0.0103497186212 0.166666666667 0.329896907216
导弹 0.0 0.297780357339 0.0909090909091 0.161032363226 0.932992241713 0.592257727726 0.0 0.0 0.0113436098616 0.166666666667 0.237113402062
积极 0.0 0.260512847914 0.0909090909091 0.38445779426 0.81948361669 0.634089974393 0.0149253731343 0.0 0.00770847647451 0.166666666667 0.175257731959
已经 0.0 0.255024724368 0.0909090909091 0.0942164058284 0.983235405837 0.733546919512 0.0 0.0 0.00996417935143 0.0625 0.329896907216
24日 0.0 0.298709421306 0.0454545454545 0.348744000886 0.819286673732 0.499765788432 0.0 0.0 0.00460970211663 0.375 0.0412371134021
损失 0.0 0.300197649332 0.0909090909091 0.306045851327 0.899763065281 0.567670795898 0.0 0.0 0.0130653468327 0.375 0.103092783505
乐天 0.0 0.780177762335 0.0909090909091 0.420068223072 0.713268406498 0.728630040933 0.0298507462687 0.0 0.0287937352296 0.375 0.0927835051546
影响 2.0 0.352966591542 0.0909090909091 0.184072324305 0.983840258999 0.670179508219 0.0597014925373 0.0 0.0350781353588 0.0625 0.319587628866
萨德 0.0 0.0 0.0909090909091 0.0864026913321 0.954972146114 0.599991673702 1.0 0.0 0.109490606671 0.0 1.0
减少 0.0 0.327846077413 0.0909090909091 0.194059472824 0.916320677669 0.61473623556 0.0 0.0 0.0233804926446 0.166666666667 0.226804123711
正在 0.0 0.220986646543 0.0909090909091 0.120343548314 0.971365625072 0.631329641475 0.0 0.0 0.00892297426516 0.0625 0.185567010309
旅行社 0.0 0.230849696759 0.227272727273 0.677214834178 0.8294760828 0.582229165465 0.0 0.0 0.00962913224284 0.375 0.0824742268041
酒店 0.0 0.922388213635 0.0909090909091 0.386433301369 0.694746365775 0.616497042654 0.0298507462687 0.0 0.23544255759 0.375 0.0515463917526
游客 1.0 1.0 0.0909090909091 0.436956334373 0.909738647385 0.662814347979 0.089552238806 0.0 0.0833869061305 0.166666666667 0.175257731959
标题 0.0 0.1373649582 0.0909090909091 0.0988489084615 0.936431716734 0.196361151801 0.0 0.0 0.00408009700763 0.0625 0.268041237113
外长 1.0 0.461029041034 0.0909090909091 0.402707374265 0.847643858694 0.600037227173 0.208955223881 0.0 0.0244881352458 0.375 0.381443298969
是否 0.0 0.198495195932 0.0909090909091 0.132491525652 0.8464047101 0.599078812661 0.0149253731343 0.0 0.00810303580318 0.0625 0.19587628866
编辑 0.0 0.139445207874 0.0909090909091 0.0311132794751 0.931738308136 0.237394314803 0.0 0.0 0.00688756219343 0.166666666667 0.288659793814
同意 0.0 0.202561779519 0.0909090909091 0.501573124923 0.74878466825 0.415526741102 0.0149253731343 0.0 0.0110108215421 0.0625 0.288659793814
地区 0.0 0.33157367388 0.0909090909091 0.136087610638 0.909846534271 0.63791136945 0.0 0.0 0.0116988101826 0.166666666667 0.216494845361
青瓦台 0.0 0.239504004838 0.227272727273 0.441376497116 0.851544913584 0.57688396138 0.0 0.0 0.00663532412002 0.375 0.123711340206
30日 0.0 0.317557364639 0.0454545454545 0.352462689931 0.841695326562 0.52936979374 0.0 0.0 0.0102756565513 0.375 0.237113402062
经济 0.0 0.464558079319 0.0909090909091 0.158694382924 0.98720114527 0.76717308879 0.0298507462687 0.0 0.0305855617191 0.0 0.40206185567
推动 0.0 0.375066004529 0.0909090909091 0.374128349738 0.853682785684 0.517652695413 0.044776119403 0.0 0.0257928109184 0.166666666667 0.515463917526
恢复 0.0 0.158274390296 0.0909090909091 0.248893387583 0.950684817401 0.625226227975 0.0149253731343 0.0 0.00476631753029 0.166666666667 0.226804123711
当天 0.0 0.177987755124 0.0909090909091 0.150270295708 0.956091455436 0.563181310987 0.0 0.0 0.00646426828167 0.166666666667 0.216494845361
目前 0.0 0.22519713933 0.0909090909091 0.108757957478 0.973382751679 0.665862396488 0.0 0.0 0.0110108357847 0.0625 0.443298969072
产品 0.0 0.292754596461 0.0909090909091 0.366954416346 0.948443900097 0.609943790319 0.0149253731343 0.0 0.0177888259433 0.166666666667 0.134020618557
国会 0.0 0.198495195932 0.0909090909091 0.465254506429 0.774256180919 0.388717207068 0.0 0.0 0.00707391854258 0.375 0.19587628866
战略 0.0 0.355487795871 0.0909090909091 0.344363061808 0.844714178062 0.540119672823 0.0 0.0 0.0215033791498 0.0625 0.463917525773
加强 0.0 0.263087631349 0.0909090909091 0.525384273969 0.72555675667 0.468590070925 0.0 0.0 0.0119232774334 0.0625 0.298969072165
共同 0.0 0.492552447682 0.0909090909091 0.468373936794 0.80256416755 0.547740538584 0.0298507462687 0.0 0.0274740773195 0.166666666667 0.412371134021
双边 0.0 0.327447638959 0.0909090909091 0.420617995578 0.861063737989 0.540497054916 0.044776119403 0.0 0.0151150159647 0.0625 0.350515463918
出现 0.0 0.275724248878 0.0909090909091 0.206463260028 0.97801955051 0.611232924142 0.0298507462687 0.0 0.0172367695186 0.0625 0.216494845361
北京 0.0 0.262326444918 0.0909090909091 0.227214490712 0.939219459146 0.620044406328 0.0 0.0 0.00813405074323 0.166666666667 0.278350515464
举行 0.0 0.355721586444 0.0909090909091 0.201750991842 0.968894812413 0.677628926794 0.0 0.0 0.016023221994 0.166666666667 0.360824742268
包括 0.0 0.154071952928 0.0909090909091 0.1954627812 0.935731410396 0.522422956022 0.0 0.0 0.00527114794117 0.0625 0.19587628866
实现 0.0 0.198772923646 0.0909090909091 0.597329472716 0.700161712399 0.507427190828 0.0 0.0 0.00680644537297 0.375 0.20618556701
成为 0.0 0.26695510796 0.0909090909091 0.196011997373 0.956684666625 0.646881961843 0.0 0.0 0.01008992325 0.0625 0.257731958763
现代 0.0 0.281843560038 0.0909090909091 0.402265538075 0.717329033326 0.521145294724 0.0 0.0 0.0100135194666 1.0 0.0618556701031
此前 0.0 0.197983484047 0.0909090909091 0.283778250185 0.917011310153 0.565942714598 0.0149253731343 0.0 0.0386353775128 0.0625 0.268041237113
回到 0.0 0.236605809344 0.0909090909091 0.560331228578 0.738546535862 0.165622838227 0.0 0.0 0.0159768231407 0.166666666667 0.319587628866
活动 0.0 0.323447924687 0.0909090909091 0.262193337681 1.0 0.668457331504 0.0 0.0 0.0148108384404 0.166666666667 0.175257731959
重视 0.0 0.185578933083 0.0909090909091 0.344396602221 0.818034908132 0.452857513803 0.0149253731343 0.0 0.0109408444123 0.0625 0.412371134021
反导 0.0 0.123646069369 0.0909090909091 0.203878262824 0.917163908212 0.367855574451 0.0298507462687 0.0 0.0140975959656 0.0 0.690721649485
反对 0.0 0.22519713933 0.0909090909091 0.246431466529 0.887009649375 0.476033886321 0.044776119403 0.0 0.0108015871234 0.166666666667 0.443298969072
贸易 0.0 0.193181876239 0.0909090909091 0.259257640767 0.920457075229 0.582401996648 0.0149253731343 0.0 0.00597423481927 0.0625 0.134020618557
31日 0.0 0.275617951816 0.0454545454545 0.478526484805 0.800153340312 0.534382548245 0.0 0.0 0.0126113185072 0.166666666667 0.329896907216
责任 0.0 0.156177546679 0.0909090909091 0.0217206439803 0.934428124515 0.393378702497 0.0 0.0 0.00688408703525 0.166666666667 0.278350515464
美元 0.0 0.426993004166 0.0909090909091 0.189079642544 0.891336256222 0.680373720708 0.0 0.0 0.0739077302882 0.0625 0.185567010309
中方 0.0 0.321660181557 0.0909090909091 0.203789633247 0.924039279553 0.757735707084 0.253731343284 0.0 0.0641974587116 0.0 0.79381443299
首尔 0.0 0.392847033977 0.0909090909091 0.0739684104811 0.962147676547 0.655020359444 0.0149253731343 0.0 0.0918483660206 0.0 0.20618556701
11月 0.0 0.303606572011 0.0454545454545 0.260457608955 0.936520484075 0.636002628177 0.0 0.0 0.0156517131214 0.166666666667 0.278350515464
未来 0.0 0.172588900954 0.0909090909091 0.20229381399 0.910277617213 0.519802755633 0.0 0.0 0.0192511468871 0.0625 0.164948453608
访问 0.0 0.248000087917 0.0909090909091 0.257889074534 0.948616151022 0.597348587672 0.0 0.0 0.00803508629848 0.166666666667 0.144329896907
客房 0.0 0.456977428351 0.0909090909091 0.942795649296 0.193851315452 0.336829099853 0.0 0.0 0.0958431115013 0.375 0.0
今年 0.0 0.405857856177 0.0909090909091 0.133844529303 0.995722216295 0.717121882702 0.0 0.0 0.0325835976783 0.0625 0.319587628866
韩元 0.0 0.230359716295 0.0909090909091 0.142783924261 0.844739904727 0.577619455514 0.0 0.0 0.009899379535 0.166666666667 0.113402061856
渠道 0.0 0.201667624327 0.0909090909091 0.444558406079 0.77367981579 0.285530437604 0.0597014925373 0.0 0.0101656318292 0.166666666667 0.298969072165
期待 0.0 0.294329863097 0.0909090909091 0.383805159522 0.923851754316 0.624604975177 0.044776119403 0.0 0.00965590082947 0.166666666667 0.164948453608
元首 0.0 0.350576834855 0.0909090909091 0.527214221032 0.720567091466 0.448601251534 0.0 0.0 0.00608205825738 0.375 0.0412371134021
会议 0.0 0.278357659698 0.0909090909091 0.296826765077 0.862430391269 0.569855312785 0.0 0.0 0.00670869358818 0.0625 0.113402061856
政府 0.0 0.392476028441 0.0909090909091 0.188960637373 0.950884527615 0.722907564467 0.0298507462687 0.0 0.0231666812528 0.0 0.577319587629
媒体 0.0 0.242918438937 0.0909090909091 0.131376377439 0.945944456212 0.605490663844 0.0 0.0 0.0132755101888 0.0625 0.19587628866
重要 0.0 0.247799536376 0.0909090909091 0.156315928609 0.907604934242 0.614839977487 0.0 0.0 0.00731034400106 0.375 0.226804123711
报道 0.0 0.440114810706 0.0909090909091 0.069933941033 0.983643943626 0.658250999013 0.0 0.0 0.0551600911641 0.0 0.670103092784
处理 0.0 0.35431497623 0.0909090909091 0.421026028944 0.765055563325 0.478131449781 0.0597014925373 0.0 0.0209609326508 0.375 0.432989690722
发展 0.0 0.452054027468 0.0909090909091 0.288415977373 0.888992942327 0.651311343414 0.0298507462687 0.0 0.0497893622808 0.0625 0.670103092784
中国 0.0 0.392629040251 0.0909090909091 0.145509408451 0.965726163605 0.985208096281 0.34328358209 0.0 0.131486104956 0.0 0.876288659794
公司 0.0 0.394390791749 0.0909090909091 0.318513341925 0.891546609122 0.760608731145 0.0 0.0 0.0172206878601 0.0625 0.154639175258
进行 0.0 0.305846393581 0.0909090909091 0.185915842987 0.939456214587 0.712713433556 0.119402985075 0.0 0.0293559240697 0.0 0.680412371134
美军 1.0 0.252391973841 0.0909090909091 0.166966995147 0.704025921701 0.432288668653 0.0298507462687 0.0 0.00896284994483 0.375 0.0824742268041
回应 0.0 0.17911831354 0.0909090909091 0.187537364991 0.869428162917 0.518953209605 0.119402985075 0.0 0.00594928850328 0.166666666667 0.237113402062
能够 0.0 0.172588900954 0.0909090909091 0.242378310146 0.903305661509 0.58688910387 0.0 0.0 0.00462466197478 0.375 0.164948453608
高度 0.0 0.205754462689 0.0909090909091 0.520370459522 0.762549487694 0.502477639321 0.0149253731343 0.0 0.00793733513976 0.166666666667 0.226804123711
相关 0.0 0.288595912326 0.0909090909091 0.136655195548 0.946708459479 0.675651881061 0.0149253731343 0.0 0.0256906954511 0.0 0.453608247423
迎来 0.0 0.221178424931 0.0909090909091 0.275815341203 0.9027194945 0.486487667715 0.044776119403 0.0 0.0136057041182 0.0625 0.175257731959
再次 0.0 0.191584993634 0.0909090909091 0.400038556381 0.817941710971 0.439937404947 0.0149253731343 0.0 0.00553370225894 0.375 0.20618556701
变化 0.0 0.2133029436 0.0909090909091 0.404008469194 0.757395186987 0.390522503181 0.044776119403 0.0 0.0071062266931 0.375 0.19587628866
改善 0.0 0.33241886934 0.0909090909091 0.295568464358 0.907769947152 0.562648637013 0.0597014925373 0.0 0.0150868503065 0.375 0.340206185567
康京 1.0 0.548478215495 0.0909090909091 0.438727791659 0.838801766102 0.531453124701 0.0 0.0 0.0253660400024 0.375 0.329896907216
提出 0.0 0.212606577176 0.0909090909091 0.228646548301 0.944622520896 0.569913405179 0.0 0.0 0.00671945592837 0.166666666667 0.144329896907
时间 0.0 0.172525977773 0.0909090909091 0.104168894797 0.950074098214 0.490806926973 0.0 0.0 0.00596212552682 0.0625 0.237113402062
军事 0.0 0.208999791324 0.0909090909091 0.427423031967 0.78716500144 0.425234338817 0.0 0.0 0.0139079868727 0.375 0.432989690722
市场 0.0 0.347048578477 0.0909090909091 0.191892599988 0.913903308729 0.694551695489 0.0 0.0 0.0207638785092 0.166666666667 0.175257731959
利益 0.0 0.356580175978 0.0909090909091 0.366937775374 0.841865470141 0.471687928237 0.044776119403 0.0 0.024931847597 0.0625 0.494845360825
交流 0.0 0.41260214201 0.0909090909091 0.486419735587 0.789854139645 0.467992819573 0.0298507462687 0.0 0.052831809849 0.0625 0.350515463918
表态 0.0 0.263087631349 0.0909090909091 0.366997820264 0.800275896123 0.491559012833 0.0298507462687 0.0 0.0119220214831 0.166666666667 0.298969072165
表示 0.0 0.14831832665 0.0909090909091 0.126241895054 0.957674576935 0.764262175698 0.0149253731343 0.0 0.040057684951 0.0 0.876288659794
引发 0.0 0.162833273584 0.0909090909091 0.201718353775 0.958589573631 0.519504919439 0.0 0.0 0.0192047186428 0.166666666667 0.20618556701
会谈 0.0 0.493517873444 0.0909090909091 0.410431693959 0.893196524721 0.622776197892 0.0298507462687 0.0 0.0178659202096 0.166666666667 0.247422680412
矛盾 0.0 0.294973125404 0.0909090909091 0.207946327681 0.980103505946 0.524810725945 0.0597014925373 0.0 0.0138989281932 0.0 0.268041237113
伙伴 0.0 0.155645343572 0.0909090909091 0.658429717738 0.665165775069 0.283307521866 0.0 0.0 0.00569505766077 0.166666666667 0.20618556701
美国 0.0 0.19183991588 0.0909090909091 0.173563900808 0.957700023007 0.69431092032 0.0 0.0 0.0207651478169 0.0625 0.721649484536
朝鲜 0.0 0.298805419458 0.0909090909091 0.342817685934 0.821674950668 0.622791696255 0.0149253731343 0.0 0.0142538019187 0.375 0.39175257732
继续 0.0 0.214616968248 0.0909090909091 0.278428361718 0.855681334996 0.548821850335 0.0149253731343 0.0 0.0359090473793 0.0625 0.412371134021
之间 0.0 0.235793488091 0.0909090909091 0.372586972503 0.834988488314 0.517779894176 0.0 0.0 0.00734079083123 0.166666666667 0.257731958763
日报 0.0 0.268743070752 0.0909090909091 0.36417852934 0.971231834264 0.31343329025 0.0 0.0 0.00705936831303 0.166666666667 0.247422680412
安全 0.0 0.298197206125 0.0909090909091 0.281783533135 0.88904117264 0.540695353427 0.0149253731343 0.0 0.0284830710504 0.166666666667 0.628865979381
双方 0.0 0.702830851083 0.0909090909091 0.345341353945 0.888717957204 0.692195322034 0.0597014925373 0.0 0.0587988983298 0.0625 0.587628865979
记者会 1.0 0.145183078024 0.227272727273 0.337402552201 0.832214496013 0.300246741706 0.0 0.0 0.00612076424699 0.0625 0.288659793814
注意 0.0 0.173977117351 0.0909090909091 0.659239202271 0.637423468449 0.295092242061 0.0 0.0 0.00534938780033 0.166666666667 0.175257731959
投资 0.0 0.370874497789 0.0909090909091 0.318591728062 0.887403527408 0.647871860587 0.0149253731343 0.0 0.0230266845764 0.0625 0.0927835051546
局势 0.0 0.204554091448 0.0909090909091 0.299235698497 0.881021529354 0.583096241791 0.0149253731343 0.0 0.00502645083501 0.375 0.154639175258
新闻 0.0 0.186637403665 0.0909090909091 0.269237849938 0.927688920147 0.576266261857 0.0 0.0 0.0113262050857 0.166666666667 0.216494845361
问题 0.0 0.287035301591 0.0909090909091 0.148240755137 0.942320886407 0.661384324205 0.402985074627 0.0 0.0882097843808 0.0 0.865979381443
和平 0.0 0.212079992373 0.0909090909091 0.623425494192 0.658508645707 0.457501384904 0.0149253731343 0.0 0.0083987687012 0.375 0.247422680412
关注 0.0 0.18882102924 0.0909090909091 0.229716987934 0.971270270599 0.594467431275 0.0 0.0 0.00395637446278 0.166666666667 0.164948453608
半岛 0.0 0.333842737507 0.0909090909091 0.331393219884 0.833653031224 0.550194212778 0.0149253731343 0.0 0.0167306879165 0.166666666667 0.39175257732
接受 0.0 0.182837321057 0.0909090909091 0.138756961165 0.820666220124 0.452163734596 0.0 0.0 0.00437359482233 0.166666666667 0.185567010309
基础 0.0 0.212196481083 0.0909090909091 0.363326365693 0.824890243984 0.556887860251 0.0 0.0 0.00539740449036 0.375 0.134020618557
期间 0.0 0.269981670668 0.0909090909091 0.390012290474 0.922440117408 0.57572051659 0.0 0.0 0.00549656230781 0.166666666667 0.164948453608
系统 0.0 0.0992084596275 0.0909090909091 0.1246462862 0.947694534208 0.518078546664 0.0597014925373 0.0 0.0319901536375 0.0 0.886597938144
访华 0.0 0.22861651164 0.0909090909091 0.473607346454 0.830785161869 0.538391977317 0.044776119403 0.0 0.00773746286933 0.166666666667 0.185567010309
完成 0.0 0.26489326443 0.0909090909091 0.0220343359162 0.802482669916 0.540919366313 0.0149253731343 0.0 0.00895148089418 0.375 0.0721649484536
立场 0.0 0.316741246254 0.0909090909091 0.33470257033 0.851954495327 0.504532085565 0.0597014925373 0.0 0.0291151046315 0.166666666667 0.577319587629
追加 0.0 0.203767780889 0.0909090909091 0.435912064615 0.798323369322 0.255254860608 0.0597014925373 0.0 0.0126627029935 0.375 0.422680412371
海外 0.0 0.313779803843 0.0909090909091 0.125921778007 0.962763411919 0.530835155962 0.0 0.0 0.0120009913133 0.0625 0.216494845361
韩媒 0.0 0.35668102113 0.0909090909091 0.157244264039 0.96005166052 0.516930361466 0.313432835821 0.0 0.0182592303697 0.0 0.288659793814
续签 0.0 0.466616056269 0.0909090909091 0.507982841148 0.600287498945 0.567021960742 0.044776119403 0.0 0.201926672215 0.166666666667 0.0515463917526
协议 0.0 0.844523132597 0.0909090909091 0.262655195401 0.934533735601 0.629806842833 0.0746268656716 0.0 0.45234128416 0.0625 0.144329896907
上述 0.0 0.168879700595 0.0909090909091 0.376703995182 0.732960498719 0.355877493911 0.0 0.0 0.00579713891968 0.166666666667 0.19587628866
领导人 0.0 0.290514097707 0.227272727273 0.497235360408 0.838757839979 0.533368333739 0.0 0.0 0.00781518155003 0.166666666667 0.144329896907
计划 0.0 0.205726916349 0.0909090909091 0.279840722236 0.96562479384 0.649601408073 0.0 0.0 0.010550262045 0.166666666667 0.185567010309
发言人 1.0 0.157943104735 0.227272727273 0.214103967604 0.901101957827 0.438688402788 0.0 0.0 0.00858560999105 0.0 0.432989690722
互换 0.0 0.56475499152 0.0909090909091 0.425332982205 0.854975453832 0.421731387204 0.0597014925373 0.0 0.26224520738 0.166666666667 0.0824742268041
符合 0.0 0.259940481014 0.0909090909091 0.61551489539 0.687371740307 0.336155973102 0.0298507462687 0.0 0.0114835744107 0.166666666667 0.288659793814
正常 0.0 0.238712896027 0.0909090909091 0.620540995303 0.691510846906 0.165259597797 0.0 0.0 0.0163887103812 0.166666666667 0.340206185567
指出 0.0 0.159947725766 0.0909090909091 0.237615816268 0.903534514824 0.510241221008 0.0 0.0 0.00530121622917 0.166666666667 0.185567010309
沟通 0.0 0.450002430499 0.0909090909091 0.436101200928 0.832298899816 0.583377288624 0.179104477612 0.0 0.0312621298576 0.166666666667 0.484536082474
达成 0.0 0.291884403856 0.0909090909091 0.361547397196 0.82264581599 0.52511486453 0.0149253731343 0.0 0.0236810046556 0.0625 0.257731958763
货币 0.0 0.603174688817 0.0909090909091 0.397975682097 0.862045972629 0.469594897158 0.0597014925373 0.0 0.28541350846 0.166666666667 0.0927835051546
9月 0.0 0.291812249984 0.0 0.110268920691 0.948001229588 0.653609643657 0.0 0.0 0.0170604350457 0.0625 0.278350515464
例行 0.0 0.139445207874 0.0909090909091 0.270518414758 0.857493014147 0.31972518247 0.0 0.0 0.00561442468392 0.0625 0.288659793814
同比 0.0 0.261676075366 0.0909090909091 0.217795895516 0.763933839291 0.501228979291 0.0 0.0 0.0123111458178 0.166666666667 0.0927835051546
韩方 0.0 0.434744155748 0.0909090909091 0.382731228784 0.857514249319 0.708785552397 0.0746268656716 0.0 0.0470931039084 0.0625 0.639175257732
进入 0.0 0.205726916349 0.0909090909091 0.198768587611 0.945115929242 0.556862595534 0.0 0.0 0.00789833016943 0.166666666667 0.185567010309
情况 0.0 0.233278745776 0.0909090909091 0.133283328447 0.962942437927 0.606086144674 0.0 0.0 0.00785026609294 0.0625 0.309278350515
人士 0.0 0.264818678505 0.0909090909091 0.1827077393 0.955714639601 0.55772183717 0.0 0.0 0.0138206474138 0.166666666667 0.237113402062
损害 0.0 0.208689962611 0.0909090909091 0.449636993621 0.735103581918 0.307644023431 0.0149253731343 0.0 0.0101425879146 0.166666666667 0.329896907216
防御 0.0 0.264544924197 0.0909090909091 0.132225230609 0.87850846489 0.427232456217 0.0 0.0 0.00548888499495 0.375 0.144329896907
妥善 0.0 0.25194179647 0.0909090909091 0.489018415056 0.772395392009 0.379991951599 0.0298507462687 0.0 0.0167713849232 0.375 0.443298969072
健康 0.0 0.154071952928 0.0909090909091 0.443970721986 0.824530645729 0.271504593995 0.0 0.0 0.0122060092072 0.166666666667 0.19587628866
企业 0.0 0.42901635643 0.0909090909091 0.33845839804 0.916017890498 0.669792404747 0.0149253731343 0.0 0.0187109654197 0.0625 0.154639175258
加入 0.0 0.167040869458 0.0909090909091 0.385061665097 0.787012489627 0.253176706264 0.0149253731343 0.0 0.00904640715062 0.375 0.340206185567
决定 0.0 0.225264663906 0.0909090909091 0.124663990444 0.962715059755 0.60158620481 0.0 0.0 0.00926435468724 0.0 0.247422680412
27日 0.0 0.298709421306 0.0454545454545 0.565667547523 0.758929223995 0.530540385381 0.0 0.0 0.00494207138554 0.375 0.0412371134021
部门 0.0 0.16025009886 0.0909090909091 0.556903947615 0.699414384911 0.32560203901 0.0 0.0 0.00659311485311 0.375 0.247422680412
讨论 0.0 0.158243348157 0.0909090909091 0.151327031879 0.854726227207 0.500628738696 0.0 0.0 0.00366307328029 0.166666666667 0.175257731959
锐减 0.0 0.281843560038 0.0909090909091 0.474053777057 0.714566834489 0.375385753361 0.0 0.0 0.0498099385596 0.375 0.0515463917526
要求 0.0 0.306247666544 0.0909090909091 0.253502006239 0.835422744919 0.566836604105 0.0298507462687 0.0 0.00571459369345 0.375 0.0824742268041
领域 0.0 0.237490112873 0.0909090909091 0.39224046826 0.834005527502 0.408510439415 0.0 0.0 0.02206495282 0.0625 0.39175257732
考虑 0.0 0.243550576418 0.0909090909091 0.251877022976 0.897030122309 0.473764052798 0.044776119403 0.0 0.0106130723272 0.166666666667 0.371134020619
记者 0.0 0.19901120505 0.0909090909091 0.0818740470079 0.910036440749 0.655443315861 0.0 0.0 0.00750564504779 0.0625 0.525773195876
方面 0.0 0.215591789093 0.0909090909091 0.187356803199 0.949726409142 0.647959220221 0.0 0.0 0.0100959760896 0.0625 0.412371134021
需要 0.0 0.173977117351 0.0909090909091 0.339331638242 0.821740204039 0.625636660028 0.0 0.0 0.0040763315454 0.166666666667 0.175257731959
22日 0.0 0.179417933702 0.0454545454545 0.12258824591 0.777642586797 0.512385029484 0.0 0.0 0.00621636951343 0.166666666667 0.154639175258
共识 0.0 0.302445927239 0.0909090909091 0.479244224516 0.732084105105 0.495800539517 0.0298507462687 0.0 0.00928060017485 1.0 0.164948453608
旅游 2.0 0.424792519237 0.0909090909091 0.473428073432 0.841273777356 0.642760695455 0.0149253731343 0.0 0.032722670637 0.166666666667 0.144329896907
文化 0.0 0.30220476794 0.0909090909091 0.304471546341 0.841227253101 0.555882252095 0.0149253731343 0.0 0.063815855644 0.166666666667 0.0618556701031
部长 0.0 0.192167220274 0.0909090909091 0.495250410342 0.785402755187 0.470464715719 0.0 0.0 0.00696765397339 0.375 0.371134020619
国家 0.0 0.400719390649 0.0909090909091 0.358016836031 0.824916108586 0.628556515834 0.0149253731343 0.0 0.0195695083872 0.166666666667 0.371134020619
关切 0.0 0.351746403405 0.0909090909091 0.410217604348 0.754866504772 0.406892028299 0.0 0.0 0.0137406566844 0.166666666667 0.288659793814
韩国 0.0 0.297585843014 0.0909090909091 0.108546849467 0.963563321506 1.0 0.328358208955 0.0 0.189358679523 0.0 0.938144329897
全球 0.0 0.242424965823 0.0909090909091 0.128027169603 0.88405673702 0.626324952435 0.0 0.0 0.00844551810783 0.375 0.0824742268041
网站 0.0 0.247799536376 0.0909090909091 0.266055963918 0.934110840766 0.536419935986 0.0 0.0 0.00947966163438 0.0625 0.216494845361
会晤 0.0 0.261676075366 0.0909090909091 0.49890912684 0.798697186089 0.573214184732 0.0 0.0 0.0105101158521 0.166666666667 0.0927835051546
7月 0.0 0.205912467625 0.0 0.273460306015 0.952404149987 0.525171163799 0.0 0.0 0.0163894268161 0.0625 0.216494845361
总统 0.0 0.321231832761 0.0909090909091 0.210088073979 0.933262447554 0.614070557011 0.044776119403 0.0 0.0128819148187 0.0625 0.340206185567
外交部 1.0 0.275737835941 0.227272727273 0.254265056158 0.901035343934 0.657072033918 0.134328358209 0.0 0.0301282289257 0.0 0.670103092784
参考 0.0 0.186637403665 0.0909090909091 0.192024240846 0.933548275376 0.386022482045 0.0149253731343 0.0 0.0148827535822 0.0625 0.144329896907
重申 0.0 0.226856002001 0.0909090909091 0.49335195255 0.686817296961 0.409977818136 0.0298507462687 0.0 0.00756722659831 0.375 0.216494845361
早日 0.0 0.263045765872 0.0909090909091 0.482337155013 0.76707134751 0.339194871174 0.0298507462687 0.0 0.0139453000645 0.166666666667 0.381443298969
部署 0.0 0.262404023015 0.0909090909091 0.120468173053 0.949570655911 0.557285800959 0.223880597015 0.0 0.0507903080249 0.0 0.835051546392
认为 0.0 0.245066263818 0.0909090909091 0.158896831924 0.971678863766 0.620794103656 0.0 0.0 0.0168028673477 0.0 0.484536082474
人民币 0.0 0.185343775957 0.227272727273 0.251423626628 0.814955283103 0.480439870643 0.0 0.0 0.0255751366718 0.166666666667 0.134020618557
基地 0.0 0.36374975717 0.0909090909091 0.110365921841 0.822718076301 0.559996077967 0.044776119403 0.0 0.0165961803482 0.375 0.154639175258
王毅 1.0 0.405643353412 0.0909090909091 0.457622216341 0.781908944384 0.558407303849 0.0298507462687 0.0 0.0117037671012 0.375 0.154639175258
稳定 0.0 0.181844001947 0.0909090909091 0.513143499023 0.782688211044 0.538449313711 0.0 0.0 0.00559477861924 0.166666666667 0.175257731959
发布 0.0 0.300075326906 0.0909090909091 0.321497552356 0.91906896824 0.622760670775 0.0149253731343 0.0 0.0116141378808 0.166666666667 0.329896907216
进一步 0.0 0.18437139352 0.227272727273 0.339686282155 0.8334507053 0.532589964104 0.0 0.0 0.0066832438912 0.375 0.309278350515
紧张 0.0 0.164472836812 0.0909090909091 0.105875606684 0.849715827728 0.462841263465 0.0149253731343 0.0 0.00737011288163 0.0625 0.164948453608
中+韩 0.0 0.301977587787 0.136363636364 0.151696099159 0.951811434902 0.508554836593 0.89552238806 0.5 0.0 0.0 0.886597938144
韩+两 0.0 0.346008533256 0.136363636364 0.305939557612 0.929045488375 0.237605683443 0.0149253731343 0.5 0.0 0.166666666667 0.288659793814
两+军 0.0 0.158243348157 0.136363636364 0.642299932004 0.536140650357 0.124654159132 0.0746268656716 0.5 0.0 0.375 0.175257731959
问题+进行 0.0 0.191560512759 0.409090909091 0.571132010297 0.682606434503 0.190862612276 0.0597014925373 0.5 0.11756570845 0.375 0.278350515464
进行+沟通 0.0 0.268671268351 0.409090909091 0.552171781539 0.701383277052 0.252723303228 0.119402985075 0.5 0.0606180539274 0.375 0.298969072165
海外+网 0.0 0.109802044759 0.272727272727 0.0886232149337 0.826571381329 0.262158398107 0.0 0.5 0.0120009913133 0.0625 0.144329896907
例行+记者会 2.0 0.1373649582 0.545454545455 0.32833397098 0.831178570054 0.254332468248 0.0 0.5 0.0117351889309 0.0625 0.268041237113
安全+利益 0.0 0.220437515502 0.409090909091 0.406473695302 0.789432992273 0.161142497074 0.0 0.5 0.0534149186474 0.166666666667 0.371134020619
相关+问题 0.0 0.122687463996 0.409090909091 0.433205892786 0.60838056196 0.102215963724 0.0149253731343 0.5 0.0970397188433 0.375 0.134020618557
坚决+反对 2.0 0.0907770567478 0.409090909091 0.248805791728 0.769001558364 0.146992820014 0.0 0.5 0.0130127979583 0.375 0.0618556701031
韩+部署 0.0 0.143355447814 0.272727272727 0.317293332884 0.753886641155 0.133383695913 0.0149253731343 0.5 0.0507903080249 0.0625 0.144329896907
两+国 0.0 0.603473060041 0.136363636364 0.272962105647 0.931423538789 0.550387840965 0.0597014925373 0.5 0.0 0.0625 0.670103092784
外交+部门 2.0 0.134081553536 0.409090909091 0.715935445711 0.583791153828 0.189708045314 0.0 0.5 0.0234911258373 0.375 0.20618556701
维护+国家 0.0 0.105565063449 0.409090909091 0.855715711334 0.36563774131 0.088185369377 0.0 0.5 0.0248822556583 1.0 0.113402061856
国家+安全 0.0 0.137595321919 0.409090909091 0.708763822435 0.524979356165 0.206558935808 0.0 0.5 0.0480525794375 0.375 0.123711340206
中国+团体 0.0 0.112444016165 0.409090909091 0.695820827689 0.54327415511 0.199008565378 0.0149253731343 0.5 0.131756236981 0.375 0.0309278350515
团体+游客 1.0 0.104206620499 0.409090909091 0.589070258941 0.799494347982 0.229783910961 0.0149253731343 0.5 0.0871850794493 0.166666666667 0.0412371134021
访+韩 0.0 0.158661895885 0.136363636364 0.596028144182 0.728501517226 0.295619561136 0.0298507462687 0.5 0.0 0.375 0.0721649484536
韩+中 0.0 0.479842401629 0.136363636364 0.187422921068 0.953528445061 0.478295056858 0.0 0.5 0.0 0.0 0.247422680412
韩联社+报道 0.0 0.113736562288 0.545454545455 0.255655047165 0.904414653331 0.0543602199016 0.0 0.5 0.0686045701194 0.0625 0.134020618557
入+韩 0.0 0.130884441287 0.136363636364 0.316915372738 0.858008047892 0.191082225385 0.0149253731343 0.5 0.0 0.166666666667 0.144329896907
赴+韩 0.0 0.270318847912 0.136363636364 0.500907176198 0.926435327737 0.3531341188 0.0149253731343 0.5 0.0 0.166666666667 0.113402061856
外长+康京 2.0 0.173736073708 0.409090909091 0.46800533738 0.848258655793 0.159590332272 0.0 0.5 0.0498541752482 0.375 0.268041237113
加入+美国 0.0 0.157200642267 0.409090909091 0.426068313691 0.760714116846 0.149110763144 0.0 0.5 0.0293444681943 0.375 0.309278350515
反导+体系 2.0 0.146332341765 0.409090909091 0.513332700728 0.696903768176 0.143320409308 0.0149253731343 0.5 0.0255285565221 0.375 0.309278350515
韩+美 1.0 0.234101877954 0.136363636364 0.275833906733 0.890661229472 0.375511079328 0.0149253731343 0.5 0.0 0.0625 0.556701030928
美+日 1.0 0.183226453546 0.136363636364 0.470610572966 0.758246188522 0.207629414407 0.0 0.5 0.0 0.375 0.40206185567
军事+同盟 2.0 0.173136291782 0.409090909091 0.462191377198 0.768010795518 0.152525365262 0.0 0.5 0.0249508021607 0.375 0.319587628866
战略+安全 0.0 0.192167220274 0.409090909091 0.496430882469 0.720410257166 0.137978000326 0.0 0.5 0.0499864502002 0.166666666667 0.257731958763
王毅+外长 2.0 0.0908248957296 0.409090909091 0.466937954464 0.552577338716 0.188770276519 0.0 0.5 0.036191902347 1.0 0.0824742268041
希望+韩方 0.0 0.234377658232 0.409090909091 0.484553245414 0.707805054135 0.200930762055 0.0 0.5 0.0729797119691 0.375 0.40206185567
韩国+旅游 2.0 0.101596034271 0.409090909091 0.461653388319 0.809670423458 0.289008303977 0.0 0.5 0.204810569968 0.166666666667 0.113402061856
中国+消费者 1.0 0.0970710638091 0.545454545455 0.579665176046 0.829315720415 0.288447124518 0.0 0.5 0.131756095134 0.375 0.0515463917526
韩+关系 0.0 0.383585945915 0.272727272727 0.322891071119 0.9104226515 0.447996024684 0.388059701493 0.5 0.0918465249025 0.166666666667 0.680412371134
关系+改善 0.0 0.127146318551 0.409090909091 0.395437927126 0.826369606509 0.211960658893 0.0149253731343 0.5 0.106933375209 0.375 0.0927835051546
寅+总统 0.0 0.101596034271 0.272727272727 0.456008387872 0.612877072632 0.220698892901 0.0 0.5 0.0128819148187 1.0 0.0824742268041
国+关系 0.0 0.362037403453 0.272727272727 0.238998569293 0.929288402412 0.428791529519 0.0298507462687 0.5 0.0918465249025 0.0625 0.39175257732
美+韩 0.0 0.127146318551 0.136363636364 0.164630498901 0.744125806454 0.242459117053 0.0 0.5 0.0 0.166666666667 0.0927835051546
韩国+外长 2.0 0.235793488091 0.409090909091 0.474145313813 0.842486060133 0.195932126163 0.0 0.5 0.189403960518 0.375 0.257731958763
韩国+政府 2.0 0.290148449526 0.409090909091 0.272339787458 0.896106373158 0.37264074903 0.0149253731343 0.5 0.210990813839 0.166666666667 0.443298969072
反导+系统 0.0 0.196014254718 0.409090909091 0.0604819482034 0.943793494252 0.22941642373 0.0 0.5 0.0460877496032 0.0 0.40206185567
外交部长+王毅 2.0 0.0970710638091 0.681818181818 0.562631113563 0.597459313884 0.196791727637 0.0 0.5 0.0148113966271 0.375 0.0515463917526
韩国+总统 2.0 0.164472836812 0.409090909091 0.362198801 0.84376695378 0.200212893847 0.0298507462687 0.5 0.19213809202 0.166666666667 0.19587628866
总统+文 0.0 0.152011838985 0.272727272727 0.329222745379 0.896868477427 0.145015775208 0.0 0.5 0.0128819148187 0.375 0.144329896907
中国+外交部 1.0 0.199407363485 0.545454545455 0.336854491866 0.87980342049 0.319796638796 0.0149253731343 0.5 0.138952196757 0.0625 0.474226804124
中方+重视 0.0 0.0908248957296 0.409090909091 0.625845871451 0.408302625229 0.0659868504522 0.0 0.5 0.075138303124 1.0 0.0824742268041
重视+韩方 0.0 0.123892516097 0.409090909091 0.486083941239 0.659746252188 0.131765928141 0.0 0.5 0.0580339483207 0.375 0.164948453608
考虑+追加 0.0 0.185859778878 0.409090909091 0.427248689671 0.79016618828 0.190670526645 0.044776119403 0.5 0.0232757753207 0.375 0.268041237113
美国+反导 0.0 0.156658818323 0.409090909091 0.353445041566 0.835047600596 0.176526368428 0.0 0.5 0.0343956570093 0.375 0.288659793814
损害+中方 0.0 0.17911831354 0.409090909091 0.74267394216 0.569680039195 0.144258768781 0.0149253731343 0.5 0.0743400466262 1.0 0.237113402062
韩方+继续 0.0 0.112367172811 0.409090909091 0.501215635934 0.480554476931 0.0511379424792 0.0 0.5 0.0580079211824 0.375 0.0824742268041
继续+妥善 0.0 0.156124173359 0.409090909091 0.480134339638 0.573494183921 0.11055509603 0.0149253731343 0.5 0.0364254037183 0.375 0.123711340206
妥善+处理 0.0 0.230115057841 0.409090909091 0.483788362712 0.72475969337 0.216959612868 0.0298507462687 0.5 0.0377323175739 0.375 0.40206185567
10月+31日 0.0 0.196823909369 0.318181818182 0.444904540556 0.8165787669 0.387404197933 0.0 0.5 0.0445602139565 0.166666666667 0.288659793814
中+关系 0.0 0.253659115126 0.272727272727 0.428592471959 0.862288474297 0.369058021512 0.0 0.5 0.0918465249025 0.375 0.0721649484536
关系+发展 0.0 0.220738429953 0.409090909091 0.590449197652 0.731799077344 0.270754851631 0.0149253731343 0.5 0.141635887183 0.166666666667 0.319587628866
国+领导人 0.0 0.13008347279 0.409090909091 0.512629794849 0.698933935564 0.223601612832 0.0 0.5 0.00781518155003 0.375 0.0721649484536
进一步+加强 0.0 0.0910460393931 0.545454545455 0.884724888889 0.315596490604 0.0786154984699 0.0 0.5 0.0186065213246 1.0 0.103092783505
韩方+认识 0.0 0.0959654747682 0.409090909091 0.878169375426 0.366332386553 0.060151287243 0.0 0.5 0.0524058790622 1.0 0.113402061856
明确+表示 0.0 0.117386274304 0.409090909091 0.728952523498 0.490025436383 0.0785742737586 0.0 0.5 0.0440902815882 0.375 0.144329896907
韩国+部署 0.0 0.24817048129 0.409090909091 0.286009378903 0.894512879021 0.183062834253 0.0149253731343 0.5 0.240148987548 0.0625 0.422680412371
部署+目的 0.0 0.0959654747682 0.409090909091 0.878169375426 0.366332386553 0.0 0.0 0.5 0.0508290621049 1.0 0.113402061856
第三+国 0.0 0.0910460393931 0.272727272727 0.887553682027 0.317678657844 0.0 0.0 0.5 0.00371241383862 1.0 0.103092783505
中方+战略 0.0 0.134642694367 0.409090909091 0.813221151142 0.494148049356 0.0376772182358 0.0 0.5 0.0857008378614 1.0 0.175257731959
国+外长 0.0 0.0912397671125 0.272727272727 0.67182887815 0.359990366076 0.196599807298 0.0 0.5 0.0244881352458 0.375 0.288659793814
阶段性+处理 0.0 0.172998944434 0.545454545455 0.561371877636 0.426023277338 0.233545838317 0.0149253731343 0.5 0.026053253369 1.0 0.0618556701031
问题+达成 0.0 0.112367172811 0.409090909091 0.575407657292 0.474627750365 0.0910757799586 0.0149253731343 0.5 0.0983555119609 1.0 0.0824742268041
报道+称 0.0 0.363139168468 0.272727272727 0.150212975311 0.970352940702 0.123961027924 0.0 0.5 0.0551600911641 0.0 0.329896907216
亚+太 0.0 0.0970710638091 0.136363636364 0.635108828622 0.63398620575 0.287393693914 0.0 0.5 0.0 0.375 0.0515463917526
领导人+会议 3.0 0.10758537334 0.545454545455 0.715886867884 0.455435396879 0.232772187005 0.0 0.5 0.0145238751382 1.0 0.020618556701
高度+重视 0.0 0.134699056644 0.409090909091 0.677572178441 0.582982539997 0.244949685918 0.0149253731343 0.5 0.0188781795521 0.166666666667 0.144329896907
外交部+发言人 2.0 0.159554508402 0.681818181818 0.253968633247 0.901950097375 0.290562201917 0.0 0.5 0.0387138389168 0.0 0.381443298969
扫除+中 0.0 0.107615174184 0.272727272727 0.628722947525 0.541815074123 0.0159671513654 0.0 0.5 0.00288781665563 0.375 0.0721649484536
共同+意愿 0.0 0.0963810248806 0.409090909091 0.628722947525 0.541815074123 0.0239666774358 0.0 0.5 0.0316845766811 0.375 0.0721649484536
符合+双方 0.0 0.205960853658 0.409090909091 0.632512438289 0.654623650574 0.0979635489723 0.0 0.5 0.0702824727405 0.166666666667 0.20618556701
共同+利益 0.0 0.218672328139 0.409090909091 0.650666362506 0.649221667316 0.122394238383 0.0149253731343 0.5 0.0524059249165 0.166666666667 0.237113402062
朝鲜+半岛 2.0 0.235793488091 0.409090909091 0.511905879132 0.701398347863 0.367769224481 0.0149253731343 0.5 0.0309844898351 0.375 0.257731958763
半岛+问题 2.0 0.159947725766 0.409090909091 0.528391137705 0.529548207446 0.233542339426 0.0 0.5 0.104940472297 0.166666666667 0.185567010309
韩+旅游 1.0 0.112444016165 0.272727272727 0.904625962534 0.520186143604 0.258284260947 0.0149253731343 0.5 0.032722670637 1.0 0.0309278350515
中央+日报 0.0 0.158491070831 0.409090909091 0.412738200894 0.909229553886 0.138941476455 0.0 0.5 0.0114980388979 0.375 0.134020618557
韩国+外交部 2.0 0.146859747639 0.545454545455 0.363998181676 0.827734852553 0.288702930565 0.0 0.5 0.194286598957 0.166666666667 0.144329896907
举行+会谈 2.0 0.137494761383 0.409090909091 0.488135377406 0.763470940816 0.189183072189 0.0 0.5 0.0307921650569 0.375 0.0927835051546
10月+30日 0.0 0.156124173359 0.318181818182 0.508675155922 0.70946268453 0.275222610633 0.0 0.5 0.0445601991176 0.375 0.123711340206
接受+国会 0.0 0.0739127262739 0.409090909091 0.469219642702 0.487371179171 0.0741018527558 0.0 0.5 0.0114475133649 0.375 0.0721649484536
国会+质询 0.0 0.0800537571891 0.409090909091 0.507081653487 0.474854672882 0.066706001623 0.0 0.5 0.00948447695275 0.375 0.0824742268041
质询+时 0.0 0.0800537571891 0.272727272727 0.507081653487 0.474854672882 0.0420251366514 0.0 0.5 0.00241055841018 0.375 0.0824742268041
时+表示 0.0 0.112388179714 0.272727272727 0.303544573127 0.80864598669 0.188047028096 0.0 0.5 0.040057684951 0.166666666667 0.175257731959
现有+立场 0.0 0.10053761904 0.409090909091 0.475306992534 0.64500539182 0.052893463069 0.0 0.5 0.0324358705737 0.375 0.123711340206
日+安全 0.0 0.151491522811 0.272727272727 0.482220288159 0.766266900243 0.0641286817304 0.0 0.5 0.0284830710504 0.375 0.226804123711
安全+合作 0.0 0.165057257781 0.409090909091 0.482220288159 0.766266900243 0.0720403477321 0.0 0.5 0.0711465119821 0.375 0.226804123711
发展+成为 0.0 0.11096524034 0.409090909091 0.535071096691 0.676049918256 0.121978863675 0.0 0.5 0.0562587565602 0.375 0.103092783505
政府+未 0.0 0.0800537571891 0.272727272727 0.510207977494 0.572533826385 0.0 0.0 0.5 0.0231666812528 0.375 0.0824742268041
未+考虑 0.0 0.11096524034 0.272727272727 0.471683598803 0.58832717423 0.0777457369419 0.044776119403 0.5 0.0106130723272 0.375 0.103092783505
追加+部署 0.0 0.212143960335 0.409090909091 0.471408391682 0.764088326578 0.174133590233 0.0597014925373 0.5 0.0550661557788 0.375 0.340206185567
发言人+华 0.0 0.0959654747682 0.409090909091 0.503669574849 0.571574740429 0.13209053991 0.0 0.5 0.00858560999105 0.375 0.144329896907
华+春莹 2.0 0.105565063449 0.272727272727 0.503669574849 0.571574740429 0.184251417034 0.0 0.5 0.00331946194031 0.375 0.113402061856
中方+一贯 0.0 0.085146875577 0.409090909091 0.550123077263 0.502433996078 0.0229409349993 0.0 0.5 0.0690910507357 0.375 0.0721649484536
一贯+反对 0.0 0.0790310727926 0.409090909091 0.570786999971 0.406371653718 0.0 0.0 0.5 0.0156951791475 0.375 0.0618556701031
反对+美国 0.0 0.117386274304 0.409090909091 0.343584074392 0.712266325796 0.0620217820246 0.0 0.5 0.0310996481671 0.375 0.144329896907
上述+承诺 0.0 0.085146875577 0.409090909091 0.56291618022 0.443350988504 0.0 0.0 0.5 0.0155153676877 0.375 0.0721649484536
承诺+落到实处 0.0 0.112367172811 0.681818181818 0.533402982776 0.460806984939 0.0951600060685 0.0149253731343 0.5 0.0152455458826 0.375 0.0824742268041
处理+相关 0.0 0.11096524034 0.409090909091 0.473362851938 0.519967962968 0.0268669918692 0.0 0.5 0.0297908671133 0.375 0.103092783505
推动+中 0.0 0.191560512759 0.272727272727 0.525830525831 0.731506686296 0.109430143836 0.0149253731343 0.5 0.0257928109184 0.166666666667 0.278350515464
关系+早日 0.0 0.161475826761 0.409090909091 0.447104027271 0.711319400197 0.134816965869 0.0 0.5 0.105791824967 0.375 0.19587628866
早日+重 0.0 0.0910460393931 0.272727272727 0.517364153813 0.555001182104 0.0323306122469 0.0 0.5 0.0139453000645 0.375 0.123711340206
重+回 0.0 0.101005639866 0.136363636364 0.517364153813 0.555001182104 0.0486302151891 0.0 0.5 0.0 0.375 0.103092783505
回+平稳 0.0 0.0910460393931 0.272727272727 0.517364153813 0.555001182104 0.0203403145995 0.0 0.5 0.00331500246662 0.375 0.103092783505
平稳+健康 0.0 0.0910460393931 0.409090909091 0.517364153813 0.555001182104 0.0203403145995 0.0 0.5 0.0124771383126 0.375 0.103092783505
健康+发展 0.0 0.0857525472235 0.409090909091 0.51408448526 0.596305113797 0.0852593389589 0.0 0.5 0.0541599735902 0.375 0.0927835051546
发展+轨道 0.0 0.239637301586 0.409090909091 0.524447682273 0.730642860192 0.0924946065872 0.0 0.5 0.0624340337117 0.166666666667 0.350515463918
原+标题 0.0 0.136076304509 0.272727272727 0.0793470280298 0.93502727654 0.10042489992 0.0 0.5 0.00408009700763 0.0625 0.257731958763
游客+锐减 1.0 0.156074034048 0.409090909091 0.555398914054 0.71931104126 0.180284374543 0.0 0.5 0.13319684469 0.375 0.0412371134021
韩国+旅游业 2.0 0.0987283086261 0.545454545455 0.693648242654 0.574205428965 0.166409019854 0.0 0.5 0.195535960955 1.0 0.0309278350515
韩媒+称 0.0 0.193181876239 0.272727272727 0.176941701642 0.849099993695 0.211808017349 0.044776119403 0.5 0.0182592303697 0.0 0.123711340206
亚洲+经济 0.0 0.118849323487 0.409090909091 0.26005890753 0.77407394534 0.112306101333 0.0 0.5 0.0345399504895 0.166666666667 0.0824742268041
中国+游客 2.0 0.721254142275 0.409090909091 0.432296648132 0.821761636632 0.493740083102 0.0298507462687 0.5 0.164200722743 0.166666666667 0.123711340206
萨德+问题 3.0 0.130884441287 0.409090909091 0.291753519947 0.812463447666 0.387520791765 0.179104477612 0.5 0.195522939236 0.375 0.103092783505
韩国+国防部 1.0 0.114269024658 0.545454545455 0.306179177946 0.626725136561 0.26352583716 0.0 0.5 0.193989642591 0.375 0.0618556701031
韩国+国内 0.0 0.114269024658 0.409090909091 0.29009101632 0.821946934333 0.266244173029 0.0 0.5 0.19727303278 0.375 0.0618556701031
驻+韩 0.0 0.196490912344 0.136363636364 0.159222552775 0.689940858158 0.20760255746 0.0149253731343 0.5 0.0 0.375 0.0824742268041
韩+美军 0.0 0.208236896299 0.272727272727 0.159222552775 0.689940858158 0.2805898284 0.0149253731343 0.5 0.00896284994483 0.375 0.0618556701031
环球+时报 0.0 0.14634372947 0.409090909091 0.224250641024 0.715406793942 0.269798285719 0.0 0.5 0.00554562262995 0.375 0.0515463917526
责任+编辑 0.0 0.1373649582 0.409090909091 0.0 0.933076875334 0.182099771921 0.0 0.5 0.0137716492287 0.166666666667 0.268041237113
韩+外长 2.0 0.185343775957 0.272727272727 0.408545585648 0.58808221391 0.293260485954 0.208955223881 0.5 0.0244881352458 0.375 0.134020618557
首+次 0.0 0.118849323487 0.136363636364 0.328579332723 0.83091411591 0.400486889477 0.0 0.5 0.0 0.375 0.0721649484536
外交部+网站 0.0 0.109389230224 0.545454545455 0.663430111067 0.497006391674 0.300850306474 0.0 0.5 0.0350426283674 1.0 0.0515463917526
核+问题 0.0 0.226103065143 0.272727272727 0.489549571282 0.742325786268 0.199274985318 0.0 0.5 0.0882097843808 0.375 0.226804123711
半岛+局势 0.0 0.107615174184 0.409090909091 0.598341203221 0.647193763214 0.318628336133 0.0149253731343 0.5 0.0217571387515 0.375 0.0721649484536
建交+25 0.0 0.0987283086261 0.227272727273 0.866870737877 0.296472077938 0.162900625355 0.0 0.5 0.00687904199333 1.0 0.0309278350515
共同+努力 0.0 0.124764240809 0.409090909091 0.602129070939 0.689118857782 0.157780909639 0.0 0.5 0.0378237959407 0.375 0.113402061856
希望+双方 0.0 0.0739127262739 0.409090909091 0.651988223498 0.491935510246 0.130770667126 0.0 0.5 0.0846855063905 0.375 0.0721649484536
一带+一路 0.0 0.1951938574 0.409090909091 0.850132389343 0.105851815661 0.199642244854 0.0 0.5 0.00753901028204 1.0 0.020618556701
段+时间 0.0 0.112367172811 0.272727272727 0.171689207905 0.861136464966 0.179901962869 0.0 0.5 0.00596212552682 0.375 0.0824742268041
推动+两 0.0 0.127146318551 0.272727272727 0.448129493213 0.714662540027 0.0801558178156 0.0 0.5 0.0257928109184 0.375 0.0927835051546
部长+助理 1.0 0.126042665474 0.409090909091 0.654941933921 0.622919206351 0.151691844212 0.0 0.5 0.0110143048579 0.375 0.144329896907
中+美 0.0 0.167306846319 0.136363636364 0.147830062252 0.78921605876 0.352672992153 0.0 0.5 0.0 0.375 0.0309278350515
寅+政府 0.0 0.1951938574 0.272727272727 0.439036641296 0.623979884561 0.277767044417 0.0 0.5 0.0231666812528 0.375 0.020618556701
国+外交部 0.0 0.0847528973936 0.409090909091 0.49283066314 0.533734056868 0.135662425674 0.0 0.5 0.0301282289257 0.0 0.556701030928
消息+称 0.0 0.0847528973936 0.272727272727 0.289096280602 0.839003508287 0.223068835457 0.0 0.5 0.0156420077931 0.166666666667 0.0515463917526
双方+商定 0.0 0.109802044759 0.409090909091 0.756719760884 0.420354235273 0.0195743108161 0.0149253731343 0.5 0.0645527015317 1.0 0.123711340206
军+渠道 0.0 0.145903056708 0.272727272727 0.765657437325 0.450551790204 0.0652704603934 0.0597014925373 0.5 0.0101656318292 1.0 0.154639175258
关系+出现 0.0 0.0970710638091 0.409090909091 0.352348312724 0.866642411102 0.137872424169 0.0298507462687 0.5 0.0935040933502 0.375 0.0515463917526
韩+双方 0.0 0.321231832761 0.272727272727 0.665067470966 0.677834633525 0.305629979067 0.0597014925373 0.5 0.0587988983298 0.375 0.319587628866
参考+消息网 0.0 0.146859747639 0.545454545455 0.156869911738 0.895007586118 0.276821650435 0.0 0.5 0.02994154618 0.0625 0.123711340206
双边+关系 2.0 0.30659187383 0.409090909091 0.481193713214 0.831595752159 0.381617730531 0.044776119403 0.5 0.106961540867 0.375 0.20618556701
导弹+防御 0.0 0.183917450519 0.409090909091 0.134500672482 0.834227212704 0.263209339957 0.0 0.5 0.0168324948566 0.375 0.123711340206
改善+中 0.0 0.102523040703 0.272727272727 0.451050453644 0.748491536355 0.238260414358 0.0149253731343 0.5 0.0150868503065 0.375 0.0618556701031
平昌+冬奥会 0.0 0.134110975582 0.545454545455 0.492855670271 0.532400629372 0.319218431363 0.0149253731343 0.5 0.0109336256835 0.375 0.0103092783505
推动+双边 0.0 0.12170739664 0.409090909091 0.615879667298 0.539074312432 0.0427398644973 0.0 0.5 0.040907826883 0.375 0.0515463917526
同意+推动 0.0 0.159947725766 0.409090909091 0.737454889215 0.568620386988 0.100402308125 0.0149253731343 0.5 0.0363766109552 0.166666666667 0.185567010309
领域+交流 0.0 0.184397063622 0.409090909091 0.70133582845 0.619157921543 0.107495470889 0.0 0.5 0.074896762669 0.166666666667 0.20618556701
关系+进行 0.0 0.0739127262739 0.409090909091 0.734431280188 0.480271838158 0.105491781285 0.0298507462687 0.5 0.121202448972 0.375 0.0721649484536
交流+合作 3.0 0.337334371938 0.409090909091 0.588106461777 0.6737423656 0.247936626162 0.0298507462687 0.5 0.105201939225 0.0625 0.237113402062
合作+早日 0.0 0.161475826761 0.409090909091 0.712905342472 0.607442726817 0.0589822202852 0.0149253731343 0.5 0.0626578903166 0.166666666667 0.19587628866
早日+回到 0.0 0.196823909369 0.409090909091 0.601986928049 0.69870771533 0.102249386452 0.0 0.5 0.0262645840817 0.166666666667 0.288659793814
回到+正常 0.0 0.225513260117 0.409090909091 0.622730313844 0.683824905228 0.0872862523499 0.0 0.5 0.0323655335219 0.166666666667 0.288659793814
正常+发展 0.0 0.214037519818 0.409090909091 0.622730313844 0.683824905228 0.0561882317425 0.0 0.5 0.0597270273678 0.166666666667 0.288659793814
立场+出发 0.0 0.0800537571891 0.409090909091 0.941846712444 0.208227743944 0.0 0.0 0.5 0.0324963024439 1.0 0.0824742268041
重申+反对 0.0 0.101005639866 0.409090909091 0.874592835906 0.328375438903 0.0835158164041 0.0149253731343 0.5 0.0183688137217 1.0 0.103092783505
中方+关切 0.0 0.105565063449 0.409090909091 0.895517329976 0.332844609763 0.0754101329115 0.0 0.5 0.077938115396 1.0 0.113402061856
双方+关系 2.0 0.0912397671125 0.409090909091 0.7019497601 0.620919697427 0.278538508741 0.0 0.5 0.150645423232 0.375 0.0412371134021
和平+解决 3.0 0.0959654747682 0.409090909091 0.815874532423 0.334650191913 0.0433161729665 0.0 0.5 0.0264781450921 1.0 0.113402061856
乐天+集团 2.0 0.263316799089 0.409090909091 0.571820272507 0.494869092073 0.303453995784 0.0 0.5 0.0422597530606 1.0 0.0309278350515
中+两 0.0 0.0987283086261 0.136363636364 0.520074050457 0.666511061517 0.115989697366 0.0 0.5 0.0 0.0625 0.0309278350515
双方+表示 0.0 0.180682443653 0.409090909091 0.880721319003 0.379865006047 0.0786497684088 0.0 0.5 0.0945832354307 0.375 0.103092783505
表示+高度 0.0 0.0800537571891 0.409090909091 0.936582813781 0.303445441644 0.0328319950304 0.0 0.5 0.0437216722407 0.375 0.0824742268041
重视+中 0.0 0.0800537571891 0.272727272727 0.936582813781 0.303445441644 0.0 0.0 0.5 0.0109408444123 0.0625 0.164948453608
双边+共同 0.0 0.0910460393931 0.409090909091 0.803386528998 0.418309740108 0.0 0.0 0.5 0.0425890932842 0.166666666667 0.103092783505
共同+文件 2.0 0.0910460393931 0.409090909091 0.803386528998 0.418309740108 0.0 0.0 0.5 0.031227782509 0.166666666667 0.103092783505
韩+战略 0.0 0.10053761904 0.272727272727 0.763908681011 0.478497496194 0.0135955005943 0.0 0.5 0.0215033791498 0.166666666667 0.123711340206
战略+合作 0.0 0.134642694367 0.409090909091 0.700196700585 0.633065706215 0.149986228564 0.0 0.5 0.0641668200815 0.166666666667 0.175257731959
合作+伙伴 0.0 0.129428265378 0.409090909091 0.649049058536 0.652420678109 0.142476745877 0.0 0.5 0.0526452741887 0.166666666667 0.185567010309
伙伴+关系 0.0 0.117386274304 0.409090909091 0.730651319022 0.585586291818 0.060976364276 0.0 0.5 0.0975415825632 0.166666666667 0.144329896907
加强+两 0.0 0.109802044759 0.272727272727 0.743661419783 0.49508508217 0.0224918085494 0.0 0.5 0.0119232774334 0.166666666667 0.123711340206
国+交流 0.0 0.109802044759 0.272727272727 0.743661419783 0.49508508217 0.0063523265707 0.0 0.5 0.052831809849 0.166666666667 0.123711340206
合作+符合 0.0 0.113736562288 0.409090909091 0.726497591588 0.514069908467 0.0398628692188 0.0 0.5 0.0541470153424 0.166666666667 0.134020618557
双方+共同 0.0 0.247799536376 0.409090909091 0.61517539676 0.675533107312 0.160656518376 0.0 0.5 0.0862729756493 0.166666666667 0.216494845361
中国+政府 2.0 0.11906647048 0.409090909091 0.586065143786 0.666016936362 0.235145821945 0.0 0.5 0.144821204868 0.166666666667 0.123711340206
发言人+耿爽 3.0 0.0857525472235 0.545454545455 0.341523573671 0.837765673615 0.212702128144 0.0 0.5 0.0162623123951 0.166666666667 0.0927835051546
部署+萨德 2.0 0.107615174184 0.409090909091 0.322083203033 0.820047067507 0.27977501009 0.0597014925373 0.5 0.160280914696 0.166666666667 0.0721649484536
数据+显示 0.0 0.0739127262739 0.409090909091 0.256364203914 0.719004382874 0.0907599608451 0.0 0.5 0.0223513558756 0.166666666667 0.0721649484536
约+合 0.0 0.101005639866 0.136363636364 0.29605137157 0.834589029149 0.257374727671 0.0 0.5 0.0 0.375 0.103092783505
合+人民币 0.0 0.0790310727926 0.409090909091 0.424495944195 0.711177637289 0.104782767815 0.0 0.5 0.0255751366718 0.375 0.0618556701031
中国+市场 2.0 0.123138311352 0.409090909091 0.373447564105 0.75706457028 0.307448347225 0.0 0.5 0.152249983465 0.375 0.0824742268041
韩国+经济 2.0 0.220078558218 0.409090909091 0.305825150059 0.849495235885 0.394501010441 0.0 0.5 0.219944241242 0.166666666667 0.0824742268041
发展+成 0.0 0.128330896199 0.272727272727 0.531758679948 0.656229148424 0.0959340073881 0.0 0.5 0.0497893622808 0.375 0.247422680412
防御+系统 2.0 0.168540089879 0.409090909091 0.0872554883782 0.893131292464 0.299430262991 0.0 0.5 0.0365965286711 0.375 0.0927835051546
双方+认为 0.0 0.105565063449 0.409090909091 0.715687925619 0.476814690416 0.0602416337644 0.0 0.5 0.0666426803528 0.166666666667 0.113402061856
乐天+玛特 2.0 0.11842554446 0.409090909091 0.814477169945 0.439727889408 0.235188873382 0.0 0.5 0.0326688370665 1.0 0.0103092783505
韩联社+10月 0.0 0.155451726974 0.5 0.0777376121999 0.865838360068 0.186773331389 0.0 0.5 0.0446375318138 0.166666666667 0.0824742268041
31日+报道 0.0 0.0970710638091 0.363636363636 0.320083553947 0.777284883419 0.129845161393 0.0 0.5 0.0556757996909 0.375 0.0515463917526
韩国+企业 2.0 0.243474848164 0.409090909091 0.440474676951 0.793294729593 0.327350511219 0.0 0.5 0.208069644943 0.375 0.0618556701031
地区+国家 0.0 0.134025563055 0.409090909091 0.0914116196243 0.568043498665 0.202993725044 0.0 0.5 0.0277264048162 0.166666666667 0.0515463917526
认为+加强 0.0 0.0961009900556 0.409090909091 0.735351435235 0.388811539956 0.0257010879142 0.0 0.5 0.0197670594564 0.375 0.0927835051546
发展+障碍 0.0 0.0912397671125 0.409090909091 0.697965428793 0.414893753758 0.0 0.0 0.5 0.0538060873985 0.375 0.0412371134021
双方+日前 0.0 0.0910460393931 0.409090909091 0.861107994116 0.343389995103 0.0715545688395 0.0 0.5 0.0629753404823 1.0 0.103092783505
报道+韩媒 0.0 0.109389230224 0.409090909091 0.199191488929 0.710315754783 0.132400566413 0.0 0.5 0.0706636614133 0.166666666667 0.0515463917526
货币+互换 0.0 0.532441575898 0.409090909091 0.425332982205 0.854975453832 0.326665210778 0.0597014925373 0.5 0.54765871584 0.166666666667 0.0824742268041
互换+协议 0.0 0.545746997012 0.409090909091 0.433216225041 0.846666620285 0.315277931089 0.0597014925373 0.5 0.71458649154 0.166666666667 0.0721649484536
现代+汽车 0.0 0.183649872428 0.409090909091 0.552470869206 0.279004513481 0.321442971005 0.0 0.5 0.028833972768 1.0 0.0
人士+表示 0.0 0.0970710638091 0.409090909091 0.307982829469 0.853003459008 0.198667641103 0.0 0.5 0.0538783323648 0.375 0.0515463917526
外交部+部长 2.0 0.122687463996 0.545454545455 0.724754717038 0.593622562977 0.129732035286 0.0 0.5 0.0370958828991 0.375 0.134020618557
助理+孔铉佑 0.0 0.0959654747682 0.545454545455 0.84250017253 0.390940327243 0.0343882865914 0.0 0.5 0.00803645563169 0.375 0.113402061856
韩国+国家 0.0 0.104785660579 0.409090909091 0.769811677969 0.480527069482 0.0517656017535 0.0 0.5 0.190646766763 0.375 0.134020618557
国家+安保室 0.0 0.104785660579 0.545454545455 0.769811677969 0.480527069482 0.0388885049108 0.0 0.5 0.023338823706 0.375 0.134020618557
次+长 2.0 0.104785660579 0.136363636364 0.769811677969 0.480527069482 0.0436845098821 0.0 0.5 0.0 0.375 0.134020618557
长+南官杓 0.0 0.104785660579 0.409090909091 0.769811677969 0.480527069482 0.0808442494923 0.0 0.5 0.00443077804086 0.375 0.134020618557
南官杓+之间 0.0 0.0739127262739 0.545454545455 0.894332971822 0.270375897706 0.0 0.0 0.5 0.0117715688721 1.0 0.0721649484536
部门+间 0.0 0.104785660579 0.272727272727 0.82223200364 0.432952682621 0.0239736878877 0.0 0.5 0.00659311485311 0.375 0.134020618557
间+沟通 0.0 0.104785660579 0.272727272727 0.82223200364 0.432952682621 0.0272360730237 0.0 0.5 0.0312621298576 0.375 0.134020618557
双方+再次 0.0 0.0800537571891 0.409090909091 0.954952753596 0.121753096752 0.0397574176045 0.0 0.5 0.0643326005887 1.0 0.0824742268041
再次+确认 0.0 0.0800537571891 0.409090909091 0.954952753596 0.121753096752 0.049402193446 0.0 0.5 0.00899546616967 1.0 0.0824742268041
确认+实现 0.0 0.0800537571891 0.409090909091 0.954952753596 0.121753096752 0.0377314834014 0.0 0.5 0.0102682092837 1.0 0.0824742268041
实现+朝鲜 0.0 0.0739127262739 0.409090909091 1.0 0.0762293892751 0.0280511350094 0.0 0.5 0.0210602472916 1.0 0.0721649484536
半岛+无核化 2.0 0.105565063449 0.545454545455 0.914996379352 0.237171161049 0.0861197083791 0.0 0.5 0.0200594305689 1.0 0.113402061856
重申+继续 0.0 0.0800537571891 0.409090909091 0.954952753596 0.121753096752 0.0 0.0 0.5 0.0364251963363 1.0 0.0824742268041
外交+手段 3.0 0.0959654747682 0.409090909091 0.81548679403 0.431165737551 0.0782549896098 0.0 0.5 0.0202267873548 1.0 0.113402061856
手段+推动 0.0 0.0800537571891 0.409090909091 0.954952753596 0.121753096752 0.0 0.0 0.5 0.0291215872891 1.0 0.0824742268041
推动+解决 0.0 0.0800537571891 0.409090909091 0.954952753596 0.121753096752 0.0 0.0 0.5 0.0438721873092 1.0 0.0824742268041
加强+战略 0.0 0.0800537571891 0.409090909091 0.954952753596 0.121753096752 0.0 0.0 0.5 0.0334266565832 1.0 0.0824742268041
战略+沟通 0.0 0.0959654747682 0.409090909091 0.829682312223 0.241212407292 0.0883403205856 0.0 0.5 0.0527655090074 1.0 0.113402061856
表态+落到实处 0.0 0.112444016165 0.681818181818 0.70429536085 0.364633281224 0.0514648302862 0.0 0.5 0.0174493385976 0.375 0.0309278350515
相关+人士 0.0 0.0970710638091 0.409090909091 0.272393187699 0.797635465694 0.243223176141 0.0 0.5 0.0282435971111 0.375 0.0515463917526
民意+基础 0.0 0.10758537334 0.409090909091 0.535931501379 0.565481936684 0.231248499356 0.0 0.5 0.00808691426638 0.375 0.020618556701
会议+期间 0.0 0.10758537334 0.409090909091 0.762907491378 0.500751137427 0.188874103257 0.0 0.5 0.012205255896 0.375 0.020618556701
元首+会谈 0.0 0.28280234146 0.409090909091 0.576182241733 0.571277287333 0.372712646913 0.0 0.5 0.023947978467 0.375 0.020618556701
中方+注意 0.0 0.0857525472235 0.409090909091 0.944292615205 0.222019677675 0.00572079690568 0.0 0.5 0.069546846512 1.0 0.0927835051546
韩方+表明 0.0 0.0800537571891 0.409090909091 0.953855866199 0.170650235354 0.00326246874205 0.0 0.5 0.0529894922738 1.0 0.0824742268041
韩方+妥善 0.0 0.0857525472235 0.409090909091 0.873074094501 0.23220615919 0.0108002395317 0.0 0.5 0.0638644888316 1.0 0.0927835051546
网站+10月 0.0 0.0970710638091 0.363636363636 0.264973804744 0.832235499765 0.237809225081 0.0 0.5 0.0469215936554 0.375 0.0515463917526
韩+中国 0.0 0.194974594209 0.272727272727 0.644862937008 0.691603089402 0.234138100907 0.0 0.5 0.131486104956 0.375 0.0412371134021
同比+减少 0.0 0.104206620499 0.409090909091 0.455074603347 0.738726879949 0.223796101558 0.0 0.5 0.0247043567892 1.0 0.0412371134021
韩国+央行 0.0 0.102523040703 0.409090909091 0.387239422813 0.743762822664 0.134354671147 0.0 0.5 0.191479804364 0.166666666667 0.0618556701031
防空+炮兵 0.0 0.132400955692 0.409090909091 0.57428547928 0.0 0.232950786751 0.0 0.5 0.0104252283896 1.0 0.0
首尔+市内 0.0 0.149483927938 0.409090909091 0.942795649296 0.193851315452 0.143574610967 0.0 0.5 0.12840888614 0.375 0.0
市内+酒店 0.0 0.149483927938 0.409090909091 0.942795649296 0.193851315452 0.157069064015 0.0 0.5 0.27200307771 0.375 0.0
中+韩+两 0.0 0.350783860117 0.318181818182 0.342644943411 0.919413356792 0.139544338713 0.0149253731343 1.0 0.0 0.166666666667 0.288659793814
问题+进行+沟通 0.0 0.17628357443 0.727272727273 0.682401337695 0.54084770909 0.110543460907 0.0597014925373 1.0 0.148827838308 1.0 0.19587628866
系统+的+立场 0.0 0.0959654747682 0.590909090909 0.379764295581 0.782904409209 0.128986739893 0.0 1.0 0.061105258269 0.375 0.113402061856
维护+国家+安全 0.0 0.0961009900556 0.727272727273 0.865174695751 0.287349434928 0.0357140306486 0.0 1.0 0.0533653267086 1.0 0.0927835051546
中国+团体+游客 2.0 0.0987283086261 0.727272727273 0.695820827689 0.54327415511 0.185779219061 0.0149253731343 1.0 0.171508428706 0.375 0.0309278350515
韩+美+日 3.0 0.183456618037 0.318181818182 0.489383999404 0.742885618943 0.17873500102 0.0 1.0 0.0 0.375 0.371134020619
战略+安全+利益 0.0 0.192295077185 0.727272727273 0.535479756189 0.691549319874 0.124615074107 0.0 1.0 0.0749182977972 0.166666666667 0.247422680412
中+韩+关系 3.0 0.379884062471 0.454545454545 0.322891071119 0.9104226515 0.395658898954 0.388059701493 1.0 0.0918465249025 0.166666666667 0.680412371134
文+在+寅 2.0 0.420600845199 0.318181818182 0.261430235247 0.906392739972 0.2748341624 0.0298507462687 1.0 0.0 0.375 0.288659793814
两+国+关系 3.0 0.362037403453 0.454545454545 0.238998569293 0.929288402412 0.393633213723 0.0298507462687 1.0 0.0918465249025 0.0625 0.381443298969
韩+两+国 0.0 0.344886699103 0.318181818182 0.32516899014 0.92469082652 0.228818781698 0.0 1.0 0.0 0.166666666667 0.278350515464
韩国+外长+康京 3.0 0.173470248352 0.727272727273 0.474145313813 0.842486060133 0.0850834516204 0.0 1.0 0.189456476014 0.375 0.257731958763
韩国+总统+文 0.0 0.128330896199 0.590909090909 0.299208361696 0.828933004838 0.0840372787716 0.0 1.0 0.19213809202 0.375 0.123711340206
康京+和+表示 0.0 0.0912397671125 0.590909090909 0.606805388384 0.696891062357 0.072809527428 0.0 1.0 0.0611503771033 1.0 0.0412371134021
中方+重视+韩方 0.0 0.0908248957296 0.727272727273 0.625845871451 0.408302625229 0.0659868504522 0.0 1.0 0.122231407032 1.0 0.0824742268041
加入+美国+反导 0.0 0.14743210753 0.727272727273 0.48283620261 0.741788921678 0.104136637216 0.0 1.0 0.0434420641599 0.375 0.247422680412
美国+反导+体系 0.0 0.134081553536 0.727272727273 0.470609566837 0.724988881792 0.0837459132475 0.0 1.0 0.0458266175657 0.375 0.20618556701
希望+韩方+继续 0.0 0.112367172811 0.727272727273 0.501215635934 0.480554476931 0.0505088982677 0.0 1.0 0.0838945292431 0.375 0.0824742268041
韩方+继续+妥善 0.0 0.101596034271 0.727272727273 0.501215635934 0.480554476931 0.022287248369 0.0 1.0 0.0747793061055 0.375 0.0824742268041
继续+妥善+处理 0.0 0.156124173359 0.727272727273 0.480134339638 0.573494183921 0.11055509603 0.0149253731343 1.0 0.0486471348479 0.375 0.123711340206
韩+中+关系 3.0 0.253659115126 0.454545454545 0.428592471959 0.862288474297 0.361627479498 0.0 1.0 0.0918465249025 0.375 0.0721649484536
两+国+领导人 2.0 0.13008347279 0.590909090909 0.512629794849 0.698933935564 0.184938592357 0.0 1.0 0.00781518155003 0.375 0.0721649484536
认识+到+中方 0.0 0.0959654747682 0.590909090909 0.878169375426 0.366332386553 0.0388580447768 0.0 1.0 0.0695102338654 1.0 0.113402061856
立场+和+关切 0.0 0.176392874248 0.590909090909 0.818253321986 0.442227272078 0.0777807802202 0.0 1.0 0.0428557613158 1.0 0.134020618557
表示+在+韩国 0.0 0.0959654747682 0.590909090909 0.878169375426 0.366332386553 0.0 0.0 1.0 0.229416364474 1.0 0.113402061856
本来+的+部署 0.0 0.0959654747682 0.590909090909 0.878169375426 0.366332386553 0.0 0.0 1.0 0.0508290698932 1.0 0.113402061856
损害+中方+战略 0.0 0.134642694367 0.727272727273 0.813221151142 0.494148049356 0.0515280633839 0.0 1.0 0.0958434257761 1.0 0.175257731959
中方+战略+安全 3.0 0.134642694367 0.727272727273 0.813221151142 0.494148049356 0.0376772182358 0.0 1.0 0.114183908912 1.0 0.175257731959
达成+一些+共识 0.0 0.0907770567478 0.727272727273 0.561371877636 0.426023277338 0.0819060399118 0.0 1.0 0.0266237254722 1.0 0.0618556701031
中国+外交部+发言人 3.0 0.126893623523 1.0 0.25918308603 0.872216721936 0.092849238326 0.0 1.0 0.14573691518 0.166666666667 0.20618556701
扫除+中+韩 0.0 0.107615174184 0.454545454545 0.628722947525 0.541815074123 0.0159671513654 0.0 1.0 0.00288781665563 0.375 0.0721649484536
韩+关系+发展 0.0 0.146859747639 0.590909090909 0.657514723143 0.616680566866 0.119717410852 0.0149253731343 1.0 0.141635887183 0.375 0.123711340206
改善+和+发展 0.0 0.0908248957296 0.590909090909 0.593970307691 0.554466496383 0.123742282487 0.0 1.0 0.0648762125874 0.375 0.0824742268041
朝鲜+半岛+问题 2.0 0.109802044759 0.727272727273 0.804647715479 0.354041214344 0.161842353128 0.0 1.0 0.119194274216 1.0 0.123711340206
国会+质询+时 0.0 0.0800537571891 0.590909090909 0.507081653487 0.474854672882 0.066706001623 0.0 1.0 0.00948447695275 0.375 0.0824742268041
政府+不+加入 0.0 0.0857525472235 0.590909090909 0.547472348668 0.621947127168 0.0389850945851 0.0 1.0 0.0322130884034 0.375 0.0927835051546
体系+的+现有 0.0 0.0959654747682 0.590909090909 0.480035261215 0.588440747714 0.0450533074157 0.0 1.0 0.0147517264986 0.375 0.113402061856
立场+没有+变化 0.0 0.0959654747682 0.727272727273 0.446622755 0.653113597157 0.100088290137 0.0298507462687 1.0 0.0470957244049 0.375 0.113402061856
美+日+安全 0.0 0.151491522811 0.454545454545 0.482220288159 0.766266900243 0.0814038812615 0.0 1.0 0.0284830710504 0.375 0.226804123711
日+安全+合作 0.0 0.151491522811 0.590909090909 0.482220288159 0.766266900243 0.0641286817304 0.0 1.0 0.0711465119821 0.375 0.226804123711
韩国+政府+未 0.0 0.0800537571891 0.590909090909 0.510207977494 0.572533826385 0.0 0.0 1.0 0.210990813839 0.375 0.0824742268041
政府+未+考虑 0.0 0.0800537571891 0.590909090909 0.510207977494 0.572533826385 0.0 0.0 1.0 0.03377975358 0.375 0.0824742268041
未+考虑+追加 0.0 0.11096524034 0.590909090909 0.471683598803 0.58832717423 0.0777457369419 0.044776119403 1.0 0.0232757753207 0.375 0.103092783505
考虑+追加+部署 0.0 0.17628357443 0.727272727273 0.491913834778 0.748078818709 0.134975029011 0.044776119403 1.0 0.065679228106 0.375 0.19587628866
外交部+发言人+华 0.0 0.0910460393931 0.863636363636 0.517469658304 0.581046905788 0.100398736861 0.0 1.0 0.0387138389168 0.375 0.134020618557
发言人+华+春莹 3.0 0.0959654747682 0.727272727273 0.503669574849 0.571574740429 0.13209053991 0.0 1.0 0.0119050719314 0.375 0.113402061856
方面+的+表态 0.0 0.0800537571891 0.590909090909 0.549726473082 0.531416973697 0.0 0.0 1.0 0.0184162305624 0.375 0.0824742268041
中方+一贯+反对 0.0 0.0790310727926 0.727272727273 0.570786999971 0.406371653718 0.0 0.0 1.0 0.0798926378591 0.375 0.0618556701031
一贯+反对+美国 0.0 0.0790310727926 0.727272727273 0.570786999971 0.406371653718 0.0 0.0 1.0 0.0359932401911 0.375 0.0618556701031
美国+在+韩国 0.0 0.123892516097 0.590909090909 0.382884648215 0.791286199699 0.0637720234552 0.0 1.0 0.21012382734 0.375 0.164948453608
韩方+把+上述 0.0 0.085146875577 0.590909090909 0.56291618022 0.443350988504 0.0164159975152 0.0 1.0 0.0528902428281 0.375 0.0721649484536
上述+承诺+落到实处 0.0 0.085146875577 1.0 0.56291618022 0.443350988504 0.0 0.0 1.0 0.0210426848023 0.375 0.0721649484536
妥善+处理+相关 0.0 0.11096524034 0.727272727273 0.473362851938 0.519967962968 0.0268669918692 0.0 1.0 0.0465622520364 0.375 0.103092783505
处理+相关+问题 0.0 0.11096524034 0.727272727273 0.473362851938 0.519967962968 0.0268669918692 0.0 1.0 0.118000651494 0.375 0.103092783505
推动+中+韩 0.0 0.191921631463 0.454545454545 0.522477185803 0.726037739874 0.106510928546 0.0149253731343 1.0 0.0257928109184 0.166666666667 0.268041237113
韩+关系+早日 0.0 0.0910460393931 0.590909090909 0.535253268257 0.578004494662 0.0263764036158 0.0 1.0 0.105791824967 0.375 0.103092783505
关系+早日+重 0.0 0.0910460393931 0.590909090909 0.517364153813 0.555001182104 0.0582016985624 0.0 1.0 0.105791824967 0.375 0.103092783505
早日+重+回 0.0 0.0910460393931 0.454545454545 0.517364153813 0.555001182104 0.0323306122469 0.0 1.0 0.0139453000645 0.375 0.103092783505
重+回+平稳 0.0 0.0910460393931 0.454545454545 0.517364153813 0.555001182104 0.0161653061234 0.0 1.0 0.00331500246662 0.375 0.103092783505
回+平稳+健康 0.0 0.0910460393931 0.590909090909 0.517364153813 0.555001182104 0.0203403145995 0.0 1.0 0.0124771383126 0.375 0.103092783505
平稳+健康+发展 0.0 0.0739127262739 0.727272727273 0.56291618022 0.443350988504 0.0 0.0 1.0 0.0574749760568 0.375 0.0721649484536
健康+发展+轨道 0.0 0.0739127262739 0.727272727273 0.56291618022 0.443350988504 0.0 0.0 1.0 0.066804645021 0.375 0.0721649484536
驻+韩+美军 2.0 0.196490912344 0.454545454545 0.159222552775 0.689940858158 0.20760255746 0.0149253731343 1.0 0.00896284994483 0.375 0.0618556701031
记者会+上+表示 0.0 0.0857525472235 0.727272727273 0.428385971078 0.788484787608 0.124808484313 0.0 1.0 0.0419051013479 0.375 0.0927835051546
美国+反导+系统 2.0 0.0847528973936 0.727272727273 0.0590936426454 0.764936857272 0.195088867228 0.0 1.0 0.0663858106468 0.375 0.0515463917526
推动+两+国 0.0 0.127146318551 0.454545454545 0.448129493213 0.714662540027 0.0801558178156 0.0 1.0 0.0257928109184 0.375 0.0927835051546
两+国+外交部 3.0 0.0847528973936 0.590909090909 0.49283066314 0.533734056868 0.113742476409 0.0 1.0 0.0301282289257 0.375 0.0515463917526
商定+通过+两 0.0 0.143355447814 0.590909090909 0.762890378691 0.428336894029 0.0584878684641 0.0597014925373 1.0 0.0239416816797 1.0 0.144329896907
两+军+渠道 0.0 0.145903056708 0.454545454545 0.765657437325 0.450551790204 0.0695201637031 0.0597014925373 1.0 0.0101656318292 1.0 0.154639175258
韩+关系+出现 0.0 0.0912397671125 0.590909090909 0.365804145417 0.837785978061 0.105540930606 0.0298507462687 1.0 0.0935040933502 0.375 0.0412371134021
中+韩+双方 0.0 0.321231832761 0.454545454545 0.665067470966 0.677834633525 0.248526114574 0.0597014925373 1.0 0.0587988983298 0.375 0.319587628866
改善+中+韩 0.0 0.102523040703 0.454545454545 0.451050453644 0.748491536355 0.238260414358 0.0149253731343 1.0 0.0150868503065 0.375 0.0618556701031
推动+双边+关系 3.0 0.12170739664 0.727272727273 0.615879667298 0.539074312432 0.0427398644973 0.0 1.0 0.132754351785 0.375 0.0515463917526
领域+交流+合作 0.0 0.177209133609 0.727272727273 0.70133582845 0.619157921543 0.0980922614818 0.0 1.0 0.127266892045 0.166666666667 0.20618556701
交流+合作+早日 0.0 0.161475826761 0.727272727273 0.712905342472 0.607442726817 0.0569377652712 0.0149253731343 1.0 0.115489700166 0.166666666667 0.19587628866
合作+早日+回到 0.0 0.146668079093 0.727272727273 0.712905342472 0.607442726817 0.0207498207199 0.0 1.0 0.0786347134573 0.166666666667 0.19587628866
早日+回到+正常 0.0 0.197457673772 0.727272727273 0.61610318988 0.6836739653 0.0926169929896 0.0 1.0 0.0426532944629 0.166666666667 0.278350515464
回到+正常+发展 0.0 0.214037519818 0.727272727273 0.622730313844 0.683824905228 0.0748056497373 0.0 1.0 0.0699200763227 0.166666666667 0.288659793814
正常+发展+轨道 0.0 0.214037519818 0.727272727273 0.622730313844 0.683824905228 0.0561882317425 0.0 1.0 0.0723716987987 0.166666666667 0.288659793814
中方+从+维护 0.0 0.0739127262739 0.590909090909 0.929687513758 0.232092759451 0.0 0.0 1.0 0.0695102059827 1.0 0.0721649484536
安全+的+立场 0.0 0.0800537571891 0.590909090909 0.941846712444 0.208227743944 0.0 0.0 1.0 0.0575981756818 1.0 0.0824742268041
反对+在+韩国 0.0 0.0959654747682 0.590909090909 0.90764454904 0.314785537462 0.0377206797282 0.0 1.0 0.197099516905 1.0 0.113402061856
解决+朝+核 0.0 0.213311540334 0.454545454545 0.633138982197 0.625125093006 0.148021322086 0.0 1.0 0.0180793763909 0.375 0.175257731959
中+两+国 0.0 0.0987283086261 0.318181818182 0.520074050457 0.666511061517 0.115989697366 0.0 1.0 0.0 0.0625 0.0309278350515
推动+各个+领域 0.0 0.126042665474 0.727272727273 0.742497156246 0.547940239445 0.0178458786404 0.0 1.0 0.0525790396826 0.166666666667 0.144329896907
双方+表示+高度 0.0 0.0800537571891 0.727272727273 0.936582813781 0.303445441644 0.041039993788 0.0 1.0 0.10252057057 0.375 0.0824742268041
表示+高度+重视 0.0 0.0800537571891 0.727272727273 0.936582813781 0.303445441644 0.0328319950304 0.0 1.0 0.0546625166531 0.375 0.0824742268041
高度+重视+中 0.0 0.0800537571891 0.590909090909 0.936582813781 0.303445441644 0.0164159975152 0.0 1.0 0.0188781795521 0.375 0.0824742268041
重视+中+韩 0.0 0.0800537571891 0.454545454545 0.936582813781 0.303445441644 0.0 0.0 1.0 0.0109408444123 0.375 0.0824742268041
愿+根据+双边 0.0 0.0910460393931 0.590909090909 0.803386528998 0.418309740108 0.0 0.0 1.0 0.0210309697184 0.166666666667 0.103092783505
双边+共同+文件 2.0 0.0910460393931 0.727272727273 0.803386528998 0.418309740108 0.0 0.0 1.0 0.0463427984736 0.166666666667 0.103092783505
文件+的+精神 0.0 0.0910460393931 0.590909090909 0.803386528998 0.418309740108 0.0 0.0 1.0 0.00922740589426 0.166666666667 0.103092783505
中+韩+战略 3.0 0.10053761904 0.454545454545 0.763908681011 0.478497496194 0.0271910011886 0.0 1.0 0.0215033791498 0.166666666667 0.123711340206
韩+战略+合作 3.0 0.10053761904 0.590909090909 0.763908681011 0.478497496194 0.0135955005943 0.0 1.0 0.0641668200815 0.166666666667 0.123711340206
战略+合作+伙伴 0.0 0.120766898963 0.727272727273 0.710172195304 0.605653331029 0.0831636654275 0.0 1.0 0.0698618777423 0.166666666667 0.154639175258
合作+伙伴+关系 2.0 0.113736562288 0.727272727273 0.752795309387 0.498899309325 0.0438511621382 0.0 1.0 0.140205023495 0.166666666667 0.134020618557
伙伴+关系+发展 0.0 0.10053761904 0.727272727273 0.763908681011 0.478497496194 0.00679775029714 0.0 1.0 0.147330944844 0.166666666667 0.123711340206
加强+两+国 0.0 0.109802044759 0.454545454545 0.743661419783 0.49508508217 0.0224918085494 0.0 1.0 0.0119232774334 0.166666666667 0.123711340206
两+国+交流 0.0 0.109802044759 0.454545454545 0.743661419783 0.49508508217 0.0127046531414 0.0 1.0 0.052831809849 0.166666666667 0.123711340206
国+交流+合作 0.0 0.109802044759 0.590909090909 0.743661419783 0.49508508217 0.0063523265707 0.0 1.0 0.105201939225 0.166666666667 0.123711340206
交流+合作+符合 0.0 0.109802044759 0.727272727273 0.743661419783 0.49508508217 0.00880296079884 0.0 1.0 0.105478236603 0.166666666667 0.123711340206
合作+符合+双方 0.0 0.105565063449 0.727272727273 0.740368228969 0.482138815488 0.0 0.0 1.0 0.112945913672 0.166666666667 0.113402061856
符合+双方+共同 0.0 0.205444655737 0.727272727273 0.663770634374 0.600497746582 0.0934285363229 0.0 1.0 0.09775655006 0.166666666667 0.175257731959
双方+共同+利益 0.0 0.17520745596 0.727272727273 0.669464023187 0.606814550372 0.0759233116036 0.0 1.0 0.111204823246 0.166666666667 0.185567010309
外交部+发言人+耿爽 3.0 0.0857525472235 1.0 0.341523573671 0.837765673615 0.160721165718 0.0 1.0 0.0394705596171 0.166666666667 0.0927835051546
约+合+人民币 0.0 0.0790310727926 0.590909090909 0.424495944195 0.711177637289 0.165382957444 0.0 1.0 0.0255751366718 0.375 0.0618556701031
双边+关系+早日 0.0 0.117173473886 0.727272727273 0.600275940768 0.499386023778 0.022488381972 0.0 1.0 0.120906840932 0.375 0.0412371134021
关系+早日+回到 0.0 0.126015008613 0.727272727273 0.534203752904 0.565365709429 0.0460650480654 0.0 1.0 0.115984873922 0.375 0.0618556701031
导弹+防御+系统 2.0 0.114269024658 0.727272727273 0.0635776189554 0.851875726046 0.188310577011 0.0 1.0 0.0444680897246 0.375 0.0618556701031
10月+31日+报道 0.0 0.0970710638091 0.636363636364 0.320083553947 0.777284883419 0.167422443894 0.0 1.0 0.0997203051206 0.375 0.0515463917526
双方+认为+加强 0.0 0.0961009900556 0.727272727273 0.735351435235 0.388811539956 0.0405592534936 0.0 1.0 0.0785659577862 0.375 0.0927835051546
认为+加强+两 0.0 0.0961009900556 0.590909090909 0.735351435235 0.388811539956 0.0257010879142 0.0 1.0 0.0197670594564 0.375 0.0927835051546
立场+是+明确 0.0 0.0790310727926 0.590909090909 0.340772467089 0.646113754081 0.0676207274387 0.0 1.0 0.0374210491187 0.375 0.0618556701031
关系+发展+障碍 0.0 0.0912397671125 0.727272727273 0.697965428793 0.414893753758 0.0 0.0 1.0 0.145652612301 0.375 0.0412371134021
韩+双方+日前 0.0 0.0800537571891 0.590909090909 0.882633743922 0.229354522738 0.0424767708719 0.0 1.0 0.0629753404823 1.0 0.0824742268041
报道+韩媒+称 0.0 0.104206620499 0.590909090909 0.165661602064 0.668927978386 0.105814502403 0.0 1.0 0.0706636614133 0.166666666667 0.0412371134021
货币+互换+协议 3.0 0.534512847708 0.727272727273 0.433216225041 0.846666620285 0.318995284325 0.0597014925373 1.0 1.0 0.166666666667 0.0721649484536
日前+通过+中国 0.0 0.0739127262739 0.727272727273 0.894332971822 0.270375897706 0.0134432439248 0.0 1.0 0.140075284265 1.0 0.0721649484536
中国+外交部+部长 3.0 0.104785660579 0.863636363636 0.724754717038 0.593622562977 0.0853801377422 0.0 1.0 0.139223743767 0.375 0.134020618557
外交部+部长+助理 3.0 0.122687463996 0.863636363636 0.724754717038 0.593622562977 0.129732035286 0.0 1.0 0.0411425337836 0.375 0.134020618557
部长+助理+孔铉佑 3.0 0.0959654747682 0.863636363636 0.84250017253 0.390940327243 0.0479443833481 0.0 1.0 0.0150041096051 0.375 0.113402061856
孔铉佑+同+韩国 0.0 0.0800537571891 0.727272727273 0.802806761984 0.409277027279 0.0 0.0 1.0 0.189397973018 0.375 0.0824742268041
韩国+国家+安保室 2.0 0.104785660579 0.863636363636 0.769811677969 0.480527069482 0.0517656017535 0.0 1.0 0.190686273666 0.375 0.134020618557
安保室+第二+次 0.0 0.104785660579 0.727272727273 0.769811677969 0.480527069482 0.026011408068 0.0 1.0 0.00867013629123 0.375 0.134020618557
次+长+南官杓 3.0 0.104785660579 0.590909090909 0.769811677969 0.480527069482 0.0436845098821 0.0 1.0 0.00443077804086 0.375 0.134020618557
长+南官杓+之间 0.0 0.0739127262739 0.727272727273 0.894332971822 0.270375897706 0.0 0.0 1.0 0.0117715688721 1.0 0.0721649484536
之间+的+渠道 0.0 0.0800537571891 0.590909090909 0.89948097597 0.284217848477 0.0344114024989 0.0 1.0 0.0161834056704 1.0 0.0824742268041
问题+等+进行 0.0 0.0959654747682 0.590909090909 0.88111607256 0.319162852806 0.0438691853917 0.0 1.0 0.11756570845 1.0 0.113402061856
进行+了+外交 0.0 0.0959654747682 0.590909090909 0.901931841726 0.316319804826 0.0251309384214 0.0 1.0 0.0462539350539 1.0 0.113402061856
外交+部门+间 0.0 0.104785660579 0.590909090909 0.82223200364 0.432952682621 0.0433755550025 0.0 1.0 0.0234911258373 0.375 0.134020618557
部门+间+沟通 0.0 0.104785660579 0.590909090909 0.82223200364 0.432952682621 0.0239736878877 0.0 1.0 0.0378552447108 0.375 0.134020618557
双方+再次+确认 0.0 0.0800537571891 0.727272727273 0.954952753596 0.121753096752 0.0397574176045 0.0 1.0 0.0677943644994 1.0 0.0824742268041
再次+确认+实现 0.0 0.0800537571891 0.727272727273 0.954952753596 0.121753096752 0.049402193446 0.0 1.0 0.0158019115426 1.0 0.0824742268041
实现+朝鲜+半岛 0.0 0.0739127262739 0.727272727273 1.0 0.0762293892751 0.0280511350094 0.0 1.0 0.0377909352081 1.0 0.0721649484536
朝鲜+半岛+无核化 2.0 0.0739127262739 0.863636363636 1.0 0.0762293892751 0.0244807080541 0.0 1.0 0.0343132324876 1.0 0.0721649484536
问题+的+原则 0.0 0.0800537571891 0.590909090909 0.954952753596 0.121753096752 0.0 0.0 1.0 0.0917425709525 1.0 0.0824742268041
外交+手段+推动 0.0 0.0800537571891 0.727272727273 0.954952753596 0.121753096752 0.0 0.0 1.0 0.0460195982732 1.0 0.0824742268041
手段+推动+解决 0.0 0.0800537571891 0.727272727273 0.954952753596 0.121753096752 0.0 0.0 1.0 0.0472009636799 1.0 0.0824742268041
表示+为此+进一步 0.0 0.0800537571891 0.863636363636 0.954952753596 0.121753096752 0.0 0.0 1.0 0.0456572155127 1.0 0.0824742268041
进一步+加强+战略 0.0 0.0800537571891 0.863636363636 0.954952753596 0.121753096752 0.0 0.0 1.0 0.0401099004744 1.0 0.0824742268041
加强+战略+沟通 3.0 0.0800537571891 0.727272727273 0.954952753596 0.121753096752 0.0 0.0 1.0 0.0646887864408 1.0 0.0824742268041
沟通+和+合作 3.0 0.0910460393931 0.590909090909 0.931261393492 0.179483462128 0.0431735345819 0.0 1.0 0.0739255707893 1.0 0.103092783505
关系+等+进行 0.0 0.117173473886 0.590909090909 0.740083259736 0.403826706631 0.0423472271106 0.0298507462687 1.0 0.121202448972 0.375 0.0412371134021
注意+到+韩方 0.0 0.0800537571891 0.590909090909 0.953855866199 0.170650235354 0.00326246874205 0.0 1.0 0.0524424917087 1.0 0.0824742268041
表明+的+立场 0.0 0.0800537571891 0.590909090909 0.953855866199 0.170650235354 0.0 0.0 1.0 0.0350114929969 1.0 0.0824742268041
希望+韩方+妥善 0.0 0.0857525472235 0.727272727273 0.873074094501 0.23220615919 0.0 0.0 1.0 0.0897510968923 1.0 0.0927835051546
韩方+妥善+处理 0.0 0.0857525472235 0.727272727273 0.873074094501 0.23220615919 0.0108002395317 0.0 1.0 0.0848254214823 1.0 0.0927835051546
处理+有关+问题 0.0 0.0857525472235 0.727272727273 0.876723446162 0.266004229786 0.00600644122938 0.0 1.0 0.127413468482 1.0 0.0927835051546
双方+就+中 0.0 0.114269024658 0.454545454545 0.868197262034 0.396154131665 0.0783697499739 0.044776119403 1.0 0.0587988983298 1.0 0.0618556701031
韩+中国+游客 0.0 0.169040887435 0.590909090909 0.644862937008 0.691603089402 0.214496124181 0.0 1.0 0.164200722743 0.375 0.0412371134021
国家+的+安全 0.0 0.117173473886 0.590909090909 0.100625206026 0.328309864741 0.133697463023 0.0 1.0 0.0480525794375 0.166666666667 0.0412371134021
中国+游客+锐减 3.0 0.10758537334 0.727272727273 0.572504569621 0.442527671294 0.14602915248 0.0 1.0 0.208048302962 0.375 0.020618556701
首尔+市内+酒店 0.0 0.149483927938 0.727272727273 0.942795649296 0.193851315452 0.143574610967 0.0 1.0 0.36385144373 0.375 0.0
