4
19 18 5 1 2
中国地震局预报研究员陈会忠认为，“巴颜喀拉板块以长条形从新疆帕米尔高原一直延伸到四川的龙门山断层，是近几十年来地震最为活跃的地区，汶川地震、芦山地震、玉树地震都与此相关。严格来说，南北地震带随时都有发生强烈地震的危险，实际上四川、云南都比较活跃，基本每年都有6级以上的地震，每隔5年到10年就有7级地震，说明南北地震带还是非常活跃的。”而中国科学院地质与地球物理研究所研究员秦四清也表示，九寨沟地震与汶川地震为同一岩石破坏过程中的事件，“显然两次地震密切相关”。
19 19 5 2 2
此外，多位地震专家还表示，南北地震带南起云南和四川，向北从甘南延伸至陕西、宁夏、内蒙古西部、新疆东部最后到贝尔加尔湖，这一地震带上发生强烈地震的可能性仍很大。
19 20 6 1 1
针对公众关心的本次九寨沟地震是否与汶川地震有关的疑问，陈会忠表示，“如果说两个地震之间的联系，我只能说汶川地震和九寨沟地震都是发生在巴颜喀拉板块的边缘地带。”陈会忠解释称，除了印度洋板块、欧亚板块等全世界几大一级板块外，科学上还有二级板块的概念，中国内陆分为六大二级板块，其中巴颜喀拉板块是近10年来地震活动最为活跃的地区。
19 21 7 1 6
对此，中国灾害防御协会灾害史专业委员会主任、中国地震局地质研究所研究员高建国表示认同，“当然有两种说法，还有的说没有联系，我认为是有联系的，汶川地震不是点源地震而是线源地震，九寨沟也位于汶川地震的九度烈度主震区。”而中国科学院地质与地球物理研究所研究员秦四清也表示，“只要是发生在同一个区的地震，都有直接或间接的关联。”秦四清表示，岩石力学实验表明，岩石变形破坏过程可分为微裂纹闭合阶段、弹性变形阶段、稳定破裂阶段（开始产生微裂隙）、非稳定破裂阶段（微裂隙丛集）和峰后共5个阶段。
3
19 22 7 2 6
加载时，岩石破裂导致声发射（微破裂或微震）事件发生。
19 23 7 3 6
加载初期，微破裂在空间呈现均匀分布特征，当加载至体积膨胀点时，微破裂丛集，震群事件开始发生，震群事件是岩石宏观破裂前监测技术可识别的唯一地震活动性前兆。
19 24 7 4 6
峰值强度点以前发生的系列破裂事件标志着岩石处于能量积累阶段，峰值强度点及以后发生的系列破裂事件标志着岩石处于能量释放阶段。
3
19 38 10 2 4
据介绍，中国地震局年初已将甘青川交界列入《2017年度全国地震重点危险区》。
19 39 10 3 4
年度预报有一定察觉，认为甘青川交界可能发生6.5级以上地震，但没有短临预测，也就是说，近3个月内并未发现地震活动异常。
19 40 10 4 4
中国地震局的专家坦言，地震预测是世界公认的科学难题，中国的地震预测水平较低，年度预报成功率在20%～30%，短临预测成功率更低。
5
33 13 7 1 1
专家对此表示，我国地震活动处于正常活动水平。
33 14 8 1 3
张晓东给出一组统计数据：每年全球发生18次左右的7级地震，200次左右的6级地震。
33 15 8 2 3
我国每年平均发生20次左右的5级地震，4次左右的6级地震。
33 16 8 3 3
今年上半年，我国地震发生次数很低，仅有4次5级地震，所以，“公众感觉近期地震频繁并不真实”。
33 17 9 1 1
按照他的说法，四川、新疆两处地震地域差别很大，分别属于不同的地震带，九寨沟7.0级地震位于南北地震带，精河县6.6级地震位于天山地震带，有不同的构造成因，两个地震前后发生，仅仅是一种巧合。
4
57 1 1 1 2
四川九寨沟7.0级地震和新疆精河6.6级地震发生后，网络出现了对地震形势的臆测。
57 2 1 2 2
昨天，中国工程院院士陈厚群以及中国地震台网中心副主任、研究员刘杰，对我国大陆地震活动情况等社会关心的热点问题进行了解答。
57 3 2 1 1
短时间内连续发生强震，有人担心：我国是否进入了地震活跃期？对此专家表示，我国地震活动处于正常活动水平。
57 4 3 1 1
因此，连续发生强震不是一个罕见事件。
3
57 5 4 1 2
我国地震活动水平是比较高的，年均20次5级地震、3至4次6级地震、0.67次7级地震。
57 6 4 2 2
刘杰介绍，九寨沟7.0级地震前我国大陆7级地震平静已达24个月，6级地震平静已达8个月，2017年1月至7月也只发生了4次5级地震，地震活动水平是比较低的。
57 7 5 1 1
刘杰指出，这两次地震发生是对前一段低地震活动水平的补充，目前我国仍处于正常地震活动状态内。
2
57 8 6 1 3
刘杰还告诉记者，我国发生7级地震是比较常见的现象，平均3年2次7级地震。
57 9 6 2 3
根据1900年以来地震活动资料，我国地震活跃期是以7.5级大地震或7级强震群作为活动标志来划分的，如1920年宁夏海原8.5级大震、1988年云南澜沧7.6级地震、2001年昆仑山口西8.1级地震。
4
57 10 6 3 3
此次九寨沟7.0级地震，属于我国正常的地震活动。
57 11 7 1 2
四川九寨沟7.0级地震发生后，网上出现了一些对地震形势的臆测，并将此次地震与三峡大坝相联系。
57 12 7 2 2
受访专家均指出，三峡工程不可能引发九寨沟地震。
57 13 8 1 2
陈厚群介绍，九寨沟地震的震中为北纬33.20度、东经103.82度，位于岷江、塔藏、虎牙三个断裂带附近，该地区本来就是地震多发区。
4
67 1 1 1 1
我国地震近期是否进入活跃期？水库有可能引发大地震吗？11日，新华社记者采访了中国工程院院士陈厚群以及中国地震台网中心副主任、研究员刘杰，专家们对我国大陆地震活动情况等社会关心的热点问题进行了解答。
67 2 2 1 3
我国地震活动水平是比较高的，年均20次5级地震、3至4次6级地震、0.67次7级地震。
67 3 2 2 3
刘杰介绍，九寨沟7.0级地震前我国大陆7级地震平静已达24个月，6级地震平静已达8个月，2017年1月至7月也只发生了4次5级地震，地震活动水平是比较低的。
67 4 2 3 3
刘杰指出，这两次地震发生是对前一段低地震活动水平的补充，目前我国仍处于正常地震活动状态内。
2
68 1 1 1 2
8月8日和9日，我国西部四川九寨沟和新疆精河先后发生强震，引发了公众对地震活动频率、地震是否与水利工程有关等问题的关注。
68 2 1 2 2
多位地质领域专家11日接受记者采访，对公众关心的问题进行回应。
4
68 3 2 1 1
“短时间连续发生强震，在历史上并不是一个罕见事件，不能因此判断我国地震活动进入活跃期。”中国地震局台网中心副主任刘杰说，比如1955年4月14日四川康定7.5级地震后，15日新疆乌恰又发生了两次7.0级地震；1966年3月6日西藏扎达6.6级地震后，8日河北隆尧又出现6.8级地震。
68 4 3 1 3
刘杰说，我国大陆年均20次5级地震，其中6级地震3—4次，平均3年两次7级地震。
68 5 3 2 3
九寨沟7.0级地震前，我国大陆7级地震平静已达24个月，6级地震平静8个月，2017年1—7月发生4次5级地震，地震活动水平是比较低的。
68 6 3 3 3
目前我国大陆仍处于正常地震活动状态内。
3
68 7 4 1 3
“历史上，我国大陆发生7级地震是比较常见的现象。”刘杰说，国际地震界认为，2004年苏门答腊9级地震后，全球地震活动进入了相对活跃期。
68 8 4 2 3
根据1900年以来地震活动资料，我国大陆地震活跃期是以7.5级大地震或7级强震群作为活动标志来划分的，如1920年海原8.5级大地震，1988年云南澜沧7.6级地震，2001年昆仑山口西8.1级地震。
68 9 4 3 3
因此九寨沟发生的7.0级地震，可以看成我国大陆的正常地震活动。
2
68 20 9 3 4
水库诱发型地震的特点一般是震级小、震源浅、波及范围小。
68 21 9 4 4
“大型水库因蓄水会诱发一些轻微的地震活动，但这些地震基本上分布在库区及其周边区域，不可能引起几百公里外的地震。”刘杰说，九寨沟地震属于典型构造地震，即由于地球岩层断裂，发生变位错动，在地质构造上发生巨大变化而产生的地震，它与水库诱发型地震属于不同地震发生类型，机制和原理也不同。
3
70 1 1 1 2
2017年8月8日至9日，我国西部发生四川九寨沟7.0级地震和新疆精河6.6级地震。
70 2 1 2 2
短时间内连续发生强震，我国地震近期是否进入活跃期？水库有可能引发大地震吗？11日，记者采访了中国工程院院士陈厚群以及中国地震台网中心副主任、研究员刘杰，专家们对我国大陆地震活动情况等社会关心的热点问题进行了解答。
70 3 2 1 3
答：我国地震活动处于正常活动水平。
2
70 6 3 1 2
九寨沟7.0级地震前我国大陆7级地震平静已达24个月，6级地震平静已达8个月，2017年1月至7月也只发生了4次5级地震，地震活动水平是比较低的。
70 7 3 2 2
这两次地震发生是对前一段低地震活动水平的补充，目前我国仍处于正常地震活动状态内。
3
73 1 1 1 1
我国地震近期是否进入活跃期？水库有可能引发大地震吗？11日，新华社记者采访了中国工程院院士陈厚群以及中国地震台网中心副主任、研究员刘杰，专家们对我国大陆地震活动情况等社会关心的热点问题进行了解答。
73 2 2 1 2
2017年8月8日至9日，我国西部发生四川九寨沟7.0级地震和新疆精河6.6级地震。
73 3 2 2 2
短时间内连续发生强震，有人担心：我国是否进入了地震活跃期？对此专家表示，我国地震活动处于正常活动水平。
5
73 4 3 1 2
据了解，历史上短时间内连续发生强震的情况是有的，如1955年4月14日四川康定发生7.5级地震，次日新疆乌恰便两次发生7.0级地震；1966年3月6日西藏札达发生6.6级地震，8日河北隆尧发生6.8级地震；2008年10月5日新疆乌恰发生6.8级地震、10月6日西藏当雄发生6.6级地震。
73 5 3 2 2
因此，连续发生强震不是一个罕见事件。
73 6 4 1 2
我国地震活动水平是比较高的，年均20次5级地震、3至4次6级地震、0.67次7级地震。
73 7 4 2 2
刘杰介绍，九寨沟7.0级地震前我国大陆7级地震平静已达24个月，6级地震平静已达8个月，2017年1月至7月也只发生了4次5级地震，地震活动水平是比较低的。
73 8 5 1 1
刘杰指出，这两次地震发生是对前一段低地震活动水平的补充，目前我国仍处于正常地震活动状态内。
3
73 11 7 1 3
刘杰还告诉记者，我国发生7级地震是比较常见的现象，平均3年2次7级地震。
73 12 7 2 3
根据1900年以来地震活动资料，我国地震活跃期是以7.5级大地震或7级强震群作为活动标志来划分的，如1920年宁夏海原8.5级大震、1988年云南澜沧7.6级地震、2001年昆仑山口西8.1级地震。
73 13 7 3 3
此次九寨沟7.0级地震，属于我国正常的地震活动。
