2
22 15 7 2 3
这一天，中国多家电商平台都会利用这个主题来进行促销活动。
22 16 7 3 3
一些专家认为，中国电子商务巨头有意将“双十一”这一概念出口全球。
2
50 15 11 1 2
同时，中国电子商务研究中心监测数据显示，2016年中国跨境电商交易规模6.7万亿元，同比增长24%。
50 16 11 2 2
其中，出口跨境电商交易规模高达5.5万亿元，同比增长22.2%。
4
65 19 13 2 3
还有部分消费者反映，自己在“双十一”购买的秒杀产品被商家以“缺货”为由取消。
65 20 13 3 3
对此，中国电子商务研究中心特约研究员、知名IT律师赵占领表示，卖家以缺货为由解除合同缺少依据，长期来看，需要立法规范，防止个别企业以促销为名进行宣传推广，再以缺货为由取消订单。
65 21 14 1 2
2016年国家发改委受理涉及“双十一”网购节的投诉案件中，促销优惠不实是消费者投诉最为集中的问题，占比62%。
65 22 14 2 2
中国消费者协会发布的《2016年“双十一”网购商品价格体验式调查报告》显示，参加“双十一”促销活动的商品中，16.7%的商品价格在11月11日当天并不是近期低价，甚至比以往价格都要高。
1
1 44 26 1 1
中国电子商务研究中心主任曹磊认为，打击虚假宣传和价格欺诈等破坏网购环境和商业诚信的行为，要从电商平台的环境治理入手，如设置价格申报、监管电子系统，将电商所售商品的平时价格录入备案，同时对违规的商家和其所在的电商平台课以重罚。
1
41 31 17 1 3
对此情况，中国电子商务研究中心主任曹磊表示，天猫发起的这个“双十一”购物节，对商家来讲，理论上是要求半价的。
1
33 18 13 1 1
英国皇家邮政公司董事总经理尼克·兰登说：“到2020年，中国电子商务市场的规模将比美国、日本、德国、英国和法国加起来还要大。”
1
31 1 1 1 2
【环球网报道记者余鹏飞】韩国《亚洲经济》网站11月12日报道说，中国电子商务行业的年度盛事——双十一购物狂欢节告一段落，这是中韩因萨德而陷入谷底，两国关系迎来转机后的首个购物节。
2
1 18 13 1 2
中国电子商务研究中心指出，面对商家轮番促销广告，消费者需保持清醒，货比三家，对于心仪商品，关注平时销售价格，与“双十一”价格进行对比，是否存在真正的实惠。
1 19 13 2 2
对于商家先涨后降等行为可积极向平台和工商等监管部门进行举报。
3
1 36 21 1 1
同品牌的纸巾，为什么网上买的薄很多;同品牌的羊毛外套，为什么网上买的羊毛含量少很多？近年来，在电商促销中线上线下很难找到同款商品，而专供线上销售的商品被称为“电商专供”，这让消费者很难真正比价获得实惠，同时也被“专供”商品“耍的团团转”。
1 37 22 1 2
有些“电商专供”商品与实体店销售的产品看似一模一样，仔细看会发现颜色、内件配备或某些功能存在差别。
1 38 22 2 2
中国电子商务研究中心指出，实际上“电商专供”商品一般是价格较低而品质稍逊的商品，可以说“一分价钱一分货”。
2
41 24 14 2 3
来自中国电子商务研究中心发布的《2016年度中国网络零售市场数据监测报告》显示，预估2016年全网数百家淘品牌整体市场交易规模达千亿元级别，而林氏木业2016年的营收已超百亿元。
41 25 14 3 3
也就是说，“双十一”当天的销售额，几乎能够占到林氏木业全年营收的五六个百分点。
