1
74 7 4 2 2
以往每到电商购物节，电商平台之间比拼的都是让利、促销、价格；但如今，低价对于流量的吸引力已不大，更好的购物体验才是留住消费者的法宝。
4
9 1 1 1 3
中新网11月15日电九年间“双十一”已经从“光棍节”变成了“电商购物节”，再到如今的全民“消费狂欢节”。
9 2 1 2 3
今年是新零售元年，也是国美“6+1”战略落地推进的第一年，“双十一”期间，国美发挥其供应链优势，不仅在价格上继续保持特有的优势，同时全渠道推出定金翻倍、差价立赔、套购更优惠、大家电送装一体等多种深度融合的玩法，并在国美APP上推出1000余款返利总额高达3亿元的高佣金返利商品，使消费者不仅买得开心，还能额外获取收益。
9 3 1 3 3
通过线上丰富的返利活动与线下门店场景化体验的深度融合，国美为消费者打造了集“家电、家装、家居、家服务”于一体的“双十一”购物狂欢节。
9 4 2 1 6
截至11月11日晚24时，国美全渠道销售额再创新高，整体销售增长43.25%。
2
88 18 13 1 1
“相比其他电商购物节，苏宁的O2O购物节已经超脱了‘电商购物’的范畴，而是以电商为切入，联动金融、文创、体育等服务，给消费者带来全方位的升级服务。”资深互联网观察家丁道师指出。
88 19 14 1 1
而在互联网评论人士信海光看来，苏宁六大产业，产品各具特色，用户加起来起码有六亿，几乎占据了中国人口的一小半；如果将这些会员构建起全产业融合的大数据生态系统，通过大数据，可以对用户信息进行采集、画像、匹配，在精准读心的同时，可以迅速俘获高粘性的用户群，再辅以线下基础设施的智慧化与渠道整合，“苏宁已经具备参与乃至引领一场零售变革的潜能”。
1
13 1 1 1 5
“双11”开始以来，剁手党们的激情狂欢让电商购物节的交易额频创新高，而海量的订单给快递物流行业带来的是一年更比一年大的压力。
2
5 9 3 2 7
近年来，电商购物节花样百出，几乎每个电商平台都会在特定的时间推出各类购物节活动。
5 10 3 3 7
这些电商购物节以打折促销为主要形式，吸引着消费者的眼球。
1
55 1 1 1 2
[商家促销各出奇招广西水果电商错峰竞争]“双十一”电商购物节还有2天就来了，网上各路水果商也是各出奇招。
4
59 1 1 1 3
11月11日渐进，一年一度的电商购物节“双十一”的商品促销氛围越来越浓。
59 2 1 2 3
预付定金、火炬红包、满减优惠券、花呗提额+无息等花式营销，让消费者的购买欲望持续高涨。
59 3 1 3 3
同时也使得消费者在消费和理财的平衡点上失了方向，在未来的十二月份财务拮据。
59 4 2 1 2
消费者的购买行为究竟是由感性所决定还是理性所驱使，尚无定论。
3
97 7 4 2 2
这让“放心购，上苏宁易购”不再成为一句空话。
97 8 5 1 2
侯恩龙表示，今年的O2O购物节，苏宁易购“五新”成标配，新模式、新物种、新玩法、新渠道、新服务一定会给消费者带来眼前一亮的感觉。
97 9 5 2 2
他举例称，“所谓新模式，原来我们做电商购物节，包括到今天为止很多电商平台，还是要求放在仓库，所有的销售让他自己闭环完成，我认为这种方式，从模式上讲，已经走到了瓶颈了，增长越来越乏力。我们现在在做一种开放的商业模式，让所有的供应商一起把整个后台从商品选择到上架、促销、整个活动达成，打通所有环节，大家一起玩，并且变成一种全产业的模式。”
