1 7 3 2 2 0.75
《战狼2》上映后，单片拉动票房大盘迅速回温，最终收获累计票房55.8亿元，《战狼2》单片就贡献了暑期档34%的票房，同时极大程度地调动了观众的观影热情，增强了观众对国产片的信心。
1 6 3 1 2 0.541
但暑期档的陡然冲高给整个大盘带来了一场票房奇观。
1 8 4 1 2 0.613
因此，500亿元总票房中，《战狼2》一家就占去了超过十分之一，而《羞羞的铁拳》《功夫瑜伽》《西游伏妖篇》以及进口大片《速度与激情8》，位列票房榜二至五位，票房累计达85亿元。
1 9 4 2 2 0.41
可以说，头部作品占总票房的比例畸高，这是值得注意的现象。
1 11 5 2 3 0.633
《空天猎》作为策划较早、完成度较高的作品，虽然上映档期正好赶上《战狼2》开拓出市场后的余温期，但票房表现一般。
1 10 5 1 3 0.533
在《战狼2》之后，影评、市场调研纷纷立说，类似题材蜂拥而上。
1 12 5 3 3 0.436
《战狼2》的奇迹没能重演，作为一个偶然案例，其成功固然可喜，但背后的经验规律仍待研究。
2 3 1 3 3 0.615
中外影片票房过亿元的82部，其中票房过10亿元的13部。
2 2 1 2 3 0.592
其中，国产影片票房262亿元，占比达到52.4%。
2 4 2 1 5 0.643
近年来，国内电影市场持续火热，票房也持续增长。
2 5 2 2 5 0.783
2012年，全国电影票房170.73亿元，中国超越日本成为仅次于美国的第二大电影市场；2015年，全国电影票房达到440亿元；尽管2016年电影票房市场增速放缓，全国票房定格在457亿元。
2 6 2 3 5 0.662
但2017年以来，得益于暑期《战狼2》的热映，票房增速也起了变化。
2 7 2 4 5 0.469
9月5日，全国电影票房突破400亿元，相比2016年快了整整两个月。
2 8 2 5 5 0.763
其中《战狼2》单片累计票房55.8亿元，贡献了暑期档34%的票房。
3 4 3 1 2 0.767
“世界第二大电影市场”指的是票房数字，中国的年票房仅次于北美市场。
3 5 3 2 2 0.367
但在市场容量上，中国却靠两个数字坐稳了世界第一：银幕数从2012年的1.3万块增长到现在4.9万块，增幅270%；年观影人次从五年前4.66亿增长到2016年的13.72亿，增幅194%。
3 7 4 2 4 0.641
许多电影人记得，2012年好莱坞分账大片数量一下子提高七成，但中国电影不惧挑战。
3 6 4 1 4 0.479
“民族电影文化占据主导地位”的判断更值得一说。
3 8 4 3 4 0.687
今年全国总票房中，国产影片票房262亿元，占比52.4%。
3 9 4 4 4 0.613
票房过亿元影片78部，其中国产片39部。
3 14 6 2 2 0.678
从2012年票房170.73亿元到2017年11个月票房破500亿元，在节节攀升的数字里，中国电影已成为增强民族自豪感的重要文化载体。
3 13 6 1 2 0.466
年观影人次13.72亿意味着什么？2017年大年初一单日票房突破八亿元又意味着什么？在中国的广袤土地上，看电影已成为老百姓欢度假日、交流情感的重要方式。
3 22 9 1 2 0.659
2015年《战狼》，2016年《湄公河行动》，2017年《战狼2》《建军大业》等一大批口碑和票房双丰收的影片，凝结着人心所向，是人民共同的价值追求。
3 23 9 2 2 0.132
中国文艺评论家协会副主席路侃说，“这种向心力，让创作者与观赏者在艺术上彼此呼应。”
4 2 2 1 2 0.685
其中，国产影片票房262亿元，占比达到52.4％，进口影片票房238亿元。
4 3 2 2 2 0.522
中外影片票房过亿的有82部，过十亿的有13部。
4 7 6 1 1 0.733
《战狼2》单片累计票房55.8亿元，贡献了暑期档34％的票房，更重要的是在社会上引起对于国产电影的巨大关注，调动了广大观众对国产电影的观影兴趣和热情。
5 3 2 2 3 0.693
全国总票房中，国产影片票房262亿元，占比52.4%。
5 2 2 1 3 0.489
11月20日晚，人民日报消息称，2017年全国电影票房达500.2亿元，较去年同期增长15%，全国观影人次达14.48亿，较去年同期增长19%。
5 4 2 3 3 0.613
票房过亿元影片78部，其中国产片39部。
5 6 4 1 1 0.717
其中，《战狼2》总票房56.79亿元，占总票房比11%。
5 8 6 1 1 0.617
有业内人士认为，在头部国产电影的带动下，中国电影市场与美国电影市场的差距正在逐渐缩小，“尤其是在中国娱乐产业高速增长，而美国的电影市场份额增长速度缓慢，在这样的背景下，中国市场份额超越美国指日可待。”
5 12 9 1 1 0.617
例如，《故乡面参花情》票房总收入169元；《嘻哈英熊》票房总收入255元；《我的舞林江湖》票房总收入550元；《村长相声哥》票房总收入1205元；《水神娃》票房总收入1518元；《商界》票房总收入3311元；《无法触及》票房总收入3479元，等等。
7 2 2 1 2 0.663
日本Cinemart艺术院线的馆长日前精选了来自全世界的14部影片进行展映，《战狼2》荣幸地成为首部推荐影片。
7 3 2 2 2 0.609
其他华语电影还包括张家辉和古天乐主演的电影版《使徒行者》。
7 5 3 2 2 0.612
相比即将上映的吴宇森导演的《追捕》，《战狼2》是百分百的国产电影，也没有用日本的IP，值得自豪。
7 4 3 1 2 0.582
一直以来，中日两国在电影进出口上一直是“逆差”，如今年登陆内地大银幕有《哆啦A梦》、《深夜食堂2》等日本电影，但国产电影在日本上映的情况并不多见。
9 3 2 1 1 0.704
《战狼2》在上映超过一个月后，尚能票房压制了新上映《敦刻尔克》等好莱坞巨制大片，标志着中国影人同样有能力拍摄出为广大观众喜闻乐见的本土商业大片。
9 21 19 1 2 0.636
在好几部国庆档大片厮杀正酣的时候，上映了70多天的《战狼2》每天仍然有一两百万的票房收入，中秋节当天票房甚至超过200万。
9 22 19 2 2 0.491
更难得的是，在票房不断刷新纪录的同时，《战狼2》也保持着良好的口碑，在各大购票平台出现了齐刷刷的空前高分，其中猫眼更打出了9.7的超高分数。
9 24 21 1 1 0.616
《战狼2》烂番茄评分40%。
10 5 2 2 2 0.698
我国内地选择了今年夏天的票房冠军《战狼2》冲击此次“奥斯卡最佳外语片”。
10 4 2 1 2 0.411
今年有92个国家参与竞争奥斯卡，是至今为止最多的一次，创下了奥斯卡影史记录。
10 6 3 1 1 0.736
2017年暑期档的《战狼2》是一部现象级作品，票房已达到56.7亿的逆天数字，打破《美人鱼》33.9亿票房历史纪录，观影人次也打破《泰坦尼克号》1.4亿人次纪录，位居全球票房榜TOP100第55名，是全球票房排行榜前一百名里唯一的华语片。
10 7 4 1 2 0.636
在好几部国庆档大片厮杀正酣的时候，上映了70多天的《战狼2》每天仍然有一两百万的票房收入，中秋节当天票房甚至超过200万。
10 8 4 2 2 0.491
更难得的是，在票房不断刷新纪录的同时，《战狼2》也保持着良好的口碑，在各大购票平台出现了齐刷刷的空前高分，其中猫眼更打出了9.7的超高分数。
10 10 6 1 1 0.616
《战狼2》烂番茄评分40%。
12 4 2 1 1 0.73
2017年暑期档的《战狼2》是一部现象级作品，票房已达到56.7亿的逆天数字，打破《美人鱼》33.9亿票房历史纪录，观影人次也打破《泰坦尼克号》1.4亿人次纪录，位居全球票房榜TOP100第55名，成是全球票房排行榜前一百名里唯一的华语片。
12 5 3 1 2 0.636
在好几部国庆档大片厮杀正酣的时候，上映了70多天的《战狼2》每天仍然有一两百万的票房收入，中秋节当天票房甚至超过200万。
12 6 3 2 2 0.491
更难得的是，在票房不断刷新纪录的同时，《战狼2》也保持着良好的口碑，在各大购票平台出现了齐刷刷的空前高分，其中猫眼更打出了9.7的超高分数。
12 53 31 1 3 0.602
然而就是这么一部票房口碑双扑街的《大唐玄奘》，还是是经过专家评委讨论得出得以选送奥斯卡。
12 54 31 2 3 0.331
毕竟它的最大优势，在于符合“一带一路”的大背景，获得过丝绸之路电影节最佳故事奖，是“中印友好交流题材的重点影片项目之一”，黄晓明还因此受到印度总统的赞赏，为中印文化做出了重要贡献。
12 63 34 4 5 0.642
这个电影送奥斯卡参赛，是中国电影的认知耻辱。
12 62 34 3 5 0.273
如果把这个片子代表国产电影送奥斯卡参赛，我认为是有关部门领导昏庸和拍马屁习惯所致。
12 64 34 5 5 0.18
我完全不明白为什么要送这个电影参评奥斯卡，请有关部门说出理由。
13 2 1 2 2 0.726
这部影片上映两周后票房就超过了此前由《美人鱼》创下的纪录，并最终收获了逾8亿美元的总票房，成为本土票房仅次于《星球大战：原力觉醒》的影片。
13 1 1 1 2 0.511
参考消息网9月30日报道西媒称，一部主角是一名前军人、故事背景设在非洲的影片成为了中国有史以来最卖座的电影。
14 1 1 1 3 0.782
《战狼2》在香港上映后，票房打破了内地电影在港新纪录。
14 2 1 2 3 0.425
日前，香港几位大学生受访时表示，电影燃起了他们的爱国情怀。
14 4 2 1 3 0.718
9月6日，《战狼2》在香港举行首映礼，不过，这部在内地创造56亿高票房的电影却在上映之初遇冷，首日票房只有33万。
14 5 2 2 3 0.046
正当外界唱衰之时，剧情发生了反转。
14 6 2 3 3 0.715
据报道，在电影上映11天之后，《战狼2》票房竟打破了内地电影在港的新纪录。
15 1 1 1 2 0.701
新浪娱乐讯9月20日，吴宇森带着电影《追捕》受邀出席第十五届全国院线国产影片推介会暨青岛电影交博会，以华语电影人代表之一畅谈自己对当下电影市场的感受。
15 2 1 2 2 0.566
吴宇森表示，自己曾一度对中国电影市场前景担忧，好在近来国产佳作屡破票房成绩，令他坚信“我们的观众还是喜欢看自己的电影”，同时，吴宇森还赞赏了《战狼2》在暑期档的表现：“我觉得这个电影，可以看得出它的努力求新，看得出来导演惊人的创作力。”
16 2 1 2 2 0.672
然后电影终究是要靠质量说话的，在上映11天后，截止9月17日，《战狼2》票房破了内地电影在港新纪录，拿到551万港元。
16 1 1 1 2 0.553
《战狼2》在香港上映后，首日票房只有33万，排片也只有83场，可以说是遭到了冷遇。
16 3 2 1 1 0.708
有数据统计，从2015年到目前为止，纯内地电影在香港上映的最高票房未超过300万港币，这也意味着，《战狼2》创造了近几年纯内地电影在香港上映的票房新纪录。
16 6 4 1 1 0.627
中新网9月16日报道称，据《战狼2》德国发行方援引德国电影发行协会(VdF)市场负责人李普科(SabineLippke)介绍的情况，《战狼2》在德国上映首日16场的平均上座率接近7成，总票房排到了当前全德上映电影的前20。
16 7 5 1 1 0.68
德国专业电影杂志FILMSTARTS在评价《战狼2》时写道，还没有哪一部中国电影能够赚这么多钱，它在中国创造了一个票房神话，而且还在不断刷新自己的纪录。
17 2 1 2 2 0.601
《战狼2》于7月27日上映，截至目前已收获56.5亿人民币票房。
17 1 1 1 2 0.583
新浪娱乐讯有媒体曝出由吴京执导的动作军事电影《战狼2》上映时间再次延长，媒体称该片所有版本的放映时间将延长至2017年10月28日。
18 1 1 1 2 0.624
中新社柏林9月16日电（记者彭大伟）当地时间14日起，刷新中国电影票房纪录的《战狼2》开始在德国影院有规模地点映。
18 2 1 2 2 0.003
其发行方目前已拿到了包括德国、奥地利、荷兰和比利时等多个欧洲国家的发行权。
18 3 2 1 3 0.645
《战狼2》是今年暑期档的“现象级”电影。
18 4 2 2 3 0.454
截至9月1日，其单片票房已高达55亿元人民币。
18 5 2 3 3 0.678
据悉，此次在德国上映的《战狼2》电影为OMU版本，即电影中文原声配德文字幕，以同时满足中国和德国观众群体的需求。
18 11 6 1 2 0.684
“我们期待《战狼2》在德国发行票房取得好成绩，但保持谨慎乐观。”胡旭东表示，中国的高票房不代表在欧洲的高票房，因为中国电影在欧洲的市场还没有培育成型。
18 12 6 2 2 0.519
他同时认为，德国有十五六万华侨华人，他们渴望能在德国看到高质量的中国电影；德国观众和德国院线也对中国电影越来越感兴趣，这为中国电影以市场化的运作方式进入德国提供了空间。
18 13 7 1 1 0.689
据《战狼2》德国发行方援引德国电影发行协会（VdF）市场负责人李普科（SabineLippke）介绍的情况，《战狼2》在德国上映首日16场的平均上座率接近7成，总票房排到了当前全德全部上映电影的前20。
18 14 8 1 1 0.68
德国专业电影杂志FILMSTARTS在评价《战狼2》时写道，还没有哪一部中国电影能够赚这么多钱，它在中国创造了一个票房神话，而且还在不断刷新自己的纪录。
19 1 1 1 3 0.698
今年的中国电影市场，《战狼2》注定是绕不开的话题。
19 2 1 2 3 0.457
在今年内，56亿的票房神话恐怕难以再被复制。
20 1 1 1 3 0.654
新浪娱乐讯截至9月12日，上映48天的《战狼2》已经斩获56.3亿票房，成为中国电影史新的市场奇迹。
20 2 1 2 3 0.063
12日，中国电影资料馆举行了一场以《战狼2》为主题的学术研讨会，国家新闻出版广电总局电影局副局长李国奇、制片处副处长高山，以及胡智峰、陈旭光、高雄杰、索亚斌、詹庆生、李镇、刘藩、左衡、虞晓等知名学者共同参加了研讨会。
20 13 7 2 3 0.6
索亚斌认为，《战狼2》是香港的商业电影、美国的商业电影经验和内地传统主旋律电影的一种结合，主角是小人物也是英雄，并且很有个性。
20 12 7 1 3 0.563
索亚斌谈论了两方面观点，一个是中国电影超级英雄的塑造，还有一个是对《战狼2》的市场分析。
20 14 7 3 3 0.507
市场方面，索亚斌称在今年暑期档里，《战狼2》与《二十二》“阴阳相成”：“有人说‘大树底下不长草’，《战狼2》席卷了一切票房，但《二十二》是唯一的例外，在投入产出比上，可能《二十二》更具有爆炸性的成功。《战狼2》和《二十二》两个片子之间，《二十二》不是全身而退，而是受惠于《战狼2》。这两个片有相似的地方，同样有战争的背景，有中国和其他国家的关系，不是关注国家的层面，而是关注个人的层面，尤其都有体制边缘小人物的身份和命运。”
21 1 1 1 1 0.641
改编自斯蒂芬金小说的恐怖片《小丑回魂》又双叒叕破纪录了！影片本周一北美单日砍下880万美元票房，打破由《第六感》创下的637万美元的9月单日票房纪录。
21 2 2 1 2 0.723
同时《小丑回魂》也有望成为史蒂芬·金所有33部电影改编作品中票房最高的一部。
21 3 2 2 2 0.493
《小丑回魂》也即将超过《绿里奇迹》的1.36亿美元，指日可待。
21 5 3 2 2 0.629
不仅在香港成为超人气，在北美从开画就占据榜首，《小丑回魂》北美首周3天票房已达1.17亿美元，在9月所有的上映影片中首映票房位列名头。
21 4 3 1 2 0.554
已经在香港上映的《小丑回魂》目前人气最高，口碑第一，超越了《摔跤吧！爸爸》《美国任务》和《战狼2》。
22 1 1 1 3 0.714
吴京的《战狼2》在内地收获56亿票房打破纪录后，在9月7日登陆香港。
22 2 1 2 3 0.597
首日上映只有83场排片，票房33万，不敌《摔跤吧！爸爸》和汤姆·克鲁斯主演的《美国任务》，国内媒体大呼《战狼2》香港遇冷。
22 6 3 1 2 0.601
从香港票房的实时分析来看，7日上映后《战狼2》的呼声一般，到了周末两天关注度上升，票房开始增加。
22 7 3 2 2 0.627
首日票房33万，次日36万，周六71万，周日94万，票房在持续发酵中，有网友发帖称《战狼2》在香港再现逆跌戏码，预计超500万无压力。
23 1 1 1 2 0.673
新浪娱乐讯年度票房黑马《战狼2》不仅展现了中国军人的热血，更是向世界展示了中国医生的大爱无私。
23 2 1 2 2 0.562
本周五晚十点，湖南卫视《天天向上》“行业榜样”系列之“中国医生”强势登陆，《战狼2》女主角卢靖姗温情助阵，分享《战狼2》幕后惊险故事，与中国援非医疗队一同讲述非洲战场上难忘的硝烟战火。
23 3 2 1 10 0.69
2017年，电影《战狼2》一路领跑国内电影票房，同时也让人们对于中国援非医疗队这一群体有了更多的好奇。
23 4 2 2 10 0.518
本周《天天向上》“行业榜样”系列节目将中国医生从幕后拉到了台前，作为《战狼2》中扮演中国援非医生瑞秋的卢靖姗温暖助阵，与天天兄弟分享在非洲拍摄的故事。
24 5 2 1 2 0.642
《战狼2》在内地上映一个半月后，已取得超过56亿票房的中国电影史上最好成绩，出品方早已赚得盆满钵满。
24 6 2 2 2 0.368
在已上映一个多月后，为什么还要特意在香港安排上映呢？据主办方透露，把香港作为《战狼2》阶段性收官的最后一站，有着更为特殊的意义。
24 26 8 2 3 0.735
2015年起，纯内地电影在香港上映的最高票房未超过300万港币，绝大部分影片以几十万港币的票房告终。
24 25 8 1 3 0.51
香港一直都未成为内地电影的主要票仓。
24 27 8 3 3 0.53
截止于2017年9月10日，《战狼2》在香港的票房包括预售在内，已突破250万港币，影院排片增加至123场。
24 31 10 1 1 0.738
就目前的势头来看，《战狼2》即将创造纯内地电影在香港上映的票房新纪录，我们拭目以待。
27 2 1 2 2 0.708
9月8日，根据猫眼票房显示，目前《战狼2》票房已经突破56亿元大关，在全球电影票房榜中排行57名，同时也冲进了全球票房年度前五。
27 1 1 1 2 0.557
持续了一个多月的火爆之后，目前电影《战狼2》的热度正在逐渐下降，虽然票房已经接近极限，但还在缓慢增长。
27 3 2 1 2 0.633
不过目前《战狼2》目前票房增长比较缓慢，加上近期像《蜘蛛侠：英雄归来》等大片的冲击，其国内票房可能不会突破60亿元大关。
27 4 2 2 2 0.557
但《战狼2》已经创造了太多个不可能的记录，无疑是中国影史上最为成功的电影之一。
27 5 3 1 1 0.693
战狼2香港遇冷9月6日吴京自导自演的新片《战狼2》在香港举行首映礼，在内地创造56亿票房奇迹的《战狼2》首次登陆香港备受瞩目。
27 7 4 2 3 0.679
败给了阿汤哥主演的电影《美国制造》，还有票房近40万的美国电影《小丑回魂》。
27 6 4 1 3 0.539
但截止到9月7日19点《战狼2》在香港的首日票房只有23.7万，跟内地相比只能用惨败来形容。
27 8 4 3 3 0.266
在受欢迎程度上也只排名第5，单日场次只有87场。
27 9 5 1 1 0.639
上映第三天也只收获了55万的票房成绩，单日票房败给了诺兰的《敦刻尔克》和漫威新片《蜘蛛侠：英雄归来》，环比增长出现负值。
28 1 1 1 1 0.701
《战狼2》战狼2香港遇冷9月6日吴京自导自演的新片《战狼2》在香港举行首映礼，在内地创造56亿票房奇迹的《战狼2》首次登陆香港备受瞩目但截止到9月7日19点《战狼2》在香港的首日票房只有23.7万，跟内地相比只能用惨败来形容。
28 2 2 1 2 0.687
热点背景战狼2香港遇冷9月6日吴京自导自演的新片《战狼2》在香港举行首映礼，在内地创造56亿票房奇迹的《战狼2》首次登陆香港备受瞩目。
28 3 2 2 2 0.374
热点关注战狼2香港遇冷首日票房只有23.7万2017-09-0919:29:22
28 4 3 1 1 0.693
战狼2香港遇冷9月6日吴京自导自演的新片《战狼2》在香港举行首映礼，在内地创造56亿票房奇迹的《战狼2》首次登陆香港备受瞩目。
28 6 4 2 3 0.679
败给了阿汤哥主演的电影《美国制造》，还有票房近40万的美国电影《小丑回魂》。
28 5 4 1 3 0.539
但截止到9月7日19点《战狼2》在香港的首日票房只有23.7万，跟内地相比只能用惨败来形容。
28 7 4 3 3 0.266
在受欢迎程度上也只排名第5，单日场次只有87场。
28 8 5 1 1 0.639
上映第三天也只收获了55万的票房成绩，单日票房败给了诺兰的《敦刻尔克》和漫威新片《蜘蛛侠：英雄归来》，环比增长出现负值。
29 1 1 1 3 0.691
【《战狼2》票房破56亿冲进全球年度前五】9月8日，根据猫眼票房显示，目前《战狼2》票房已经突破56亿元大关，在全球电影票房榜中排行57名，同时也冲进了全球票房年度前五。
29 2 1 2 3 0.633
不过目前《战狼2》目前票房增长比较缓慢，加上近期像《蜘蛛侠：英雄归来》等大片的冲击，其国内票房可能不会突破60亿元大关。
29 3 1 3 3 0.011
（中关村在线）
30 2 1 2 3 0.758
《战狼2》成为暑期档票房冠军，总票房达55.09亿元，占比34%，并超过《美人鱼》成为迄今票房最高的国产电影。
30 1 1 1 3 0.352
国家新闻出版广电总局电影局提供的初步统计数据显示，今年暑期档（6月至8月）中国内地总票房为163.35亿元。
30 3 1 3 3 0.581
艺恩智库数据显示，在《战狼2》的刺激下，2017年前8月中国内地综合票房成绩为396.14亿，超过2015年同期100多亿元。
30 6 2 3 4 0.612
然而，如果从中去除《战狼2》的票房，其余约30部国产片总票房仅为52.93亿元，占比不足1/3。
30 5 2 2 4 0.543
界面新闻注意到，今年暑期档上映的国产片总票房为108.02亿元，占比66%。
30 7 2 4 4 0.315
从这个角度看，国产片的整体票房情况仍不容乐观，含金量有待提高。
30 8 3 1 3 0.715
从2017年整体票房情况来看，上半年中国内地电影票房为272亿元，其中国产片仅占38.5%。
30 9 3 2 3 0.664
截至9月6日，今年中国内地票房排名前十的影片中只有3部国产片。
30 10 3 3 3 0.48
国产片“逆袭”之路漫漫，希望《战狼2》是一个美妙的开端。
31 1 1 1 1 0.694
自7月27日上映以来，电影《战狼2》的票房一路高歌猛进，不断刷新着中国电影票历史纪录，势头直到近期才算彻底放缓。
31 2 2 1 1 0.713
今天凌晨，《战狼2》官方宣布，其票房正式突破56亿元大关，把中国电影历史票房纪录再次提升了1亿元。
33 4 3 1 3 0.614
作为56亿现象级票房神话的缔造者之一，李洋分享了吴京团队的心路历程。
33 5 3 2 3 0.43
李洋先生毕业于中国社会科学院研究生院，后特招入伍，多年从事军旅影视艺术研究和策划创作实践，策划监制作品包括《亮剑》、《幸福像花儿一样》、《士兵突击》、《战狼1/2》等百余部影视剧。
33 29 13 2 2 0.627
好莱坞几乎垄断了世界科幻战争电影，并用百年的时间在全世界培育科幻电影的观众。
33 28 13 1 2 0.441
李洋坦言，中国电影在科幻领域，还是一个“小学生”。
34 1 1 1 2 0.728
近日电影文化市场相当火爆，根据最新数据，上映41天的《战狼2》总票房过55亿，另一部战争题材的《敦刻尔克》上映5天也斩获了2.37亿的票房，还有《星际特工：千星之城》票房将近4亿。
34 2 1 2 2 0.394
网友表示，丰富的电影题材为大家的业余生活提供了广阔的选择，不管是选择哪部电影，都会拥有激动人心的观影体验。
34 15 8 1 3 0.624
2015年我国电影市场票房以440亿元收官，比2014年增长48.7％，创下“十二五”以来最高年度增幅。
34 16 8 2 3 0.394
中国电影进入质量提升、产能优化的新阶段，社会效益和经济效益取得双丰收。
34 18 9 1 1 0.668
2017年中国电影的票房不断创新高，票房过亿的影片数不胜数，电影业的繁荣带动影院的告诉发展，人均观影频率上升，并且未来还有提升空间。
35 7 5 1 1 0.777
数据显示，截至9月6日晚8点，在内地上映42天的《战狼Ⅱ》票房累计近55.9亿人民币，成为中国历来最高票房电影，并打入年度全球票房十大电影之一，同时跻身史上全球最高电影票房前100位。
36 2 2 1 2 0.671
吴京主演的电影《战狼Ⅱ》自7月27日上映以来，不断刷新着国产影片票房纪录——上映4小时突破亿元大关，上映85小时突破10亿元大关。
36 3 2 2 2 0.728
截至9月1日，该影片票房已突破55亿元大关，进入全球电影票房“top100”排行榜……
38 3 2 1 1 0.621
人红是非多，作为第一部进入全球百强榜的国产电影，《战狼2》再次摊上事了。
40 14 7 1 3 0.737
随后，现象级电影《战狼2》挽救整个低迷的态势，屡破最高单日票房纪录，撑起了整个暑期档票房的三分之一。
40 15 7 2 3 0.563
但其他影片都未达到预期票房。
40 17 8 1 1 0.636
对于暑期档的表现，艺恩研究总监付亚龙告诉21世纪经济报道，“2017暑期档低开高走，受惠于《战狼2》爆款带动，8月份票房创历史新高，观影需求得到了比较好的释放。”
40 20 9 3 3 0.662
虽然被《战狼2》粉饰了颓废，但暑期档仍缺乏高品质电影。
40 19 9 2 3 0.318
整体来看，票房结构出现了明显的分化，腰部力量较弱。
40 32 16 2 2 0.705
除了动作类型电影《战狼2》创下华语电影票房纪录，《杀破狼·贪狼》也取得5.08亿票房成绩；此外动作、悬疑犯罪类型电影《心理罪》2.94亿；奇幻、动作结合电影《悟空传》6.96亿；武侠类型结合的《绣春刀2》2.66亿。
40 31 16 1 2 0.597
今年暑期档，共有15部动作类型电影，占据近一半的市场份额。
40 34 17 2 2 0.633
由于同期其他电影的表现均差强人意，让《战狼2》的长尾效应也比较坚挺，带动同类动作影片的票房表现。
40 33 17 1 2 0.542
动作片的表现与《战狼2》不无关系，对观众的观影心态起到了带动作用。
40 36 18 2 2 0.741
去年，陆川导演的《我们诞生在中国》票房达6000万元，刷新了记录片的票房纪录，也打开了纪录片的院线市场。
40 35 18 1 2 0.479
此外，纪录片的市场表现继续给电影市场带来了惊喜。
40 37 19 1 2 0.666
今年，讲述慰安妇故事的《二十二》取得1.7亿票房；《地球：神奇的一天》获得近5000万的票房成绩；《冈仁波齐》也票房破亿。
40 38 19 2 2 0.273
此外，一直作为小众电影的纪录片和文艺片，似乎逐渐被大众接受，成为某种“主流”。
40 39 20 1 2 0.644
成立于去年10月的全国艺术电影放映联盟，也于近期在66个主要城市、270块银幕专线，放映了今年奥斯卡最佳影片、最佳男主角的获奖影片《海边的曼彻斯特》，虽取得644万票房，但对艺术电影却有着重要意义。
40 40 20 2 2 0.296
联盟发起方之一万达影业，则宣布将为《二十二》启动全国万达影城的长线放映。
41 1 1 1 2 0.737
截至9月4日，《战狼2》中国内地票房突破55亿元。
41 2 1 2 2 0.289
影片热映期间，北京万达传媒有限公司、分众晶视广告有限公司等4家公司联名发出声明函，称《战狼2》在影片母盘中强行搭载5条预告片而不支付费用，将通过法律方式维权。
43 15 5 2 3 0.623
去年末，日本影片《你的名字》曾创下日影在华票房纪录，这次的《银魂真人版》因为超高人气的卡司阵容和原著漫画+TV的粉丝基础，票房表现也被寄予厚望。
43 14 5 1 3 0.517
除了《敦刻尔克》，上周还有一部备受期待的新片上映——《银魂真人版》。
43 16 5 3 3 0.48
上周，同期《敦刻尔克》上映，《银魂真人版》首日2245万，三天累计6045万，表现稍稍不如预期。
44 7 2 1 2 0.7
需要注意的是，所有的成绩都离不开《战狼2》历史性的票房突破，《战狼2》一片在暑期档上映36天，共收获54.9亿，无论是总票房163。
44 8 2 2 2 0.577
亿，还是国产片票房108亿的数字，如果减去了《战狼2》近55亿的数字，都将变得暗淡无光。
44 12 4 1 3 0.646
据记者统计，今年8月电影总票房为73.5亿（含4.7亿服务费），较去年同期增长逾80%，增幅巨大，这个成绩也刷新中国电影史上单月票房新纪录。
44 13 4 2 3 0.517
而观察今年暑期档6、7、8三个月的走势可以发现，暑期档的开头可谓忧心忡忡，今年6月的票房成绩勉强和去年6月持平，截至6月30日，整个上半年的票房累计达271.7亿，暑期档开头依旧未能改变大盘低迷的情况，票房排在前7位的全是进口片，国产片最高票房的是《李雷和韩梅梅》。
44 17 5 3 3 0.663
8月41部影片中9部过亿，由于《战狼2》强大的续航能力，其他电影只占据了38%的票房，普遍表现欠佳，无论是热门IP或是青春爱情片，在这个八月基本都沦为了《战狼2》的炮灰，在《战狼2》的热潮退去后，其他影片后继乏力。
44 16 5 2 3 0.5
《战狼2》引领的票房爆发一直延续到8月末，整个8月放映场次为852万场，与7月基本持平，但观影人次却增长了45%，让这个月成为今年2月后，场均人数再次达到20人以上。
44 20 7 1 2 0.708
今年暑期档，《战狼2》无疑成为档期内乃至全年的最大赢家：自上映以来，先是以3.6亿票房刷新影史单日票房纪录，随后创造了最快破7亿、8亿、9亿、10亿的票房纪录，至8月7日票房超过34亿元，打破《美人鱼》在去年创造的中国影史总票房纪录。
44 21 7 2 2 0.57
暑期档最后一天总票房剑指55亿，观影人次突破1.4亿，成为国产电影单片“50亿俱乐部”的开创者，不少专家也预测，这个俱乐部在很长一段时间里，都难以再出现第二个成员。
44 27 9 3 4 0.635
大IP改编、流量明星为卖点的粉丝电影在去年暑期档遇冷后，今年延续了颓势，多数影片票房欠佳。
44 26 9 2 4 0.243
但从今年市场结果来看，目前国内的IP更多是噱头般的存在，没能得到内容上的强力支撑，观众产生了严重的审美疲劳。
44 28 9 4 4 0.493
多位院线经理向记者表示，流量明星、IP光环、特效加持，这些曾经风靡一时的国产电影“三板斧”在今年暑期档“坐吃山空”，给此类型电影的教训是，电影最终还是一种内容生产。
44 30 10 2 2 0.622
随后，李易峰主演的《心理罪》也勉强获近3亿票房，而王大陆、张天爱主演的奇幻片《鲛珠传》更是口碑票房遭遇滑铁卢，成绩勉强破亿。
44 29 10 1 2 0.482
例如7月中旬率先登场的《悟空传》，由于人设、口碑受到争议，并未能成为现象级爆款，最终仅收近7亿票房；8月初上映的《三生三世十里桃花》更被低分与争议影响，上映第九天排片率大跌至1.8%，连续4天仅收获一千多万票房。
44 31 11 1 3 0.701
除了《战狼2》一枝独秀，中国第一部票房破亿的纪录电影《二十二》也在8月中旬诞生，讲述慰安妇现状、在不少观众的口碑相传中逐渐提升了每日的排片率，目前累计票房已经达到了1.68亿，取得的成绩与热度远远超过预期。
44 32 11 2 3 0.604
而讲述藏民朝圣的文艺电影《冈仁波齐》在《变形金刚5》的强大挤压下票房破亿，引发大众热议；《重返·狼群》、《地球：神奇的一天》等纪录片都获得数千万票房。
44 33 11 3 3 0.599
这些“冷门”类型电影创造票房纪录从另一方面说明中国观众的日渐成熟，市场也逐渐增强了包容性，电影市场专家蒋勇表示，“市场对小众文艺片的认可，产业化的发展中能够获得更多的资本青睐，形成双赢局面。”
44 34 12 1 2 0.603
不少业内人士表示，163亿的数字看起来一派繁荣，但若抛开《战狼2》，今年的暑期档电影基本上乏善可陈。
44 35 12 2 2 0.626
过去几年暑期档单片票房成绩分布比较平均，而今年则没有中间力量，仅有3部影片过10亿，而国产片第二名《悟空传》与榜首的《战狼2》足足差了48亿。
44 36 13 1 2 0.604
去年暑期档爆款极少，难寻一部能够振奋影市、带动观影热潮的影片，而今年的问题却又是“一家独大”，《战狼2》一部电影就托起了暑期档的票房增幅，然而随后上映的国产新片基本都成为偶尔昙花一现的陪跑者，在市场空间上出现了不同程度的缩水。
44 37 13 2 2 0.448
“市场竞争是非常残酷的，票房市场结构也有问题，大多数电影在亏钱，如果只注重单片繁荣则会掩盖不少问题，”蒋勇分析道，“整个档期内‘中产阶级’票房者寥寥无几，单月、单片的票房分布非常不均匀，这也意味着很大的创作危机。以往吃香的类型今年逐渐在萎缩，一些小众电影也获得了期望和份额，以后应该更注重单片质量，达到齐头并进。”
47 5 2 1 2 0.645
据了解，今年我市暑期共上映国产片171部，票房2.59亿元，占比66.43%，票房千万以上影片4部。
47 6 2 2 2 0.572
除却上述五部重点影片外，玄幻片《三生三世十里桃花》1434.22万元、动作片《杀破狼·贪狼》1113.92万元、主旋律影片《建军大业》805.99万元、犯罪悬疑片《心理罪》736.14万元等题材各异的影片也取得了较好成绩。
48 3 2 1 2 0.714
报告显示，上半年中国内地电影市场形势不容乐观，整体市场疲软，7月底内地累计电影票房才迈入300亿元大关。
48 4 2 2 2 0.621
而今年6-8月暑期档电影票房较去年同比增加了近三成，暑期档观影人次达到4.51亿，较去年同比增长20.59%，这主要是《战狼2》的拉动作用。
48 5 3 1 2 0.689
7月底，《战狼2》上映成为暑期档电影市场转折点，带动整体大盘上涨。
48 6 3 2 2 0.577
报告显示，今年暑期档国内电影总票房有望超过160亿元，比去年的124亿元上涨29%。
48 9 5 1 2 0.652
但是从不同类型影片对票房的贡献来看，今年暑期档的电影市场仍依靠大片。
48 10 5 2 2 0.684
仅《变形金刚5》和《战狼2》两部影片的票房，就占到整个暑期档的半壁江山。
48 11 6 1 3 0.609
此外，易观的报告还显示，2017年暑期档电影市场共上映135部电影，数量上相较去年增加21.62%。
48 12 6 2 3 0.459
在此背景下，暑期档影片扎堆，市场竞争激烈，因此各影企一方面选择“抱团”，联合制作或发行同一部作品以规避风险。
48 14 7 1 1 0.691
票房方面，电影票房级别多处于1亿-5亿之间，各家押宝影片中，仅出现《战狼2》一部爆款电影，横向对比来看，博纳影业整体暑期档表现相对更佳。
48 18 10 1 1 0.695
今年暑期档猫眼电影合作影片中票房过亿的电影仅有3部，且没有作品进入5亿阵营，而这也是猫眼电影首次被拉开差距。
49 2 1 2 2 0.613
根据艺恩中国电影票房数据，整个7月和8月，全国票房共计124亿元（人民币，下同），同比增长44.6%。
49 1 1 1 2 0.121
中新社北京9月1日电（记者高凯）伴随着9月1日开学季的到来，2017年暑期档正式收官。
49 3 2 1 1 0.65
刚刚过去的8月票房约73亿，超越整个春节档、2016年2月的68.9亿，创造中国电影月票房的新纪录。
49 5 4 1 2 0.644
然而这一大幅升温却并非整个电影市场的回暖，纵观整个暑期档，《绣春刀·修罗战场》《心理罪》《侠盗联盟》等关注度较高的电影票房惨淡，《三生三世十里桃花》《悟空传》《鲛珠传》等大IP电影遇冷。
49 6 4 2 2 0.553
事实上，此番升温主因皆在《战狼2》的爆发。
49 7 5 1 1 0.649
在《战狼2》上映之前，7月电影市场仅收获33.54亿票房，不仅无望超越2015年7月的55.06亿，甚至与已经开始降温的2016年同期的45.15亿也颇有距离，但在《战狼2》的带动下，7月的后四天共产出票房13.75亿（其中《战狼2》贡献10.91亿），最终报收分账票房47.28亿，超越去年同期。
49 8 6 1 1 0.763
今年暑期档内地院线几十部影片，《战狼2》单片票房高达55亿，一部电影就几乎占据了整个暑期档票房的一半。
49 10 7 2 3 0.681
然而，三部影片均票房惨淡。
49 9 7 1 3 0.358
《三生三世十里桃花》《悟空传》《鲛珠传》均为“大IP+小鲜肉”模式，集结明星，并于前期进行了声势浩大的宣传。
49 11 7 3 3 0.625
其中成绩最好达到6亿多票房的《悟空传》，与去年暑期档动辄10亿的同类型影片也已无法相提并论。
49 14 9 1 1 0.622
除了《战狼2》的现象级爆发，暑期档艺术片《冈仁波齐》和纪录片《二十二》的逆袭也十分引人关注。
49 16 11 1 1 0.698
8月14日上映的纪录片《二十二》从上映首日的排片占比1.6%，单日票房300多万一路逆袭，关注度一路飚高的同时，票房也突破国内纪录片电影纪录，逼近1.7亿。
50 1 1 1 1 0.645
1905电影网讯又破纪录了！吴京[微博]的《战狼2》在上映第36天票房依然坚挺，豪揽55亿，考虑到影片的密钥已经延期，冲破60亿大关指日可待。
51 1 1 1 3 0.648
近日，据美国权威影视杂志《Variety》报道，从2016年7月到2017年6月，中国的电影票房整整一年都在下降，电影制片人和电影公司开始拼命寻找答案。
51 2 1 2 3 0.508
直到《战狼2》的出现。
51 3 1 3 3 0.704
在7月28日上映以来，该片就一路创造了无数项中国电影市场记录，单片票房截稿时已经接近55亿元，单片观影人次突破1.4亿。
51 4 2 1 1 0.674
随着票房的不断推高，中国和好莱坞都在重新思考如何最好地接近和利用中国电影市场，因为中国电影市场有望在未来几年成为世界上最大的电影市场，而《战狼2》在此时正好展示了一部精心制作的中国电影。
51 10 6 1 2 0.634
据悉，该公司拥有《战狼2》北美放映的版权，而该片在北美的票房收入已超过230万美元。
51 11 6 2 2 0.681
在中国电影“出海”里，高于100万美元的票房收入已经被认为是中国电影在海外获得成功的标准。
51 18 9 1 3 0.61
但是《Variety》指出，对于好莱坞来说，《战狼2》票房的一路高歌也为他们痴迷于提升中国对进口影片配额的行为上了一课。
51 19 9 2 3 0.367
虽然现在好莱坞电影公司与中国当局就放松对进口影片的限制的协议还在谈判中，但是这种做法是很短视的。
51 22 11 1 1 0.605
目前，《战狼2》进入全球电影史票房排行前100名，现排名50多位，这是亚洲电影首次入席，也是前100名里唯一一部非好莱坞电影。
52 6 2 4 7 0.711
自7月27日在中国首映以来，这部动作片出乎意料地成为中国电影史上的票房冠军。
52 5 2 3 7 0.315
就在这个时候，《战狼Ⅱ》横空出世，但与现在不同，之前几乎没有人看好它。
52 7 2 5 7 0.416
在不到两天的时间里，它就超过了2015年《战狼1》8800万美元的收入。
52 8 2 6 7 0.731
10天后，它超越《美人鱼》，成为中国电影票房冠军。
52 9 2 7 7 0.677
用了仅仅五周时间，《战狼2》就获得了8.1亿美元的票房收入，这也让它也成为历史上第二高的单一市场票房冠军，仅次于北美市场的《星球大战：原力觉醒》。
53 7 3 1 3 0.714
如果没有《战狼2》热血席卷票房，包揽整个暑期档电影冠军，我们已经很久没有看到现象级的军旅题材影视作品了。
53 8 3 2 3 0.277
在这个告别革命的年代里，玄幻、修仙、都市甚至民国剧都还能在IP大潮中博得资本的青睐，尤其是能够荟萃鲜肉小花的古装题材始终是影视业的投资热点。
54 1 1 1 1 0.614
今年原本不温不火的暑期档，终于被《战狼2》引燃到爆，票房4小时破亿、85小时破10亿、一个月超过53亿，影院排片和口碑持续居高不下，不仅稳拿国内目前上映影片票房第一，而且领跑全球票房榜。
55 11 4 2 4 0.776
前段时间大爆的影片《战狼2》，刷新了华语电影最高票房纪录。
55 10 4 1 4 0.24
拥有“文艺片女王”称号的余男，一直以来都以低调有实力著称。
55 12 4 3 4 0.159
余男所饰演的龙小云美丽、冷静，与冷锋的惺惺相惜给观众留下深刻的印象。
57 4 1 4 5 0.603
紧随其后是凭借参演周星驰电影以及档期爆款《寻龙诀》的舒淇，她以整体票房超过80亿位居亚军。
57 3 1 3 5 0.373
虽然很难把《战狼2》成功的原因都算在余男身上，但数字也证明了选对了影片会有惊喜。
57 5 1 5 5 0.176
而范冰冰、白百何、Angelababy（杨颖）、姚晨、杨幂等都是当今引领华语票房的主力军。
57 7 3 1 2 0.701
新京报记者统计了华语女演员票房排行榜，标准是以演员个体为单位，统计她们曾参演过、在内地上映并且有票房记录的电影票房总和，以此作为“票房影响力”的指标。
57 8 3 2 2 0.482
可以发现，如今影坛表演行业的中坚力量，正在被80后、90后作为新生军的一代花旦牢牢占领；女演员要想票房成绩好看，参演到春节档、暑期档热卖的电影最有效。
58 1 1 1 1 0.696
本文来自猫眼电影电影《战狼2》票房成功有，有消息爆出该作品很可能将要被改变成电视剧。
60 1 1 1 2 0.71
大洋网讯上映至今，《战狼2》的票房仍在高歌猛进，除了坐稳中国电影史第一，还进入世界电影票房前100名，引发公众的不断热议。
60 2 1 2 2 0.344
电影中，不少惊险刺激的镜头来自航拍。
61 1 1 1 2 0.721
《战狼2》观影人次已达7亿，看过的观众纷纷化身精神股东，时刻关注《战狼2》的票房。
61 2 1 2 2 0.562
现在《战狼2》中国影史票房第一的地位已经落定，网友们关心的问题逐渐转化为：拿命拍电影的吴京，最后能够分到多少钱？
61 16 8 1 3 0.678
猫眼预测《战狼2》的最终票房将是56.51亿，但实际上进入分账的票房还要扣除服务费。
61 17 8 2 3 0.52
预估分账票房最终是52亿，包括吴京公司在内的出品方的收入将是：保底收入+8亿到15亿部分票房分成+15亿到52亿部分票房分成。
61 19 9 1 2 0.662
如果《战狼2》最终总票房为56.51亿，分账票房算作52亿，最终以吴京公司为代表的出品方分成将是19.4亿。
61 20 9 2 2 -0.149
具体过程如下：
62 1 1 1 2 0.721
新浪娱乐讯《战狼2》成为中国影史第一部“50亿+”影片，上映多日热度不减，仍然以持续强悍的票房数据秒杀一众新片。
62 2 1 2 2 0.474
8月26日，《战狼2》剧组在京举行答谢宴，青年女演员柏安从湖南卫视自制大戏《火王》剧组杀青归来，应邀出席答谢宴，面贺吴京[微博]导演和剧组众多台前幕后工作人员，并超级期待京哥早日将《战狼3》搬上大银幕。
62 3 2 1 2 0.651
《战狼2》的巨大成功和全民热捧，让世界看到了中国电影市场的潜力，也点燃了中国电影人用心专注制作好电影的信心。
62 4 2 2 2 0.474
柏安参加《战狼2》答谢宴时表示：“《战狼2》是一部充满激情和正能量的电影，许多情节非常感人，是近年来最具国际水准的动作类型电影，其质量绝不输给好莱坞。《战狼2》不仅让吴京导演成为了中国的史泰龙，更让作为演员和观众的我强烈感受到吴京导演的认真、专注和拼命。正如京哥在答谢宴上所说，中国电影人是在用生命拍电影。京哥用自己的实践告诉我们，专注且拼命地做好一件事，认真对待自己的每一个角色和机会，才会迎来成功和掌声。”
63 3 2 2 2 0.661
电影《第一滴血》进入中国市场，美国越战老兵“兰博”刮起的旋风席卷了中国影院。
63 2 2 1 2 0.519
1985年10月，美国大片首次在中国的大银幕上映。
64 4 3 1 3 0.627
截止8月26日，《战狼2》票房不断刷新纪录。
64 5 3 2 3 0.534
上映31天，票房突破53亿元人民币。
64 6 3 3 3 0.686
这是国产电影首次迈入50亿元票房大关。
65 2 2 1 2 0.722
电影《战狼2》仅用了13天，就打破了《美人鱼》创下的34亿票房纪录，截至记者发稿前，尚在放映期的《战狼2》票房已达53亿，把中国电影票房最高纪录整整拉高了一个台阶。
65 3 2 2 2 0.581
这部没有流量明星挑大梁的电影是如何成功的？影片的品质与高票房是否匹配？主旋律商业片是两种类型片的交融尝试还是中国特色的电影新品种？近日，《绿海副刊》邀请北京电影学院助理研究员程麒台，从专业视角说说这匹难得一见的“战狼”。
65 10 4 6 8 0.752
暑期是国产电影保护月，有票房冲击力的外国大片瓜分不到《战狼2》的市场份额。
65 9 4 5 8 0.579
换句话说，观众早已在满心希冀一部良心电影的到来！此外，《战狼2》选择在暑期上映，并赶在了八一建军节前夕，这是电影制作方对上映时间的精准把握。
65 11 4 7 8 0.438
而《战狼2》内容又与八一特有的军事氛围相契合。
65 25 8 1 5 0.808
程麒台：《战狼2》取得了国产电影史上最高的票房，并使国产电影第一次杀入了全球票房电影100强。
65 26 8 2 5 0.4
然而，高票房并不能等同于高质量。
66 2 1 2 2 0.654
与此同时，纵观整个内地电影市场，其产业格局也在随着《战狼2》的票房大胜，发生了微妙的变化。
66 1 1 1 2 0.567
截至26日19：00，《战狼2》上映31天票房已经收获53.35亿，而在25日，两家合作造就了这场中国电影票房神话的巨头——北京文化与阿里影业共同在北京宣布，这场《战狼2》之火并未烧完，阿里旗下的淘票票表示，仍会开放所有线上营销平台及娱乐入口，“将这个创纪录的数字再往前推深一些”。
66 4 2 2 2 0.748
然而，《战狼2》票房超越《美人鱼》登顶中国电影票房冠军后，它背后以北京文化为代表的14家出品方以8亿保底发行的结果是，产业发生了变局。
66 3 2 1 2 0.589
随着近十年来中国电影票房市场的高歌猛进，横亘在一线的中国电影公司巨头虽有波动但一直还较为稳定。
67 1 1 1 3 0.61
在过去的大半个月时间里，《战狼2》的票房数字如火箭般蹿升，成为了国民级大片。
67 2 1 2 3 0.428
早在8月19日，其总票房就已突破50亿大关。
67 3 1 3 3 0.645
在中国电影市场发展似乎遇到拐点的时候，这部国民级影片票房数字背后的故事，更值得我们挖掘与分析……
67 4 2 1 1 0.65
本期《贵圈》截取了《战狼2》上映最火爆的前两周数据，从不同维度考量了这部票房冠军影片的含金量，看看它火热背后隐藏的新变化。
67 5 3 1 2 0.652
截至8月23日晚，《战狼2》累积的综合票房达到了52.37亿，分账票房（去除服务费）48.93亿。
67 6 3 2 2 0.729
这意味着本片不仅是中国内地电影历史上第一部票房达到50亿+级别的电影，更让中国电影市场“走进新时代”。
67 7 4 1 1 0.751
放眼全球市场，《战狼2》所取得的票房成绩折算成美元已经超过7亿，是进入全球票房前100的唯一一部非英语电影，也是仅次于《星战大战：原力觉醒》（9.36亿美元）的全球影史上单片单地区的票房亚军。
67 8 5 1 1 0.781
票房50亿是什么概念？一部《战狼2》的票房超过了5部漫威超级英雄大片的内地票房总和。
67 10 7 1 2 0.613
1.4亿的观影人次也是创纪录的水平，这相当于2016年全年内地电影市场观影总人次的十分之一，2007年全年观影人次的总和。
67 11 7 2 2 0.531
《战狼2》的数据，不仅反映了内地电影市场的现状，更让大家看到了未来的新希望。
67 36 17 1 2 0.635
今年上半年，进口片票房的占比一直高过国产影片，直到《战狼2》的出现，才让国产片和进口片能够平分秋色。
67 37 17 2 2 0.516
这要归功于《战狼2》下沉三、四线市场的能力，这也正是好莱坞大片比不上的。
68 2 2 1 2 0.798
第三方数据显示，《战狼2》目前票房已经超过53亿，其上映后不断刷新中国电影的各项纪录，上映第17天票房破45亿，成为全球电影票房TOP100唯一亚洲电影。
68 3 2 2 2 0.57
8月19日，实现1.41亿人次观影、整体票房50亿，打破全球单片市场观影人次记录。
68 6 4 1 2 0.638
北京文化电影事业部总经理张苗透露，截至8月25日《战狼2》创纪录的52亿票房中，淘票票出票占比达到40%。
68 7 4 2 2 0.373
而《战狼2》线上营销部分，淘票票制定了整体的网络售票策略，整合了阿里系的很多资源。
68 12 7 2 2 0.615
北京文化为其提供8亿元票房保底，广发证券测算称，《战狼2》有望为北京文化贡献超6000万元的业绩。
68 11 7 1 2 0.443
《战狼2》大火，也让北京文化赚的盆满钵满。
69 4 3 1 1 0.652
根据淘票票的数据显示，截止8月25日，《战狼2》的票房已经超过52亿元，成为国内第一部票房超过50亿元的电影，北京文化董事长宋歌表示，这52亿票房中，淘票票出票占比为40%。
70 1 1 1 3 0.783
参考消息网8月25日报道美媒称，《战狼Ⅱ》这部爱国主义影片刚刚成为中国史上票房最高的影片，也是第一部跻身全球票房前100名影片行列的非好莱坞影片。
70 2 1 2 3 0.546
用好莱坞手法讲述爱国主义故事是中国电影人一直以来的梦想，《战狼Ⅱ》证明他们能够做到这一点。
70 4 2 1 2 0.629
据彭博新闻社网站8月23日报道，自中国对外开放电影市场以来，好莱坞电影一直拥有强大的观影群。
70 5 2 2 2 0.641
虽然中国政府每年对引进外国影片设限，但是去年外国影片——大多数来自美国——的票房占中国市场票房收入的比例仍然接近42%。
71 10 4 1 2 0.794
对外经济贸易大学研究员冯仕亮表示，仍在热映的电影《战狼2》登顶华语影史票房冠军，猫眼电影对其票房的预测为52.85亿元。
71 11 4 2 2 0.425
取得这一成绩，《战狼2》只用了不到12天时间。
72 1 1 1 4 0.739
《战狼2》的票房已经超过50亿人民币，成为现象级电影。
72 2 1 2 4 0.322
如果从《战狼1》的轨迹来看，相信再大胆的人也不敢预测目前这个票房结果。
73 3 2 1 1 0.616
北京文化董事长宋歌透露，截至目前《战狼2》创纪录的52亿票房中，淘票票出票占比达到40%，正是《战狼2》的巨大成功，坚定了两家公司进行更紧密合作的决心。
73 5 3 2 2 0.745
淘票票数据显示，截至目前《战狼2》的票房已经超过52亿元，是中国第一部票房超过50亿元，并进入全球票房TOP100的电影。
73 4 3 1 2 0.505
北京文化是《战狼2》的联合出品方及发行方，阿里影业旗下的淘票票是《战狼2》的独家互联网联合发行平台。
74 10 6 2 3 0.745
淘票票数据显示，截至目前《战狼2》的票房已经超过52亿元，是中国第一部票房超过50亿元，并进入全球票房TOP100的电影。
74 9 6 1 3 0.505
北京文化是《战狼2》的联合出品方及发行方，阿里影业旗下的淘票票是《战狼2》的独家互联网联合发行平台。
74 11 6 3 3 -0.157
(程春雨)
75 1 1 1 1 0.69
截止8月25日上午10点，据艺恩网统计，《战狼2》累计票房已突破52.87亿元，而回顾这部影片在暑期档创造的票房“传奇”，也存在不少有意思的数字。
75 3 2 2 4 0.623
也就是说，8月这一暑期档黄金时期的全国票房几乎被《战狼2》收割了大半。
75 2 2 1 4 0.496
从单日票房占比图来看，《战狼2》从始至终的票房占比都非常高，上映后前两周平均票房占比达到80%以上，第三周依然超过50%。
75 4 2 3 4 0.64
对比中国影史另两部高票房影片《速度与激情8》和《美人鱼》，总结起来就是谁的档期蛋糕大，吃蛋糕的人少，谁就票房最高。
75 5 2 4 4 0.532
由于《战狼2》所处的暑期档本身蛋糕就很大，且档期罕有对手，导致其吃掉了该档期大部分票房。
76 1 1 1 2 0.649
日前就《战狼2》创下的票房奇迹几位业内人士及专家学者接受采访时表示，《战狼2》是现象级影片，也是一次全民参与的文化事件。
76 2 1 2 2 0.581
它讲述的是中国故事，票房奇迹背后是大国崛起的价值观。
76 3 2 1 3 0.785
截至8月21日，根据国家电影专资办数据，吴京执导的电影《战狼2》上映26天，票房突破50亿元人民币，这是国产电影首次迈入50亿元票房大关。
76 4 2 2 3 0.683
与此同时，《战狼2》在中国市场累计观影人次达到1.4亿，超越了《泰坦尼克号》在北美市场观影人次1.38亿的纪录，荣登“单一市场观影人次”全球榜首。
76 5 2 3 3 0.515
此外，影片将延期上映至9月28日，最终票房仍然有进一步提升空间。
76 15 6 1 4 0.709
“翻看全球票房100强，《战狼2》不仅是唯一一部华语片，也是唯一一部非好莱坞片。”清华大学尹鸿教授认为，《战狼2》的国内票房已经证明中国市场在全球举足轻重，单一国家市场就能在全球排名前列。
76 16 6 2 4 0.657
尹鸿认为，《战狼2》从三个方面为国产电影树立了标杆。
76 17 6 3 4 0.451
先是精益求精的制作，“《战狼2》的成功首先是专业精神、工匠精神的成功，这也恰恰是很多粗制滥造的国产电影最缺乏的”；其次是具有时代感和主流价值观的人物和故事，“好莱坞塑造的超级英雄都是西方化的，《战狼2》塑造的是大国崛起背景下的中国式超级英雄”；最后是类型定位和创新，《战狼2》的动作设计和场面表达，完全可以和好莱坞类型片媲美。
76 20 7 2 4 0.617
在倪骏看来，《战狼2》讲述的是中国故事，背后是中国大国崛起的价值观，但想在海外市场取得好票房并不容易。
76 19 7 1 4 0.539
“《战狼2》是非常个人化的作品，也是放在工业电影流程里制作的大片。”中央戏剧学院副教授、编剧倪骏说。
76 21 7 3 4 0.621
所以没有必要拿这部影片谈中国电影的“走出去”，或是将它和好莱坞电影票房进行比拼。
76 22 7 4 4 0.55
“好莱坞做的是全球市场，塑造的往往是世界英雄，而《战狼2》塑造的仍然是中国式的孤胆英雄。中国人口基数巨大，讲好中国故事，照顾好这部分观众，票房已经非常可观。”
77 2 1 2 3 0.629
《战狼2》成为一部现象级的作品，格里罗也在中国一夜成名。
77 1 1 1 3 0.348
新浪娱乐讯北京时间8月24日消息，据国外媒体报道，国外影迷眼中的弗兰克·格里罗（FrankGrillo）是热播美剧《越狱》中的律师尼克（Nick），是《美国队长》系列中的反派交叉骨（Crossbone），而在很多中国影迷眼中，格里罗是《战狼2》中的大反派老爹（BigDaddy）。
77 3 1 3 3 0.385
日前他接受外媒THR采访，畅谈这部影片为他带来的影响，和他本人对于中国电影行业的看法。
77 15 3 6 8 0.724
《战狼2》超越了《阿凡达》，成为影史上单一市场收获票房第二高的影片，仅次于《星球大战：原力觉醒》（北美总票房9.37亿美元）。
77 14 3 5 8 0.471
接着这部影片在中国就彻底火了。
77 16 3 7 8 0.33
吴京对于中国影迷的观影需求有着非常深的了解，我彻底低估了这一点。
77 39 8 2 3 0.769
《战狼2》可能是第一部达到好莱坞大片制作水准的中国动作影片，票房也超过了很多好莱坞大片。
77 38 8 1 3 0.567
在中国，喜剧和爱情题材的本土影片往往能够击败同类型的好莱坞电影，因为中国影迷更喜欢在银幕上看到自己的语言或者本土文化，然而注重动作和特效的大片却能主宰中国电影市场。
77 40 8 3 3 0.256
美国电影公司是否应该为这种竞争力感到担忧呢？
77 45 10 2 5 0.728
《战狼2》很棒，也有一些海外票房，但主要还是为中国市场拍的一部中国电影。
77 44 10 1 5 0.478
好莱坞更应该担心的是，下一代的中国电影已经呈现出争夺海外市场的迹象了。
77 46 10 3 5 0.445
如果乔·罗素这样能从国际角度来理解故事的导演开始和中国电影人合作，你会发现中国电影会在亚洲、欧洲和南美观众，甚至是北美观众中产生反响。
77 48 10 5 5 0.688
（《战狼2》在北美上映以来已经取得230万美元的票房，美国发行公司计划延长影片上映时间。
77 47 10 4 5 0.581
这会让中国电影冲出本土市场，威胁到好莱坞电影的统治地位。
78 1 1 1 2 0.72
上映11天零4小时后，《战狼2》以优异的票房打破国产片票房最高纪录33.9356亿元，并跃居此前纪录维持者《美人鱼》成为中国票房第一。
78 2 1 2 2 0.186
这一纪录，后者用63天才达成。
78 3 2 1 2 0.612
伴随着国内电影市场的快速发展，票房过亿已不是新鲜事。
78 4 2 2 2 0.596
细数Top100电影，尽管票房均在3亿之上，但对于绝大多数国产影片而言，10亿票房仍是个难以跨越的门槛。
78 5 3 1 3 0.647
中国共有19部影片成功跨过10亿大关。
78 6 3 2 3 0.629
其中，《捉妖记》与《美人鱼》先后突破20亿和30亿，而《战狼2》在上映首日便取得了1.01亿票房的成绩。
78 7 3 3 3 0.627
随后口碑扩散，票房持续走高，上映首个周末单日便拿下约3.57亿票房，一举超越《西游伏妖篇》，又在次周周末突破4亿以上单日票房，连续刷新华语影史单日票房纪录。
78 9 4 2 2 0.65
进一步分析19部票房“10亿+”的电影，有9部电影分布在春节档，4部在暑期档。
78 8 4 1 2 0.309
分析Top100的电影档期可发现，位列前三的档期分别为暑期、贺岁和春节档（28部、24部、17部）。
78 13 6 3 3 0.618
10亿以上票房电影中，中港合拍片更是占据了“半壁江山”。
78 12 6 2 3 0.376
从当年风靡一时的《少林寺》开始，到2003年CEPA（《内地与港澳关于建立更紧密经贸关系的安排》）的签订，中港合拍片也步入一个新时代，并在数年后走向正轨。
78 23 13 1 2 0.644
除此之外，影片类型亦是电影票房成败的一大关键。
78 24 13 2 2 0.627
纵观票房“10亿+”的19部国产片，喜剧和动作类型片最受观众的欢迎。
80 1 1 1 3 0.706
《战狼2》票房高出天际，创下中国影坛纪录，近日再传捷报——该片跻身全球票房前100名。
80 2 1 2 3 0.28
在举国影迷欢庆的同时，吴京[微博]近来亦是炙手可热。
80 3 1 3 3 0.665
本周六，CCTV-6电影频道的首档电影主题综艺秀《国片大首映》的嘉宾邀来硬汉吴京携《战狼2》及女主角卢靖姗再度回归。
80 4 2 1 5 0.673
《战狼2》自上映以来缔造了无数奇迹，继登顶中国电影票当总票房冠军后，又成功跻身全球票房前100名。
80 5 2 2 5 0.667
如今，火爆暑期档的《战狼2》仍在继续着“票房神话”。
80 6 2 3 5 0.401
在本期的《国片大首映》中，吴京就与观众分享了在路演过程中的难忘经历。
81 2 1 2 2 0.78
截至8月20日，《战狼2》票房突破50亿，不仅刷新了中国电影总票房冠军的纪录，更以1.4亿观影人次跻身全球影史“单一市场观影人次”榜首！
81 1 1 1 2 0.47
今年夏天什么话题最火？毫无疑问，《战狼2》。
82 1 1 1 2 0.683
参考消息网8月23日报道台媒称，大陆电影《战狼2》空前狂映，打破大陆影史票房纪录，更引爆海内外广大热议。
82 2 1 2 2 0.645
国外网站分析，《战狼2》最终票房有望达8亿美元（约合53亿元人民币），站上全球百大票房影片榜第65名。
82 3 2 1 1 0.602
据台湾中时电子报8月21日报道，《战狼2》浓烈宣扬“热血爱国”精神，是其能掀起票房海啸的主因。
83 2 1 2 4 0.803
自上映之后，它刷新了中国电影票房新纪录，也成为中国军事题材动作电影的现象级作品。
83 1 1 1 4 0.547
今夏除了酷热的天气，最炙手可热的就要属电影《战狼Ⅱ》了。
83 3 1 3 4 0.558
作为《战狼Ⅰ》的延续，《战狼Ⅱ》的成功既是观众对吴京作品的肯定，更是对中国主旋律影片在市场化下的形式创新的肯定。
83 17 4 1 6 0.61
当《湄公河行动》成功收获了商业大片的票房时，便有了主旋律商业片的概念。
83 18 4 2 6 0.466
此后被称为“第二个湄公河行动”的《非凡任务》，也取得了票房和口碑的认同。
83 19 4 3 6 0.709
如今，《战狼Ⅱ》又创票房新高，成就了主旋律商业片乃至整个电影市场中商业片的一个范例。
83 20 4 4 6 0.284
但是，仅仅以目前几部影片来做样本，就想找到成功秘诀，就认为主旋律商业片的风口到了，这还需要打上问号。
84 9 3 3 5 0.665
相比较去年同期,影片阵容旗鼓相当,基于此假设除《战狼2》以外的33部影片能使8月总票房维持去年同期票房水平40.55亿元,另外《战狼2》票房达50亿元,剔除部分挤出效应,保守估计8月票房将超过65亿元,同比增长约60%。
84 8 3 2 5 0.505
今年“暑期档”共计影片96部,比去年减少4部,8月上映影片34部,较去年增加2部。
84 10 3 4 5 0.551
预计全年票房增速15-20%,预计下半年票房实现仍然需要依靠进口片。
85 2 1 2 2 0.667
《贪狼》上映5天票房突破3亿元，《十冷2》上映不到4天票房也超过6500万元，新片中表现确实还不错，然而《战狼2》依然强势，在让出两天单日票房冠军头衔给《贪狼》之后，《战狼2》又继续稳坐单日票房冠军宝座，如今票房更已经超过51亿元，接下来要对打的是国外电影《极盗车神》《星际特工：千星之城》，不知《战狼2》最终能把票房纪录定在多少！
85 1 1 1 2 0.496
信息时报讯（记者马泽望）原以为《战狼2》的热度会慢慢降温，毕竟刚刚过去的周末，市场上既有口碑和阵容都不错的《杀破狼·贪狼》（下称《贪狼》）、《破·局》，也有《十万个冷笑话2》（下称《十冷2》）这种口碑好笑点多的动画片，更有《二十二》《皮绳上的魂》这类有话题和深度的电影。
85 4 2 2 4 0.704
第二天，《贪狼》取得6332万元单日票房，而《战狼2》取得6226万元票房，《贪狼》以微弱优势压制《战狼2》。
85 3 2 1 4 0.549
新片中，上周四开始首映的《贪狼》，凭借《杀破狼》系列的名号、凌厉的动作场面以及古天乐、吴樾等人的号召力，在首映当天拿下6475万元票房，超过《战狼2》当天5983万元单日票房，前一周《心理罪》没能做到的事情，《贪狼》做成了。
85 5 2 3 4 0.468
差距这么小，不少影院经理都表示，《贪狼》“艳压”《战狼2》的日子到头了。
85 6 2 4 4 0.694
果不其然，虽然《贪狼》口碑很好，而且第三天票房升高到8108万元，但《战狼2》依然以9012万元单日票房反压《贪狼》，并且随后一直保持单日票房冠军头衔。
85 9 4 1 3 0.627
另一部比较抢眼的新片则是《十冷2》，这部搞笑动画片在上周五上映首日，票房取得2021万元。
85 10 4 2 3 0.459
本以为该片就此沉寂，没想到由于口碑发酵（豆瓣评分7.8分），该片随后几天票房都还可以，目前票房已有6500万元。
85 12 5 1 1 0.719
美国专业杂志《好莱坞报道》昨日的文章称，在单个市场上的票房成绩榜中，《战狼2》在上映25天内取得7.685亿美元（约人民币51.37亿元）的票房成绩，已经超越了《阿凡达》2009年在美国市场内取得的票房（7.497亿美元），成为全球电影中能在“单个市场中取得最多票房排行榜”中的第2名，第1名则是前年上映的《星球大战7：原力觉醒》，当时这部电影在美国市场拿下了惊人的9.366亿美元票房。
85 14 7 1 1 0.604
网友们都感叹，今年的“暑期档”直接可以叫“《战狼2》档”了，票房口碑双重爆这点不用再多讲，光靠该片就已经把今年1~7月国产电影票房比进口电影少43亿元的差额，补到国产片票房占比超过50%。
86 1 1 1 3 0.729
8月19日，电影《战狼2》的票房正式突破50亿元大关，将国产片最高票房纪录又推高了一个台阶。
86 2 1 2 3 0.197
与此对应的，除了普通观众的观影热情和主流媒体的肯定，也伴随质疑和争议。
86 4 2 1 3 0.609
据报道，很多外媒在介绍票房超过50亿元的中国电影《战狼2》时，形容其是“中国的兰博（RAMBO）”（注：《第一滴血》的主角，由史泰龙饰演。
86 5 2 2 3 0.313
该片于1982年10月22日在美国上映。
87 2 1 2 6 0.724
国产片中,上映仅5天的《战狼2》贡献了超过11亿的票房,成为整个暑期档最大的票房黑马。
87 1 1 1 6 0.397
1、电影产业方面,上半月优质影片缺乏,下半月重归增长。
87 3 1 3 6 0.495
此外,《悟空传》在本月也表现良好,取得了6.48亿的票房,占比13.7%。
90 1 1 1 2 0.684
新华网北京8月21日电（记者张淳）《战狼2》自7月27日上映以来，票房一路走高，截止目前已突破50亿，创造了中国电影票房新纪录。
90 2 1 2 2 0.673
同时，《战狼2》在中国市场的累积观影人次也正式达到了1.4亿，这也让吴京成为了最炙手可热的电影人。
92 3 2 2 3 0.667
而在未来几年，《战狼2》都将是华语电影市场的标杆。
92 2 2 1 3 0.597
截至昨日18：25，《战狼2》的票房已达51.6亿元人民币，顺利跨过50亿的大门槛。
92 4 2 3 3 0.569
刚过去的这二十几天，《《战狼2》掀起了各个维度的讨论，从电影创作到产业趋势，从大众心理到资本运转，的确，无论你是否喜欢这部电影，《战狼2》已经成为一个社会议题。
92 14 9 1 3 0.708
《战狼2》成为现象级电影之后，媒体也在深挖电影背后的资本布局。
92 15 9 2 3 0.364
谈到自己《战狼2》之后的感触，吴京说了一句“我要学会如何不被资本市场绑架”，令人联想颇多。
92 29 20 1 2 0.639
《战狼2》自上映以来一路过关斩将，屡创国产片最新纪录。
92 30 20 2 2 0.389
首日上映4小时破亿，从第二天开始，每日以2亿元以上的掘金速度，秒杀一切同档期影片。
92 32 21 2 2 0.607
66亿直接打破当时华语影史的最高单日票房。
92 31 21 1 2 0.067
在首周末，用3。
92 34 23 1 1 0.64
上映第9天，影片综合票房打破《美人鱼》创造的最快破20亿纪录，并迅速超越《捉妖记》、《速度与激情8》位列内地影史亚军。
92 35 24 1 3 0.719
随后，《战狼2》更是以每日4亿以上的票房连续刷新国产单日票房纪录，直接包揽国产片最高单日票房前三名，成功晋级30亿俱乐部。
92 36 24 2 3 0.676
虽然古天乐、吴樾等主演的动作片《杀破狼·贪狼》8月17日上映后首日票房6100万，拿下单日票房冠军，从而终结了《战狼2》持续22天的单日票房连冠纪录。
92 37 24 3 3 0.704
但在8月19日，《战狼2》以9010万元的成绩，再度将冠军夺回，同时综合票房突破50亿，它还以1.4亿的观影人次超越《泰坦尼克号》成为全球单一市场冠军。
93 1 1 1 4 0.654
上映20天，国产电影《战狼2》票房已经达到47亿元，并仍稳固盘踞在上座率的王座。
93 2 1 2 4 0.646
中国票房增速放缓之后，这次票房“爆款”的出现如大地惊雷，再次引发了各界对中国电影行业及文化软实力的重新探讨。
93 3 1 3 4 0.629
累计观众超过1亿人次，不但使《战狼2》进入电影史各项评比数据的前列，也使得这部电影不再是一部单纯的动作片，而具有了一种观察社会文化的透镜效应。
93 4 1 4 4 0.493
显然，《战狼2》已经成为当下社会文化的“大事件”。
93 5 2 1 1 0.63
票房“爆款”说明什么问题？“《战狼2》最大的意义，在于它将检验出中国电影市场水有多深，电影市场发展至今，潜力何在。”这是上海电影家协会副主席石川的观点。
93 6 3 1 3 0.704
放眼世界，能够用单片票房载入全球票房100强的榜单里，排在《战狼2》之前的是全球观众所熟知的《星球大战》《阿凡达》《泰坦尼克号》《侏罗纪世界》及《复仇者联盟》。
93 7 3 2 3 0.402
这些美国大片，都是无与伦比的特效和全球性的电影制作标准的产物。
93 9 4 1 2 0.611
有人说，《战狼2》是中国电影发展道路上的一次典型成功案例。
93 10 4 2 2 0.22
那么，从这个角度看来，票房到底意味着什么？
93 21 12 1 4 0.657
从张艺谋用《英雄》开创了中国大片时代的开始，高票房电影遭受众多非议已经成为了中国影坛的常态。
93 22 12 2 4 0.34
作为文化产品，电影“爆款”接受舆论的考验，本来是正常现象。
94 3 3 1 1 0.716
8月19日，《战狼2》的排片仍以25.9%位居第一，其总票房终突破50亿大关，创造了国产片票房新的纪录。
94 5 5 1 3 0.639
《战狼2》自上映以来一路过关斩将，屡创国产片最新纪录。
94 6 5 2 3 0.396
首日上映四小时破亿，从第二天开始，每日以2亿元以上的掘金速度，秒杀一切同档期影片。
94 8 6 1 1 0.618
上映第二周，《战狼2》的市场表现没有丝毫疲软，即便是工作日单日票房从未跌破2亿。
94 9 7 1 1 0.655
上映第9天，影片综合票房打破《美人鱼》创造的最快破20亿纪录，并迅速超越《捉妖记》《速度与激情8》位列内地影史亚军。
94 10 8 1 3 0.727
上周末，《战狼2》更是以每日4亿以上的票房连续刷新国产单日票房纪录，直接包揽国产片最高单日票房前三名，成功晋级30亿俱乐部。
94 11 8 2 3 0.676
虽然古天乐、吴樾等主演的动作片《杀破狼·贪狼》8月17日上映后首日票房6100万，拿下单日票房冠军，从而终结了《战狼2》持续22天的单日票房连冠纪录。
94 12 8 3 3 0.704
但在8月19日，《战狼2》以9010万元的成绩，再度将冠军夺回，同时综合票房突破50亿，它还以1.4亿的观影人次超越《泰坦尼克号》成为全球单一市场冠军。
94 13 9 1 1 0.789
除了在国内大火特火之外，《战狼2》以6.8亿美元的全球票房位居第100位，在国际上也闯出了知名度，它是第一部进入全球电影票房TOP100的中国电影、华语电影和非好莱坞电影，打破美国垄断，就目前的情况看，《战狼2》还会将单片票房纪录继续拉高。
94 20 16 1 1 0.675
9月28日《战狼2》下线后，国庆档各大影片接档，还将创造一个国产电影小高潮。
94 21 17 1 1 0.738
在《战狼2》成功破50亿的同时，“慰安妇”题材纪录片《二十二》票房破亿。
94 22 18 1 2 0.706
截至8月20日凌晨，这部纪录片在上映5天收获亿元票房，不仅打破了此前陆川执导的《我们诞生在中国》的6660万中国电影票房纪录片纪录，还将这一纪录带到新高点。
94 23 18 2 2 0.406
而《二十二》的投资仅300万，其中有张歆艺个人资助100万，另外众筹到100万用于影片的宣发。
94 26 19 3 4 0.617
票房6600万的《我们诞生在中国》最高的排片占比也仅仅为4.2%。
94 25 19 2 4 0.263
在周三更是拿到了纪录片目前排片占比最高的11.2%。
94 27 19 4 4 0.596
依靠良好的口碑（豆瓣9.1、猫眼9.5），《二十二》成为今年暨《战狼2》后又一部全民参与的话题性电影。
95 3 2 1 2 0.667
要说今年最火爆的电影，《战狼2》当之无愧。
95 4 2 2 2 0.369
票房节节高升，背后的北京文化股价也水涨船高，但一众公司高管趁机抛售股票，这对投资者来说，多少显得有些信心不足
95 23 12 1 3 0.614
北京文化此前参与《战狼2》，曾许下8亿票房的保底承诺。
95 24 12 2 3 0.596
票房保底是影视圈常用拉投资策略，电影发行公司对于投资方或制作方做出的票房承诺，如果影片最终未达到发行方保底票房数字，发行方还需按照此数额分账给对方。
95 25 12 3 3 0.65
也就是说，若《战狼2》票房失利，北京文化仍将按8亿票房给投资方分成。
96 1 1 1 2 0.804
随着《战狼2》票房即将突破50亿，该片成了唯一进入全球票房TOP100的中国电影。
96 2 1 2 2 0.284
联合出品、保底发行及宣发主控方北京京西文化旅游股份有限公司（下称“北京文化”）一战成名，走到了资本和产业关注的风口浪尖。
96 7 4 1 1 0.619
“中国电影绝对有能力达到单片50亿，之前没有人相信，《战狼2》无意中实现了，下一步是北京文化能不能做出这样的电影。”北京文化董事长宋歌告诉21世纪经济报道记者。
96 23 11 1 2 0.646
具体到《战狼2》的保底，宋歌回忆《战狼1》的制作和预算都不是很高的水准，却达到5亿票房，说明观众认可军事题材。
96 24 11 2 2 0.35
“看完《战狼2》的剧本，结合题材、预算的大幅提升、团队深度的开发、宣传等，我们很有信心做这个8亿的保底。”
96 41 19 1 2 0.637
《封神》项目发布于今年5月，《战狼2》还没有形成票房现象，宋歌公开表示《封神》将达到单片30-50亿票房，但没有人相信。
96 42 19 2 2 0.43
“我觉得《封神》能做到，因为这样的片子，应该有上亿的观众走进电影院，也就是几十亿的票房。”
97 1 1 1 1 0.735
上映以来，《战狼2》凭借良好口碑，居高不下的上座率，接连打破国内多项电影票房纪录。
97 2 2 1 2 0.815
截至目前，电影《战狼2》票房已超过50亿，创造了中国电影票房新的纪录。
97 3 2 2 2 0.522
同时，导演和主演吴京也成为了最炙手可热的电影人。
97 10 6 1 1 0.847
《战狼2》的最新票房，不仅刷新了中国电影票房纪录，也跻身全球票房前百名，受到了国际电影产业的关注。
97 11 7 1 2 0.702
目前全球最高票房的三部电影分别是阿凡达、泰坦尼克、星球大战7，战狼2票房超过50亿，已经超越了排名88的电影地心引力，这也是榜单中唯一一部不是好莱坞出品的电影。
97 12 7 2 2 0.392
目前，吴京已经接到了多位好莱坞导演的邀请。
98 1 1 1 2 0.804
随着《战狼2》票房即将突破50亿，该片成了唯一进入全球票房TOP100的中国电影。
98 2 1 2 2 0.284
联合出品、保底发行及宣发主控方北京京西文化旅游股份有限公司（下称“北京文化”）一战成名，走到了资本和产业关注的风口浪尖。
98 7 4 1 1 0.619
“中国电影绝对有能力达到单片50亿，之前没有人相信，《战狼2》无意中实现了，下一步是北京文化能不能做出这样的电影。”北京文化董事长宋歌告诉21世纪经济报道记者。
98 23 11 1 2 0.646
具体到《战狼2》的保底，宋歌回忆《战狼1》的制作和预算都不是很高的水准，却达到5亿票房，说明观众认可军事题材。
98 24 11 2 2 0.35
“看完《战狼2》的剧本，结合题材、预算的大幅提升、团队深度的开发、宣传等，我们很有信心做这个8亿的保底。”
98 41 19 1 2 0.637
《封神》项目发布于今年5月，《战狼2》还没有形成票房现象，宋歌公开表示《封神》将达到单片30-50亿票房，但没有人相信。
98 42 19 2 2 0.43
“我觉得《封神》能做到，因为这样的片子，应该有上亿的观众走进电影院，也就是几十亿的票房。”
99 2 2 1 1 0.655
截至8月19日，已经登上国产片票房第一宝座的《战狼2》票房突破50亿元，在该影片的强力助推下，暑期档票房也提前大半个月超越去年暑期档票房(124亿元)，站在了143.6亿元的历史高点。
99 4 3 2 2 0.603
如若没有《战狼2》，暑期档将极为惨淡。
99 3 3 1 2 0.488
北大文化产业研究院副院长陈少峰向第一财经记者表示，《战狼2》是特例，不能因此就以为国产片已经崛起，事实上，整个国产电影的质量问题还是比较突出的。
99 7 4 3 3 0.68
其中，国产电影仅占电影总票房的38%，为历史低点。
99 6 4 2 3 0.377
根据国家新闻出版广电总局电影局的统计，截至2017年6月30日，上半年总票房为273.46亿元，比去年同期的245.88亿元增长11.2%。
99 9 5 2 3 0.65
事实上，在《战狼2》上映前，暑期档一片低迷。
99 8 5 1 3 0.517
国产电影表现低迷，进而让人对国产片唱主角的暑期档表现不乐观。
99 10 5 3 3 0.537
如果看暑期档前半程，随着国产电影保护月保护力度减弱，在好莱坞大片的加持下，票房也仅仅比去年同比微增千分之四。
99 11 6 1 1 0.62
甚至进口大片也没能拯救暑期档，《变形金刚5》虽然拿到了暑期档票房排名第二的影片，但表现不及预期，从《变形金刚5》上映三天的总票房为7.8亿元看，这很可能是一部破20亿甚至可以冲刺30亿票房的影片，然而随后票房并没有能够延续好的开场，最终只拿到了15.5亿的票房。
99 12 7 1 4 0.688
然而，《战狼2》上映后，一扫暑期档电影票房低迷的阴霾，并让暑期档提前大半个月超越去年暑期档票房。
99 13 7 2 4 0.598
第一财经记者通过查阅猫眼数据显示，截至8月19日，暑期档票房已经达到143.6亿元，去年整个暑期档也只有124.3亿元，而《战狼2》独得50.3亿元，占目前暑期档票房35%。
99 14 7 3 4 0.662
可以说，整个暑期档靠《战狼2》撑起三分之一的票房。
99 15 7 4 4 0.456
多年从事院线经营的国内某连锁影院负责人施雷鸣也向记者表示：“暑期档上半程表现并不好，多亏了《战狼2》才撑起整个暑期档。”
99 16 8 1 2 0.68
抛开今年国产电影表现低迷不谈，放眼到票房开始高速增长的这几年，可以看出，中国电影票房纪录一直在被刷新。
99 17 8 2 2 0.72
从2011年到2017年当年票房前5名的影片，中国冠军票房的影片票房呈现非常快速的增长，从2011年《变形金刚3》的10亿票房，到2017年《战狼2》目前的50亿票房，几乎增长了4倍。
99 38 18 3 3 0.621
如果说某些电影的票房不及专业人士的预期，认为是电影观众的原因导致票房的失利，倒不如说是电影本身对于电影市场和观众的不够敬畏。
99 37 18 2 3 0.459
王文华认为，几部寄予厚望的影片，《变形金刚5》的票房未及预期，除了系列影片内容和风格的几乎毫无变化，对于IP的过度消费使得变形金刚的粉丝在审美上存在疲劳度，这从北美的票房不及预期中也可见一斑。
99 44 22 1 2 0.648
而《战狼2》则让业界了解中国电影市场有多大潜力。
99 45 22 2 2 0.543
上海戏剧学院教授、上海电影家协会副主席石川表示，《战狼2》就是这样一块探路石，它能探出今天中国电影市场的水有多深。
99 63 30 1 2 0.625
《战狼2》的成功虽不代表暑期档很成功，却告诉所有电影人，中国电影市场潜力还很大，观众数量庞大。
99 64 30 2 2 0.309
在如今这个信息时代，观众很明白什么是好的电影，就看你有没有能力拿下。
100 1 1 1 1 0.792
本报讯昨日，根据国家电影专资办的数据，吴京[微博]执导电影《战狼2》上映24天，票房正式突破50亿人民币！自超越《美人鱼》以来，电影《战狼2》在映的每一天都在刷新中国影史票房纪录，而目前，吴京已将国产电影票房天花板拉升至50亿的新高度。
100 2 2 1 2 0.715
除了票房纪录外，《战狼2》在中国市场的累积观影人次也正式达到了1.4亿，成功超越了《泰坦尼克号》北美市场观影人次1.38亿的记录，荣登“单一市场观影人次”全球榜首。
100 3 2 2 2 0.395
有网友开玩笑道，“1.4亿个精神股东，这恐怕是史上第一规模的董事会吧。”上映23天，累积观影人次1.4亿。
100 4 3 1 1 0.616
《战狼2》彪悍的战绩也从美国权威票房网站得到了肯定，在BOXOFFICEMOJO网站上，《战狼2》之前的发行商是N/A（即不适用的意思），而昨天发行商已登记为HCollective，在全球票房TOP100的榜单中，《战狼2》也已成功登记，把之前的《阿甘正传》换成了《战狼2》。
