1 19 7 4 4 0.609
反观今年惊艳登场的两部电影——印度的《摔跤吧！爸爸》和泰国的《天才枪手》，国内观众对于进口影片的审美喜好和消费需求的转变可见一斑。
1 18 7 3 4 0.562
《速度与激情8》《蜘蛛侠：英雄归来》《正义联盟》等好莱坞大片口碑与票房都不复当年之勇。
3 7 4 2 4 0.666
许多电影人记得，2012年好莱坞分账大片数量一下子提高七成，但中国电影不惧挑战。
3 6 4 1 4 0.477
“民族电影文化占据主导地位”的判断更值得一说。
3 8 4 3 4 0.442
今年全国总票房中，国产影片票房262亿元，占比52.4%。
3 18 8 1 4 0.687
近来，主旋律影片创新性发展十分亮眼。
3 19 8 2 4 0.482
越来越多中国电影人在认真回答一个问题：如何让主旋律更加响亮，正能量更加强劲。
4 7 6 1 1 0.65
《战狼2》单片累计票房55.8亿元，贡献了暑期档34％的票房，更重要的是在社会上引起对于国产电影的巨大关注，调动了广大观众对国产电影的观影兴趣和热情。
6 4 2 2 4 0.646
而《战狼2》的开发制作，正是围绕着“文化自信”这个课题和机遇，成功开创了一种全球化视野下的新型主旋律电影类型。
6 3 2 1 4 0.372
怎样增强文化自信？这是摆在文化产业工作者面前的一道课题，更是一次机遇。
6 5 2 3 4 0.55
这部电影自信地喊出了“你的背后有一个强大的中国”这样中国崛起背景下能引发全社会共鸣的台词，体现了中国特色的强军之路，同时也展现普世的情怀，引起全球范围内的关注，向全世界输出价值观，创造了超过56亿票房的国产片观影史上的奇迹。
7 2 2 1 2 0.63
日本Cinemart艺术院线的馆长日前精选了来自全世界的14部影片进行展映，《战狼2》荣幸地成为首部推荐影片。
7 3 2 2 2 0.657
其他华语电影还包括张家辉和古天乐主演的电影版《使徒行者》。
7 5 3 2 2 0.638
相比即将上映的吴宇森导演的《追捕》，《战狼2》是百分百的国产电影，也没有用日本的IP，值得自豪。
7 4 3 1 2 0.577
一直以来，中日两国在电影进出口上一直是“逆差”，如今年登陆内地大银幕有《哆啦A梦》、《深夜食堂2》等日本电影，但国产电影在日本上映的情况并不多见。
7 7 5 1 2 0.632
此外，值得注意的是，这次上映的Cinemart艺术院线，普遍放映的是文艺片，馆长在中国电影的选择上，没有选贾樟柯、娄烨等导演的艺术电影，而是选择了《战狼2》，显然对这部亚洲票房冠军作品兴趣十足，同时也想依赖这部电影帮他赚的盆钵皆满。
7 8 5 2 2 0.56
虽然不同文化，但是普通观众对电影的诉求都差不多，在众多文艺片中，《战狼2》有望脱颖而出，受到日本观众的欢迎。
8 1 1 1 4 0.632
自从有了电影，很快就有了主旋律电影。
8 2 1 2 4 0.646
苏联把电影当做引导主流价值观的最重要的手段之一，拍摄了大量主旋律电影，《战舰波将金号》《十月》等名作被无数后来人奉为经典。
8 3 1 3 4 0.629
而弘扬美国价值观的主旋律电影就更不鲜见了。
8 4 1 4 4 0.673
新中国成立以后也拍摄过大量的主旋律电影。
8 6 2 2 3 0.611
虽然票房不是衡量影片质量的唯一指标，但是要弘扬主旋律、释放正能量，在电影市场上就需要这样“叫好又叫座”的片子。
8 5 2 1 3 0.369
盘点近年来高票房主旋律影片，除了尚未封顶的历史新高《战狼2》，还有《湄公河行动》（2016年，10亿），《智取威虎山（3D）》（2014年，8.8亿），《战狼》（2015年，5.34亿），《建国大业》（2009年，4.3亿），《集结号》（2007年，2.6亿），《风声》（2009年，2.3亿），等等。
8 7 2 3 3 0.319
那么，这些影片何以掀起一波又一波现象化浪潮呢？
8 8 3 1 4 0.602
2009年国庆献礼片《建国大业》成为主旋律浪潮的一个经典案例。
8 9 3 2 4 0.285
该片尝试贴近和还原历史真实，以立体化、个性化的方式进行角色塑造，以更加柔性的方式进行理念的传达。
8 11 3 4 4 0.606
“主旋律”电影通过商业化策略升级转型，实现了在中国电影产业格局中的突围。
8 10 3 3 4 0.47
片中毛泽东、蒋介石以及一众人物形象，多给人耳目一新之感，最终获得4.15亿票房成为当年冠军。
8 15 4 4 4 0.626
影片杂糅了好莱坞超级英雄片、香港动作片、徐式武侠片以及现代战争片的不同形态。
8 14 4 3 4 0.353
制作上，特技出彩，战斗场面适度夸张。
8 16 5 1 2 0.656
《湄公河行动》取得了进一步的成功，它究竟是“主旋律”电影的商业化，还是商业电影的“主旋律”化，已经很难区分。
8 17 5 2 2 0.581
而这恰恰说明“主旋律”电影与商业类型电影之间的借鉴与融合，或许已经进入了一个更加自然和自如、被称为“新主流电影”的全新阶段。
9 3 2 1 1 0.638
《战狼2》在上映超过一个月后，尚能票房压制了新上映《敦刻尔克》等好莱坞巨制大片，标志着中国影人同样有能力拍摄出为广大观众喜闻乐见的本土商业大片。
9 11 9 1 1 0.613
中国电影教育，几十年里都是学欧洲的艺术电影，学法国的新浪潮，以拍艺术片为荣，以拍商业片为耻，从电影编导到广大艺术院校的师生们，长期推崇欧洲甚至亚非拉的艺术电影，鄙视好莱坞的“工业电影”，所以到了世纪之交，中国电影似乎脱离人民大众太久了。
9 28 25 1 1 0.605
这句话来自王家卫电影《东邪西毒》里的一句台词，恰如其分地反映了中国电影人如此热衷冲击奥斯卡的原因。
9 32 29 1 2 0.643
这些年的华语电影，一直努力将电影的大方向朝着商业类型片和重工业大片上靠拢，要从这些商业气息浓重的电影中选取符合奥斯卡评选标准，且能获得行业代表认同的片子，确实不好选。
9 33 29 2 2 0.422
而脱离了“商业大圈”，挣扎求存的文艺电影又被行业代表所“歧视”。
10 14 10 1 1 0.605
这句话来自王家卫电影《东邪西毒》里的一句台词，恰如其分地反映了中国电影人如此热衷冲击奥斯卡的原因。
10 17 13 1 2 0.643
这些年的华语电影，一直努力将电影的大方向朝着商业类型片和重工业大片上靠拢，要从这些商业气息浓重的电影中选取符合奥斯卡评选标准，且能获得行业代表认同的片子，确实不好选。
10 18 13 2 2 0.422
而脱离了“商业大圈”，挣扎求存的文艺电影又被行业代表所“歧视”。
12 44 25 1 1 0.64
这两部影片无论是选题还是影片质量，都比战狼2更符合奥斯卡的胃口。
12 53 31 1 3 0.612
然而就是这么一部票房口碑双扑街的《大唐玄奘》，还是是经过专家评委讨论得出得以选送奥斯卡。
12 54 31 2 3 0.467
毕竟它的最大优势，在于符合“一带一路”的大背景，获得过丝绸之路电影节最佳故事奖，是“中印友好交流题材的重点影片项目之一”，黄晓明还因此受到印度总统的赞赏，为中印文化做出了重要贡献。
12 63 34 4 5 0.675
这个电影送奥斯卡参赛，是中国电影的认知耻辱。
12 62 34 3 5 0.378
如果把这个片子代表国产电影送奥斯卡参赛，我认为是有关部门领导昏庸和拍马屁习惯所致。
12 64 34 5 5 0.333
我完全不明白为什么要送这个电影参评奥斯卡，请有关部门说出理由。
12 66 36 1 3 0.639
然而这些年的华语电影，一直努力将电影的大方向朝着商业类型片和重工业大片上靠拢，要从这些商业气息浓重的电影中选取符合奥斯卡评选标准，且能获得行业代表认同，确实不好选。
12 67 36 2 3 0.422
而脱离了“商业大圈”，挣扎求存的文艺电影又被行业代表所“歧视”。
13 10 5 1 4 0.615
这部影片成功的秘诀何在？它无疑打破了正统的中国战争片的叙事模式，将一个商业产品与中国新生代的爱国主义热情巧妙地结合在了一起。
13 11 5 2 4 0.527
影片成功地借鉴了好莱坞动作片的美学，同时准确迎合了大部分中国年轻人头脑中深藏的意识形态。
15 1 1 1 2 0.644
新浪娱乐讯9月20日，吴宇森带着电影《追捕》受邀出席第十五届全国院线国产影片推介会暨青岛电影交博会，以华语电影人代表之一畅谈自己对当下电影市场的感受。
15 2 1 2 2 0.593
吴宇森表示，自己曾一度对中国电影市场前景担忧，好在近来国产佳作屡破票房成绩，令他坚信“我们的观众还是喜欢看自己的电影”，同时，吴宇森还赞赏了《战狼2》在暑期档的表现：“我觉得这个电影，可以看得出它的努力求新，看得出来导演惊人的创作力。”
16 7 5 1 1 0.627
德国专业电影杂志FILMSTARTS在评价《战狼2》时写道，还没有哪一部中国电影能够赚这么多钱，它在中国创造了一个票房神话，而且还在不断刷新自己的纪录。
18 3 2 1 3 0.605
《战狼2》是今年暑期档的“现象级”电影。
18 4 2 2 3 0.129
截至9月1日，其单片票房已高达55亿元人民币。
18 5 2 3 3 0.606
据悉，此次在德国上映的《战狼2》电影为OMU版本，即电影中文原声配德文字幕，以同时满足中国和德国观众群体的需求。
18 14 8 1 1 0.627
德国专业电影杂志FILMSTARTS在评价《战狼2》时写道，还没有哪一部中国电影能够赚这么多钱，它在中国创造了一个票房神话，而且还在不断刷新自己的纪录。
19 1 1 1 3 0.654
今年的中国电影市场，《战狼2》注定是绕不开的话题。
19 2 1 2 3 0.31
在今年内，56亿的票房神话恐怕难以再被复制。
20 4 2 1 1 0.634
《人民日报》海外版主编李舫率先发言表示，《战狼2》在北美也引起很大关注，其成功原因有：1，刚健的姿态、英雄的血性引发群众共鸣；2，主题契合了“中国梦”表达的需要；3，是类型片中的优秀作品，也是我们从电影大国迈向电影强国的标志；4电影化改革催生了大批优秀作品，也培育了大批电影受众。
20 6 4 1 3 0.601
陈旭光认为，《战狼2》是一种类型加强型、类型融合型的新电影，它以三种类型或者亚类型为底子：战争、动作、超级英雄电影，以动作为主。
20 7 4 2 3 0.549
“如果说中国20世纪的一个主题是中学为体西学为用，那么《战狼2》在一定程度上做到了类型为体、中国现实为用，无论是香港的还是好莱坞的，不拘一格，唯我拿来。”詹庆生用八个字总结《战狼2》的成功原因：“题材、突破、动作、动情”。
20 12 7 1 3 0.617
索亚斌谈论了两方面观点，一个是中国电影超级英雄的塑造，还有一个是对《战狼2》的市场分析。
20 13 7 2 3 0.717
索亚斌认为，《战狼2》是香港的商业电影、美国的商业电影经验和内地传统主旋律电影的一种结合，主角是小人物也是英雄，并且很有个性。
20 14 7 3 3 0.567
市场方面，索亚斌称在今年暑期档里，《战狼2》与《二十二》“阴阳相成”：“有人说‘大树底下不长草’，《战狼2》席卷了一切票房，但《二十二》是唯一的例外，在投入产出比上，可能《二十二》更具有爆炸性的成功。《战狼2》和《二十二》两个片子之间，《二十二》不是全身而退，而是受惠于《战狼2》。这两个片有相似的地方，同样有战争的背景，有中国和其他国家的关系，不是关注国家的层面，而是关注个人的层面，尤其都有体制边缘小人物的身份和命运。”
21 2 2 1 2 0.657
同时《小丑回魂》也有望成为史蒂芬·金所有33部电影改编作品中票房最高的一部。
21 3 2 2 2 0.401
《小丑回魂》也即将超过《绿里奇迹》的1.36亿美元，指日可待。
23 3 2 1 10 0.659
2017年，电影《战狼2》一路领跑国内电影票房，同时也让人们对于中国援非医疗队这一群体有了更多的好奇。
23 4 2 2 10 0.542
本周《天天向上》“行业榜样”系列节目将中国医生从幕后拉到了台前，作为《战狼2》中扮演中国援非医生瑞秋的卢靖姗温暖助阵，与天天兄弟分享在非洲拍摄的故事。
24 30 9 3 3 0.6
香港和內地的电影交流随着时代的发展而紧密融合，把这样一部中国电影史上的优秀作品带到香港，是主演们归“乡”的情怀，更是内地与香港文化交流的体现。
24 29 9 2 3 0.592
香港是中国电影重要的制作基地，有着辉煌的历史和传世之作，造就了众多国际影星。
24 31 10 1 1 0.635
就目前的势头来看，《战狼2》即将创造纯内地电影在香港上映的票房新纪录，我们拭目以待。
27 7 4 2 3 0.605
败给了阿汤哥主演的电影《美国制造》，还有票房近40万的美国电影《小丑回魂》。
27 6 4 1 3 0.408
但截止到9月7日19点《战狼2》在香港的首日票房只有23.7万，跟内地相比只能用惨败来形容。
27 8 4 3 3 0.172
在受欢迎程度上也只排名第5，单日场次只有87场。
28 6 4 2 3 0.605
败给了阿汤哥主演的电影《美国制造》，还有票房近40万的美国电影《小丑回魂》。
28 5 4 1 3 0.408
但截止到9月7日19点《战狼2》在香港的首日票房只有23.7万，跟内地相比只能用惨败来形容。
28 7 4 3 3 0.172
在受欢迎程度上也只排名第5，单日场次只有87场。
30 4 2 1 4 0.6
然而，《战狼2》的成功并不代表国产电影市场的回暖，反而进一步暴露了国产片的不足。
30 5 2 2 4 0.303
界面新闻注意到，今年暑期档上映的国产片总票房为108.02亿元，占比66%。
33 29 13 2 2 0.657
好莱坞几乎垄断了世界科幻战争电影，并用百年的时间在全世界培育科幻电影的观众。
33 28 13 1 2 0.545
李洋坦言，中国电影在科幻领域，还是一个“小学生”。
36 1 1 1 1 0.63
一部“现象级”军事题材影片，和今年夏日的天气一样火热。
38 3 2 1 1 0.607
人红是非多，作为第一部进入全球百强榜的国产电影，《战狼2》再次摊上事了。
40 20 9 3 3 0.601
虽然被《战狼2》粉饰了颓废，但暑期档仍缺乏高品质电影。
40 19 9 2 3 0.263
整体来看，票房结构出现了明显的分化，腰部力量较弱。
40 32 16 2 2 0.686
除了动作类型电影《战狼2》创下华语电影票房纪录，《杀破狼·贪狼》也取得5.08亿票房成绩；此外动作、悬疑犯罪类型电影《心理罪》2.94亿；奇幻、动作结合电影《悟空传》6.96亿；武侠类型结合的《绣春刀2》2.66亿。
40 31 16 1 2 0.46
今年暑期档，共有15部动作类型电影，占据近一半的市场份额。
40 39 20 1 2 0.627
成立于去年10月的全国艺术电影放映联盟，也于近期在66个主要城市、270块银幕专线，放映了今年奥斯卡最佳影片、最佳男主角的获奖影片《海边的曼彻斯特》，虽取得644万票房，但对艺术电影却有着重要意义。
40 40 20 2 2 0.163
联盟发起方之一万达影业，则宣布将为《二十二》启动全国万达影城的长线放映。
44 17 5 3 3 0.624
8月41部影片中9部过亿，由于《战狼2》强大的续航能力，其他电影只占据了38%的票房，普遍表现欠佳，无论是热门IP或是青春爱情片，在这个八月基本都沦为了《战狼2》的炮灰，在《战狼2》的热潮退去后，其他影片后继乏力。
44 16 5 2 3 0.326
《战狼2》引领的票房爆发一直延续到8月末，整个8月放映场次为852万场，与7月基本持平，但观影人次却增长了45%，让这个月成为今年2月后，场均人数再次达到20人以上。
44 22 8 1 3 0.656
电影本身继承了《智取威虎山》、《湄公河行动》的主旋律动作类型创新，除了成熟的类型片技术把控，还“生逢其时”地激发了观众的爱国热情。
44 23 8 2 3 0.341
值得注意的是，《战狼2》几乎凭一己之力弥补了国产片和进口片之间半年的差距，且硬生生地将上半年国产片仅38%的占比拉升至50%，上映之前7月影市仅收获33.5亿票房，不仅无望超越2015年，连与去年同期的45.1亿打平也颇有难度，但在此片的带动下，仅是7月后4天此片就贡献近11亿元。
48 9 5 1 2 0.616
但是从不同类型影片对票房的贡献来看，今年暑期档的电影市场仍依靠大片。
48 10 5 2 2 0.558
仅《变形金刚5》和《战狼2》两部影片的票房，就占到整个暑期档的半壁江山。
48 18 10 1 1 0.621
今年暑期档猫眼电影合作影片中票房过亿的电影仅有3部，且没有作品进入5亿阵营，而这也是猫眼电影首次被拉开差距。
51 4 2 1 1 0.665
随着票房的不断推高，中国和好莱坞都在重新思考如何最好地接近和利用中国电影市场，因为中国电影市场有望在未来几年成为世界上最大的电影市场，而《战狼2》在此时正好展示了一部精心制作的中国电影。
51 11 6 2 2 0.6
在中国电影“出海”里，高于100万美元的票房收入已经被认为是中国电影在海外获得成功的标准。
51 10 6 1 2 0.414
据悉，该公司拥有《战狼2》北美放映的版权，而该片在北美的票房收入已超过230万美元。
51 18 9 1 3 0.615
但是《Variety》指出，对于好莱坞来说，《战狼2》票房的一路高歌也为他们痴迷于提升中国对进口影片配额的行为上了一课。
51 19 9 2 3 0.449
虽然现在好莱坞电影公司与中国当局就放松对进口影片的限制的协议还在谈判中，但是这种做法是很短视的。
51 23 12 1 1 0.617
总是想着中美合拍电影能带来票房似乎已经渐渐成为徒劳，过度的炒作、主题的变化以及好莱坞电影试图去迎合中国人的口味也被证明正在被市场厌倦，曾经中国电影市场认为西方明星会带来电影票房效应的概念也正在弱化。
52 10 3 1 2 0.637
中国观众对这部电影爱国主义的展现和吴京精彩的打斗反响强烈。
52 11 3 2 2 0.441
“中国已经找到了自己的兰博”，“我们期待这个领域更多的电影”，亚提森格维电影公司总裁RANCEPOW认为这“显然是一个很重要的事件。”
52 13 4 2 3 0.663
《战狼Ⅱ》是一部精心制作的中国电影，但它的成功也离不开好莱坞的支持。
52 12 4 1 3 0.58
在这一过程中，《战狼2》引起了好莱坞对如何更好地靠近和开发这个有望在未来几年成为全球最大电影市场的反思。
52 14 4 3 3 0.554
3000万美金的投资允许吴京可以邀请到像Joe（《创：光速战记》的作曲）和AnthonyRusso（《美国队长：内战》特效导演）这样的好莱坞电影制作人做影片顾问。
53 7 3 1 3 0.668
如果没有《战狼2》热血席卷票房，包揽整个暑期档电影冠军，我们已经很久没有看到现象级的军旅题材影视作品了。
53 8 3 2 3 0.418
在这个告别革命的年代里，玄幻、修仙、都市甚至民国剧都还能在IP大潮中博得资本的青睐，尤其是能够荟萃鲜肉小花的古装题材始终是影视业的投资热点。
54 5 3 2 2 0.615
《战狼2》成了继《人民的名义》之后又一部捕获老中青三代人的影视剧，成了主旋律影视剧的现象级大爆款、大IP。
54 4 3 1 2 0.235
很多观众看了以后，大呼过瘾，有的干脆刷了二场刷三场，有的年轻人自己看了，还带着父母看。
54 7 5 1 2 0.632
相比近年来拍摄的一些抗日“神剧”、主旋律“大片”，《战狼2》的成功做法十分值得学习借鉴。
54 8 5 2 2 0.506
《战狼2》用事实证明，不是我们的70后、80后缺少家国情怀，更不是我们的90后、00后缺少英雄热血，而是我们的主旋律影视剧一定程度上存在盲目跟风、生硬叙事、情节粗糙等问题，为弘扬主旋律而刻意“弘扬”，很难打动观众。
55 11 4 2 4 0.635
前段时间大爆的影片《战狼2》，刷新了华语电影最高票房纪录。
55 10 4 1 4 0.309
拥有“文艺片女王”称号的余男，一直以来都以低调有实力著称。
55 12 4 3 4 0.297
余男所饰演的龙小云美丽、冷静，与冷锋的惺惺相惜给观众留下深刻的印象。
55 15 5 2 2 0.604
年内还有电影《最长一枪》待播，新作品《人质列车》正在紧张拍摄中。
55 14 5 1 2 0.325
据悉，由余男主演的影片《引爆者》将于10月27日在全国公映，片中和段奕宏[微博]火花四射的感情戏份，还未播出就已经博得一众关注的目光。
58 1 1 1 1 0.68
本文来自猫眼电影电影《战狼2》票房成功有，有消息爆出该作品很可能将要被改变成电视剧。
62 3 2 1 2 0.658
《战狼2》的巨大成功和全民热捧，让世界看到了中国电影市场的潜力，也点燃了中国电影人用心专注制作好电影的信心。
62 4 2 2 2 0.602
柏安参加《战狼2》答谢宴时表示：“《战狼2》是一部充满激情和正能量的电影，许多情节非常感人，是近年来最具国际水准的动作类型电影，其质量绝不输给好莱坞。《战狼2》不仅让吴京导演成为了中国的史泰龙，更让作为演员和观众的我强烈感受到吴京导演的认真、专注和拼命。正如京哥在答谢宴上所说，中国电影人是在用生命拍电影。京哥用自己的实践告诉我们，专注且拼命地做好一件事，认真对待自己的每一个角色和机会，才会迎来成功和掌声。”
65 3 2 2 2 0.722
这部没有流量明星挑大梁的电影是如何成功的？影片的品质与高票房是否匹配？主旋律商业片是两种类型片的交融尝试还是中国特色的电影新品种？近日，《绿海副刊》邀请北京电影学院助理研究员程麒台，从专业视角说说这匹难得一见的“战狼”。
65 2 2 1 2 0.518
电影《战狼2》仅用了13天，就打破了《美人鱼》创下的34亿票房纪录，截至记者发稿前，尚在放映期的《战狼2》票房已达53亿，把中国电影票房最高纪录整整拉高了一个台阶。
65 10 4 6 8 0.631
暑期是国产电影保护月，有票房冲击力的外国大片瓜分不到《战狼2》的市场份额。
65 9 4 5 8 0.547
换句话说，观众早已在满心希冀一部良心电影的到来！此外，《战狼2》选择在暑期上映，并赶在了八一建军节前夕，这是电影制作方对上映时间的精准把握。
65 11 4 7 8 0.523
而《战狼2》内容又与八一特有的军事氛围相契合。
65 19 6 1 4 0.605
“人和”是指《战狼2》的成功，是制作方、发行方、电影观众等共同作用的结果。
65 20 6 2 4 0.508
《战狼2》的成功，不仅在于它出现在“对的”时间、“对的”空间，更在于它本身是一部“对的”影片，具备“引爆”市场的实力。
65 25 8 1 5 0.674
程麒台：《战狼2》取得了国产电影史上最高的票房，并使国产电影第一次杀入了全球票房电影100强。
65 26 8 2 5 0.351
然而，高票房并不能等同于高质量。
66 4 2 2 2 0.62
然而，《战狼2》票房超越《美人鱼》登顶中国电影票房冠军后，它背后以北京文化为代表的14家出品方以8亿保底发行的结果是，产业发生了变局。
66 3 2 1 2 0.509
随着近十年来中国电影票房市场的高歌猛进，横亘在一线的中国电影公司巨头虽有波动但一直还较为稳定。
67 3 1 3 3 0.678
在中国电影市场发展似乎遇到拐点的时候，这部国民级影片票房数字背后的故事，更值得我们挖掘与分析……
67 2 1 2 3 0.179
早在8月19日，其总票房就已突破50亿大关。
67 6 3 2 2 0.7
这意味着本片不仅是中国内地电影历史上第一部票房达到50亿+级别的电影，更让中国电影市场“走进新时代”。
67 5 3 1 2 0.31
截至8月23日晚，《战狼2》累积的综合票房达到了52.37亿，分账票房（去除服务费）48.93亿。
67 8 5 1 1 0.622
票房50亿是什么概念？一部《战狼2》的票房超过了5部漫威超级英雄大片的内地票房总和。
70 1 1 1 3 0.671
参考消息网8月25日报道美媒称，《战狼Ⅱ》这部爱国主义影片刚刚成为中国史上票房最高的影片，也是第一部跻身全球票房前100名影片行列的非好莱坞影片。
70 2 1 2 3 0.633
用好莱坞手法讲述爱国主义故事是中国电影人一直以来的梦想，《战狼Ⅱ》证明他们能够做到这一点。
70 3 1 3 3 0.386
这对中国观众而言是一个好消息——但对好莱坞来说则敲响了凄厉的警钟。
70 10 4 2 3 0.676
中国本土电影人找到了一些他们能够挖掘的影片类型，另外，随着电影制作预算增加以及广泛接触好莱坞影片，中国电影人讲故事的技巧提高了。
70 9 4 1 3 0.18
但是，近来情况逐渐发生变化。
70 11 4 3 3 0.495
前些时候上映的几部国产喜剧片因为接地气的幽默、出色的制作水准以及主题触碰中产阶级的焦虑而票房大火。
70 16 7 1 4 0.645
电影的主角兼导演吴京并不否认影片中一些情节是受到美国卖座大片的启发。
70 17 7 2 4 0.449
他在一次采访中表示，美国能制作宣扬美国精神的电影，为什么我们不能制作宣扬中国精神的影片呢？几年前，他很可能做不到这一点。
71 10 4 1 2 0.606
对外经济贸易大学研究员冯仕亮表示，仍在热映的电影《战狼2》登顶华语影史票房冠军，猫眼电影对其票房的预测为52.85亿元。
71 11 4 2 2 0.383
取得这一成绩，《战狼2》只用了不到12天时间。
72 17 7 2 4 0.638
有人认为《战狼2》的成功是利用爱国主义情怀，显然这部影片的成功并非这么简单。
72 16 7 1 4 0.245
内容方面，笔者认为一定要突出主题。
72 18 7 3 4 0.474
大荧幕上的爱国影片数量很多，为何没有一部引发这样的收看热潮。
75 4 2 3 4 0.611
对比中国影史另两部高票房影片《速度与激情8》和《美人鱼》，总结起来就是谁的档期蛋糕大，吃蛋糕的人少，谁就票房最高。
75 3 2 2 4 0.458
也就是说，8月这一暑期档黄金时期的全国票房几乎被《战狼2》收割了大半。
75 5 2 4 4 0.453
由于《战狼2》所处的暑期档本身蛋糕就很大，且档期罕有对手，导致其吃掉了该档期大部分票房。
76 11 5 3 6 0.639
当时《士兵突击》《我是特种兵》这类当代军事题材的电视剧收视率都很高，说明有这个市场需求，觉得影片票房15亿元没问题，这是一部全民电影，有广大的群众基础。
76 10 5 2 6 0.339
当时他通过制片人吕建民联系到我，我们用电视看《战狼1》，觉得非常不错。
76 12 5 4 6 0.458
主旋律军事题材在国外早就是一个大门类，中国一定也会出现这样的门类，由富到强的中国人，也迫切想看到国家国防和军事力量的强大。
76 13 5 5 6 0.679
当时我们已经知道中影要拍《建军大业》，它是历史题材，而《战狼2》是现代军事题材，一个历史，一个当下，两部影片可以相互支撑。
76 14 5 6 6 0.03
后来把档期提前到7月27日晚8时01分，因为建军是在1927年，8时01分是向建军节献礼。
76 16 6 2 4 0.643
尹鸿认为，《战狼2》从三个方面为国产电影树立了标杆。
76 15 6 1 4 0.579
“翻看全球票房100强，《战狼2》不仅是唯一一部华语片，也是唯一一部非好莱坞片。”清华大学尹鸿教授认为，《战狼2》的国内票房已经证明中国市场在全球举足轻重，单一国家市场就能在全球排名前列。
76 17 6 3 4 0.594
先是精益求精的制作，“《战狼2》的成功首先是专业精神、工匠精神的成功，这也恰恰是很多粗制滥造的国产电影最缺乏的”；其次是具有时代感和主流价值观的人物和故事，“好莱坞塑造的超级英雄都是西方化的，《战狼2》塑造的是大国崛起背景下的中国式超级英雄”；最后是类型定位和创新，《战狼2》的动作设计和场面表达，完全可以和好莱坞类型片媲美。
76 21 7 3 4 0.69
所以没有必要拿这部影片谈中国电影的“走出去”，或是将它和好莱坞电影票房进行比拼。
76 20 7 2 4 0.591
在倪骏看来，《战狼2》讲述的是中国故事，背后是中国大国崛起的价值观，但想在海外市场取得好票房并不容易。
76 22 7 4 4 0.585
“好莱坞做的是全球市场，塑造的往往是世界英雄，而《战狼2》塑造的仍然是中国式的孤胆英雄。中国人口基数巨大，讲好中国故事，照顾好这部分观众，票房已经非常可观。”
77 12 3 3 8 0.636
毕竟我参与过《人类清除计划》系列和漫威电影宇宙的影片，相比之下那些影片的制作水准更高一些。
77 11 3 2 8 0.585
我看过第一部作品，对于我了解的中国电影市场而言，我觉得这是一部挺酷的电影。
77 13 3 4 8 0.405
我只是觉得，万一这部影片和前作一样在中国取得成功，那会是一件很棒的事情。
77 38 8 1 3 0.656
在中国，喜剧和爱情题材的本土影片往往能够击败同类型的好莱坞电影，因为中国影迷更喜欢在银幕上看到自己的语言或者本土文化，然而注重动作和特效的大片却能主宰中国电影市场。
77 39 8 2 3 0.698
《战狼2》可能是第一部达到好莱坞大片制作水准的中国动作影片，票房也超过了很多好莱坞大片。
77 40 8 3 3 0.413
美国电影公司是否应该为这种竞争力感到担忧呢？
77 45 10 2 5 0.675
《战狼2》很棒，也有一些海外票房，但主要还是为中国市场拍的一部中国电影。
77 44 10 1 5 0.526
好莱坞更应该担心的是，下一代的中国电影已经呈现出争夺海外市场的迹象了。
77 46 10 3 5 0.521
如果乔·罗素这样能从国际角度来理解故事的导演开始和中国电影人合作，你会发现中国电影会在亚洲、欧洲和南美观众，甚至是北美观众中产生反响。
78 23 13 1 2 0.651
除此之外，影片类型亦是电影票房成败的一大关键。
78 24 13 2 2 0.58
纵观票房“10亿+”的19部国产片，喜剧和动作类型片最受观众的欢迎。
79 1 1 1 2 0.654
其实分析之前四周的4轮对战战况，《战狼2》的实力没有哪部敢正面对抗，《战狼2》无论是动作场面还是剧情情怀，都是国人热爱和推崇的，加上电影持续的宣传和票房的递增，已经成为中国现象级电影。
79 2 1 2 2 0.395
一路走来，还以为《战狼2》会在新片的围攻之下败下阵来，却不曾想到会在每个周末实力反弹，连斩4轮新片，用实力捍卫票房，一直稳坐票房冠军宝座。
80 3 1 3 3 0.646
本周六，CCTV-6电影频道的首档电影主题综艺秀《国片大首映》的嘉宾邀来硬汉吴京携《战狼2》及女主角卢靖姗再度回归。
80 2 1 2 3 0.335
在举国影迷欢庆的同时，吴京[微博]近来亦是炙手可热。
81 3 2 1 4 0.636
业内人士认为，《战狼2》开启了军旅题材电影的新篇章，实现了国产军旅片在类型化探索中的新突破。
81 4 2 2 4 0.441
这一点，在《战狼2》对武器装备的大胆运用上体现得最为充分。
83 1 1 1 4 0.605
今夏除了酷热的天气，最炙手可热的就要属电影《战狼Ⅱ》了。
83 2 1 2 4 0.771
自上映之后，它刷新了中国电影票房新纪录，也成为中国军事题材动作电影的现象级作品。
83 3 1 3 4 0.696
作为《战狼Ⅰ》的延续，《战狼Ⅱ》的成功既是观众对吴京作品的肯定，更是对中国主旋律影片在市场化下的形式创新的肯定。
83 4 1 4 4 0.597
爱国主义和英雄色彩作为内核，凌厉的动作戏和炫酷燃爆的战斗场面作为包装，这道用好莱坞方式烹制的中国大餐，在揽获票房奇迹后，各路人马都在加班加点地总结《战狼Ⅱ》的成功经验，畅想国产商业大片的前景和未来，同时也伴随着话题与争议齐飞。
83 6 2 2 6 0.635
但是随着《战狼Ⅱ》的热映和话题效应，已经有很多声音迫不及待地喊出了《战狼Ⅱ》是国产电影制作的新标杆。
83 5 2 1 6 0.407
一部电影的价值其实是需要沉淀一段时间后，才有可能给出客观全面的评价。
83 7 2 3 6 0.412
这个新标杆如果是指在艺术性、思想性和制作上都处在行业领先地位的话，那《战狼Ⅱ》显然还不能如此被褒奖。
83 8 2 4 6 0.744
但是可以看到影片主创在开拓国产电影类型片的匠心和努力，将主旋律军事动作题材带入到一个“重工业”的大片时代。
83 9 2 5 6 0.399
这个“重”体现在武器的“重”，坦克对撞，直升机坠毁，军舰、导弹齐上阵；拳头的“重”，请来美国动作指导，结合香港动作团队，制作出中西方结合的动作格斗大场面。
83 11 3 1 6 0.607
以好莱坞大片为代表的重工业电影在国内备受青睐。
83 12 3 2 6 0.52
目前中国电影票房榜前20名中，好莱坞大片占据9席，前10名中《速度与激情》《变形金刚4：绝迹重生》《阿凡达》等也都为典型好莱坞工业化作品。
83 16 3 6 6 0.625
注重制作、回归内容才是检验国产电影市场风向的新标杆！
83 15 3 5 6 0.565
在市场迷信流量IP、粉丝经济捞快钱的时候，在有人高高在上鄙视垃圾观众的时候，在有人还寄望依靠行政命令推广电影上映的时候，《战狼Ⅱ》在拍摄、制作上下功夫，在原创故事的内容和观赏性上作突破，所以它的认真诚意和一股子不向市场随波逐流的倔强勇气，应当是国产电影今后制作的方向。
83 17 4 1 6 0.628
当《湄公河行动》成功收获了商业大片的票房时，便有了主旋律商业片的概念。
83 18 4 2 6 0.414
此后被称为“第二个湄公河行动”的《非凡任务》，也取得了票房和口碑的认同。
83 19 4 3 6 0.687
如今，《战狼Ⅱ》又创票房新高，成就了主旋律商业片乃至整个电影市场中商业片的一个范例。
83 20 4 4 6 0.404
但是，仅仅以目前几部影片来做样本，就想找到成功秘诀，就认为主旋律商业片的风口到了，这还需要打上问号。
83 21 4 5 6 0.602
彼时，在国内的电影市场，除非老牌的八一电影制片厂自己牵头，否则在中国电影圈内，一听说要拍现代军事题材无不大摇其头。
83 22 4 6 6 0.363
因为在中国拍军队题材的戏会遇到方方面面的问题，涉及特种部队题材更是让不少人视作畏途，在涉及影片中的某些特定场面时还需要得到有关方面的特许和支持才能实行。
83 24 5 2 4 0.605
“主旋律”有很多层面，革命历史是主旋律，经济发展是主旋律，反腐倡廉是主旋律，好人好事是主旋律，为国争光是主旋律。
83 23 5 1 4 0.433
要做好主旋律影片，必须对题材、故事、人物等把控更谨慎，要求更严格。
83 25 5 3 4 0.576
在中国革命、建设、改革各个历史时期，英雄无数，人才辈出，群星璀璨，许多故事比《战狼Ⅱ》《湄公河行动》都要精彩，更能提振民族自豪感，更值得纪念。
83 31 7 1 6 0.617
回到国内影视文化市场，今年最红的两部主旋律题材影视作品，一部是电视剧《人民的名义》，它呼应的是党的十八大以来重拳反腐的政治成果，满足的是社会人心对腐败的厌恶以及猎奇心理。
83 32 7 2 6 0.479
而另一部就是时下火热的《战狼Ⅱ》，它的上映期适逢建军90周年、阅兵展示国力、印军越界事件期间。
83 38 8 2 2 0.638
怎么看待《战狼Ⅱ》弘扬的爱国热情与民族主义？这成为评价这部电影在主题思想层面的重要争论之一。
83 37 8 1 2 0.434
事实上，《战狼Ⅱ》收获的绝非口径一致的好评，也有一些观众用“浮夸”“尴尬”描绘自己的观影感受。
88 1 1 1 1 0.689
中国传媒大学青年传媒艺术学教师刘俊认为，三部主旋律电影票房的成功，很重要的原因在于摆脱了传统主旋律电影人物脸谱化、情感空洞化、价值灌输化等问题，开始着重讲好“人”的故事。
89 2 2 1 1 0.689
中国传媒大学青年传媒艺术学教师刘俊认为，三部主旋律电影票房的成功，很重要的原因在于摆脱了传统主旋律电影人物脸谱化、情感空洞化、价值灌输化等问题，开始着重讲好“人”的故事。
90 2 1 2 2 0.624
同时，《战狼2》在中国市场的累积观影人次也正式达到了1.4亿，这也让吴京成为了最炙手可热的电影人。
90 1 1 1 2 0.404
新华网北京8月21日电（记者张淳）《战狼2》自7月27日上映以来，票房一路走高，截止目前已突破50亿，创造了中国电影票房新纪录。
92 3 2 2 3 0.634
而在未来几年，《战狼2》都将是华语电影市场的标杆。
92 2 2 1 3 0.318
截至昨日18：25，《战狼2》的票房已达51.6亿元人民币，顺利跨过50亿的大门槛。
92 4 2 3 3 0.579
刚过去的这二十几天，《《战狼2》掀起了各个维度的讨论，从电影创作到产业趋势，从大众心理到资本运转，的确，无论你是否喜欢这部电影，《战狼2》已经成为一个社会议题。
92 6 4 1 2 0.61
《战狼2》虽然扛着主旋律的大旗，却不代表它面对电影审查时，可以一路绿灯。
92 7 4 2 2 0.437
自己的这部电影如何过审，吴京语焉不详，他倒是谈了谈对广电总局的看法。
92 14 9 1 3 0.686
《战狼2》成为现象级电影之后，媒体也在深挖电影背后的资本布局。
92 15 9 2 3 0.446
谈到自己《战狼2》之后的感触，吴京说了一句“我要学会如何不被资本市场绑架”，令人联想颇多。
93 5 2 1 1 0.623
票房“爆款”说明什么问题？“《战狼2》最大的意义，在于它将检验出中国电影市场水有多深，电影市场发展至今，潜力何在。”这是上海电影家协会副主席石川的观点。
93 9 4 1 2 0.652
有人说，《战狼2》是中国电影发展道路上的一次典型成功案例。
93 10 4 2 2 0.253
那么，从这个角度看来，票房到底意味着什么？
93 12 5 2 2 0.605
而这一时期，其他过亿人次观影的影片还包括《庐山恋》《天云山传奇》《牧马人》《芙蓉镇》《妈妈再爱我一次》等影片，这些影片也都成为一代甚至是几代国人的历史记忆。
93 11 5 1 2 0.368
1亿人次的观影人数真的打破纪录了吗？据统计，1982年在中国公映的《少林寺》曾创造了1.4亿人民币的票房，折算票价，相当于累计5亿人次的观看数量。
93 19 10 1 1 0.624
从韩剧《太阳的后裔》，到国产片《湄公河行动》；从《泰囧》到《战狼2》，域外景观、国际维和、战争题材的现代化等因素，不但构成了一股国际化潮流，同时也回应了中国电影发展史上的内在规律和中国观众与时俱进的观影动力。
93 20 11 1 1 0.647
“《战狼2》表明电影行业的工作者现在都在自发自觉地探索主旋律电影的新模式，同时，影片的票房成就也说明了观众对这种模式的认可和欣赏，这是一个巨大的创新和变化，代表了中国电影发展的一种巧妙的变革。”中国艺术研究院学者孙佳山对记者说。
93 21 12 1 4 0.634
从张艺谋用《英雄》开创了中国大片时代的开始，高票房电影遭受众多非议已经成为了中国影坛的常态。
93 22 12 2 4 0.449
作为文化产品，电影“爆款”接受舆论的考验，本来是正常现象。
94 13 9 1 1 0.66
除了在国内大火特火之外，《战狼2》以6.8亿美元的全球票房位居第100位，在国际上也闯出了知名度，它是第一部进入全球电影票房TOP100的中国电影、华语电影和非好莱坞电影，打破美国垄断，就目前的情况看，《战狼2》还会将单片票房纪录继续拉高。
94 20 16 1 1 0.603
9月28日《战狼2》下线后，国庆档各大影片接档，还将创造一个国产电影小高潮。
94 21 17 1 1 0.635
在《战狼2》成功破50亿的同时，“慰安妇”题材纪录片《二十二》票房破亿。
95 3 2 1 2 0.63
要说今年最火爆的电影，《战狼2》当之无愧。
95 4 2 2 2 0.312
票房节节高升，背后的北京文化股价也水涨船高，但一众公司高管趁机抛售股票，这对投资者来说，多少显得有些信心不足
96 1 1 1 2 0.615
随着《战狼2》票房即将突破50亿，该片成了唯一进入全球票房TOP100的中国电影。
96 2 1 2 2 0.209
联合出品、保底发行及宣发主控方北京京西文化旅游股份有限公司（下称“北京文化”）一战成名，走到了资本和产业关注的风口浪尖。
96 23 11 1 2 0.601
具体到《战狼2》的保底，宋歌回忆《战狼1》的制作和预算都不是很高的水准，却达到5亿票房，说明观众认可军事题材。
96 24 11 2 2 0.477
“看完《战狼2》的剧本，结合题材、预算的大幅提升、团队深度的开发、宣传等，我们很有信心做这个8亿的保底。”
97 2 2 1 2 0.625
截至目前，电影《战狼2》票房已超过50亿，创造了中国电影票房新的纪录。
97 3 2 2 2 0.597
同时，导演和主演吴京也成为了最炙手可热的电影人。
97 10 6 1 1 0.621
《战狼2》的最新票房，不仅刷新了中国电影票房纪录，也跻身全球票房前百名，受到了国际电影产业的关注。
97 14 9 1 1 0.603
同时，战狼2的成功，也丰富了以往以爱情、魔幻、动作等为主的中国电影市场。
97 17 11 1 2 0.621
业内人士表示，好莱坞电影产业一直保持全球领先，其影响全球的最主要作品都是超级英雄系列、大型战争题材、科幻巨制等类型电影，战狼2的投资达到2亿元人民币，虽然还无法和好莱坞超大制作影片进行比较，但是其跨国取景拍摄、故事复杂、动作场面宏大，都已经达到了大制作电影的水准。
97 18 11 2 2 0.533
未来中国电影的类型将会更加丰富，科技含量更高，而大制作的影片也会逐渐走向国际，引发全球关注。
98 1 1 1 2 0.615
随着《战狼2》票房即将突破50亿，该片成了唯一进入全球票房TOP100的中国电影。
98 2 1 2 2 0.209
联合出品、保底发行及宣发主控方北京京西文化旅游股份有限公司（下称“北京文化”）一战成名，走到了资本和产业关注的风口浪尖。
98 23 11 1 2 0.601
具体到《战狼2》的保底，宋歌回忆《战狼1》的制作和预算都不是很高的水准，却达到5亿票房，说明观众认可军事题材。
98 24 11 2 2 0.477
“看完《战狼2》的剧本，结合题材、预算的大幅提升、团队深度的开发、宣传等，我们很有信心做这个8亿的保底。”
99 24 13 1 2 0.619
首先是主旋律内容，第一财经记者注意到，其实从《湄公河行动》到《战狼2》，一路走来有诸多高票房和好口碑的电影，以正能量、爱国主义等为主题的电影其实深受观众喜爱，包括很多90后、95后也非常追捧优质内容的正能量电影，这些90后、95后并非总是追“脑残剧”，其实一旦有好的故事电影出现，他们更愿意看好故事。
99 25 13 2 2 0.332
“只是很可惜，如今很多人追逐短期利益，编剧的收入也不高，因此很多剧本都粗制滥造，狗血剧情太多，内容就不行，你找再多明星演出也没有用。”曾经做过编剧的程先生说。
99 38 18 3 3 0.616
如果说某些电影的票房不及专业人士的预期，认为是电影观众的原因导致票房的失利，倒不如说是电影本身对于电影市场和观众的不够敬畏。
99 37 18 2 3 0.473
王文华认为，几部寄予厚望的影片，《变形金刚5》的票房未及预期，除了系列影片内容和风格的几乎毫无变化，对于IP的过度消费使得变形金刚的粉丝在审美上存在疲劳度，这从北美的票房不及预期中也可见一斑。
99 44 22 1 2 0.611
而《战狼2》则让业界了解中国电影市场有多大潜力。
99 45 22 2 2 0.523
上海戏剧学院教授、上海电影家协会副主席石川表示，《战狼2》就是这样一块探路石，它能探出今天中国电影市场的水有多深。
99 58 28 1 3 0.611
如今，还有一些中方资本背景的文化公司，希望在好莱坞大片不断进入中国电影市场的同时，中国电影也能更多地走向世界。
99 59 28 2 3 0.35
中美众多战略股东背景的全球娱乐传媒公司TangMediaPartners(下称“TMP”)近期收购好莱坞电影发行与制作公司OpenRoadFilms。
99 63 30 1 2 0.609
《战狼2》的成功虽不代表暑期档很成功，却告诉所有电影人，中国电影市场潜力还很大，观众数量庞大。
99 64 30 2 2 0.404
在如今这个信息时代，观众很明白什么是好的电影，就看你有没有能力拿下。
100 1 1 1 1 0.607
本报讯昨日，根据国家电影专资办的数据，吴京[微博]执导电影《战狼2》上映24天，票房正式突破50亿人民币！自超越《美人鱼》以来，电影《战狼2》在映的每一天都在刷新中国影史票房纪录，而目前，吴京已将国产电影票房天花板拉升至50亿的新高度。
