3
2 4 2 1 5 0.551
近年来，国内电影市场持续火热，票房也持续增长。
2 5 2 2 5 0.679
2012年，全国电影票房170.73亿元，中国超越日本成为仅次于美国的第二大电影市场；2015年，全国电影票房达到440亿元；尽管2016年电影票房市场增速放缓，全国票房定格在457亿元。
2 6 2 3 5 0.542
但2017年以来，得益于暑期《战狼2》的热映，票房增速也起了变化。
2
3 4 3 1 2 0.624
“世界第二大电影市场”指的是票房数字，中国的年票房仅次于北美市场。
3 5 3 2 2 0.336
但在市场容量上，中国却靠两个数字坐稳了世界第一：银幕数从2012年的1.3万块增长到现在4.9万块，增幅270%；年观影人次从五年前4.66亿增长到2016年的13.72亿，增幅194%。
3
3 6 4 1 4 0.301
“民族电影文化占据主导地位”的判断更值得一说。
3 7 4 2 4 0.613
许多电影人记得，2012年好莱坞分账大片数量一下子提高七成，但中国电影不惧挑战。
3 8 4 3 4 0.582
今年全国总票房中，国产影片票房262亿元，占比52.4%。
2
7 2 2 1 2 0.59
日本Cinemart艺术院线的馆长日前精选了来自全世界的14部影片进行展映，《战狼2》荣幸地成为首部推荐影片。
7 3 2 2 2 0.603
其他华语电影还包括张家辉和古天乐主演的电影版《使徒行者》。
2
7 4 3 1 2 0.654
一直以来，中日两国在电影进出口上一直是“逆差”，如今年登陆内地大银幕有《哆啦A梦》、《深夜食堂2》等日本电影，但国产电影在日本上映的情况并不多见。
7 5 3 2 2 0.556
相比即将上映的吴宇森导演的《追捕》，《战狼2》是百分百的国产电影，也没有用日本的IP，值得自豪。
1
9 3 2 1 1 0.614
《战狼2》在上映超过一个月后，尚能票房压制了新上映《敦刻尔克》等好莱坞巨制大片，标志着中国影人同样有能力拍摄出为广大观众喜闻乐见的本土商业大片。
3
9 34 30 1 3 0.332
近几年，我国影视作品确实有所改观，无论是从拍摄水平、题材种类还是宣发上，都有很大的飞跃，也在海外市场有了一席之地。
9 35 30 2 3 0.605
但这么多年过去，中国内地总与奥斯卡擦肩而过。
9 36 30 3 3 0.417
美国好莱坞影视娱乐教育控股集团、HIPAC美国海派克集团的CEO大卫·伍迪曾坦言：“中国（内地）影视人带来的作品，美国人往往不能理解。”
2
10 4 2 1 2 0.406
今年有92个国家参与竞争奥斯卡，是至今为止最多的一次，创下了奥斯卡影史记录。
10 5 2 2 2 0.677
我国内地选择了今年夏天的票房冠军《战狼2》冲击此次“奥斯卡最佳外语片”。
1
10 6 3 1 1 0.612
2017年暑期档的《战狼2》是一部现象级作品，票房已达到56.7亿的逆天数字，打破《美人鱼》33.9亿票房历史纪录，观影人次也打破《泰坦尼克号》1.4亿人次纪录，位居全球票房榜TOP100第55名，是全球票房排行榜前一百名里唯一的华语片。
1
12 4 2 1 1 0.606
2017年暑期档的《战狼2》是一部现象级作品，票房已达到56.7亿的逆天数字，打破《美人鱼》33.9亿票房历史纪录，观影人次也打破《泰坦尼克号》1.4亿人次纪录，位居全球票房榜TOP100第55名，成是全球票房排行榜前一百名里唯一的华语片。
2
12 51 30 1 2 0.602
《大唐玄奘》自2016年4月30日在内地上映后，市场反响就较差，最终仅收获了3300万票房。
12 52 30 2 2 0.293
而口碑方面，表现也同样堪忧，在豆瓣上，《大唐玄奘》的评分只有5.2，连及格线都没过。
3
12 62 34 3 5 0.207
如果把这个片子代表国产电影送奥斯卡参赛，我认为是有关部门领导昏庸和拍马屁习惯所致。
12 63 34 4 5 0.623
这个电影送奥斯卡参赛，是中国电影的认知耻辱。
12 64 34 5 5 0.18
我完全不明白为什么要送这个电影参评奥斯卡，请有关部门说出理由。
2
12 70 37 2 3 0.219
如果再加上一点中国元素，电影本身还有特殊意义，那就再好不过了。
12 71 37 3 3 0.616
就如2008年，内地选送的北京奥运会纪录片《筑梦2008》。
2
13 1 1 1 2 0.505
参考消息网9月30日报道西媒称，一部主角是一名前军人、故事背景设在非洲的影片成为了中国有史以来最卖座的电影。
13 2 1 2 2 0.622
这部影片上映两周后票房就超过了此前由《美人鱼》创下的纪录，并最终收获了逾8亿美元的总票房，成为本土票房仅次于《星球大战：原力觉醒》的影片。
2
14 1 1 1 3 0.762
《战狼2》在香港上映后，票房打破了内地电影在港新纪录。
14 2 1 2 3 0.403
日前，香港几位大学生受访时表示，电影燃起了他们的爱国情怀。
2
14 4 2 1 3 0.692
9月6日，《战狼2》在香港举行首映礼，不过，这部在内地创造56亿高票房的电影却在上映之初遇冷，首日票房只有33万。
14 5 2 2 3 0.028
正当外界唱衰之时，剧情发生了反转。
1
14 6 2 3 3 0.738
据报道，在电影上映11天之后，《战狼2》票房竟打破了内地电影在港的新纪录。
2
15 1 1 1 2 0.67
新浪娱乐讯9月20日，吴宇森带着电影《追捕》受邀出席第十五届全国院线国产影片推介会暨青岛电影交博会，以华语电影人代表之一畅谈自己对当下电影市场的感受。
15 2 1 2 2 0.455
吴宇森表示，自己曾一度对中国电影市场前景担忧，好在近来国产佳作屡破票房成绩，令他坚信“我们的观众还是喜欢看自己的电影”，同时，吴宇森还赞赏了《战狼2》在暑期档的表现：“我觉得这个电影，可以看得出它的努力求新，看得出来导演惊人的创作力。”
2
16 1 1 1 2 0.503
《战狼2》在香港上映后，首日票房只有33万，排片也只有83场，可以说是遭到了冷遇。
16 2 1 2 2 0.664
然后电影终究是要靠质量说话的，在上映11天后，截止9月17日，《战狼2》票房破了内地电影在港新纪录，拿到551万港元。
1
16 3 2 1 1 0.712
有数据统计，从2015年到目前为止，纯内地电影在香港上映的最高票房未超过300万港币，这也意味着，《战狼2》创造了近几年纯内地电影在香港上映的票房新纪录。
2
19 1 1 1 3 0.603
今年的中国电影市场，《战狼2》注定是绕不开的话题。
19 2 1 2 3 0.38
在今年内，56亿的票房神话恐怕难以再被复制。
2
21 2 2 1 2 0.652
同时《小丑回魂》也有望成为史蒂芬·金所有33部电影改编作品中票房最高的一部。
21 3 2 2 2 0.456
《小丑回魂》也即将超过《绿里奇迹》的1.36亿美元，指日可待。
2
22 1 1 1 3 0.697
吴京的《战狼2》在内地收获56亿票房打破纪录后，在9月7日登陆香港。
22 2 1 2 3 0.547
首日上映只有83场排片，票房33万，不敌《摔跤吧！爸爸》和汤姆·克鲁斯主演的《美国任务》，国内媒体大呼《战狼2》香港遇冷。
2
24 5 2 1 2 0.615
《战狼2》在内地上映一个半月后，已取得超过56亿票房的中国电影史上最好成绩，出品方早已赚得盆满钵满。
24 6 2 2 2 0.356
在已上映一个多月后，为什么还要特意在香港安排上映呢？据主办方透露，把香港作为《战狼2》阶段性收官的最后一站，有着更为特殊的意义。
2
24 25 8 1 3 0.658
香港一直都未成为内地电影的主要票仓。
24 26 8 2 3 0.707
2015年起，纯内地电影在香港上映的最高票房未超过300万港币，绝大部分影片以几十万港币的票房告终。
1
24 27 8 3 3 0.476
截止于2017年9月10日，《战狼2》在香港的票房包括预售在内，已突破250万港币，影院排片增加至123场。
1
24 31 10 1 1 0.723
就目前的势头来看，《战狼2》即将创造纯内地电影在香港上映的票房新纪录，我们拭目以待。
1
27 5 3 1 1 0.699
战狼2香港遇冷9月6日吴京自导自演的新片《战狼2》在香港举行首映礼，在内地创造56亿票房奇迹的《战狼2》首次登陆香港备受瞩目。
3
27 6 4 1 3 0.595
但截止到9月7日19点《战狼2》在香港的首日票房只有23.7万，跟内地相比只能用惨败来形容。
27 7 4 2 3 0.609
败给了阿汤哥主演的电影《美国制造》，还有票房近40万的美国电影《小丑回魂》。
27 8 4 3 3 0.207
在受欢迎程度上也只排名第5，单日场次只有87场。
1
28 1 1 1 1 0.712
《战狼2》战狼2香港遇冷9月6日吴京自导自演的新片《战狼2》在香港举行首映礼，在内地创造56亿票房奇迹的《战狼2》首次登陆香港备受瞩目但截止到9月7日19点《战狼2》在香港的首日票房只有23.7万，跟内地相比只能用惨败来形容。
2
28 2 2 1 2 0.703
热点背景战狼2香港遇冷9月6日吴京自导自演的新片《战狼2》在香港举行首映礼，在内地创造56亿票房奇迹的《战狼2》首次登陆香港备受瞩目。
28 3 2 2 2 0.463
热点关注战狼2香港遇冷首日票房只有23.7万2017-09-0919:29:22
1
28 4 3 1 1 0.699
战狼2香港遇冷9月6日吴京自导自演的新片《战狼2》在香港举行首映礼，在内地创造56亿票房奇迹的《战狼2》首次登陆香港备受瞩目。
3
28 5 4 1 3 0.595
但截止到9月7日19点《战狼2》在香港的首日票房只有23.7万，跟内地相比只能用惨败来形容。
28 6 4 2 3 0.609
败给了阿汤哥主演的电影《美国制造》，还有票房近40万的美国电影《小丑回魂》。
28 7 4 3 3 0.207
在受欢迎程度上也只排名第5，单日场次只有87场。
3
30 1 1 1 3 0.32
国家新闻出版广电总局电影局提供的初步统计数据显示，今年暑期档（6月至8月）中国内地总票房为163.35亿元。
30 2 1 2 3 0.601
《战狼2》成为暑期档票房冠军，总票房达55.09亿元，占比34%，并超过《美人鱼》成为迄今票房最高的国产电影。
30 3 1 3 3 0.566
艺恩智库数据显示，在《战狼2》的刺激下，2017年前8月中国内地综合票房成绩为396.14亿，超过2015年同期100多亿元。
2
30 8 3 1 3 0.626
从2017年整体票房情况来看，上半年中国内地电影票房为272亿元，其中国产片仅占38.5%。
30 9 3 2 3 0.636
截至9月6日，今年中国内地票房排名前十的影片中只有3部国产片。
1
30 10 3 3 3 0.375
国产片“逆袭”之路漫漫，希望《战狼2》是一个美妙的开端。
1
31 1 1 1 1 0.638
自7月27日上映以来，电影《战狼2》的票房一路高歌猛进，不断刷新着中国电影票历史纪录，势头直到近期才算彻底放缓。
2
33 28 13 1 2 0.387
李洋坦言，中国电影在科幻领域，还是一个“小学生”。
33 29 13 2 2 0.606
好莱坞几乎垄断了世界科幻战争电影，并用百年的时间在全世界培育科幻电影的观众。
2
34 1 1 1 2 0.605
近日电影文化市场相当火爆，根据最新数据，上映41天的《战狼2》总票房过55亿，另一部战争题材的《敦刻尔克》上映5天也斩获了2.37亿的票房，还有《星际特工：千星之城》票房将近4亿。
34 2 1 2 2 0.328
网友表示，丰富的电影题材为大家的业余生活提供了广阔的选择，不管是选择哪部电影，都会拥有激动人心的观影体验。
1
35 7 5 1 1 0.687
数据显示，截至9月6日晚8点，在内地上映42天的《战狼Ⅱ》票房累计近55.9亿人民币，成为中国历来最高票房电影，并打入年度全球票房十大电影之一，同时跻身史上全球最高电影票房前100位。
2
36 2 2 1 2 0.612
吴京主演的电影《战狼Ⅱ》自7月27日上映以来，不断刷新着国产影片票房纪录——上映4小时突破亿元大关，上映85小时突破10亿元大关。
36 3 2 2 2 0.585
截至9月1日，该影片票房已突破55亿元大关，进入全球电影票房“top100”排行榜……
2
40 31 16 1 2 0.539
今年暑期档，共有15部动作类型电影，占据近一半的市场份额。
40 32 16 2 2 0.607
除了动作类型电影《战狼2》创下华语电影票房纪录，《杀破狼·贪狼》也取得5.08亿票房成绩；此外动作、悬疑犯罪类型电影《心理罪》2.94亿；奇幻、动作结合电影《悟空传》6.96亿；武侠类型结合的《绣春刀2》2.66亿。
2
40 39 20 1 2 0.655
成立于去年10月的全国艺术电影放映联盟，也于近期在66个主要城市、270块银幕专线，放映了今年奥斯卡最佳影片、最佳男主角的获奖影片《海边的曼彻斯特》，虽取得644万票房，但对艺术电影却有着重要意义。
40 40 20 2 2 0.273
联盟发起方之一万达影业，则宣布将为《二十二》启动全国万达影城的长线放映。
2
41 1 1 1 2 0.635
截至9月4日，《战狼2》中国内地票房突破55亿元。
41 2 1 2 2 0.286
影片热映期间，北京万达传媒有限公司、分众晶视广告有限公司等4家公司联名发出声明函，称《战狼2》在影片母盘中强行搭载5条预告片而不支付费用，将通过法律方式维权。
2
48 3 2 1 2 0.709
报告显示，上半年中国内地电影市场形势不容乐观，整体市场疲软，7月底内地累计电影票房才迈入300亿元大关。
48 4 2 2 2 0.507
而今年6-8月暑期档电影票房较去年同比增加了近三成，暑期档观影人次达到4.51亿，较去年同比增长20.59%，这主要是《战狼2》的拉动作用。
2
48 5 3 1 2 0.616
7月底，《战狼2》上映成为暑期档电影市场转折点，带动整体大盘上涨。
48 6 3 2 2 0.509
报告显示，今年暑期档国内电影总票房有望超过160亿元，比去年的124亿元上涨29%。
1
48 18 10 1 1 0.633
今年暑期档猫眼电影合作影片中票房过亿的电影仅有3部，且没有作品进入5亿阵营，而这也是猫眼电影首次被拉开差距。
1
49 8 6 1 1 0.663
今年暑期档内地院线几十部影片，《战狼2》单片票房高达55亿，一部电影就几乎占据了整个暑期档票房的一半。
1
49 16 11 1 1 0.607
8月14日上映的纪录片《二十二》从上映首日的排片占比1.6%，单日票房300多万一路逆袭，关注度一路飚高的同时，票房也突破国内纪录片电影纪录，逼近1.7亿。
2
51 1 1 1 3 0.634
近日，据美国权威影视杂志《Variety》报道，从2016年7月到2017年6月，中国的电影票房整整一年都在下降，电影制片人和电影公司开始拼命寻找答案。
51 2 1 2 3 0.447
直到《战狼2》的出现。
3
52 7 2 5 7 0.398
在不到两天的时间里，它就超过了2015年《战狼1》8800万美元的收入。
52 8 2 6 7 0.639
10天后，它超越《美人鱼》，成为中国电影票房冠军。
52 9 2 7 7 0.545
用了仅仅五周时间，《战狼2》就获得了8.1亿美元的票房收入，这也让它也成为历史上第二高的单一市场票房冠军，仅次于北美市场的《星球大战：原力觉醒》。
2
53 7 3 1 3 0.61
如果没有《战狼2》热血席卷票房，包揽整个暑期档电影冠军，我们已经很久没有看到现象级的军旅题材影视作品了。
53 8 3 2 3 0.234
在这个告别革命的年代里，玄幻、修仙、都市甚至民国剧都还能在IP大潮中博得资本的青睐，尤其是能够荟萃鲜肉小花的古装题材始终是影视业的投资热点。
3
55 10 4 1 4 0.228
拥有“文艺片女王”称号的余男，一直以来都以低调有实力著称。
55 11 4 2 4 0.676
前段时间大爆的影片《战狼2》，刷新了华语电影最高票房纪录。
55 12 4 3 4 0.088
余男所饰演的龙小云美丽、冷静，与冷锋的惺惺相惜给观众留下深刻的印象。
2
57 7 3 1 2 0.63
新京报记者统计了华语女演员票房排行榜，标准是以演员个体为单位，统计她们曾参演过、在内地上映并且有票房记录的电影票房总和，以此作为“票房影响力”的指标。
57 8 3 2 2 0.426
可以发现，如今影坛表演行业的中坚力量，正在被80后、90后作为新生军的一代花旦牢牢占领；女演员要想票房成绩好看，参演到春节档、暑期档热卖的电影最有效。
1
58 1 1 1 1 0.602
本文来自猫眼电影电影《战狼2》票房成功有，有消息爆出该作品很可能将要被改变成电视剧。
2
60 1 1 1 2 0.623
大洋网讯上映至今，《战狼2》的票房仍在高歌猛进，除了坐稳中国电影史第一，还进入世界电影票房前100名，引发公众的不断热议。
60 2 1 2 2 0.344
电影中，不少惊险刺激的镜头来自航拍。
2
61 1 1 1 2 0.608
《战狼2》观影人次已达7亿，看过的观众纷纷化身精神股东，时刻关注《战狼2》的票房。
61 2 1 2 2 0.497
现在《战狼2》中国影史票房第一的地位已经落定，网友们关心的问题逐渐转化为：拿命拍电影的吴京，最后能够分到多少钱？
2
62 1 1 1 2 0.61
新浪娱乐讯《战狼2》成为中国影史第一部“50亿+”影片，上映多日热度不减，仍然以持续强悍的票房数据秒杀一众新片。
62 2 1 2 2 0.5
8月26日，《战狼2》剧组在京举行答谢宴，青年女演员柏安从湖南卫视自制大戏《火王》剧组杀青归来，应邀出席答谢宴，面贺吴京[微博]导演和剧组众多台前幕后工作人员，并超级期待京哥早日将《战狼3》搬上大银幕。
2
65 2 2 1 2 0.609
电影《战狼2》仅用了13天，就打破了《美人鱼》创下的34亿票房纪录，截至记者发稿前，尚在放映期的《战狼2》票房已达53亿，把中国电影票房最高纪录整整拉高了一个台阶。
65 3 2 2 2 0.517
这部没有流量明星挑大梁的电影是如何成功的？影片的品质与高票房是否匹配？主旋律商业片是两种类型片的交融尝试还是中国特色的电影新品种？近日，《绿海副刊》邀请北京电影学院助理研究员程麒台，从专业视角说说这匹难得一见的“战狼”。
3
65 9 4 5 8 0.505
换句话说，观众早已在满心希冀一部良心电影的到来！此外，《战狼2》选择在暑期上映，并赶在了八一建军节前夕，这是电影制作方对上映时间的精准把握。
65 10 4 6 8 0.653
暑期是国产电影保护月，有票房冲击力的外国大片瓜分不到《战狼2》的市场份额。
65 11 4 7 8 0.373
而《战狼2》内容又与八一特有的军事氛围相契合。
2
65 25 8 1 5 0.685
程麒台：《战狼2》取得了国产电影史上最高的票房，并使国产电影第一次杀入了全球票房电影100强。
65 26 8 2 5 0.285
然而，高票房并不能等同于高质量。
2
66 1 1 1 2 0.491
截至26日19：00，《战狼2》上映31天票房已经收获53.35亿，而在25日，两家合作造就了这场中国电影票房神话的巨头——北京文化与阿里影业共同在北京宣布，这场《战狼2》之火并未烧完，阿里旗下的淘票票表示，仍会开放所有线上营销平台及娱乐入口，“将这个创纪录的数字再往前推深一些”。
66 2 1 2 2 0.604
与此同时，纵观整个内地电影市场，其产业格局也在随着《战狼2》的票房大胜，发生了微妙的变化。
2
67 5 3 1 2 0.51
截至8月23日晚，《战狼2》累积的综合票房达到了52.37亿，分账票房（去除服务费）48.93亿。
67 6 3 2 2 0.664
这意味着本片不仅是中国内地电影历史上第一部票房达到50亿+级别的电影，更让中国电影市场“走进新时代”。
1
67 8 5 1 1 0.682
票房50亿是什么概念？一部《战狼2》的票房超过了5部漫威超级英雄大片的内地票房总和。
2
68 2 2 1 2 0.693
第三方数据显示，《战狼2》目前票房已经超过53亿，其上映后不断刷新中国电影的各项纪录，上映第17天票房破45亿，成为全球电影票房TOP100唯一亚洲电影。
68 3 2 2 2 0.488
8月19日，实现1.41亿人次观影、整体票房50亿，打破全球单片市场观影人次记录。
2
70 1 1 1 3 0.706
参考消息网8月25日报道美媒称，《战狼Ⅱ》这部爱国主义影片刚刚成为中国史上票房最高的影片，也是第一部跻身全球票房前100名影片行列的非好莱坞影片。
70 2 1 2 3 0.484
用好莱坞手法讲述爱国主义故事是中国电影人一直以来的梦想，《战狼Ⅱ》证明他们能够做到这一点。
2
70 4 2 1 2 0.606
据彭博新闻社网站8月23日报道，自中国对外开放电影市场以来，好莱坞电影一直拥有强大的观影群。
70 5 2 2 2 0.479
虽然中国政府每年对引进外国影片设限，但是去年外国影片——大多数来自美国——的票房占中国市场票房收入的比例仍然接近42%。
2
71 10 4 1 2 0.62
对外经济贸易大学研究员冯仕亮表示，仍在热映的电影《战狼2》登顶华语影史票房冠军，猫眼电影对其票房的预测为52.85亿元。
71 11 4 2 2 0.373
取得这一成绩，《战狼2》只用了不到12天时间。
2
72 1 1 1 4 0.635
《战狼2》的票房已经超过50亿人民币，成为现象级电影。
72 2 1 2 4 0.246
如果从《战狼1》的轨迹来看，相信再大胆的人也不敢预测目前这个票房结果。
1
75 1 1 1 1 0.604
截止8月25日上午10点，据艺恩网统计，《战狼2》累计票房已突破52.87亿元，而回顾这部影片在暑期档创造的票房“传奇”，也存在不少有意思的数字。
2
76 3 2 1 3 0.697
截至8月21日，根据国家电影专资办数据，吴京执导的电影《战狼2》上映26天，票房突破50亿元人民币，这是国产电影首次迈入50亿元票房大关。
76 4 2 2 3 0.549
与此同时，《战狼2》在中国市场累计观影人次达到1.4亿，超越了《泰坦尼克号》在北美市场观影人次1.38亿的纪录，荣登“单一市场观影人次”全球榜首。
3
77 14 3 5 8 0.402
接着这部影片在中国就彻底火了。
77 15 3 6 8 0.602
《战狼2》超越了《阿凡达》，成为影史上单一市场收获票房第二高的影片，仅次于《星球大战：原力觉醒》（北美总票房9.37亿美元）。
77 16 3 7 8 0.215
吴京对于中国影迷的观影需求有着非常深的了解，我彻底低估了这一点。
3
77 38 8 1 3 0.483
在中国，喜剧和爱情题材的本土影片往往能够击败同类型的好莱坞电影，因为中国影迷更喜欢在银幕上看到自己的语言或者本土文化，然而注重动作和特效的大片却能主宰中国电影市场。
77 39 8 2 3 0.638
《战狼2》可能是第一部达到好莱坞大片制作水准的中国动作影片，票房也超过了很多好莱坞大片。
77 40 8 3 3 0.202
美国电影公司是否应该为这种竞争力感到担忧呢？
2
80 1 1 1 3 0.61
《战狼2》票房高出天际，创下中国影坛纪录，近日再传捷报——该片跻身全球票房前100名。
80 2 1 2 3 0.267
在举国影迷欢庆的同时，吴京[微博]近来亦是炙手可热。
1
80 3 1 3 3 0.613
本周六，CCTV-6电影频道的首档电影主题综艺秀《国片大首映》的嘉宾邀来硬汉吴京携《战狼2》及女主角卢靖姗再度回归。
2
80 4 2 1 5 0.603
《战狼2》自上映以来缔造了无数奇迹，继登顶中国电影票当总票房冠军后，又成功跻身全球票房前100名。
80 5 2 2 5 0.521
如今，火爆暑期档的《战狼2》仍在继续着“票房神话”。
2
81 1 1 1 2 0.433
今年夏天什么话题最火？毫无疑问，《战狼2》。
81 2 1 2 2 0.666
截至8月20日，《战狼2》票房突破50亿，不仅刷新了中国电影总票房冠军的纪录，更以1.4亿观影人次跻身全球影史“单一市场观影人次”榜首！
2
82 1 1 1 2 0.647
参考消息网8月23日报道台媒称，大陆电影《战狼2》空前狂映，打破大陆影史票房纪录，更引爆海内外广大热议。
82 2 1 2 2 0.496
国外网站分析，《战狼2》最终票房有望达8亿美元（约合53亿元人民币），站上全球百大票房影片榜第65名。
3
83 1 1 1 4 0.477
今夏除了酷热的天气，最炙手可热的就要属电影《战狼Ⅱ》了。
83 2 1 2 4 0.698
自上映之后，它刷新了中国电影票房新纪录，也成为中国军事题材动作电影的现象级作品。
83 3 1 3 4 0.407
作为《战狼Ⅰ》的延续，《战狼Ⅱ》的成功既是观众对吴京作品的肯定，更是对中国主旋律影片在市场化下的形式创新的肯定。
3
83 18 4 2 6 0.353
此后被称为“第二个湄公河行动”的《非凡任务》，也取得了票房和口碑的认同。
83 19 4 3 6 0.609
如今，《战狼Ⅱ》又创票房新高，成就了主旋律商业片乃至整个电影市场中商业片的一个范例。
83 20 4 4 6 0.252
但是，仅仅以目前几部影片来做样本，就想找到成功秘诀，就认为主旋律商业片的风口到了，这还需要打上问号。
2
86 1 1 1 3 0.623
8月19日，电影《战狼2》的票房正式突破50亿元大关，将国产片最高票房纪录又推高了一个台阶。
86 2 1 2 3 0.157
与此对应的，除了普通观众的观影热情和主流媒体的肯定，也伴随质疑和争议。
2
90 1 1 1 2 0.622
新华网北京8月21日电（记者张淳）《战狼2》自7月27日上映以来，票房一路走高，截止目前已突破50亿，创造了中国电影票房新纪录。
90 2 1 2 2 0.567
同时，《战狼2》在中国市场的累积观影人次也正式达到了1.4亿，这也让吴京成为了最炙手可热的电影人。
3
92 2 2 1 3 0.436
截至昨日18：25，《战狼2》的票房已达51.6亿元人民币，顺利跨过50亿的大门槛。
92 3 2 2 3 0.612
而在未来几年，《战狼2》都将是华语电影市场的标杆。
92 4 2 3 3 0.489
刚过去的这二十几天，《《战狼2》掀起了各个维度的讨论，从电影创作到产业趋势，从大众心理到资本运转，的确，无论你是否喜欢这部电影，《战狼2》已经成为一个社会议题。
2
92 14 9 1 3 0.633
《战狼2》成为现象级电影之后，媒体也在深挖电影背后的资本布局。
92 15 9 2 3 0.276
谈到自己《战狼2》之后的感触，吴京说了一句“我要学会如何不被资本市场绑架”，令人联想颇多。
2
93 1 1 1 4 0.604
上映20天，国产电影《战狼2》票房已经达到47亿元，并仍稳固盘踞在上座率的王座。
93 2 1 2 4 0.412
中国票房增速放缓之后，这次票房“爆款”的出现如大地惊雷，再次引发了各界对中国电影行业及文化软实力的重新探讨。
1
94 13 9 1 1 0.644
除了在国内大火特火之外，《战狼2》以6.8亿美元的全球票房位居第100位，在国际上也闯出了知名度，它是第一部进入全球电影票房TOP100的中国电影、华语电影和非好莱坞电影，打破美国垄断，就目前的情况看，《战狼2》还会将单片票房纪录继续拉高。
1
94 20 16 1 1 0.632
9月28日《战狼2》下线后，国庆档各大影片接档，还将创造一个国产电影小高潮。
1
94 21 17 1 1 0.6
在《战狼2》成功破50亿的同时，“慰安妇”题材纪录片《二十二》票房破亿。
2
96 1 1 1 2 0.678
随着《战狼2》票房即将突破50亿，该片成了唯一进入全球票房TOP100的中国电影。
96 2 1 2 2 0.203
联合出品、保底发行及宣发主控方北京京西文化旅游股份有限公司（下称“北京文化”）一战成名，走到了资本和产业关注的风口浪尖。
1
97 1 1 1 1 0.629
上映以来，《战狼2》凭借良好口碑，居高不下的上座率，接连打破国内多项电影票房纪录。
2
97 2 2 1 2 0.706
截至目前，电影《战狼2》票房已超过50亿，创造了中国电影票房新的纪录。
97 3 2 2 2 0.492
同时，导演和主演吴京也成为了最炙手可热的电影人。
1
97 10 6 1 1 0.704
《战狼2》的最新票房，不仅刷新了中国电影票房纪录，也跻身全球票房前百名，受到了国际电影产业的关注。
2
97 11 7 1 2 0.614
目前全球最高票房的三部电影分别是阿凡达、泰坦尼克、星球大战7，战狼2票房超过50亿，已经超越了排名88的电影地心引力，这也是榜单中唯一一部不是好莱坞出品的电影。
97 12 7 2 2 0.386
目前，吴京已经接到了多位好莱坞导演的邀请。
2
98 1 1 1 2 0.678
随着《战狼2》票房即将突破50亿，该片成了唯一进入全球票房TOP100的中国电影。
98 2 1 2 2 0.203
联合出品、保底发行及宣发主控方北京京西文化旅游股份有限公司（下称“北京文化”）一战成名，走到了资本和产业关注的风口浪尖。
2
99 12 7 1 4 0.608
然而，《战狼2》上映后，一扫暑期档电影票房低迷的阴霾，并让暑期档提前大半个月超越去年暑期档票房。
99 13 7 2 4 0.483
第一财经记者通过查阅猫眼数据显示，截至8月19日，暑期档票房已经达到143.6亿元，去年整个暑期档也只有124.3亿元，而《战狼2》独得50.3亿元，占目前暑期档票房35%。
2
99 16 8 1 2 0.605
抛开今年国产电影表现低迷不谈，放眼到票房开始高速增长的这几年，可以看出，中国电影票房纪录一直在被刷新。
99 17 8 2 2 0.577
从2011年到2017年当年票房前5名的影片，中国冠军票房的影片票房呈现非常快速的增长，从2011年《变形金刚3》的10亿票房，到2017年《战狼2》目前的50亿票房，几乎增长了4倍。
1
100 1 1 1 1 0.721
本报讯昨日，根据国家电影专资办的数据，吴京[微博]执导电影《战狼2》上映24天，票房正式突破50亿人民币！自超越《美人鱼》以来，电影《战狼2》在映的每一天都在刷新中国影史票房纪录，而目前，吴京已将国产电影票房天花板拉升至50亿的新高度。
