1 2 1 2 3 0.68
国产影片票房262亿元，占比达52.4%。
1 1 1 1 3 0.513
来自国家新闻出版广电总局电影局的数据显示，截至2017年11月20日18时57分，中国电影年度票房首度突破500亿元，观影人次达到14.48亿，同比增长15%。
1 3 1 3 3 0.611
据估算，2017年全国全年总票房可望达550亿元。
1 7 3 2 2 0.684
《战狼2》上映后，单片拉动票房大盘迅速回温，最终收获累计票房55.8亿元，《战狼2》单片就贡献了暑期档34%的票房，同时极大程度地调动了观众的观影热情，增强了观众对国产片的信心。
1 6 3 1 2 0.488
但暑期档的陡然冲高给整个大盘带来了一场票房奇观。
2 2 1 2 3 0.625
其中，国产影片票房262亿元，占比达到52.4%。
2 1 1 1 3 0.332
北京商报讯（记者卢扬邓杏子）据国家新闻出版广电总局电影局最新数据显示，截至11月20日，2017年全国电影年度票房用324天首次突破500亿元大关。
2 3 1 3 3 0.667
中外影片票房过亿元的82部，其中票房过10亿元的13部。
2 5 2 2 5 0.744
2012年，全国电影票房170.73亿元，中国超越日本成为仅次于美国的第二大电影市场；2015年，全国电影票房达到440亿元；尽管2016年电影票房市场增速放缓，全国票房定格在457亿元。
2 4 2 1 5 0.524
近年来，国内电影市场持续火热，票房也持续增长。
2 6 2 3 5 0.594
但2017年以来，得益于暑期《战狼2》的热映，票房增速也起了变化。
2 7 2 4 5 0.601
9月5日，全国电影票房突破400亿元，相比2016年快了整整两个月。
2 8 2 5 5 0.779
其中《战狼2》单片累计票房55.8亿元，贡献了暑期档34%的票房。
2 10 3 2 5 0.618
公开数据显示，春节档总票房33.55亿元，总人次8852.64万人次，票房比2016年春节档增长8.66%、人次增长4.51%。
2 9 3 1 5 0.576
就档期来看，全年最重要的春节档、暑期档、国庆档三个档期均在今年刷新了票房纪录。
2 11 3 3 5 0.575
暑期档票房产出约为163亿元，刨除服务费，相比去年的125亿元，增长近30亿元。
2 13 3 5 5 0.657
国庆中秋节档以8天26.29亿元的票房成绩收官，共吸引7720.36万人次观影，同比增长42%。
2 12 3 4 5 0.466
暑期档结束，国产片市场份额从上半年的38%反超至53%。
3 1 1 1 2 0.6
截至11月20日记者发稿时，2017年全国电影票房达500.2亿元，创下新纪录。
3 2 1 2 2 0.47
记者从国家新闻出版广电总局电影局了解到，今年全国电影票房较去年同期增长15%，全国观影人次达14.48亿，较去年同期增长15%。
3 8 4 3 4 0.727
今年全国总票房中，国产影片票房262亿元，占比52.4%。
3 7 4 2 4 0.298
许多电影人记得，2012年好莱坞分账大片数量一下子提高七成，但中国电影不惧挑战。
3 9 4 4 4 0.637
票房过亿元影片78部，其中国产片39部。
3 14 6 2 2 0.624
从2012年票房170.73亿元到2017年11个月票房破500亿元，在节节攀升的数字里，中国电影已成为增强民族自豪感的重要文化载体。
3 13 6 1 2 0.374
年观影人次13.72亿意味着什么？2017年大年初一单日票房突破八亿元又意味着什么？在中国的广袤土地上，看电影已成为老百姓欢度假日、交流情感的重要方式。
4 2 2 1 2 0.705
其中，国产影片票房262亿元，占比达到52.4％，进口影片票房238亿元。
4 3 2 2 2 0.47
中外影片票房过亿的有82部，过十亿的有13部。
5 3 2 2 3 0.731
全国总票房中，国产影片票房262亿元，占比52.4%。
5 2 2 1 3 0.569
11月20日晚，人民日报消息称，2017年全国电影票房达500.2亿元，较去年同期增长15%，全国观影人次达14.48亿，较去年同期增长19%。
5 4 2 3 3 0.637
票房过亿元影片78部，其中国产片39部。
5 6 4 1 1 0.715
其中，《战狼2》总票房56.79亿元，占总票房比11%。
5 7 5 1 1 0.601
自从2003年以来，中国电影保持30%的增长高速发展，2010年票房总额突破100亿元，2013年突破200亿元，2015年突破400亿元，今年突破了500亿元，市场份额不断提升。
5 12 9 1 1 0.651
例如，《故乡面参花情》票房总收入169元；《嘻哈英熊》票房总收入255元；《我的舞林江湖》票房总收入550元；《村长相声哥》票房总收入1205元；《水神娃》票房总收入1518元；《商界》票房总收入3311元；《无法触及》票房总收入3479元，等等。
9 21 19 1 2 0.649
在好几部国庆档大片厮杀正酣的时候，上映了70多天的《战狼2》每天仍然有一两百万的票房收入，中秋节当天票房甚至超过200万。
9 22 19 2 2 0.383
更难得的是，在票房不断刷新纪录的同时，《战狼2》也保持着良好的口碑，在各大购票平台出现了齐刷刷的空前高分，其中猫眼更打出了9.7的超高分数。
10 6 3 1 1 0.73
2017年暑期档的《战狼2》是一部现象级作品，票房已达到56.7亿的逆天数字，打破《美人鱼》33.9亿票房历史纪录，观影人次也打破《泰坦尼克号》1.4亿人次纪录，位居全球票房榜TOP100第55名，是全球票房排行榜前一百名里唯一的华语片。
10 7 4 1 2 0.649
在好几部国庆档大片厮杀正酣的时候，上映了70多天的《战狼2》每天仍然有一两百万的票房收入，中秋节当天票房甚至超过200万。
10 8 4 2 2 0.383
更难得的是，在票房不断刷新纪录的同时，《战狼2》也保持着良好的口碑，在各大购票平台出现了齐刷刷的空前高分，其中猫眼更打出了9.7的超高分数。
11 2 1 2 2 0.721
该片自7月28日上映以来票房火爆，目前累计票房已达56.73亿元。
11 1 1 1 2 0.267
广州日报讯（全媒体记者黄岸）由吴京自导自演的动作片《战狼2》正式被选定为申奥片，将代表中国内地参加第90届奥斯卡最佳外语片提名的角逐。
12 1 1 1 3 0.291
今年有92个国家参与竞争奥斯卡，是至今为止最多的一次，创下了奥斯卡影史记录。
12 4 2 1 1 0.722
2017年暑期档的《战狼2》是一部现象级作品，票房已达到56.7亿的逆天数字，打破《美人鱼》33.9亿票房历史纪录，观影人次也打破《泰坦尼克号》1.4亿人次纪录，位居全球票房榜TOP100第55名，成是全球票房排行榜前一百名里唯一的华语片。
12 5 3 1 2 0.649
在好几部国庆档大片厮杀正酣的时候，上映了70多天的《战狼2》每天仍然有一两百万的票房收入，中秋节当天票房甚至超过200万。
12 6 3 2 2 0.383
更难得的是，在票房不断刷新纪录的同时，《战狼2》也保持着良好的口碑，在各大购票平台出现了齐刷刷的空前高分，其中猫眼更打出了9.7的超高分数。
12 51 30 1 2 0.622
《大唐玄奘》自2016年4月30日在内地上映后，市场反响就较差，最终仅收获了3300万票房。
12 52 30 2 2 0.197
而口碑方面，表现也同样堪忧，在豆瓣上，《大唐玄奘》的评分只有5.2，连及格线都没过。
13 2 1 2 2 0.74
这部影片上映两周后票房就超过了此前由《美人鱼》创下的纪录，并最终收获了逾8亿美元的总票房，成为本土票房仅次于《星球大战：原力觉醒》的影片。
13 1 1 1 2 0.258
参考消息网9月30日报道西媒称，一部主角是一名前军人、故事背景设在非洲的影片成为了中国有史以来最卖座的电影。
14 1 1 1 3 0.708
《战狼2》在香港上映后，票房打破了内地电影在港新纪录。
14 2 1 2 3 0.151
日前，香港几位大学生受访时表示，电影燃起了他们的爱国情怀。
14 4 2 1 3 0.624
9月6日，《战狼2》在香港举行首映礼，不过，这部在内地创造56亿高票房的电影却在上映之初遇冷，首日票房只有33万。
14 5 2 2 3 -0.068
正当外界唱衰之时，剧情发生了反转。
14 6 2 3 3 0.645
据报道，在电影上映11天之后，《战狼2》票房竟打破了内地电影在港的新纪录。
16 2 1 2 2 0.634
然后电影终究是要靠质量说话的，在上映11天后，截止9月17日，《战狼2》票房破了内地电影在港新纪录，拿到551万港元。
16 1 1 1 2 0.547
《战狼2》在香港上映后，首日票房只有33万，排片也只有83场，可以说是遭到了冷遇。
16 3 2 1 1 0.643
有数据统计，从2015年到目前为止，纯内地电影在香港上映的最高票房未超过300万港币，这也意味着，《战狼2》创造了近几年纯内地电影在香港上映的票房新纪录。
17 2 1 2 2 0.628
《战狼2》于7月27日上映，截至目前已收获56.5亿人民币票房。
17 1 1 1 2 0.434
新浪娱乐讯有媒体曝出由吴京执导的动作军事电影《战狼2》上映时间再次延长，媒体称该片所有版本的放映时间将延长至2017年10月28日。
18 1 1 1 2 0.496
中新社柏林9月16日电（记者彭大伟）当地时间14日起，刷新中国电影票房纪录的《战狼2》开始在德国影院有规模地点映。
18 4 2 2 3 0.628
截至9月1日，其单片票房已高达55亿元人民币。
18 3 2 1 3 0.491
《战狼2》是今年暑期档的“现象级”电影。
18 5 2 3 3 0.379
据悉，此次在德国上映的《战狼2》电影为OMU版本，即电影中文原声配德文字幕，以同时满足中国和德国观众群体的需求。
18 13 7 1 1 0.631
据《战狼2》德国发行方援引德国电影发行协会（VdF）市场负责人李普科（SabineLippke）介绍的情况，《战狼2》在德国上映首日16场的平均上座率接近7成，总票房排到了当前全德全部上映电影的前20。
20 1 1 1 3 0.623
新浪娱乐讯截至9月12日，上映48天的《战狼2》已经斩获56.3亿票房，成为中国电影史新的市场奇迹。
20 2 1 2 3 -0.171
12日，中国电影资料馆举行了一场以《战狼2》为主题的学术研讨会，国家新闻出版广电总局电影局副局长李国奇、制片处副处长高山，以及胡智峰、陈旭光、高雄杰、索亚斌、詹庆生、李镇、刘藩、左衡、虞晓等知名学者共同参加了研讨会。
21 1 1 1 1 0.721
改编自斯蒂芬金小说的恐怖片《小丑回魂》又双叒叕破纪录了！影片本周一北美单日砍下880万美元票房，打破由《第六感》创下的637万美元的9月单日票房纪录。
21 5 3 2 2 0.672
不仅在香港成为超人气，在北美从开画就占据榜首，《小丑回魂》北美首周3天票房已达1.17亿美元，在9月所有的上映影片中首映票房位列名头。
21 4 3 1 2 0.436
已经在香港上映的《小丑回魂》目前人气最高，口碑第一，超越了《摔跤吧！爸爸》《美国任务》和《战狼2》。
22 1 1 1 3 0.66
吴京的《战狼2》在内地收获56亿票房打破纪录后，在9月7日登陆香港。
22 2 1 2 3 0.49
首日上映只有83场排片，票房33万，不敌《摔跤吧！爸爸》和汤姆·克鲁斯主演的《美国任务》，国内媒体大呼《战狼2》香港遇冷。
22 6 3 1 2 0.646
从香港票房的实时分析来看，7日上映后《战狼2》的呼声一般，到了周末两天关注度上升，票房开始增加。
22 7 3 2 2 0.618
首日票房33万，次日36万，周六71万，周日94万，票房在持续发酵中，有网友发帖称《战狼2》在香港再现逆跌戏码，预计超500万无压力。
24 5 2 1 2 0.636
《战狼2》在内地上映一个半月后，已取得超过56亿票房的中国电影史上最好成绩，出品方早已赚得盆满钵满。
24 6 2 2 2 0.264
在已上映一个多月后，为什么还要特意在香港安排上映呢？据主办方透露，把香港作为《战狼2》阶段性收官的最后一站，有着更为特殊的意义。
24 26 8 2 3 0.744
2015年起，纯内地电影在香港上映的最高票房未超过300万港币，绝大部分影片以几十万港币的票房告终。
24 25 8 1 3 0.245
香港一直都未成为内地电影的主要票仓。
24 27 8 3 3 0.56
截止于2017年9月10日，《战狼2》在香港的票房包括预售在内，已突破250万港币，影院排片增加至123场。
27 2 1 2 2 0.793
9月8日，根据猫眼票房显示，目前《战狼2》票房已经突破56亿元大关，在全球电影票房榜中排行57名，同时也冲进了全球票房年度前五。
27 1 1 1 2 0.475
持续了一个多月的火爆之后，目前电影《战狼2》的热度正在逐渐下降，虽然票房已经接近极限，但还在缓慢增长。
27 9 5 1 1 0.666
上映第三天也只收获了55万的票房成绩，单日票房败给了诺兰的《敦刻尔克》和漫威新片《蜘蛛侠：英雄归来》，环比增长出现负值。
28 8 5 1 1 0.666
上映第三天也只收获了55万的票房成绩，单日票房败给了诺兰的《敦刻尔克》和漫威新片《蜘蛛侠：英雄归来》，环比增长出现负值。
29 1 1 1 3 0.785
【《战狼2》票房破56亿冲进全球年度前五】9月8日，根据猫眼票房显示，目前《战狼2》票房已经突破56亿元大关，在全球电影票房榜中排行57名，同时也冲进了全球票房年度前五。
29 2 1 2 3 0.58
不过目前《战狼2》目前票房增长比较缓慢，加上近期像《蜘蛛侠：英雄归来》等大片的冲击，其国内票房可能不会突破60亿元大关。
30 2 1 2 3 0.765
《战狼2》成为暑期档票房冠军，总票房达55.09亿元，占比34%，并超过《美人鱼》成为迄今票房最高的国产电影。
30 1 1 1 3 0.272
国家新闻出版广电总局电影局提供的初步统计数据显示，今年暑期档（6月至8月）中国内地总票房为163.35亿元。
30 3 1 3 3 0.55
艺恩智库数据显示，在《战狼2》的刺激下，2017年前8月中国内地综合票房成绩为396.14亿，超过2015年同期100多亿元。
30 5 2 2 4 0.617
界面新闻注意到，今年暑期档上映的国产片总票房为108.02亿元，占比66%。
30 4 2 1 4 0.396
然而，《战狼2》的成功并不代表国产电影市场的回暖，反而进一步暴露了国产片的不足。
30 6 2 3 4 0.671
然而，如果从中去除《战狼2》的票房，其余约30部国产片总票房仅为52.93亿元，占比不足1/3。
30 7 2 4 4 0.27
从这个角度看，国产片的整体票房情况仍不容乐观，含金量有待提高。
30 8 3 1 3 0.659
从2017年整体票房情况来看，上半年中国内地电影票房为272亿元，其中国产片仅占38.5%。
30 9 3 2 3 0.654
截至9月6日，今年中国内地票房排名前十的影片中只有3部国产片。
30 10 3 3 3 0.254
国产片“逆袭”之路漫漫，希望《战狼2》是一个美妙的开端。
31 1 1 1 1 0.656
自7月27日上映以来，电影《战狼2》的票房一路高歌猛进，不断刷新着中国电影票历史纪录，势头直到近期才算彻底放缓。
31 2 2 1 1 0.72
今天凌晨，《战狼2》官方宣布，其票房正式突破56亿元大关，把中国电影历史票房纪录再次提升了1亿元。
34 1 1 1 2 0.684
近日电影文化市场相当火爆，根据最新数据，上映41天的《战狼2》总票房过55亿，另一部战争题材的《敦刻尔克》上映5天也斩获了2.37亿的票房，还有《星际特工：千星之城》票房将近4亿。
34 2 1 2 2 0.115
网友表示，丰富的电影题材为大家的业余生活提供了广阔的选择，不管是选择哪部电影，都会拥有激动人心的观影体验。
34 10 5 2 3 0.679
根据猫眼数据，环球影城8月票房179万，观影高峰月的票房均高于100万。
34 9 5 1 3 0.162
经过精心运营，汉中环球影城在当地影院中排名第三，仅次于中影和万达。
34 11 5 3 3 0.102
环球影城在第三方购票网站上广受好评，在糯米上拥有4.7星的好评。
34 15 8 1 3 0.656
2015年我国电影市场票房以440亿元收官，比2014年增长48.7％，创下“十二五”以来最高年度增幅。
34 16 8 2 3 0.204
中国电影进入质量提升、产能优化的新阶段，社会效益和经济效益取得双丰收。
35 7 5 1 1 0.742
数据显示，截至9月6日晚8点，在内地上映42天的《战狼Ⅱ》票房累计近55.9亿人民币，成为中国历来最高票房电影，并打入年度全球票房十大电影之一，同时跻身史上全球最高电影票房前100位。
36 2 2 1 2 0.749
吴京主演的电影《战狼Ⅱ》自7月27日上映以来，不断刷新着国产影片票房纪录——上映4小时突破亿元大关，上映85小时突破10亿元大关。
36 3 2 2 2 0.775
截至9月1日，该影片票房已突破55亿元大关，进入全球电影票房“top100”排行榜……
40 5 3 1 3 0.657
在7、8月上映的29部影片中，共35部国产片，6部进口片共取得18.32亿票房。
40 6 3 2 3 0.385
若除去战狼2，其他国产片总成绩仅为42.78亿。
40 8 4 1 3 0.626
在今年上半年，国产片票房成绩105亿元，占比不到4成，同比下滑20%。
40 9 4 2 3 0.487
破10亿的前十名中仅有三部国产片，整体呈现出被进口片碾压的颓势。
40 13 6 2 2 0.709
在《战狼2》未上映前，7月单日票房收入最高为2.45亿，最低只有5944.3万；而去年同期单日票房收入最高为2.81亿，最低为7747.7万。
40 12 6 1 2 0.129
记者梳理暑期档各项数据发现。
40 14 7 1 3 0.742
随后，现象级电影《战狼2》挽救整个低迷的态势，屡破最高单日票房纪录，撑起了整个暑期档票房的三分之一。
40 15 7 2 3 0.561
但其他影片都未达到预期票房。
40 36 18 2 2 0.674
去年，陆川导演的《我们诞生在中国》票房达6000万元，刷新了记录片的票房纪录，也打开了纪录片的院线市场。
40 35 18 1 2 0.244
此外，纪录片的市场表现继续给电影市场带来了惊喜。
40 37 19 1 2 0.658
今年，讲述慰安妇故事的《二十二》取得1.7亿票房；《地球：神奇的一天》获得近5000万的票房成绩；《冈仁波齐》也票房破亿。
40 38 19 2 2 -0.018
此外，一直作为小众电影的纪录片和文艺片，似乎逐渐被大众接受，成为某种“主流”。
41 1 1 1 2 0.692
截至9月4日，《战狼2》中国内地票房突破55亿元。
41 2 1 2 2 0.154
影片热映期间，北京万达传媒有限公司、分众晶视广告有限公司等4家公司联名发出声明函，称《战狼2》在影片母盘中强行搭载5条预告片而不支付费用，将通过法律方式维权。
42 2 1 2 2 0.744
5天拿下2.23亿票房。
42 1 1 1 2 0.291
[文/观察者网王骁]9月1日，著名导演诺兰的新作《敦刻尔克》在中国正式上映。
43 1 1 1 2 0.616
新浪娱乐讯上周五，万众期待的诺兰新片《敦刻尔克》终于上映，首日5731万，首周三天累计1.96亿元，登顶周榜；连续五周连冠的《战狼2》上周收1.7亿，稍落后于《敦刻尔克》和《星际特工》，居周榜第三位，目前，总票房累计突破55万。
43 2 1 2 2 0.559
同日上映的日本影片《银魂真人版》三天累计6045万，表现一般，居周榜第五位。
44 2 1 2 6 0.605
根据猫眼专业版数据显示，截至8月31日，内地电影市场在92天里创造了总票房为163.1亿的成绩，创下历史新高，比去年暑期档124.2亿票房提高了约38.9亿，增幅逾三成（31.3%），观影人次4.74亿，比去年增长26.7%。
44 1 1 1 6 0.448
随着《战狼2》一路高歌猛进，群片逐鹿的暑期档也落下帷幕。
44 3 1 3 6 0.495
长达3个月的时间中，共有138部电影登陆影院，累计放映场次2393万场。
44 4 1 4 6 0.719
其中，117部国产片共产出电影票房108亿元，占比达66%，同比上升约15个百分点；21部进口片则收获票房55.1亿票房。
44 5 1 5 6 0.582
在前10名的榜单上，国产电影有5部，票房占比67.4%，同比上升17.5个百分点。
44 7 2 1 2 0.649
需要注意的是，所有的成绩都离不开《战狼2》历史性的票房突破，《战狼2》一片在暑期档上映36天，共收获54.9亿，无论是总票房163。
44 8 2 2 2 0.495
亿，还是国产片票房108亿的数字，如果减去了《战狼2》近55亿的数字，都将变得暗淡无光。
44 12 4 1 3 0.65
据记者统计，今年8月电影总票房为73.5亿（含4.7亿服务费），较去年同期增长逾80%，增幅巨大，这个成绩也刷新中国电影史上单月票房新纪录。
44 13 4 2 3 0.649
而观察今年暑期档6、7、8三个月的走势可以发现，暑期档的开头可谓忧心忡忡，今年6月的票房成绩勉强和去年6月持平，截至6月30日，整个上半年的票房累计达271.7亿，暑期档开头依旧未能改变大盘低迷的情况，票房排在前7位的全是进口片，国产片最高票房的是《李雷和韩梅梅》。
44 14 4 3 3 0.498
到了7月，34部新片加入战局，集中上映、扎堆排片，最初大段时间里并未让全国电影票房迎来一次飞跃，反倒持续换来低迷的市场状况。
44 20 7 1 2 0.788
今年暑期档，《战狼2》无疑成为档期内乃至全年的最大赢家：自上映以来，先是以3.6亿票房刷新影史单日票房纪录，随后创造了最快破7亿、8亿、9亿、10亿的票房纪录，至8月7日票房超过34亿元，打破《美人鱼》在去年创造的中国影史总票房纪录。
44 21 7 2 2 0.538
暑期档最后一天总票房剑指55亿，观影人次突破1.4亿，成为国产电影单片“50亿俱乐部”的开创者，不少专家也预测，这个俱乐部在很长一段时间里，都难以再出现第二个成员。
44 31 11 1 3 0.611
除了《战狼2》一枝独秀，中国第一部票房破亿的纪录电影《二十二》也在8月中旬诞生，讲述慰安妇现状、在不少观众的口碑相传中逐渐提升了每日的排片率，目前累计票房已经达到了1.68亿，取得的成绩与热度远远超过预期。
44 32 11 2 3 0.48
而讲述藏民朝圣的文艺电影《冈仁波齐》在《变形金刚5》的强大挤压下票房破亿，引发大众热议；《重返·狼群》、《地球：神奇的一天》等纪录片都获得数千万票房。
44 35 12 2 2 0.628
过去几年暑期档单片票房成绩分布比较平均，而今年则没有中间力量，仅有3部影片过10亿，而国产片第二名《悟空传》与榜首的《战狼2》足足差了48亿。
44 34 12 1 2 0.392
不少业内人士表示，163亿的数字看起来一派繁荣，但若抛开《战狼2》，今年的暑期档电影基本上乏善可陈。
47 3 1 3 4 0.638
其中，6月票房9683.11万元、7月票房1.15亿元、8月票房1.78亿元，共同造就最热暑期档。
47 2 1 2 4 0.412
据介绍，6月至8月我市共放映影片732481场、观影人次1225.90万人次、票房3.90亿，较去年同期分别增长21.14%、14.63%、16.91%。
47 4 1 4 4 0.458
票房方面，排名前五位的分别是：《战狼2》1.35亿元、《变形金刚5：最后的骑士》3634.33万元、《神偷奶爸3》2246.85万元、《悟空传》1729.72万元、《新木乃伊》1689.18万元。
47 5 2 1 2 0.721
据了解，今年我市暑期共上映国产片171部，票房2.59亿元，占比66.43%，票房千万以上影片4部。
47 6 2 2 2 0.437
除却上述五部重点影片外，玄幻片《三生三世十里桃花》1434.22万元、动作片《杀破狼·贪狼》1113.92万元、主旋律影片《建军大业》805.99万元、犯罪悬疑片《心理罪》736.14万元等题材各异的影片也取得了较好成绩。
48 3 2 1 2 0.632
报告显示，上半年中国内地电影市场形势不容乐观，整体市场疲软，7月底内地累计电影票房才迈入300亿元大关。
48 4 2 2 2 0.626
而今年6-8月暑期档电影票房较去年同比增加了近三成，暑期档观影人次达到4.51亿，较去年同比增长20.59%，这主要是《战狼2》的拉动作用。
48 5 3 1 2 0.637
7月底，《战狼2》上映成为暑期档电影市场转折点，带动整体大盘上涨。
48 6 3 2 2 0.631
报告显示，今年暑期档国内电影总票房有望超过160亿元，比去年的124亿元上涨29%。
48 10 5 2 2 0.622
仅《变形金刚5》和《战狼2》两部影片的票房，就占到整个暑期档的半壁江山。
48 9 5 1 2 0.483
但是从不同类型影片对票房的贡献来看，今年暑期档的电影市场仍依靠大片。
48 14 7 1 1 0.606
票房方面，电影票房级别多处于1亿-5亿之间，各家押宝影片中，仅出现《战狼2》一部爆款电影，横向对比来看，博纳影业整体暑期档表现相对更佳。
49 3 2 1 1 0.623
刚刚过去的8月票房约73亿，超越整个春节档、2016年2月的68.9亿，创造中国电影月票房的新纪录。
49 7 5 1 1 0.605
在《战狼2》上映之前，7月电影市场仅收获33.54亿票房，不仅无望超越2015年7月的55.06亿，甚至与已经开始降温的2016年同期的45.15亿也颇有距离，但在《战狼2》的带动下，7月的后四天共产出票房13.75亿（其中《战狼2》贡献10.91亿），最终报收分账票房47.28亿，超越去年同期。
49 8 6 1 1 0.742
今年暑期档内地院线几十部影片，《战狼2》单片票房高达55亿，一部电影就几乎占据了整个暑期档票房的一半。
49 10 7 2 3 0.709
然而，三部影片均票房惨淡。
49 9 7 1 3 0.165
《三生三世十里桃花》《悟空传》《鲛珠传》均为“大IP+小鲜肉”模式，集结明星，并于前期进行了声势浩大的宣传。
49 11 7 3 3 0.546
其中成绩最好达到6亿多票房的《悟空传》，与去年暑期档动辄10亿的同类型影片也已无法相提并论。
49 15 10 1 1 0.613
7月20日低调上映的《冈仁波齐》，凭借在观众中不断发酵的口碑，在《变形金刚5》的强大挤压之下依然取得了超过1亿元的票房。
49 16 11 1 1 0.736
8月14日上映的纪录片《二十二》从上映首日的排片占比1.6%，单日票房300多万一路逆袭，关注度一路飚高的同时，票房也突破国内纪录片电影纪录，逼近1.7亿。
50 1 1 1 1 0.647
1905电影网讯又破纪录了！吴京[微博]的《战狼2》在上映第36天票房依然坚挺，豪揽55亿，考虑到影片的密钥已经延期，冲破60亿大关指日可待。
50 6 4 1 2 0.629
《战狼2》一路以来高歌猛进、战绩辉煌，据艺恩数据显示，该片首周破9亿，次周便如火箭升空般拿下21亿，第三周依然强势再揽14亿，截止发稿，影片的累计总票房已经突破55亿，破纪录速度之快前所未有。
50 7 4 2 2 0.272
此前曾有外媒表示，《战狼2》的表现反映中国自信增强，而抛开惊人的票房数据不谈，这部影片无论是在内容还是在拍摄上，都堪称是中国电影史上的一座里程碑。
51 3 1 3 3 0.712
在7月28日上映以来，该片就一路创造了无数项中国电影市场记录，单片票房截稿时已经接近55亿元，单片观影人次突破1.4亿。
51 2 1 2 3 0.422
直到《战狼2》的出现。
51 10 6 1 2 0.614
据悉，该公司拥有《战狼2》北美放映的版权，而该片在北美的票房收入已超过230万美元。
51 11 6 2 2 0.418
在中国电影“出海”里，高于100万美元的票房收入已经被认为是中国电影在海外获得成功的标准。
52 8 2 6 7 0.625
10天后，它超越《美人鱼》，成为中国电影票房冠军。
52 7 2 5 7 0.422
在不到两天的时间里，它就超过了2015年《战狼1》8800万美元的收入。
52 9 2 7 7 0.617
用了仅仅五周时间，《战狼2》就获得了8.1亿美元的票房收入，这也让它也成为历史上第二高的单一市场票房冠军，仅次于北美市场的《星球大战：原力觉醒》。
54 1 1 1 1 0.69
今年原本不温不火的暑期档，终于被《战狼2》引燃到爆，票房4小时破亿、85小时破10亿、一个月超过53亿，影院排片和口碑持续居高不下，不仅稳拿国内目前上映影片票房第一，而且领跑全球票房榜。
55 11 4 2 4 0.7
前段时间大爆的影片《战狼2》，刷新了华语电影最高票房纪录。
55 10 4 1 4 0.126
拥有“文艺片女王”称号的余男，一直以来都以低调有实力著称。
55 12 4 3 4 -0.052
余男所饰演的龙小云美丽、冷静，与冷锋的惺惺相惜给观众留下深刻的印象。
57 4 1 4 5 0.614
紧随其后是凭借参演周星驰电影以及档期爆款《寻龙诀》的舒淇，她以整体票房超过80亿位居亚军。
57 3 1 3 5 0.22
虽然很难把《战狼2》成功的原因都算在余男身上，但数字也证明了选对了影片会有惊喜。
57 5 1 5 5 0.1
而范冰冰、白百何、Angelababy（杨颖）、姚晨、杨幂等都是当今引领华语票房的主力军。
57 7 3 1 2 0.615
新京报记者统计了华语女演员票房排行榜，标准是以演员个体为单位，统计她们曾参演过、在内地上映并且有票房记录的电影票房总和，以此作为“票房影响力”的指标。
57 8 3 2 2 0.297
可以发现，如今影坛表演行业的中坚力量，正在被80后、90后作为新生军的一代花旦牢牢占领；女演员要想票房成绩好看，参演到春节档、暑期档热卖的电影最有效。
60 1 1 1 2 0.663
大洋网讯上映至今，《战狼2》的票房仍在高歌猛进，除了坐稳中国电影史第一，还进入世界电影票房前100名，引发公众的不断热议。
60 2 1 2 2 0.043
电影中，不少惊险刺激的镜头来自航拍。
61 1 1 1 2 0.615
《战狼2》观影人次已达7亿，看过的观众纷纷化身精神股东，时刻关注《战狼2》的票房。
61 2 1 2 2 0.357
现在《战狼2》中国影史票房第一的地位已经落定，网友们关心的问题逐渐转化为：拿命拍电影的吴京，最后能够分到多少钱？
61 16 8 1 3 0.666
猫眼预测《战狼2》的最终票房将是56.51亿，但实际上进入分账的票房还要扣除服务费。
61 17 8 2 3 0.567
预估分账票房最终是52亿，包括吴京公司在内的出品方的收入将是：保底收入+8亿到15亿部分票房分成+15亿到52亿部分票房分成。
62 1 1 1 2 0.635
新浪娱乐讯《战狼2》成为中国影史第一部“50亿+”影片，上映多日热度不减，仍然以持续强悍的票房数据秒杀一众新片。
62 2 1 2 2 0.212
8月26日，《战狼2》剧组在京举行答谢宴，青年女演员柏安从湖南卫视自制大戏《火王》剧组杀青归来，应邀出席答谢宴，面贺吴京[微博]导演和剧组众多台前幕后工作人员，并超级期待京哥早日将《战狼3》搬上大银幕。
64 4 3 1 3 0.707
截止8月26日，《战狼2》票房不断刷新纪录。
64 5 3 2 3 0.741
上映31天，票房突破53亿元人民币。
64 6 3 3 3 0.699
这是国产电影首次迈入50亿元票房大关。
65 2 2 1 2 0.715
电影《战狼2》仅用了13天，就打破了《美人鱼》创下的34亿票房纪录，截至记者发稿前，尚在放映期的《战狼2》票房已达53亿，把中国电影票房最高纪录整整拉高了一个台阶。
65 3 2 2 2 0.199
这部没有流量明星挑大梁的电影是如何成功的？影片的品质与高票房是否匹配？主旋律商业片是两种类型片的交融尝试还是中国特色的电影新品种？近日，《绿海副刊》邀请北京电影学院助理研究员程麒台，从专业视角说说这匹难得一见的“战狼”。
65 25 8 1 5 0.71
程麒台：《战狼2》取得了国产电影史上最高的票房，并使国产电影第一次杀入了全球票房电影100强。
65 26 8 2 5 0.346
然而，高票房并不能等同于高质量。
66 4 2 2 2 0.604
然而，《战狼2》票房超越《美人鱼》登顶中国电影票房冠军后，它背后以北京文化为代表的14家出品方以8亿保底发行的结果是，产业发生了变局。
66 3 2 1 2 0.374
随着近十年来中国电影票房市场的高歌猛进，横亘在一线的中国电影公司巨头虽有波动但一直还较为稳定。
67 5 3 1 2 0.688
截至8月23日晚，《战狼2》累积的综合票房达到了52.37亿，分账票房（去除服务费）48.93亿。
67 6 3 2 2 0.459
这意味着本片不仅是中国内地电影历史上第一部票房达到50亿+级别的电影，更让中国电影市场“走进新时代”。
67 7 4 1 1 0.693
放眼全球市场，《战狼2》所取得的票房成绩折算成美元已经超过7亿，是进入全球票房前100的唯一一部非英语电影，也是仅次于《星战大战：原力觉醒》（9.36亿美元）的全球影史上单片单地区的票房亚军。
67 8 5 1 1 0.731
票房50亿是什么概念？一部《战狼2》的票房超过了5部漫威超级英雄大片的内地票房总和。
68 2 2 1 2 0.764
第三方数据显示，《战狼2》目前票房已经超过53亿，其上映后不断刷新中国电影的各项纪录，上映第17天票房破45亿，成为全球电影票房TOP100唯一亚洲电影。
68 3 2 2 2 0.654
8月19日，实现1.41亿人次观影、整体票房50亿，打破全球单片市场观影人次记录。
68 6 4 1 2 0.624
北京文化电影事业部总经理张苗透露，截至8月25日《战狼2》创纪录的52亿票房中，淘票票出票占比达到40%。
68 7 4 2 2 0.188
而《战狼2》线上营销部分，淘票票制定了整体的网络售票策略，整合了阿里系的很多资源。
69 4 3 1 1 0.658
根据淘票票的数据显示，截止8月25日，《战狼2》的票房已经超过52亿元，成为国内第一部票房超过50亿元的电影，北京文化董事长宋歌表示，这52亿票房中，淘票票出票占比为40%。
70 1 1 1 3 0.633
参考消息网8月25日报道美媒称，《战狼Ⅱ》这部爱国主义影片刚刚成为中国史上票房最高的影片，也是第一部跻身全球票房前100名影片行列的非好莱坞影片。
70 2 1 2 3 0.236
用好莱坞手法讲述爱国主义故事是中国电影人一直以来的梦想，《战狼Ⅱ》证明他们能够做到这一点。
71 10 4 1 2 0.65
对外经济贸易大学研究员冯仕亮表示，仍在热映的电影《战狼2》登顶华语影史票房冠军，猫眼电影对其票房的预测为52.85亿元。
71 11 4 2 2 0.395
取得这一成绩，《战狼2》只用了不到12天时间。
72 1 1 1 4 0.682
《战狼2》的票房已经超过50亿人民币，成为现象级电影。
72 2 1 2 4 0.226
如果从《战狼1》的轨迹来看，相信再大胆的人也不敢预测目前这个票房结果。
73 5 3 2 2 0.732
淘票票数据显示，截至目前《战狼2》的票房已经超过52亿元，是中国第一部票房超过50亿元，并进入全球票房TOP100的电影。
73 4 3 1 2 0.299
北京文化是《战狼2》的联合出品方及发行方，阿里影业旗下的淘票票是《战狼2》的独家互联网联合发行平台。
74 10 6 2 3 0.732
淘票票数据显示，截至目前《战狼2》的票房已经超过52亿元，是中国第一部票房超过50亿元，并进入全球票房TOP100的电影。
74 9 6 1 3 0.299
北京文化是《战狼2》的联合出品方及发行方，阿里影业旗下的淘票票是《战狼2》的独家互联网联合发行平台。
74 11 6 3 3 -0.095
(程春雨)
75 1 1 1 1 0.603
截止8月25日上午10点，据艺恩网统计，《战狼2》累计票房已突破52.87亿元，而回顾这部影片在暑期档创造的票房“传奇”，也存在不少有意思的数字。
75 2 2 1 4 0.677
从单日票房占比图来看，《战狼2》从始至终的票房占比都非常高，上映后前两周平均票房占比达到80%以上，第三周依然超过50%。
75 3 2 2 4 0.615
也就是说，8月这一暑期档黄金时期的全国票房几乎被《战狼2》收割了大半。
75 4 2 3 4 0.496
对比中国影史另两部高票房影片《速度与激情8》和《美人鱼》，总结起来就是谁的档期蛋糕大，吃蛋糕的人少，谁就票房最高。
76 3 2 1 3 0.737
截至8月21日，根据国家电影专资办数据，吴京执导的电影《战狼2》上映26天，票房突破50亿元人民币，这是国产电影首次迈入50亿元票房大关。
76 4 2 2 3 0.603
与此同时，《战狼2》在中国市场累计观影人次达到1.4亿，超越了《泰坦尼克号》在北美市场观影人次1.38亿的纪录，荣登“单一市场观影人次”全球榜首。
76 5 2 3 3 0.545
此外，影片将延期上映至9月28日，最终票房仍然有进一步提升空间。
76 7 3 2 2 0.786
《战狼2》在14日终止连续18天单日票房破亿的纪录之后，至今单日票房稳定在每天5000万元至8000万元左右。
76 6 3 1 2 0.345
《战狼2》于7月27日以2D、3D、中国巨幕版本首映，但IMAX版本8月18日才推出，最后提早至8月14日在一线城市开始放映，这是首次有电影在上映后才推出IMAX版本。
77 15 3 6 8 0.662
《战狼2》超越了《阿凡达》，成为影史上单一市场收获票房第二高的影片，仅次于《星球大战：原力觉醒》（北美总票房9.37亿美元）。
77 14 3 5 8 0.206
接着这部影片在中国就彻底火了。
77 16 3 7 8 0.059
吴京对于中国影迷的观影需求有着非常深的了解，我彻底低估了这一点。
77 48 10 5 5 0.672
（《战狼2》在北美上映以来已经取得230万美元的票房，美国发行公司计划延长影片上映时间。
77 47 10 4 5 0.258
这会让中国电影冲出本土市场，威胁到好莱坞电影的统治地位。
78 1 1 1 2 0.812
上映11天零4小时后，《战狼2》以优异的票房打破国产片票房最高纪录33.9356亿元，并跃居此前纪录维持者《美人鱼》成为中国票房第一。
78 2 1 2 2 0.291
这一纪录，后者用63天才达成。
78 5 3 1 3 0.603
中国共有19部影片成功跨过10亿大关。
78 6 3 2 3 0.617
其中，《捉妖记》与《美人鱼》先后突破20亿和30亿，而《战狼2》在上映首日便取得了1.01亿票房的成绩。
78 7 3 3 3 0.845
随后口碑扩散，票房持续走高，上映首个周末单日便拿下约3.57亿票房，一举超越《西游伏妖篇》，又在次周周末突破4亿以上单日票房，连续刷新华语影史单日票房纪录。
78 9 4 2 2 0.607
进一步分析19部票房“10亿+”的电影，有9部电影分布在春节档，4部在暑期档。
78 8 4 1 2 0.354
分析Top100的电影档期可发现，位列前三的档期分别为暑期、贺岁和春节档（28部、24部、17部）。
80 1 1 1 3 0.697
《战狼2》票房高出天际，创下中国影坛纪录，近日再传捷报——该片跻身全球票房前100名。
80 2 1 2 3 0.084
在举国影迷欢庆的同时，吴京[微博]近来亦是炙手可热。
80 4 2 1 5 0.679
《战狼2》自上映以来缔造了无数奇迹，继登顶中国电影票当总票房冠军后，又成功跻身全球票房前100名。
80 5 2 2 5 0.609
如今，火爆暑期档的《战狼2》仍在继续着“票房神话”。
80 6 2 3 5 0.134
在本期的《国片大首映》中，吴京就与观众分享了在路演过程中的难忘经历。
81 2 1 2 2 0.745
截至8月20日，《战狼2》票房突破50亿，不仅刷新了中国电影总票房冠军的纪录，更以1.4亿观影人次跻身全球影史“单一市场观影人次”榜首！
81 1 1 1 2 0.271
今年夏天什么话题最火？毫无疑问，《战狼2》。
82 2 1 2 2 0.698
国外网站分析，《战狼2》最终票房有望达8亿美元（约合53亿元人民币），站上全球百大票房影片榜第65名。
82 1 1 1 2 0.571
参考消息网8月23日报道台媒称，大陆电影《战狼2》空前狂映，打破大陆影史票房纪录，更引爆海内外广大热议。
84 9 3 3 5 0.749
相比较去年同期,影片阵容旗鼓相当,基于此假设除《战狼2》以外的33部影片能使8月总票房维持去年同期票房水平40.55亿元,另外《战狼2》票房达50亿元,剔除部分挤出效应,保守估计8月票房将超过65亿元,同比增长约60%。
84 8 3 2 5 0.583
今年“暑期档”共计影片96部,比去年减少4部,8月上映影片34部,较去年增加2部。
84 10 3 4 5 0.678
预计全年票房增速15-20%,预计下半年票房实现仍然需要依靠进口片。
84 11 3 5 5 0.598
根据目前的片单判断,9-12月实现票房同比增长10%为大概率事件,对应全年票房增速约15%。
85 2 1 2 2 0.688
《贪狼》上映5天票房突破3亿元，《十冷2》上映不到4天票房也超过6500万元，新片中表现确实还不错，然而《战狼2》依然强势，在让出两天单日票房冠军头衔给《贪狼》之后，《战狼2》又继续稳坐单日票房冠军宝座，如今票房更已经超过51亿元，接下来要对打的是国外电影《极盗车神》《星际特工：千星之城》，不知《战狼2》最终能把票房纪录定在多少！
85 1 1 1 2 0.277
信息时报讯（记者马泽望）原以为《战狼2》的热度会慢慢降温，毕竟刚刚过去的周末，市场上既有口碑和阵容都不错的《杀破狼·贪狼》（下称《贪狼》）、《破·局》，也有《十万个冷笑话2》（下称《十冷2》）这种口碑好笑点多的动画片，更有《二十二》《皮绳上的魂》这类有话题和深度的电影。
85 4 2 2 4 0.707
第二天，《贪狼》取得6332万元单日票房，而《战狼2》取得6226万元票房，《贪狼》以微弱优势压制《战狼2》。
85 3 2 1 4 0.488
新片中，上周四开始首映的《贪狼》，凭借《杀破狼》系列的名号、凌厉的动作场面以及古天乐、吴樾等人的号召力，在首映当天拿下6475万元票房，超过《战狼2》当天5983万元单日票房，前一周《心理罪》没能做到的事情，《贪狼》做成了。
85 5 2 3 4 0.275
差距这么小，不少影院经理都表示，《贪狼》“艳压”《战狼2》的日子到头了。
85 6 2 4 4 0.761
果不其然，虽然《贪狼》口碑很好，而且第三天票房升高到8108万元，但《战狼2》依然以9012万元单日票房反压《贪狼》，并且随后一直保持单日票房冠军头衔。
85 7 3 1 2 0.618
《贪狼》目前取得超过3亿元票房，豆瓣评分也有7.4分。
85 8 3 2 2 0.428
有不少影迷表示，要不是遇到《战狼2》这样的强敌，以《贪狼》的质量，相信能取得更高的票房成绩，虽然目前票房也还可以。
85 12 5 1 1 0.685
美国专业杂志《好莱坞报道》昨日的文章称，在单个市场上的票房成绩榜中，《战狼2》在上映25天内取得7.685亿美元（约人民币51.37亿元）的票房成绩，已经超越了《阿凡达》2009年在美国市场内取得的票房（7.497亿美元），成为全球电影中能在“单个市场中取得最多票房排行榜”中的第2名，第1名则是前年上映的《星球大战7：原力觉醒》，当时这部电影在美国市场拿下了惊人的9.366亿美元票房。
86 1 1 1 3 0.769
8月19日，电影《战狼2》的票房正式突破50亿元大关，将国产片最高票房纪录又推高了一个台阶。
86 2 1 2 3 -0.017
与此对应的，除了普通观众的观影热情和主流媒体的肯定，也伴随质疑和争议。
87 2 1 2 6 0.735
国产片中,上映仅5天的《战狼2》贡献了超过11亿的票房,成为整个暑期档最大的票房黑马。
87 1 1 1 6 0.355
1、电影产业方面,上半月优质影片缺乏,下半月重归增长。
87 3 1 3 6 0.497
此外,《悟空传》在本月也表现良好,取得了6.48亿的票房,占比13.7%。
89 1 1 1 1 0.702
根据CBO实时票房榜显示的数据，截至18日零时，已经上映23天的《战狼2》票房超过49.4亿元，且实时票房依旧高居榜首；《建军大业》票房超过3.8亿元；《二十二》在开头两天排片遇冷之后，排片占比已达到10%左右，票房超过8200万元。
90 1 1 1 2 0.654
新华网北京8月21日电（记者张淳）《战狼2》自7月27日上映以来，票房一路走高，截止目前已突破50亿，创造了中国电影票房新纪录。
90 2 1 2 2 0.409
同时，《战狼2》在中国市场的累积观影人次也正式达到了1.4亿，这也让吴京成为了最炙手可热的电影人。
92 1 1 1 1 0.678
《战狼2》票房已超过51亿元。
92 2 2 1 3 0.682
截至昨日18：25，《战狼2》的票房已达51.6亿元人民币，顺利跨过50亿的大门槛。
92 3 2 2 3 0.416
而在未来几年，《战狼2》都将是华语电影市场的标杆。
92 29 20 1 2 0.677
《战狼2》自上映以来一路过关斩将，屡创国产片最新纪录。
92 30 20 2 2 0.528
首日上映4小时破亿，从第二天开始，每日以2亿元以上的掘金速度，秒杀一切同档期影片。
92 32 21 2 2 0.729
66亿直接打破当时华语影史的最高单日票房。
92 31 21 1 2 0.073
在首周末，用3。
92 33 22 1 1 0.693
在上映第二周，《战狼2》的市场表现没有丝毫疲软迹象，即便是工作日，单日票房从未跌破2亿关口。
92 34 23 1 1 0.643
上映第9天，影片综合票房打破《美人鱼》创造的最快破20亿纪录，并迅速超越《捉妖记》、《速度与激情8》位列内地影史亚军。
92 35 24 1 3 0.841
随后，《战狼2》更是以每日4亿以上的票房连续刷新国产单日票房纪录，直接包揽国产片最高单日票房前三名，成功晋级30亿俱乐部。
92 36 24 2 3 0.801
虽然古天乐、吴樾等主演的动作片《杀破狼·贪狼》8月17日上映后首日票房6100万，拿下单日票房冠军，从而终结了《战狼2》持续22天的单日票房连冠纪录。
92 37 24 3 3 0.663
但在8月19日，《战狼2》以9010万元的成绩，再度将冠军夺回，同时综合票房突破50亿，它还以1.4亿的观影人次超越《泰坦尼克号》成为全球单一市场冠军。
93 1 1 1 4 0.698
上映20天，国产电影《战狼2》票房已经达到47亿元，并仍稳固盘踞在上座率的王座。
93 2 1 2 4 0.393
中国票房增速放缓之后，这次票房“爆款”的出现如大地惊雷，再次引发了各界对中国电影行业及文化软实力的重新探讨。
94 3 3 1 1 0.766
8月19日，《战狼2》的排片仍以25.9%位居第一，其总票房终突破50亿大关，创造了国产片票房新的纪录。
94 5 5 1 3 0.677
《战狼2》自上映以来一路过关斩将，屡创国产片最新纪录。
94 6 5 2 3 0.522
首日上映四小时破亿，从第二天开始，每日以2亿元以上的掘金速度，秒杀一切同档期影片。
94 8 6 1 1 0.725
上映第二周，《战狼2》的市场表现没有丝毫疲软，即便是工作日单日票房从未跌破2亿。
94 9 7 1 1 0.658
上映第9天，影片综合票房打破《美人鱼》创造的最快破20亿纪录，并迅速超越《捉妖记》《速度与激情8》位列内地影史亚军。
94 10 8 1 3 0.846
上周末，《战狼2》更是以每日4亿以上的票房连续刷新国产单日票房纪录，直接包揽国产片最高单日票房前三名，成功晋级30亿俱乐部。
94 11 8 2 3 0.801
虽然古天乐、吴樾等主演的动作片《杀破狼·贪狼》8月17日上映后首日票房6100万，拿下单日票房冠军，从而终结了《战狼2》持续22天的单日票房连冠纪录。
94 12 8 3 3 0.663
但在8月19日，《战狼2》以9010万元的成绩，再度将冠军夺回，同时综合票房突破50亿，它还以1.4亿的观影人次超越《泰坦尼克号》成为全球单一市场冠军。
94 13 9 1 1 0.62
除了在国内大火特火之外，《战狼2》以6.8亿美元的全球票房位居第100位，在国际上也闯出了知名度，它是第一部进入全球电影票房TOP100的中国电影、华语电影和非好莱坞电影，打破美国垄断，就目前的情况看，《战狼2》还会将单片票房纪录继续拉高。
94 21 17 1 1 0.616
在《战狼2》成功破50亿的同时，“慰安妇”题材纪录片《二十二》票房破亿。
94 22 18 1 2 0.641
截至8月20日凌晨，这部纪录片在上映5天收获亿元票房，不仅打破了此前陆川执导的《我们诞生在中国》的6660万中国电影票房纪录片纪录，还将这一纪录带到新高点。
94 23 18 2 2 0.299
而《二十二》的投资仅300万，其中有张歆艺个人资助100万，另外众筹到100万用于影片的宣发。
94 24 19 1 4 0.672
该片首日仅仅用1.5%的排片拿到了335万的票房，第二天排片上涨300%，票房涨近400%。
94 25 19 2 4 0.262
在周三更是拿到了纪录片目前排片占比最高的11.2%。
95 25 12 3 3 0.679
也就是说，若《战狼2》票房失利，北京文化仍将按8亿票房给投资方分成。
95 24 12 2 3 0.504
票房保底是影视圈常用拉投资策略，电影发行公司对于投资方或制作方做出的票房承诺，如果影片最终未达到发行方保底票房数字，发行方还需按照此数额分账给对方。
95 30 16 1 1 0.614
截至发稿，《战狼2》的票房已经超过48亿，北京文化的收益也已经超了1.4亿元，北京文化的股价也因此暴涨，自电影上映以来股价最高涨幅达到56%，市值增加近60亿元，创一年内新高。
96 1 1 1 2 0.72
随着《战狼2》票房即将突破50亿，该片成了唯一进入全球票房TOP100的中国电影。
96 2 1 2 2 0.067
联合出品、保底发行及宣发主控方北京京西文化旅游股份有限公司（下称“北京文化”）一战成名，走到了资本和产业关注的风口浪尖。
96 5 3 1 2 0.606
同时，《战狼2》票房达49.31亿，不出意外的话，有望在周末（8月19日或20日）突破50亿。
96 6 3 2 2 0.436
这样的成绩燃爆了整个暑期档，同时也让市场看到国产片的单片票房能力。
97 1 1 1 1 0.693
上映以来，《战狼2》凭借良好口碑，居高不下的上座率，接连打破国内多项电影票房纪录。
97 2 2 1 2 0.712
截至目前，电影《战狼2》票房已超过50亿，创造了中国电影票房新的纪录。
97 3 2 2 2 0.197
同时，导演和主演吴京也成为了最炙手可热的电影人。
97 10 6 1 1 0.702
《战狼2》的最新票房，不仅刷新了中国电影票房纪录，也跻身全球票房前百名，受到了国际电影产业的关注。
97 11 7 1 2 0.606
目前全球最高票房的三部电影分别是阿凡达、泰坦尼克、星球大战7，战狼2票房超过50亿，已经超越了排名88的电影地心引力，这也是榜单中唯一一部不是好莱坞出品的电影。
97 12 7 2 2 0.157
目前，吴京已经接到了多位好莱坞导演的邀请。
98 1 1 1 2 0.72
随着《战狼2》票房即将突破50亿，该片成了唯一进入全球票房TOP100的中国电影。
98 2 1 2 2 0.067
联合出品、保底发行及宣发主控方北京京西文化旅游股份有限公司（下称“北京文化”）一战成名，走到了资本和产业关注的风口浪尖。
98 5 3 1 2 0.606
同时，《战狼2》票房达49.31亿，不出意外的话，有望在周末（8月19日或20日）突破50亿。
98 6 3 2 2 0.436
这样的成绩燃爆了整个暑期档，同时也让市场看到国产片的单片票房能力。
99 2 2 1 1 0.77
截至8月19日，已经登上国产片票房第一宝座的《战狼2》票房突破50亿元，在该影片的强力助推下，暑期档票房也提前大半个月超越去年暑期档票房(124亿元)，站在了143.6亿元的历史高点。
99 11 6 1 1 0.646
甚至进口大片也没能拯救暑期档，《变形金刚5》虽然拿到了暑期档票房排名第二的影片，但表现不及预期，从《变形金刚5》上映三天的总票房为7.8亿元看，这很可能是一部破20亿甚至可以冲刺30亿票房的影片，然而随后票房并没有能够延续好的开场，最终只拿到了15.5亿的票房。
99 12 7 1 4 0.718
然而，《战狼2》上映后，一扫暑期档电影票房低迷的阴霾，并让暑期档提前大半个月超越去年暑期档票房。
99 13 7 2 4 0.642
第一财经记者通过查阅猫眼数据显示，截至8月19日，暑期档票房已经达到143.6亿元，去年整个暑期档也只有124.3亿元，而《战狼2》独得50.3亿元，占目前暑期档票房35%。
99 14 7 3 4 0.572
可以说，整个暑期档靠《战狼2》撑起三分之一的票房。
99 17 8 2 2 0.745
从2011年到2017年当年票房前5名的影片，中国冠军票房的影片票房呈现非常快速的增长，从2011年《变形金刚3》的10亿票房，到2017年《战狼2》目前的50亿票房，几乎增长了4倍。
99 16 8 1 2 0.581
抛开今年国产电影表现低迷不谈，放眼到票房开始高速增长的这几年，可以看出，中国电影票房纪录一直在被刷新。
100 1 1 1 1 0.702
本报讯昨日，根据国家电影专资办的数据，吴京[微博]执导电影《战狼2》上映24天，票房正式突破50亿人民币！自超越《美人鱼》以来，电影《战狼2》在映的每一天都在刷新中国影史票房纪录，而目前，吴京已将国产电影票房天花板拉升至50亿的新高度。
100 2 2 1 2 0.641
除了票房纪录外，《战狼2》在中国市场的累积观影人次也正式达到了1.4亿，成功超越了《泰坦尼克号》北美市场观影人次1.38亿的记录，荣登“单一市场观影人次”全球榜首。
100 3 2 2 2 0.366
有网友开玩笑道，“1.4亿个精神股东，这恐怕是史上第一规模的董事会吧。”上映23天，累积观影人次1.4亿。
