1 10 5 1 3 0.607
在《战狼2》之后，影评、市场调研纷纷立说，类似题材蜂拥而上。
1 11 5 2 3 0.578
《空天猎》作为策划较早、完成度较高的作品，虽然上映档期正好赶上《战狼2》开拓出市场后的余温期，但票房表现一般。
3 7 4 2 4 0.72
许多电影人记得，2012年好莱坞分账大片数量一下子提高七成，但中国电影不惧挑战。
3 6 4 1 4 0.409
“民族电影文化占据主导地位”的判断更值得一说。
3 8 4 3 4 0.471
今年全国总票房中，国产影片票房262亿元，占比52.4%。
7 3 2 2 2 0.608
其他华语电影还包括张家辉和古天乐主演的电影版《使徒行者》。
7 2 2 1 2 0.532
日本Cinemart艺术院线的馆长日前精选了来自全世界的14部影片进行展映，《战狼2》荣幸地成为首部推荐影片。
8 15 4 4 4 0.626
影片杂糅了好莱坞超级英雄片、香港动作片、徐式武侠片以及现代战争片的不同形态。
8 14 4 3 4 0.357
制作上，特技出彩，战斗场面适度夸张。
9 3 2 1 1 0.749
《战狼2》在上映超过一个月后，尚能票房压制了新上映《敦刻尔克》等好莱坞巨制大片，标志着中国影人同样有能力拍摄出为广大观众喜闻乐见的本土商业大片。
9 19 17 1 1 0.607
等到什么时候，每年能产出10部《战狼2》这样8亿美元级别的商业大片了，什么时候中国电影就是当之无愧世界第二，完全不再要什么国产保护月，可以和好莱坞大片正面抗衡，并牢牢守住本土市场了。
21 2 2 1 2 0.617
同时《小丑回魂》也有望成为史蒂芬·金所有33部电影改编作品中票房最高的一部。
21 3 2 2 2 0.475
《小丑回魂》也即将超过《绿里奇迹》的1.36亿美元，指日可待。
27 7 4 2 3 0.669
败给了阿汤哥主演的电影《美国制造》，还有票房近40万的美国电影《小丑回魂》。
27 6 4 1 3 0.495
但截止到9月7日19点《战狼2》在香港的首日票房只有23.7万，跟内地相比只能用惨败来形容。
27 8 4 3 3 0.226
在受欢迎程度上也只排名第5，单日场次只有87场。
28 6 4 2 3 0.669
败给了阿汤哥主演的电影《美国制造》，还有票房近40万的美国电影《小丑回魂》。
28 5 4 1 3 0.495
但截止到9月7日19点《战狼2》在香港的首日票房只有23.7万，跟内地相比只能用惨败来形容。
28 7 4 3 3 0.226
在受欢迎程度上也只排名第5，单日场次只有87场。
33 29 13 2 2 0.646
好莱坞几乎垄断了世界科幻战争电影，并用百年的时间在全世界培育科幻电影的观众。
33 28 13 1 2 0.373
李洋坦言，中国电影在科幻领域，还是一个“小学生”。
40 32 16 2 2 0.681
除了动作类型电影《战狼2》创下华语电影票房纪录，《杀破狼·贪狼》也取得5.08亿票房成绩；此外动作、悬疑犯罪类型电影《心理罪》2.94亿；奇幻、动作结合电影《悟空传》6.96亿；武侠类型结合的《绣春刀2》2.66亿。
40 31 16 1 2 0.574
今年暑期档，共有15部动作类型电影，占据近一半的市场份额。
44 17 5 3 3 0.623
8月41部影片中9部过亿，由于《战狼2》强大的续航能力，其他电影只占据了38%的票房，普遍表现欠佳，无论是热门IP或是青春爱情片，在这个八月基本都沦为了《战狼2》的炮灰，在《战狼2》的热潮退去后，其他影片后继乏力。
44 16 5 2 3 0.384
《战狼2》引领的票房爆发一直延续到8月末，整个8月放映场次为852万场，与7月基本持平，但观影人次却增长了45%，让这个月成为今年2月后，场均人数再次达到20人以上。
48 9 5 1 2 0.633
但是从不同类型影片对票房的贡献来看，今年暑期档的电影市场仍依靠大片。
48 10 5 2 2 0.57
仅《变形金刚5》和《战狼2》两部影片的票房，就占到整个暑期档的半壁江山。
51 18 9 1 3 0.618
但是《Variety》指出，对于好莱坞来说，《战狼2》票房的一路高歌也为他们痴迷于提升中国对进口影片配额的行为上了一课。
51 19 9 2 3 0.409
虽然现在好莱坞电影公司与中国当局就放松对进口影片的限制的协议还在谈判中，但是这种做法是很短视的。
51 23 12 1 1 0.61
总是想着中美合拍电影能带来票房似乎已经渐渐成为徒劳，过度的炒作、主题的变化以及好莱坞电影试图去迎合中国人的口味也被证明正在被市场厌倦，曾经中国电影市场认为西方明星会带来电影票房效应的概念也正在弱化。
52 13 4 2 3 0.602
《战狼Ⅱ》是一部精心制作的中国电影，但它的成功也离不开好莱坞的支持。
52 12 4 1 3 0.49
在这一过程中，《战狼2》引起了好莱坞对如何更好地靠近和开发这个有望在未来几年成为全球最大电影市场的反思。
52 14 4 3 3 0.548
3000万美金的投资允许吴京可以邀请到像Joe（《创：光速战记》的作曲）和AnthonyRusso（《美国队长：内战》特效导演）这样的好莱坞电影制作人做影片顾问。
53 7 3 1 3 0.623
如果没有《战狼2》热血席卷票房，包揽整个暑期档电影冠军，我们已经很久没有看到现象级的军旅题材影视作品了。
53 8 3 2 3 0.327
在这个告别革命的年代里，玄幻、修仙、都市甚至民国剧都还能在IP大潮中博得资本的青睐，尤其是能够荟萃鲜肉小花的古装题材始终是影视业的投资热点。
65 10 4 6 8 0.686
暑期是国产电影保护月，有票房冲击力的外国大片瓜分不到《战狼2》的市场份额。
65 9 4 5 8 0.511
换句话说，观众早已在满心希冀一部良心电影的到来！此外，《战狼2》选择在暑期上映，并赶在了八一建军节前夕，这是电影制作方对上映时间的精准把握。
65 11 4 7 8 0.437
而《战狼2》内容又与八一特有的军事氛围相契合。
65 25 8 1 5 0.613
程麒台：《战狼2》取得了国产电影史上最高的票房，并使国产电影第一次杀入了全球票房电影100强。
65 26 8 2 5 0.375
然而，高票房并不能等同于高质量。
67 8 5 1 1 0.639
票房50亿是什么概念？一部《战狼2》的票房超过了5部漫威超级英雄大片的内地票房总和。
67 37 17 2 2 0.604
这要归功于《战狼2》下沉三、四线市场的能力，这也正是好莱坞大片比不上的。
67 36 17 1 2 0.579
今年上半年，进口片票房的占比一直高过国产影片，直到《战狼2》的出现，才让国产片和进口片能够平分秋色。
70 1 1 1 3 0.659
参考消息网8月25日报道美媒称，《战狼Ⅱ》这部爱国主义影片刚刚成为中国史上票房最高的影片，也是第一部跻身全球票房前100名影片行列的非好莱坞影片。
70 2 1 2 3 0.542
用好莱坞手法讲述爱国主义故事是中国电影人一直以来的梦想，《战狼Ⅱ》证明他们能够做到这一点。
70 10 4 2 3 0.626
中国本土电影人找到了一些他们能够挖掘的影片类型，另外，随着电影制作预算增加以及广泛接触好莱坞影片，中国电影人讲故事的技巧提高了。
70 9 4 1 3 0.141
但是，近来情况逐渐发生变化。
70 11 4 3 3 0.519
前些时候上映的几部国产喜剧片因为接地气的幽默、出色的制作水准以及主题触碰中产阶级的焦虑而票房大火。
70 13 6 1 3 0.606
《战狼Ⅱ》推出时，好莱坞许多人先入为主地认为这部影片也会一败涂地。
70 14 6 2 3 0.289
这部电影的主角是“冷锋”，这是一类在影史上泛滥的角色，与“肮脏的哈里”“约翰·兰博”一脉相承。
77 12 3 3 8 0.621
毕竟我参与过《人类清除计划》系列和漫威电影宇宙的影片，相比之下那些影片的制作水准更高一些。
77 11 3 2 8 0.47
我看过第一部作品，对于我了解的中国电影市场而言，我觉得这是一部挺酷的电影。
77 13 3 4 8 0.285
我只是觉得，万一这部影片和前作一样在中国取得成功，那会是一件很棒的事情。
77 38 8 1 3 0.645
在中国，喜剧和爱情题材的本土影片往往能够击败同类型的好莱坞电影，因为中国影迷更喜欢在银幕上看到自己的语言或者本土文化，然而注重动作和特效的大片却能主宰中国电影市场。
77 39 8 2 3 0.793
《战狼2》可能是第一部达到好莱坞大片制作水准的中国动作影片，票房也超过了很多好莱坞大片。
77 40 8 3 3 0.289
美国电影公司是否应该为这种竞争力感到担忧呢？
77 47 10 4 5 0.654
这会让中国电影冲出本土市场，威胁到好莱坞电影的统治地位。
77 46 10 3 5 0.467
如果乔·罗素这样能从国际角度来理解故事的导演开始和中国电影人合作，你会发现中国电影会在亚洲、欧洲和南美观众，甚至是北美观众中产生反响。
77 48 10 5 5 0.552
（《战狼2》在北美上映以来已经取得230万美元的票房，美国发行公司计划延长影片上映时间。
83 2 1 2 4 0.666
自上映之后，它刷新了中国电影票房新纪录，也成为中国军事题材动作电影的现象级作品。
83 1 1 1 4 0.536
今夏除了酷热的天气，最炙手可热的就要属电影《战狼Ⅱ》了。
83 3 1 3 4 0.531
作为《战狼Ⅰ》的延续，《战狼Ⅱ》的成功既是观众对吴京作品的肯定，更是对中国主旋律影片在市场化下的形式创新的肯定。
83 8 2 4 6 0.661
但是可以看到影片主创在开拓国产电影类型片的匠心和努力，将主旋律军事动作题材带入到一个“重工业”的大片时代。
83 7 2 3 6 0.388
这个新标杆如果是指在艺术性、思想性和制作上都处在行业领先地位的话，那《战狼Ⅱ》显然还不能如此被褒奖。
83 9 2 5 6 0.383
这个“重”体现在武器的“重”，坦克对撞，直升机坠毁，军舰、导弹齐上阵；拳头的“重”，请来美国动作指导，结合香港动作团队，制作出中西方结合的动作格斗大场面。
83 11 3 1 6 0.685
以好莱坞大片为代表的重工业电影在国内备受青睐。
83 12 3 2 6 0.584
目前中国电影票房榜前20名中，好莱坞大片占据9席，前10名中《速度与激情》《变形金刚4：绝迹重生》《阿凡达》等也都为典型好莱坞工业化作品。
83 17 4 1 6 0.629
当《湄公河行动》成功收获了商业大片的票房时，便有了主旋律商业片的概念。
83 18 4 2 6 0.396
此后被称为“第二个湄公河行动”的《非凡任务》，也取得了票房和口碑的认同。
83 19 4 3 6 0.601
如今，《战狼Ⅱ》又创票房新高，成就了主旋律商业片乃至整个电影市场中商业片的一个范例。
83 20 4 4 6 0.335
但是，仅仅以目前几部影片来做样本，就想找到成功秘诀，就认为主旋律商业片的风口到了，这还需要打上问号。
92 14 9 1 3 0.641
《战狼2》成为现象级电影之后，媒体也在深挖电影背后的资本布局。
92 15 9 2 3 0.441
谈到自己《战狼2》之后的感触，吴京说了一句“我要学会如何不被资本市场绑架”，令人联想颇多。
93 21 12 1 4 0.642
从张艺谋用《英雄》开创了中国大片时代的开始，高票房电影遭受众多非议已经成为了中国影坛的常态。
93 22 12 2 4 0.317
作为文化产品，电影“爆款”接受舆论的考验，本来是正常现象。
94 13 9 1 1 0.659
除了在国内大火特火之外，《战狼2》以6.8亿美元的全球票房位居第100位，在国际上也闯出了知名度，它是第一部进入全球电影票房TOP100的中国电影、华语电影和非好莱坞电影，打破美国垄断，就目前的情况看，《战狼2》还会将单片票房纪录继续拉高。
97 2 2 1 2 0.612
截至目前，电影《战狼2》票房已超过50亿，创造了中国电影票房新的纪录。
97 3 2 2 2 0.53
同时，导演和主演吴京也成为了最炙手可热的电影人。
97 10 6 1 1 0.619
《战狼2》的最新票房，不仅刷新了中国电影票房纪录，也跻身全球票房前百名，受到了国际电影产业的关注。
97 17 11 1 2 0.605
业内人士表示，好莱坞电影产业一直保持全球领先，其影响全球的最主要作品都是超级英雄系列、大型战争题材、科幻巨制等类型电影，战狼2的投资达到2亿元人民币，虽然还无法和好莱坞超大制作影片进行比较，但是其跨国取景拍摄、故事复杂、动作场面宏大，都已经达到了大制作电影的水准。
97 18 11 2 2 0.425
未来中国电影的类型将会更加丰富，科技含量更高，而大制作的影片也会逐渐走向国际，引发全球关注。
