第1次迭代：
德国大选 0.8 0.6 0.65
俄罗斯世界杯 1.0 0.7 0.45
功守道 0.8 0.5 0.6
九寨沟7.0级地震 0.0 0.1 0.25
权力的游戏 0.6 0.6 0.5
双十一购物节 0.6 0.7 0.7
乌镇互联网大会 0.6 0.6 0.5
战狼2 1.0 0.8 0.7
hpv疫苗 0.4 0.3 0.3
iPhone X 0.4 0.5 0.5
李晨求婚范冰冰 0.4 0.4 0.5
江歌刘鑫 0.4 0.4 0.3
王宝强马蓉离婚案 1.0 0.6 0.45
百度无人驾驶汽车 0.4 0.6 0.55
红黄蓝幼儿园 0.2 0.2 0.3
绝地求生 吃鸡 0.6 0.5 0.4
英国脱欧 0.8 0.8 0.85
萨德系统 中韩 0.4 0.4 0.55
雄安新区 0.6 0.7 0.6
榆林产妇坠楼 0.8 0.9 0.8


第2次迭代：
德国大选 1.0 0.7 0.7
俄罗斯世界杯 0.6 0.7 0.6
功守道 0.8 0.7 0.65
九寨沟7.0级地震 0.4 0.3 0.25
权力的游戏 0.6 0.8 0.55
双十一购物节 0.8 0.8 0.75
乌镇互联网大会 0.6 0.5 0.55
战狼2 0.8 0.6 0.6
hpv疫苗 0.4 0.4 0.4
iPhone X 0.4 0.4 0.55
李晨求婚范冰冰 0.8 0.6 0.45
江歌刘鑫 0.4 0.5 0.4
王宝强马蓉离婚案 0.6 0.6 0.45
百度无人驾驶汽车 0.4 0.5 0.5
红黄蓝幼儿园 0.2 0.2 0.25
绝地求生 吃鸡 0.6 0.5 0.35
英国脱欧 0.8 0.7 0.75
萨德系统 中韩 0.4 0.4 0.4
雄安新区 0.8 0.6 0.45
榆林产妇坠楼 0.8 0.7 0.7


第3次迭代：
德国大选 0.2 0.5 0.65
俄罗斯世界杯 0.0 0.2 0.4
功守道 0.8 0.9 0.65
九寨沟7.0级地震 0.2 0.3 0.2
权力的游戏 0.8 0.7 0.65
双十一购物节 0.8 0.8 0.7
乌镇互联网大会 0.6 0.6 0.45
战狼2 1.0 0.8 0.7
hpv疫苗 1.0 0.6 0.4
iPhone X 0.8 0.6 0.55
李晨求婚范冰冰 0.4 0.6 0.4
江歌刘鑫 0.6 0.7 0.55
王宝强马蓉离婚案 0.8 0.6 0.4
百度无人驾驶汽车 0.4 0.5 0.4
红黄蓝幼儿园 0.4 0.2 0.25
绝地求生 吃鸡 0.8 0.6 0.4
英国脱欧 1.0 0.9 0.7
萨德系统 中韩 0.6 0.6 0.6
雄安新区 0.8 0.9 0.55
榆林产妇坠楼 0.6 0.8 0.75


第4次迭代：
德国大选 0.4 0.4 0.5
俄罗斯世界杯 1.0 0.8 0.65
功守道 0.8 0.8 0.6
九寨沟7.0级地震 0.0 0.2 0.25
权力的游戏 0.6 0.7 0.55
双十一购物节 0.8 0.6 0.65
乌镇互联网大会 0.4 0.5 0.45
战狼2 0.8 0.7 0.75
hpv疫苗 0.6 0.5 0.3
iPhone X 0.6 0.5 0.55
李晨求婚范冰冰 0.4 0.5 0.45
江歌刘鑫 0.4 0.6 0.5
王宝强马蓉离婚案 0.4 0.5 0.5
百度无人驾驶汽车 0.8 0.6 0.6
红黄蓝幼儿园 0.4 0.4 0.35
绝地求生 吃鸡 0.8 0.5 0.45
英国脱欧 0.6 0.7 0.55
萨德系统 中韩 1.0 0.9 0.6
雄安新区 0.6 0.7 0.65
榆林产妇坠楼 0.0 0.2 0.35


第5次迭代：
德国大选 0.2 0.3 0.45
俄罗斯世界杯 0.6 0.5 0.4
功守道 0.8 0.9 0.7
九寨沟7.0级地震 0.0 0.2 0.25
权力的游戏 0.6 0.7 0.55
双十一购物节 0.6 0.7 0.65
乌镇互联网大会 0.6 0.7 0.4
战狼2 1.0 0.9 0.75
hpv疫苗 0.8 0.6 0.5
iPhone X 0.6 0.6 0.6
李晨求婚范冰冰 0.4 0.3 0.4
江歌刘鑫 0.4 0.5 0.45
王宝强马蓉离婚案 0.6 0.5 0.45
百度无人驾驶汽车 0.2 0.3 0.35
红黄蓝幼儿园 0.2 0.2 0.2
绝地求生 吃鸡 0.6 0.4 0.45
英国脱欧 1.0 0.9 0.8
萨德系统 中韩 0.4 0.5 0.5
雄安新区 0.4 0.4 0.35
榆林产妇坠楼 0.4 0.2 0.1


result: 0.584 0.561 0.5065