1
4 1 1 1 1
经济日报北京11月30日讯（记者李万祥）在30日上午举行的国务院新闻办发布会上，教育部副部长田学军回应北京红黄蓝幼儿园虐童事件表示，北京警方已经公布了调查情况，这也暴露出一些地方幼儿园存在管理不善、制度不落实、执行不到位的问题。
1
5 4 3 1 1
目前，红黄蓝股价出现回调，原因有二：其一，是红黄蓝在上周五晚间开盘前，便宣布了5000万美元股票回购计划，红黄蓝通过这种方式来带动市场；其二，是从目前北京警方公布的调查结果来看，事件严重程度减轻，有投资者遂开始抄底，连带股价上涨。
3
11 3 2 1 6
田学军答：谢谢你的提问。
11 4 2 2 6
对于这个事情，北京警方已经公布了红黄蓝幼儿园事件最新的情况。
11 5 2 3 6
儿童是祖国的花朵、民族的未来。
2
12 2 2 1 2
田学军指出，北京警方已公布红黄蓝幼儿园事件最新情况。
12 3 2 2 2
近期发生的幼儿园虐童事情，暴露出一些地方和幼儿园仍存在管理不善，制度不落实，执行不到位的问题。
2
13 1 1 1 2
中青在线北京11月30日电（中国青年报·中青在线记者王亦君）今天上午，在国务院新闻办发布会上，教育部副部长田学军说，北京红黄蓝幼儿园虐童事件，北京警方已经公布了调查情况。
13 2 1 2 2
儿童是祖国花朵，民族的未来，理应得到更多更好的关爱和帮助，对近期幼儿园发生的虐童事件，我们深表痛心，这也暴露出一些地方幼儿园存在管理不善、制度不落实、执行不到位的问题。
2
15 3 2 1 2
出席今天发布会的教育部副部长田学军介绍，北京警方已经公布了北京红黄蓝事件最新的情况，儿童是祖国的花朵、民族的未来，理应获得社会的关爱和帮助，对近期发生的幼儿园虐童事件，我们深表痛心，这也暴露出一些地方和幼儿园仍然存在管理不善、制度不落实、执行不到位的问题。
15 4 2 2 2
事情发生后，国务院教育督导委员会办公室下发了紧急通知，部署各地开展幼儿园规范办园行为的专项督查，并且派出调查组分赴不同地方开展抽查，重点检查师德、师风等情况，要求对于发现的问题力争立改，采取实而又实、严而又严的举措，坚决防止幼儿园伤害幼儿事件的发生，切实保障幼儿健康。
3
38 1 1 1 3
据新华社北京11月28日电（记者卢国强）北京警方28日晚公布朝阳区红黄蓝新天地幼儿园涉嫌伤害儿童事件调查情况。
38 2 1 2 3
警方发布消息称，经公安机关调查，朝阳区红黄蓝新天地幼儿园教师刘某某（女，22岁，河北省人）因部分儿童不按时睡觉，遂采用缝衣针扎的方式进行“管教”。
38 3 1 3 3
因涉嫌虐待被看护人罪，现刘某某已被刑事拘留。
1
40 1 1 1 1
新华社北京１１月２８日电（记者卢国强）北京警方２８日晚公布朝阳区红黄蓝新天地幼儿园事件调查情况。
1
46 1 1 1 1
中新社北京11月25日电（记者于立霄）针对北京市朝阳区管庄红黄蓝幼儿园（新天地分园）疑似发生“虐童事件”，北京警方25日通报称，涉事幼儿园女教师刘某某已被依法刑事拘留，而造谣“老虎团”人员猥亵幼童的刘某已被行政拘留。
1
46 3 3 1 1
接到报警后，北京警方对相关幼儿进行法医鉴定、固定相应证据，同时对涉事幼儿家长以及园方负责人、涉事班级教师等进行询问、调查，并提取了监控视频等证据。
1
46 4 4 1 1
北京警方25日通报称，警方高度重视此案，并立即成立专案组，在有关部门配合下，依法展开调查取证，涉事幼儿园女教师刘某某（22岁，河北省人）因涉嫌虐待被看护人罪已被依法刑事拘留。
3
46 7 6 1 3
北京警方25日通报称，11月23日，警方经侦查将行为人刘某（女，31岁，北京人）抓获。
46 8 6 2 3
该人对自己编造“老虎团”人员集体猥亵幼儿虚假信息，后通过微信群传播的违法事实供认不讳，并对造成的不良影响深表悔恨。
46 9 6 3 3
目前，刘某已被警方依法行政拘留。
1
46 10 7 1 1
根据北京警方通报的案件侦办情况，北京市教育委员会官方微博当天发布消息称，强烈谴责涉案人员严重违反师德的行为，坚决支持依法依规惩处，要求相关区、园配合司法机关对相关人员作出严肃处理并立即进行整改。
1
51 2 2 1 1
据美国《纽约时报》网站11月25日援引新华社报道称，北京警方25日发布消息称，朝阳区红黄蓝新天地幼儿园22岁女教师“因涉嫌虐待被看护人罪已被依法刑事拘留”。
1
51 10 7 1 1
北京警方25日还说，他们拘留了一名编造并传播军官集体猥亵该幼儿园孩子虚假信息的女性。
2
52 1 1 1 2
法制晚报讯（记者朱健勇李东张蕊张丽李阳煜刘艺龙武玉姗综合报道）近日，北京红黄蓝幼儿园新天地园区涉嫌虐童事件引发网络热议和市民普遍关注。
52 2 1 2 2
昨天傍晚，北京警方就该幼儿园幼儿疑似遭针扎、被喂药一事进行了通报，涉嫌虐童的幼儿园教师刘某某被刑拘。
2
52 7 3 1 4
11月25日傍晚，北京警方通报红黄蓝新天地幼儿园的调查情况称，11月22日，有朝阳区红黄蓝新天地幼儿园幼儿家长报警称，怀疑其孩子在幼儿园内受到教师侵害。
52 8 3 2 4
接警后，朝阳警方高度重视，立即成立专案组，在有关部门配合下，依法展开调查取证工作。
2
53 15 7 1 4
所以，若根据目前北京警方拘人状况，只是一名22岁资浅教师有责，红黄蓝谈不上隐瞒风险。
53 16 7 2 4
但若日后调查证实另有情况超出风险预先揭示范围，证券法责任可能加重。
2
56 1 1 1 2
继上海携程亲子园的虐童案发后，近日北京管庄红黄蓝幼儿园（新天地分园）国际小二班也爆出有幼儿可能遭受虐待等问题，北京警方以及相关监管部门已经介入。
56 2 1 2 2
国务院也印发了紧急通知，部署全国范围内幼儿园的专项督导检查。
3
63 1 1 1 3
经济日报北京11月25日讯记者杨学聪报道：北京警方25日公布红黄蓝新天地幼儿园疑似虐童事件调查情况称，11月22日，有朝阳区红黄蓝新天地幼儿园幼儿家长报警称，怀疑其孩子在幼儿园内受到教师侵害。
63 2 1 2 3
接警后，朝阳警方立即成立专案组，在有关部门配合下依法展开调查取证工作。
63 3 1 3 3
11月25日，涉事幼儿园教师刘某某（女，22岁，河北省人）因涉嫌虐待被看护人罪已被依法刑事拘留，公安机关正在进一步工作中。
2
63 9 4 1 4
又讯记者从北京警方获悉，一名编造并传播“老虎团”人员集体猥亵红黄蓝新天地幼儿园幼儿虚假信息的人员被行政拘留。
63 10 4 2 4
11月23日，警方已将刘某（女，31岁，北京人）抓获。
3
64 1 1 1 3
综合新华社北京11月25日消息北京警方25日傍晚公布红黄蓝新天地幼儿园疑似虐童事件调查情况。
64 2 1 2 3
截至目前，1名涉嫌虐童的幼儿园老师被拘留。
64 3 1 3 3
北京市朝阳区政府新闻发言人25日表示，根据公安机关通报的案件侦办情况，可认为是一起伤害幼儿的恶劣事件，社会影响极坏。
2
64 4 2 1 2
北京警方25日傍晚发布消息称，11月22日，有朝阳区红黄蓝新天地幼儿园幼儿家长报警称，怀疑其孩子在幼儿园内受到教师侵害。
64 5 2 2 2
接警后，朝阳警方高度重视，立即成立专案组，在有关部门配合下依法展开调查取证工作。
3
65 1 1 1 3
昨日，北京警方就朝阳管庄红黄蓝幼儿园（新天地分园）幼儿被指遭针扎、喂药一事通报称，涉嫌虐童幼儿园教师被刑拘。
65 2 1 2 3
警方还通报称，有人利用网络编造、传播虚假信息，编造“老虎团”人员集体猥亵幼儿虚假信息，造成恶劣社会影响，被警方行政拘留。
65 3 1 3 3
此外，警方证实，有2人编造红黄蓝幼儿园第一大股东系某领导人儿子的消息，被警方依法查处。
2
65 5 3 1 2
昨日下午，北京警方通报称，接到报警后，朝阳警方立即成立专案组，在有关部门配合下，依法展开调查取证工作，11月25日，涉事幼儿园教师刘某某（女，22岁，河北省人）因涉嫌虐待被看护人罪已被依法刑事拘留。
65 6 3 2 2
公安机关正在进一步工作中。
2
66 1 1 1 2
北京警方25日晚公布红黄蓝新天地幼儿园疑似虐童事件调查情况，截至目前，1名涉嫌虐童的幼儿园老师被拘留。
66 2 1 2 2
北京市朝阳区政府新闻发言人25日表示，根据公安机关通报的案件侦办情况，可认为是一起伤害幼儿的恶劣事件，社会影响极坏。
3
66 3 2 1 3
北京警方称，11月22日，有朝阳区红黄蓝新天地幼儿园幼儿家长报警称，怀疑其孩子在幼儿园内受到教师侵害。
66 4 2 2 3
接警后，朝阳警方高度重视，立即成立专案组，在有关部门配合下依法展开调查取证工作。
66 5 2 3 3
11月25日，涉事幼儿园教师刘某某（女，22岁，河北省人）因涉嫌虐待被看护人罪已被依法刑事拘留，公安机关正在进一步工作中。
2
66 10 6 1 5
北京警方25日发布消息称，在侦办朝阳区红黄蓝新天地幼儿园幼儿家长报警称怀疑其孩子在幼儿园内受教师侵害一案过程中发现，有人利用网络编造、传播虚假信息，造成恶劣社会影响。
66 11 6 2 5
11月23日，警方经工作将刘某（女，31岁，北京人）抓获。
2
67 1 1 1 2
11月25日傍晚，北京警方就位于朝阳区管庄的红黄蓝新天地幼儿园幼儿疑似被遭针扎、喂药一事进行了通报，涉嫌虐童的幼儿园教师刘某某被刑拘。
67 2 1 2 2
此外，利用网络编造、传播虚假信息，编造“老虎团”人员集体猥亵幼儿虚假信息的刘某，造成恶劣社会影响，被警方行政拘留。
2
67 3 2 1 2
针对警方通报，红黄蓝幼儿园发表声明称将对全国1800多家园所进行排查。
67 4 2 2 2
同时，法制晚报·看法新闻记者查询发现，红黄蓝官网上已查不到北京新天地幼儿园内有认证刘姓教师警方通报涉事教师被刑拘11月25日傍晚，北京警方通报了红黄蓝新天地幼儿园的调查情况，具体通报如下：
3
67 9 5 1 3
傍晚，北京警方通报了相关情况后，记者登陆红黄蓝教育机构官方网站，在网站中有认证教师查询功能。
67 10 5 2 3
根据红黄蓝官网上的说法，每位红黄蓝授课的教师都要经过红黄蓝培训学校的培训才可以上岗授课，课程全部为红黄蓝自主研发，适合中国宝宝。
67 11 5 3 3
但在官网上已经无法查到北京新天地幼儿园里有刘姓认证教师。
3
69 1 1 1 3
新京报快讯舆论高度关注的北京市朝阳区红黄蓝新天地幼儿园虐童事件调查处置工作今日有了最新进展。
69 2 1 2 3
北京警方25日下午通报，涉事幼儿园教师刘某某（女，22岁，河北人）因涉嫌虐待被看护人罪被依法刑事拘留，编造“老虎团”人员集体猥亵幼儿虚假信息的刘某（女，31岁，北京人）被依法行政拘留。
69 3 1 3 3
北京市教委强烈谴责涉案人员严重违反师德的行为，红黄蓝教育机构宣布立刻免去新天地幼儿园园长职务。
1
74 3 2 1 1
今日，北京警方就朝阳管庄红黄蓝幼儿园(新天地分园)幼儿被指遭针扎、喂药一事通报称，涉事幼儿园教师因涉嫌虐待被看护人罪被刑拘。
3
77 1 1 1 3
【北京警方通报红黄蓝幼儿园事件：涉事幼儿园教师被刑拘】2017年11月22日，有朝阳区红黄蓝新天地幼儿园幼儿家长报警称，怀疑其孩子在幼儿园内受到教师侵害。
77 2 1 2 3
11月25日，涉事幼儿园教师刘某某（女，22岁，河北省人）因涉嫌虐待被看护人罪已被依法刑事拘留。
77 3 1 3 3
公安机关正在进一步工作中。
2
78 1 1 1 2
北京警方通报：11月25日，朝阳区红黄蓝新天地幼儿园教师刘某某（女，22岁，河北省人）因涉嫌虐待被看护人罪已被依法刑事拘留。
78 2 1 2 2
公安机关正在进一步工作中。
3
88 1 1 1 3
北京市朝阳区管庄红黄蓝幼儿园(新天地分园)疑似发生“虐童事件”引发社会各界广泛关注。
88 2 1 2 3
11月22日，北京警方已接到家长报案，正根据家长反映情况进行调查取证。
88 3 1 3 3
24日，北京红黄蓝儿童教育科技发展有限公司发表声明，表示已配合警方提供相关监控资料及设备，对违法犯罪行为绝不姑息。
1
95 11 8 1 1
目前，北京警方正在进行调查取证，涉事老师和保育员已暂时停职，配合警方调查。
