2 2 2 1 1
欧洲议会首席谈判代表Verhofstadt也表示，在爱尔兰边界问题、分手费和公民权利这三个关键问题上达成一致是“可能的”。
3 4 3 1 3
脱欧谈判的一大关键问题是解决包括爱尔兰边界问题和如何避免硬边界的问题。
3 5 3 2 3
最新消息称，据悉英国和欧盟已达成协议，确保北爱尔兰和爱尔兰共和国之间没有严格的边界。
3 6 3 3 3
欧洲理事会主席图斯克也表示，英国脱欧谈判越来越接近取得足够进展，有望在本月启动贸易谈判。
8 5 5 1 2
爱尔兰外交部长SimonCoveney上周五表示，就爱尔兰边界问题达成协议是“可行的”，需要更多行动。
8 6 5 2 2
未来几天英国脱欧谈判可能取得突破进展。
16 2 2 1 1
多家报纸本周报道称，英国与欧盟已对分手费达成共识，北爱尔兰边界问题也接近取得共识，可能预示脱欧谈判将有突破。
16 5 4 1 1
“基于英国准备完全遵守脱欧分手费的承诺，而英国与爱尔兰有很大机会不久就能够对爱尔兰边界问题达成妥协，我们现在认为英国与欧盟到2019年3月在没有达成未来贸易协议情况下分手的风险下降，”Berenberg分析师称。
17 9 5 1 3
特雷莎·梅的办公室发表了一份声明，称在英国脱欧谈判讨论贸易问题之前，不可能就爱尔兰边境问题找到一个详细的解决方案。
17 10 5 2 3
欧盟则拒绝英国政府的这一立场，在爱尔兰边界问题达成协议之前，他们甚至不会开始贸易谈判。
17 11 5 3 3
在英国正式离开欧盟之后，这条边境将成为英国与欧盟的新边境。
22 6 3 2 5
尽管如此，这一史无前例的谈判仍有许多“硬骨头”要啃。
22 7 3 3 5
最近几天，爱尔兰边界问题和双方公民权利问题已取代“分手费”问题，成为舆论关注的焦点。
22 8 3 4 5
特别是爱尔兰边界问题，预计将成为下一阶段谈判的重点。
22 7 3 3 5
最近几天，爱尔兰边界问题和双方公民权利问题已取代“分手费”问题，成为舆论关注的焦点。
22 8 3 4 5
特别是爱尔兰边界问题，预计将成为下一阶段谈判的重点。
22 9 3 5 5
■据新华社
25 24 15 1 2
最近几天，爱尔兰边界问题和双方公民权利问题已取代“分手费”问题，成为舆论关注的焦点。
25 25 15 2 2
特别是爱尔兰边界问题，预计将成为下一阶段谈判的重点。
25 24 15 1 2
最近几天，爱尔兰边界问题和双方公民权利问题已取代“分手费”问题，成为舆论关注的焦点。
25 25 15 2 2
特别是爱尔兰边界问题，预计将成为下一阶段谈判的重点。
27 1 1 1 2
多家英国媒体11月29日称，英国与欧盟就“脱欧分手费”的谈判取得较大进展，为“脱欧”谈判进入第二阶段扫清了一大障碍。
27 2 1 2 2
但舆论普遍认为，另一核心议题英国与爱尔兰边界问题可能成为“脱欧”谈判进程中新的“拦路虎”，这为即将迎来关键期——欧盟“最后期限”的“脱欧”谈判增添变数。
27 16 8 1 2
目前，“脱欧”谈判仍处在第一阶段。
27 17 8 2 2
根据欧盟法律，要“解锁”包括贸易协议在内的第二阶段谈判，双方必须先在三大核心议题上取得实质性进展，分别是“分手费”、公民权利以及英国与爱尔兰边界问题。
27 30 13 1 1
数月以来，英欧争论焦点一直在“分手费”问题上，但媒体指出，另一核心议题英国与爱尔兰边界问题可能成为英国“脱欧”新的“拦路虎”。
27 31 14 1 4
欧盟方面表示，爱尔兰边界问题上必须取得足够进展，才有望启动贸易谈判。
27 32 14 2 4
欧盟农业委员菲尔·霍根日前说，除非与北爱尔兰边界有关的复杂问题得到解决，否则爱尔兰将拒绝与英国进行脱欧后的贸易谈判。
27 32 14 2 4
欧盟农业委员菲尔·霍根日前说，除非与北爱尔兰边界有关的复杂问题得到解决，否则爱尔兰将拒绝与英国进行脱欧后的贸易谈判。
27 33 14 3 4
但英国国际贸易大臣利亚姆·福克斯回应称，除非英国与欧盟就贸易协议达成大纲，否则难以解决爱尔兰边界问题。
27 34 14 4 4
各方在这一问题上僵持不下。
27 35 15 1 3
就在这一关键时刻，爱尔兰政府11月23日突发执政危机，为“脱欧”进程再添变数。
27 36 15 2 3
彭博社指出，即便“分手费”问题在“最后期限”能够解决，但爱尔兰边界问题也很棘手，“脱欧”谈判要想在短时间内进入第二阶段还很困难。
27 37 15 3 3
欧盟一名参与“脱欧”谈判的外交官表示，“要想在12月前就爱尔兰边界问题取得进展的可能性仅有50%或更低。”（人民日报驻英国记者李应齐驻比利时记者任彦）
27 35 15 1 3
就在这一关键时刻，爱尔兰政府11月23日突发执政危机，为“脱欧”进程再添变数。
27 36 15 2 3
彭博社指出，即便“分手费”问题在“最后期限”能够解决，但爱尔兰边界问题也很棘手，“脱欧”谈判要想在短时间内进入第二阶段还很困难。
27 37 15 3 3
欧盟一名参与“脱欧”谈判的外交官表示，“要想在12月前就爱尔兰边界问题取得进展的可能性仅有50%或更低。”（人民日报驻英国记者李应齐驻比利时记者任彦）
28 22 14 1 2
最近几天，爱尔兰边界问题和双方公民权利问题已取代“分手费”问题，成为舆论关注的焦点。
28 23 14 2 2
特别是爱尔兰边界问题，预计将成为下一阶段谈判的重点。
28 22 14 1 2
最近几天，爱尔兰边界问题和双方公民权利问题已取代“分手费”问题，成为舆论关注的焦点。
28 23 14 2 2
特别是爱尔兰边界问题，预计将成为下一阶段谈判的重点。
30 7 5 1 1
不过据FX678观察，据泰晤士报报道，英国正接近就北爱尔兰边界问题达成协议，英国官员本周做出提案避免在爱尔兰出现“硬边界”，欧盟领袖们正准备在有关边界谈判接近达成协议后，提供英国退欧两年的过渡期协议。
38 1 1 1 2
据彭博援引亚洲市场两位外汇交易员称，英国《泰晤士报》报道后出现宏观买盘，进而触发一波止损买盘。
38 2 1 2 2
英国《泰晤士报》报道称，英国与欧盟接近就爱尔兰边界问题达成协议。
41 9 6 1 1
英国盼能进一步协商贸易问题，不过欧盟表示，除非在分手费、脱欧后在英欧盟公民的权利及爱尔兰边界问题3方面有“足够进展”，才会开始商谈贸易。
55 1 1 1 1
【环球网报道记者朱梦颖】据英国多家媒体报道，英国与欧盟已就“分手费”达成协议，双方启动贸易谈判前仅剩下北爱尔兰边界问题这一主要障碍。
55 7 4 1 2
美国彭博社也表示，虽然英欧双方并未签署协议，但谈判代表已就财务问题达成初步协议。
55 8 4 2 2
如果消息属实，那么在启动拖延依旧的贸易谈判前将只剩下一个主要障碍：北爱尔兰边界问题。
63 9 7 1 3
欧盟领导人将于下月开会，就何时与英国开始进行贸易谈判进行磋商。
63 10 7 2 3
欧盟坚持英国必须先就脱欧分手费与爱尔兰边界问题达成协议之后，才进行贸易谈判。
63 11 7 3 3
（实习编辑：周思敏审核：田瑞哲）
69 16 9 1 1
在爱尔兰边界问题上，特雷莎·梅表示：“我们与爱尔兰政府仍在继续商谈此事的解决办法。我们的愿望是相同的。我们希望确保跨边界人员和贸易流动与目前一样。”
71 5 4 1 2
图斯克其后在社交媒体指，要在下月初的脱欧谈判有足够进展，这是有可能的，但仍有很大挑战；他又强调“我们需要在10天内就所有问题看到英国的进展情况，包括在爱尔兰边界问题”。
71 6 4 2 2
消息指，英国首相特蕾莎·梅已接受这个“最后期限”。
88 8 4 1 1
在爱尔兰边界问题上，巴尼耶20日表示，英国需要尽快递交方案，阐明在2019年3月离开欧盟之后，如何在北爱尔兰与爱尔兰之间设立一个透明且公开的边界，英国必须避免在北爱尔兰和爱尔兰之间设立“硬边界”。
