1
1 1 1 1 1
新华社伦敦１２月４日电（记者温希强）英国工业联合会４日发布的最新英国经济预测显示，受到脱欧不确定性等因素影响，英国２０１８年经济增长仍将低迷，至２０１９年英国央行还将加息三次。
2
27 12 6 1 2
11月28日，英国央行公布一份针对英国7家银行的金融稳定报告称，“无协议脱欧”很可能会打击英国经济增长，并导致英镑暴跌，但英国的银行届时能够应对难题。
27 13 6 2 2
英国央行行长卡尼称，英国最大几家银行都通过了银行系统压力测试，同时各方正在努力避免“无协议脱欧”。
1
30 9 7 1 1
因此英镑兑美元年底目标1.36-1.37有望达成，且明年料涨至1.40上方，因共识预期显示未来数年英国经济表现疲软，但该行认为共识预期过于悲观，英国经济增长料强于共识预期。
3
35 27 6 1 8
昨日黄金在耶伦证词发布后破位大跌。
35 28 6 2 8
耶伦表示美国经济增长走强，低通胀只是暂时的，暗示年内再加息一次。
35 29 6 3 8
之后美国公布的第三季度GDP数据上修再次证实了美国经济整体走强。
2
42 21 10 1 2
此外，英国还将更多鼓励地方政府的积极性，以便促进全国经济的均衡发展。
42 22 10 2 2
其中，中央政府将赋予地方更多的权利以规划本地区经济增长；通过创建新的城市转型基金，提供17亿英镑资金改造英国城市间交通；政府还将提供4200万英镑资金用于教师发展项目，提升欠发达地区的教育水平。
1
59 1 1 1 1
中新社伦敦11月28日电(记者张平)英国央行(BankofEngland)28日公布的金融稳定报告称，“无协议”脱欧将打击英国的经济增长，并导致英镑暴跌，但银行可以应对这一问题。
2
67 1 1 1 4
英国官方预测称，由于英国生产率表现不佳，该国的经济增长将出现放缓。
67 2 1 2 4
英国商务部长克拉克(GregClark)表示，英国脱欧的决定意味着这一战略“更加重要”。
2
67 5 2 1 2
MSD的投资价值高达10亿英镑，预计将创造950个就业机会。
67 6 2 2 2
英国政府表示，这一宣布是对脱欧后英国经济增长巨大的信心投票。
2
67 7 3 1 2
就在几天前，官方预测机构预算责任办公室宣布大幅下调英国经济增速和生产率预期。
67 8 3 2 2
政治党派和商业团体表示，创造更强劲经济增长和更高工资的解决方案是更多的投资。
3
75 10 4 1 4
更糟的还在后面。
75 11 4 2 4
1月份的预测假定的是：生产率增长作为经济增长的主要决定因素，从长期来看年均将达到2%。
75 12 4 3 4
而昨天OBR却将此下调至1.3%。
3
75 14 5 1 3
在这个新背景下，之前预测50年内债务上升到GDP的250%的预期，看起来似乎仍是低估了。
75 15 5 2 3
工资和利润增长率预期一旦降低，生产率增长下降这一新的展望将使英国未来的财政状况变得更加糟糕。
75 16 5 3 3
与税收多少大多与经济增长率一致不同，未来人口老龄化成本却不受经济因素的控制。
1
76 2 2 1 1
英国预算责任办公室（OBR）将今年该国经济增长预期从此前的2%大幅下调到1.5%。
2
76 4 4 1 2
除了将今年经济增速从2%调降到1.5%，OBR对未来几年英国的经济增长预测也要比今年3月时悲观得多。
76 5 4 2 2
该机构预测，到2020年，英国经济增速将继续回落到1.3%，2021年反弹到1.5%，相比之下，该机构今年3月的预测是，英国经济增速到2021年将达到2.1%。
2
76 8 6 1 2
OBR主席乔特称，经济增长乏力将限制生活水平的提高。
76 9 6 2 2
相关机构测算，英国的薪酬水平到2020年中才能恢复到2008年时的水平，这是前所未有的。
2
76 10 7 1 2
鉴于今年第三季度英国经济表现好于市场预期，如此幅度的预期下调多少令外界有些意外。
76 11 7 2 2
英国国家统计局的数据显示，得益于英国服务业和制造业的良好表现，今年第三季度英国经济增长0.4%，高于第二季度的0.3%。
3
76 24 16 1 3
哈蒙德还宣布，英国还将在未来两年额外拨出30亿英镑为脱欧做准备，以备不时之需。
76 25 16 2 3
但这对英国财政部来说并非易事，因为经济增长放缓意味着国家税收收入减少，财政赤字压力骤然增加。
76 26 16 3 3
毕竟，英国到目前为止已为脱欧投入了7亿英镑。
2
77 7 7 1 2
同日，独立的预算责任办公室（OBR）发布的增长前景更为悲观。
77 8 7 2 2
OBR大幅下调了此前增长预测，预计今年经济增长仅1.5%，明年增长率将下滑至1.4%，2019年为1.3%，这将是自2009年金融危机之后英国经济增长的最低水平。
1
77 16 13 1 1
三季度英国的经济增长率当天也被确认为是0.4%，只有同期德国GDP增长率的一半。
3
78 36 14 1 3
令市场欣慰的是，虽然面临经济增长困境且新预算案加大了政府开支，但英国财政健康度将在近期有所提升。
78 37 14 2 3
预计周期调整后公共部门借款占GDP规模将在今年达到峰值的2.3%，并在2018年和2019年下降至1.8%和1.5%；债务占GDP比重也将从2017年的86.5%，至2022年、2023年逐步下滑至79.1%。
78 38 14 3 3
(经济日报驻伦敦记者蒋华栋)
1
81 2 2 1 1
英国预算责任办公室（OBR）将今年该国经济增长预期从此前的2%大幅下调到1.5%。
3
81 4 4 1 3
除了将今年经济增速从2%调降到1.5%，OBR对未来几年英国的经济增长预测也要比今年3月时悲观得多。
81 5 4 2 3
该机构预测到2020年英国经济增速将继续回落到1.3%，2021年再升到1.5%。
81 6 4 3 3
今年3月，该机构曾预测2021年英国经济增速将达到2.1%。
2
81 9 6 1 2
OBR主席乔特（RobertChote）称，经济增长乏力将限制生活水平的提高。
81 10 6 2 2
据相关机构测算，英国的薪酬水平到2020年中才能达到2008年时的水平，这是前所未有的。
2
81 11 7 1 2
鉴于今年第三季度英国经济表现好于市场预期，这样幅度的下调多少令外界有些意外。
81 12 7 2 2
英国国家统计局的数据显示，得益于英国服务业和制造业的良好表现，今年第三季度英国经济增长0.4%，高于第二季度的0.3%。
3
81 25 16 1 3
此外，哈蒙德还宣布，在英国为脱欧准备的未来两年将额外拨出30亿英镑，以备未来有需要时进一步分配。
81 26 16 2 3
这对英国财政部来说不是容易的决定，因为经济增长放缓意味着国家税收收入的减少，财政部预算压力骤然增加。
81 27 16 3 3
目前英国已为脱欧投入7亿英镑。
1
83 1 1 1 1
英国财政预算案出炉在即，在未来四年生产力增长进一步放缓的预期下，英国预算责任办公室料调降经济增长预期，英镑风险偏下行。
3
83 4 3 1 3
英国人均产出表现持续令人失望，暗示下调经济增长预期是适宜的。
83 5 3 2 3
2018年至2020年，较低的收入水平将进一步推高政府净借贷水平。
83 6 3 3 3
英国财政大臣哈蒙德已承诺，2020财年-2021财年结构性赤字将降至2%之下的目标。
2
94 7 4 1 2
梅承受的压力将越来越大，在被英国退欧的任务压得喘不过气来的同时，亦要向选民表明，她将会解决英国面临的住房短缺、生产力下滑和经济增长停滞不前等问题。
94 8 4 2 2
英国选民曾责难梅甚至无法帮助他们达到父母那一代的生活水平。
