2
7 1 1 1 2
英国首相特雷莎·梅（TheresaMay）正努力扑灭国内多场政治大火。
7 2 1 2 2
她正准备在布鲁塞尔召开一场至关重要的会议，希望能结束英国脱欧谈判面临的僵局。
1
9 1 1 1 1
央视网消息：4日，欧盟委员会主席容克将在比利时布鲁塞尔与英国首相特雷莎·梅就“分手费”等核心议题举行会面。
1
11 4 3 1 1
12月4日，英国首相特雷莎·梅（TheresaMay）将与欧盟委员会主席容克（Jean-ClaudeJuncker）进行午餐会，以评估以下三方面的谈判是否取得了足够进展：公民的三大核心权利、脱欧分手费以及爱尔兰和北爱尔兰的边境问题。
2
11 21 12 1 2
英国首相特雷莎·梅将与欧盟委员会主席容克共进午餐，该计划被广泛认为是特雷莎·梅说服欧盟推动脱欧谈判的一个机会。
11 22 12 2 2
和爱尔兰边境问题一样，欧盟认为其他要解决的问题还包括英国向欧盟支付的脱欧分手费，以及居住在英国的欧盟公民地位问题。
3
17 5 3 1 3
11月30日，爱尔兰外交部长柯文尼（SimonCoveney）在接受RTE电视台采访时表示，边境问题是一个“大障碍”，这意味着英国脱欧谈判没有在应有的方面取得进展。
17 6 3 2 3
北爱尔兰民主统一党现在比以往任何时候都更具影响力，因为其支持英国首相特雷莎·梅（TheresaMay）继续执政。
17 7 3 3 3
但是，现在该党却威胁称，如果特雷莎·梅不能支持他们在边境方面的立场，就会取消对她所在政府的支持。
3
17 14 7 1 3
英国首相特雷莎·梅定于12月4日与欧盟委员会主席容克（Jean-ClaudeJuncker）在会议中共进午餐，这也正好是列出边境协议框架的时间。
17 15 7 2 3
本周早些时候，英国方面的官员表示，当天可能会发表一份关于谈判进展的联合声明。
17 16 7 3 3
此前各国领导人给出了一项协议，在12月14日的峰会上为贸易谈判打开绿灯。
3
17 23 13 1 3
英国首相特雷莎·梅正在寻求解决北爱尔兰和爱尔兰的边境问题，防止出现硬边境的情况，但这看上去是不可能解决的问题。
17 24 13 2 3
双方之间长达300英里的分界线将成为脱欧后英国与欧盟的新边境。
17 25 13 3 3
英国已经表示，英国脱欧后将离开欧盟单一市场和关税同盟，从而使该边境不得不配备警察，不可能变成几乎不可见的状态。
3
17 28 15 1 3
出于历史、政治和经济方面的原因，爱尔兰根本不希望出现边境，而欧盟也持有同样的立场。
17 29 15 2 3
没有边境意味着要在北爱尔兰和英国大陆之间设置障碍，而这是北爱尔兰民主统一党的红线。
17 30 15 3 3
在今年6月的提前大选中，英国首相特雷莎·梅所在的政党意外失去了多数席位，因为需要获得爱尔兰民主统一党的支持。
3
25 19 12 1 3
此前，英欧双方在英国是否支付“分手费”及支付数额方面有明显分歧。
25 20 12 2 3
今年9月，英国首相特雷莎·梅曾承诺在两年内继续向欧盟支付总计200亿欧元（约合237亿美元），以作为“脱欧”过渡期内英国继续留在欧洲共同市场的代价。
25 21 12 3 3
而据一些欧洲媒体报道，欧盟方面此前索要的“分手费”金额高达1000亿欧元。
1
27 3 2 1 1
12月4日是欧盟为英国“脱欧”谈判设定的“最后期限”，届时英国首相特雷莎·梅将与欧盟委员会主席容克举行关键性会谈，努力就“脱欧分手费”一事达成共识，为启动第二阶段“脱欧”谈判扫清一大障碍。
1
37 4 3 1 1
与此同时，英国首相特雷莎·梅的副手、首席大臣兼内阁办公厅大臣达米安·格林表示，媒体发布的有关脱欧"分手费"的消息只是推测，现在英国和欧盟的谈判还在进行当中，他强调英国是一个会担负其国际义务的国家。
2
37 8 5 1 2
按照日程，英国首相特雷莎·梅与欧盟委员会主席容克将于12月4日举行关键性会谈，期望就欧盟要求的600亿欧元的分手费等问题达成原则性协议。
37 9 5 2 2
（看看新闻Knews记者：胡聘婷实习编辑：蔡悦扬）
3
40 4 2 1 3
29日，英国首相特雷莎·梅的发言人拒绝对媒体发布的有关脱欧“分手费”的消息发表评论，并称消息只是“推测”。
40 5 2 2 3
他说，现在英国和欧盟的谈判还在进行当中。
40 6 2 3 3
特雷莎·梅此前已经非常明确地表示过，英国将会履行其义务，而且一切都要等到全部事情都谈妥之后才能决定，在此之前不会有任何确定的消息。
2
40 7 3 1 2
英国政府多位官员29日也拒绝对媒体的报道发表评论，均表示“脱欧”谈判中还没有任何事情已经敲定。
40 8 3 2 2
英国首相特雷莎·梅的副手、首席大臣兼内阁办公厅大臣达米安·格林表示，英国是一个会担负其国际义务的国家，在“脱欧”过程中也会尽到自己的责任。
2
43 11 8 1 2
今年9月，英国首相特雷莎·梅曾承诺继续向欧盟支付两年总额为200亿欧元的款项，以作为“脱欧”过渡期内英国继续留在欧洲共同市场的代价。
43 12 8 2 2
一些欧洲媒体则测算，欧盟方面索要的“分手费”金额高达1000亿欧元。
2
48 11 8 1 2
今年９月，英国首相特雷莎·梅曾承诺继续向欧盟支付两年总额为２００亿欧元的款项，以作为“脱欧”过渡期内英国继续留在欧洲共同市场的代价。
48 12 8 2 2
一些欧洲媒体则测算，欧盟方面索要的“分手费”金额高达１０００亿欧元。
3
50 3 3 1 3
此前英国《电讯报》网站报道称，英欧双方消息人士向媒体证实，英欧代表上周在布鲁塞尔举行的一次会议上就“脱欧”账单达成一致。
50 4 3 2 3
最终数额将在450亿欧元至550亿欧元之间。
50 5 3 3 3
英国首相特雷莎·梅与欧盟委员会主席容克将于下周一（12月4日）举行关键性会谈，就欧盟要求的600亿欧元的财政解决方案达成原则性协议。
3
51 9 6 1 3
英国首相特雷莎·梅（TheresaMay）和欧盟委员会主席容克（Jean-ClaudeJuncker）准备下周一（12月4日）举行午餐会，努力就英国脱欧费用达成安排。
51 10 6 2 3
这允许相关领导人在12月中旬的欧盟峰会上宣布，脱欧方面的讨论取得了充分进展，从而可以开始就英国与其最大贸易伙伴之间的未来关系开始谈判。
51 11 6 3 3
在该报告公布后，英镑出现走强。
3
51 20 11 1 3
爱尔兰外长柯文尼（SimonCoveney）表示，英国和欧盟的团队正在讨论边境问题上的承诺，这将使谈判能够推进到讨论贸易的阶段。
51 21 11 2 3
英国首相特雷莎·梅必须想出一个同时能被爱尔兰及北爱尔兰民主联盟党接受的解决法案。
51 22 11 3 3
特雷莎·梅在议会中需要得到该党的选票才能管理国家。
3
55 2 2 1 3
英国《电讯报》网站11月28日报道称，英欧双方消息人士向媒体证实，英欧代表上周在布鲁塞尔举行的一次会议上就“脱欧”账单达成一致。
55 3 2 2 3
最终数额将在450亿欧元至550亿欧元之间。
55 4 2 3 3
英国首相特雷莎·梅与欧盟委员会主席容克将于下周一(12月4日)举行关键性会谈，就欧盟要求的600亿欧元的财政解决方案达成原则性协议。
2
57 3 3 1 2
一位英国政府官员称，他们“并不认可”对协商的这一叙述。
57 4 3 2 2
英国首相特雷莎·梅（TheresaMay）于周一出访布鲁塞尔。
2
68 6 3 1 2
欧盟和英国第六轮“脱欧”谈判本月10日结束后，欧盟曾向英国下达“最后通牒”，要求英国在两周时间内就“分手费”问题作出明确回复。
68 7 3 2 2
不过，欧洲理事会主席图斯克24日与英国首相特雷莎·梅会晤后，决定再给英国“最后10天”。
1
69 1 1 1 1
牛汇11月27日讯——欧盟给英国首相特雷莎·梅设定了“绝对最终期限”，要求其在10天时间内改善脱欧提案，否则无法在12月峰会上劝说欧盟领导人与英国启动贸易谈判。
2
76 19 13 1 2
英国首相特雷莎·梅此前曾和哈蒙德就房屋政策产生分歧，前者希望在这领域投入更多。
76 20 13 2 2
但最后梅间接表态称，哈蒙德在困难局面下做得不错。
1
77 1 1 1 1
本周五（11月24日），英国首相特雷莎·梅在布鲁塞尔与欧洲理事会主席图斯克（DonaldTusk）再次见面商谈脱欧事宜，对于英国是否会为欧盟期望的600亿欧元分手费、欧盟公民权利及北爱尔兰“软”边界带来清晰的图景，欧盟方面似乎并不看好。
2
79 2 2 1 2
当地时间周五（11月24日），英国首相特雷莎·梅将访问欧盟，为12月进行的脱欧谈判做准备。
79 3 2 2 2
而德国作为欧盟最大的经济体，原本应该是对脱欧谈判命运最有影响力的一国，现在却陷入了自身的麻烦，这恐怕会让已经困难重重的脱欧谈判更进一步陷入僵局。
2
81 20 13 1 2
英国首相特雷莎·梅此前曾和哈蒙德就房屋政策产生分歧，前者希望投入更多。
81 21 13 2 2
而此次特雷莎·梅通过盟友发声称，哈蒙德在困难的局面下做得不错。
3
88 9 5 1 3
巴尼耶还坚持，英国在离开欧盟之前解决好目前在欧盟的费用问题。
88 10 5 2 3
作为离开欧盟所需承担的“分手费”，英国首相特雷莎·梅9月在意大利佛罗伦萨发表演讲时，为“分手费”出价200亿欧元。
88 11 5 3 3
欧洲议会议长安东尼奥·塔亚尼本月13日为英国“脱欧”“分手费”开出价码，认为英国至少应当支付600亿欧元，才能满足其对欧盟的财政承诺。
