1
1 1 1 1 1
新华社伦敦１２月４日电（记者温希强）英国工业联合会４日发布的最新英国经济预测显示，受到脱欧不确定性等因素影响，英国２０１８年经济增长仍将低迷，至２０１９年英国央行还将加息三次。
2
1 4 4 1 2
该机构首席经济学家雷恩·牛顿－史密斯表示，继２０１７年经济放缓后，２０１８年英国经济仍将低迷。
1 5 4 2 2
“预计国内需求将继续疲软，家庭支出将继续承受实际工资下降的压力，而脱欧的不确定性将继续对商业投资形成障碍。”他表示，“政府新公布的产业发展战略将有助于缓解经济下滑的压力，但这需要一个成功的脱欧协议配合。”
3
1 8 6 1 3
该机构还称，英国居民消费价格指数已于１０月达到３％的高点，此后通胀率将逐步下降。
1 9 6 2 3
不过，工资增长率估计只会温和回升，民众生活将继续承压。
1 10 6 3 3
脱欧谈判可能的混乱结果会进一步扰乱经济和金融市场，英国经济依然面临很高的下行风险。
1
12 9 5 1 1
自2016年公投以来，英国脱欧的高调反对者——从法国总统马克龙，到英国前首相布莱尔，以及亿万富翁投资者乔治•索罗斯(GeorgeSoros)——都暗示，英国可能会改变主意，以避免对英国经济造成灾难性影响。
3
14 1 1 1 3
最近数月英镑的韧性令人影响深刻。
14 2 1 2 3
虽然英国国内政治动荡不安，脱欧谈判艰难，且增长疲弱，但英镑依然广泛持稳。
14 3 1 3 3
英国脱离欧盟后英国经济前景面临巨大的不确定性，但对于英镑前景有理由谨慎乐观。
1
20 7 5 1 1
他认为，市场目前仍在观望英国经济接下去的表现，因为双方会展开某些类型的贸易谈判，预计谈判结果得到真正落实会耗时很久，英镑对美元汇率将继续震荡前行。
1
23 1 1 1 1
英国“脱欧”谈判的欧洲联盟首席代表米歇尔·巴尼耶２９日警告欧盟企业，无论谈判结果如何，与“脱欧”后的英国做生意难免会有摩擦，而英国经济将损失更多。
2
27 12 6 1 2
11月28日，英国央行公布一份针对英国7家银行的金融稳定报告称，“无协议脱欧”很可能会打击英国经济增长，并导致英镑暴跌，但英国的银行届时能够应对难题。
27 13 6 2 2
英国央行行长卡尼称，英国最大几家银行都通过了银行系统压力测试，同时各方正在努力避免“无协议脱欧”。
1
30 9 7 1 1
因此英镑兑美元年底目标1.36-1.37有望达成，且明年料涨至1.40上方，因共识预期显示未来数年英国经济表现疲软，但该行认为共识预期过于悲观，英国经济增长料强于共识预期。
1
30 13 10 1 1
英国与欧盟就分手费达成初步协议的消息几未影响英国经济，但对于已将大量利空计价在内的英镑而言，二者谈判的破冰具有深远的政治影响。
3
42 24 12 1 3
产业战略是特雷莎·梅自2016年年中上任以来一直强调的施政纲领。
42 25 12 2 3
通过更为强势的政府干预，提高经济的效率和实现公平是这一战略的指导思想。
42 26 12 3 3
正如首相梅在战略文件中所说：“英国政府在必要的时候要以政府战略干预方式介入英国经济发展，确保经济的稳健和公平。”
1
45 4 3 1 1
ColumbiaThreadneedleInvestments副全球首席信息官MarkBurgess称，“昨晚的消息明显是个好消息，如果未来30-40年支付约400或者500亿欧元，换来一个好的贸易协议，那么英国经济前景将好于之前，但我仍认为脱欧将产生负面影响。”
2
47 3 2 1 2
欧盟谈判代表巴尼尔29号在受访时表示，有关分手费的谈判还在进行中。
47 4 2 2 2
而在英国方面，反对党议员强烈质疑分手费的支付，认为这证明，脱欧派在公投前欺骗了选民，在脱欧派的竞选活动中，他们向选民承诺的是每年可以省下多少钱，投入到国内的医疗和教育等公共领域，而不是在英国经济持续低迷的时期，向欧盟支付数百亿英镑的分手费。
3
61 11 1 11 21
对此，英国央行表示这样的压力测试的确是很艰难，但还未能体现最糟的情形。
61 12 1 12 21
事实上，英国硬脱欧伴随全球经济严重萧条，不当行为成本加大，都会导致银行资本缓冲大幅削减，拖累英国经济。
61 13 1 13 21
在这之后随即而来的是一年内反周期资本缓冲增加，为抵御宏观经济风险，资本充足率从0.5%的提高幅度将上调至1.0%。
2
67 5 2 1 2
MSD的投资价值高达10亿英镑，预计将创造950个就业机会。
67 6 2 2 2
英国政府表示，这一宣布是对脱欧后英国经济增长巨大的信心投票。
2
67 7 3 1 2
就在几天前，官方预测机构预算责任办公室宣布大幅下调英国经济增速和生产率预期。
67 8 3 2 2
政治党派和商业团体表示，创造更强劲经济增长和更高工资的解决方案是更多的投资。
1
74 1 1 1 1
参考消息网11月24日报道法媒称，英国经济面临脱欧冲击以及生产力低于预期这一状况之际，当局明显下调从2017年到2021年的增长预期。
2
76 4 4 1 2
除了将今年经济增速从2%调降到1.5%，OBR对未来几年英国的经济增长预测也要比今年3月时悲观得多。
76 5 4 2 2
该机构预测，到2020年，英国经济增速将继续回落到1.3%，2021年反弹到1.5%，相比之下，该机构今年3月的预测是，英国经济增速到2021年将达到2.1%。
2
76 6 5 1 2
OBR称，由于生产力增长放缓，未来5年英国经济增速将大幅放缓。
76 7 5 2 2
这样的预测也意味着，英国家庭可能面临薪酬水平增长前所未有的长时间停滞。
2
76 10 7 1 2
鉴于今年第三季度英国经济表现好于市场预期，如此幅度的预期下调多少令外界有些意外。
76 11 7 2 2
英国国家统计局的数据显示，得益于英国服务业和制造业的良好表现，今年第三季度英国经济增长0.4%，高于第二季度的0.3%。
2
76 10 7 1 2
鉴于今年第三季度英国经济表现好于市场预期，如此幅度的预期下调多少令外界有些意外。
76 11 7 2 2
英国国家统计局的数据显示，得益于英国服务业和制造业的良好表现，今年第三季度英国经济增长0.4%，高于第二季度的0.3%。
1
76 12 8 1 1
哈蒙德坚持称，英国经济“处于一个转折点”，他承诺预算案中的投资部分将有助于创造“一个充满新机遇的未来”。
1
76 23 15 1 1
另外，为了保证英国经济未来的竞争力，哈蒙德宣布将投入23亿英镑用于研发。
2
77 7 7 1 2
同日，独立的预算责任办公室（OBR）发布的增长前景更为悲观。
77 8 7 2 2
OBR大幅下调了此前增长预测，预计今年经济增长仅1.5%，明年增长率将下滑至1.4%，2019年为1.3%，这将是自2009年金融危机之后英国经济增长的最低水平。
2
78 1 1 1 2
此次预算案的核心是通过大规模政府开支，建立适应当前产业革命需要的英国经济，着眼脱欧之后的长期发展需要。
78 2 1 2 2
重点巩固英国的技术优势，建立专业人才储备，并提高总体劳动生产率。
3
78 3 2 1 3
日前，英国财政大臣哈蒙德公布了最新秋季预算。
78 4 2 2 3
此次预算不仅是英国新政府的首份预算，也是脱欧谈判关键时期的首份秋季预算。
78 5 2 3 3
因此，新政府如何应对脱欧之后英国经济的未来发展成为此次预算的核心主题。
3
78 6 3 1 3
哈蒙德表示，未来英国经济的发展充满了变数，既有机遇也有挑战。
78 7 3 2 3
变数来源之一就是脱欧谈判。
78 8 3 3 3
他表示，当前谈判处于关键期，英国致力与欧盟建立深入的特殊伙伴关系，但是也必须对所有可能的结果作好充分准备。
1
78 11 5 1 1
如果说，上述资金准备是应对脱欧不确定性冲击的短期计划，此次预算案的核心则是通过大规模政府开支，建立适应当前产业革命需要的英国经济，着眼脱欧之后的长期发展需要。
3
78 33 13 1 3
此次预算案虽然旨在改善英国经济的中长期增长动力，但是其短期经济风险仍是市场关注的焦点。
78 34 13 2 3
各方预计，2017年英国经济增速将下降至1.5%，而且这并非谷底。
78 35 13 3 3
即使得到英国政府新预算案的支持，英国预算责任办公室仍然预测2018年英国经济增速将下降至1.4%，2019年和2020年将进一步下探至1.3%。
3
78 33 13 1 3
此次预算案虽然旨在改善英国经济的中长期增长动力，但是其短期经济风险仍是市场关注的焦点。
78 34 13 2 3
各方预计，2017年英国经济增速将下降至1.5%，而且这并非谷底。
78 35 13 3 3
即使得到英国政府新预算案的支持，英国预算责任办公室仍然预测2018年英国经济增速将下降至1.4%，2019年和2020年将进一步下探至1.3%。
3
78 33 13 1 3
此次预算案虽然旨在改善英国经济的中长期增长动力，但是其短期经济风险仍是市场关注的焦点。
78 34 13 2 3
各方预计，2017年英国经济增速将下降至1.5%，而且这并非谷底。
78 35 13 3 3
即使得到英国政府新预算案的支持，英国预算责任办公室仍然预测2018年英国经济增速将下降至1.4%，2019年和2020年将进一步下探至1.3%。
3
81 4 4 1 3
除了将今年经济增速从2%调降到1.5%，OBR对未来几年英国的经济增长预测也要比今年3月时悲观得多。
81 5 4 2 3
该机构预测到2020年英国经济增速将继续回落到1.3%，2021年再升到1.5%。
81 6 4 3 3
今年3月，该机构曾预测2021年英国经济增速将达到2.1%。
3
81 4 4 1 3
除了将今年经济增速从2%调降到1.5%，OBR对未来几年英国的经济增长预测也要比今年3月时悲观得多。
81 5 4 2 3
该机构预测到2020年英国经济增速将继续回落到1.3%，2021年再升到1.5%。
81 6 4 3 3
今年3月，该机构曾预测2021年英国经济增速将达到2.1%。
2
81 7 5 1 2
OBR预测称，因为生产力增长放缓，未来5年英国经济增速都将大幅放缓。
81 8 5 2 2
这样的预测也意味着英国家庭可能面临前所未有的长时间薪酬水平增长停滞。
2
81 11 7 1 2
鉴于今年第三季度英国经济表现好于市场预期，这样幅度的下调多少令外界有些意外。
81 12 7 2 2
英国国家统计局的数据显示，得益于英国服务业和制造业的良好表现，今年第三季度英国经济增长0.4%，高于第二季度的0.3%。
2
81 11 7 1 2
鉴于今年第三季度英国经济表现好于市场预期，这样幅度的下调多少令外界有些意外。
81 12 7 2 2
英国国家统计局的数据显示，得益于英国服务业和制造业的良好表现，今年第三季度英国经济增长0.4%，高于第二季度的0.3%。
1
81 13 8 1 1
哈蒙德坚持称，英国经济“处于一个转折点”，他承诺预算案中的投资部分将有助于创造“一个充满新机遇的未来”。
3
91 16 6 2 5
任何一个想要把英国的商业资源吸引到自己境内的欧盟国家都会想尽办法拖延脱欧谈判。
91 17 6 3 5
脱欧进程越不确定，商界对英国经济的信心就越受挫，也越有可能离开英国转移至欧洲。
91 18 6 4 5
也正因如此，梅在11月10日就急着宣布，英国的脱欧日期将被法定为2019年3月29日23点正。
